  1  0  0.938300-10.585096-14.108510 -5.481931 -0.216772 -0.298723  0.442179   2
  1  1  0.938300 -6.766375  5.815094  0.713504 -0.052425  0.138806  0.429000   6
  1  1  0.938300  7.473091  9.491782-21.147013  0.041277  0.206766 -0.089211   1
  1  1  0.938300  4.762928-16.730888-13.063101  0.110587 -0.323111  0.234373   3
  1  1  0.938300  9.033853 11.132870 -5.777485  0.106470  0.278747  0.304199   4
  1  1  0.938300  3.849022-12.486425-23.959365  0.049761 -0.091296 -0.114624   1
  1  1  0.938300 -4.680424  4.345546-10.018421 -0.173158  0.096219  0.193378   3
  1  1  0.938300 14.039628 11.081578 -0.422002  0.247634  0.146187  0.470053   4
  1  1  0.938300 19.366387  3.208855 10.343797  0.516307 -0.024867  0.787029   4
  1  0  0.938300 13.294263  1.933212  6.072851  0.184712  0.015243  0.516252   6
  1  1  0.938300 -3.431540  3.440976-20.636902 -0.092529  0.029906 -0.165841   1
  1  1  0.938300 -8.344730 11.135515 -4.707700 -0.238560  0.215896  0.243099   3
  1  1  0.938300 -4.089706  2.188010-13.534805  0.006634  0.053031  0.191399   6
  1  1  0.938300  2.137154 -6.488147  6.332910 -0.091571 -0.230570  0.711612   6
  1  1  0.938300-11.315797 -9.170489 14.470842 -0.359513 -0.197801  0.962683   6
  1  1  0.938300  4.423266 10.996656-15.532258 -0.010344  0.192619  0.176479   1
  1  0  0.938300 -5.698067 16.180289 16.221236 -0.176454  0.273035  0.865021   3
  1  1  0.938300-20.794715  9.040928  3.305031 -0.404313  0.201942  0.565025   7
  1  1  0.938300 18.559591 -4.690168-11.476444  0.258329 -0.082906  0.206797   2
  1  1  0.938300-20.231771 -8.063641  9.218910 -0.493836 -0.225863  0.791497   6
  1  1  0.938300 21.764453 24.729458-16.738881  0.658211  0.652207  0.167860   2
  1  1  0.938300-12.168486 13.624337-14.216253 -0.172271  0.219194  0.080171   2
  1  1  0.938300 -2.878567 14.096878 -7.949772 -0.061959  0.275312  0.266845   3
  1  1  0.938300 23.513550 -4.422720  2.392567  0.666548 -0.082159  0.566728   2
  1  1  0.938300-18.335786 17.649821 -3.373504 -0.369785  0.585033  0.347178   5
  1  1  0.938300  9.170514 -1.420513-12.572031  0.179543  0.013329  0.135067   1
  1  1  0.938300 10.059229 12.773378 15.793876  0.193547  0.282279  0.739182   4
  1  1  0.938300 -4.598528 -4.184107-12.466122 -0.034126 -0.030485  0.069758   4
  1  0  0.938300 -8.071851  6.578118  2.483564 -0.084976  0.017166  0.561738   3
  1  1  0.938300  3.173840  3.326503 -6.893423  0.128630  0.022835  0.231235   3
  1  0  0.938300 -5.111531 -9.081492-15.318845 -0.159542 -0.287223 -0.054216   2
  1  1  0.938300  3.801927 -9.645965-16.857642  0.082823 -0.198936 -0.131473   3
  1  1  0.938300 10.384346 10.592167-10.205998  0.213436  0.234420  0.180515   4
  1  1  0.938300-14.416256  3.106961  8.887241 -0.184865  0.036794  0.718471   3
  1  1  0.938300 16.197719 -4.739168-15.639211  0.258416 -0.076239  0.073466   3
  1  1  0.938300  3.014671 -8.557350 -9.275439  0.058915 -0.114633  0.311214   1
  1  1  0.938300 11.043234  1.045789 -4.215828  0.303078 -0.073629  0.435812   3
  1  1  0.938300 -1.711365 20.131660 -9.991499 -0.038664  0.414395  0.188326   4
  1  1  0.938300 17.453990-12.023124-14.528491  0.302509 -0.304110  0.036473   3
  1  1  0.938300-18.430006 -5.415611 -9.349820 -0.388490 -0.196318  0.245854   7
  1  1  0.938300  0.914959  0.073037-10.485851  0.016479  0.015670  0.081238   1
  1  1  0.938300  2.573453 -1.561179-13.072336  0.195529 -0.081140  0.223273   3
  1  1  0.938300 -4.040167  6.525366-11.483475 -0.122381  0.159150  0.113585   4
  1  1  0.938300  6.318873 -4.918266-20.627591  0.008321 -0.116642  0.030189   1
  1  1  0.938300 19.143601 21.185465 -8.389473  0.384258  0.386689  0.330793   3
  1  1  0.938300  3.760815 10.927353-19.108785  0.110119  0.198915 -0.020761   1
  1  1  0.938300  5.767187 -5.098094 -0.933951  0.056149 -0.096267  0.491738   3
  1  1  0.938300 -4.185130  1.578786  7.049471 -0.025224 -0.067653  0.642359   2
  1  1  0.938300 10.360806 -7.370683-14.645248  0.056985 -0.143394  0.067268   3
  1  1  0.938300-20.399591  2.924875 -4.040401 -0.413074  0.040958  0.433402   3
  1  1  0.938300  4.923567  9.826817-15.314029  0.056662  0.159571  0.169852   1
  1  1  0.938300  0.052016  5.686957 -9.426548 -0.061733  0.016738  0.115860   3
  1  1  0.938300-14.405676-10.791437-23.323508 -0.295791 -0.182835 -0.162159   3
  1  0  0.938300 14.067826  6.254023 -9.818122  0.252542  0.037956  0.160519   7
  1  1  0.938300  2.467680 11.242770-13.125457 -0.048959  0.200094  0.120380   1
  1  1  0.938300 -2.157996 -0.375159-20.756530  0.026102 -0.031650 -0.047034   1
  1  1  0.938300-13.684064-13.828823  3.426834 -0.337295 -0.206629  0.494521   4
  1  1  0.938300  7.353227 -4.563847-12.077644  0.000682  0.017789  0.207189   2
  1  1  0.938300 19.003175-10.133735 15.745839  0.579507 -0.268565  1.133539   3
  1  1  0.938300  4.516823  6.086025  4.736402  0.093254  0.069452  0.474056   2
  1  1  0.938300 -0.994855 11.724090-11.594577 -0.008283  0.136498  0.179669   1
  1  1  0.938300 -0.405580  0.633345 12.541394 -0.036899 -0.087561  0.735515   6
  1  1  0.938300-16.298830 -4.304152 -9.591992 -0.376520 -0.071437  0.234020   2
  1  1  0.938300-13.896941 -3.780202 -2.669515 -0.260164 -0.102223  0.451022   5
  1  1  0.938300  7.769476 -1.165774-18.435821  0.021548 -0.049758  0.061440   2
  1  1  0.938300  7.571692  7.948922-15.245376  0.091826  0.163949  0.141900   1
  1  1  0.938300  5.992898 -8.756449  9.219178  0.129921 -0.157734  0.786222   8
  1  1  0.938300  3.191541  4.392859 10.701621 -0.013355  0.060413  0.607427   2
  1  1  0.938300 11.594206 -8.697757 11.366519  0.249891 -0.231266  0.733070   7
  1  1  0.938300 11.928947 -5.742561-10.971303  0.142667 -0.151028  0.264584   2
  1  1  0.938300 -7.879467 -4.104358-22.897069 -0.196246  0.032897 -0.055844   1
  1  1  0.938300-13.145140 10.746053 -8.605134 -0.133404  0.143169  0.261976   2
  1  1  0.938300  0.628662  0.593529-13.581714  0.071105 -0.061577  0.116484   1
  1  1  0.938300 -7.935054  8.426172-15.702037 -0.078906  0.039799  0.189927   1
  1  1  0.938300 15.147628-12.565255 -6.951652  0.305361 -0.356697  0.330954   6
  1  1  0.938300  4.242133 -6.877788-13.284982  0.158952 -0.082155  0.090513   1
  1  1  0.938300-19.185156 -2.419794 -2.683636 -0.400007 -0.049199  0.269713   2
  1  1  0.938300 -6.267323 19.047476 -3.499544 -0.047429  0.388833  0.456018   5
  1  1  0.938300  7.060312  9.489527 -8.400984  0.029852  0.155198  0.246135   3
  1  0  0.938300 11.647611-17.301874  7.274812  0.201036 -0.323998  0.594069   4
  1  0  0.938300  1.901729 -2.339348-11.249219 -0.028300  0.071005  0.189832   1
  1  0  0.938300-14.209587  0.408922-23.185838 -0.548357 -0.004416 -0.148741   2
  1  0  0.938300-14.244050  1.276725  9.125366 -0.231712  0.053284  0.607780   3
  1  0  0.938300  6.424632-16.630609-11.917158  0.085080 -0.218781  0.111744   3
  1  0  0.938300 -3.187687-16.944233-14.168537  0.065972 -0.283496  0.087717   2
  1  0  0.938300 -0.511430 -6.938377-15.730311  0.052813 -0.112908  0.068796   1
  1  0  0.938300 -5.099162 -0.660112  4.418010 -0.180985 -0.020927  0.539817   5
  1  0  0.938300-15.418744  0.078651  0.919860 -0.174113 -0.021684  0.551192   3
  1  0  0.938300 -1.767325 -1.258726-13.386156  0.054145  0.018512  0.024225   2
  1  0  0.938300-12.475030 -5.159756  1.424850 -0.253174 -0.059973  0.436378   2
  1  0  0.938300  1.497267-13.398096-11.092465 -0.081975 -0.164090  0.256291   1
  1  0  0.938300  7.760062 -8.178687  0.982060  0.123490 -0.165629  0.437946   5
  1  0  0.938300 -7.157689 -4.045507 -1.880479 -0.042791 -0.033535  0.381862   3
  1  0  0.938300 -7.551404  1.871274-12.543238 -0.031916 -0.003151  0.134013   5
  1  0  0.938300-16.930844  2.218995-18.008459 -0.428497 -0.079089  0.028791   6
  1  0  0.938300  7.143940  0.916007-15.066550  0.131559 -0.033312  0.126340   1
  1  0  0.938300 -3.060617-19.024843 11.788874 -0.058693 -0.362840  0.912831   4
  1  0  0.938300  9.985953 -1.053051-15.412352  0.221565  0.042651  0.182799   2
  1  0  0.938300 21.702100  2.987444  0.672381  0.534856  0.229991  0.536526   5
  1  0  0.938300 15.964788 -1.865428  4.708957  0.214023  0.080705  0.561508   5
  1  0  0.938300 -1.350605 -5.011557 -6.176970 -0.149063 -0.042665  0.373027   1
  1  0  0.938300 -6.479497-10.115318  0.230028 -0.093383 -0.162261  0.486204   4
  1  0  0.938300-12.088110 15.956923  7.820749 -0.320947  0.189156  0.679054   5
  1  0  0.938300 -4.597675  0.468930 -0.188057 -0.136166  0.009385  0.360192   5
  1  1  0.938300 -5.954957 -2.550842-17.378980 -0.143114 -0.054969  0.095310   7
  1  0  0.938300  6.359976  0.704402-14.864252 -0.021078  0.074948  0.047149   1
  1  0  0.938300 16.402740 -3.828105-10.347497  0.363857 -0.054497  0.188799   3
  1  0  0.938300  9.135273 -3.770958 -8.154023  0.031090  0.063750  0.168213   6
  1  0  0.938300  5.694499  1.868114-25.210464  0.197508  0.000260 -0.070671   2
  1  0  0.938300  4.295874 27.658049-15.016995  0.182894  0.587833  0.111182   2
  1  0  0.938300  3.478791-11.776491-23.490614  0.150030 -0.114256 -0.054707   1
  1  0  0.938300 -8.035343 -2.268782 -4.582907 -0.011905 -0.060942  0.349171   5
  1  0  0.938300-13.750869-17.492453  7.629045 -0.192604 -0.417057  0.717131   3
  1  0  0.938300  3.607580 -1.442647-13.474146  0.035493  0.082292  0.141265   1
  1  0  0.938300-22.158695 12.043552  7.124408 -0.429926  0.145841  0.658295   2
  1  0  0.938300  4.180719  0.633184 -9.159198  0.129514 -0.042853  0.185877   1
  1  0  0.938300-17.060628 -1.655803  7.743961 -0.409287  0.114519  0.663081   6
  1  0  0.938300 -6.190225 12.392546  1.938403 -0.051226  0.315142  0.480192   3
  1  0  0.938300 -3.486912 -9.119173-21.371464 -0.004726 -0.216338 -0.036588   1
  1  0  0.938300  9.269172 -0.365961-14.829885  0.068685 -0.037018  0.182559   3
  1  0  0.938300  6.476555 -1.314127-15.245316  0.013069  0.096414  0.086121   1
  1  0  0.938300  7.386297 -9.812947 11.422827  0.023337 -0.135428  0.700465   2
  1  0  0.938300 17.098324 -4.752630  1.648041  0.435449 -0.069134  0.409275   3
  1  0  0.938300-11.478106 -7.055617 -6.107690 -0.103445 -0.256711  0.277998   4
  1  0  0.938300 12.650554-10.780804-11.508757  0.284448 -0.131506  0.143984   3
  1  0  0.938300-14.917142  1.665647-18.771995 -0.214522 -0.034321  0.092759   1
  1  0  0.938300 -2.247981  4.101077-12.259200  0.021787  0.089672  0.076411   1
  1  0  0.938300 -6.558885 21.309738-11.395330 -0.078350  0.428183  0.136614   5
  1  0  0.938300-12.566227 10.299985-13.941767 -0.224915  0.239567  0.156285   4
  1  0  0.938300 -2.509498 20.735506 -9.750217 -0.129803  0.421485  0.272894   4
  1  1  0.938300  9.673700-21.953021  2.554587  0.201640 -0.501673  0.498848   2
  1  0  0.938300-21.574185 -7.455602 -6.934731 -0.446144 -0.155557  0.228381   4
  1  0  0.938300 -8.008089 -1.908013-23.761773 -0.145209 -0.042516 -0.009674   5
  1  0  0.938300 -4.758283  9.496479-20.724420 -0.093731  0.091959 -0.129915   2
  1  0  0.938300 15.697773-10.365227-11.017327  0.225127 -0.322161  0.185573   3
  1  0  0.938300 -8.778897 -4.839417-19.241745 -0.092737  0.025757 -0.017087   1
  1  0  0.938300  3.326268 -6.800740 14.655530  0.126289 -0.155378  0.706574   5
  1  0  0.938300 -5.871718  6.099406-20.924069 -0.145866  0.036272 -0.155100   1
  1  0  0.938300-17.169830-21.012257 -6.396006 -0.411864 -0.309940  0.290747   4
  1  0  0.938300-18.080175-12.574644 14.542985 -0.320123 -0.212608  0.859416   3
  1  0  0.938300 13.645253  6.767542-23.855914  0.204998  0.126273 -0.135993   1
  1  0  0.938300 -4.767418 -1.940655 14.983502 -0.199384 -0.188737  0.842211   2
  1  0  0.938300 -9.537289  8.776593-14.948400 -0.335843  0.166999  0.043236   3
  1  0  0.938300-17.381407  1.065225  1.895189 -0.279459 -0.011994  0.412637   2
  1  0  0.938300 -4.973514-20.179816  8.535698 -0.104879 -0.305821  0.583790   2
  1  0  0.938300 -2.149704  2.429864-13.894002  0.093912  0.041746  0.040876   1
  1  0  0.938300 -4.510071  4.954173 -9.571865 -0.031835  0.070515  0.203962   6
  1  0  0.938300 13.246487 -4.514601 15.967763  0.112859 -0.013959  0.734837   4
  1  0  0.938300  4.669419  4.058026 -9.356652  0.078736  0.163506  0.139255   2
  1  0  0.938300 13.971766 -0.647448 -9.274037  0.197884 -0.168337  0.230986   5
  1  0  0.938300 -1.943722  2.778664-12.234123 -0.053571  0.080304  0.005293   1
  1  0  0.938300 -1.248991 10.161820-19.022667 -0.049481  0.108073  0.057031   1
  1  0  0.938300 19.608816-11.354322  3.080803  0.631518 -0.221522  0.590272   2
  1  0  0.938300 -4.120062-18.405970  9.775488 -0.040088 -0.426200  0.778973   3
  1  0  0.938300-12.110974 17.746575  7.075620 -0.159642  0.359241  0.502236   2
  1  0  0.938300  7.685189 -6.752135-13.120779  0.150563 -0.033614  0.021058   1
  1  0  0.938300 -0.982538  6.506932-24.590290  0.041681  0.152256 -0.172263   1
  1  0  0.938300 -5.988783 13.511389 -7.720531 -0.285695  0.228581  0.338479   4
  1  0  0.938300 -8.471495 -3.508570 -9.052371 -0.169414 -0.061303  0.392300   1
  1  0  0.938300  4.546622 -0.067919  6.923041  0.008384 -0.098235  0.639807   2
  1  0  0.938300  1.981185 -2.395929-17.379142 -0.002506  0.016766  0.120193   1
  1  0  0.938300-16.366586 -6.877998  4.178359 -0.225140 -0.022361  0.563838   2
  1  0  0.938300-18.224389 -8.868461-12.094835 -0.307059 -0.189352  0.161155   4
  1  0  0.938300 13.029205 -3.319358 -8.779760  0.321892  0.056882  0.234431   5
  1  0  0.938300  9.025644 17.769035 -5.613898  0.099271  0.188717  0.297111   2
  1  0  0.938300 13.098384 -0.328527-16.631637  0.181567  0.016491  0.008902   1
  1  0  0.938300-12.600513 -0.432243 -0.138649 -0.294812  0.001501  0.548073   3
  1  0  0.938300 -8.152506  4.008390 -0.226094 -0.166717  0.126851  0.343594   3
  1  0  0.938300 14.044268  8.235609  6.445854  0.253131  0.231583  0.597373   2
  1  0  0.938300  9.515601 23.872931 -9.718629  0.161526  0.497864  0.202427   3
  1  0  0.938300 -9.157037 -2.920779-21.411689 -0.206402  0.021596  0.058959   1
  1  0  0.938300 -1.972958-19.345171 12.948127  0.092101 -0.362341  0.776166   3
  1  0  0.938300 -4.888764 -9.812386 -9.552602 -0.085845 -0.191586  0.169477   5
  1  0  0.938300  6.146561 -0.595111-13.288562  0.338882 -0.106201  0.003757   2
  1  0  0.938300-18.919465  4.799774-12.628675 -0.479989  0.074850  0.125970   6
  1  0  0.938300  1.459959-11.224808-11.255162 -0.018477 -0.178588  0.310838   1
  1  0  0.938300 13.607006-17.976373 -7.477895  0.315635 -0.376230  0.342763   3
  1  0  0.938300-11.837464  0.168803 15.988995 -0.357238 -0.036543  0.883318   7
  1  0  0.938300-20.229583-13.385668 -2.277468 -0.462660 -0.393665  0.447611   2
  1  0  0.938300 16.699915  6.099103 -1.662560  0.214417  0.163171  0.409716   4
  1  0  0.938300 10.793887 -8.542971-12.131641  0.088125 -0.112354  0.222969   1
  1  0  0.938300  4.646357 -6.431213-18.871802  0.071266 -0.079113  0.104994   1
  1  0  0.938300 -1.391104  9.940658  3.780409  0.054386  0.166414  0.572311   4
  1  0  0.938300-15.880889  2.090852 15.126848 -0.265738 -0.028819  0.862641   5
  1  0  0.938300 -1.084254 19.619375 -2.626211  0.016499  0.330842  0.394818   3
  1  0  0.938300  3.647481 -7.068111-15.409451 -0.068481 -0.163341  0.116828   1
  1  0  0.938300  3.816327 -4.898820-12.697007  0.090096 -0.002206  0.179249   1
  1  0  0.938300-10.477740  8.500149-11.148391 -0.091390  0.216919  0.288543   2
  1  0  0.938300  0.174817 -1.697933-24.421624 -0.085970  0.038138 -0.098131   1
  1  0  0.938300  6.802372 -4.082345 -1.632237  0.257836 -0.262100  0.443125   2
  1  0  0.938300 10.898945  5.878131-15.769582  0.207425  0.053920  0.112310   1
  1  0  0.938300 -7.723578-13.806876-18.769832 -0.044830 -0.219984 -0.025880   2
  1  0  0.938300 -3.802458  9.894177-11.307062 -0.045148  0.262907  0.103227   6
  1  0  0.938300-17.451562 13.949629 -4.608781 -0.267023  0.170726  0.376287   2
  1  0  0.938300 10.909662-12.703550 12.879451  0.183619 -0.243329  0.756630   7
  1  0  0.938300 -5.684668 -8.253229-18.872299 -0.013551 -0.045628  0.035725   1
  1  0  0.938300-15.276828-24.286459 14.753306 -0.291763 -0.662791  1.037382   6
  1  1  0.938300 -2.292003 -0.474679 12.192902 -0.089839 -0.005221  0.827083  -1
  1  1  0.938300  3.795985 -7.580395 17.263039  0.119394 -0.101978  0.849379  -1
  1  1  0.938300  9.036938 -9.541132 18.222832  0.055813 -0.109587  0.868795  -2
  1  1  0.938300 -1.664230  0.439054  8.794854 -0.087791  0.102430  0.642331  -1
  1  1  0.938300  3.452512  0.817889 -8.307995  0.014010 -0.015625  0.186746  -2
  1  1  0.938300-14.231857 18.891374 11.694656 -0.297961  0.313684  0.705630  -2
  1  1  0.938300 11.626517  1.857368-24.880699  0.175800 -0.042040 -0.119021  -5
  1  1  0.938300-18.233800 -0.931540-19.664731 -0.366025 -0.105238  0.091863  -2
  1  1  0.938300 -1.673256 -8.719856 25.694736  0.037649 -0.153027  1.177294  -1
  1  1  0.938300  0.393253  9.035685-19.088854  0.096862  0.142651  0.024975  -4
  1  1  0.938300 26.679110 12.790616  1.849203  0.482545  0.279009  0.587813  -2
  1  1  0.938300-17.518384 -7.497530 -2.508763 -0.280297 -0.113081  0.489256  -2
  1  0  0.938300  2.926390-13.231047-10.877463  0.138644 -0.143172  0.300258  -3
  1  1  0.938300 -1.894329-15.857355 23.036780 -0.042856 -0.203214  1.131012  -1
  1  1  0.938300  6.791742-13.037977 17.202999  0.119283 -0.360309  0.979967  -4
  1  1  0.938300-11.535175  8.796022 16.163223 -0.180468  0.083527  0.853586  -1
  1  1  0.938300-19.256985 25.506260  7.890539 -0.393794  0.580337  0.716417  -3
  1  1  0.938300  1.442331 -6.209283  8.050970  0.042668 -0.223068  0.695481  -2
  1  1  0.938300  2.915467 -9.485083 23.339267  0.087486 -0.111963  1.131910  -1
  1  1  0.938300  6.421840 -5.563235  6.356735  0.132426 -0.120646  0.546256  -2
  1  1  0.938300  2.514693 -8.641448 16.341085  0.117221 -0.274081  0.758529  -3
  1  1  0.938300 -4.078469 22.052130 13.388202  0.005373  0.507629  0.902664  -5
  1  1  0.938300 22.738096  2.736224-12.569489  0.573447  0.106769  0.273434  -2
  1  1  0.938300 -1.757386-12.076726 20.448486  0.039536 -0.138435  0.983516  -1
  1  1  0.938300 -6.441274 22.436581 19.457177 -0.123048  0.459766  1.151535  -4
  1  1  0.938300 13.514052  6.462294  7.520864  0.101357  0.078045  0.607610  -2
  1  1  0.938300  2.231614 -4.365648  9.704416  0.072314 -0.000773  0.566071  -5
  1  1  0.938300-17.436360-21.871565 11.414370 -0.364724 -0.370621  0.831816  -2
  1  1  0.938300  7.280907  1.069181 16.962292  0.132179 -0.043989  0.849627  -1
  1  1  0.938300 10.597705 19.054982 -9.897157  0.265931  0.308161  0.168109  -2
  1  0  0.938300 11.980786 -3.130458 16.957742  0.101426  0.098956  0.887800  -1
  1  1  0.938300  1.667762 13.901953 -4.634913  0.158190  0.347734  0.371318  -3
  1  1  0.938300 13.247476  3.373626  5.251864  0.157091  0.162150  0.561167  -3
  1  1  0.938300 -6.420085 -2.881202 17.317996 -0.162388 -0.067345  1.121812  -1
  1  0  0.938300 11.794773  6.238723 -1.992722  0.291025  0.161080  0.491583  -2
  1  1  0.938300 -3.266820-10.537117 14.087247  0.002711 -0.139669  0.870063  -1
  1  1  0.938300  8.708852 20.406886  2.588701  0.393661  0.775756  0.743341  -7
  1  1  0.938300  0.929792 -0.682130 17.280836  0.083512 -0.065723  0.938445  -1
  1  1  0.938300 -7.773416 -7.762465 15.930964 -0.128334 -0.089259  0.693245  -1
  1  1  0.938300-11.784610-15.092557  8.108191 -0.295356 -0.277313  0.670398  -2
  1  0  0.938300 -4.686246-11.406248-16.532817 -0.136517 -0.268820  0.030761  -5
  1  1  0.938300 -3.242486-16.770136  4.950964 -0.072669 -0.383963  0.437586  -3
  1  1  0.938300  5.478293 -6.346379-12.654370  0.082656 -0.223811  0.125406  -2
  1  1  0.938300  7.251593  7.964300 17.251510  0.108722  0.126588  0.923808  -1
  1  1  0.938300 -1.568506 15.701113 17.097220 -0.068446  0.156755  0.874772  -2
  1  1  0.938300-18.360423-12.254037-19.462481 -0.303544 -0.290027 -0.037731  -4
  1  1  0.938300 10.754786 16.570755-16.560025  0.309261  0.318697  0.036386  -6
  1  1  0.938300-14.058282 12.736384-21.802470 -0.506683  0.185693 -0.085981  -6
  1  1  0.938300  2.109942 12.738731 16.413354  0.137112  0.132836  0.803451  -1
  1  1  0.938300-12.476590 17.107070  8.428153 -0.245246  0.296616  0.702585  -4
  1  1  0.938300 20.519665 10.918397  0.590816  0.433856  0.187291  0.518969  -4
  1  1  0.938300 -0.413003 11.893875 -0.608796 -0.016730  0.228410  0.376929  -3
  1  1  0.938300 -4.134688-11.440322  3.918008 -0.020964 -0.230279  0.564110  -4
  1  1  0.938300 -7.113722  2.798166 11.327796  0.027626  0.003801  0.601187  -1
  1  1  0.938300  2.115095  3.653583 12.886184  0.107574  0.020163  0.603783  -4
  1  1  0.938300  2.702774 -8.048586 15.336802  0.089076 -0.162555  0.994584  -1
  1  1  0.938300  1.994568  6.875940 17.414139  0.024037  0.097892  0.745773  -1
  1  1  0.938300 -4.185637 -8.725556 -0.622394 -0.021991 -0.183112  0.468965 -10
  1  1  0.938300-14.995847-16.196571  9.238719 -0.251178 -0.318641  0.715322  -2
  1  1  0.938300  1.304223  4.954884 11.628305  0.076077  0.107334  0.626787  -4
  1  1  0.938300  0.474145-17.868986 19.437050  0.024225 -0.307728  0.964434  -2
  1  1  0.938300 -8.946233 13.727519 14.806713 -0.046008  0.201278  0.829894  -2
  1  1  0.938300  4.599682 -3.292285-16.489366  0.134378  0.004062  0.106081  -2
  1  1  0.938300 -0.036851  9.846131 13.327523  0.014560  0.025681  0.773747  -1
  1  1  0.938300  6.740407  0.975921 15.596682  0.160736  0.002826  1.100290  -1
  1  1  0.938300 -5.034013 22.009458  6.525981 -0.173021  0.455869  0.648178  -4
  1  1  0.938300-13.133443  0.499374-10.604958 -0.333749 -0.124896  0.043481  -5
  1  1  0.938300  3.271036 -5.681790 13.529977  0.039225  0.031050  0.772062  -1
  1  1  0.938300  3.031833 -4.818073 17.001539  0.088561  0.045945  0.988957  -1
  1  1  0.938300 25.905997 19.414438-11.698953  0.697396  0.473718  0.212070  -4
  1  1  0.938300 -5.699125 -4.311731 14.174380 -0.122186 -0.010825  0.789309  -1
  1  1  0.938300 -9.956172  1.494823 18.548624 -0.044502 -0.047400  0.872824  -1
  1  1  0.938300 -5.912581  9.964728 -4.095298 -0.164043  0.217117  0.327711  -4
  1  1  0.938300  1.365516  5.902705  7.720740  0.029590  0.034661  0.556781  -1
  1  1  0.938300  2.987138 -6.099342 -1.684566  0.135031 -0.111230  0.331270  -2
  1  1  0.938300  5.822146 19.914149-10.758091  0.281709  0.366466  0.126055  -6
  1  0  0.938300 18.090573  2.745019 -5.589132  0.310003  0.151283  0.255996  -4
  1  1  0.938300-12.922260 13.054601-15.171182 -0.365099  0.227787  0.068891  -2
  1  1  0.938300  2.493457 12.330240 17.361743  0.092630  0.155840  0.753829  -1
  1  0  0.938300  0.693309 -5.610986 22.716763 -0.060950 -0.032282  0.883143  -1
  1  0  0.938300-16.317142-13.846931 -1.208019 -0.347709 -0.277743  0.439784  -4
  1  0  0.938300 -3.839340  0.809220 16.099923 -0.176074  0.026060  0.871995  -1
  1  0  0.938300 25.112945  7.381701  1.721854  0.461690  0.098270  0.532121  -3
  1  0  0.938300 -5.941415 -6.292511 20.402639 -0.132631  0.041369  0.962932  -1
  1  0  0.938300 -2.245112  2.668126 17.880426 -0.021351 -0.033224  0.991677  -1
  1  0  0.938300 10.126780 12.046416 15.741667  0.110134  0.183469  0.889583  -2
  1  0  0.938300 -0.344369 -6.059908-17.968834 -0.014241 -0.141347  0.085230  -3
  1  0  0.938300 13.500771  5.837853 10.802092  0.212383  0.034245  0.711693  -8
  1  0  0.938300  1.097553  2.843510 13.937489  0.058670  0.001852  0.970331  -1
  1  0  0.938300 -9.963527 -0.079279 18.072696 -0.253451  0.052636  0.743272  -4
  1  0  0.938300  3.710454 -9.850978 18.014622  0.187556 -0.060249  1.061491  -2
  1  0  0.938300 12.284428 17.337131-14.145363  0.146721  0.308779  0.180828  -3
  1  0  0.938300 10.252441-12.499601 19.551335  0.092466 -0.179028  0.938306  -4
  1  0  0.938300 -4.429610  1.912036 26.334441 -0.047643  0.088751  1.092800  -1
  1  0  0.938300 10.433636-16.440590  6.198348  0.142240 -0.311432  0.601221  -2
  1  1  0.938300 17.962923  2.458210-11.548994  0.319321  0.069162  0.187222  -5
  1  0  0.938300  2.002989 -4.894989 13.234951  0.024944 -0.151589  0.934453  -1
  1  0  0.938300-21.706539 -7.782135  2.186750 -0.394225 -0.238945  0.603199  -2
  1  0  0.938300 -1.760040 11.214335 23.755654  0.016012  0.179804  0.961661  -1
  1  0  0.938300 -2.588190 -8.972264  4.639033  0.033710 -0.133319  0.532845  -2
  1  0  0.938300  9.300017 -7.042642-20.494306  0.108498 -0.093356  0.107069  -2
  1  0  0.938300 12.233935-10.833075-14.043758  0.200634 -0.165831  0.070913  -3
  1  0  0.938300 -6.167214  4.528259 -3.012447 -0.112754  0.041241  0.437933  -9
  1  0  0.938300 -2.934492 -9.815467 23.870413 -0.060811 -0.231129  0.937473  -1
  1  0  0.938300 -5.852627 -8.775075 20.009157  0.050042 -0.135709  0.942282  -1
  1  0  0.938300  2.706035  2.098421 -0.612800 -0.101662  0.029053  0.469006  -3
  1  1  0.938300 -1.697868 20.537720-16.642762  0.128116  0.518051  0.091625  -2
  1  1  0.938300 -4.064958 11.122404  3.056160 -0.086781  0.349829  0.625082  -7
  1  0  0.938300 -0.981406  0.016957 13.393885 -0.031088  0.102896  0.619867  -1
  1  0  0.938300 14.729733 14.956986  9.288588  0.225562  0.284021  0.724791  -5
  1  1  0.938300  1.795820 17.766330-16.120217  0.192700  0.378071  0.205178  -5
  1  0  0.938300 21.724098  0.230970  3.517109  0.398902  0.124877  0.568940  -2
  1  0  0.938300 12.865120  1.458845 14.738737  0.313301  0.183262  1.006245  -3
  1  0  0.938300 -6.184947 -7.275461 17.615799 -0.046412 -0.138370  1.003158  -1
  1  0  0.938300 -7.458546 27.425723 -3.731007 -0.154689  0.695272  0.434864  -6
  1  0  0.938300 -7.799654 -7.315812 19.788082 -0.140211 -0.068072  0.977315  -1
  1  0  0.938300 10.379777  4.868258  7.371380  0.188015  0.077553  0.577223  -3
  1  0  0.938300-11.453049 -2.468202 17.697801 -0.164693 -0.083828  0.987614  -6
  1  0  0.938300 -0.630055 -4.131507 18.021387  0.078289 -0.043567  0.891546  -1
  1  0  0.938300-20.267042  0.454307  2.172247 -0.250676  0.031666  0.492441  -2
  1  0  0.938300-23.252358 -8.287914-12.888535 -0.467557 -0.070374  0.181392  -5
  1  0  0.938300  6.669497  5.574995 12.852363  0.028151  0.245730  0.768369  -5
  1  0  0.938300 -2.841632 -7.433826  7.270786 -0.027270  0.036995  0.601087  -2
  1  0  0.938300 -8.608710  6.060513 14.540070 -0.205276  0.094841  0.851550  -1
  1  0  0.938300 -5.302179  2.916513 -1.738657 -0.146356  0.008703  0.413489  -2
  1  0  0.938300-11.804307-11.809145  9.415438 -0.176511 -0.149704  0.583193  -3
  1  0  0.938300  7.217332 15.428266 19.212953  0.060591  0.317215  0.969150  -2
  1  0  0.938300 -2.159188-24.171299  3.754915 -0.108191 -0.414042  0.562626  -3
  1  0  0.938300 -0.424231  9.774825 17.758701  0.109496  0.269144  0.915541  -1
  1  1  0.938300  4.796197 -1.882078 -6.698142  0.055923  0.015446  0.289451  -3
  1  0  0.938300  4.042421  8.060251 19.142528 -0.000587  0.004742  0.924255  -1
  1  0  0.938300 -7.430655-32.775191  3.919291 -0.186340 -0.655252  0.612209  -4
  1  0  0.938300 -3.020460  0.773270 -7.537073  0.005265  0.001856  0.240876  -4
  1  0  0.938300  8.237306  0.218873  7.708959  0.053434  0.012790  0.613339  -1
  1  0  0.938300-14.221079 -1.631934  8.111833 -0.111494  0.017025  0.599551  -2
  1  0  0.938300-19.865188  2.447035  7.322994 -0.399653 -0.054283  0.668803  -3
  1  0  0.938300 -0.655340 -4.035432 18.215608 -0.121748  0.042700  0.822437  -1
  1  0  0.938300-12.120061 -2.194588 10.363755 -0.159557 -0.142684  0.774837  -2
  1  0  0.938300  5.480358  8.833812 11.717215  0.150384  0.055055  0.795912  -1
  1  0  0.938300  7.324536-10.209728  5.722678  0.247134 -0.162005  0.703320  -2
  1  0  0.938300  7.900858 16.795897 -6.337512  0.138859  0.420798  0.363281  -6
  1  0  0.938300  2.088769-14.547827  9.687936  0.032935 -0.277923  0.861179  -2
  1  0  0.938300 -1.979071  0.518492 -5.397478  0.079754 -0.062327  0.344250  -3
  1  0  0.938300  5.795574 -2.193849 17.789942  0.146467 -0.064089  1.131041  -1
  1  0  0.938300  8.613281 10.240570 -1.222152  0.137845  0.223817  0.457085  -3
  1  0  0.938300-12.093499-11.584904  5.208028 -0.213767 -0.121395  0.586059  -2
  1  1  0.938300 24.525256 19.918942  4.958064  0.526897  0.519072  0.696221  -5
  1  0  0.938300  4.324989-19.593906 -2.162164  0.091498 -0.495716  0.430569  -4
  1  0  0.938300-13.382210  3.905709 21.539912 -0.186390  0.047959  0.965534  -1
  1  0  0.938300  4.103185  5.066989-13.373583 -0.012399 -0.048502  0.034051  -4
  1  0  0.938300  6.481363-11.663895 21.183114  0.001919 -0.130026  1.142209  -1
  1  0  0.938300  4.134080 -4.563114  0.246976  0.242685 -0.117959  0.430202  -6
  1  0  0.938300  5.560434  1.915891 18.899685 -0.009718 -0.065437  0.922028  -1
  1  0  0.938300 -2.719185 -0.159255 28.531922 -0.099722  0.009295  1.112215  -1
  1  0  0.938300 -0.907847 -9.403324 23.305586 -0.029691 -0.095219  0.991838  -1
  1  0  0.938300  2.922048 -4.826441 12.204984 -0.044693  0.001704  0.867377  -3
  1  0  0.938300-14.469404 -4.818377 -3.249204 -0.218704 -0.226221  0.423463  -6
  1  0  0.938300 -0.317572  6.912856-11.474703  0.001381 -0.068781  0.238602  -2
  1  0  0.938300 11.176339  7.877611 21.468049  0.204305  0.117820  0.948719  -1
  1  0  0.938300 -4.318675 -6.449437 19.656086 -0.049029  0.053009  0.937629  -1
  1  1  0.938300 13.061770-12.347348 -6.649594  0.366630 -0.236153  0.370847  -4
  1  0  0.938300 14.849046 10.915646-14.517374  0.260047  0.249074  0.067728  -4
  1  0  0.938300 -8.593271 -7.424501 18.581689 -0.085837 -0.122746  0.942920  -1
  1  0  0.938300  8.135434 -3.221094 21.922088  0.170464 -0.102938  1.057407  -1
  1  0  0.938300  9.907755 11.911752-11.092543  0.216762  0.115068  0.114336  -3
  1  0  0.938300 11.894567  3.666535  8.843048  0.229666  0.004588  0.545537  -2
  1  0  0.938300  8.666440 -0.189771 11.773102  0.005001  0.076360  0.681040  -2
  1  0  0.938300-17.226264  3.449309-16.281934 -0.244555  0.062764  0.025831  -2
  1  0  0.938300 -9.434117  6.210070 19.681199 -0.126002 -0.009178  1.031661  -1
  1  0  0.938300 11.621223  7.970232-15.365378  0.156664  0.077115  0.211522  -2
  1  0  0.938300-10.812586  3.292071 12.537454 -0.211517  0.097372  1.049565  -2
  1  0  0.938300 -4.866962  1.208355  4.982582 -0.079353 -0.106075  0.518558  -6
  1  0  0.938300  0.313730  9.136558 -9.434642  0.147345  0.167626  0.109034 -11
  1  0  0.938300  0.846586  5.871179 18.292918  0.117587  0.051044  0.773698  -1
  1  0  0.938300 13.966092 -5.572081  4.605376  0.172365 -0.264401  0.605721  -6
  1  1  0.938300 -2.845108 -9.935901 -0.675820  0.059100 -0.192046  0.446385  -5
  1  0  0.938300 16.300833-12.757413  7.302796  0.379292 -0.286192  0.687854  -6
  1  0  0.938300 15.632114-11.227021 22.570854  0.321432 -0.202160  1.091149  -2
  1  0  0.938300-19.988166-10.185823 -2.900397 -0.306025 -0.159924  0.336686  -2
  1  0  0.938300 -1.063228-15.961625 17.285244  0.046157 -0.231221  0.908242  -1
  1  0  0.938300 -9.710270 10.190530 -7.870150 -0.359789  0.216699  0.302647  -4
  1  0  0.938300 -9.468250  4.360593  7.644079 -0.225967  0.070259  0.559432  -2
  1  0  0.938300 17.381619 -8.587402  7.024276  0.294375 -0.231113  0.664311  -2
  1  0  0.938300  6.866757 -1.463713 19.474429  0.144818 -0.063330  0.952058  -1
  1  0  0.938300 -7.480457  1.726445 13.484913 -0.186743 -0.044576  0.849336  -7
  1  0  0.938300  7.072158  2.449965 -3.485673  0.217040  0.140005  0.420382  -5
  1  0  0.938300  8.877567  2.429212 21.094392  0.154924 -0.060636  0.986280  -1
  1  0  0.938300 -9.177866  2.285136 -2.283750 -0.193495  0.058257  0.425759  -2
  1  0  0.938300  3.460513 -1.061164  3.834075 -0.004260  0.037385  0.411104  -1
  1  0  0.938300  8.029462  2.749415  1.529961  0.090857  0.126903  0.477665  -4
  1  0  0.938300  7.826341 -5.546444 -4.008151  0.031217 -0.048334  0.288665  -8
  1  0  0.938300-15.864043  8.439787  2.094350 -0.225581  0.117001  0.484732  -5
  1  0  0.938300 -2.394933 11.872411  4.819438 -0.008889  0.387235  0.579569  -3
  1  0  0.938300  4.455709 -4.111023 17.215539 -0.054884 -0.098655  0.766265  -1
  1  0  0.938300 -9.824642 -2.608806 19.095940 -0.296534 -0.018413  0.981064  -5
  1  0  0.938300 -0.819156 -8.175203 -5.526615 -0.029789 -0.139634  0.303309  -3
  1  0  0.938300 -7.597927 -3.442398  4.520210 -0.130669  0.019569  0.428248  -3