  1  1  0.938300  6.742172 -6.692726-17.874510  0.137981  0.004862 -0.084366   1
  1  1  0.938300  4.719336  7.421373-12.768104  0.034158  0.161559  0.133904   2
  1  1  0.938300  1.623645 21.162314  5.837833  0.027709  0.310848  0.515536   3
  1  1  0.938300  7.270733 21.366644-17.366861  0.165014  0.448153 -0.061009   3
  1  1  0.938300-10.057593  1.663577 -0.342066 -0.363522  0.118878  0.580963   3
  1  1  0.938300 -2.316553 -5.756177-16.014265 -0.001363 -0.097557 -0.070191   1
  1  1  0.938300 14.691646-20.000889 -5.560455  0.447589 -0.537583  0.298437   2
  1  1  0.938300  8.401646 -8.960901-22.431993  0.031560 -0.137037 -0.007522   1
  1  1  0.938300  7.766338 -1.989298-18.114003  0.084916 -0.077421  0.078415   1
  1  1  0.938300-11.448921-13.245356-12.736045 -0.155692 -0.222849  0.123822   4
  1  1  0.938300  2.363851  8.485023 -7.804448  0.066864  0.147086  0.296454   1
  1  1  0.938300  0.932473 -2.825563  9.506227 -0.064666 -0.028501  0.715424   4
  1  1  0.938300  2.805217  2.338578 -5.577492  0.011966 -0.040803  0.264390   3
  1  1  0.938300 22.098479 -5.768549 -5.679148  0.577925 -0.130675  0.372843   6
  1  1  0.938300 -3.270432  0.052746 -3.691530 -0.125778  0.147367  0.317897   2
  1  1  0.938300  6.205222 -5.247749-22.813430  0.105179 -0.009704 -0.003440   1
  1  1  0.938300  8.010803 17.073451 19.591529  0.222406  0.321744  1.048533   3
  1  1  0.938300-21.308959  5.860944  1.890045 -0.387230  0.190761  0.507631   2
  1  1  0.938300  0.785121 -3.596813-16.709952 -0.032419 -0.119534  0.059539   1
  1  1  0.938300-15.218793 13.116162 -9.241091 -0.306378  0.151799  0.259044   5
  1  1  0.938300 -5.887865  1.510983-18.272543 -0.134499  0.102210  0.075297   1
  1  0  0.938300 -8.436817 -2.721358  0.729000 -0.027573  0.014372  0.535754   5
  1  0  0.938300 16.165060-12.023691 -9.535732  0.292765 -0.257215  0.243720   5
  1  1  0.938300 -7.939843 23.202548 -3.622979 -0.127707  0.396936  0.425315   4
  1  1  0.938300 -2.108837  4.361943-13.262689  0.018408 -0.042415  0.104227   1
  1  1  0.938300 14.736744 -0.604584-26.429986  0.206446  0.010820 -0.107642   1
  1  1  0.938300  3.525843-13.989794 16.831905  0.066130 -0.164878  0.849750   2
  1  1  0.938300 12.566190 11.142165 -6.486614  0.277450  0.169135  0.268607   2
  1  1  0.938300 -6.158457 19.179319-20.061241 -0.082916  0.456238  0.015468   4
  1  1  0.938300-19.561825  4.757274 -3.503996 -0.314854 -0.013892  0.391296   2
  1  1  0.938300 -0.950121  9.310016-22.291176  0.032949  0.126392 -0.062903   1
  1  1  0.938300 -0.530542  5.298085 21.360150 -0.031066  0.294522  1.061023   3
  1  1  0.938300  3.898801 -5.814026 -2.932328  0.105696 -0.017345  0.407665   5
  1  1  0.938300  8.957447 -4.166913-21.870729  0.103074 -0.079043 -0.008391   1
  1  1  0.938300 21.271629 10.697407 -7.448409  0.405676  0.099531  0.257922   3
  1  1  0.938300  5.148776 -8.902498-21.516475  0.064247 -0.097169 -0.042878   1
  1  1  0.938300 12.084215 -8.791240 10.322888  0.218223 -0.133987  0.648284   4
  1  1  0.938300  1.238634  9.184622 21.657502  0.022813  0.204472  1.057252   3
  1  1  0.938300  0.116688  2.974061  8.405789  0.153987 -0.000788  0.746731   3
  1  1  0.938300 -1.607521  0.207372 17.303983  0.138461 -0.059014  0.925531   3
  1  1  0.938300  4.477509 -3.332739-14.223173  0.043285  0.010866  0.097711   1
  1  1  0.938300  0.562304 -7.246331-14.711206 -0.027916 -0.206552  0.050596   4
  1  1  0.938300 18.132883-20.269020 -2.642500  0.410030 -0.390373  0.533301   4
  1  1  0.938300  3.091199  6.733089  2.716972  0.088990  0.112856  0.587415  11
  1  1  0.938300-21.003708 -3.504936 12.213497 -0.385281 -0.027883  0.784886   6
  1  1  0.938300  7.658361 -2.739045-12.794556  0.112364 -0.033742  0.232634   1
  1  1  0.938300-10.760047 -2.712036  1.555339 -0.270881 -0.003533  0.460887   3
  1  1  0.938300-10.201150  9.730893  9.540579 -0.290152  0.259224  0.925716   4
  1  1  0.938300  5.278375  0.033330-17.404509  0.094387 -0.074306  0.001944   1
  1  1  0.938300  2.806593  1.200170 -1.799325  0.127162 -0.023673  0.381059   6
  1  1  0.938300 -1.511627 -3.161657-17.766983 -0.051454 -0.075292 -0.111126   1
  1  1  0.938300 11.259984-10.240414-14.288512  0.126145 -0.110090  0.197161   1
  1  1  0.938300  5.331400-13.841833-14.559149  0.062440 -0.276366  0.221512   2
  1  1  0.938300 -9.711385-15.730004  7.492297 -0.083712 -0.302939  0.559717   2
  1  1  0.938300  4.255657-24.389536 -7.184759  0.173612 -0.538560  0.249164   3
  1  1  0.938300  0.842802 17.316344-16.191613 -0.017605  0.258980  0.130993   1
  1  1  0.938300 -6.736732 -2.532454-10.151861 -0.042826  0.000833  0.267390   1
  1  1  0.938300  0.945358-16.414755 -8.781301  0.014035 -0.475565  0.195243   3
  1  1  0.938300 -7.375046-20.437363 -5.778631 -0.169230 -0.379030  0.280938   5
  1  1  0.938300 10.272441 -4.333238 -0.063794  0.265583 -0.204445  0.399880   4
  1  1  0.938300 -3.008611 -1.160455-15.658358 -0.105065  0.066629 -0.069610   1
  1  1  0.938300  4.366924 -4.784208 25.570464  0.041948 -0.138801  1.185423   4
  1  1  0.938300  7.671778 10.047620-18.390494  0.052715  0.133212  0.075448   8
  1  1  0.938300 -0.983137-12.424996-10.848750  0.051579 -0.244217  0.141893   5
  1  1  0.938300 14.271596 21.771062  3.201552  0.386034  0.584255  0.628944   5
  1  1  0.938300  4.848850 10.362424-10.421435  0.069347  0.166428  0.158826   1
  1  1  0.938300-20.180705  0.024340 16.998935 -0.384689  0.026785  1.001376   3
  1  1  0.938300  7.919924-10.648234 -2.802984  0.157591 -0.252990  0.382201   4
  1  1  0.938300 13.348245-18.441527  0.415223  0.237274 -0.438751  0.527807   4
  1  0  0.938300  7.369368 -1.095381 -9.170347  0.041138  0.066342  0.090869   2
  1  1  0.938300  6.321924 10.945274-15.308769  0.116875  0.118478 -0.020703   1
  1  1  0.938300  3.184389-18.416824  6.603129  0.045546 -0.263235  0.677020   2
  1  1  0.938300  4.999828  7.276298  9.905157  0.170725  0.170889  0.859433   4
  1  1  0.938300-17.837311  9.814959 -6.728363 -0.275445  0.221023  0.411503   3
  1  1  0.938300 10.449773 -4.481879-15.250828  0.186593 -0.011476 -0.013624   1
  1  1  0.938300  2.371936 -4.668062-14.991074  0.180039 -0.131164  0.036644   1
  1  1  0.938300 18.999135 11.367726  0.217187  0.391880  0.052376  0.492674   2
  1  1  0.938300-12.874653-18.470967  1.052819 -0.264188 -0.382170  0.492534   3
  1  0  0.938300 -7.356952 -7.542281 -3.415831 -0.326534 -0.249255  0.443480   2
  1  0  0.938300 10.502664 -0.464396-15.580472  0.309149  0.059957  0.130879   3
  1  0  0.938300-10.093612  1.726087-21.459420 -0.020165  0.021595 -0.016000   1
  1  0  0.938300 -0.794644-15.879203 -5.325142 -0.100622 -0.282326  0.237210   2
  1  0  0.938300 -9.087239 13.761173 -2.142420 -0.129579  0.262951  0.378271   6
  1  0  0.938300-27.083193 -2.239234 -6.167022 -0.650219 -0.112278  0.425879   5
  1  0  0.938300 -9.022725  2.755247 -0.979752 -0.081612 -0.014937  0.575474   3
  1  0  0.938300  9.621229  1.187782 -9.663397  0.169841 -0.012188  0.145776   1
  1  1  0.938300-11.805911 16.439752  7.817165 -0.309789  0.250096  0.684631   5
  1  0  0.938300  6.918261  5.351619 14.527723  0.271517  0.184200  1.020985   4
  1  0  0.938300-18.493915-17.411593 -8.881842 -0.316877 -0.452918  0.236377   2
  1  0  0.938300  1.442910 10.884798 20.778314 -0.101214  0.184328  1.113560   4
  1  0  0.938300 -8.260171 -6.360912-16.125455 -0.145815  0.013131  0.040652   1
  1  0  0.938300 -9.869252-14.563668  2.757252 -0.220610 -0.115069  0.602436   7
  1  0  0.938300 13.455086 20.893452 11.780430  0.187992  0.368061  0.815846   3
  1  0  0.938300  3.981844-12.664741 -2.067503  0.014389 -0.394759  0.386315   2
  1  0  0.938300 15.013899-16.898740-13.853593  0.242954 -0.374935  0.186237   3
  1  0  0.938300  6.452486 10.299272-21.215523  0.128571  0.141853 -0.020313   1
  1  0  0.938300-11.089094  4.468954 -4.658610 -0.109622 -0.032330  0.357590   9
  1  0  0.938300 -9.758892  0.666606-10.309532 -0.305326 -0.005539  0.079562   2
  1  0  0.938300 -8.159711  5.879319 10.191442 -0.184809  0.110003  0.587603   3
  1  0  0.938300 14.228589 -3.735821 -6.655483  0.281504 -0.104005  0.236128   2
  1  0  0.938300 -0.282468  1.193994-15.203956  0.086026 -0.118194  0.102289   1
  1  0  0.938300  4.568635-19.328508 18.588192  0.266200 -0.368633  1.209714   5
  1  0  0.938300-18.920832  2.101223  6.866509 -0.315341  0.028081  0.514587   4
  1  0  0.938300 -8.689042  1.218034 -1.196288 -0.087394 -0.027241  0.502858   3
  1  0  0.938300 -7.160855 -2.488917-11.448901  0.030621 -0.063862  0.256897   1
  1  0  0.938300 -4.147301-10.640552-18.686258  0.039500 -0.099142  0.012473   1
  1  0  0.938300 23.890846 -5.398723 -1.341486  0.401300  0.012518  0.432428   2
  1  0  0.938300  4.791282 -5.571151-23.361064  0.008008 -0.164016 -0.023765   1
  1  0  0.938300 10.062335  3.077809-12.849044  0.240531  0.042804  0.217046   2
  1  0  0.938300 15.196966 -4.323460  2.305138  0.205133 -0.108360  0.609237   4
  1  0  0.938300 10.289375  7.240570-12.727762  0.149637  0.109739  0.206263   1
  1  0  0.938300 -2.624478  1.184910-23.726263  0.081466 -0.034008 -0.028436   1
  1  0  0.938300  2.836374 -0.251630-12.951383  0.030318  0.118706  0.022782   1
  1  0  0.938300 -0.792506  7.302258-12.592115  0.143877  0.223971  0.107487   5
  1  0  0.938300  1.158012  0.639658-13.508002 -0.065148 -0.020107  0.115827   3
  1  0  0.938300 -2.124558 -7.021272-11.310931  0.045569 -0.119791  0.125473   1
  1  0  0.938300 -7.553985 12.749862-16.507929 -0.257394  0.269947  0.133791   3
  1  0  0.938300  8.764150  6.334451-15.760729  0.107493 -0.012193  0.090525   1
  1  1  0.938300 -6.920778  0.129114  7.066429 -0.105106 -0.062634  0.617191   4
  1  0  0.938300-12.576656 -4.828595 -3.424175 -0.314087 -0.098607  0.207793   4
  1  0  0.938300 11.035583-11.011029-17.674489  0.095453 -0.172108  0.069866   1
  1  0  0.938300  5.978007  8.150906-20.359895  0.002265  0.078620  0.024206   2
  1  0  0.938300 13.390641  9.960571-12.918747  0.223375  0.224422  0.181630   4
  1  0  0.938300 -4.519642 21.368002  9.222277 -0.106395  0.352786  0.776525   4
  1  0  0.938300-13.003018  3.103818-24.169420 -0.174644  0.030004 -0.125567   1
  1  0  0.938300-14.480320 -8.198081-19.194311 -0.229407 -0.082027  0.105137   1
  1  0  0.938300  5.333486 10.891820-10.971144  0.026869  0.297923  0.319404   2
  1  1  0.938300 -6.612797  9.285165 -0.302563 -0.096109  0.196972  0.401662   6
  1  0  0.938300  2.829791 -5.910444-18.846994  0.097509  0.065437  0.118830   1
  1  0  0.938300-15.038211-18.172583-17.283906 -0.258750 -0.389842  0.065731   2
  1  0  0.938300  6.420909 -4.291229-18.735553  0.127159  0.040856  0.062905   1
  1  0  0.938300  2.739105 15.392468-16.384351  0.090304  0.342630 -0.091513   4
  1  0  0.938300-10.690553-10.067810  3.652270 -0.218425 -0.182341  0.556346   3
  1  0  0.938300  2.792499 16.239022 -1.687519  0.048213  0.266481  0.395096   4
  1  0  0.938300  7.418434  2.624384 -3.656237  0.028433  0.029288  0.434937   3
  1  0  0.938300  0.581284  2.165052-16.308960  0.078746  0.019821  0.137349   1
  1  0  0.938300 13.832696 10.488772  9.654268  0.184867  0.118571  0.613786   2
  1  0  0.938300-16.896299  1.775956-15.093677 -0.428418 -0.166891  0.020248   2
  1  0  0.938300  4.689952  0.371102-13.195843  0.228933 -0.116206  0.203733   3
  1  0  0.938300 -5.460261 -1.426671-22.717391 -0.219788 -0.013412  0.024965   2
  1  0  0.938300  0.798101-10.766582-12.807925 -0.054232 -0.113322  0.155475   1
  1  0  0.938300 14.644971 -3.559668 18.998628  0.280167 -0.114175  0.820387   2
  1  0  0.938300  6.457434 -5.271512-18.307610  0.004365 -0.026729 -0.045346   1
  1  0  0.938300 25.109802 -4.554935  3.424971  0.772303 -0.077901  0.678676   4
  1  0  0.938300 17.257163  3.133943 -8.256795  0.517366  0.003505  0.232258   6
  1  0  0.938300 -7.441457  3.347725-11.398306 -0.172889  0.097594  0.062722   1
  1  0  0.938300 -4.555993 -5.646734-16.273208 -0.028682 -0.218952  0.074581   1
  1  1  0.938300-13.905063-13.725928 11.012349 -0.295093 -0.263727  0.643667   2
  1  0  0.938300 15.673914 -5.618868 12.810971  0.447597 -0.128901  0.963752   2
  1  0  0.938300 -3.846477 19.813139-11.305804 -0.222786  0.523665  0.106162   8
  1  0  0.938300 -3.673133 -5.311409-13.037655  0.012910 -0.030135  0.128747   1
  1  0  0.938300 17.028957-15.111502-10.504571  0.498375 -0.274278  0.241132   5
  1  0  0.938300-11.765880 -1.626995 16.531428 -0.310225  0.011490  0.942122   3
  1  0  0.938300 15.585433 24.964716  6.053667  0.333463  0.558007  0.647765   2
  1  0  0.938300 -0.155389 13.875229 11.132556  0.071257  0.474397  0.800565   5
  1  0  0.938300 10.450524 -2.336448-10.086909  0.169711  0.029604  0.190126   1
  1  0  0.938300  7.690174  6.754293  5.145283  0.147673 -0.065091  0.577625   4
  1  0  0.938300 14.047757 -6.800635 -0.772153  0.393262 -0.068139  0.406805   4
  1  0  0.938300 -3.685761-12.258340  7.243943 -0.170299 -0.184173  0.556751   2
  1  0  0.938300  2.683314 10.188795-20.561342  0.138202  0.232567 -0.054337   1
  1  0  0.938300 -5.888900  2.101038-18.721435 -0.081008  0.097545 -0.045979   1
  1  0  0.938300  3.353106-12.270569  9.454671  0.185380 -0.141991  0.624752   3
  1  0  0.938300  5.778078-24.006273 -1.250499  0.015438 -0.468653  0.493317   5
  1  0  0.938300-11.057008-12.212350  0.122943 -0.064568 -0.365791  0.433074   4
  1  0  0.938300-11.452328 13.365715 -0.509679 -0.160498  0.243399  0.432496   5
  1  0  0.938300 10.342502  2.114908-16.322215  0.186304 -0.040647 -0.035861   1
  1  0  0.938300 -2.192356  3.008506 -7.615702  0.031617 -0.012995  0.340400   1
  1  0  0.938300-11.759861-23.702625 -4.125336 -0.270648 -0.467467  0.428883   4
  1  0  0.938300  7.260703 21.123703 19.674938  0.070782  0.596621  1.147938   5
  1  0  0.938300-12.280032 -8.890334 -3.709390 -0.287916 -0.152708  0.279697   4
  1  0  0.938300 -7.515955 -6.290468-12.955929 -0.032638 -0.216298  0.236911   1
  1  0  0.938300  5.833705  8.004304 -7.216534  0.022273  0.219697  0.145668   7
  1  0  0.938300-19.547973 -0.378471  3.105598 -0.365334 -0.018187  0.530084   3
  1  0  0.938300-11.372683 -0.710796-19.677588 -0.183229  0.028133 -0.091197   1
  1  0  0.938300-10.922745 16.877816  9.244516 -0.110146  0.251361  0.693305   3
  1  0  0.938300 12.286009  2.059130-20.148181  0.184301  0.007460  0.105880   1
  1  1  0.938300-17.939200 -3.038477-15.737111 -0.329900 -0.065892  0.051082   4
  1  0  0.938300 -6.821803 -5.760555-15.520466 -0.027509 -0.082017  0.146482   1
  1  0  0.938300 10.522275 12.029659 16.303147  0.239586  0.126994  0.794370   4
  1  0  0.938300 -6.337764  3.722231-14.471307 -0.016462 -0.093092  0.109282   1
  1  0  0.938300  8.749244  0.461194-17.162849  0.206413 -0.091295  0.083247   1
  1  0  0.938300-30.685754 11.469226 -8.568404 -0.804966  0.248917  0.297125   5
  1  0  0.938300  6.227904 10.025200-12.761459  0.230738  0.199738  0.073207   2
  1  0  0.938300 17.926197  9.641892-13.469427  0.306750  0.116398  0.188198   4
  1  0  0.938300 -9.532280  1.996334-12.571116 -0.151725  0.021027  0.225334   4
  1  0  0.938300  6.690001  7.643507-10.841513  0.122870  0.124163  0.213032   1
  1  0  0.938300  3.446379  1.457139 -8.320906 -0.017546  0.123853  0.273509   2
  1  0  0.938300  5.986509  2.257125 -5.405070  0.083677 -0.051438  0.303223   6
  1  0  0.938300  2.427011  8.633394 -1.507682  0.032465  0.062085  0.432413   6
  1  0  0.938300  0.895982 -7.538239  9.890841  0.081989 -0.126533  0.704234   4
  1  0  0.938300 -5.250036 -6.821439-12.681869 -0.195288 -0.159776  0.061429   1
  1  0  0.938300 23.898394  0.175105  3.693422  0.462190 -0.007292  0.534483   3
  1  0  0.938300 -3.605204 -6.326761 -8.629185  0.033575 -0.036588  0.234131   5
  1  0  0.938300 -2.956092  6.161228  7.419312 -0.060595 -0.040085  0.638961   4
  1  1  0.938300  1.682068  1.738099  6.448078  0.047215  0.107622  0.686169   4
  1  0  0.938300-11.465893 -5.464555-20.803806 -0.181499 -0.159502 -0.040390   1
  1  0  0.938300 -6.485962 -0.704612-15.427145 -0.073013 -0.077349 -0.037747   1
  1  1  0.938300 -0.252315-18.168184-11.345567  0.032774 -0.347366  0.187098  -5
  1  1  0.938300 -4.681875 -8.595483  8.775236 -0.014010 -0.203632  0.702332  -2
  1  1  0.938300  0.233844-11.993547 11.937624 -0.028123 -0.069890  0.672116  -1
  1  1  0.938300  3.013649 -6.475795 11.928037  0.107322 -0.054725  0.670279  -1
  1  1  0.938300 12.932338 10.266672 19.789440  0.099898  0.131816  0.975626  -3
  1  1  0.938300 -1.863364 -1.096547-22.057912 -0.102446 -0.073846 -0.091215  -6
  1  1  0.938300 11.210260 -5.425371 15.979924  0.225070 -0.097747  0.715961  -1
  1  1  0.938300-16.018882  1.004577  2.023536 -0.290272 -0.011858  0.428104  -2
  1  1  0.938300  7.932479  7.710335 17.893297  0.146471  0.001774  0.752814  -1
  1  0  0.938300  4.260773 -0.929384-15.512986  0.052555  0.007114 -0.101094  -3
  1  1  0.938300-13.000235  9.589996 15.624980 -0.327393  0.163977  1.029170  -3
  1  1  0.938300  3.501521 -1.019482 11.354644  0.028994 -0.032482  0.641354  -1
  1  1  0.938300  6.893070 -1.789728 -8.679771  0.008181 -0.058618  0.192283  -5
  1  1  0.938300 -1.267679 -6.507349 10.495406 -0.050764 -0.166126  0.829431  -1
  1  1  0.938300-15.371515 23.159883  1.998453 -0.408302  0.619274  0.640263  -3
  1  1  0.938300 -1.892409 -3.447233 13.865995  0.051003 -0.132091  0.765590  -1
  1  1  0.938300 -1.130166 -6.301183 14.977572 -0.117003 -0.069923  0.806954  -1
  1  0  0.938300 -3.727706 -9.441870 -6.426802  0.004924 -0.080089  0.310948  -5
  1  1  0.938300 -7.508521 -7.695194 18.246159  0.000864 -0.142615  0.911676  -1
  1  1  0.938300  8.651841-16.216805 10.949010  0.274100 -0.317723  0.840624  -4
  1  1  0.938300 12.573890 -3.058080-23.946793  0.244198 -0.038860 -0.046646  -3
  1  0  0.938300  0.825917  6.783460 -1.610657 -0.009707  0.056838  0.388701  -5
  1  1  0.938300 10.543132-27.864516  4.232783  0.276246 -0.501921  0.608085  -2
  1  1  0.938300  8.822266 -3.558350 18.723896  0.146020  0.023310  0.837693  -1
  1  1  0.938300-10.771791 -5.001445 20.736591 -0.152691 -0.072609  0.860257  -1
  1  1  0.938300 16.246321  6.096171  5.607445  0.247624  0.070612  0.515883  -2
  1  1  0.938300-17.816141  0.054329  9.803144 -0.357355  0.102969  0.764489  -2
  1  1  0.938300 -6.796772 10.294044 -3.573447 -0.115141  0.090526  0.472490  -5
  1  1  0.938300 -0.374346  9.948484 16.129429 -0.069611  0.003861  0.771704  -1
  1  1  0.938300 -5.567477  0.092737 11.597554 -0.038017  0.081629  0.661636  -2
  1  1  0.938300 -8.140234-11.858986  1.889249 -0.105930 -0.337648  0.578619  -2
  1  1  0.938300 -1.397265  4.848912-16.982464  0.065661  0.093830  0.091735  -2
  1  1  0.938300 -0.473257-18.580079 -0.124859 -0.054142 -0.438388  0.477429  -5
  1  1  0.938300 -4.180882  6.935579 13.569126 -0.128439 -0.035294  0.698803  -1
  1  1  0.938300-11.645437 13.030678  0.354039 -0.233995  0.179752  0.453347  -3
  1  0  0.938300  1.843064-10.610108-10.221352  0.091312 -0.144415  0.269171  -4
  1  1  0.938300  6.978771  9.531558 16.046581  0.082812  0.126082  0.997579  -1
  1  1  0.938300 -4.809096  1.453847 -8.150370 -0.099733  0.031928  0.280127  -3
  1  1  0.938300 -1.601589  7.732358 12.372012 -0.074065  0.097906  0.693711  -1
  1  1  0.938300 -2.774362 31.485101-11.002637 -0.156286  0.860354  0.251644  -5
  1  1  0.938300-12.679122-21.973457 13.637779 -0.189366 -0.442040  0.921846  -2
  1  1  0.938300  7.225938-13.034047 17.275458  0.112497 -0.280832  0.861790  -3
  1  1  0.938300  6.339375 -3.971289 14.250829 -0.002132 -0.018973  0.714828  -1
  1  1  0.938300 -6.864643 -9.241236 19.922432 -0.033928 -0.042293  0.895165  -1
  1  1  0.938300  0.169870 10.766078-15.327740  0.031543  0.233223  0.108734  -5
  1  1  0.938300  2.902230  2.236364 -9.594611  0.006236 -0.057125  0.146147  -4
  1  1  0.938300 -8.889289-10.433501-24.426194 -0.129926 -0.197524 -0.101392  -4
  1  1  0.938300 17.091449 12.157929 -7.074439  0.429964  0.229937  0.318163  -4
  1  1  0.938300 12.275174  1.739148 23.656025  0.133911  0.020877  1.027398  -1
  1  1  0.938300 -7.411103  3.465636-11.966542 -0.223471  0.121846  0.251125  -2
  1  1  0.938300-20.800370 -1.784365 11.950179 -0.272945  0.005744  0.779311  -2
  1  1  0.938300-10.883383 -9.939748 -7.442892 -0.315005 -0.195137  0.198468  -6
  1  1  0.938300 -5.102133  3.531985  5.685088 -0.127627  0.035592  0.612440  -6
  1  1  0.938300  1.055821  6.716748  7.978467 -0.046227  0.049937  0.539701  -1
  1  1  0.938300 11.578366  5.848469 14.890742  0.280778  0.029896  0.912696  -2
  1  1  0.938300 11.434788 -0.884423 -5.344799  0.156858  0.161757  0.233412  -2
  1  1  0.938300  8.817864  8.298094 14.191119  0.259440  0.191005  0.863970  -5
  1  1  0.938300  1.677211  1.297895 13.312429  0.077676  0.017742  0.916280  -1
  1  1  0.938300  1.999104  6.385102 20.783416  0.005365  0.183838  1.092308  -1
  1  1  0.938300  3.089726  5.358468  8.728826 -0.068773  0.091431  0.714623  -3
  1  0  0.938300  7.325626-11.301338  6.099462  0.143385 -0.140369  0.473965  -3
  1  1  0.938300 19.447193 10.760339 -1.417575  0.288896  0.153503  0.465861  -2
  1  1  0.938300  0.069460  0.932801  9.705333  0.056203 -0.015016  0.844550  -1
  1  1  0.938300  7.447443 -5.063005 24.419118  0.137468 -0.006075  1.086581  -1
  1  1  0.938300 19.609113  1.222039 -3.721474  0.384835 -0.021910  0.314233  -2
  1  1  0.938300  1.291032  1.688274-15.872380 -0.020939  0.097994  0.041866  -4
  1  1  0.938300  5.627707-12.164111 12.042270  0.122762 -0.230785  0.981759  -2
  1  1  0.938300  1.362548 21.024203  0.695156 -0.002242  0.448834  0.551093  -4
  1  1  0.938300  5.742164 -4.453133 22.927843  0.167018 -0.075938  0.934922  -1
  1  1  0.938300 -2.534559 -6.893367 16.156990 -0.128757 -0.040557  0.730532  -1
  1  1  0.938300  6.728724 22.301584  6.909770  0.123347  0.445680  0.805269  -4
  1  1  0.938300 -0.586741-14.517342 21.731895  0.063085 -0.222927  1.102955  -2
  1  1  0.938300  1.044034 -5.820821 -4.882806  0.099450 -0.136265  0.317603  -2
  1  1  0.938300 -0.282754-17.237197 19.735684 -0.018572 -0.244648  0.922843  -1
  1  1  0.938300 12.852488  3.615513 10.265062  0.122059  0.007257  0.680871  -2
  1  1  0.938300 -6.876906  2.946182 12.825315  0.039291  0.011834  0.840437  -2
  1  1  0.938300 -8.829558 -5.699984 17.410362 -0.097931 -0.100778  0.851032  -1
  1  1  0.938300-12.160093 -0.801705-17.213912 -0.240418  0.133046 -0.033518  -6
  1  1  0.938300  8.003893 -4.686075 23.699774  0.032983 -0.056730  1.128247  -1
  1  0  0.938300  3.367970 -3.891925  9.959653  0.134774 -0.063162  0.718452  -2
  1  0  0.938300  4.033287-15.182457 17.165542  0.046034 -0.187440  0.814912  -1
  1  0  0.938300 -9.087018  6.205012 -8.844215 -0.071273  0.154431  0.241691  -3
  1  0  0.938300  4.166861-14.041518 10.588799  0.146736 -0.334017  0.764770  -4
  1  0  0.938300 -0.167454  6.921906 15.966122  0.021190  0.108054  0.900074  -1
  1  0  0.938300 -5.826933 -1.049205  9.666748  0.005494  0.008655  0.511216  -1
  1  0  0.938300-15.765737  9.881760 -7.034527 -0.433055  0.165753  0.273017  -4
  1  0  0.938300-11.254895  1.515613-14.269166 -0.129866  0.134542 -0.012754  -2
  1  0  0.938300 -4.045338 12.208552 -4.043361 -0.125410  0.077247  0.414852  -3
  1  0  0.938300  4.261238  0.234915 15.532059  0.008964 -0.073434  1.047852  -1
  1  0  0.938300 -2.865554 12.205649  4.554915 -0.111668  0.236775  0.616653  -5
  1  0  0.938300 17.922604  1.067241  1.603232  0.409416  0.092222  0.551734  -2
  1  0  0.938300  8.226082  2.451960 -1.540965  0.184917  0.008874  0.429791  -3
  1  0  0.938300 -1.632523  1.458978-14.772098 -0.215098  0.035139  0.029282  -7
  1  0  0.938300-12.305083-11.331798 15.745143 -0.162001 -0.113528  0.791236  -1
  1  0  0.938300-15.632748  0.857636-11.423247 -0.245805 -0.033713  0.229630  -6
  1  0  0.938300-16.262264 29.337376  9.738511 -0.330638  0.706546  0.944202  -3
  1  0  0.938300  7.832592 11.754118  9.178230  0.038213  0.200699  0.635824  -3
  1  0  0.938300 14.782946 -6.522746  2.739501  0.243482 -0.050938  0.421090  -8
  1  0  0.938300 10.659834 -1.906537 10.896174  0.134619 -0.030747  0.534446  -1
  1  0  0.938300 11.194981  4.300415 -9.526850  0.259551  0.049419  0.338933  -3
  1  0  0.938300 -5.904634 16.970838 21.267039 -0.077917  0.384766  1.154073  -2
  1  0  0.938300 -0.589667 -1.382478  0.972468 -0.012923 -0.080228  0.345734  -5
  1  0  0.938300 -5.546052  2.959070 20.306478 -0.165041  0.215901  1.123767  -3
  1  0  0.938300 -0.147268 -7.929651 11.435088 -0.113937 -0.138797  0.557356  -1
  1  1  0.938300 -0.430738  7.524384-15.250506 -0.080331  0.152305  0.122150  -3
  1  0  0.938300-17.496373-13.007950  8.993665 -0.254966 -0.190762  0.769291  -2
  1  0  0.938300 -0.857360-14.713116 26.410455 -0.084240 -0.241858  1.147587  -1
  1  0  0.938300 -6.842682  1.749988 11.414301 -0.022233  0.044193  0.826051  -1
  1  0  0.938300  7.422327-13.944418 17.264883  0.097361 -0.126224  0.820044  -1
  1  0  0.938300 -6.192305  5.989500-22.049049 -0.198169  0.155360 -0.140151  -2
  1  0  0.938300-26.407862 11.184513 16.226461 -0.627118  0.412154  0.995414  -4
  1  0  0.938300 24.528283  3.484186-11.738927  0.563162 -0.022270  0.172664  -3
  1  0  0.938300 -7.495203  5.917105 -7.780281 -0.207453 -0.060808  0.212460  -3
  1  0  0.938300  9.610981 -2.926745 22.086473  0.138038 -0.013527  1.107419  -1
  1  0  0.938300 -0.289870  4.916754 22.219149  0.131675 -0.053917  1.045535  -2
  1  0  0.938300-15.217822-14.333691 15.461395 -0.245077 -0.192795  0.870847  -3
  1  0  0.938300 22.410978 16.995209 -9.630757  0.475692  0.447024  0.304333  -3
  1  0  0.938300-15.629643  8.534061 12.622390 -0.391387  0.196231  1.075675  -3
  1  0  0.938300-11.629485 -6.804122 11.542212 -0.115992 -0.087346  0.648401  -1
  1  0  0.938300-16.917473 -3.507533-14.800849 -0.359711 -0.276458  0.174890  -3
  1  0  0.938300 -4.772692  1.086948  9.249346 -0.017927  0.123150  0.760379  -3
  1  0  0.938300-13.551388-12.834886  0.034201 -0.329504 -0.264713  0.507640  -5
  1  0  0.938300  3.337505 -1.782951  5.171059  0.052928 -0.001683  0.618991  -3
  1  0  0.938300 20.033987 16.876310 14.489892  0.430409  0.318681  0.927410  -2
  1  0  0.938300 13.938071 -7.241835  6.942747  0.304788 -0.098930  0.579413  -2
  1  0  0.938300 14.693821 -8.307485  5.100073  0.273541 -0.248277  0.653870  -5
  1  0  0.938300  4.474795-19.077390 -6.141669  0.135776 -0.527647  0.286591 -11
  1  0  0.938300  3.677987  7.007558 22.708620 -0.017282  0.079760  1.158340  -1
  1  0  0.938300 -7.582114 -6.322667 13.027899 -0.184566 -0.064047  0.741795  -1
  1  0  0.938300  1.130698 21.485182 10.238298  0.054076  0.374151  0.802925  -3
  1  0  0.938300  9.907923-23.153872 -1.768767  0.083834 -0.483370  0.498439  -4
  1  0  0.938300  2.625141 21.650500  3.253553  0.079352  0.351891  0.611130  -4
  1  1  0.938300 -2.119995 -2.791410 -5.834714 -0.092386 -0.092974  0.232199  -4
  1  0  0.938300  0.359715 10.388783 10.907746  0.004221  0.151633  0.761079  -1
  1  0  0.938300 -9.488185-19.669247  7.398096 -0.243332 -0.478755  0.749147  -2
  1  0  0.938300 18.217720  4.110180-14.369305  0.398288 -0.031445  0.084021  -5
  1  0  0.938300 19.399183 15.578571 -6.583758  0.323303  0.258518  0.399378  -2
  1  0  0.938300 -9.365552-12.119586 11.287787 -0.225507 -0.154483  0.832045  -3
  1  0  0.938300  2.738792 12.072226 13.647725  0.053808  0.166084  0.701877  -1
  1  0  0.938300-10.824298 -6.284742-10.645952 -0.216600 -0.170086  0.239355  -2
  1  0  0.938300 16.336880 -2.883924-32.326707  0.349482 -0.097719 -0.312994  -5
  1  0  0.938300 12.800785  3.336570  6.710612  0.177257  0.041411  0.542815  -2
  1  0  0.938300 11.594500  1.139229 13.802210  0.296336  0.143902  0.916145  -4
  1  0  0.938300 -1.330773 -7.360726 15.501238  0.045601 -0.075967  0.730306  -1
  1  0  0.938300  3.538258  0.832352 22.034667  0.055418 -0.042214  0.993394  -1
  1  0  0.938300-17.711413  6.452172 -3.806462 -0.303149  0.114899  0.347656  -4
  1  0  0.938300 13.050582 -2.709355 18.198560  0.241217  0.004148  0.932497  -1
  1  0  0.938300  2.290638 -0.578549 10.908812 -0.053077  0.040279  0.644498  -1
  1  0  0.938300  4.752704  7.568898 23.390040  0.149244  0.181682  0.975352  -1
  1  0  0.938300  2.030388 -9.147528-17.205095  0.084404 -0.127248  0.025687  -2
  1  0  0.938300 -1.761049 -8.215551 12.059551 -0.134446 -0.171087  0.774539  -1
  1  0  0.938300 16.286051-12.369562 16.396060  0.386220 -0.209462  1.132070  -3
  1  0  0.938300 -6.008664  9.658006 12.045615  0.063488  0.177807  0.775440  -2
  1  0  0.938300  3.650634 -8.961765 23.406647 -0.011195 -0.092378  0.980283  -1
  1  0  0.938300 -6.530517  7.791994 -0.249198 -0.109087  0.099642  0.427106  -5
  1  0  0.938300-10.585365 21.419096  6.438904 -0.185215  0.341925  0.718860  -6
  1  0  0.938300 11.219220-14.921131 -8.465673  0.192911 -0.212148  0.239197  -4
  1  0  0.938300 -8.412219-19.762006 -0.732435 -0.189222 -0.327615  0.421216  -4
  1  0  0.938300 12.588824 -6.156280 19.527433  0.186584 -0.060475  0.899424  -1
  1  0  0.938300  2.485803-14.330986-17.294804  0.040688 -0.264011  0.011851  -5
  1  0  0.938300  4.800471 -1.115462 11.289185  0.027830  0.028012  0.738053  -1
  1  0  0.938300 -8.821121  8.277215 -5.194149 -0.106444  0.224167  0.320800  -5
  1  0  0.938300 -2.215963-18.115384  9.462903 -0.119296 -0.347021  0.823737  -4
  1  0  0.938300 10.275369  0.321298 13.288071  0.194744 -0.057230  0.877713  -1
  1  0  0.938300 -4.188791 -8.839551 -6.709357 -0.099970 -0.021615  0.316127  -3
  1  0  0.938300 24.530580  4.492750  5.762189  0.468496  0.090775  0.633507  -2
  1  0  0.938300 22.664487 -9.204870 -2.775403  0.374545 -0.231338  0.444047  -3
  1  0  0.938300 -1.605719 -0.813985 14.999755  0.091923 -0.085725  0.751506  -1
  1  0  0.938300  3.114987 -2.531596 17.081955  0.116193 -0.169299  0.814870  -1
  1  1  0.938300  5.029117 -2.135197  7.582407  0.034571  0.059520  0.549798  -3
  1  0  0.938300 -1.740791 -1.447029 11.231493 -0.143546 -0.126010  0.930392  -3
  1  0  0.938300  7.876260-19.577406 -8.259056  0.108971 -0.292135  0.344629  -2
  1  0  0.938300-12.853221 -8.604763  1.434252 -0.205950 -0.071219  0.452985  -7
  1  0  0.938300 -7.523090 -1.560305  8.692713 -0.260965 -0.007333  0.781562  -1
  1  0  0.938300 -2.366064  5.220885 11.420759 -0.127893  0.038634  0.729188  -1
  1  0  0.938300 -1.014423  8.276456-10.726302  0.021153  0.080990  0.339100  -3
  1  0  0.938300-20.296644  9.498647  8.645773 -0.386633  0.253199  0.837545  -4
  1  0  0.938300-24.327961 -3.538766  8.073495 -0.431344 -0.125515  0.699927  -3
  1  0  0.938300 -4.614242 -9.415613 11.870045  0.037367 -0.179212  0.753250  -1
  1  0  0.938300  9.327499 16.826682 17.641052  0.240622  0.305151  1.124507  -3
  1  0  0.938300 -0.705585 -2.071814 -2.098056  0.061365 -0.166298  0.318543  -6
  1  0  0.938300 -2.969132  4.532471-21.548506 -0.111714  0.246852 -0.022362  -3
  1  0  0.938300-10.018672-10.450473-15.923767 -0.157844 -0.207632  0.118529  -4
  1  0  0.938300  4.368302  8.568514 15.130157  0.102637  0.149323  0.872030  -1
  1  0  0.938300 -4.501758  5.587243 12.680862  0.030596  0.019023  0.903312  -4
  1  0  0.938300-11.709490  9.562876 11.835442 -0.254189  0.161290  0.716084  -3
  1  0  0.938300  2.191785  4.485357 10.156516  0.145395  0.144447  0.827989  -1
  1  0  0.938300  9.317561 -1.599629 -3.447719  0.135495 -0.048632  0.395859  -6
  1  0  0.938300 -6.507177 10.021684 15.653444 -0.004284  0.216662  0.882608  -1
  1  0  0.938300  2.582033 -8.432276 12.081447  0.156740 -0.207738  0.720703  -2
  1  0  0.938300  5.859437-10.278829 10.280387  0.149317 -0.129338  0.754510  -8
  1  1  0.938300-10.895112 10.995010 -4.548070 -0.134260  0.085289  0.328824  -5
  1  0  0.938300-20.283996  0.037050  9.223125 -0.388401 -0.051596  0.690222  -3
  1  0  0.938300  4.045320  5.615545 18.723730  0.037748 -0.067868  0.951900  -1
  1  0  0.938300 -2.827887 -7.677376 25.417045 -0.106205 -0.198716  1.188692  -3
  1  0  0.938300 -0.983009  2.453130 14.673309 -0.010241 -0.104414  0.859214  -3
  1  0  0.938300-15.247805 16.953209-11.690719 -0.484905  0.374736  0.196526  -8