  1  1  0.938300 11.161916 -4.040711-13.672707  0.211180 -0.080613  0.029057   1
  1  1  0.938300  0.656916 -2.366948 -8.894393 -0.110207 -0.055037  0.201857   1
  1  1  0.938300-12.776467 23.579764 -7.207240 -0.198001  0.463119  0.294323   2
  1  1  0.938300 17.686327 -5.728168  2.504568  0.459300 -0.193671  0.571667   6
  1  1  0.938300-17.833785  1.572520-11.250375 -0.355366  0.018712  0.117125   2
  1  1  0.938300  4.629670  4.209675 -8.615565  0.027864  0.152505  0.119847   1
  1  1  0.938300 -8.205093  4.590632  2.843708 -0.095291 -0.067735  0.466028   2
  1  1  0.938300 -8.576716 27.480272 -5.786928 -0.228030  0.584683  0.443809   2
  1  1  0.938300  9.876400  8.276876-18.329025  0.126225  0.090543  0.041950   1
  1  1  0.938300 -3.029557 -7.588061-18.732410 -0.150240 -0.178194  0.004325   4
  1  1  0.938300 -6.544526 -5.119508 -9.200647  0.039440 -0.064567  0.307235   1
  1  1  0.938300-31.230237 -2.807306 -3.837565 -0.793292 -0.053041  0.429106   4
  1  1  0.938300 -2.801549 17.648150 -1.902523 -0.001654  0.257261  0.440216   3
  1  1  0.938300 -2.520383 -7.818922-19.790265 -0.033186 -0.155070 -0.045324   2
  1  0  0.938300 -2.610147 20.106018-10.306113 -0.156278  0.371477  0.212730   6
  1  1  0.938300 15.485287-10.590533 -6.118214  0.321014 -0.226396  0.302664   2
  1  1  0.938300 -1.023534 16.018290 15.684057 -0.115890  0.241563  0.949480   2
  1  1  0.938300 15.435911-17.613745-11.781206  0.383418 -0.251013  0.184097   2
  1  1  0.938300 -5.171239  6.380244-20.906447 -0.197694  0.022272  0.007350   1
  1  1  0.938300 16.396511 12.218104-16.513256  0.298444  0.228020  0.066991   3
  1  1  0.938300 -0.786259 -0.530362-13.572074  0.008139  0.085974 -0.012684   1
  1  1  0.938300  8.378128 -5.908041-20.525583  0.064280 -0.188836 -0.053255   1
  1  1  0.938300  7.591664 -6.292679 20.133291  0.074079 -0.108168  0.968827   4
  1  1  0.938300  6.619817 -9.164117-12.869310  0.023829 -0.159550  0.145952   1
  1  1  0.938300-16.363151 -1.942673  6.936241 -0.451981  0.020799  0.770739   3
  1  1  0.938300  4.018642 -7.667799-10.227740  0.072758 -0.121659  0.189887   1
  1  1  0.938300-11.254625  8.007407-11.101523 -0.183169  0.067379  0.299167   2
  1  1  0.938300  3.345561 20.201868 -1.638210  0.079845  0.318445  0.439078   4
  1  0  0.938300  2.063540-12.302312  2.380895  0.029683 -0.289637  0.481003   7
  1  1  0.938300  6.700477 -6.124397 -3.751713  0.198527 -0.066937  0.407755   2
  1  1  0.938300  2.801384 -5.301696-20.871805  0.081426 -0.090638  0.038144   1
  1  1  0.938300 16.521617 -4.824226 -4.877266  0.388809 -0.019253  0.363236   6
  1  1  0.938300  7.370534 -3.307512-17.879900  0.048872 -0.061107 -0.071824   1
  1  1  0.938300  3.388288 -6.708192-14.910607  0.157873 -0.192868  0.176453   1
  1  1  0.938300  4.039038 -4.044647-14.703405  0.113404  0.012330  0.131289   1
  1  1  0.938300 -4.899940 -0.207400-15.669339 -0.063464 -0.074294  0.144243   1
  1  1  0.938300 -4.216974  1.696551  6.927847 -0.172283 -0.107087  0.539689   3
  1  1  0.938300 -3.220247 -0.761909-14.006371  0.013296 -0.000154  0.084734   2
  1  1  0.938300 14.209944 -5.682451 14.696464  0.299490 -0.066893  0.749498   4
  1  1  0.938300-18.420791-18.375536-18.413958 -0.337781 -0.467754  0.058017   5
  1  1  0.938300  5.045955  9.532359-14.667671  0.158794  0.138492  0.048389   1
  1  1  0.938300-11.163412-10.185586 -7.767675 -0.232503 -0.092254  0.269058   2
  1  1  0.938300  7.727538-17.384461  7.568878  0.090201 -0.328248  0.643133   3
  1  1  0.938300 16.144608 -1.366257-18.741516  0.202786  0.019660  0.036804   1
  1  1  0.938300 -5.300725 -9.595003 -1.030081 -0.015219 -0.157726  0.346776   2
  1  1  0.938300  0.982043-15.360554-17.285763 -0.066314 -0.198535  0.131494   1
  1  1  0.938300 -7.087542 11.758635  9.951944 -0.297226  0.294957  0.705258   6
  1  1  0.938300 -6.504050 -6.433959  8.943331 -0.017747 -0.074099  0.577855   2
  1  1  0.938300 -4.685584-17.860657 19.024336 -0.165474 -0.354879  0.996149   2
  1  1  0.938300  4.954850  3.291952-11.921282  0.077919  0.001883  0.201271   3
  1  1  0.938300-10.804987-18.669102-18.004890 -0.282442 -0.399066 -0.007305   2
  1  0  0.938300 -3.308631  6.756621 -1.566516 -0.192637  0.202768  0.332948   3
  1  1  0.938300  1.299247-14.846004  2.282325  0.031379 -0.411704  0.483180   2
  1  1  0.938300-13.575307 -4.282396-14.770579 -0.242263  0.015358  0.097152   2
  1  1  0.938300  1.508878 15.288962  1.793064  0.018227  0.352362  0.546597   3
  1  0  0.938300-11.014957  6.520376 -7.792796 -0.328518  0.289103  0.177421   1
  1  1  0.938300-15.118628 -9.582290-15.514968 -0.187776 -0.168458  0.149814   3
  1  1  0.938300-18.260058-13.974643 -1.447726 -0.322328 -0.247291  0.377186   4
  1  1  0.938300 -8.040300 -7.499991  9.385581 -0.070511 -0.122421  0.719162   9
  1  1  0.938300  3.883412  6.127346 -7.804662 -0.020189  0.092687  0.179038   5
  1  1  0.938300 10.715508 -4.369746-13.624648  0.208438  0.005556  0.219479   1
  1  1  0.938300 -3.645208-10.069540-17.591590 -0.017932 -0.147157 -0.044627   2
  1  1  0.938300  8.767908 -2.123316  3.136834  0.193409 -0.139970  0.430334   5
  1  1  0.938300 -3.391691 -0.198782-15.658133  0.018021 -0.088468  0.083761   1
  1  1  0.938300  2.650836 -9.189813 -2.058231  0.025036 -0.227652  0.423531   5
  1  1  0.938300 -5.242414  2.499218-14.060030 -0.056003 -0.009590  0.130985   1
  1  1  0.938300  2.578802 -3.331871-16.603513  0.120288 -0.115617  0.058097   1
  1  1  0.938300  3.918414  2.384855 -2.621103  0.155077  0.143682  0.313076   6
  1  1  0.938300  8.161673  5.295229-10.605594  0.252275  0.106217  0.273878   2
  1  1  0.938300 -5.581266  0.254999  3.504166 -0.087576  0.126024  0.566429   4
  1  1  0.938300 -5.046643  0.912751-13.202550 -0.157776  0.036302  0.084123   1
  1  1  0.938300-15.542055-11.226075-10.384357 -0.375851 -0.223704  0.196709   5
  1  1  0.938300-18.828411 20.094110  7.174284 -0.402845  0.430360  0.697469   4
  1  1  0.938300 27.321652 10.491570-15.008369  0.722538  0.185805  0.182460   2
  1  1  0.938300  0.127154 -8.035387-22.749126 -0.058438 -0.203044 -0.110586   2
  1  1  0.938300 -8.515051  5.322605-21.622238 -0.177808  0.045544 -0.040189   1
  1  1  0.938300 18.103773  2.050674-11.811706  0.313260 -0.058398  0.143600   6
  1  1  0.938300-16.878133 13.001052 13.345585 -0.229161  0.324841  0.790168   2
  1  1  0.938300 -0.990472  3.793730-16.648979 -0.020730 -0.024691  0.115556   1
  1  0  0.938300-20.947743 -8.713185 -1.506618 -0.349106 -0.127708  0.399956   7
  1  0  0.938300 -1.045945  8.063633-21.117763 -0.034970  0.029073  0.006656   1
  1  0  0.938300-21.073263  7.765563  7.009278 -0.419002  0.147790  0.684464   5
  1  0  0.938300  4.830726 -7.050473-14.915093 -0.056793 -0.099948  0.175541   1
  1  0  0.938300-14.479427-11.764123 -6.778184 -0.170891 -0.341100  0.373010   4
  1  0  0.938300  4.510271 -6.723549 -9.749770  0.115800 -0.002251  0.269660   2
  1  0  0.938300  3.376915  5.104923-10.590003  0.097542  0.112996  0.181613   1
  1  0  0.938300 -1.629702 16.229281 14.693450  0.061950  0.291310  0.981482   3
  1  0  0.938300 19.296593 -5.091657-14.653198  0.363601 -0.066834  0.148092   2
  1  0  0.938300  9.150161-13.041384-13.362510  0.084627 -0.225518  0.067950   7
  1  0  0.938300  3.149425  8.104889-18.833222  0.160593 -0.006779  0.036901   1
  1  0  0.938300 -9.380944  7.050902-11.752641 -0.064075  0.093241  0.163038   1
  1  0  0.938300 -4.890726  5.384148 -0.241904 -0.065719  0.235800  0.425640   4
  1  1  0.938300 29.037261 -8.857431  4.002931  0.580346 -0.159411  0.597685   3
  1  0  0.938300  5.515177 -2.175425 -9.031594 -0.026732 -0.023457  0.108556   7
  1  0  0.938300 -6.391356 -5.700736-10.087818 -0.063644 -0.250853  0.214283   2
  1  0  0.938300  9.683335  0.169691-20.171502  0.110691 -0.009529  0.141429   1
  1  0  0.938300-14.376977  7.206280 20.321967 -0.306956  0.019176  0.980033   4
  1  0  0.938300 10.747905-31.109809 -9.496685  0.136232 -0.776016  0.326889   4
  1  0  0.938300 16.994513  3.488785 -6.884555  0.454087  0.083825  0.240354   6
  1  0  0.938300 12.287802 -4.916144 11.113836  0.268775  0.036955  0.693044   2
  1  0  0.938300  1.570438  1.767211-15.908058 -0.035338 -0.040630 -0.060819   1
  1  0  0.938300 14.292769 -2.852117 -3.293364  0.350925 -0.092172  0.429952   4
  1  0  0.938300  1.245195  0.045401-14.924922  0.070988 -0.001832  0.282459   1
  1  0  0.938300-10.802897 17.405243-11.671481 -0.201591  0.513870  0.195738   2
  1  0  0.938300  8.400354  3.056774-23.184373  0.125245  0.079895  0.035821   1
  1  0  0.938300 10.858209 -4.150751-19.475281  0.170138 -0.170521  0.041571   1
  1  0  0.938300 -2.169408-13.620668  7.588105  0.000280 -0.299158  0.581193   5
  1  0  0.938300 13.864078 -7.491588 -1.746064  0.139055 -0.033356  0.342360   2
  1  0  0.938300  5.947871  0.091179-15.788593  0.209391  0.090107 -0.024106   1
  1  0  0.938300  4.455640  0.260997-18.900313  0.037659  0.008310  0.008460   1
  1  0  0.938300  2.020296  3.708200-14.814084 -0.073235  0.179488  0.182632   1
  1  0  0.938300 -5.793357  7.740527 -5.400498 -0.259640  0.058456  0.221522   9
  1  0  0.938300 -6.666614 -5.255788-15.959413 -0.129092 -0.159420  0.064876   3
  1  0  0.938300-12.956993 -3.758351  0.659356 -0.331284 -0.116495  0.424705   3
  1  0  0.938300 11.509212-11.563284  6.495182  0.171286 -0.342949  0.710183   3
  1  0  0.938300  2.988214  1.433042-11.857309  0.144561 -0.005798  0.255054   1
  1  0  0.938300 -6.556266 -5.467740-22.898204 -0.083653  0.006226 -0.038265   1
  1  0  0.938300  9.056059 12.750694-12.432332  0.291896  0.177686  0.069373   4
  1  0  0.938300 10.323669  4.507317-14.437817  0.219587 -0.028472 -0.000641   6
  1  0  0.938300-19.513214-10.900013  6.649683 -0.348750 -0.259682  0.765014   2
  1  0  0.938300 -7.033616 -3.538033-26.962814 -0.130002  0.031902 -0.120800   1
  1  0  0.938300-20.766893  0.101356-22.326770 -0.400908 -0.007943 -0.062376   2
  1  0  0.938300  8.796581  5.346355-14.901137  0.128550  0.087362  0.127564   1
  1  0  0.938300 -2.890408-16.116093 -4.151589 -0.065400 -0.209593  0.325739   4
  1  0  0.938300 14.079310 -6.609830  9.872579  0.314160 -0.050143  0.629469   3
  1  0  0.938300  0.116798 -5.745060-12.564051  0.103040 -0.047689  0.084575   1
  1  0  0.938300 -6.845173  7.745942 -6.829725 -0.132587 -0.006684  0.353031   6
  1  0  0.938300 -2.714326  2.179236 -0.495319 -0.063027  0.050196  0.487566   2
  1  0  0.938300  4.760185 11.911885 16.576894  0.052669  0.072059  0.839659   5
  1  0  0.938300 -8.270505 15.767941-13.352845 -0.219918  0.410985  0.057677   3
  1  0  0.938300-11.243057  8.463701-17.622681 -0.148819  0.187992 -0.068385   1
  1  0  0.938300-15.121031 15.167331  7.155656 -0.424241  0.303789  0.692935   4
  1  0  0.938300  8.764232  9.037576 17.120283  0.148247  0.263568  0.839038   4
  1  0  0.938300-14.387656 -4.299161 -8.500598 -0.276248 -0.098365  0.202054   4
  1  0  0.938300 11.822728 13.401048 11.955190  0.233652  0.407142  0.951527   5
  1  0  0.938300  0.725095 -0.404257-23.242295 -0.017554 -0.068530 -0.068367   1
  1  0  0.938300 -4.806100-12.007708  6.078488 -0.054271 -0.135827  0.553410   5
  1  0  0.938300  9.951755  6.748281  9.907799  0.342010  0.112965  0.856433   3
  1  0  0.938300  2.557271 -6.653799 -4.848644  0.098146 -0.187246  0.368275   5
  1  1  0.938300  3.047444 -9.066293 -7.905197  0.003786 -0.215976  0.321781   3
  1  0  0.938300 -7.392548  2.178206-21.424685 -0.115545 -0.043418 -0.129160   1
  1  0  0.938300  6.710366  4.865418 10.960160  0.088652  0.229832  0.927929   8
  1  0  0.938300  3.052825 13.317146-18.600863  0.040735  0.203944  0.110031   1
  1  0  0.938300  4.765564 -3.363116 -6.740148  0.007112 -0.088913  0.284024   3
  1  0  0.938300  0.146640-14.655886-15.639918  0.155618 -0.271695  0.123790   2
  1  0  0.938300 13.841080 -3.775789-14.750102  0.235843 -0.141652  0.062603   1
  1  0  0.938300  2.784854-16.880519  4.224221  0.141209 -0.291369  0.553680   3
  1  0  0.938300  4.265507 -7.154791-19.486754  0.219991 -0.074360  0.047749   1
  1  0  0.938300 -7.022814 10.560332 12.733708 -0.109194  0.170473  0.638828   6
  1  0  0.938300-13.732246 13.450040-13.495461 -0.274717  0.287025  0.136772   7
  1  0  0.938300  6.769811 -5.703697-17.388250  0.120156 -0.021239  0.136468   1
  1  0  0.938300 -4.584933 -7.265230 -4.150521 -0.285964 -0.096989  0.276843   5
  1  0  0.938300-10.751683  6.291917 -0.221964 -0.166639  0.132308  0.361130   7
  1  0  0.938300 -3.568520 -6.886788 12.613989 -0.144185 -0.121545  0.779555   4
  1  0  0.938300 -2.990894  1.791583 -3.954114  0.051373  0.046170  0.367043   4
  1  0  0.938300-11.194470 -1.248930-17.281744 -0.075263 -0.060870  0.154290   1
  1  0  0.938300 -4.158077-10.086786-12.234218  0.029981 -0.092303  0.180978   3
  1  0  0.938300 -7.941007  7.605973  5.527252 -0.153029  0.033948  0.624614   4
  1  0  0.938300 21.887612 10.057152 -5.625722  0.460108  0.231651  0.370760   7
  1  0  0.938300  0.134371 -6.899159-10.336577 -0.026770 -0.029723  0.088705   2
  1  0  0.938300  4.765335 -5.390595-17.356962  0.065050  0.002920 -0.031151   1
  1  0  0.938300 12.975432  8.035502 19.662619  0.139485  0.204173  0.859451   2
  1  0  0.938300  8.947584 11.799960 17.217523  0.178542  0.210082  1.043185   8
  1  0  0.938300 16.806993  7.580640-23.043181  0.237021  0.186800 -0.085420   2
  1  0  0.938300-11.899815 -4.439530  0.723372 -0.318030 -0.148180  0.548246   7
  1  0  0.938300  0.246791  3.279388-15.309030 -0.084105  0.090956  0.007414   1
  1  0  0.938300  9.681988  6.657821-21.253564  0.184623 -0.012435  0.040137   1
  1  0  0.938300  7.418295 23.323112 11.734893  0.142453  0.663779  0.949755   4
  1  0  0.938300  8.276612-17.811601  2.192621  0.364862 -0.605417  0.531518   5
  1  0  0.938300 11.954718  1.401674 10.791490  0.180301  0.006580  0.696950   7
  1  0  0.938300  2.915021  0.238746-15.472517 -0.089418 -0.070084  0.071874   1
  1  0  0.938300  6.550194  7.669839-19.274894  0.092446  0.066200  0.158228   1
  1  1  0.938300-17.963276  4.883048  6.952719 -0.354619  0.093493  0.591073   3
  1  0  0.938300 -8.358041  6.660522  6.983830 -0.197397  0.042792  0.621920   7
  1  0  0.938300-11.064867 -3.504526-13.168495 -0.238268  0.030495  0.116022   4
  1  0  0.938300  9.017684 -7.017333-19.753224  0.163715 -0.197181  0.125392   1
  1  0  0.938300  8.692685  7.578086  8.746030  0.203873  0.149240  0.753423   5
  1  0  0.938300 10.862733 -8.711099-12.358855  0.149376 -0.013418  0.099249   2
  1  0  0.938300  1.970992-18.643592 -1.417732  0.137437 -0.226287  0.401438   2
  1  0  0.938300  1.649219 -1.945482-10.134020 -0.000123 -0.068162  0.097560   4
  1  0  0.938300 -4.926763  8.156489-26.195314 -0.118720  0.069204 -0.062543   1
  1  0  0.938300-16.760428 11.283456 15.742095 -0.308545  0.378766  0.826692   3
  1  0  0.938300  4.246722  1.899577-13.016636  0.028919  0.019372  0.179376   1
  1  1  0.938300 -1.000751  9.201584  3.308702  0.072835  0.189896  0.475302   6
  1  0  0.938300-11.848987 -9.599635  2.118326 -0.146711 -0.223003  0.537910   4
  1  0  0.938300 -0.535746  7.207358-14.915586  0.025769  0.214863  0.192266   1
  1  0  0.938300  0.432217  5.956770-18.797109  0.059071 -0.031429 -0.049122   1
  1  0  0.938300-16.742852-18.835385 -6.328918 -0.402486 -0.373896  0.302275   2
  1  0  0.938300  1.351565  6.526614 -7.621536  0.063859  0.097565  0.361948   4
  1  0  0.938300 13.788692  5.135262  9.463277  0.233699  0.064378  0.667076   5
  1  0  0.938300 -1.657922 -9.685602-12.108030 -0.056986 -0.091995  0.254351   1
  1  0  0.938300-10.745580 -8.843850-19.888504 -0.283438 -0.193912 -0.002266   4
  1  0  0.938300  4.979830  1.770523 -9.582789  0.087681  0.031444  0.210322   2
  1  0  0.938300-10.052888 -5.687795  6.784565 -0.202242 -0.120734  0.621380   6
  1  0  0.938300 -6.361596 -5.770875-15.993072 -0.150456 -0.061352  0.064158   4
  1  0  0.938300  1.793767 11.855718-18.947459  0.050051  0.200044  0.040777   1
  1  1  0.938300  2.078686  8.573307 -6.156306  0.109740  0.262975  0.319966   4
  1  1  0.938300 14.922587 21.881527 -6.765143  0.293577  0.372281  0.326680  -2
  1  1  0.938300 14.803181 -2.895474 12.505041  0.480931 -0.135132  0.845444  -3
  1  1  0.938300  1.474246  5.932278  0.852455 -0.068908 -0.009619  0.422262  -7
  1  1  0.938300  7.557046 -0.150288 13.614121  0.043949 -0.019626  0.778400  -1
  1  1  0.938300  7.713618  6.352953 10.621989  0.319275  0.298745  0.912565  -2
  1  1  0.938300-13.745368-20.609086-11.988964 -0.368707 -0.437913  0.200965  -4
  1  1  0.938300-24.981839 -9.693869-20.421962 -0.611959 -0.140725 -0.017905  -3
  1  1  0.938300  8.993424 -2.716293  8.874104  0.047912  0.054888  0.669224  -3
  1  1  0.938300 -5.785948 -1.822441  8.886821  0.005702  0.014817  0.654614  -1
  1  1  0.938300  9.037244  1.308804  5.214999  0.248800  0.056280  0.566310  -3
  1  1  0.938300  7.153510 17.683631  7.213325  0.226290  0.380695  0.700197  -2
  1  1  0.938300-14.789863 -6.878008  6.295703 -0.481868 -0.199345  0.735089  -6
  1  1  0.938300  9.807891 -9.523800 17.849556  0.119285 -0.147535  0.942864  -1
  1  1  0.938300  8.508146 -0.999429 27.844602  0.110938 -0.028169  1.248873  -1
  1  1  0.938300-11.248814 -0.793009 15.873551 -0.124996 -0.102350  1.038760  -1
  1  1  0.938300  3.598798  0.801617 16.818528 -0.052759  0.011648  0.883091  -1
  1  1  0.938300  6.950533 -4.697564 14.261906  0.084697 -0.016074  0.850732  -1
  1  1  0.938300 10.411543  1.998840  1.446997  0.103060  0.070370  0.441681  -2
  1  1  0.938300  4.666626 -0.615974 14.651391  0.100861 -0.037770  0.670733  -1
  1  1  0.938300  7.229811  9.314280  1.703014  0.152379  0.044812  0.434007  -4
  1  1  0.938300 -5.409881  7.344917  9.693724 -0.051655  0.156001  0.770768  -3
  1  1  0.938300-10.921704 -5.840238  4.936193 -0.213974 -0.050720  0.626168  -4
  1  1  0.938300 11.876126  8.244418 17.126141  0.093981  0.160481  0.904628  -1
  1  1  0.938300 -1.486361  7.810303 23.973737  0.082619  0.123325  0.915184  -1
  1  1  0.938300 22.280050 -2.785649 -2.432940  0.510739 -0.092681  0.435354  -4
  1  1  0.938300 -5.384525  1.588791  9.335516 -0.077878 -0.154667  0.743231  -3
  1  1  0.938300-16.261279 10.395177 -0.625414 -0.357425  0.197162  0.551235  -5
  1  1  0.938300 -6.332994 -4.072998-14.756494 -0.203662  0.073162  0.072748  -3
  1  1  0.938300  3.515073  1.467327 24.163871  0.098696 -0.002654  1.082994  -1
  1  0  0.938300-10.220984 -8.169814  9.215477 -0.160081 -0.303097  0.705790  -3
  1  1  0.938300-23.721759 -7.196470  7.525724 -0.612677 -0.086195  0.813197  -2
  1  1  0.938300  2.829355-12.452083 -7.262405  0.032319 -0.232588  0.273969  -5
  1  1  0.938300 25.112506 -6.783698 10.443417  0.530488 -0.115615  0.767909  -3
  1  1  0.938300 10.877973 -0.574543 18.538975  0.147810  0.049461  0.837879  -1
  1  0  0.938300 -2.038822 -8.005111 -0.516998 -0.010628 -0.289756  0.513703  -5
  1  1  0.938300 -7.243336 -3.182126  2.885458 -0.104254 -0.018220  0.504700  -1
  1  1  0.938300 -4.109515  4.033056 17.802373 -0.017616 -0.059947  0.748932  -1
  1  1  0.938300 -6.189483 -9.907708  0.653390 -0.197192 -0.166905  0.422461  -5
  1  1  0.938300  6.297648 -2.928451 21.735955  0.126705 -0.044265  0.942479  -1
  1  1  0.938300  2.505892  7.570925 14.487871 -0.082100  0.142771  0.825027  -3
  1  1  0.938300  3.974511 -3.046029 -5.395876  0.249597  0.012144  0.394706  -5
  1  0  0.938300 -9.172976  6.748952 24.736728 -0.156976  0.154090  1.134194  -8
  1  1  0.938300  9.754025  4.354736 11.393644  0.168778  0.120629  0.770018  -1
  1  0  0.938300  5.393866-18.846146 11.939240  0.185197 -0.426250  0.850450  -2
  1  1  0.938300  5.636500  7.268411 16.947863  0.058575  0.127697  0.965731  -1
  1  1  0.938300 11.815849 16.283271 -1.323300  0.257435  0.366099  0.467289  -2
  1  1  0.938300-23.725554  4.254763  5.770155 -0.404373  0.140903  0.624619  -2
  1  1  0.938300-12.765391 -7.723651-13.232227 -0.124615 -0.092798  0.233755  -3
  1  1  0.938300-12.997730-12.533937 21.911540 -0.239134 -0.215975  1.034197  -1
  1  1  0.938300  8.516584-21.895491-11.003681  0.113687 -0.352369  0.220475  -2
  1  1  0.938300  1.714011-13.841513 18.299111 -0.029993 -0.177690  0.953808  -1
  1  0  0.938300  4.354364-11.280895  9.913434  0.161636 -0.312346  0.882598  -6
  1  1  0.938300 -5.792177 -9.569557 18.159531 -0.140485 -0.192401  0.980573  -1
  1  1  0.938300  0.608045 -7.715707 18.158856 -0.086283 -0.186890  0.887564  -1
  1  1  0.938300-27.036339  6.634347  1.227406 -0.715459  0.176761  0.517175  -8
  1  1  0.938300-16.561684 -4.478809 -1.663515 -0.388481 -0.084269  0.342197  -5
  1  1  0.938300  8.860449 -9.527718 14.792034  0.090932 -0.102749  0.882025  -1
  1  1  0.938300 16.727294  4.497036 26.057748  0.279822  0.058707  1.188635  -2
  1  1  0.938300  8.652626  1.692452 16.072882  0.256884  0.029200  0.832432  -1
  1  1  0.938300 -2.111149  8.039869-23.643757  0.080501  0.226379 -0.105475  -3
  1  1  0.938300 10.128106 -9.948495-20.247529  0.116387 -0.171972  0.018115  -3
  1  1  0.938300  8.299885  1.741916-10.720417  0.057049 -0.039373  0.274610  -6
  1  1  0.938300 26.285640 15.718854  2.435209  0.489580  0.300309  0.584473  -3
  1  1  0.938300  3.514097 -2.881041  7.798731  0.024109 -0.089294  0.638618  -1
  1  1  0.938300  5.068980 12.035322  5.536657  0.091425  0.166027  0.593751  -9
  1  1  0.938300  8.769562  7.152249 18.517104  0.102008  0.124136  1.067596  -1
  1  0  0.938300 -0.094203 -3.894765  5.633853  0.025554 -0.109477  0.537858  -3
  1  1  0.938300  6.274124-14.016787 11.682804  0.013686 -0.229925  0.670030  -5
  1  1  0.938300 -3.591260 -8.223171 23.278852  0.013168 -0.155346  0.986132  -1
  1  1  0.938300 -0.457875 -9.169025-11.667065 -0.079112 -0.066600  0.169052  -4
  1  1  0.938300 13.790546-13.534254 21.959551  0.351191 -0.341800  1.202541  -2
  1  1  0.938300  3.906621-12.753717 14.919465  0.035100 -0.252967  1.012871  -2
  1  1  0.938300-18.770403  3.937871  1.496654 -0.279696  0.112885  0.488062  -3
  1  1  0.938300  3.127720  6.800910 15.670589  0.033688  0.071207  0.998825  -1
  1  1  0.938300 -3.859867  7.716175 14.769375  0.011540  0.181258  0.717895  -2
  1  1  0.938300  0.041650  3.973081 13.384459 -0.108430  0.099118  0.891488  -4
  1  1  0.938300 22.743251 13.015588  3.973787  0.604383  0.176081  0.606781  -3
  1  1  0.938300 13.470304  5.553455  4.204532  0.215000  0.021667  0.603988  -4
  1  1  0.938300  2.836102 -0.041678 19.969909  0.012277  0.023725  1.071374  -1
  1  0  0.938300  1.468861 -3.367852 10.431940  0.060426 -0.194929  0.826036  -3
  1  0  0.938300 -1.643942-10.771851-11.881201  0.012055 -0.208279  0.281659 -10
  1  0  0.938300  1.557678 20.176259  1.992852  0.003049  0.394861  0.467155  -8
  1  0  0.938300-19.172232  8.414488-13.545702 -0.398006  0.178126  0.057850  -8
  1  0  0.938300  4.446851 -3.349852 16.616596  0.029095  0.009889  1.135028  -1
  1  0  0.938300 -4.749395 12.358426 -1.907780 -0.143077  0.202778  0.431265  -3
  1  0  0.938300 13.722694 -2.249699 11.370832  0.331745 -0.064325  0.768180  -3
  1  0  0.938300 -2.528679-14.901199 -1.283024  0.093424 -0.282312  0.452812  -3
  1  0  0.938300  4.432208 -3.528278 17.866419 -0.089380 -0.150931  0.857128  -1
  1  0  0.938300-11.620394 12.671642  5.723077 -0.284497  0.321355  0.821346  -1
  1  0  0.938300 19.123515-13.548666 -7.356144  0.272846 -0.224074  0.362826  -3
  1  0  0.938300-21.376737  7.725906-13.239489 -0.347635  0.055324  0.155047  -2
  1  1  0.938300  2.579688 13.382325  3.089951  0.156079  0.385279  0.532653  -5
  1  0  0.938300  2.099907 11.040507 18.763839  0.033397 -0.003104  0.849152  -1
  1  0  0.938300  8.020543 -3.071295 10.665536  0.008157 -0.056112  0.636145  -1
  1  0  0.938300 13.015633  2.066240-10.874972  0.213941  0.086343  0.070589  -3
  1  0  0.938300-13.720560-25.982744 -4.546256 -0.438976 -0.548918  0.342189  -6
  1  0  0.938300  7.832395 -1.084749 -4.317982  0.150852  0.085014  0.373009  -4
  1  0  0.938300-15.117846  9.663630 13.349395 -0.157587  0.166084  0.885918  -2
  1  0  0.938300 -3.092723  6.699672 21.368204 -0.039623  0.092779  0.875429  -1
  1  0  0.938300-18.748941 -6.839286 -0.038406 -0.400697 -0.089540  0.461191  -5
  1  0  0.938300-20.830938  3.826041  1.285012 -0.328539  0.056281  0.436319  -2
  1  0  0.938300  1.140222  8.959140 16.835736  0.008107  0.034768  0.740803  -1
  1  0  0.938300 -5.034655  1.244284  8.088066 -0.103188  0.006632  0.653288  -7
  1  0  0.938300  9.861771  0.994493 23.911821  0.152544  0.051820  1.010840  -1
  1  0  0.938300  2.868927  4.334063 13.755341 -0.039768  0.020757  0.979359  -1
  1  0  0.938300-31.647645 -0.745846  9.221956 -0.573758 -0.014801  0.759631  -2
  1  0  0.938300  8.301537  6.261807  0.819575  0.184025  0.149986  0.502481  -3
  1  0  0.938300  0.383392  6.048344 -4.170920  0.054047  0.106378  0.299707  -6
  1  0  0.938300 -5.342776 -7.337650 20.549317 -0.074126 -0.014186  1.034315  -1
  1  0  0.938300  7.604176-28.887959  5.612005  0.255848 -0.641155  0.687079  -5
  1  0  0.938300-10.666975  7.091934 15.083440 -0.170105  0.077109  0.725589  -1
  1  0  0.938300  9.397967  5.651029 18.607116  0.139913  0.091036  0.974661  -1
  1  0  0.938300 11.985111  5.533532 -4.583712  0.302771  0.082116  0.448922  -2
  1  0  0.938300-11.042868  3.698558 18.304137 -0.091843  0.113133  0.951133  -1
  1  0  0.938300  9.684364-10.384729 17.901029  0.146188 -0.054448  0.980049  -4
  1  0  0.938300 22.604230 -7.988411 21.410004  0.542383 -0.117903  1.197072  -2
  1  0  0.938300 13.293964 14.354107 -6.873187  0.165261  0.213505  0.298133  -4
  1  0  0.938300  3.251005-11.885570 -1.089469  0.046147 -0.326809  0.394545  -5
  1  0  0.938300 -5.623435  0.753169 21.955369 -0.064271  0.102935  1.035685  -1
  1  0  0.938300 26.675218 10.812599  0.643520  0.557486  0.163038  0.522988  -7
  1  0  0.938300  5.649302 11.019263  2.019068  0.104517  0.285387  0.587164  -4
  1  0  0.938300-13.485768 -3.270829 -7.396618 -0.374404 -0.008436  0.221959  -2
  1  0  0.938300  4.200104  1.859808  7.298064  0.318245 -0.048845  0.736480  -2
  1  0  0.938300  9.049033 -4.990021 15.322562  0.140657 -0.204270  0.894062  -1
  1  0  0.938300 -3.924918 -4.366948 -2.757967 -0.061919  0.010221  0.281150  -5
  1  0  0.938300 -0.576481 -1.892679 10.820630  0.165084 -0.004290  0.716163  -2
  1  0  0.938300 19.194735 -7.822267 12.349020  0.515212 -0.239119  0.766185  -2
  1  0  0.938300-10.604591 19.088596 -5.780451 -0.251031  0.338648  0.302834  -5
  1  0  0.938300 -2.881116  7.625411 13.246212  0.002087  0.127529  0.700493  -1
  1  0  0.938300 -0.291052  4.079361  0.663169 -0.065963  0.212100  0.451198  -6
  1  0  0.938300 14.616845 -6.430455 -7.575476  0.311010 -0.186934  0.270391  -6
  1  0  0.938300 14.976890-14.706313 -4.965281  0.275989 -0.368727  0.481450  -2
  1  0  0.938300  2.792559 -6.572878 19.322427 -0.095918 -0.150369  0.892156  -1
  1  0  0.938300  9.334162  0.897606 22.646105  0.040716  0.089985  1.179562  -1
  1  0  0.938300 23.038254  5.797983 15.342708  0.470151  0.074052  0.920620  -4
  1  0  0.938300 -9.457908 -7.618799 18.976998 -0.152837 -0.141683  0.929280  -1
  1  0  0.938300 12.617032  0.762362  0.522658  0.273900 -0.090572  0.404832  -8
  1  0  0.938300 -0.408500 11.232034 12.770440  0.005701  0.208279  0.890142  -4
  1  0  0.938300 -2.913391  0.555144 19.691974 -0.008561 -0.087438  0.849202  -1
  1  0  0.938300-10.314178 -9.130075-11.207983 -0.082933 -0.175802  0.149787  -3
  1  0  0.938300  6.841283  7.209262 10.480121  0.000363  0.032068  0.610503  -1
  1  1  0.938300 21.237546 -4.285485  0.250619  0.465155 -0.191357  0.561377  -4
  1  0  0.938300-14.201806 -6.563869 13.819952 -0.310635 -0.162832  0.865049  -5
  1  0  0.938300  2.725710 -2.789752  9.753501  0.052255 -0.068475  0.629267  -1
  1  0  0.938300 -8.834215-13.768988 -5.814507 -0.173100 -0.285787  0.327893  -6
  1  0  0.938300 -8.776616  6.919747  5.382819 -0.143976  0.112422  0.589469  -5
  1  0  0.938300 -4.106234  7.898411-11.335161 -0.146695  0.094398  0.304085  -3
  1  1  0.938300  5.536018  5.423748  2.268311  0.233602 -0.007358  0.477807  -4
  1  0  0.938300 -3.481553  2.293983 18.920342 -0.160479  0.016390  0.970921  -1
  1  0  0.938300  6.692815  1.228832 17.258949  0.178125  0.122925  0.804514  -1
  1  0  0.938300  7.164230 23.772724 -8.164672  0.115492  0.499699  0.322554  -2
  1  0  0.938300  4.306415  8.586837  4.868158 -0.027915  0.213338  0.513277  -2
  1  0  0.938300-10.021461 -1.811379 11.616715 -0.192148  0.083472  0.925527  -5
  1  0  0.938300  3.796637 -7.732607 20.676820 -0.058594 -0.179157  1.009184  -1
  1  0  0.938300  1.507340  1.142158 14.283179 -0.041585  0.067840  0.886995  -1
  1  0  0.938300-14.354341  0.678219  5.684402 -0.348047 -0.004661  0.736593  -3
  1  0  0.938300  5.432102 17.082565 19.074583  0.184986  0.270982  1.062514  -2
  1  0  0.938300-10.748088 -4.495373-22.602623 -0.176722  0.022317 -0.006002  -3
  1  0  0.938300-10.682442  7.829094 11.928650 -0.158719  0.064642  0.742207  -1
  1  0  0.938300-19.279761  4.832214 -1.592802 -0.321586  0.104504  0.527691  -3
  1  1  0.938300-12.294777 -3.630303  6.244127 -0.161148 -0.064679  0.579250  -8
  1  0  0.938300  3.079925 -9.579866 29.119258  0.068990 -0.127334  1.286848  -2
  1  0  0.938300  1.459511  6.645164 18.815968  0.064451  0.016377  0.937542  -1
  1  0  0.938300  2.274957 -6.431719 19.107410 -0.008877 -0.075137  0.878562  -1
  1  0  0.938300  6.675800 10.195453 -4.740285  0.255977  0.273373  0.437162  -6
  1  0  0.938300-10.783223 15.828365 24.141213 -0.196071  0.370961  1.124165  -2
  1  0  0.938300 25.726504  8.072381 -3.848393  0.710678  0.110695  0.423283  -3
  1  0  0.938300 -6.522624  0.972795 20.743857  0.039851 -0.031863  0.927725  -1
  1  0  0.938300 -2.412063 -0.398780 28.346147 -0.051272  0.044919  1.171025  -1
  1  0  0.938300  5.245391 11.763895  8.695514  0.118572  0.174728  0.529254  -2
  1  0  0.938300-11.654757  3.991892 18.316793 -0.114757  0.135712  1.041948  -1
  1  0  0.938300 23.899226  6.748243 -3.418044  0.538924  0.177446  0.394148  -5
  1  0  0.938300  1.639882  0.606608 -6.937809 -0.050229  0.020643  0.182228  -3
  1  0  0.938300 -0.364585-11.659704 15.159737  0.106115 -0.066651  0.804121  -1
  1  0  0.938300 18.627459-13.268809-10.417325  0.441297 -0.259375  0.250905  -3
  1  0  0.938300  2.596354 -8.798827 -1.375143 -0.024325 -0.130300  0.373850  -8
  1  0  0.938300 -9.616563 14.055962-14.819959 -0.125952  0.200493  0.209119  -2
  1  0  0.938300 17.900472 11.116050 22.686471  0.346219  0.157997  1.070624  -2
  1  0  0.938300  9.124505 -0.249183 18.802510  0.103960  0.057625  1.019963  -1
  1  0  0.938300 -8.045180 16.440225  7.367831 -0.038765  0.334277  0.618443  -4
  1  0  0.938300 -7.428001-20.793369 18.823283 -0.174154 -0.491140  1.091967  -3
  1  0  0.938300 -7.784797 -8.503096  5.221066 -0.179515 -0.207689  0.574027  -2
  1  0  0.938300 -1.513892  7.367715-10.388784 -0.099597  0.133107  0.155307  -3
  1  0  0.938300  1.794854 -2.683571 17.741150 -0.025654 -0.166192  1.122400  -1
  1  0  0.938300  8.729571  6.660252  2.670925  0.133885  0.089880  0.466226  -7
  1  0  0.938300  1.333877-16.278954 -2.591465  0.065620 -0.276117  0.410597  -2
  1  0  0.938300  5.503291 -6.386947 14.922199  0.254952 -0.233054  0.974514  -2
  1  0  0.938300 -8.973298  5.672891  9.298280 -0.110561 -0.007662  0.663454  -2
  1  0  0.938300 -7.653555  9.652919 19.757793 -0.053630  0.061874  0.849129  -1
  1  0  0.938300  2.245574 17.116464 13.697956  0.099126  0.223462  0.743279  -2
  1  1  0.938300-24.711899 -8.757723 -1.333834 -0.582394 -0.232382  0.525599  -4
  1  0  0.938300 -1.347830 -3.341929  1.589730 -0.020725 -0.052270  0.517330  -3
  1  0  0.938300-14.734761 10.858420 -0.597461 -0.356040  0.211010  0.462667  -4
  1  0  0.938300  5.212217 -4.073614 22.626288  0.089738  0.090832  1.028122  -1
  1  0  0.938300-23.917971 20.422635 14.552424 -0.658847  0.446995  1.033670  -4
  1  0  0.938300  7.801288 -9.058135-18.005437  0.129760 -0.197284  0.138782  -2
  1  0  0.938300-32.205565 -4.239339 -4.847930 -0.710112 -0.117128  0.459108  -2