  1  1  0.938300 -0.009332  0.211572  0.679041   2
  1  1  0.938300  0.086144  0.374151  0.718917   3
  1  1  0.938300 -0.089413  0.397348  0.488558   2
  1  1  0.938300  0.291701  0.325802  0.315165   2
  1  1  0.938300 -0.011993  0.170457  0.183316   4
  1  1  0.938300 -0.119966  0.105864  0.313456   5
  1  1  0.938300 -0.201558  0.339054  0.428091   3
  1  1  0.938300  0.225990  0.436466  0.474925   3
  1  1  0.938300  0.044686  0.234668  0.563868   6
  1  1  0.938300  0.078111  0.121656  0.184020   2
  1  1  0.938300  0.003940 -0.140138  0.223068   3
  1  1  0.938300 -0.370999  0.537957  0.382673   3
  1  1  0.938300  0.108972 -0.211996  0.236606  10
  1  0  0.938300  0.353104 -0.059658  0.447370   3
  1  1  0.938300  0.112420  0.136556  0.039359   1
  1  1  0.938300  0.082787  0.131294  0.892899   8
  1  1  0.938300  0.118557 -0.025640  0.303787   4
  1  1  0.938300  0.075934 -0.045614  0.090962   1
  1  1  0.938300 -0.163820  0.217482  0.038145   2
  1  1  0.938300 -0.406181 -0.080670  0.190827   3
  1  1  0.938300  0.143037  0.001226 -0.084589   1
  1  1  0.938300 -0.000364  0.005148  0.025085   2
  1  1  0.938300 -0.067159 -0.016821  0.031581   2
  1  1  0.938300  0.025077  0.294371  0.269941   3
  1  1  0.938300  0.149174  0.038707  0.213591   2
  1  1  0.938300 -0.156129 -0.044453  0.037678   1
  1  1  0.938300  0.007015  0.464953  0.190586   5
  1  1  0.938300  0.077629 -0.045887 -0.034723   3
  1  1  0.938300  0.302298 -0.023230  0.528543   2
  1  1  0.938300  0.458498  0.007425  0.180749   4
  1  1  0.938300 -0.464200 -0.331200  0.360314   3
  1  1  0.938300 -0.179712 -0.066038  0.861287   2
  1  1  0.938300 -0.115404  0.280468  0.968525   4
  1  1  0.938300 -0.117557  0.006912 -0.066460   1
  1  1  0.938300  0.171012 -0.483518  0.367181   3
  1  1  0.938300 -0.073097 -0.070696 -0.072395   4
  1  1  0.938300  0.190452  0.207139  0.388621   4
  1  1  0.938300  0.142819 -0.211434  0.165022   4
  1  1  0.938300  0.006208  0.042017  0.285620   2
  1  1  0.938300  0.347235 -0.145553  0.279656   2
  1  1  0.938300  0.052777 -0.329338  0.640444   4
  1  1  0.938300  0.291518 -0.001746  0.307520   2
  1  1  0.938300  0.108724  0.141193  0.377571   5
  1  1  0.938300 -0.420558 -0.053768  0.306991   4
  1  1  0.938300  0.266194  0.407650 -0.012739   3
  1  1  0.938300  0.130303 -0.135952  0.288890   3
  1  1  0.938300 -0.042922 -0.002341  0.093481   1
  1  1  0.938300 -0.154805  0.152474  0.050498   5
  1  1  0.938300  0.130309 -0.144430  0.238610   8
  1  1  0.938300  0.241417  0.150063  0.360619   3
  1  1  0.938300 -0.184000 -0.020736  0.187077   1
  1  1  0.938300  0.039496  0.213830  0.539702   2
  1  1  0.938300 -0.142829 -0.033243  0.178680   7
  1  1  0.938300  0.135638 -0.212429 -0.051990   2
  1  1  0.938300 -0.350279 -0.054293  0.441171   8
  1  1  0.938300  0.059172 -0.196111  0.212746   2
  1  1  0.938300 -0.287281  0.026797  0.268849   4
  1  1  0.938300 -0.039201 -0.365842 -0.036555   4
  1  1  0.938300 -0.163079 -0.514033  0.457425   3
  1  1  0.938300 -0.242275  0.266269  0.549928   3
  1  1  0.938300 -0.023265  0.242279  0.419492   3
  1  1  0.938300  0.307914  0.004509  0.601576   4
  1  1  0.938300  0.147302 -0.068859 -0.079652   1
  1  1  0.938300 -0.074815 -0.229065  0.246366   4
  1  1  0.938300  0.030955  0.088005  0.049996   2
  1  1  0.938300 -0.161180  0.083768  0.038903   7
  1  1  0.938300 -0.158982  0.076417  0.527996   6
  1  1  0.938300 -0.331927 -0.128784  0.554365   2
  1  1  0.938300 -0.364084 -0.146458  0.779670   7
  1  1  0.938300 -0.086789  0.151865  0.027244   1
  1  0  0.938300 -0.173154  0.325358  0.446790   8
  1  1  0.938300 -0.003266 -0.222323  0.028593   1
  1  1  0.938300 -0.039427 -0.410733  0.038962   2
  1  1  0.938300 -0.243198 -0.045100  0.321603   3
  1  1  0.938300  0.352394 -0.023505  0.165252   5
  1  1  0.938300 -0.269482  0.102966  0.104955   4
  1  1  0.938300 -0.322229 -0.116721  0.618529   4
  1  1  0.938300  0.206958 -0.059247  0.048472   2
  1  1  0.938300  0.299509 -0.001297  0.441351   2
  1  0  0.938300 -0.238843  0.127989  0.403732   3
  1  0  0.938300 -0.145884 -0.050558  0.033661   1
  1  0  0.938300  0.195410 -0.047663  0.188919   4
  1  0  0.938300 -0.077787  0.026939 -0.206661   1
  1  0  0.938300  0.066684 -0.155264  0.531331   4
  1  0  0.938300 -0.168909 -0.048582  0.248560   4
  1  0  0.938300  0.027098 -0.026794  0.596759   3
  1  0  0.938300 -0.083460  0.404421  0.316812   8
  1  0  0.938300  0.017536 -0.003325  0.086131   1
  1  0  0.938300 -0.250664  0.350955  0.418237   3
  1  0  0.938300 -0.138748 -0.228247  0.419610   2
  1  0  0.938300  0.123231 -0.181537  0.272241   3
  1  0  0.938300 -0.194271 -0.384535  0.508007   4
  1  0  0.938300 -0.331150  0.501920  0.565003   6
  1  0  0.938300 -0.068966 -0.009103 -0.053743   1
  1  0  0.938300  0.043438 -0.023835  0.230155   3
  1  0  0.938300  0.076468 -0.086290  0.041724   3
  1  0  0.938300  0.029762  0.674667  0.382183   4
  1  0  0.938300  0.068430 -0.074626  0.550361   6
  1  0  0.938300  0.222111  0.064397  0.039341   2
  1  0  0.938300  0.333888 -0.026558  0.126857   5
  1  0  0.938300  0.051456  0.099475 -0.052952   2
  1  0  0.938300 -0.247308  0.168089  0.131570   2
  1  0  0.938300 -0.046374 -0.363532 -0.039120   4
  1  0  0.938300  0.017882 -0.079119  0.177779   1
  1  0  0.938300  0.198772  0.106848 -0.040248   6
  1  0  0.938300  0.196838 -0.001561  0.290019   3
  1  0  0.938300  0.128242  0.114211  0.154045   4
  1  1  0.938300 -0.080054 -0.278201  0.399315   2
  1  0  0.938300  0.232996  0.085711  0.720442   4
  1  0  0.938300 -0.387620 -0.179004  0.433383   3
  1  0  0.938300 -0.127056  0.041448  0.401839   4
  1  0  0.938300 -0.140539  0.047508  0.443106   4
  1  0  0.938300 -0.200614  0.080537  0.382452   3
  1  0  0.938300 -0.216916  0.048309  0.265217   2
  1  0  0.938300 -0.069669 -0.281403  0.192518   3
  1  0  0.938300 -0.122116 -0.107776  0.151582   4
  1  0  0.938300 -0.085883 -0.568513  0.453454   4
  1  0  0.938300 -0.100146 -0.345989  0.193892   3
  1  0  0.938300  0.138980  0.003136  0.180563   1
  1  0  0.938300  0.233554  0.135849  0.780126   3
  1  0  0.938300 -0.125875  0.035333  0.174899   1
  1  0  0.938300 -0.090307 -0.359150  0.030467   2
  1  0  0.938300  0.193735 -0.112646  0.185997   1
  1  0  0.938300 -0.096940 -0.220396  0.193774   3
  1  0  0.938300  0.009430  0.031077  0.681022   2
  1  0  0.938300 -0.410182 -0.063827  0.301629   2
  1  0  0.938300 -0.031567  0.134590  0.264332   2
  1  0  0.938300  0.128998 -0.036548  0.382050   3
  1  0  0.938300  0.430057  0.125768  0.350372   2
  1  0  0.938300  0.107316 -0.078688  0.344110   3
  1  0  0.938300 -0.204753 -0.137105  0.211851   5
  1  0  0.938300 -0.147867 -0.122934  0.388174   4
  1  0  0.938300 -0.055389 -0.024043  0.117198   2
  1  0  0.938300 -0.081914 -0.129749  0.175097   6
  1  0  0.938300  0.065451 -0.289980  0.781206   5
  1  0  0.938300 -0.102930 -0.019028  0.317930   4
  1  0  0.938300 -0.147126  0.133898  0.293287   3
  1  0  0.938300 -0.055726 -0.320645  0.239950   4
  1  0  0.938300  0.215203 -0.210177  0.203633   6
  1  0  0.938300 -0.160682 -0.022393  0.219694   2
  1  0  0.938300 -0.054775  0.032284  0.189210   7
  1  0  0.938300  0.032010  0.030107  0.325732   3
  1  0  0.938300 -0.001664  0.434505  0.245080   6
  1  0  0.938300  0.282791 -0.026281  0.883858   5
  1  0  0.938300 -0.104787  0.155661  0.169375   7
  1  0  0.938300  0.184091 -0.045060  0.189795   3
  1  0  0.938300 -0.061563  0.184099  0.300020   2
  1  0  0.938300 -0.115381 -0.236426  0.486722   2
  1  0  0.938300 -0.105454 -0.012512  0.378962   3
  1  0  0.938300 -0.227236 -0.288196  0.749724   2
  1  1  0.938300 -0.311963 -0.159830  0.309025   3
  1  0  0.938300 -0.079063 -0.197389  0.090744   3
  1  0  0.938300  0.044791  0.072183  0.035305   2
  1  0  0.938300  0.218335  0.115982  0.364657   2
  1  0  0.938300 -0.034233 -0.230056  0.197670   9
  1  0  0.938300  0.120435 -0.185802  0.429939   5
  1  0  0.938300 -0.007593 -0.040454  0.279779   6
  1  0  0.938300  0.034803  0.099640  0.279565   1
  1  0  0.938300  0.140774 -0.126410  0.121459   1
  1  0  0.938300  0.100958  0.122190  0.302908   1
  1  0  0.938300  0.199883 -0.287706  0.276425   7
  1  0  0.938300  0.019715 -0.030675  0.257186   3
  1  0  0.938300 -0.143140  0.039568  0.205770   2
  1  0  0.938300 -0.061966  0.124034  0.320064   4
  1  0  0.938300  0.277833  0.254126  0.414237   4
  1  0  0.938300 -0.118994  0.123102 -0.091459   5
  1  0  0.938300  0.222751 -0.098122  0.684132   2
  1  0  0.938300 -0.112588  0.201308  0.417364   3
  1  0  0.938300 -0.031644  0.006592  0.079052   1
  1  0  0.938300 -0.215704  0.076555  0.041170   7
  1  0  0.938300 -0.096753  0.226927  0.106558   2
  1  0  0.938300 -0.145112  0.002459  0.009810   1
  1  0  0.938300 -0.153845 -0.039640  0.233327   4
  1  0  0.938300  0.153806  0.413546  0.187242   2
  1  0  0.938300  0.289269  0.030502  0.466865   3
  1  0  0.938300  0.250335  0.084947  0.446165   2
  1  0  0.938300  0.150404  0.040265  0.700406   2
  1  0  0.938300 -0.126222  0.466448  0.146432   3
  1  0  0.938300  0.134356 -0.127325  0.237525   3
  1  0  0.938300 -0.294043  0.013138  0.393363   3
  1  0  0.938300 -0.097517 -0.152936  0.247987   3
  1  0  0.938300 -0.092257 -0.164338  0.145388   2
  1  0  0.938300 -0.200213  0.158603  0.630410   5
  1  0  0.938300 -0.444650  0.037519  0.543285   2
  1  0  0.938300 -0.056691  0.078295  0.100460   4
  1  0  0.938300  0.137478 -0.183406  0.434823   3
  1  0  0.938300  0.248795 -0.800236  0.497870   3
  1  0  0.938300 -0.191899 -0.088159  0.585345   2
  1  0  0.938300 -0.235074 -0.050123  0.450124   3
  1  0  0.938300  0.286973  0.087623  0.100883   4
  1  0  0.938300  0.276110  0.063877  0.282598   8
  1  0  0.938300 -0.075405 -0.228458  0.337446   4
  1  0  0.938300  0.053437 -0.108252  0.180081   3
  1  0  0.938300 -0.085459  0.418886  0.370629   2
  1  1  0.938300  0.026799 -0.154657  0.294129   6
  1  0  0.938300 -0.013634  0.151291  0.142823   2
  1  0  0.938300  0.033019  0.035571  0.071500   1
  1  1  0.938300  0.304122  0.064957  0.220560  -2
  1  1  0.938300  0.055251 -0.243840  0.415218  -2
  1  1  0.938300  0.139340  0.260248  0.156442  -3
  1  1  0.938300  0.144643  0.144331  0.677142  -2
  1  1  0.938300  0.075693  0.227852  0.763688  -1
  1  1  0.938300 -0.043410  0.113785  0.518046  -4
  1  1  0.938300  0.354708 -0.075936  0.124779  -6
  1  1  0.938300 -0.068722  0.047686  0.770282  -1
  1  1  0.938300  0.195306  0.145852  0.483502  -1
  1  1  0.938300  0.164440 -0.070776  0.212309  -4
  1  1  0.938300 -0.108604  0.190236  0.465254  -2
  1  1  0.938300  0.105251 -0.016705  0.329574  -2
  1  1  0.938300 -0.355696 -0.244299  0.350833  -2
  1  1  0.938300  0.135129 -0.131274 -0.018344  -4
  1  1  0.938300 -0.374583  0.003896  0.562087  -2
  1  1  0.938300 -0.050004  0.018688  0.738730  -1
  1  1  0.938300  0.069644  0.021553  0.491116  -1
  1  1  0.938300  0.245996  0.078540  0.563502  -2
  1  1  0.938300  0.224264  0.193877  0.353919  -3
  1  1  0.938300  0.189700  0.029959  0.540418  -1
  1  1  0.938300 -0.300189  0.088571  0.840939  -4
  1  1  0.938300 -0.092125  0.265885  0.627758  -3
  1  1  0.938300  0.255054  0.405033  0.536755  -3
  1  1  0.938300 -0.236055 -0.296145  0.310315  -2
  1  1  0.938300 -0.063981 -0.122901  0.377780  -5
  1  1  0.938300  0.145788  0.149326  0.170997  -4
  1  1  0.938300 -0.371240  0.145842  0.734498  -2
  1  1  0.938300 -0.070617 -0.099371  0.804470  -7
  1  1  0.938300  0.216727 -0.123658  0.519150  -3
  1  1  0.938300  0.175697 -0.005138  0.608807  -3
  1  1  0.938300  0.009136  0.014300  0.112647  -5
  1  1  0.938300 -0.084529  0.232767 -0.000233  -4
  1  1  0.938300 -0.013493  0.094206  0.344228  -2
  1  1  0.938300 -0.162170 -0.186967  0.286689  -3
  1  1  0.938300 -0.114062  0.389691  0.252168  -4
  1  1  0.938300  0.015050 -0.214526  0.340033  -2
  1  1  0.938300  0.099333  0.116403  0.425802  -2
  1  1  0.938300  0.094357  0.001668  0.197562  -2
  1  1  0.938300 -0.115412  0.038488  0.740946  -1
  1  1  0.938300  0.020854  0.281848  0.162258  -4
  1  1  0.938300  0.196401  0.292390  0.312056  -5
  1  1  0.938300  0.122735  0.153043 -0.023780  -3
  1  1  0.938300  0.037256 -0.033888  0.468393  -2
  1  1  0.938300  0.262616  0.191741  0.734341  -4
  1  1  0.938300  0.027850 -0.243248  0.505051  -1
  1  0  0.938300  0.189602 -0.262778  0.320648  -6
  1  1  0.938300  0.434093  0.225660  0.355715  -3
  1  1  0.938300  0.091335  0.014793  0.337316  -4
  1  1  0.938300  0.467835  0.052426  0.405398  -4
  1  1  0.938300 -0.227643  0.220037  0.898227  -6
  1  1  0.938300 -0.264828 -0.014647  0.780778  -2
  1  1  0.938300 -0.145697  0.180021  0.650655  -5
  1  1  0.938300  0.122729 -0.298376  0.230403  -3
  1  1  0.938300  0.283923 -0.013267  0.358378  -2
  1  0  0.938300 -0.116394 -0.008992  0.221162  -4
  1  1  0.938300  0.131936 -0.212209  0.305286  -2
  1  1  0.938300  0.128352  0.314394  0.060779  -6
  1  1  0.938300  0.221024 -0.145786  0.702021  -8
  1  1  0.938300 -0.183606  0.063767  0.642813  -4
  1  1  0.938300  0.341795 -0.017437  0.507563  -3
  1  1  0.938300 -0.110962  0.124492 -0.005312  -2
  1  1  0.938300  0.045979  0.054627  0.564812  -4
  1  1  0.938300  0.203902  0.049857  0.352941  -7
  1  1  0.938300  0.016693  0.205841  0.224974  -2
  1  1  0.938300  0.020602 -0.092091  0.331390  -3
  1  1  0.938300 -0.260196  0.516810  0.061397  -3
  1  1  0.938300  0.134630  0.192275  0.155404  -2
  1  1  0.938300 -0.126700  0.011576  0.758828  -1
  1  1  0.938300  0.092741  0.266582  0.101056  -2
  1  1  0.938300 -0.116277 -0.110743  0.610900  -4
  1  1  0.938300 -0.096872  0.030312  0.753760  -1
  1  1  0.938300 -0.314926 -0.253723  0.340935  -4
  1  1  0.938300  0.031423 -0.311950  0.330131  -3
  1  1  0.938300  0.250133 -0.160945  0.324783  -3
  1  1  0.938300  0.021399 -0.159366  0.196250  -3
  1  1  0.938300 -0.393588  0.096500  0.335885  -3
  1  1  0.938300  0.018393  0.358869  0.504818  -3
  1  1  0.938300 -0.133732  0.219785  0.409887  -3
  1  1  0.938300  0.334473 -0.121998  0.561687  -2
  1  0  0.938300  0.043373 -0.010810  0.323327  -3
  1  0  0.938300 -0.013481  0.003242  0.891340  -1
  1  0  0.938300  0.169563  0.182208  0.766586  -3
  1  0  0.938300  0.004176  0.075662  0.547950  -2
  1  0  0.938300  0.207910 -0.197100  0.626013  -2
  1  0  0.938300  0.182282  0.137937  0.107756  -2
  1  0  0.938300 -0.122225 -0.298936  0.838236  -5
  1  0  0.938300  0.085464 -0.095481  0.304989  -3
  1  0  0.938300 -0.096173  0.046401  0.442415  -3
  1  0  0.938300  0.043892 -0.158548  0.672475  -4
  1  0  0.938300 -0.058280 -0.087607  0.767524  -4
  1  0  0.938300 -0.325158 -0.441768  0.852015  -5
  1  0  0.938300  0.114180 -0.022022  0.279742  -3
  1  0  0.938300  0.275584 -0.126361  0.001559  -5
  1  1  0.938300  0.168616  0.175272  0.322241  -4
  1  0  0.938300 -0.084016 -0.004367  0.523486  -9
  1  0  0.938300  0.140520 -0.040335 -0.014577  -5
  1  0  0.938300 -0.016684  0.025248  0.370512  -1
  1  0  0.938300 -0.172452  0.141724  0.613829  -2
  1  0  0.938300  0.237413  0.015648  0.292499  -3
  1  0  0.938300  0.066098  0.002591  0.303567  -4
  1  0  0.938300 -0.016666  0.312617  0.537989  -2
  1  0  0.938300 -0.033306 -0.015603  0.267149  -5
  1  0  0.938300 -0.036853  0.087016  0.159919  -3
  1  0  0.938300 -0.097330 -0.024468  0.618928  -6
  1  0  0.938300 -0.284196 -0.090143  0.385768  -5
  1  0  0.938300 -0.067142 -0.142198  0.167181  -5
  1  0  0.938300 -0.025359 -0.104622  0.039161  -6
  1  0  0.938300 -0.178956 -0.103448  0.706684  -3
  1  0  0.938300 -0.171587 -0.199830  0.006473  -4
  1  0  0.938300 -0.493775  0.241522  0.643152  -3
  1  1  0.938300  0.442595  0.081586  0.206634  -5
  1  1  0.938300  0.132986  0.049291  0.462193  -5
  1  0  0.938300 -0.229141  0.182667  0.595839  -2
  1  0  0.938300  0.089937  0.010221  0.549369  -1
  1  0  0.938300 -0.113576 -0.052264  0.795539  -1
  1  0  0.938300  0.242184  0.150089  0.349668  -4
  1  0  0.938300  0.092218 -0.054963  0.601159  -3
  1  0  0.938300  0.006669 -0.363831  0.259874  -7
  1  0  0.938300 -0.213803 -0.268597  0.376069  -2
  1  0  0.938300 -0.203904 -0.195740  0.281430  -4
  1  0  0.938300  0.233092 -0.325273  0.165159  -3
  1  0  0.938300 -0.316627  0.000092  0.410707  -5
  1  0  0.938300  0.215521 -0.119925 -0.027328  -2
  1  0  0.938300 -0.102667 -0.082643  0.811226  -1
  1  0  0.938300 -0.018504 -0.007326  0.594494  -5
  1  0  0.938300  0.094399 -0.101301  0.670203  -1
  1  0  0.938300  0.288353 -0.191871  0.409127  -5
  1  0  0.938300  0.000264 -0.110515  0.401885  -4
  1  0  0.938300  0.067921 -0.057784  0.437184  -2
  1  0  0.938300  0.440262  0.149121  0.184960  -5
  1  0  0.938300 -0.080113  0.311508  0.181661  -6
  1  0  0.938300 -0.100160  0.011352  0.646148  -1
  1  0  0.938300  0.175052  0.134542 -0.003597  -4
  1  0  0.938300  0.061783  0.087815  0.618634  -1
  1  0  0.938300  0.071998  0.206887  0.216738  -3
  1  0  0.938300 -0.182733  0.007080  0.286394  -3
  1  0  0.938300 -0.025122 -0.056073  0.635709  -2
  1  0  0.938300  0.073370  0.118176  0.778379  -2
  1  0  0.938300  0.070729 -0.101033  0.519753  -2
  1  0  0.938300  0.029152  0.135460  0.306940  -6
  1  0  0.938300  0.047757 -0.059498  0.443937  -3
  1  0  0.938300  0.200751  0.132883  0.138380  -3
  1  0  0.938300  0.064023  0.141165  0.744089  -3
  1  0  0.938300 -0.077058  0.117653  0.629728  -1
  1  0  0.938300  0.125272  0.010073  0.863263  -1
  1  0  0.938300 -0.060322  0.105847  0.651296  -2
  1  0  0.938300  0.032387  0.113219 -0.102068  -2
  1  0  0.938300  0.029628 -0.303998  0.404516  -6
  1  0  0.938300  0.056706 -0.111301  1.047194  -4
  1  0  0.938300 -0.060772  0.208800  0.491265  -3
  1  0  0.938300 -0.299354  0.152680 -0.067749  -6
  1  0  0.938300  0.422455  0.227642  0.435453  -2
  1  0  0.938300  0.206117 -0.025511  0.805937  -2
  1  0  0.938300 -0.023172  0.088003  0.576489  -4
  1  0  0.938300 -0.102537 -0.055370  0.614302  -3
  1  0  0.938300  0.078520 -0.019703  0.339483  -2
  1  0  0.938300 -0.154941  0.102185  0.134160  -3
  1  0  0.938300  0.236913 -0.114788  0.241362  -2
  1  0  0.938300 -0.356282  0.187979  0.376279  -2
  1  0  0.938300  0.074205 -0.328277  0.088868  -3
  1  0  0.938300 -0.187826  0.445870  0.277816  -4
  1  0  0.938300 -0.437357  0.018282  0.445853  -3
  1  0  0.938300  0.244744 -0.039721  0.696916  -8
  1  0  0.938300  0.123424  0.122151  0.202683  -3
  1  0  0.938300 -0.058026  0.019505  0.797666  -3
  1  0  0.938300  0.139384 -0.056622  0.694865  -1
  1  0  0.938300 -0.183038 -0.012767  0.723971  -1
  1  0  0.938300  0.047137  0.561524  0.569972  -2
  1  0  0.938300  0.575123 -0.103879  0.743222  -3
  1  0  0.938300  0.093691 -0.042599  0.557207  -1
  1  0  0.938300 -0.120652 -0.141186  0.471256  -4
  1  0  0.938300  0.001758 -0.139879  0.095237  -6
  1  0  0.938300 -0.279626 -0.124482  0.357069  -4
  1  0  0.938300  0.088716 -0.078308  0.411358  -2
  1  0  0.938300  0.001930  0.245497  0.675980  -2
  1  0  0.938300 -0.096577 -0.135908  0.461250  -6
  1  0  0.938300 -0.224460  0.320111 -0.020980  -5
  1  0  0.938300  0.438211 -0.074229  0.188714  -6
  1  0  0.938300 -0.066087 -0.056128  0.710881  -3
  1  0  0.938300  0.192779 -0.284176  0.874649  -8
  1  0  0.938300 -0.089517  0.112441  0.352424  -3
  1  0  0.938300 -0.268288  0.153297  0.516002  -5
  1  0  0.938300 -0.290451  0.256967  0.516054  -4
  1  0  0.938300  0.042608  0.017430  0.186441  -3
  1  0  0.938300  0.096116 -0.376889  0.674249  -5
  1  0  0.938300  0.081477 -0.077098  0.645421  -5
  1  0  0.938300  0.011615  0.132183  0.659562  -1
  1  0  0.938300 -0.017832 -0.161874  0.410817  -5
  1  0  0.938300 -0.320316  0.146348  0.673195  -2
  1  0  0.938300 -0.189426 -0.115178  0.282621  -2
  1  0  0.938300 -0.153544  0.119778  0.731397  -3
  1  0  0.938300 -0.096771  0.182149  0.855588  -1
  1  0  0.938300  0.279037 -0.067531  0.574772  -7
  1  0  0.938300  0.289235 -0.192060  0.573431  -2
  1  0  0.938300 -0.311137 -0.230099  0.439049  -4
  1  0  0.938300 -0.015463  0.060798  0.255476  -3
  1  0  0.938300 -0.156301  0.508813  0.309774  -2