  1  1  0.938300 -0.454596  0.263582  0.505738   6
  1  1  0.938300 -0.240896  0.470834  0.132232   3
  1  1  0.938300 -0.122397 -0.073384  0.141128   6
  1  1  0.938300  0.109234 -0.100708  0.917589   5
  1  1  0.938300 -0.491323 -0.218371 -0.033043   8
  1  1  0.938300  0.139439 -0.138443  0.707534   6
  1  1  0.938300 -0.187584  0.093640  0.399496   4
  1  1  0.938300 -0.167322  0.021891  0.688728   2
  1  1  0.938300 -0.219049 -0.091958  0.788478   3
  1  1  0.938300 -0.027294 -0.192534  0.231384   1
  1  1  0.938300 -0.229401  0.276100  0.555220   3
  1  1  0.938300  0.091213  0.153157  0.550503   3
  1  1  0.938300 -0.126289  0.120820  0.305140   7
  1  1  0.938300  0.013626  0.331572  0.154745   2
  1  1  0.938300 -0.051248  0.174816 -0.004536   2
  1  1  0.938300 -0.108629  0.146093  0.610645   3
  1  1  0.938300  0.176142 -0.199788  0.458245   3
  1  1  0.938300  0.233106 -0.294345  0.635187   4
  1  1  0.938300  0.094046  0.201808  0.382819   2
  1  1  0.938300  0.220885  0.014514  0.425299   3
  1  1  0.938300 -0.112098 -0.027362  0.456752   4
  1  1  0.938300 -0.208551 -0.239681  0.405715   4
  1  1  0.938300 -0.105400 -0.421481  0.423049   9
  1  1  0.938300  0.087487  0.081591  0.767875   3
  1  1  0.938300  0.001590  0.176821  0.458079   3
  1  1  0.938300 -0.035992  0.246677  0.178958   3
  1  1  0.938300  0.034674  0.064105  0.249015   4
  1  1  0.938300 -0.274355 -0.318099  0.584786   4
  1  1  0.938300 -0.043188  0.015187 -0.083217   1
  1  1  0.938300 -0.038311 -0.040302 -0.161746   1
  1  1  0.938300 -0.187925  0.024102  0.106477   3
  1  1  0.938300 -0.095121  0.052042  0.327697   3
  1  1  0.938300  0.017373 -0.032891  0.128809   9
  1  1  0.938300 -0.299378 -0.424593  0.226547   2
  1  1  0.938300  0.241535 -0.177393  0.315732   6
  1  1  0.938300  0.195382 -0.148479  0.434803   5
  1  1  0.938300 -0.325032 -0.258258  0.206596   3
  1  1  0.938300  0.137575  0.004642  0.297141   5
  1  1  0.938300 -0.405898 -0.035736  0.482001   5
  1  1  0.938300 -0.215082 -0.083072  0.431891   3
  1  1  0.938300  0.308677 -0.149321  0.302117   7
  1  1  0.938300 -0.098343  0.216904  0.106349   1
  1  1  0.938300 -0.304651 -0.228861  0.044301   4
  1  1  0.938300 -0.002855 -0.008192  0.642136   3
  1  1  0.938300  0.040741 -0.130335  0.120824   1
  1  1  0.938300 -0.060175  0.172956  0.733122   5
  1  1  0.938300 -0.048544  0.043130 -0.083976   1
  1  1  0.938300  0.180643 -0.214964  0.045833   3
  1  1  0.938300 -0.024923  0.054042  0.144226   2
  1  1  0.938300  0.036638 -0.182813  0.093313   2
  1  1  0.938300  0.224379 -0.047304  0.820658   7
  1  1  0.938300  0.311347 -0.129906  0.382529   4
  1  1  0.938300 -0.108168  0.253387  0.261621   3
  1  1  0.938300 -0.316642 -0.208739  0.542102   8
  1  1  0.938300 -0.082428 -0.007105 -0.061108   1
  1  1  0.938300 -0.038615  0.319403  0.134556   4
  1  1  0.938300 -0.252392 -0.015892  0.001035   3
  1  1  0.938300 -0.196178 -0.028642  0.173596   3
  1  1  0.938300  0.327263  0.079005  0.283150   8
  1  1  0.938300 -0.096745  0.146665  0.326328   4
  1  0  0.938300  0.266676 -0.432412  0.042342   5
  1  1  0.938300  0.151314  0.293236  0.314507   4
  1  1  0.938300 -0.152547  0.232706  0.392247   9
  1  1  0.938300 -0.186777  0.091589  0.072335   1
  1  1  0.938300  0.039717  0.105074  0.380181   3
  1  1  0.938300  0.113473 -0.001835  0.291340   2
  1  1  0.938300 -0.001379 -0.043168  0.082200   2
  1  1  0.938300 -0.206976  0.168961  0.435047   4
  1  1  0.938300 -0.159646  0.399043  0.435820   2
  1  1  0.938300  0.160421  0.040371  0.565373   4
  1  1  0.938300 -0.146779 -0.088764  0.026435   2
  1  1  0.938300 -0.160017  0.020242  0.074698   2
  1  1  0.938300  0.014142  0.000926  0.366847   4
  1  1  0.938300 -0.012289 -0.098232  0.202570   9
  1  1  0.938300  0.165841  0.257233  0.240609   3
  1  1  0.938300  0.111728 -0.091379  0.338686   2
  1  1  0.938300  0.258304 -0.192521  0.833263  10
  1  1  0.938300 -0.102691 -0.170010  0.282188   7
  1  1  0.938300 -0.220561 -0.055475  0.376072   2
  1  0  0.938300 -0.196222  0.260631  0.436098   7
  1  0  0.938300 -0.003928 -0.120901  0.110155   2
  1  0  0.938300 -0.279557 -0.067723 -0.008563   2
  1  0  0.938300 -0.007140 -0.164746  0.074503   1
  1  0  0.938300  0.340908 -0.034088  0.475282   2
  1  0  0.938300  0.184874  0.011768  0.147193   3
  1  0  0.938300 -0.173197 -0.255228  0.688277   4
  1  0  0.938300  0.129650  0.265529  0.328130   3
  1  0  0.938300 -0.438021  0.290114  0.394838   5
  1  0  0.938300 -0.199285 -0.306442  0.305865   2
  1  0  0.938300  0.117660  0.159809 -0.045353   3
  1  0  0.938300 -0.156586  0.171657 -0.063889   3
  1  0  0.938300 -0.073955 -0.091838  0.082461   1
  1  0  0.938300 -0.366678  0.056342  0.229024   2
  1  0  0.938300  0.141771 -0.036003  0.048374   2
  1  0  0.938300  0.089345  0.154350  0.098348   7
  1  0  0.938300 -0.222708 -0.161926 -0.081611   3
  1  0  0.938300  0.655111 -0.201526  0.307142   3
  1  0  0.938300 -0.141725  0.162095  0.180182   8
  1  0  0.938300  0.264325  0.343931  0.789654  11
  1  0  0.938300 -0.207178  0.088861  0.168386   2
  1  0  0.938300  0.314261  0.003140  0.099149   2
  1  0  0.938300 -0.365553  0.061727  0.601912   4
  1  0  0.938300 -0.123434 -0.160535  0.286748   4
  1  0  0.938300 -0.060092  0.011393  0.139282   3
  1  0  0.938300 -0.240869  0.435007  0.313438   4
  1  0  0.938300 -0.406414 -0.014069  0.123372   4
  1  0  0.938300 -0.454154  0.071736  0.364541   3
  1  0  0.938300  0.248624 -0.402696  0.577264   4
  1  0  0.938300  0.208585 -0.277396  0.013382   2
  1  0  0.938300 -0.017191  0.049078  0.101424   1
  1  0  0.938300 -0.169500 -0.139143 -0.033604   2
  1  0  0.938300  0.248146  0.005523  0.340835   2
  1  0  0.938300 -0.094532  0.035111 -0.002991   1
  1  0  0.938300 -0.165564 -0.044006  0.450136   7
  1  0  0.938300 -0.428243  0.273598 -0.071909   7
  1  0  0.938300 -0.299515  0.183285 -0.110794  12
  1  0  0.938300 -0.104240  0.090618  0.139611   4
  1  0  0.938300  0.182867  0.162368  0.170987   5
  1  0  0.938300  0.124339  0.641018  0.172746   2
  1  0  0.938300  0.134047 -0.232333  0.246320   6
  1  0  0.938300 -0.004185 -0.013612  0.103348   2
  1  0  0.938300 -0.038539 -0.194741  0.094989   4
  1  0  0.938300  0.033875  0.188537  0.522796   3
  1  0  0.938300  0.085841  0.114348 -0.027371   1
  1  0  0.938300 -0.485238 -0.187639  0.341035   2
  1  0  0.938300  0.376471  0.215792 -0.054141   2
  1  0  0.938300  0.229148 -0.096812  0.114951   4
  1  0  0.938300 -0.107953 -0.006127  0.173172   1
  1  0  0.938300 -0.076770 -0.242396  0.445432   4
  1  0  0.938300 -0.190014  0.195593  0.414875   3
  1  0  0.938300 -0.009300 -0.444477  0.403517   3
  1  0  0.938300 -0.168956  0.090948  0.069086   7
  1  0  0.938300 -0.227798  0.064733  0.657905   4
  1  0  0.938300  0.054178 -0.106782  0.243840   1
  1  0  0.938300 -0.288089  0.365156  0.420412   4
  1  0  0.938300  0.031455  0.180989  0.527726   6
  1  0  0.938300 -0.027078 -0.078398  0.085165   1
  1  0  0.938300  0.080611  0.011524  0.628194   6
  1  0  0.938300 -0.044585  0.243448  0.223985   9
  1  0  0.938300 -0.095934 -0.003864  0.040217   1
  1  0  0.938300 -0.444219  0.005526  0.726143   3
  1  0  0.938300  0.136598 -0.282392  0.154241   3
  1  0  0.938300  0.134352  0.140979 -0.066106   2
  1  0  0.938300  0.017347  0.216764  0.326477   3
  1  0  0.938300  0.335119 -0.396314  0.007513   3
  1  0  0.938300 -0.003774  0.143003  0.176030   1
  1  0  0.938300 -0.154703 -0.152469  0.334729   2
  1  0  0.938300  0.287653  0.057526  0.580267   6
  1  0  0.938300 -0.221630  0.621271  0.181509   4
  1  0  0.938300  0.140893 -0.009886  0.144967   3
  1  0  0.938300 -0.031660  0.084667  0.557398   2
  1  0  0.938300 -0.125023 -0.088667  0.335099   2
  1  0  0.938300 -0.009307  0.115063  0.136279   1
  1  0  0.938300 -0.170153 -0.357704  0.616547   3
  1  0  0.938300  0.440544  0.227118  0.799202   3
  1  0  0.938300  0.146126 -0.059286  0.043139   1
  1  0  0.938300  0.265701  0.105854  0.997654   4
  1  0  0.938300  0.212224 -0.175788 -0.028212   2
  1  0  0.938300 -0.143825  0.190072  0.209096   3
  1  0  0.938300  0.198273 -0.131006  0.033454   4
  1  0  0.938300  0.392344 -0.113997  0.215889   4
  1  0  0.938300 -0.102282  0.119008  0.518070   3
  1  0  0.938300 -0.054053 -0.128954 -0.141565   3
  1  0  0.938300  0.067718 -0.271065  0.566928   5
  1  0  0.938300 -0.028955  0.224734  0.246399   3
  1  0  0.938300 -0.058049 -0.188186  0.168885   1
  1  0  0.938300 -0.186749  0.218450  0.255931   2
  1  0  0.938300  0.073129 -0.021301  0.314396   2
  1  0  0.938300  0.337246 -0.056237  0.071287   2
  1  0  0.938300 -0.153129  0.165729  0.357415   3
  1  0  0.938300 -0.093198  0.117336  0.284710   6
  1  0  0.938300 -0.081727  0.385620  0.413482   9
  1  0  0.938300 -0.200393 -0.166660  0.288554   5
  1  0  0.938300  0.192727  0.124683  0.364439   3
  1  0  0.938300  0.108631 -0.149551  0.786684   4
  1  0  0.938300 -0.064906  0.431130  0.338376   3
  1  0  0.938300 -0.286434  0.152252  0.597409   5
  1  0  0.938300 -0.197308  0.088002  0.124619   4
  1  0  0.938300 -0.193516 -0.109358 -0.016202   5
  1  1  0.938300 -0.259057  0.306293  0.513506   9
  1  0  0.938300  0.141617 -0.011038  0.135867   1
  1  0  0.938300 -0.099531  0.361952  0.327587   4
  1  0  0.938300  0.147120 -0.109707  0.563508   3
  1  0  0.938300  0.230646  0.334509  0.238052   5
  1  0  0.938300 -0.111294  0.049500  0.321862   3
  1  0  0.938300  0.168513  0.273296  0.807744   5
  1  0  0.938300  0.015814  0.082161  0.220280   2
  1  0  0.938300  0.137841 -0.065867  0.608292   2
  1  0  0.938300 -0.378837  0.032418  0.772538   3
  1  0  0.938300  0.573157 -0.247338  0.403839   2
  1  0  0.938300 -0.002268 -0.216887  0.366661   2
  1  0  0.938300  0.266614  0.225298  0.379981  10
  1  0  0.938300  0.281040 -0.100510  0.208094   3
  1  0  0.938300  0.192858  0.168830  0.533460   8
  1  0  0.938300 -0.041486 -0.095983  0.307716   3
  1  0  0.938300 -0.139010  0.182877  0.338919   4
  1  0  0.938300  0.107083  0.270186  0.042110   2
  1  1  0.938300 -0.375968  0.377711  0.701605  -2
  1  1  0.938300 -0.223490 -0.145033  0.380869  -2
  1  1  0.938300  0.212974  0.108777  0.480783  -2
  1  1  0.938300  0.348485  0.209957  0.490489  -2
  1  1  0.938300  0.157562  0.324091  0.455843  -2
  1  1  0.938300  0.360589  0.142518  0.536073  -2
  1  1  0.938300  0.380892 -0.224071  0.481069  -5
  1  1  0.938300  0.161542 -0.100329  0.278704  -3
  1  1  0.938300  0.116941 -0.457988  0.123216  -4
  1  1  0.938300  0.177734  0.064525  0.562104  -2
  1  1  0.938300 -0.160070  0.104089  0.635144  -2
  1  1  0.938300 -0.088763  0.122294  0.101547  -6
  1  1  0.938300 -0.048952 -0.152023  0.411068  -6
  1  1  0.938300 -0.151795 -0.239235  0.629666  -3
  1  1  0.938300  0.090744 -0.427953  0.143046  -4
  1  1  0.938300 -0.314475  0.043631  0.464608  -2
  1  1  0.938300 -0.111061  0.191552  0.507847  -3
  1  1  0.938300 -0.044496 -0.290238  0.660078  -3
  1  1  0.938300  0.179171 -0.025276  0.520912  -2
  1  0  0.938300  0.088427 -0.285500  0.669314  -2
  1  1  0.938300  0.111335  0.005243  0.404339  -8
  1  1  0.938300  0.082641  0.238064  0.394830  -6
  1  1  0.938300  0.389585 -0.165697  0.248944  -3
  1  1  0.938300 -0.174060  0.003886  0.621930  -3
  1  1  0.938300  0.502908 -0.062856 -0.316047  -4
  1  1  0.938300 -0.225602 -0.059740  0.276891  -4
  1  1  0.938300 -0.083100 -0.078521  0.409065  -1
  1  1  0.938300 -0.063574  0.195132  0.269057  -3
  1  1  0.938300 -0.165095  0.162906  0.269335  -6
  1  1  0.938300 -0.176569  0.314930  0.779565  -4
  1  1  0.938300  0.227570  0.062214  0.269952  -4
  1  1  0.938300 -0.142334  0.196189  0.384085  -5
  1  1  0.938300  0.094791  0.112385  0.532471  -1
  1  1  0.938300 -0.091169 -0.314993  0.764262  -4
  1  1  0.938300  0.070903  0.043006  0.405263  -3
  1  1  0.938300 -0.061960 -0.036770  0.769599  -1
  1  1  0.938300  0.046086  0.144614  0.524373  -3
  1  1  0.938300  0.252949  0.146948  0.538374  -7
  1  0  0.938300  0.152813  0.103373  0.315955  -4
  1  1  0.938300 -0.044953 -0.066157  0.470147  -2
  1  1  0.938300  0.177115 -0.081907  0.000028  -5
  1  1  0.938300  0.398556  0.103736  0.103877 -10
  1  1  0.938300  0.263379 -0.109902  0.516837  -3
  1  1  0.938300  0.212238  0.390638  0.410342  -5
  1  1  0.938300  0.076588 -0.126866  0.758759  -1
  1  1  0.938300  0.103870  0.126779  0.713666  -2
  1  1  0.938300 -0.009254  0.156529  0.320167  -4
  1  1  0.938300  0.238081 -0.195241  0.221641  -4
  1  1  0.938300 -0.082011 -0.086095  0.466243  -2
  1  1  0.938300  0.079758  0.051182  0.762000  -1
  1  1  0.938300  0.147134  0.054915  0.551412  -1
  1  1  0.938300 -0.100783 -0.027337  0.686106  -1
  1  1  0.938300 -0.017222  0.017840  0.707343  -2
  1  1  0.938300 -0.011702  0.244587  0.426761 -14
  1  1  0.938300 -0.236591  0.173964  0.504319  -2
  1  1  0.938300 -0.088413 -0.049397 -0.009566  -5
  1  1  0.938300  0.265506 -0.150519  0.117804  -3
  1  1  0.938300 -0.140130  0.089135  0.429872  -2
  1  1  0.938300 -0.163406  0.088937  0.208103  -4
  1  1  0.938300  0.212418 -0.512173  0.492941  -6
  1  1  0.938300  0.387717  0.069217  0.543669  -9
  1  1  0.938300  0.228978 -0.259674  0.611244  -3
  1  1  0.938300 -0.112258  0.142888  0.822655  -2
  1  1  0.938300  0.210442  0.021160  0.387924  -2
  1  1  0.938300  0.197680 -0.078876  0.215049  -5
  1  1  0.938300  0.042791 -0.357158  0.314732  -2
  1  1  0.938300 -0.063603  0.324191 -0.001369  -3
  1  1  0.938300 -0.060410 -0.024810  0.658311  -1
  1  1  0.938300  0.205445 -0.063263  0.201152  -2
  1  1  0.938300 -0.113010 -0.046373  0.912754  -1
  1  1  0.938300  0.007359 -0.130769 -0.036767  -6
  1  1  0.938300 -0.085489 -0.034845  0.526475  -1
  1  1  0.938300  0.070006 -0.069131  0.221231  -3
  1  1  0.938300  0.097831  0.045254  0.116014  -3
  1  1  0.938300  0.023682  0.205411  0.716352  -1
  1  1  0.938300 -0.016090  0.346693  0.550739  -4
  1  1  0.938300 -0.032813 -0.433977  0.276020  -3
  1  1  0.938300 -0.100135  0.038045  0.679334  -1
  1  1  0.938300  0.260143  0.132875  0.456746  -4
  1  0  0.938300  0.168204 -0.019744  0.394953  -9
  1  0  0.938300  0.239902 -0.203391  0.383485  -3
  1  0  0.938300  0.181951  0.015677  0.409955  -7
  1  0  0.938300  0.013485  0.062815  0.512203  -9
  1  0  0.938300  0.080243  0.231576  0.496628  -3
  1  0  0.938300  0.035328 -0.127486  0.006495  -4
  1  0  0.938300 -0.235416 -0.048438  0.394819  -2
  1  0  0.938300 -0.001497 -0.166040  0.714868  -2
  1  0  0.938300 -0.400484 -0.089160  0.464249  -5
  1  0  0.938300 -0.001551 -0.201587  0.383231  -1
  1  0  0.938300  0.092529  0.012710  0.518107  -5
  1  0  0.938300  0.028342  0.316583 -0.118373  -3
  1  0  0.938300 -0.141574  0.121858  0.612007  -2
  1  0  0.938300  0.034755 -0.064483  0.401445  -3
  1  0  0.938300  0.411898  0.291968  0.474578  -2
  1  0  0.938300 -0.520667 -0.124502  0.525431  -4
  1  0  0.938300 -0.034193  0.210754  0.142679  -4
  1  0  0.938300 -0.008480 -0.172989  0.287894  -7
  1  0  0.938300  0.354253 -0.193819  0.550435  -2
  1  0  0.938300  0.112721 -0.283404  0.595381  -3
  1  0  0.938300  0.185055 -0.009537  0.355568  -4
  1  0  0.938300  0.105118 -0.201099  0.719582  -4
  1  0  0.938300  0.017563  0.096337  0.540053  -2
  1  0  0.938300  0.096776 -0.200054  0.261080  -6
  1  0  0.938300 -0.277815  0.214457  0.556821  -7
  1  0  0.938300 -0.031823  0.096310  0.443632  -1
  1  0  0.938300 -0.069330  0.095080  0.196340  -6
  1  0  0.938300  0.117676 -0.099405  0.716868  -1
  1  0  0.938300  0.088559 -0.034155  0.406720  -2
  1  0  0.938300 -0.610974 -0.094248  0.205535  -5
  1  0  0.938300 -0.083364 -0.083311  0.231688  -6
  1  0  0.938300  0.294553  0.383451 -0.032057  -3
  1  0  0.938300  0.112269  0.031361  0.516252  -6
  1  0  0.938300 -0.257197  0.111695  0.264902  -3
  1  0  0.938300 -0.065429  0.076741  0.853229  -1
  1  0  0.938300 -0.181972  0.125449  0.111155  -4
  1  0  0.938300  0.051259  0.204757  0.513855  -5
  1  0  0.938300  0.004787 -0.106046  0.490532  -3
  1  0  0.938300 -0.129440  0.232363  0.299440  -2
  1  0  0.938300  0.125403 -0.330277  0.059001  -3
  1  0  0.938300  0.028412 -0.020920  0.811347  -1
  1  0  0.938300 -0.042389  0.081474  0.654829  -1
  1  0  0.938300 -0.085212 -0.316172  0.376865  -6
  1  0  0.938300  0.030669 -0.064169  0.520159  -6
  1  0  0.938300 -0.111080  0.176743  0.686514  -2
  1  0  0.938300 -0.006155  0.013623  0.839950  -1
  1  0  0.938300 -0.125361 -0.040752  0.666645  -1
  1  0  0.938300 -0.071411 -0.086168  0.221048  -6
  1  0  0.938300  0.147328 -0.207999  0.475749  -7
  1  0  0.938300  0.044130  0.242243  0.720189  -1
  1  0  0.938300 -0.162136  0.175571  0.699169  -1
  1  0  0.938300  0.229099 -0.122677  0.688587  -2
  1  0  0.938300 -0.420169 -0.261373  0.250835  -4
  1  0  0.938300  0.213729 -0.018134  0.443813  -1
  1  0  0.938300 -0.007582  0.057035  0.714213  -1
  1  0  0.938300 -0.119329  0.134320  0.279144  -6
  1  0  0.938300 -0.041536 -0.204126  0.727119  -2
  1  0  0.938300  0.116125  0.293287  0.434029  -7
  1  0  0.938300 -0.041830 -0.244780  0.529122  -6
  1  0  0.938300 -0.024921  0.028781  0.370780  -4
  1  0  0.938300  0.559082 -0.292369  0.859292  -8
  1  1  0.938300  0.008772 -0.660648  0.156289  -4
  1  0  0.938300  0.091401 -0.377345  0.588327  -4
  1  0  0.938300  0.079615 -0.068004  0.355871  -3
  1  0  0.938300 -0.267103  0.062911  0.586852  -3
  1  0  0.938300  0.248000 -0.123027  0.819971  -1
  1  0  0.938300 -0.246305 -0.127750  0.077915  -2
  1  0  0.938300  0.263775 -0.010910  0.400859  -7
  1  0  0.938300  0.041552 -0.009271  0.356350  -4
  1  0  0.938300 -0.002683  0.018988  0.314536  -5
  1  0  0.938300  0.270485  0.113104  0.586236  -2
  1  0  0.938300  0.047171 -0.129080  0.155527  -6
  1  0  0.938300 -0.103679 -0.003247  0.894086  -4
  1  0  0.938300  0.035533  0.126257  0.511675  -1
  1  0  0.938300 -0.041633 -0.182407  0.726402  -1
  1  0  0.938300  0.749089  0.299646  0.523297  -3
  1  0  0.938300  0.048680  0.116337  0.530427  -4
  1  0  0.938300  0.115621  0.197819  0.363314  -6
  1  0  0.938300 -0.264733 -0.062576  0.443452 -10
  1  0  0.938300 -0.150031  0.242998  0.438977  -2
  1  0  0.938300  0.038211  0.136205  0.226329  -5
  1  0  0.938300 -0.205404 -0.087149 -0.043900  -3
  1  0  0.938300 -0.221799 -0.007698  0.131084  -5
  1  0  0.938300 -0.014936  0.252714  0.438866  -3
  1  0  0.938300 -0.045561 -0.127422  0.787007  -1
  1  0  0.938300  0.136869  0.034554  0.664295  -1
  1  0  0.938300 -0.069744  0.206531 -0.177931  -4
  1  0  0.938300 -0.199616  0.035799  0.322664  -5
  1  0  0.938300  0.201775  0.121746  0.242284  -8
  1  0  0.938300 -0.070049 -0.445666  0.659213  -4
  1  0  0.938300  0.115494 -0.170868  0.605651  -1
  1  0  0.938300 -0.246262 -0.235962  0.197673  -3
  1  0  0.938300 -0.065417 -0.214034  0.687214  -4
  1  0  0.938300  0.000391  0.048353  0.674891  -1
  1  0  0.938300  0.126279 -0.116316  0.821378  -3
  1  0  0.938300  0.204878 -0.449829  0.678565  -5
  1  0  0.938300 -0.124836 -0.037427  0.824785  -1
  1  0  0.938300 -0.287779 -0.157142  0.102699  -8
  1  0  0.938300 -0.185296  0.183265  0.532539  -3
  1  0  0.938300 -0.098283  0.322412  0.045510  -3
  1  0  0.938300 -0.047890 -0.069142  0.565083  -2
  1  0  0.938300  0.110585 -0.169852  0.332394 -13
  1  0  0.938300  0.177143 -0.127204  0.384238  -4
  1  0  0.938300 -0.133208  0.110346  0.584169  -1
  1  0  0.938300  0.090246 -0.013255  0.154397  -4
  1  0  0.938300  0.404838  0.159574  0.736599  -2
  1  0  0.938300 -0.189063 -0.067396  0.149233  -3
  1  0  0.938300 -0.003104  0.345758  0.466314  -5
  1  0  0.938300 -0.113434  0.229927  0.176161  -3
  1  0  0.938300 -0.301265  0.239482  0.697020  -2
  1  0  0.938300 -0.006317 -0.187894  0.070249  -3
  1  0  0.938300  0.107621  0.103636  0.018364  -3
  1  0  0.938300  0.197210  0.535477  0.686122  -2
  1  0  0.938300 -0.000025 -0.259883  0.239402  -4
  1  0  0.938300  0.181752 -0.227400  1.033159  -6
  1  0  0.938300  0.196720 -0.128368  0.585674  -3
  1  0  0.938300 -0.381750  0.084558  0.437094  -4
  1  0  0.938300  0.026772 -0.051836  0.448050  -3