  1  1  0.938300 -0.201790  0.186380  0.028696   2
  1  1  0.938300  0.006509 -0.028619  0.764393   5
  1  1  0.938300  0.026994 -0.133542 -0.069605   2
  1  1  0.938300  0.130896 -0.455187  0.176345   4
  1  1  0.938300 -0.320486  0.076977 -0.021950   4
  1  1  0.938300  0.090005 -0.140234  0.354062   2
  1  1  0.938300 -0.008536  0.150858  0.120222   1
  1  1  0.938300 -0.141189  0.145568 -0.085777   2
  1  1  0.938300  0.070409 -0.504637  0.235754   3
  1  1  0.938300 -0.500299 -0.396425  0.649820   3
  1  1  0.938300  0.030734  0.075763 -0.005996   1
  1  1  0.938300  0.253707 -0.105758  0.852973  11
  1  1  0.938300  0.103896 -0.052866  0.656164   3
  1  1  0.938300 -0.033184  0.038346  0.055628   6
  1  1  0.938300  0.108756  0.056960  0.211858   3
  1  1  0.938300 -0.091714  0.267746  0.148770   3
  1  1  0.938300  0.027249  0.342555  0.749748   3
  1  1  0.938300 -0.012225 -0.004563  0.068643   2
  1  1  0.938300  0.017076 -0.310798  0.557678   4
  1  1  0.938300 -0.156747  0.146190  0.605591   3
  1  1  0.938300 -0.234668  0.042318  0.272711   3
  1  1  0.938300 -0.288922  0.378666  0.280416   6
  1  1  0.938300 -0.026621  0.213242 -0.004967   1
  1  1  0.938300 -0.110378 -0.205945  0.046944   1
  1  1  0.938300 -0.199286  0.233050  0.013712   2
  1  1  0.938300  0.093280 -0.253250 -0.054636   3
  1  1  0.938300  0.369143  0.011424  0.567033  14
  1  1  0.938300  0.205728  0.164676  0.277621   6
  1  1  0.938300 -0.068119 -0.086460  0.469047   5
  1  1  0.938300 -0.068784  0.221576  0.174883   3
  1  1  0.938300 -0.054956  0.029289  0.091910   1
  1  1  0.938300 -0.132196 -0.208397  0.047983   2
  1  1  0.938300  0.001500  0.199571  0.116720   2
  1  1  0.938300 -0.414530  0.179214  0.343141   3
  1  1  0.938300 -0.071320 -0.024088  0.171828   1
  1  1  0.938300  0.222333 -0.565543  0.312338   7
  1  1  0.938300  0.080609 -0.083270  0.135053   5
  1  1  0.938300  0.032135  0.066288  0.610614   4
  1  1  0.938300  0.066611  0.158530  0.461389   3
  1  1  0.938300  0.141691  0.147831  0.438995   4
  1  1  0.938300 -0.257635 -0.128361  0.223952   2
  1  1  0.938300  0.052508  0.179973 -0.058673   4
  1  1  0.938300 -0.109470 -0.300555  0.252724   5
  1  1  0.938300 -0.168412 -0.162393  0.503559   6
  1  1  0.938300  0.081867  0.132359  0.221145   4
  1  1  0.938300 -0.241315  0.186606  0.072776   2
  1  1  0.938300 -0.150368  0.405807  0.463342   2
  1  1  0.938300 -0.044149  0.393116  0.312744   3
  1  1  0.938300  0.091113 -0.164091  0.095572   5
  1  1  0.938300  0.156321  0.378552  0.671619   3
  1  0  0.938300  0.279296 -0.284265  0.421092   2
  1  1  0.938300  0.051885 -0.014505  0.151191   4
  1  1  0.938300  0.308646 -0.038157  0.177569   2
  1  1  0.938300 -0.234318  0.028719  0.139966   3
  1  1  0.938300  0.085952 -0.502038  0.191791   2
  1  1  0.938300 -0.334691  0.085080  0.284036   6
  1  1  0.938300 -0.004184  0.291716  0.124533   3
  1  1  0.938300 -0.061117  0.150899 -0.129336   1
  1  1  0.938300 -0.100401 -0.302190  0.300399   7
  1  1  0.938300 -0.149241 -0.017877 -0.147319   2
  1  1  0.938300  0.200684 -0.062422  0.983165   4
  1  1  0.938300 -0.009059  0.068092 -0.086256   1
  1  1  0.938300 -0.016732 -0.267012  0.217050   3
  1  1  0.938300 -0.013872 -0.015806  0.372119   3
  1  1  0.938300  0.100067 -0.052540  0.203344   1
  1  1  0.938300 -0.170793  0.422596  0.568075   2
  1  1  0.938300 -0.245304  0.064374  0.052721   2
  1  1  0.938300 -0.096772 -0.119986  0.356646   5
  1  1  0.938300  0.114601 -0.002896  0.562882   4
  1  1  0.938300  0.186011 -0.142763  0.503520   5
  1  1  0.938300  0.068450 -0.066980  0.425856   2
  1  1  0.938300  0.064179  0.321037  0.082220   9
  1  1  0.938300 -0.095573 -0.074634 -0.054147   1
  1  1  0.938300 -0.052114  0.275018  0.178669   2
  1  1  0.938300  0.287283  0.041747  0.145466   2
  1  1  0.938300  0.088105 -0.226323  0.533736   2
  1  1  0.938300 -0.061086 -0.278399  0.445655   2
  1  1  0.938300  0.263809 -0.288624  0.215448   4
  1  1  0.938300  0.098723  0.604996  0.660035   2
  1  0  0.938300 -0.035600 -0.094129  0.416399   7
  1  0  0.938300 -0.116152 -0.031838  0.091572   1
  1  0  0.938300  0.248729 -0.007953  0.289550   3
  1  0  0.938300  0.270184 -0.086468  0.077323   2
  1  0  0.938300 -0.245346  0.057538  0.667585   5
  1  0  0.938300 -0.142018  0.109190  0.231876   3
  1  0  0.938300 -0.340418  0.105465  0.591620   5
  1  0  0.938300  0.037058  0.176370 -0.017756   1
  1  0  0.938300 -0.081849 -0.364462  0.436678   4
  1  0  0.938300  0.036941  0.239774  0.121058   1
  1  0  0.938300 -0.189282  0.011789  0.193453   4
  1  0  0.938300 -0.185264  0.066243  0.382980   2
  1  0  0.938300  0.352384  0.307746  0.333630   4
  1  0  0.938300 -0.141570  0.158784  0.216058   4
  1  0  0.938300 -0.094930  0.177467  0.403750   3
  1  0  0.938300  0.022428  0.041902  0.118107   3
  1  0  0.938300 -0.163560  0.045501  0.060208   3
  1  0  0.938300  0.142739  0.313108  0.503786   2
  1  0  0.938300  0.166485 -0.186917 -0.036131  10
  1  0  0.938300  0.243068  0.209092  0.339803   2
  1  0  0.938300 -0.216118  0.594169  0.090616   3
  1  0  0.938300  0.031339  0.188634  0.576731   6
  1  0  0.938300  0.219693  0.214364  0.073025   3
  1  0  0.938300 -0.309361  0.262823  0.815225   6
  1  0  0.938300 -0.001468 -0.161558  0.581735   5
  1  0  0.938300 -0.046557  0.006657  0.110034   1
  1  0  0.938300  0.220829 -0.156864  0.537927   3
  1  0  0.938300 -0.025246  0.068078  0.126678   4
  1  0  0.938300 -0.346818  0.013761  0.345262   6
  1  0  0.938300 -0.173302  0.097326 -0.027205   5
  1  0  0.938300 -0.091009 -0.090246 -0.070812   2
  1  1  0.938300  0.217142  0.004529  0.373534   2
  1  0  0.938300 -0.000840  0.133385  0.342098   3
  1  0  0.938300  0.192860 -0.216701  0.545862   3
  1  0  0.938300  0.036723  0.057087  0.344708   3
  1  0  0.938300  0.205303 -0.046415  0.357786   3
  1  0  0.938300 -0.343873  0.057758  0.473220   5
  1  0  0.938300 -0.016639  0.014106  0.008825   1
  1  0  0.938300 -0.409912 -0.077474  0.244900   5
  1  0  0.938300  0.021906  0.099404  0.802633   6
  1  1  0.938300  0.397010  0.122883  0.550619   3
  1  0  0.938300 -0.122741  0.020625  0.274757   3
  1  0  0.938300  0.035132 -0.237591  0.022120   1
  1  0  0.938300  0.307298 -0.049998  0.133311   2
  1  0  0.938300 -0.137952 -0.007575  0.084019   1
  1  0  0.938300 -0.013415  0.281803  0.478065   3
  1  0  0.938300 -0.221529 -0.331831  0.080671   3
  1  0  0.938300 -0.072022  0.120670  0.107037   1
  1  0  0.938300 -0.197443 -0.091070  0.468834   4
  1  0  0.938300 -0.054185  0.037111  0.486901   5
  1  0  0.938300 -0.029580 -0.362136  0.296326   3
  1  0  0.938300  0.021574  0.098963  0.115187   1
  1  0  0.938300 -0.277100 -0.383225  0.171342   4
  1  0  0.938300  0.103277  0.091122 -0.090900   1
  1  0  0.938300  0.186588 -0.142387  0.157260   4
  1  0  0.938300 -0.157912  0.361488  0.183442   5
  1  0  0.938300 -0.346595  0.143084  0.334004   4
  1  0  0.938300 -0.146548 -0.039181  0.564462   4
  1  0  0.938300  0.067886  0.018178  0.334791   4
  1  0  0.938300  0.258858  0.204572  0.107719   4
  1  0  0.938300  0.027525 -0.033761  0.354911   3
  1  0  0.938300  0.100199 -0.013351  0.124301   1
  1  0  0.938300 -0.305045  0.273510  0.249475   2
  1  0  0.938300 -0.299721  0.229843  0.196786   3
  1  0  0.938300  0.282362  0.236449  0.274302   3
  1  0  0.938300 -0.023940 -0.124279  0.146352   2
  1  0  0.938300 -0.060398  0.107393  0.694182   3
  1  0  0.938300 -0.260769 -0.194541  0.450809   2
  1  0  0.938300  0.037307 -0.220983  0.582522   7
  1  0  0.938300  0.040937  0.011355  0.341260   9
  1  0  0.938300  0.031098  0.000963 -0.000394   1
  1  0  0.938300 -0.211456 -0.085670  0.296873   3
  1  0  0.938300  0.325955  0.021875  0.683114   8
  1  0  0.938300 -0.182302 -0.034634  0.405991   5
  1  0  0.938300 -0.078366  0.109143  0.199827   1
  1  0  0.938300 -0.345515  0.087749  0.285035   2
  1  0  0.938300 -0.031009 -0.116807  0.691116   3
  1  0  0.938300  0.140715 -0.101489  0.025784   2
  1  0  0.938300 -0.228968 -0.064940  0.501713   5
  1  0  0.938300 -0.060800  0.090037  0.029357   1
  1  0  0.938300  0.301237 -0.383307  0.449520   2
  1  0  0.938300  0.170952 -0.035923 -0.035831   2
  1  0  0.938300 -0.162040 -0.077789  0.372556   4
  1  0  0.938300  0.029350  0.052588 -0.103237   2
  1  0  0.938300  0.003430 -0.235600  0.314044   7
  1  0  0.938300  0.238875 -0.079332  0.626825   5
  1  0  0.938300  0.050011 -0.033578  0.297190   4
  1  0  0.938300 -0.100466  0.132841  0.295869   4
  1  0  0.938300 -0.170797  0.113116  0.228767   7
  1  0  0.938300 -0.005481  0.365064  0.408950   6
  1  0  0.938300  0.273137 -0.202892  0.374829   2
  1  0  0.938300 -0.256677  0.192321  0.277316   3
  1  0  0.938300 -0.011940 -0.056753  0.340528   7
  1  0  0.938300  0.070738  0.176009  0.122909   2
  1  0  0.938300  0.144042  0.078856 -0.130144   1
  1  0  0.938300 -0.109141 -0.046693  0.062880   1
  1  0  0.938300 -0.716735  0.235908  0.104632   3
  1  0  0.938300  0.078839  0.139320  0.179379   1
  1  0  0.938300 -0.050345  0.081546  0.048362   1
  1  0  0.938300 -0.299912  0.352552  0.345770   3
  1  0  0.938300  0.042598 -0.080253 -0.039114   1
  1  0  0.938300  0.069624  0.268354  0.255754   6
  1  0  0.938300  0.022196 -0.218268  0.520214   5
  1  0  0.938300 -0.010080 -0.006797  0.417180   6
  1  0  0.938300  0.259267  0.195712  0.120514   9
  1  0  0.938300 -0.012977 -0.146977  0.173753   3
  1  0  0.938300 -0.114168 -0.109103  0.144536   3
  1  0  0.938300 -0.077578  0.067175  0.107917   6
  1  0  0.938300  0.065431 -0.045101  0.214736   1
  1  0  0.938300  0.027160 -0.181969  0.283785   5
  1  0  0.938300 -0.138902 -0.089968  0.071431   3
  1  0  0.938300 -0.054888  0.021039  0.053488   4
  1  0  0.938300  0.250462 -0.137509  0.403383   2
  1  0  0.938300  0.143197  0.167535  0.312260   5
  1  1  0.938300 -0.013288 -0.036577  0.581279   6
  1  0  0.938300 -0.268848  0.068674 -0.000837   2
  1  0  0.938300  0.031040 -0.091135  0.161779   2
  1  0  0.938300  0.319084  0.010087  0.517451   6
  1  1  0.938300  0.106476 -0.012517  0.648812  -1
  1  1  0.938300  0.004227 -0.255563  0.237248  -7
  1  1  0.938300 -0.430886 -0.008882  0.110390  -6
  1  1  0.938300  0.158778 -0.313195  0.586247  -2
  1  1  0.938300  0.319607  0.137734  0.428424  -2
  1  1  0.938300 -0.137810  0.047957  0.879197  -1
  1  1  0.938300 -0.065971 -0.004052  0.397154  -1
  1  1  0.938300  0.098439 -0.051323  0.800352  -1
  1  1  0.938300  0.012266 -0.156367  0.598615  -3
  1  1  0.938300  0.131188 -0.250458  0.424655  -5
  1  1  0.938300 -0.064212  0.253472  0.363309  -4
  1  1  0.938300  0.046636 -0.145501  0.315946  -4
  1  1  0.938300 -0.001468  0.189348  0.768121  -1
  1  1  0.938300  0.096886  0.130413  0.157704  -4
  1  1  0.938300 -0.358268 -0.202058  0.282894  -3
  1  1  0.938300  0.288413 -0.177998  0.588114  -3
  1  1  0.938300  0.063235  0.197988  0.196332  -3
  1  0  0.938300  0.341651  0.405870  0.302709  -6
  1  1  0.938300 -0.041868  0.409049  0.448212  -6
  1  1  0.938300  0.198441 -0.203967  0.703691  -2
  1  1  0.938300 -0.039096  0.140433  0.794022  -4
  1  1  0.938300  0.314236 -0.046427  0.112778  -3
  1  1  0.938300 -0.081481  0.100179  0.606100  -1
  1  1  0.938300 -0.023654  0.172661  0.122147  -4
  1  1  0.938300  0.021457 -0.428964  0.352275  -8
  1  1  0.938300 -0.154066 -0.271197  0.414716  -2
  1  0  0.938300  0.069568  0.263848  0.276661  -6
  1  1  0.938300  0.025577  0.241678  0.245926  -6
  1  1  0.938300  0.150557 -0.327042  0.291279  -2
  1  1  0.938300 -0.246447  0.296595 -0.048713  -2
  1  1  0.938300 -0.388724  0.077026  0.533467  -3
  1  1  0.938300 -0.100775  0.054856  0.688320  -1
  1  1  0.938300  0.234039  0.180802  0.550236  -2
  1  1  0.938300  0.015598 -0.111339  0.736003  -1
  1  1  0.938300 -0.015617 -0.060578  0.747363  -1
  1  1  0.938300 -0.085547  0.020945  0.503527  -2
  1  1  0.938300 -0.154372  0.160383  0.237583  -3
  1  1  0.938300 -0.034287 -0.456440  0.428432  -3
  1  1  0.938300  0.146480 -0.088735  0.573342  -1
  1  1  0.938300 -0.519130 -0.288596  0.386766  -2
  1  1  0.938300  0.046810 -0.048697  0.568327  -2
  1  1  0.938300 -0.393603 -0.200228  0.665125  -6
  1  1  0.938300 -0.147453 -0.001421  0.673314  -1
  1  1  0.938300 -0.165342  0.091126  0.393430  -5
  1  1  0.938300 -0.158212  0.352238  0.006389  -5
  1  1  0.938300  0.371711  0.004546  0.368118  -4
  1  1  0.938300 -0.200422  0.366671  0.488357  -4
  1  1  0.938300 -0.154097  0.325550  0.428635  -2
  1  1  0.938300  0.113760 -0.085326  0.318698  -4
  1  1  0.938300 -0.088248 -0.004625  0.119999 -10
  1  1  0.938300  0.299663 -0.254822  0.234606  -3
  1  1  0.938300 -0.424148  0.034333  0.518473  -4
  1  1  0.938300 -0.200921  0.094156  0.209300  -5
  1  1  0.938300  0.094050 -0.023011  0.554747  -4
  1  1  0.938300  0.019281  0.005657  0.397206  -5
  1  1  0.938300  0.256412 -0.316030  0.760532  -6
  1  1  0.938300 -0.078364 -0.000014  0.389277  -6
  1  1  0.938300  0.133289 -0.068403  0.331279  -4
  1  1  0.938300 -0.145448 -0.118073  0.701275  -1
  1  1  0.938300  0.090091 -0.122861  0.668337  -1
  1  1  0.938300  0.106932  0.249125  0.653799  -4
  1  0  0.938300  0.062434 -0.394822  0.497612  -7
  1  1  0.938300 -0.050854 -0.027301  0.667679  -3
  1  1  0.938300 -0.130495  0.152992  0.826624  -4
  1  1  0.938300 -0.066737 -0.038671  0.461911  -1
  1  1  0.938300  0.030952 -0.253360  0.633418  -2
  1  1  0.938300  0.295249  0.175609  0.343963  -5
  1  1  0.938300  0.043156 -0.065459  0.676288  -1
  1  1  0.938300 -0.045122 -0.118505  0.856412  -1
  1  1  0.938300  0.700745  0.086437  0.395203  -4
  1  1  0.938300 -0.159080 -0.029196  0.098200  -3
  1  1  0.938300  0.011120 -0.210121  0.671170  -1
  1  1  0.938300 -0.106688 -0.109527  0.451673  -2
  1  1  0.938300 -0.313591 -0.231038  0.444293  -3
  1  1  0.938300 -0.140704 -0.019724  0.561862  -8
  1  1  0.938300 -0.176317  0.290451  0.309248  -6
  1  1  0.938300  0.131122  0.730755  0.809600  -4
  1  1  0.938300  0.114808  0.350287  0.501399  -2
  1  1  0.938300  0.016704 -0.070876  0.828020  -3
  1  0  0.938300  0.156648 -0.031253  0.508838  -2
  1  0  0.938300  0.318819 -0.127569  0.380225  -6
  1  0  0.938300  0.028356 -0.028343  0.926663  -4
  1  0  0.938300 -0.055911 -0.154458  0.767332  -1
  1  0  0.938300 -0.099121  0.254936  0.108913  -2
  1  0  0.938300 -0.092712 -0.229835  0.266384  -4
  1  0  0.938300  0.060949 -0.458795  0.832208  -3
  1  0  0.938300 -0.069810  0.185241  0.318590  -6
  1  0  0.938300 -0.106979  0.095484  0.180751  -4
  1  0  0.938300 -0.013708 -0.059185  0.711307  -1
  1  0  0.938300  0.423904 -0.287434  0.108717  -2
  1  0  0.938300  0.039665 -0.075561  0.303569  -2
  1  0  0.938300  0.129349  0.466834  0.334361  -5
  1  0  0.938300  0.342871  0.023558  0.910473  -2
  1  0  0.938300 -0.004255  0.039764  0.446732  -4
  1  0  0.938300  0.116969  0.043991  0.441552  -4
  1  0  0.938300 -0.216506  0.066505  0.330174  -4
  1  0  0.938300 -0.050732 -0.157841  0.663062  -4
  1  0  0.938300  0.050771  0.108354  0.440968  -5
  1  0  0.938300  0.505699  0.068106  0.232357  -3
  1  0  0.938300 -0.386664  0.252842  0.522374  -4
  1  0  0.938300  0.319788  0.433170  0.515761  -3
  1  0  0.938300  0.036529  0.330583  0.011997  -4
  1  0  0.938300 -0.071628  0.092123  0.709566  -1
  1  0  0.938300  0.023848 -0.191661  0.613699  -1
  1  0  0.938300  0.246951 -0.060585  0.030024  -6
  1  0  0.938300  0.200214 -0.359445  0.632523  -2
  1  0  0.938300  0.235364  0.087634  0.332368  -2
  1  0  0.938300 -0.140103 -0.242855  0.174496  -5
  1  0  0.938300  0.339123  0.078702  0.662005  -2
  1  0  0.938300 -0.005689  0.131125  0.638520  -2
  1  0  0.938300 -0.086519 -0.321014  0.090731  -6
  1  0  0.938300 -0.206404 -0.165796  0.357033  -3
  1  0  0.938300  0.126179  0.001858  0.491798  -1
  1  0  0.938300 -0.020906 -0.110392  0.208585  -3
  1  0  0.938300  0.384859 -0.469901  0.608261  -4
  1  0  0.938300 -0.004053 -0.161161  0.609703  -1
  1  0  0.938300 -0.087136 -0.236113  0.780924  -6
  1  0  0.938300  0.188571  0.054037  0.315489  -6
  1  0  0.938300  0.099965  0.163237  0.386863  -4
  1  0  0.938300  0.071258 -0.035898  0.398058  -6
  1  0  0.938300 -0.195785 -0.219206  0.278826  -3
  1  0  0.938300  0.046297 -0.270166  0.374988  -5
  1  0  0.938300 -0.222766  0.161777  0.394355  -6
  1  0  0.938300  0.055324 -0.168164  0.868122  -1
  1  0  0.938300 -0.215294 -0.078022  0.715319  -2
  1  0  0.938300  0.012141 -0.326721  0.184023  -4
  1  0  0.938300  0.091417 -0.198170  0.528145  -4
  1  0  0.938300  0.068810 -0.351824  0.447001  -4
  1  0  0.938300 -0.063675 -0.174004  0.758741  -3
  1  0  0.938300  0.026199  0.149943  0.459235  -1
  1  0  0.938300  0.077200 -0.018710  0.368559  -4
  1  0  0.938300  0.216967 -0.071575  0.491775  -8
  1  0  0.938300  0.360378  0.144939  0.450689  -8
  1  0  0.938300  0.016657 -0.049139  0.695813  -1
  1  0  0.938300  0.021817  0.087588  0.413551  -2
  1  0  0.938300 -0.239768 -0.032466  0.408646  -2
  1  0  0.938300 -0.395777  0.245661  0.271460  -2
  1  1  0.938300 -0.031050 -0.318436 -0.033739  -6
  1  0  0.938300 -0.014808 -0.279324  0.608712  -4
  1  0  0.938300  0.006630  0.132968  0.764018  -1
  1  1  0.938300 -0.076513  0.345335  0.192712  -4
  1  0  0.938300  0.147458  0.537492  0.379950  -3
  1  0  0.938300  0.236758  0.040055  0.739468  -7
  1  0  0.938300 -0.093768 -0.199781  0.670614  -2
  1  0  0.938300  0.128386 -0.026547  0.698290  -1
  1  0  0.938300  0.146906  0.586382  0.427418  -4
  1  0  0.938300  0.365339 -0.440095  0.263023  -6
  1  0  0.938300  0.200914 -0.168065  0.889226  -5
  1  0  0.938300  0.056614  0.093531  0.496131  -2
  1  0  0.938300  0.199760 -0.016371  0.930061  -2
  1  0  0.938300 -0.103716 -0.099427  0.791230  -1
  1  0  0.938300 -0.078613  0.127935  0.308339  -3
  1  0  0.938300  0.129718 -0.150672  0.668736  -2
  1  0  0.938300 -0.162310 -0.126478  0.507532  -2
  1  0  0.938300  0.168199  0.159128  0.519812  -3
  1  0  0.938300 -0.145239 -0.151956  0.338428  -3
  1  0  0.938300 -0.165358 -0.146016  0.675196  -4
  1  0  0.938300  0.108836  0.159129  0.594219  -1
  1  0  0.938300  0.060119 -0.027919  0.364464  -4
  1  0  0.938300  0.044318  0.315993  0.539553  -3
  1  0  0.938300 -0.026039 -0.094141  0.311279  -2
  1  0  0.938300  0.056598  0.032844  0.433349  -6
  1  0  0.938300  0.194874  0.051690  0.249656  -4
  1  0  0.938300  0.125303 -0.077603  0.566899  -3
  1  0  0.938300  0.254003 -0.347178  0.346637  -2
  1  0  0.938300 -0.378742 -0.040871  0.535722  -4
  1  0  0.938300 -0.192222 -0.068203  0.142642  -6
  1  0  0.938300  0.028239  0.062268  0.855425  -1
  1  0  0.938300  0.300892  0.074994  0.458113  -4
  1  0  0.938300  0.231920  0.016763  0.294672  -6
  1  0  0.938300 -0.013146  0.324618  0.518264  -3
  1  0  0.938300 -0.123094 -0.061641  0.369816  -4
  1  0  0.938300  0.269384 -0.001917  0.439652  -7
  1  0  0.938300 -0.166397 -0.212418  0.384561  -3
  1  0  0.938300  0.160580 -0.274198  0.650803  -7
  1  0  0.938300 -0.264183  0.132257  0.631564  -5
  1  0  0.938300 -0.191956 -0.424681  0.052761  -2
  1  0  0.938300 -0.110975 -0.266324  0.441988  -7
  1  0  0.938300  0.180031 -0.010213  1.017115  -3
  1  0  0.938300 -0.026596  0.236574  0.520550  -3
  1  0  0.938300  0.219418  0.234889  0.252494  -2
  1  0  0.938300 -0.036902 -0.057482  0.463526  -4
  1  0  0.938300  0.055445  0.106540  0.476847  -4
  1  0  0.938300  0.162164 -0.120729  0.611683  -4
  1  0  0.938300  0.526689 -0.249608  0.182137  -4
  1  0  0.938300 -0.158141 -0.067588  0.475437  -2
  1  0  0.938300 -0.298972  0.128696  0.415674  -2
  1  0  0.938300  0.160853 -0.716716  0.410765  -3
  1  0  0.938300 -0.081620 -0.164105  0.297130  -2
  1  0  0.938300 -0.052727  0.437718  0.148025  -5
  1  0  0.938300 -0.159848 -0.194446  0.323051  -2
  1  0  0.938300  0.259118 -0.117023  0.803789  -2
  1  0  0.938300  0.317050  0.019569  0.575481  -3
  1  0  0.938300 -0.280319  0.197396  0.141467 -10
  1  0  0.938300 -0.218853  0.124663  0.674310  -1
  1  0  0.938300  0.119597 -0.147377  0.168047  -6
  1  0  0.938300  0.253511  0.126599  0.239266  -4