  1  1  0.938300  0.037030 -0.040065  0.031383   1
  1  1  0.938300  0.179981  0.149465  0.169553   1
  1  1  0.938300  0.119591 -0.080508  0.058785   1
  1  1  0.938300  0.202407 -0.206222  0.027529   5
  1  1  0.938300  0.044606  0.298435  0.162706   2
  1  1  0.938300 -0.214834  0.035019  0.350463   6
  1  1  0.938300 -0.125571 -0.137073  0.108686   3
  1  1  0.938300  0.335537  0.051299 -0.110708   3
  1  1  0.938300 -0.010556 -0.409442  0.904256   4
  1  1  0.938300  0.029618  0.012700  0.001965   1
  1  1  0.938300 -0.013377  0.366173  0.358078   2
  1  1  0.938300  0.246343  0.129030  0.325394   6
  1  1  0.938300  0.032372  0.041657  0.286964   7
  1  1  0.938300 -0.164558  0.199105  0.334409   2
  1  1  0.938300  0.395238 -0.210624  0.293543   3
  1  1  0.938300 -0.201645 -0.011742  0.366572   2
  1  1  0.938300  0.217817  0.104233  0.686417   4
  1  1  0.938300  0.281208  0.005590  0.441915   6
  1  1  0.938300  0.053394  0.140221  0.248222   3
  1  1  0.938300 -0.166851 -0.092965  0.217896   5
  1  1  0.938300  0.312453 -0.006340  0.156944   3
  1  1  0.938300 -0.050921  0.016770  0.652486   7
  1  1  0.938300 -0.064312  0.041704  0.018036   1
  1  1  0.938300 -0.112691  0.099619  0.256128   1
  1  1  0.938300 -0.072009 -0.147504  0.423642   4
  1  1  0.938300  0.411694 -0.161397  0.317681   3
  1  1  0.938300 -0.043795  0.093849 -0.071997   1
  1  1  0.938300 -0.284990 -0.152958  0.149507   3
  1  1  0.938300 -0.203694 -0.051246  0.367501   4
  1  1  0.938300  0.082679  0.027041  0.335894   1
  1  1  0.938300  0.050066 -0.065255  0.244942   2
  1  1  0.938300  0.135185  0.153286  0.183581   4
  1  1  0.938300 -0.151485 -0.090597  0.594677   2
  1  1  0.938300  0.018099  0.299872  0.670283   4
  1  1  0.938300 -0.125102 -0.035388  0.319579   6
  1  1  0.938300  0.048545 -0.191247 -0.056230   1
  1  1  0.938300 -0.323377 -0.368470  0.190172   5
  1  1  0.938300  0.068083  0.038347  0.401895   5
  1  1  0.938300 -0.112666 -0.254887  0.523858   4
  1  1  0.938300  0.092479 -0.018227  0.236571   1
  1  1  0.938300  0.303803  0.303686  0.747819   5
  1  1  0.938300 -0.060300 -0.260545  0.169539   2
  1  1  0.938300 -0.317235 -0.041724  0.289142   3
  1  1  0.938300  0.137153  0.028777  0.163400   2
  1  1  0.938300  0.355883  0.010086  0.244426   2
  1  1  0.938300  0.391370  0.400517  0.502058   2
  1  1  0.938300  0.360206  0.440579  0.422595   4
  1  1  0.938300 -0.072029 -0.090208  0.187074   2
  1  1  0.938300  0.194063 -0.582207  0.254050   3
  1  1  0.938300  0.052822 -0.077005  0.168832   1
  1  1  0.938300  0.110356  0.178176  0.219757   3
  1  1  0.938300 -0.229047  0.471671  0.623339   3
  1  1  0.938300 -0.201666 -0.029426 -0.125187   2
  1  1  0.938300 -0.137511 -0.134941  0.046421   1
  1  1  0.938300  0.489389 -0.334742  0.533109   3
  1  1  0.938300 -0.102770  0.058209  0.090107   1
  1  1  0.938300 -0.138505 -0.527734  0.462805   6
  1  1  0.938300  0.032837  0.072408  0.065967   1
  1  1  0.938300  0.016441 -0.224097  0.134387   3
  1  1  0.938300 -0.041625  0.104708  0.081675   4
  1  1  0.938300  0.069014 -0.152096  0.522849   6
  1  1  0.938300 -0.303067 -0.260974  0.346311   2
  1  1  0.938300  0.035271 -0.481968  0.343466   2
  1  1  0.938300  0.140026 -0.167483  0.023370   3
  1  1  0.938300  0.373074 -0.162627  0.267004   3
  1  1  0.938300 -0.597721  0.267651  0.301160   3
  1  1  0.938300 -0.088693  0.017534  0.080085   6
  1  1  0.938300  0.184121 -0.004130  0.196256   3
  1  1  0.938300 -0.073887 -0.301142  0.530029   6
  1  1  0.938300  0.103874  0.095718  0.259348   3
  1  1  0.938300  0.052197 -0.225099  0.192019   5
  1  1  0.938300 -0.165549  0.151898  0.128369   6
  1  1  0.938300  0.138950  0.049612  0.622706   3
  1  1  0.938300  0.006997  0.042386 -0.054429   3
  1  1  0.938300  0.021488 -0.138434  0.290680   5
  1  1  0.938300  0.103396 -0.019401 -0.311924   4
  1  1  0.938300  0.415779  0.112456  0.503539   5
  1  1  0.938300 -0.114406 -0.025174  0.009459   1
  1  1  0.938300  0.033623  0.205112  0.068372   1
  1  0  0.938300  0.057151 -0.157197  0.310989   2
  1  0  0.938300 -0.192586  0.216279 -0.058113   2
  1  0  0.938300 -0.118947  0.152463  0.587461   4
  1  0  0.938300 -0.439885 -0.149721  0.286583   3
  1  0  0.938300 -0.423685 -0.269370  0.406854   3
  1  0  0.938300  0.074587 -0.007288  0.174903   1
  1  0  0.938300 -0.085646  0.046480  0.142261   5
  1  0  0.938300  0.012385 -0.051145  0.259823   1
  1  0  0.938300 -0.048256  0.143325 -0.038038   1
  1  0  0.938300  0.144303 -0.067982  0.137427   7
  1  0  0.938300 -0.077416  0.394620  0.258776   2
  1  0  0.938300 -0.158120  0.117850  0.213335   3
  1  0  0.938300  0.087481  0.143120  0.228283   3
  1  0  0.938300 -0.223943 -0.126393  0.162192   4
  1  0  0.938300  0.062951  0.103596 -0.068551   1
  1  0  0.938300 -0.007032 -0.042767  0.569074   5
  1  0  0.938300  0.100172 -0.188236  0.487729   4
  1  0  0.938300  0.294760  0.300069  0.162669   3
  1  0  0.938300 -0.266223 -0.146593 -0.065996   4
  1  0  0.938300  0.202116  0.180843  0.295066   5
  1  0  0.938300 -0.008915 -0.022780  0.324220   6
  1  0  0.938300  0.316070  0.098765  0.183050   3
  1  0  0.938300 -0.163082  0.167407 -0.123572   5
  1  0  0.938300 -0.008543  0.154710  0.265582   2
  1  0  0.938300  0.411172 -0.026203  0.416737   2
  1  0  0.938300  0.357243 -0.209742  0.352612   4
  1  0  0.938300 -0.154515  0.371119  0.454218   5
  1  0  0.938300  0.500508 -0.020192  0.136821   4
  1  0  0.938300  0.115621  0.342766  0.196139   2
  1  0  0.938300  0.041617  0.376231  0.215391   5
  1  0  0.938300  0.163522  0.202832  0.458212   3
  1  0  0.938300 -0.311986  0.219456  0.513395   3
  1  0  0.938300 -0.197301  0.029552  0.240397  15
  1  0  0.938300 -0.227635  0.016614  0.606661   4
  1  0  0.938300 -0.016865  0.005409 -0.080211   1
  1  0  0.938300 -0.090919 -0.107708  0.068592   1
  1  0  0.938300  0.118972  0.052373  0.531000   9
  1  0  0.938300 -0.104721 -0.076135  0.418233   2
  1  0  0.938300 -0.098406 -0.165468  0.087535   2
  1  0  0.938300 -0.150534 -0.109149  0.536933   8
  1  0  0.938300  0.207353  0.263658  0.236070   5
  1  0  0.938300 -0.131673  0.060557  0.198075   4
  1  0  0.938300 -0.126201 -0.126334  0.108381   4
  1  0  0.938300 -0.255325  0.270070  0.797561   3
  1  0  0.938300 -0.200994  0.179390  0.347029   3
  1  0  0.938300 -0.043959  0.034672 -0.114014   1
  1  0  0.938300  0.279746 -0.010007  0.492015   2
  1  0  0.938300  0.097085  0.025642  0.101649   4
  1  0  0.938300  0.137489  0.142491  0.152146   1
  1  0  0.938300  0.241616  0.157731  0.490886   3
  1  0  0.938300 -0.146929 -0.005337  0.066520   5
  1  0  0.938300 -0.243914  0.014098  0.678839   6
  1  1  0.938300  0.010533  0.108204  0.207020   6
  1  0  0.938300  0.023836 -0.065547  0.133363   3
  1  0  0.938300  0.007471 -0.039963  0.635110   2
  1  0  0.938300  0.098568  0.524598  0.443667   3
  1  0  0.938300 -0.043207 -0.003664  0.142650   3
  1  0  0.938300 -0.006488  0.156545  0.195759   3
  1  0  0.938300  0.206353  0.093362  0.212433   2
  1  1  0.938300 -0.016090  0.093451  0.637630   2
  1  0  0.938300 -0.102914  0.163876  0.118862   2
  1  0  0.938300  0.030680  0.093265  0.330597   2
  1  0  0.938300 -0.466421 -0.192222  0.348430   5
  1  0  0.938300  0.098867 -0.344521  0.043837   4
  1  1  0.938300  0.400164  0.452585  0.578527   5
  1  0  0.938300 -0.020188 -0.107345  0.464931   4
  1  0  0.938300  0.056673  0.201679  0.399090   3
  1  0  0.938300 -0.123844 -0.062290  0.555346   4
  1  0  0.938300 -0.022829  0.364536  0.407675   7
  1  0  0.938300  0.107580 -0.095547  0.458701   4
  1  0  0.938300  0.144844 -0.070879  0.283426  12
  1  0  0.938300  0.029274  0.118759  0.398467   3
  1  0  0.938300 -0.087921 -0.211295  0.443530   3
  1  0  0.938300  0.275759 -0.017523  0.185499   3
  1  0  0.938300  0.119873  0.135446  0.200158   3
  1  0  0.938300  0.221619 -0.312045  0.532203   2
  1  0  0.938300  0.011959 -0.029899  0.199845   2
  1  0  0.938300 -0.072941 -0.198094  0.029628   1
  1  0  0.938300  0.073087  0.053906  0.629258   4
  1  0  0.938300 -0.061337  0.117483  0.115599   3
  1  0  0.938300  0.247174 -0.243136  0.578766   3
  1  0  0.938300 -0.085731  0.088773  0.101127   1
  1  0  0.938300 -0.172436  0.294713  0.763409   3
  1  0  0.938300  0.011651 -0.002717  0.148650   1
  1  0  0.938300  0.310547 -0.115105  0.619217   2
  1  0  0.938300  0.281397 -0.208039  0.404068   5
  1  0  0.938300 -0.424342  0.089421  0.646429   5
  1  0  0.938300 -0.278062  0.208994  0.264479   3
  1  0  0.938300 -0.054729 -0.218318  0.160838   3
  1  0  0.938300 -0.169466 -0.269764  0.887536   6
  1  0  0.938300 -0.012135 -0.093620  0.424849   2
  1  0  0.938300  0.310525 -0.041585  0.425888   2
  1  0  0.938300  0.019264  0.146737  0.273167   4
  1  0  0.938300 -0.013257  0.135235  0.083191   1
  1  0  0.938300 -0.152953 -0.220375  0.042223   5
  1  0  0.938300  0.038769 -0.075427  0.361543   3
  1  0  0.938300  0.084690 -0.202369  0.298194   3
  1  0  0.938300  0.018768 -0.191448  0.114981   1
  1  0  0.938300  0.322791 -0.378772  0.616496   4
  1  0  0.938300 -0.612900  0.197683  0.340459   2
  1  0  0.938300  0.044026 -0.071057 -0.075050   1
  1  0  0.938300 -0.061472  0.066734  0.130315   2
  1  0  0.938300 -0.311845 -0.011522  0.436096   6
  1  0  0.938300 -0.267785 -0.087050  0.567427   6
  1  0  0.938300  0.062613  0.186377  0.152904   2
  1  0  0.938300  0.515047  0.246421  0.218787   4
  1  0  0.938300 -0.222176 -0.298096  0.722488   5
  1  0  0.938300  0.459761 -0.058842  0.559326   3
  1  0  0.938300  0.111785 -0.309711  0.752513   3
  1  0  0.938300 -0.081433 -0.640614  0.561102   2
  1  0  0.938300 -0.194978  0.133512  0.343346   2
  1  0  0.938300  0.094186  0.313324  0.305398   3
  1  0  0.938300 -0.081297  0.059459  0.146731   6
  1  0  0.938300  0.024019  0.054389  0.299275   2
  1  0  0.938300 -0.206403  0.149630  0.344390   4
  1  0  0.938300 -0.064694 -0.144386  0.453868   4
  1  0  0.938300  0.315635  0.306531  0.458747   4
  1  0  0.938300  0.081759  0.054496  0.282767   4
  1  1  0.938300  0.087194  0.030849  0.536400  -2
  1  1  0.938300  0.201510 -0.100736  0.251749  -5
  1  1  0.938300  0.098780 -0.148528  0.368767  -5
  1  1  0.938300 -0.198135 -0.017859 -0.045728  -4
  1  1  0.938300 -0.032202  0.059987  0.060368  -4
  1  1  0.938300  0.060961 -0.083173  0.634142  -3
  1  1  0.938300  0.146696  0.067722  0.583998  -2
  1  1  0.938300  0.266158  0.064833  0.331791  -3
  1  1  0.938300  0.192953 -0.208063  0.450564  -2
  1  1  0.938300  0.103832 -0.057541  0.663855  -8
  1  1  0.938300 -0.136999 -0.214863  0.653222  -1
  1  1  0.938300  0.111790  0.025989  0.276552  -7
  1  1  0.938300  0.005608  0.103740  0.688435  -1
  1  1  0.938300 -0.043818  0.022531  0.660248  -2
  1  1  0.938300  0.382572  0.239401  0.202871  -6
  1  1  0.938300 -0.002474 -0.396831  0.423215  -4
  1  1  0.938300 -0.071005 -0.217288 -0.047620  -2
  1  1  0.938300 -0.055842  0.312798  0.020232  -6
  1  1  0.938300  0.066766 -0.146414  0.702536  -1
  1  1  0.938300 -0.017328  0.200639  0.626325  -5
  1  1  0.938300 -0.039991 -0.316091  0.120324  -4
  1  1  0.938300 -0.014287 -0.112872  0.679137  -1
  1  1  0.938300 -0.232310  0.128398  0.662661  -4
  1  1  0.938300  0.010266  0.041118  0.155565  -4
  1  1  0.938300  0.047729  0.245663  0.566780  -2
  1  1  0.938300  0.108496  0.646758  0.462021  -3
  1  1  0.938300  0.141170 -0.371159  0.571624  -5
  1  1  0.938300 -0.109984  0.188536  0.751183  -1
  1  1  0.938300 -0.058752  0.571826  0.668782  -2
  1  1  0.938300  0.162818  0.180309  0.949618  -2
  1  1  0.938300 -0.042235  0.128603  0.410704  -6
  1  1  0.938300 -0.081405 -0.145140  0.280836  -4
  1  1  0.938300 -0.388324 -0.157057  0.463135  -5
  1  1  0.938300 -0.079412  0.180105  0.224415  -6
  1  1  0.938300  0.222632 -0.307193  0.044756  -3
  1  1  0.938300  0.117178 -0.056531  0.912709  -2
  1  0  0.938300 -0.524335 -0.359759  0.484167  -4
  1  1  0.938300 -0.228694  0.090895  0.189875  -6
  1  1  0.938300  0.007989  0.102643  0.169554  -3
  1  1  0.938300  0.123726 -0.191854  0.531976  -3
  1  1  0.938300  0.303645  0.046269  0.704419  -4
  1  1  0.938300 -0.045999  0.174202  0.451422  -3
  1  1  0.938300  0.022266 -0.173249  0.439642  -3
  1  1  0.938300 -0.042015  0.130895  0.185315  -2
  1  1  0.938300  0.071567 -0.298008  0.465243  -3
  1  1  0.938300  0.586994  0.070559 -0.028531  -5
  1  1  0.938300  0.020846  0.015882  0.577294  -1
  1  0  0.938300 -0.041616  0.271645  0.285556  -4
  1  1  0.938300 -0.098515 -0.153273  0.409688  -4
  1  1  0.938300 -0.298442 -0.042355  0.507889  -2
  1  1  0.938300 -0.060566 -0.161381 -0.165674  -8
  1  1  0.938300 -0.049916 -0.227177  0.656569  -3
  1  1  0.938300 -0.550729 -0.545152  0.713265  -3
  1  1  0.938300  0.269954 -0.271489  0.534920  -3
  1  1  0.938300 -0.049234  0.034047  0.410566  -4
  1  1  0.938300  0.380649 -0.240701  0.474475  -3
  1  1  0.938300 -0.066178  0.041823  0.445578  -7
  1  1  0.938300 -0.132637 -0.039808  0.142159  -3
  1  1  0.938300 -0.083482  0.187431  0.542929  -5
  1  1  0.938300  0.257248 -0.103482  0.337920  -4
  1  1  0.938300  0.139898 -0.136758  0.443967  -6
  1  1  0.938300  0.105254  0.044873  0.269111  -5
  1  1  0.938300  0.015433 -0.073924  0.452260  -1
  1  1  0.938300  0.010224  0.122907  0.373916  -4
  1  1  0.938300  0.011434 -0.067476  0.134945  -3
  1  1  0.938300 -0.205037 -0.333462  0.153983  -6
  1  1  0.938300  0.418800  0.339602  0.485182  -2
  1  1  0.938300  0.284060  0.096979  0.299913  -4
  1  1  0.938300 -0.372667  0.110837  0.584991  -3
  1  1  0.938300 -0.172682  0.080782  0.401772  -3
  1  1  0.938300 -0.146088  0.161814  0.436151  -7
  1  1  0.938300  0.253875 -0.205010  0.460953  -3
  1  1  0.938300 -0.288677 -0.163736  0.558876  -3
  1  1  0.938300  0.179674 -0.289186  0.263579  -3
  1  1  0.938300  0.164951  0.101045  0.213772  -3
  1  1  0.938300  0.181058 -0.021604  0.591223  -1
  1  1  0.938300 -0.087567  0.108636  0.648275  -1
  1  1  0.938300  0.293776 -0.266702  0.481177  -2
  1  1  0.938300  0.164405 -0.138726  0.193256  -9
  1  0  0.938300  0.562506 -0.123157  0.393223  -3
  1  0  0.938300 -0.243431 -0.033985  0.621697  -4
  1  0  0.938300  0.176624 -0.155964  0.380337  -4
  1  0  0.938300  0.112447 -0.198185  0.116621  -4
  1  0  0.938300 -0.146442  0.273990  0.446068  -3
  1  0  0.938300 -0.135989  0.033773  0.450908  -9
  1  0  0.938300  0.235174  0.378572  0.315708  -5
  1  0  0.938300 -0.442990 -0.114836  0.747898  -3
  1  0  0.938300  0.219762  0.261586  0.416484  -3
  1  0  0.938300 -0.120431  0.018064  0.709635  -2
  1  0  0.938300 -0.278174 -0.032123  0.738930  -1
  1  0  0.938300 -0.045271  0.232008  0.471628  -4
  1  0  0.938300 -0.198350  0.489886  0.353449  -3
  1  0  0.938300 -0.110709  0.195354  0.697404  -5
  1  0  0.938300  0.033486  0.144742  0.408330  -5
  1  0  0.938300 -0.139472  0.107811  0.093389 -10
  1  0  0.938300 -0.004702 -0.315544  0.814293  -2
  1  0  0.938300  0.342582  0.073626  0.183843  -3
  1  0  0.938300 -0.103710  0.004610  0.819745  -1
  1  0  0.938300 -0.317177  0.096853  0.503158  -2
  1  0  0.938300  0.312819  0.161798  0.458299  -3
  1  0  0.938300  0.160379  0.121086  0.437829  -6
  1  0  0.938300 -0.302716 -0.213615  0.517075  -2
  1  0  0.938300  0.155685 -0.097261  0.288438  -5
  1  0  0.938300 -0.211808 -0.025615  0.296514  -8
  1  0  0.938300  0.372608 -0.209599  0.551990  -7
  1  0  0.938300 -0.200874 -0.334292  0.257306  -2
  1  0  0.938300  0.024424 -0.030633  0.614998  -1
  1  0  0.938300 -0.065893 -0.236233  0.310844  -4
  1  0  0.938300  0.283371 -0.281130  0.116046  -3
  1  0  0.938300 -0.078949  0.083623  0.340668  -5
  1  0  0.938300  0.314989  0.156311  0.147346  -3
  1  0  0.938300 -0.198547  0.143249  0.107236  -5
  1  0  0.938300 -0.519133  0.314619  0.467862  -5
  1  0  0.938300  0.017118  0.240760  0.895049  -2
  1  0  0.938300  0.107297  0.090221  0.072840  -3
  1  0  0.938300 -0.063602  0.133754  0.331106  -6
  1  0  0.938300  0.518798 -0.028432  0.411195  -5
  1  0  0.938300  0.431401 -0.061916  0.521886  -7
  1  0  0.938300  0.003116  0.112910  0.637150  -3
  1  0  0.938300  0.276897 -0.054690  0.216155  -7
  1  0  0.938300 -0.060664  0.301343  0.246094  -9
  1  0  0.938300 -0.021750 -0.050248  0.460227  -1
  1  0  0.938300 -0.292667  0.086262  0.354490  -2
  1  0  0.938300 -0.050144 -0.273255  0.448839  -4
  1  0  0.938300  0.015128  0.205276  0.072142  -4
  1  0  0.938300  0.028412 -0.070757  0.598626  -2
  1  0  0.938300 -0.038945  0.151296  0.658537  -1
  1  0  0.938300 -0.000539 -0.204346  0.473802  -3
  1  0  0.938300  0.148782 -0.151559  0.482518  -3
  1  0  0.938300  0.110978  0.002892  0.591648  -1
  1  0  0.938300  0.183509 -0.075681 -0.006247  -3
  1  0  0.938300 -0.179967  0.256570  1.052917  -2
  1  0  0.938300  0.140667  0.012659  0.432650  -1
  1  0  0.938300  0.018758 -0.183665  0.751780  -1
  1  0  0.938300 -0.186425  0.153437  0.785567  -4
  1  0  0.938300 -0.182055 -0.168372  0.354079  -2
  1  0  0.938300  0.191117 -0.085730  0.153036  -5
  1  0  0.938300  0.074818 -0.187790  0.122244  -3
  1  0  0.938300  0.014334  0.026054  0.661077  -1
  1  0  0.938300  0.104512 -0.050519  0.579773  -1
  1  0  0.938300 -0.221580 -0.035598  0.388616  -3
  1  0  0.938300  0.104561  0.018234  0.248295  -2
  1  0  0.938300 -0.053110  0.041882  0.421981  -2
  1  0  0.938300  0.022224  0.068496  0.149158  -5
  1  0  0.938300  0.291884  0.306373  0.602003  -2
  1  0  0.938300  0.203510  0.281090  0.224417  -3
  1  0  0.938300  0.005509  0.096791  0.551914  -6
  1  0  0.938300 -0.035606 -0.053007  0.483209  -3
  1  0  0.938300  0.027303  0.180504  0.313919 -10
  1  0  0.938300  0.231830  0.440857  0.383040  -6
  1  0  0.938300 -0.110324  0.596390  0.716016  -2
  1  0  0.938300  0.068934 -0.134130  0.609170  -6
  1  0  0.938300 -0.121344  0.121710  0.483951  -6
  1  0  0.938300 -0.429359 -0.084199  0.457819  -2
  1  0  0.938300 -0.170297  0.218976  0.226909  -4
  1  0  0.938300  0.182203 -0.008447  0.458147  -3
  1  0  0.938300  0.025146  0.011933  0.303447  -2
  1  0  0.938300 -0.181467 -0.063819  0.163424  -3
  1  0  0.938300 -0.072270  0.178476  0.565543  -1
  1  0  0.938300 -0.031348 -0.195974  0.551235  -7
  1  0  0.938300 -0.168700  0.076703  0.518678  -1
  1  0  0.938300 -0.193631  0.074026  0.492811  -2
  1  0  0.938300 -0.388736 -0.523568  0.480250  -2
  1  0  0.938300  0.197030 -0.064492  0.474711  -1
  1  0  0.938300 -0.260647 -0.020960  0.314115  -2
  1  0  0.938300 -0.098559 -0.096663  0.529775  -4
  1  0  0.938300 -0.207479  0.155150  0.521874  -4
  1  0  0.938300  0.089400 -0.040358  0.390006  -3
  1  0  0.938300  0.083912  0.000322  0.584365  -3
  1  0  0.938300 -0.190640  0.370983  0.286361  -2
  1  0  0.938300  0.170027  0.249456  0.226425  -2
  1  0  0.938300  0.013018 -0.158391  0.639257  -1
  1  0  0.938300 -0.072170  0.135376  0.668964  -1
  1  0  0.938300  0.231862  0.015087 -0.047526  -8
  1  0  0.938300  0.073747 -0.166836  0.347477  -5
  1  0  0.938300 -0.142503  0.175431  0.316923  -4
  1  0  0.938300 -0.079033 -0.306714  0.213250  -5
  1  0  0.938300 -0.147801 -0.562471  0.725383  -4
  1  0  0.938300  0.022113  0.115804  0.721996  -4
  1  0  0.938300 -0.119228 -0.081692  0.534887  -3
  1  0  0.938300 -0.110503  0.113217  0.344570  -3
  1  0  0.938300 -0.083077 -0.199211  0.494525  -2
  1  0  0.938300 -0.215990 -0.004472  0.218112  -4
  1  0  0.938300 -0.104653 -0.001535  0.738281  -6
  1  0  0.938300  0.205072  0.333282  0.172170  -3
  1  0  0.938300  0.087556 -0.054023  0.385335  -3
  1  0  0.938300  0.059974 -0.206058  0.557472  -2
  1  0  0.938300 -0.113434 -0.112725  0.377373  -3
  1  0  0.938300 -0.042147  0.032199  0.672429  -3
  1  0  0.938300 -0.164985 -0.036720  0.618979  -2
  1  0  0.938300 -0.099908  0.223242  0.072635  -4
  1  0  0.938300 -0.029382 -0.085429  0.847216  -2
  1  0  0.938300 -0.363854  0.185466  0.438005  -6
  1  0  0.938300 -0.049830 -0.067821  0.410501  -5
  1  0  0.938300 -0.266151  0.064996  0.495508  -6
  1  0  0.938300  0.093152  0.225091  0.646833  -1
  1  0  0.938300 -0.017725  0.035812  0.423777  -1