  1  1  0.938300 -0.014078 -0.222587  0.021187   1
  1  1  0.938300  0.073632  0.265756  0.734304   9
  1  1  0.938300 -0.030912  0.048231  0.339159   2
  1  1  0.938300 -0.122384 -0.206846  0.675521   2
  1  1  0.938300  0.086588  0.114271  0.372022   3
  1  1  0.938300 -0.074301 -0.153384  0.235212   4
  1  1  0.938300  0.299456  0.055888  0.483506   3
  1  1  0.938300 -0.137170  0.029915  0.140824   1
  1  1  0.938300 -0.070018  0.123814  0.169298   1
  1  1  0.938300  0.050471 -0.134124  0.230580   4
  1  1  0.938300  0.127608  0.040310  0.178981   1
  1  1  0.938300 -0.128871  0.129533  0.211336   3
  1  1  0.938300 -0.118494 -0.105795  0.551011   5
  1  1  0.938300  0.587157 -0.454877  0.366689   3
  1  1  0.938300 -0.360524  0.286020  0.132917   4
  1  1  0.938300 -0.117794  0.123247  0.260606   4
  1  1  0.938300  0.298347  0.299315  0.213347   2
  1  1  0.938300 -0.170839  0.161058  0.363866   2
  1  1  0.938300  0.090672 -0.196769  0.839501   3
  1  1  0.938300 -0.126340 -0.238769  0.029988   4
  1  1  0.938300 -0.044143 -0.244924  0.371850   5
  1  1  0.938300  0.112453 -0.478219  0.833552   2
  1  1  0.938300 -0.082124 -0.201366  0.061081   2
  1  1  0.938300  0.006979 -0.025740 -0.060501   3
  1  1  0.938300 -0.013590 -0.166901  0.085225   3
  1  1  0.938300 -0.234330  0.329634  0.494814   3
  1  0  0.938300  0.750662  0.071409 -0.216440   3
  1  1  0.938300 -0.076461  0.125859 -0.054692   3
  1  1  0.938300  0.102401  0.021281  0.306931   5
  1  1  0.938300  0.154087 -0.000534  0.085312   2
  1  1  0.938300  0.103813 -0.089232  0.465126   6
  1  1  0.938300  0.100984  0.016591  0.083282   1
  1  1  0.938300 -0.105997  0.132920  0.299239   7
  1  1  0.938300 -0.106800  0.004110  0.562424   6
  1  1  0.938300  0.097894  0.254221  0.364124   3
  1  1  0.938300 -0.203906 -0.176023  0.512811   7
  1  1  0.938300  0.335269 -0.097327  0.721002   2
  1  1  0.938300 -0.078239 -0.338499  0.358012   4
  1  1  0.938300  0.384980  0.083490  0.082748   4
  1  1  0.938300  0.098353  0.062426  0.249658   6
  1  1  0.938300 -0.030814 -0.042003  0.026042   1
  1  1  0.938300  0.021773 -0.167337  0.280497   4
  1  1  0.938300  0.462257 -0.116476  0.371988   7
  1  1  0.938300 -0.057167  0.404232  0.216419   2
  1  1  0.938300 -0.023507 -0.187184  0.216857   1
  1  1  0.938300 -0.065017  0.020781  0.003067   1
  1  1  0.938300 -0.071832  0.052521  0.336189   3
  1  1  0.938300  0.110653  0.084775  0.228828   6
  1  1  0.938300 -0.280948 -0.187842  0.604485   4
  1  1  0.938300  0.029680  0.459694  0.261207   3
  1  1  0.938300  0.129503 -0.041462  0.243081   6
  1  1  0.938300 -0.025683 -0.438655  0.538672   3
  1  1  0.938300  0.138240 -0.290143  0.808631   4
  1  1  0.938300 -0.114032  0.085888  0.414118   3
  1  1  0.938300  0.079560 -0.094861  0.280476   2
  1  1  0.938300  0.143680  0.007509  0.155478   1
  1  1  0.938300 -0.077627 -0.171707  0.633879   8
  1  1  0.938300  0.075672 -0.234093  0.105245   1
  1  1  0.938300  0.111921 -0.256155  0.442192   2
  1  1  0.938300  0.069953  0.063883  0.192540   3
  1  1  0.938300 -0.281538 -0.255357  0.129740   9
  1  1  0.938300 -0.148452 -0.233590  0.145360   4
  1  1  0.938300  0.184963 -0.052823  0.359239   3
  1  1  0.938300  0.040200 -0.041732  0.033250   1
  1  1  0.938300 -0.288356 -0.011616  0.060555   1
  1  1  0.938300  0.140121  0.085279  0.399196   4
  1  1  0.938300  0.317455 -0.224602  0.135952   2
  1  1  0.938300  0.108735  0.274710  0.230336   3
  1  1  0.938300  0.007879  0.150198  0.003194   1
  1  1  0.938300 -0.174705 -0.014288 -0.066124   1
  1  1  0.938300  0.144024 -0.431484  0.677405   2
  1  1  0.938300 -0.016433 -0.003825  0.186391   1
  1  1  0.938300  0.148838  0.077429 -0.054145   5
  1  1  0.938300 -0.172497  0.114950 -0.004198   3
  1  1  0.938300 -0.202522 -0.262865  0.532437   8
  1  1  0.938300 -0.231780 -0.442149  0.060911   4
  1  1  0.938300 -0.049185  0.108633  0.257791   3
  1  1  0.938300 -0.051881  0.441404  0.277455   8
  1  1  0.938300  0.240559 -0.149204  0.101598   2
  1  0  0.938300 -0.075321  0.169126  0.077871   2
  1  0  0.938300  0.225903  0.164416  0.473870   3
  1  0  0.938300 -0.053665 -0.066459  0.050954   1
  1  0  0.938300  0.189319 -0.018118  0.609702   4
  1  0  0.938300  0.458324 -0.110023  0.194038   4
  1  0  0.938300  0.176851 -0.017833  0.206070   2
  1  0  0.938300  0.130935  0.112646  0.364074   3
  1  0  0.938300 -0.059144  0.087693  0.580034   2
  1  0  0.938300 -0.041313 -0.117391  0.627817   5
  1  0  0.938300  0.077308  0.144690 -0.177055   1
  1  0  0.938300  0.322608  0.209095  0.652179   2
  1  0  0.938300  0.158788  0.239136  0.026180   2
  1  0  0.938300  0.036720  0.324146  0.225250   7
  1  0  0.938300 -0.105849  0.151814  0.278081   4
  1  0  0.938300  0.308447  0.045279  0.374689   5
  1  0  0.938300 -0.177089 -0.176295  0.288463   5
  1  0  0.938300  0.307107 -0.078670  0.456980   3
  1  0  0.938300  0.238840 -0.183118  0.444816   3
  1  0  0.938300 -0.025592 -0.060360  0.025326   1
  1  0  0.938300 -0.010237 -0.201820  0.344915   5
  1  0  0.938300 -0.111095 -0.116055  0.191266   2
  1  0  0.938300  0.297905  0.152462  0.474909   3
  1  0  0.938300 -0.121518 -0.376880  0.336997   6
  1  0  0.938300 -0.089074  0.247368  0.048731   3
  1  0  0.938300 -0.145475 -0.108484  0.069563   2
  1  0  0.938300  0.019631 -0.029654  0.296022   3
  1  0  0.938300 -0.086211  0.008303  0.328795   3
  1  0  0.938300 -0.298192 -0.418209  0.281957   2
  1  1  0.938300  0.321670  0.031084  0.631895   3
  1  0  0.938300 -0.244638  0.138398  0.445966   2
  1  0  0.938300  0.122879  0.102290  0.097555   2
  1  0  0.938300  0.004030  0.187057  0.300634   9
  1  0  0.938300  0.270412  0.147979  0.286230   2
  1  0  0.938300 -0.075483 -0.013411  0.206221   3
  1  0  0.938300  0.152766 -0.060715 -0.027757   1
  1  0  0.938300 -0.206961  0.067593  0.391207   6
  1  0  0.938300 -0.042335  0.283079 -0.034660   3
  1  0  0.938300  0.151396  0.156074  0.408150   3
  1  0  0.938300 -0.037568 -0.145652  0.177844   1
  1  0  0.938300 -0.259923  0.001190  0.071928   3
  1  0  0.938300 -0.010738 -0.590386  0.765017   4
  1  0  0.938300  0.053404 -0.041391  0.436051   1
  1  0  0.938300  0.126164 -0.012937  0.869686   3
  1  0  0.938300  0.019116 -0.025845  0.611060   2
  1  0  0.938300 -0.199462 -0.047283  0.092271   1
  1  0  0.938300  0.054872 -0.384313  0.474391   4
  1  0  0.938300  0.029492 -0.065846  0.096864   5
  1  0  0.938300 -0.068164 -0.216447  0.306346   2
  1  0  0.938300 -0.044853  0.043275  0.315180   4
  1  0  0.938300 -0.203318  0.051341  0.342167   6
  1  0  0.938300 -0.044979  0.066760  0.050488   1
  1  0  0.938300  0.037166  0.080003 -0.043272   1
  1  0  0.938300 -0.130511 -0.140589  0.122179   4
  1  0  0.938300  0.321243  0.115857  0.723322   2
  1  0  0.938300  0.049016 -0.029601  0.308295   2
  1  0  0.938300 -0.248283  0.147172  0.380462   3
  1  0  0.938300  0.371149 -0.208678  0.540382   2
  1  0  0.938300  0.144250  0.098483  0.217347   6
  1  0  0.938300  0.172407 -0.133928  0.270622   2
  1  0  0.938300 -0.368062  0.004052  0.401697   3
  1  0  0.938300 -0.030064  0.087708  0.364230   8
  1  0  0.938300 -0.081780 -0.121796  0.473132   7
  1  0  0.938300  0.250391  0.090762  0.498821   4
  1  0  0.938300  0.116824  0.118912  0.582558   6
  1  0  0.938300  0.128375 -0.250109  0.423084   4
  1  0  0.938300  0.140049 -0.128749  0.252331   2
  1  0  0.938300  0.700315  0.121219  0.218339   2
  1  0  0.938300 -0.458755  0.088751  0.346084   4
  1  0  0.938300  0.052761 -0.071843  0.051734   1
  1  0  0.938300 -0.115536 -0.099581  0.128317   6
  1  0  0.938300  0.040562  0.270888  0.058859   5
  1  0  0.938300 -0.186489 -0.231083  0.165334   2
  1  0  0.938300 -0.276632 -0.105739  0.040757   3
  1  0  0.938300 -0.016734  0.137116  0.087228   4
  1  0  0.938300 -0.204015  0.078588  0.499222   5
  1  0  0.938300 -0.039172 -0.019796  0.415203   2
  1  0  0.938300 -0.147441  0.068488  0.045007   1
  1  0  0.938300  0.174401  0.014215  0.330834   6
  1  0  0.938300 -0.356515  0.079054  0.270370   3
  1  0  0.938300  0.007674  0.167020  0.307310   4
  1  0  0.938300 -0.179994 -0.035272  0.233004   8
  1  0  0.938300  0.061069  0.047540  0.098853   1
  1  0  0.938300 -0.437993  0.065494  0.307510   6
  1  0  0.938300 -0.060761  0.098620  0.634982   7
  1  0  0.938300  0.280110 -0.208605  0.015022   2
  1  0  0.938300  0.136829 -0.275662  0.505480   6
  1  0  0.938300 -0.325265 -0.034824  0.210866   5
  1  0  0.938300 -0.133369 -0.118943  0.646885   2
  1  0  0.938300 -0.039012 -0.246786  0.077086   1
  1  0  0.938300  0.145731  0.153352  0.085516   2
  1  0  0.938300 -0.096390 -0.171190  0.594452   7
  1  0  0.938300 -0.044674  0.142824 -0.091303   2
  1  0  0.938300  0.081287 -0.032317  0.295427   3
  1  0  0.938300  0.141397 -0.116991  0.974814   3
  1  0  0.938300 -0.405297 -0.104332  0.134036   4
  1  0  0.938300 -0.182025 -0.232317  0.176371   4
  1  0  0.938300 -0.008497  0.034896  0.494369   3
  1  0  0.938300 -0.202742  0.112948  0.092934   6
  1  0  0.938300  0.208468 -0.320180  0.209141  12
  1  0  0.938300  0.246440  0.159188  0.029658   6
  1  0  0.938300  0.221997  0.334345  0.255682   2
  1  0  0.938300 -0.009590 -0.046893  0.224842   4
  1  0  0.938300  0.082640 -0.117342  0.076527   1
  1  0  0.938300 -0.261023  0.052277  0.338362   3
  1  0  0.938300  0.241480  0.216535  0.288707   5
  1  0  0.938300 -0.126807 -0.056126  0.070399   1
  1  0  0.938300 -0.059641 -0.037974  0.554364   2
  1  0  0.938300  0.040551  0.263774  0.662613   3
  1  0  0.938300 -0.059534  0.170344  0.806839   4
  1  1  0.938300 -0.194958 -0.114938  0.471006   5
  1  0  0.938300 -0.014484 -0.449250  0.201352   2
  1  0  0.938300 -0.187428 -0.139905  0.184464   1
  1  1  0.938300 -0.226426 -0.376870  0.468553  12
  1  0  0.938300 -0.056615  0.078868  0.263104   2
  1  0  0.938300  0.099182  0.170171  0.349960   4
  1  0  0.938300  0.099484 -0.045166  0.355031   1
  1  0  0.938300  0.160883 -0.088691  0.611703   3
  1  0  0.938300 -0.245555  0.421966  0.346394   2
  1  1  0.938300 -0.136462 -0.068789  0.407420  -3
  1  1  0.938300 -0.205178  0.337828  0.812261  -4
  1  1  0.938300 -0.031911  0.019169  0.491598  -5
  1  1  0.938300  0.241257 -0.185325  0.674791  -4
  1  1  0.938300 -0.016498 -0.124335  0.202055  -2
  1  1  0.938300 -0.068274  0.048348 -0.021419  -4
  1  1  0.938300  0.032246  0.571643  0.174598  -8
  1  1  0.938300  0.052670 -0.375994  0.384869  -3
  1  1  0.938300  0.178807 -0.020811  0.330696  -8
  1  1  0.938300  0.472755 -0.023981  0.416426  -5
  1  1  0.938300 -0.020145  0.196899  0.272256  -3
  1  1  0.938300  0.322967  0.108478  0.541774  -2
  1  0  0.938300  0.516616  0.135930  0.363024  -3
  1  1  0.938300  0.121909  0.240245  0.295016  -5
  1  1  0.938300 -0.162065 -0.057123  0.353713  -2
  1  1  0.938300  0.084173  0.058141  0.538190  -1
  1  1  0.938300  0.060653 -0.082885  0.587070  -1
  1  1  0.938300  0.055034 -0.339387  0.767743  -2
  1  1  0.938300  0.491338 -0.085138  0.166219  -4
  1  1  0.938300 -0.222639  0.262165  0.675759  -4
  1  1  0.938300 -0.463375  0.275961  0.470568  -4
  1  1  0.938300 -0.097390  0.124846  0.195471  -7
  1  1  0.938300 -0.077371  0.182044  0.410469  -5
  1  1  0.938300  0.086512 -0.361578  0.391322  -6
  1  1  0.938300 -0.230502  0.098408  0.179380  -6
  1  1  0.938300  0.069914  0.035589  0.151918  -3
  1  1  0.938300 -0.059201  0.069808  0.761293  -7
  1  1  0.938300  0.505688  0.522475  0.393744  -3
  1  1  0.938300  0.006095  0.338560  0.457238  -2
  1  0  0.938300 -0.231332  0.301114  0.427089  -2
  1  1  0.938300 -0.141260  0.061020  0.267001  -3
  1  1  0.938300 -0.134061  0.078719  0.551446  -3
  1  1  0.938300  0.107481  0.024070  0.594719  -2
  1  1  0.938300  0.043231 -0.142489  0.176646  -2
  1  1  0.938300  0.081126 -0.111036  0.629942  -2
  1  1  0.938300 -0.313880  0.138688 -0.163170  -2
  1  1  0.938300  0.478818 -0.105709  0.578061  -2
  1  1  0.938300  0.048565  0.133611  0.509738  -1
  1  1  0.938300  0.118268 -0.090226  0.825466  -2
  1  1  0.938300 -0.046455  0.075071  0.179622  -5
  1  1  0.938300 -0.484569 -0.224038  0.836368  -6
  1  1  0.938300 -0.174436  0.159925  0.214977  -2
  1  1  0.938300 -0.079261 -0.184878  0.407425  -3
  1  1  0.938300 -0.175244 -0.022557  0.507169  -3
  1  1  0.938300 -0.240436  0.207058  0.385115  -2
  1  1  0.938300 -0.186694 -0.193715  0.428543  -3
  1  1  0.938300  0.012650  0.275836  0.911013  -3
  1  1  0.938300  0.230546 -0.138326  0.311282  -4
  1  1  0.938300  0.062331 -0.399775  0.795339  -5
  1  1  0.938300 -0.211998 -0.200150  0.428548  -4
  1  1  0.938300  0.422683  0.102533  0.499004  -2
  1  1  0.938300  0.065517 -0.124944  0.376955  -1
  1  1  0.938300 -0.168295  0.045149  0.662637  -1
  1  1  0.938300  0.278162 -0.203108  0.447397  -3
  1  1  0.938300  0.052643  0.365740  0.105130  -5
  1  1  0.938300 -0.144014  0.209756  0.643717  -1
  1  1  0.938300  0.296509 -0.178187  0.526354  -6
  1  1  0.938300 -0.223347 -0.134706  0.124049  -4
  1  1  0.938300  0.264831 -0.293427  0.020031  -3
  1  1  0.938300 -0.312674 -0.087930  0.251062  -6
  1  1  0.938300  0.082489  0.124276  0.708993  -1
  1  1  0.938300  0.245544 -0.028059  0.531301  -2
  1  1  0.938300 -0.319507  0.158550  0.681218  -4
  1  1  0.938300  0.013091  0.050312  0.416200  -5
  1  1  0.938300 -0.105512 -0.030848  0.788762  -1
  1  1  0.938300 -0.454067  0.199587  0.487655  -3
  1  1  0.938300 -0.032316 -0.136713  0.647450  -6
  1  1  0.938300 -0.096585 -0.145148  0.432203  -3
  1  1  0.938300  0.156147 -0.296188  0.380683  -4
  1  1  0.938300  0.121428 -0.231798  0.180912  -3
  1  1  0.938300 -0.041483  0.072269  0.246458  -4
  1  1  0.938300  0.157622 -0.177074  0.123073  -5
  1  1  0.938300 -0.038843 -0.086165  0.646601  -6
  1  1  0.938300  0.034335 -0.006538  0.149054  -3
  1  1  0.938300 -0.183920  0.042601  0.810942  -2
  1  1  0.938300  0.006318  0.300334  0.320208  -3
  1  1  0.938300  0.066796  0.197787  0.372662  -3
  1  1  0.938300 -0.008518  0.314028  0.540522  -5
  1  1  0.938300 -0.324793  0.324915  0.169812  -3
  1  0  0.938300  0.089988 -0.168701  0.829820  -2
  1  0  0.938300  0.067234 -0.367783  0.103391  -5
  1  0  0.938300  0.006984  0.154140  0.638329  -2
  1  0  0.938300 -0.115600 -0.217860  0.281049  -3
  1  0  0.938300  0.126055  0.066228  0.719524  -5
  1  0  0.938300 -0.040970 -0.368196  0.696076  -3
  1  0  0.938300 -0.131323  0.292362  0.095082  -2
  1  0  0.938300  0.039143  0.335993  0.639397  -5
  1  0  0.938300 -0.179574 -0.044454  0.212695  -3
  1  0  0.938300 -0.171147 -0.066962  0.571119  -1
  1  0  0.938300  0.259024 -0.770721  0.329959  -5
  1  0  0.938300  0.006308 -0.108966  0.366718  -8
  1  0  0.938300 -0.115464  0.112847  0.723458  -2
  1  0  0.938300 -0.024025 -0.148148  0.288189  -3
  1  0  0.938300  0.407624  0.486076  0.207301  -4
  1  0  0.938300  0.032043  0.144098  0.770758  -3
  1  0  0.938300 -0.021756  0.092191  0.266845  -3
  1  0  0.938300 -0.074702  0.246395  0.466315  -5
  1  0  0.938300  0.180534  0.033458  0.586812  -1
  1  0  0.938300 -0.139087 -0.034505  0.345176  -4
  1  0  0.938300 -0.131634 -0.167336  0.286034  -3
  1  0  0.938300 -0.272380 -0.007455  0.236138  -2
  1  0  0.938300 -0.379853 -0.015148  0.827368  -3
  1  0  0.938300 -0.315139  0.309201  0.267137  -3
  1  0  0.938300  0.385686 -0.027887  0.319976  -2
  1  0  0.938300 -0.067606  0.283091  0.446680  -5
  1  0  0.938300 -0.163212 -0.187047  0.231645  -6
  1  0  0.938300 -0.023011 -0.227103  0.483641  -5
  1  0  0.938300  0.068824 -0.154842  0.328266  -6
  1  0  0.938300 -0.099242  0.069349  0.575248  -1
  1  0  0.938300 -0.100532 -0.084051  0.011777  -6
  1  0  0.938300  0.256607  0.297935  0.549334  -2
  1  0  0.938300  0.057102  0.249692  0.488597  -3
  1  0  0.938300 -0.510250  0.078624  0.558602  -4
  1  0  0.938300  0.187368 -0.124382  0.686013  -2
  1  0  0.938300  0.364079  0.298768  0.251051  -6
  1  0  0.938300 -0.434927 -0.174368  0.618981  -4
  1  0  0.938300  0.025258 -0.195567  0.771089  -2
  1  0  0.938300  0.382832  0.105681  0.120590  -6
  1  0  0.938300 -0.168749 -0.006847  0.557385  -1
  1  0  0.938300 -0.065993  0.299231  0.623302  -2
  1  0  0.938300  0.123031 -0.123347  0.448176  -3
  1  0  0.938300 -0.173498  0.388633  0.539072  -2
  1  0  0.938300  0.144980 -0.016750  0.160564  -4
  1  0  0.938300  0.152208  0.162822  0.461585  -2
  1  0  0.938300  0.362194 -0.321609  0.470686  -3
  1  0  0.938300 -0.032091  0.100539  0.805331  -9
  1  0  0.938300 -0.277371  0.061799  0.341061  -4
  1  0  0.938300  0.183854  0.029206  0.207521  -6
  1  0  0.938300  0.173986  0.274213  0.375201  -2
  1  0  0.938300 -0.025138  0.072418  0.451276  -3
  1  0  0.938300 -0.061396  0.209412  0.211704  -7
  1  0  0.938300 -0.276903 -0.055208  0.653505  -6
  1  0  0.938300 -0.335689  0.219528  0.566693  -2
  1  0  0.938300  0.063064  0.026253  0.301812  -4
  1  0  0.938300  0.137862  0.083874  0.364883  -2
  1  0  0.938300  0.006501  0.169215  0.840718  -1
  1  0  0.938300  0.037388 -0.078579  0.281283  -7
  1  0  0.938300 -0.182805  0.039200  0.079426  -2
  1  0  0.938300 -0.008664  0.408650  0.690184  -3
  1  0  0.938300  0.061396  0.014395  0.585858  -3
  1  0  0.938300  0.218571  0.115204  0.069919  -8
  1  0  0.938300  0.025346  0.201309  0.283285  -5
  1  0  0.938300  0.017912 -0.490832  0.321688  -3
  1  0  0.938300 -0.086428 -0.276228  0.239649  -6
  1  0  0.938300  0.210417  0.175137  0.154649  -3
  1  0  0.938300  0.125873  0.097409  0.448431  -6
  1  0  0.938300 -0.041473 -0.248916  0.347361  -4
  1  0  0.938300  0.478467  0.669137  0.104409  -4
  1  0  0.938300  0.039377  0.174638  0.488633  -1
  1  0  0.938300 -0.164881 -0.177231  0.493771  -1
  1  0  0.938300 -0.336162 -0.322545  0.637379  -6
  1  0  0.938300 -0.126943  0.037495  0.722390  -1
  1  0  0.938300  0.284692  0.017552  0.817380  -7
  1  0  0.938300  0.215463  0.112715  0.607984  -1
  1  0  0.938300  0.039693 -0.142930  0.771140  -1
  1  0  0.938300  0.087210  0.078792  0.762325  -1
  1  0  0.938300 -0.190790  0.117957  0.163696  -3
  1  0  0.938300 -0.457573  0.172488  0.243118  -3
  1  0  0.938300  0.008946 -0.096647 -0.000783  -7
  1  0  0.938300 -0.064518 -0.124837  0.215161  -4
  1  0  0.938300  0.070874  0.113394  0.026250  -6
  1  0  0.938300  0.035091  0.048682  0.590582  -1
  1  0  0.938300  0.017520 -0.208623  0.277711  -5
  1  0  0.938300  0.271558 -0.014993  0.742357  -3
  1  0  0.938300  0.121953 -0.201928  0.483246  -3
  1  0  0.938300 -0.155932 -0.119907  0.593225  -1
  1  0  0.938300  0.400072  0.069415  0.444772  -3
  1  0  0.938300  0.171374 -0.403846  0.364339  -2
  1  0  0.938300 -0.024807 -0.075497  0.632893  -1
  1  0  0.938300 -0.013188  0.099732  0.326493  -5
  1  0  0.938300 -0.102993 -0.079868  0.513367  -4
  1  0  0.938300  0.272242  0.295632  0.530019  -3
  1  0  0.938300  0.013854 -0.014090  0.624265  -2
  1  0  0.938300  0.020774  0.014466  0.465313  -3
  1  0  0.938300 -0.417509  0.063021  0.383806  -2
  1  0  0.938300 -0.264511 -0.031729  0.343228  -5
  1  0  0.938300 -0.088695 -0.059978  0.617182  -1
  1  0  0.938300 -0.038366 -0.072022  0.074076  -2
  1  0  0.938300 -0.106956  0.032920  0.802768  -4
  1  0  0.938300  0.177421  0.193976  0.195603  -4
  1  0  0.938300  0.382104 -0.091274  0.553568  -3
  1  0  0.938300 -0.321883  0.133867  0.502339  -8
  1  0  0.938300  0.126814 -0.015673  0.404894  -4
  1  0  0.938300 -0.249291 -0.062840  0.156746  -5
  1  0  0.938300  0.193814 -0.058075  0.571504  -7
  1  0  0.938300 -0.095788  0.069843  0.525307  -1
  1  0  0.938300 -0.110143  0.006110  0.635727  -1
  1  0  0.938300  0.216861  0.040560  0.172633  -5
  1  0  0.938300 -0.098347  0.397618  0.159239  -5
  1  0  0.938300  0.186890  0.121599  0.331448  -2
  1  0  0.938300  0.088105  0.057754  0.660981  -3
  1  0  0.938300 -0.131603 -0.139427  0.136329  -3
  1  0  0.938300 -0.291231  0.369241  0.187590  -6
  1  0  0.938300 -0.304810  0.054362  0.327091  -2
  1  0  0.938300  0.185568  0.073932  0.622179  -1
  1  0  0.938300 -0.034246 -0.277031  0.494181  -4
  1  0  0.938300 -0.119864  0.023773  0.605815  -4