  1  1  0.938300 -0.233117  0.334010  0.517194   3
  1  1  0.938300 -0.002648  0.109682 -0.008571   3
  1  1  0.938300 -0.181361 -0.627048  0.201388   9
  1  1  0.938300  0.137945  0.287504  0.152106   2
  1  1  0.938300 -0.297645  0.235179  0.263554   2
  1  1  0.938300 -0.057770  0.162822  0.823871   3
  1  1  0.938300 -0.608432 -0.227404  0.080567   5
  1  1  0.938300 -0.139528  0.202867  0.244711   3
  1  1  0.938300  0.144623  0.223555 -0.039678   3
  1  1  0.938300  0.016311  0.088953  0.084070   1
  1  1  0.938300  0.265092  0.036637  0.488072   8
  1  1  0.938300  0.000964 -0.118402  0.240047   3
  1  1  0.938300 -0.021274 -0.250910  0.234064   5
  1  1  0.938300  0.346947 -0.023334  0.423633   4
  1  1  0.938300  0.133433  0.071615  0.293486   5
  1  1  0.938300 -0.204419 -0.012620 -0.026898   1
  1  1  0.938300  0.065493 -0.083149 -0.063354   1
  1  1  0.938300 -0.007880  0.192201 -0.014882   2
  1  1  0.938300 -0.229758 -0.050455  0.541343   2
  1  1  0.938300  0.142024  0.016889  0.675737   5
  1  1  0.938300  0.039088  0.128174  0.010816   1
  1  1  0.938300 -0.392192  0.200711  0.013255   4
  1  1  0.938300 -0.078107  0.115448  0.308430   4
  1  1  0.938300 -0.316123 -0.008152  0.381128   4
  1  1  0.938300 -0.088818  0.198585  0.439760   5
  1  1  0.938300  0.143512 -0.101263 -0.025301   1
  1  1  0.938300 -0.335789  0.120425  0.443085   3
  1  1  0.938300  0.202891  0.034481  0.062777   6
  1  1  0.938300  0.207723  0.182649  0.173327   7
  1  1  0.938300  0.045145 -0.117095  0.056135   1
  1  1  0.938300 -0.270398  0.270353  0.272120   2
  1  1  0.938300  0.062239 -0.011550  0.159652   3
  1  1  0.938300 -0.062473 -0.245085  0.058738   7
  1  1  0.938300 -0.398297  0.130737  0.842655   5
  1  1  0.938300  0.004482 -0.084206 -0.008793   2
  1  1  0.938300  0.108120  0.131406  0.290307   3
  1  1  0.938300  0.416851  0.084816  0.346455   2
  1  1  0.938300 -0.141724  0.121206  0.188947   1
  1  1  0.938300 -0.055545  0.141432 -0.080157   2
  1  1  0.938300  0.408709 -0.150653  0.671541   5
  1  1  0.938300 -0.010383  0.058852  0.347638   3
  1  1  0.938300 -0.086707 -0.090933  0.053711   1
  1  1  0.938300 -0.052583  0.135223  0.138303   3
  1  1  0.938300 -0.029653  0.059648  0.258491   3
  1  1  0.938300  0.012142 -0.297483  0.243123   5
  1  1  0.938300  0.304741 -0.123632  0.044951   2
  1  1  0.938300  0.253298 -0.019888  0.220848   3
  1  1  0.938300  0.187832 -0.355729  0.742443   3
  1  1  0.938300  0.005497  0.274900  0.140074   5
  1  1  0.938300  0.064755 -0.181503  0.118688   2
  1  1  0.938300 -0.033344 -0.092089  0.157725   1
  1  1  0.938300 -0.458432  0.092121  0.446704   2
  1  1  0.938300 -0.230404  0.407848  0.732722   3
  1  1  0.938300 -0.277600  0.338021  0.443672   3
  1  1  0.938300  0.100918  0.045376  0.079448   1
  1  1  0.938300  0.020587  0.014050  0.377717   2
  1  1  0.938300 -0.145590  0.224984  0.476469   4
  1  1  0.938300  0.045868  0.028581  0.236609   2
  1  1  0.938300  0.266522 -0.085291  0.109368   1
  1  1  0.938300  0.567688  0.001487  0.167390   2
  1  1  0.938300  0.013012  0.333917  0.464144   3
  1  1  0.938300  0.018523  0.321632  0.149693   7
  1  1  0.938300 -0.048715 -0.043285  0.158456   1
  1  1  0.938300 -0.393877 -0.279193  0.093657   2
  1  1  0.938300  0.019726  0.152916  0.490804   4
  1  1  0.938300  0.349072  0.046177  0.029745   3
  1  1  0.938300 -0.139345  0.208825  0.156786   2
  1  1  0.938300 -0.120567  0.175823  0.130945   1
  1  1  0.938300 -0.147449  0.048311  0.237723   5
  1  1  0.938300 -0.249871  0.135410 -0.123423   4
  1  1  0.938300 -0.086493  0.162010  0.761405   6
  1  1  0.938300 -0.117261  0.194631  0.307940   2
  1  1  0.938300  0.516041 -0.158961  0.314401   2
  1  1  0.938300 -0.022023 -0.069996  0.326075   3
  1  1  0.938300  0.223339 -0.041497  0.267836   2
  1  1  0.938300 -0.099577 -0.261985  0.580615   4
  1  1  0.938300 -0.052886 -0.051132  0.150263   5
  1  1  0.938300 -0.158357  0.040741  0.202094   2
  1  1  0.938300  0.146256 -0.155215  0.444729   6
  1  0  0.938300 -0.278457  0.150435  0.290490   2
  1  0  0.938300 -0.213333 -0.161749  0.337368   5
  1  0  0.938300  0.082840  0.051755  0.148233   3
  1  0  0.938300 -0.217012 -0.156610  0.159649   2
  1  0  0.938300 -0.024973  0.121775 -0.050920   1
  1  1  0.938300 -0.160084  0.120809  0.636606   6
  1  0  0.938300  0.020121 -0.073321  0.298661   3
  1  0  0.938300 -0.062560 -0.030346  0.032592   1
  1  0  0.938300  0.147934 -0.040691  0.648474   7
  1  0  0.938300  0.330861 -0.167568  0.317148   2
  1  0  0.938300  0.078019  0.240250  0.110439   5
  1  0  0.938300 -0.016176  0.195871 -0.035372   1
  1  0  0.938300 -0.035385 -0.158703 -0.114469   1
  1  0  0.938300  0.183182  0.045563 -0.095942   2
  1  0  0.938300  0.060719  0.001929  0.396379   3
  1  0  0.938300  0.293622  0.031050  0.275186   2
  1  0  0.938300  0.112091 -0.138495 -0.085400   1
  1  0  0.938300 -0.284173 -0.030395  0.402296   5
  1  0  0.938300 -0.077268  0.121459  0.288430   4
  1  0  0.938300  0.364434 -0.054112  0.492506   2
  1  0  0.938300 -0.435054  0.130158  0.341617   2
  1  0  0.938300  0.105324 -0.073890 -0.126471   1
  1  0  0.938300 -0.159102 -0.058468  0.452022   4
  1  0  0.938300 -0.265642 -0.342385  0.482078   5
  1  0  0.938300 -0.095197 -0.003111 -0.145215   1
  1  0  0.938300  0.273639 -0.106334  0.240686   2
  1  0  0.938300 -0.138842 -0.513284  0.829551   2
  1  0  0.938300  0.182889  0.126515  0.564853  10
  1  0  0.938300 -0.008062 -0.088006  0.209066   2
  1  0  0.938300  0.102269  0.052928  0.324471   6
  1  0  0.938300  0.161219  0.191292 -0.046897   1
  1  0  0.938300  0.202829 -0.019229  0.539965   6
  1  0  0.938300  0.005315 -0.157510  0.154471   1
  1  0  0.938300 -0.189135  0.003968  0.305433   1
  1  0  0.938300  0.293627 -0.027342  0.473895   3
  1  0  0.938300 -0.132711 -0.125836  0.378282   3
  1  0  0.938300  0.087628 -0.104307  0.113922   1
  1  0  0.938300  0.032634 -0.146383  0.558951   3
  1  0  0.938300 -0.040658 -0.110482  0.337030   4
  1  0  0.938300  0.161264 -0.060460  0.798690   3
  1  0  0.938300  0.203004  0.379216  0.351660   4
  1  0  0.938300  0.252810 -0.338682  0.723153   3
  1  0  0.938300 -0.020544  0.384982  0.119827   2
  1  0  0.938300 -0.038402 -0.018135 -0.014461   1
  1  0  0.938300 -0.168471 -0.194272  0.306252   3
  1  0  0.938300  0.003972  0.165727  0.045195   1
  1  0  0.938300 -0.056988  0.017672  0.001308   3
  1  0  0.938300  0.021569 -0.173274  0.428663   4
  1  0  0.938300 -0.201449  0.355175  0.276934   7
  1  0  0.938300  0.170900  0.436652  0.303058   4
  1  0  0.938300 -0.066792  0.056030  0.200577   6
  1  0  0.938300 -0.010986 -0.287375  0.371113   5
  1  0  0.938300  0.318037  0.224101  0.444768   2
  1  0  0.938300 -0.077110  0.110349  0.249726   2
  1  0  0.938300  0.212858  0.076106  0.429896   3
  1  0  0.938300 -0.133374  0.000900  0.134195   3
  1  0  0.938300  0.265834 -0.291741  0.407209   4
  1  0  0.938300  0.065362  0.187964  0.137076   1
  1  0  0.938300 -0.234143  0.020222  0.412854   4
  1  0  0.938300  0.377261  0.057039  0.633528   3
  1  0  0.938300  0.325213 -0.180570  0.330634   3
  1  0  0.938300  0.069465  0.028807  0.247198   2
  1  0  0.938300 -0.122266 -0.022602  0.232713   5
  1  0  0.938300  0.069089 -0.077585  0.007916   1
  1  0  0.938300  0.135209  0.095109  0.110512   1
  1  0  0.938300 -0.122268  0.082393  0.226608   3
  1  0  0.938300  0.022371  0.378667  0.180911   5
  1  0  0.938300 -0.013942  0.024649  0.096783   1
  1  0  0.938300 -0.010267  0.154369  0.371871   6
  1  0  0.938300 -0.098177  0.093221  0.245337   7
  1  0  0.938300 -0.010592 -0.239900  0.125467   3
  1  0  0.938300  0.157521  0.139338  0.183425   3
  1  0  0.938300 -0.119860  0.097731  0.439414   3
  1  0  0.938300 -0.100963 -0.545610  0.327577   3
  1  0  0.938300  0.090516 -0.093861  0.307318   2
  1  0  0.938300 -0.188736  0.076661  0.410523   4
  1  0  0.938300  0.470997 -0.001439  0.757917   6
  1  0  0.938300 -0.054229  0.127916  0.369734   2
  1  0  0.938300  0.153888 -0.270815  0.641512   4
  1  0  0.938300 -0.008364 -0.212548  0.378872   4
  1  1  0.938300  0.054649  0.259453  0.710828  11
  1  0  0.938300 -0.278745 -0.005598  0.478567   5
  1  0  0.938300  0.186660  0.072221  0.163269   1
  1  0  0.938300 -0.285725 -0.445107  0.082318   3
  1  0  0.938300 -0.312833  0.316140  0.520684   2
  1  0  0.938300  0.238415 -0.072558  0.254722   5
  1  0  0.938300 -0.110476 -0.199481  0.272720   3
  1  0  0.938300  0.175940 -0.100044  0.298489   2
  1  0  0.938300 -0.268245  0.218070  0.008845   2
  1  0  0.938300 -0.139500 -0.069794  0.172247   2
  1  0  0.938300 -0.068370 -0.218150  0.092981   3
  1  0  0.938300 -0.494227 -0.302468  0.598471   4
  1  0  0.938300 -0.011736  0.058375  0.248594   2
  1  0  0.938300 -0.008288  0.174568 -0.049898   1
  1  0  0.938300  0.128868  0.009284  0.150063   3
  1  0  0.938300 -0.242607  0.043114  0.174901   4
  1  0  0.938300 -0.068836 -0.128750  0.142479   1
  1  0  0.938300 -0.065961  0.052534  0.275890   1
  1  0  0.938300  0.001431  0.011715  0.131345   3
  1  0  0.938300 -0.429665  0.133406  0.533768   2
  1  0  0.938300  0.059023  0.075171  0.204359   2
  1  0  0.938300  0.089488  0.073274  0.629774   2
  1  0  0.938300 -0.046104 -0.115308  0.458649   2
  1  0  0.938300 -0.561110  0.236164  0.508811   5
  1  0  0.938300 -0.111479 -0.128661  0.122452   1
  1  0  0.938300 -0.115902  0.138755  0.053211   2
  1  0  0.938300  0.141538 -0.056783  0.363146   4
  1  0  0.938300 -0.071838 -0.304843  0.112652   2
  1  0  0.938300 -0.310346  0.195466  0.484444   3
  1  0  0.938300 -0.272828 -0.024114  0.158071   2
  1  0  0.938300  0.545582  0.347949  0.297787   3
  1  0  0.938300 -0.024069 -0.031107 -0.022099   2
  1  0  0.938300  0.018401  0.011567 -0.095034   1
  1  0  0.938300 -0.221987 -0.188869  0.354979   5
  1  0  0.938300  0.058120 -0.128624  0.078231   1
  1  0  0.938300  0.202185 -0.040950  0.192079   4
  1  0  0.938300  0.159586  0.146564  0.279177   4
  1  0  0.938300 -0.212398  0.068061  0.259689   2
  1  1  0.938300  0.051628 -0.004991  0.620261  -6
  1  1  0.938300 -0.189031 -0.010489  0.655925  -2
  1  1  0.938300 -0.119723  0.347513  0.323328  -5
  1  1  0.938300 -0.180223  0.262344  0.596625  -4
  1  1  0.938300 -0.018610  0.076486  0.286958  -2
  1  1  0.938300 -0.192816 -0.035702  0.773329  -1
  1  1  0.938300 -0.133480  0.063145  0.427437  -3
  1  1  0.938300 -0.068851 -0.092002  0.276494  -7
  1  1  0.938300  0.077459 -0.340683  0.227716  -5
  1  1  0.938300  0.208255 -0.389610  0.070337  -5
  1  1  0.938300  0.035496  0.031572  0.487772  -1
  1  1  0.938300  0.350447  0.408511  0.404723  -3
  1  1  0.938300 -0.396638  0.017884  0.340563  -3
  1  1  0.938300  0.050587  0.462101  0.531021  -2
  1  1  0.938300  0.122280 -0.055884  0.511188  -1
  1  1  0.938300  0.013239  0.284681  0.655733  -3
  1  1  0.938300  0.283891 -0.121002  0.623943  -6
  1  1  0.938300 -0.176940  0.631078  0.123223  -4
  1  1  0.938300  0.167793  0.356352  0.525727  -3
  1  1  0.938300 -0.025795 -0.125546  0.700275  -2
  1  1  0.938300  0.044141 -0.266635  0.318859  -6
  1  1  0.938300 -0.021578 -0.007833  0.394345  -3
  1  1  0.938300  0.140817 -0.169466  0.418613  -5
  1  1  0.938300 -0.112287  0.010662  0.554812  -2
  1  1  0.938300 -0.229289 -0.065912  0.579751  -2
  1  1  0.938300 -0.301061 -0.201330  0.338386  -3
  1  1  0.938300 -0.335409  0.025614  0.560143  -2
  1  1  0.938300 -0.159045 -0.013453  0.613709  -3
  1  1  0.938300 -0.512810 -0.396346  0.649225  -4
  1  1  0.938300 -0.306671 -0.161865  0.405726  -8
  1  1  0.938300 -0.079308 -0.190702  0.425688  -3
  1  1  0.938300 -0.069402  0.016331  0.763182  -1
  1  1  0.938300  0.025220 -0.057378  0.806178  -1
  1  1  0.938300  0.066794 -0.193218  0.028694  -4
  1  1  0.938300 -0.003877 -0.274295  0.566003  -2
  1  1  0.938300  0.043211 -0.079059  0.332456  -2
  1  1  0.938300  0.036476 -0.018385  0.744726  -1
  1  1  0.938300 -0.074022  0.611305  0.705236  -5
  1  1  0.938300  0.054282 -0.002730  0.624866  -1
  1  1  0.938300 -0.313169 -0.564481  0.039624  -3
  1  1  0.938300 -0.032932  0.513316  0.429344  -3
  1  1  0.938300 -0.294459 -0.109395  0.370668  -2
  1  1  0.938300  0.082049 -0.289674  0.474738  -2
  1  1  0.938300  0.182335  0.302557  0.415923  -4
  1  1  0.938300  0.158803  0.292178  0.499975  -2
  1  1  0.938300 -0.004176  0.112143  0.398885  -5
  1  1  0.938300 -0.018409 -0.087546  0.734329  -3
  1  1  0.938300 -0.005269 -0.113040  0.442227  -2
  1  1  0.938300  0.033540  0.252894  0.690739  -4
  1  1  0.938300  0.095158 -0.027238  0.130300  -3
  1  1  0.938300 -0.390657 -0.164198  0.774721  -2
  1  1  0.938300 -0.013232 -0.007656  0.626763  -1
  1  1  0.938300  0.285648 -0.077488  0.422979  -2
  1  1  0.938300  0.074506 -0.264848  0.175891  -6
  1  1  0.938300  0.062756 -0.513544  0.479345  -3
  1  1  0.938300 -0.106351  0.127789  0.394989  -5
  1  1  0.938300  0.156153 -0.061495  0.412821  -4
  1  1  0.938300 -0.105644 -0.169126  0.812791  -4
  1  1  0.938300  0.248147 -0.127958  0.699301  -3
  1  0  0.938300  0.076721 -0.040066  0.283053 -11
  1  1  0.938300  0.051263 -0.528159  0.502049  -4
  1  1  0.938300 -0.219180 -0.026886  0.475456  -3
  1  1  0.938300 -0.155272 -0.012423  0.432279  -1
  1  1  0.938300  0.115694  0.237336  0.696540  -2
  1  1  0.938300  0.095073 -0.209366  0.777444  -1
  1  1  0.938300  0.298911 -0.126453  0.340708  -4
  1  1  0.938300 -0.084833  0.076033  0.297196  -2
  1  1  0.938300 -0.007099 -0.347647  0.560562  -2
  1  1  0.938300  0.012737 -0.103150  0.500868  -2
  1  1  0.938300 -0.042266 -0.074243  0.341503  -2
  1  1  0.938300 -0.294013  0.197449  0.319396  -3
  1  1  0.938300  0.507823 -0.175846  0.033644  -2
  1  1  0.938300 -0.076042  0.222850  0.243339  -5
  1  1  0.938300 -0.357982 -0.179764  0.333155  -7
  1  1  0.938300 -0.110967  0.129788  0.532889  -6
  1  1  0.938300  0.015529  0.092658  0.611113  -4
  1  1  0.938300 -0.165793  0.173231  0.208762  -2
  1  1  0.938300 -0.083149 -0.195894  0.411278  -2
  1  1  0.938300  0.083531 -0.061640  0.049768  -2
  1  0  0.938300 -0.134655  0.026301  0.252117  -5
  1  0  0.938300  0.529227  0.068660  0.237869  -4
  1  0  0.938300  0.053533 -0.224539  0.357779  -2
  1  0  0.938300  0.131644 -0.032278  0.467764  -3
  1  0  0.938300  0.152549 -0.136963  0.415757  -3
  1  0  0.938300 -0.004733  0.011185  0.388407  -8
  1  0  0.938300 -0.008000  0.030038  0.844984  -6
  1  0  0.938300 -0.125290 -0.203149  0.155507  -3
  1  0  0.938300  0.002678 -0.073769  0.027721  -6
  1  0  0.938300  0.456005  0.060635  0.734357  -3
  1  0  0.938300  0.126590 -0.089425  0.120754  -7
  1  0  0.938300  0.068716 -0.127411  0.530118  -3
  1  0  0.938300  0.131391 -0.106371  0.673155  -1
  1  0  0.938300 -0.025954 -0.075135  0.597364  -1
  1  0  0.938300  0.278314  0.093476  0.905253  -2
  1  0  0.938300  0.202629 -0.314247  0.143005  -4
  1  0  0.938300  0.143314 -0.172598  1.083460  -2
  1  0  0.938300  0.021686  0.237515  0.489802  -3
  1  0  0.938300  0.056497  0.119635  0.600066  -1
  1  0  0.938300 -0.112115 -0.087385  0.523520  -3
  1  0  0.938300  0.221986  0.172319  0.399391  -8
  1  0  0.938300  0.080975  0.122156  0.432085  -3
  1  0  0.938300 -0.038894  0.179490  0.478446  -3
  1  0  0.938300  0.098875  0.004467  0.654871  -1
  1  0  0.938300 -0.044166  0.039995  0.246609  -3
  1  0  0.938300 -0.064325 -0.272615  0.343105  -5
  1  0  0.938300 -0.065834 -0.228703  0.207535  -8
  1  0  0.938300 -0.093257  0.346406  0.360283  -5
  1  0  0.938300  0.143134 -0.141353  0.268442  -3
  1  0  0.938300 -0.083023  0.009596  0.543869  -3
  1  0  0.938300  0.084208 -0.206919  0.434393  -5
  1  0  0.938300  0.040505  0.141049  0.809803  -1
  1  0  0.938300 -0.176445 -0.244288  0.323689  -5
  1  0  0.938300 -0.013794 -0.234420  0.429695  -6
  1  0  0.938300 -0.137325 -0.019811  0.472348  -2
  1  0  0.938300 -0.204663 -0.029778  0.277116  -4
  1  0  0.938300 -0.109484 -0.154005  0.167799  -3
  1  0  0.938300  0.126050  0.161077  0.652700  -1
  1  0  0.938300 -0.397087  0.094078  0.671542  -2
  1  0  0.938300  0.115112  0.102751  0.362687  -8
  1  0  0.938300  0.167815  0.044999  0.858016  -1
  1  0  0.938300 -0.079641  0.104948  0.539958  -3
  1  0  0.938300 -0.228438 -0.084565  0.429852  -9
  1  0  0.938300 -0.167591 -0.302691  0.705418  -4
  1  0  0.938300 -0.146522  0.309972  0.290925  -5
  1  0  0.938300  0.313118 -0.228582  0.453007  -3
  1  0  0.938300 -0.033088  0.121881 -0.095520  -3
  1  0  0.938300  0.001356 -0.021249  0.080513  -4
  1  0  0.938300  0.031862  0.019222  0.377639  -2
  1  0  0.938300  0.002718 -0.082385  0.700533  -2
  1  0  0.938300 -0.157810 -0.058227  0.383855  -4
  1  0  0.938300  0.032929 -0.030183  0.824042  -1
  1  0  0.938300  0.144403  0.056237  0.210738  -6
  1  0  0.938300  0.185833  0.075242  0.245876  -3
  1  0  0.938300  0.129173  0.024901  0.446403  -1
  1  0  0.938300  0.053593  0.096864 -0.037156  -3
  1  0  0.938300 -0.153457  0.181019  0.687344  -2
  1  0  0.938300 -0.368574 -0.262735  0.527073  -2
  1  0  0.938300 -0.115340  0.173710  0.273467  -3
  1  0  0.938300  0.202569 -0.159029  0.385677  -3
  1  0  0.938300  0.171538  0.076762  0.256267  -8
  1  0  0.938300 -0.062249  0.114129  0.552820  -1
  1  0  0.938300 -0.269564 -0.277827  0.520308  -2
  1  0  0.938300 -0.081650 -0.211611  0.499050  -1
  1  0  0.938300 -0.128546  0.335107  0.296278  -2
  1  0  0.938300 -0.038453 -0.205542  0.682287  -7
  1  0  0.938300  0.426840 -0.344435  0.794366  -3
  1  0  0.938300  0.405689  0.100206  0.413190  -4
  1  0  0.938300  0.014089 -0.077539  0.360255  -3
  1  0  0.938300 -0.410071 -0.173853  1.153917  -3
  1  0  0.938300 -0.236932 -0.174314  0.462643  -2
  1  0  0.938300 -0.086985 -0.028403  0.150476  -4
  1  0  0.938300  0.358687 -0.207865  0.037121  -4
  1  0  0.938300  0.494510  0.287624 -0.215820  -4
  1  0  0.938300  0.048118  0.182905  0.821351  -2
  1  0  0.938300  0.129749 -0.066962  0.285327  -4
  1  0  0.938300 -0.218696  0.231085  0.279806  -2
  1  0  0.938300  0.142017  0.159562  0.345363  -7
  1  0  0.938300  0.031802  0.109078  0.479139  -4
  1  0  0.938300 -0.006887  0.247633  0.752327  -2
  1  0  0.938300 -0.430491  0.161104  0.290042  -4
  1  0  0.938300 -0.014897 -0.009320  0.600631  -1
  1  0  0.938300  0.009917  0.039043  0.695624  -6
  1  0  0.938300 -0.075711  0.090539  0.537942  -4
  1  0  0.938300  0.161551  0.115691  0.611382  -3
  1  0  0.938300  0.068453  0.039380  0.691551  -1
  1  0  0.938300  0.069098 -0.118023  0.758098  -1
  1  0  0.938300 -0.221663 -0.019339 -0.039267  -2
  1  0  0.938300 -0.135788  0.044655  0.614982  -1
  1  0  0.938300 -0.124128 -0.218363  0.628730  -3
  1  0  0.938300 -0.386697  0.072943  0.256978  -3
  1  0  0.938300 -0.083610 -0.187800  0.868743  -1
  1  0  0.938300  0.355055  0.394561  0.491222  -2
  1  0  0.938300  0.348171  0.099260  0.394640  -4
  1  0  0.938300  0.033508  0.216763  0.839791  -1
  1  0  0.938300 -0.166849 -0.190382  0.676122  -1
  1  0  0.938300 -0.252105  0.133274  0.776647  -6
  1  0  0.938300  0.143168 -0.117471  0.875653  -1
  1  0  0.938300  0.432920  0.012424  0.731673  -3
  1  0  0.938300  0.041231  0.168275  0.263617  -2
  1  0  0.938300  0.174142  0.092589  0.334608  -2
  1  0  0.938300  0.064951  0.098454  0.045693  -3
  1  0  0.938300  0.579683 -0.095286  0.228494  -8
  1  0  0.938300  0.076669 -0.103233  0.445705  -2
  1  0  0.938300  0.265345  0.405326  0.280251  -3
  1  0  0.938300 -0.003075 -0.119901  0.259742  -4
  1  0  0.938300  0.093308  0.028714  0.382497  -4
  1  0  0.938300 -0.028518  0.031843  0.279070  -5
  1  0  0.938300  0.214350  0.080562  0.479189  -2
  1  0  0.938300  0.007294  0.069286  0.646416  -1
  1  0  0.938300 -0.004389 -0.025979  0.381016  -3
  1  0  0.938300  0.104300 -0.134358  0.869680  -2
  1  0  0.938300 -0.095641  0.045441  0.111156  -3
  1  0  0.938300  0.273603  0.031548  0.678475  -3
  1  0  0.938300  0.070671  0.187640  0.386559  -2
  1  0  0.938300 -0.039232 -0.119968  0.550314  -1
  1  0  0.938300  0.071262 -0.073407  0.221490  -2
  1  0  0.938300  0.605306  0.691302  0.387578  -6