  1  1  0.938300  0.123344  0.243268  0.131859   1
  1  1  0.938300  0.026221  0.119552  0.404286   3
  1  1  0.938300  0.414173 -0.066286  0.122989   2
  1  1  0.938300  0.165543  0.052524  0.302333   3
  1  1  0.938300 -0.053228 -0.191980  0.097680   1
  1  1  0.938300 -0.081958  0.024901  0.381916   4
  1  1  0.938300 -0.260292 -0.101956  0.193207   6
  1  1  0.938300  0.386925  0.218279  0.756938   3
  1  1  0.938300 -0.004823  0.131665  0.095899   1
  1  1  0.938300 -0.245193 -0.255637  0.242522   3
  1  1  0.938300  0.063576  0.108957  0.586258   3
  1  1  0.938300  0.169488  0.042870  0.371725   4
  1  1  0.938300  0.118889 -0.111877  0.202824   3
  1  1  0.938300  0.168418  0.312560  0.175976   4
  1  1  0.938300 -0.042839  0.155687  0.571426   8
  1  1  0.938300 -0.076614  0.299285  0.293089   3
  1  1  0.938300  0.260477  0.029896  0.036308   2
  1  1  0.938300  0.058362  0.166016  0.046883   4
  1  1  0.938300  0.532094 -0.200716  0.783616   3
  1  1  0.938300  0.300736  0.312200  0.116299   8
  1  1  0.938300 -0.009005 -0.186104  0.245814   4
  1  1  0.938300 -0.173688 -0.087056  0.540645   3
  1  1  0.938300 -0.104190  0.284626 -0.149973   3
  1  1  0.938300  0.202547 -0.248514  0.199479   2
  1  1  0.938300 -0.056499 -0.219387  0.185308   3
  1  1  0.938300 -0.180534  0.139510  0.180008   2
  1  1  0.938300 -0.051686 -0.043051 -0.091434   3
  1  1  0.938300  0.412439 -0.067988  0.417922   5
  1  1  0.938300  0.043988 -0.041219  0.445547   3
  1  1  0.938300  0.304133 -0.058892  0.192351   2
  1  1  0.938300 -0.501700  0.391459  0.610296   5
  1  1  0.938300 -0.287431 -0.004293  0.022686   2
  1  1  0.938300 -0.009403 -0.026652  0.357197   9
  1  1  0.938300  0.118097  0.078837  0.350162   3
  1  1  0.938300  0.208535  0.034680 -0.026004   7
  1  1  0.938300  0.124556  0.135277  0.014420   1
  1  1  0.938300 -0.058045 -0.024891  0.205156   6
  1  1  0.938300  0.063892  0.079082  0.249237   8
  1  1  0.938300 -0.081395 -0.114590 -0.002664   1
  1  1  0.938300  0.106549 -0.150120  0.047314   1
  1  1  0.938300  0.134240  0.099711  0.350809   2
  1  1  0.938300  0.152174 -0.050674 -0.024394   1
  1  1  0.938300 -0.470201 -0.215723  0.468939   5
  1  1  0.938300  0.220885 -0.126277  0.693160   6
  1  1  0.938300 -0.105003 -0.288536  0.341288   3
  1  1  0.938300 -0.033520 -0.110520  0.182678   2
  1  1  0.938300  0.289221 -0.264070  0.575565   2
  1  1  0.938300  0.305247  0.154871  0.239735   3
  1  1  0.938300 -0.199361 -0.307510 -0.005525   2
  1  1  0.938300  0.280931  0.151030  0.406140   5
  1  1  0.938300 -0.010975  0.135668  0.139643   1
  1  1  0.938300 -0.122620 -0.389529  0.082535   3
  1  1  0.938300  0.142158 -0.328109  0.360231   2
  1  1  0.938300 -0.156036 -0.481755  0.915631   4
  1  1  0.938300 -0.054784  0.016813  0.046811   1
  1  1  0.938300  0.093283  0.106727  0.004165   1
  1  1  0.938300  0.245184  0.192466 -0.120868   2
  1  1  0.938300  0.066764  0.060749  0.042457   1
  1  1  0.938300 -0.278053 -0.053649  0.189578   3
  1  1  0.938300  0.262494  0.039682  0.279296   2
  1  1  0.938300  0.177868 -0.109317  0.436698   2
  1  1  0.938300  0.153822  0.290257  0.296216   3
  1  1  0.938300 -0.274655  0.126525  0.587240   4
  1  1  0.938300  0.046908  0.032744 -0.000093   3
  1  1  0.938300  0.060472 -0.066766 -0.014631   1
  1  1  0.938300  0.109309 -0.104926 -0.077712   1
  1  1  0.938300 -0.027177 -0.338282  0.437536   3
  1  1  0.938300  0.249894  0.341631  0.758503   6
  1  1  0.938300 -0.259375  0.189217  0.565470   5
  1  1  0.938300 -0.144133  0.110406  0.071752   1
  1  0  0.938300  0.144372  0.014008  0.331746   3
  1  1  0.938300 -0.161781 -0.176483 -0.063523   2
  1  1  0.938300 -0.154077 -0.023267  0.300115   2
  1  1  0.938300  0.103357 -0.318926 -0.035558   2
  1  1  0.938300  0.028702 -0.075187  0.571722   5
  1  1  0.938300  0.413519  0.154567  0.543933   2
  1  1  0.938300 -0.118437  0.319589 -0.003275   2
  1  1  0.938300 -0.199341  0.285735  0.709246   3
  1  1  0.938300  0.324634 -0.008017  0.383669   4
  1  0  0.938300 -0.155333  0.034432  0.230377   1
  1  0  0.938300  0.112081 -0.128042  0.053296   1
  1  0  0.938300  0.069748  0.133802  0.383075   5
  1  0  0.938300 -0.000037  0.157751  0.320481  10
  1  0  0.938300  0.062070  0.065955  0.150427   3
  1  1  0.938300 -0.007111  0.147675  0.059892  10
  1  0  0.938300  0.333819 -0.110072  0.078785   2
  1  0  0.938300  0.152003 -0.219471  0.260722   4
  1  0  0.938300  0.045153 -0.161319  0.341093   9
  1  0  0.938300  0.087657 -0.302260  0.246335   5
  1  0  0.938300  0.136621  0.189211  0.123840   2
  1  0  0.938300 -0.131143 -0.013141 -0.080017   5
  1  0  0.938300  0.124826 -0.110894  0.074740   1
  1  0  0.938300  0.022214  0.119685  0.292581   4
  1  0  0.938300  0.131980  0.053996  0.421479   5
  1  0  0.938300 -0.159084  0.055214 -0.266891   3
  1  0  0.938300 -0.034595  0.172302  0.231635   2
  1  0  0.938300 -0.002614  0.124493 -0.069017   1
  1  0  0.938300 -0.131821 -0.170028  0.401689   2
  1  0  0.938300  0.075229 -0.215430  0.469121   3
  1  0  0.938300 -0.420337 -0.258301  0.557955   4
  1  0  0.938300 -0.003505 -0.054834  0.096030   1
  1  0  0.938300 -0.154280 -0.063282  0.451778   3
  1  0  0.938300 -0.044908 -0.107365  0.107465   1
  1  0  0.938300  0.096676 -0.379050  0.296875   2
  1  0  0.938300 -0.232823 -0.173363  0.105908   3
  1  0  0.938300 -0.074217 -0.076128 -0.082512   1
  1  0  0.938300  0.038517  0.135636  0.340224   3
  1  0  0.938300 -0.083180  0.082357 -0.008515   4
  1  0  0.938300 -0.591405 -0.135253  0.187957   2
  1  0  0.938300  0.061992  0.108608  0.390364   4
  1  0  0.938300  0.065168 -0.127666  0.160544   5
  1  0  0.938300 -0.150120  0.224945  0.528245   7
  1  0  0.938300 -0.031201  0.386818  0.050787   7
  1  0  0.938300  0.045067  0.227926  0.171223   4
  1  0  0.938300 -0.229647  0.278539  0.410391   6
  1  0  0.938300 -0.543418  0.218445  0.698137   4
  1  0  0.938300 -0.439831  0.258263  0.636172   5
  1  0  0.938300  0.047854  0.240135  0.038418   6
  1  0  0.938300 -0.046175 -0.243125  0.226096   2
  1  0  0.938300  0.074721  0.047419  0.168310   5
  1  0  0.938300  0.087386  0.174633  0.424086   3
  1  0  0.938300 -0.082121  0.209828  0.005054   2
  1  0  0.938300  0.058067  0.132581  0.122919   3
  1  0  0.938300 -0.022181 -0.097666  0.188697   4
  1  0  0.938300  0.034976  0.131496  0.575676   4
  1  0  0.938300  0.276470 -0.065325  0.098247   3
  1  0  0.938300  0.036402  0.184866  0.772375   7
  1  0  0.938300  0.085354 -0.120168  0.587755   7
  1  0  0.938300 -0.157365  0.161513  0.330748   2
  1  0  0.938300 -0.041976 -0.021209  0.612358   8
  1  0  0.938300 -0.009081  0.011119 -0.154665   1
  1  0  0.938300 -0.038563  0.166285  0.234433   1
  1  0  0.938300  0.000052  0.045835  0.422336   5
  1  0  0.938300 -0.295614  0.022273  0.368558   4
  1  0  0.938300 -0.053652 -0.003878  0.125449   6
  1  0  0.938300  0.151796 -0.108885  0.193869   2
  1  0  0.938300 -0.039964 -0.047493  0.112490   1
  1  0  0.938300 -0.069672 -0.125973  0.268883   6
  1  0  0.938300  0.374749 -0.123752  0.492613   2
  1  0  0.938300  0.125745  0.332805  0.133494   3
  1  0  0.938300 -0.140321 -0.096006 -0.055192   2
  1  0  0.938300  0.119469  0.003783  0.361766   5
  1  0  0.938300  0.076835  0.102337  0.456823   4
  1  0  0.938300  0.119168 -0.206038 -0.048508   2
  1  0  0.938300  0.474592 -0.121618  0.615840   5
  1  0  0.938300 -0.031499  0.280504  0.285094   3
  1  0  0.938300 -0.133976 -0.039298  0.147150   4
  1  0  0.938300  0.354142  0.160003  0.105184   2
  1  0  0.938300  0.110225  0.105483  0.221868   5
  1  0  0.938300 -0.282504 -0.128821  0.484775   3
  1  0  0.938300 -0.090482  0.137897  0.306663   2
  1  0  0.938300 -0.323313 -0.282590  0.888936   5
  1  0  0.938300 -0.287123 -0.127656  0.523604   5
  1  0  0.938300  0.053619 -0.020198  0.065558   1
  1  0  0.938300  0.117677  0.041592  0.059354   1
  1  0  0.938300  0.423093 -0.222667  0.444669   4
  1  0  0.938300  0.029012 -0.188201  0.058385   2
  1  0  0.938300 -0.170588 -0.045734  0.377747   2
  1  0  0.938300  0.129953 -0.031548  0.327140   6
  1  0  0.938300  0.228617  0.434397  0.487611   2
  1  0  0.938300  0.382210 -0.250351  0.372675   3
  1  0  0.938300 -0.118033 -0.370346  0.556565   3
  1  0  0.938300 -0.144386 -0.207315  0.137177   2
  1  0  0.938300 -0.039261 -0.217715  0.517675   3
  1  0  0.938300  0.176050  0.098220  0.368472   3
  1  0  0.938300 -0.187416 -0.587189  0.662481   2
  1  0  0.938300  0.022160  0.088343  0.044790   1
  1  0  0.938300  0.223744 -0.124547 -0.061128   2
  1  0  0.938300  0.140265 -0.237519  0.148253   3
  1  0  0.938300  0.148609 -0.296632  0.050967   2
  1  0  0.938300 -0.028224 -0.181971  0.344220   2
  1  0  0.938300  0.019199 -0.102387  0.259808   3
  1  0  0.938300 -0.212417  0.141684  0.118927   3
  1  0  0.938300 -0.197805 -0.138444  0.569176   2
  1  0  0.938300  0.039297  0.061529  0.043029   1
  1  0  0.938300  0.040366 -0.089907  0.468241   4
  1  0  0.938300 -0.305539  0.036880  0.367387   4
  1  0  0.938300  0.220610  0.182882  0.017854   3
  1  0  0.938300 -0.004639  0.101287 -0.131492   1
  1  0  0.938300  0.195465  0.135024  0.525583   7
  1  0  0.938300 -0.337894  0.042905  0.272184   3
  1  0  0.938300  0.309836 -0.010671  0.273783   2
  1  0  0.938300  0.226809 -0.078132  0.070177   4
  1  0  0.938300  0.099105  0.359984  0.134560   3
  1  0  0.938300 -0.152318 -0.061953  0.178396   4
  1  0  0.938300  0.034265 -0.198773  0.177359   4
  1  0  0.938300  0.027598  0.129556  0.392393   5
  1  0  0.938300  0.198783 -0.229783  0.575434   4
  1  0  0.938300  0.455936 -0.278971  0.139994   4
  1  0  0.938300  0.179565 -0.377597  0.458119   4
  1  0  0.938300  0.016236  0.027112 -0.063291   1
  1  0  0.938300  0.033828  0.134665  0.583996   5
  1  0  0.938300 -0.122013 -0.237997  0.238674   3
  1  0  0.938300  0.052512  0.020820 -0.020995   1
  1  0  0.938300 -0.026455 -0.157109  0.246120   1
  1  0  0.938300 -0.079230  0.341541  0.309825   4
  1  0  0.938300  0.424492  0.143114  0.064353   2
  1  1  0.938300 -0.391592  0.477546  0.714753  -2
  1  1  0.938300  0.116695 -0.111020  0.503722  -2
  1  1  0.938300  0.073422 -0.276080  0.455955  -2
  1  1  0.938300  0.235178  0.019985 -0.075883  -2
  1  1  0.938300 -0.335625 -0.293398  0.336090  -4
  1  1  0.938300 -0.087903  0.096514  0.331420  -3
  1  1  0.938300 -0.244904  0.322615  0.554999  -2
  1  1  0.938300 -0.152373 -0.233239  0.188721  -4
  1  1  0.938300  0.392262  0.303870  0.332047  -4
  1  1  0.938300  0.260566  0.027315  0.549608  -3
  1  1  0.938300  0.115013  0.084049  0.646409  -2
  1  1  0.938300  0.018383  0.056540  0.245017  -4
  1  1  0.938300 -0.344886  0.006049  0.044172  -3
  1  1  0.938300  0.344469  0.113221  0.263502  -4
  1  1  0.938300 -0.055820  0.162680  0.432240  -4
  1  1  0.938300  0.249597 -0.191539  0.450396  -4
  1  1  0.938300  0.071919 -0.001903  0.324820  -3
  1  1  0.938300  0.089937 -0.149375  0.778735  -1
  1  1  0.938300 -0.116693  0.128255  0.639857  -1
  1  1  0.938300  0.001165  0.091902  0.647942  -1
  1  1  0.938300 -0.231014 -0.144734  0.599689  -6
  1  1  0.938300  0.103693  0.063987  0.645842  -5
  1  1  0.938300  0.207016 -0.184400  0.198770  -3
  1  1  0.938300 -0.285453 -0.237808  0.679777  -2
  1  1  0.938300  0.079280 -0.221732  0.410471  -5
  1  0  0.938300 -0.004520  0.084209  0.795484  -5
  1  1  0.938300 -0.384425 -0.246114  0.324398 -11
  1  1  0.938300  0.047209  0.025745  0.660464  -1
  1  1  0.938300  0.117970 -0.309379  0.410117  -5
  1  1  0.938300 -0.071353  0.187227  0.527001  -1
  1  1  0.938300 -0.615830  0.193501  0.504951  -6
  1  1  0.938300  0.173465 -0.164452  0.309076  -3
  1  1  0.938300 -0.237446 -0.137455  0.442194  -4
  1  1  0.938300  0.018031  0.051440  0.694585  -1
  1  1  0.938300 -0.110699 -0.019819  0.568769  -4
  1  1  0.938300 -0.046504 -0.277861  0.653391  -7
  1  1  0.938300  0.011482 -0.272350  0.310677  -5
  1  1  0.938300 -0.140080 -0.051994  0.297184  -3
  1  1  0.938300 -0.175867 -0.091891  0.646122  -1
  1  1  0.938300  0.391806  0.128414  0.300718  -5
  1  1  0.938300 -0.130595  0.066271  0.672728  -1
  1  1  0.938300 -0.172476 -0.130398  0.914430  -2
  1  1  0.938300 -0.110832  0.354986  0.304948  -4
  1  1  0.938300  0.018782 -0.233360  0.571521  -1
  1  1  0.938300  0.564644  0.107725  0.164999  -7
  1  1  0.938300 -0.075812 -0.319056  0.210615  -4
  1  1  0.938300 -0.091433 -0.101032  0.258263  -4
  1  1  0.938300 -0.014409 -0.250832  0.168609  -5
  1  1  0.938300  0.229542  0.094194  0.106907  -2
  1  1  0.938300  0.078713 -0.122416  0.150810  -8
  1  1  0.938300  0.264670 -0.182247  0.362904  -2
  1  1  0.938300  0.418543  0.106917  0.215648  -6
  1  1  0.938300 -0.050124 -0.069275  0.438436  -2
  1  1  0.938300 -0.003605  0.545759  0.685499  -3
  1  1  0.938300 -0.083178 -0.014994  0.505898  -3
  1  1  0.938300  0.010475 -0.108568  0.804974  -1
  1  1  0.938300 -0.172491  0.276012  0.264429  -2
  1  1  0.938300  0.068706  0.062947  0.910423  -3
  1  1  0.938300  0.034887 -0.190877  0.470623  -1
  1  1  0.938300  0.167828  0.126705  0.309383  -4
  1  1  0.938300 -0.138680  0.153776  0.346425  -3
  1  1  0.938300 -0.091108 -0.018427  0.678038  -1
  1  1  0.938300 -0.193464 -0.012821  0.189449  -4
  1  1  0.938300  0.232785 -0.166793  0.094876  -4
  1  1  0.938300 -0.148028  0.125115  0.601870  -7
  1  1  0.938300  0.005786 -0.101347  0.420387  -1
  1  1  0.938300 -0.129844  0.273761  0.465920  -2
  1  1  0.938300 -0.120322  0.092258  0.502297  -3
  1  1  0.938300 -0.176722 -0.369551  0.319944  -6
  1  1  0.938300  0.361713 -0.073111  0.093141  -5
  1  1  0.938300 -0.172230  0.434536  0.271665  -4
  1  1  0.938300 -0.286498 -0.406773  0.674664  -3
  1  1  0.938300  0.217031  0.374632  0.448826  -4
  1  1  0.938300  0.308347  0.133927  0.285855  -3
  1  1  0.938300  0.112283  0.502495  0.590569  -6
  1  1  0.938300 -0.081975  0.165840  0.535839  -3
  1  1  0.938300 -0.309898  0.026729  0.520067  -6
  1  1  0.938300 -0.192590  0.065791  0.295621  -9
  1  1  0.938300  0.078453 -0.132615  0.403400  -1
  1  0  0.938300  0.025229 -0.071609  0.349128  -4
  1  0  0.938300 -0.360448  0.103844  0.355176  -3
  1  0  0.938300 -0.015562 -0.016100  0.223772  -4
  1  0  0.938300 -0.181416 -0.064591  0.637838  -1
  1  0  0.938300  0.010509  0.190666  0.642599  -3
  1  0  0.938300  0.090936 -0.062934  0.677456  -1
  1  0  0.938300  0.063641 -0.093414  0.708360  -1
  1  0  0.938300  0.012881 -0.030972  0.340344  -2
  1  0  0.938300  0.016973 -0.202839  0.244515  -6
  1  0  0.938300  0.118407 -0.052941  0.648767  -1
  1  0  0.938300 -0.501739  0.165820  0.445114  -3
  1  0  0.938300 -0.020107 -0.162491  0.087513  -2
  1  0  0.938300  0.142227 -0.081211  0.328671  -3
  1  0  0.938300  0.224815 -0.090747  0.995878  -3
  1  0  0.938300  0.040349 -0.143606  0.253190  -5
  1  0  0.938300 -0.087843 -0.009328  0.436633  -4
  1  0  0.938300 -0.337437 -0.393190  0.542883  -5
  1  0  0.938300  0.033488  0.406049  0.592779  -6
  1  0  0.938300 -0.084342  0.245528  0.526886  -2
  1  0  0.938300 -0.333141 -0.088247  0.650643  -4
  1  0  0.938300  0.138012  0.242107  0.782317  -1
  1  0  0.938300 -0.071830 -0.274770  0.362463  -3
  1  0  0.938300 -0.105161  0.238212  0.502314  -3
  1  0  0.938300  0.327202 -0.192493  0.728911  -2
  1  0  0.938300 -0.009295 -0.035451  0.296351  -3
  1  0  0.938300  0.053232  0.105234  0.720604  -1
  1  0  0.938300  0.050521 -0.138733  0.465850  -8
  1  0  0.938300  0.190411 -0.246537  0.763177  -2
  1  0  0.938300  0.213344 -0.099896  0.665134  -1
  1  0  0.938300 -0.098798  0.229727  0.317702  -3
  1  1  0.938300 -0.470079  0.426999  0.563620  -4
  1  0  0.938300 -0.114467  0.040718  0.338657  -4
  1  0  0.938300  0.084301  0.561731  0.402443  -2
  1  0  0.938300  0.019426 -0.102855  0.732326  -6
  1  0  0.938300  0.091521  0.029820  0.164450  -4
  1  0  0.938300  0.197893  0.066522  0.197832  -4
  1  0  0.938300 -0.154907 -0.042785  0.259565  -4
  1  0  0.938300  0.019346 -0.042889  0.397370  -1
  1  0  0.938300 -0.197573 -0.337007  0.647959  -5
  1  0  0.938300 -0.119990 -0.166214  0.855904  -5
  1  0  0.938300 -0.104694 -0.019291  0.404448  -3
  1  0  0.938300 -0.265261 -0.082615  0.614212  -7
  1  0  0.938300 -0.087285  0.027352  0.522826  -3
  1  0  0.938300  0.125379  0.285254  0.169620  -3
  1  0  0.938300  0.156582  0.069047  0.497999  -6
  1  0  0.938300 -0.113575 -0.129692  0.276697  -4
  1  0  0.938300 -0.036908 -0.029291  0.560452  -1
  1  0  0.938300 -0.083504 -0.068434  0.682960  -1
  1  0  0.938300  0.056607  0.263791  0.833639  -3
  1  0  0.938300  0.050100 -0.353576  0.406526  -3
  1  0  0.938300  0.071160 -0.196114  0.364466  -3
  1  0  0.938300 -0.307611  0.494271  0.615878  -3
  1  0  0.938300  0.048821 -0.077918  0.490262  -3
  1  0  0.938300 -0.126799 -0.105996  0.329065  -2
  1  0  0.938300  0.319573  0.072444  0.394958  -2
  1  0  0.938300 -0.204092 -0.386779  0.273790  -5
  1  0  0.938300 -0.051370  0.173128  0.478150  -6
  1  0  0.938300 -0.120377  0.132539  0.537992  -2
  1  0  0.938300 -0.035971  0.116471  0.144914  -3
  1  0  0.938300 -0.017655  0.011380  0.517985  -3
  1  0  0.938300  0.163413 -0.007533  0.431679  -3
  1  0  0.938300  0.195645  0.142597  0.828012  -2
  1  0  0.938300  0.152492  0.008670  0.744336  -1
  1  0  0.938300 -0.059684  0.156697  0.710660  -3
  1  0  0.938300  0.419489  0.446936  0.642903  -2
  1  0  0.938300 -0.191180 -0.029060  0.583490  -3
  1  0  0.938300 -0.096248  0.059092  0.313400  -8
  1  0  0.938300 -0.333476  0.058681  0.931295  -7
  1  0  0.938300  0.385085 -0.137737  0.389874  -6
  1  0  0.938300  0.268642  0.130751  0.845459  -2
  1  0  0.938300  0.001837  0.106614  0.843651  -1
  1  0  0.938300 -0.014123  0.019436  0.717113  -1
  1  0  0.938300 -0.126270  0.153253 -0.171146  -2
  1  0  0.938300 -0.323813  0.114565  0.431307  -3
  1  0  0.938300 -0.282400 -0.242945  0.306237  -3
  1  0  0.938300  0.194663 -0.126058  0.241059  -9
  1  0  0.938300 -0.113238 -0.138931  0.310485  -3
  1  0  0.938300 -0.075363 -0.052837  0.858931  -1
  1  0  0.938300 -0.066645  0.162635  0.615373  -1
  1  0  0.938300 -0.008413  0.010631  0.264184  -4
  1  0  0.938300  0.489672 -0.376216  0.773627  -3
  1  0  0.938300 -0.129956 -0.213483  0.685200  -2
  1  0  0.938300  0.090461  0.001716  0.469457  -3
  1  0  0.938300 -0.026137  0.124425  0.576795  -5
  1  0  0.938300 -0.100221  0.075368  0.386783  -4
  1  0  0.938300 -0.009706  0.051063  0.570338  -2
  1  0  0.938300  0.035595  0.144442  0.547772  -2
  1  0  0.938300 -0.227012  0.030014  0.052428  -8
  1  0  0.938300  0.090593  0.059296  0.482444  -2
  1  0  0.938300 -0.048034 -0.146257  0.193218 -11
  1  1  0.938300 -0.672588 -0.099439  0.309210  -2
  1  0  0.938300 -0.069056  0.361960  0.436550  -2
  1  0  0.938300  0.077910  0.324605  0.452740  -4
  1  0  0.938300  0.132391  0.040378  0.802837  -1
  1  0  0.938300  0.214148 -0.046224  0.336547  -6
  1  1  0.938300 -0.124019 -0.115414  0.122687  -4
  1  0  0.938300  0.013780  0.378486  0.592816  -3
  1  0  0.938300 -0.275680 -0.318132  0.791132  -3
  1  0  0.938300 -0.429982  0.338407  0.655519  -3
  1  0  0.938300 -0.069382  0.007134  0.595601  -3
  1  0  0.938300  0.270273 -0.341613  0.612261  -3
  1  0  0.938300 -0.462193 -0.115790  0.477677  -4
  1  0  0.938300  0.237065  0.338248  0.797857  -2
  1  0  0.938300  0.081836  0.128834  0.527622  -5
  1  0  0.938300  0.224313 -0.239231  0.518337  -6
  1  0  0.938300  0.011319  0.035892  0.608550  -1
  1  0  0.938300  0.077910 -0.292217  0.030740  -3
  1  0  0.938300  0.026553 -0.169643  0.574376  -4
  1  0  0.938300 -0.003320 -0.056690  0.895931  -1
  1  0  0.938300 -0.099296 -0.004185  0.618899  -2
  1  0  0.938300 -0.132654  0.217976  0.371736  -3
  1  0  0.938300  0.163835 -0.045828  0.390710  -4
  1  0  0.938300 -0.024868 -0.090585  0.334416  -1
  1  0  0.938300 -0.001181 -0.250065  0.176343  -3
  1  0  0.938300  0.066308  0.069467  0.614627  -1
  1  0  0.938300 -0.079346 -0.040184  0.657557  -1
  1  0  0.938300 -0.108856  0.147422  0.592726  -2
  1  0  0.938300 -0.179381 -0.075104  0.557988  -4