  1  1  0.938300 -0.050003 -0.231070  0.446326   7
  1  1  0.938300 -0.038009 -0.083114  0.207443   9
  1  1  0.938300  0.130290  0.177499  0.356616   3
  1  1  0.938300  0.036743 -0.413631  0.184945   3
  1  1  0.938300  0.207776  0.058694  0.620329   2
  1  1  0.938300  0.213964  0.168970  0.405376   4
  1  1  0.938300 -0.011832 -0.124205  0.440882   7
  1  1  0.938300  0.201523 -0.076692  0.127012   4
  1  1  0.938300 -0.025986 -0.192674  0.836231   5
  1  1  0.938300 -0.009163  0.030975 -0.105642   1
  1  1  0.938300  0.009800 -0.077495  0.143326   1
  1  1  0.938300 -0.059453  0.020300  0.691278   4
  1  1  0.938300 -0.066249 -0.126229  0.652219   5
  1  1  0.938300 -0.064187 -0.022379  0.241915   2
  1  1  0.938300  0.195987 -0.096858  0.059270   1
  1  1  0.938300 -0.005594  0.110616  0.284336   2
  1  1  0.938300  0.040201 -0.006939  0.583242   3
  1  1  0.938300 -0.105086 -0.258647  0.550686   6
  1  1  0.938300  0.108770 -0.013825 -0.211342   1
  1  1  0.938300  0.021341  0.345882  0.348503   2
  1  1  0.938300 -0.168565 -0.261066  0.295406   2
  1  1  0.938300  0.211279 -0.391673  0.563374   7
  1  1  0.938300 -0.107485  0.359798  0.059556   2
  1  1  0.938300  0.003128 -0.100184  0.239841   4
  1  1  0.938300 -0.087106  0.138555  0.449001   9
  1  1  0.938300  0.043906  0.411844  0.226964   3
  1  1  0.938300  0.181999 -0.263042  0.124816   2
  1  1  0.938300  0.038519 -0.090459  0.271543   7
  1  1  0.938300 -0.048188 -0.038444 -0.098214   1
  1  1  0.938300 -0.190887  0.104357  0.427348   6
  1  1  0.938300  0.085177 -0.095060 -0.053562   1
  1  1  0.938300 -0.035426 -0.125785  0.096910   6
  1  1  0.938300  0.334502 -0.085966  0.462202   4
  1  1  0.938300  0.089290 -0.258764  0.455730   4
  1  1  0.938300 -0.267240 -0.266761  0.074437   2
  1  1  0.938300  0.274327 -0.238826  0.651899   2
  1  1  0.938300  0.083597  0.028727  0.127846   1
  1  1  0.938300  0.025798 -0.060744 -0.011276   1
  1  1  0.938300  0.023331 -0.240064  0.442171   6
  1  1  0.938300  0.198784 -0.249052  0.148576   6
  1  1  0.938300  0.120902  0.537540  0.411734   9
  1  1  0.938300  0.381639 -0.105239  0.301307   5
  1  1  0.938300  0.133878 -0.216078  0.285902   3
  1  1  0.938300 -0.022335 -0.104280  0.441226   2
  1  1  0.938300 -0.020606  0.038392  0.136386   1
  1  1  0.938300  0.224787 -0.254116  0.143510   4
  1  1  0.938300 -0.022287  0.265276  0.740109   4
  1  1  0.938300  0.070707 -0.182507  0.274552   3
  1  1  0.938300 -0.021981 -0.082970  0.563532   6
  1  1  0.938300  0.015114  0.162850  0.263625   1
  1  1  0.938300 -0.174047 -0.160022  0.106410   2
  1  1  0.938300  0.039039 -0.217772  0.275805   5
  1  1  0.938300  0.362392 -0.541024  0.569875   3
  1  1  0.938300 -0.180831  0.035094  0.248716   6
  1  1  0.938300  0.156217 -0.043805  0.427907   4
  1  1  0.938300 -0.109444 -0.055608  0.004846   1
  1  1  0.938300  0.065242 -0.118944  0.198717   5
  1  1  0.938300 -0.341770  0.097383  0.211783   3
  1  1  0.938300 -0.113493 -0.015825  0.193592   3
  1  1  0.938300  0.033845  0.185361  0.629468   3
  1  1  0.938300  0.338466  0.032125  0.106644   2
  1  1  0.938300 -0.104420 -0.115951  0.157637   3
  1  1  0.938300 -0.361957 -0.236800  0.157982   3
  1  1  0.938300  0.057536  0.277033  0.106291   6
  1  1  0.938300 -0.008251  0.147335  0.044593   1
  1  1  0.938300 -0.125457 -0.088978  0.026305   1
  1  1  0.938300 -0.121909 -0.018728 -0.017738   4
  1  1  0.938300  0.059956 -0.176047  0.152344   5
  1  1  0.938300 -0.021078 -0.063360 -0.080550   1
  1  1  0.938300 -0.214830  0.093892  0.018490   1
  1  1  0.938300  0.269199 -0.226482  0.257659   3
  1  1  0.938300 -0.466225 -0.058655  0.500663   2
  1  1  0.938300  0.006501  0.149705  0.438327   2
  1  1  0.938300  0.106636 -0.426382  0.730336   2
  1  1  0.938300 -0.019720  0.006141  0.717764   4
  1  1  0.938300  0.244235  0.082378  0.749453   2
  1  1  0.938300 -0.232727 -0.115493  0.299957   4
  1  1  0.938300  0.322227 -0.210072  0.246022   4
  1  1  0.938300  0.015323  0.098049  0.327780   2
  1  0  0.938300  0.186496  0.310208  0.183473   3
  1  0  0.938300 -0.340695  0.327183  0.430824   2
  1  0  0.938300 -0.022610  0.052600 -0.111826   1
  1  0  0.938300  0.286741  0.525906  0.512798   5
  1  0  0.938300 -0.117598 -0.119801  0.200845   1
  1  0  0.938300  0.072773 -0.035690  0.179495   1
  1  0  0.938300  0.009746 -0.113727  0.081014   1
  1  0  0.938300 -0.103893 -0.252330  0.704858   2
  1  0  0.938300 -0.115493 -0.077313  0.640354   3
  1  0  0.938300  0.279113  0.070078  0.332819   3
  1  0  0.938300  0.068874 -0.199678  0.611808   3
  1  0  0.938300  0.379612  0.166231  0.303364   3
  1  0  0.938300 -0.006178 -0.043563  0.090635   2
  1  0  0.938300  0.233174  0.046449  0.289460   2
  1  0  0.938300 -0.113906 -0.077642  0.350990   3
  1  0  0.938300 -0.158195 -0.151853  0.369935   3
  1  0  0.938300 -0.179489 -0.046423  0.016888   1
  1  0  0.938300 -0.160223  0.029093  0.257385   1
  1  0  0.938300  0.070366 -0.147537  0.265889   4
  1  0  0.938300 -0.176804  0.069559  0.361855   3
  1  0  0.938300  0.116487 -0.037564  0.350447   6
  1  0  0.938300  0.541167 -0.286748  0.634838   5
  1  0  0.938300  0.464604 -0.040685  0.467369   2
  1  0  0.938300  0.188956  0.038779  0.356009   3
  1  0  0.938300 -0.005822  0.009175  0.564414   5
  1  0  0.938300 -0.211650  0.017066  0.040916   3
  1  1  0.938300 -0.175203  0.084070  0.211478   3
  1  0  0.938300 -0.355634 -0.220643  0.235851   3
  1  0  0.938300  0.000803  0.167378  0.373231   6
  1  0  0.938300  0.006871  0.127647 -0.145866   1
  1  0  0.938300 -0.180181 -0.032673  0.558240   3
  1  0  0.938300  0.183134 -0.072338  0.629304   3
  1  0  0.938300  0.042566 -0.269412  0.196334   4
  1  0  0.938300 -0.223368  0.230676  0.689797   5
  1  1  0.938300 -0.286966  0.350237 -0.027091   6
  1  0  0.938300 -0.195026  0.049177  0.443716   3
  1  0  0.938300  0.085498 -0.308924  0.530413   2
  1  0  0.938300 -0.019991  0.227107  0.468831   2
  1  0  0.938300  0.214270  0.267801  0.463187   2
  1  0  0.938300  0.029678  0.275235  0.605341   3
  1  0  0.938300  0.052649  0.011095  0.092041   1
  1  0  0.938300  0.220252  0.143428  0.195370   8
  1  0  0.938300 -0.164890  0.207424  0.098738   4
  1  0  0.938300 -0.489913  0.229144  0.163615   2
  1  0  0.938300 -0.195822 -0.086175  0.231362   6
  1  0  0.938300 -0.109436 -0.328628  0.610940   8
  1  0  0.938300  0.193737  0.124419  0.299357   2
  1  0  0.938300 -0.464522 -0.553434  0.149860   2
  1  0  0.938300 -0.090473 -0.199034  0.469424   3
  1  0  0.938300  0.116853 -0.022784 -0.108408   1
  1  0  0.938300  0.262073 -0.338634  0.344117   4
  1  0  0.938300 -0.342532  0.037600  0.213622   2
  1  0  0.938300 -0.131002  0.000034  0.236715   1
  1  0  0.938300 -0.024231 -0.020493 -0.108582   2
  1  0  0.938300  0.389993  0.180413  0.706615   8
  1  0  0.938300 -0.053879  0.409485  0.302785   3
  1  0  0.938300 -0.013656 -0.065350  0.377925   3
  1  1  0.938300  0.129151  0.031068  0.790362   3
  1  0  0.938300 -0.113291  0.148940  0.061587   4
  1  0  0.938300  0.308250 -0.220343  0.333328   2
  1  0  0.938300 -0.132651  0.235881  0.365728   2
  1  0  0.938300  0.395456  0.238675 -0.332006   4
  1  0  0.938300 -0.003618 -0.164238  0.091059   2
  1  0  0.938300 -0.136166  0.201533  0.152413   3
  1  0  0.938300 -0.032218  0.181202  0.360799   1
  1  0  0.938300 -0.016966 -0.072379 -0.063382   2
  1  0  0.938300 -0.069660  0.221138  0.136051   1
  1  0  0.938300  0.003855  0.100303  0.471431   3
  1  0  0.938300 -0.290570  0.486025  0.581024   4
  1  0  0.938300 -0.001384  0.138043  0.262925   5
  1  0  0.938300  0.097578  0.202753  0.130827   4
  1  0  0.938300  0.367109  0.211123  0.085617   2
  1  0  0.938300  0.003680 -0.040215  0.008677   1
  1  0  0.938300 -0.211824  0.067787  0.073578   1
  1  0  0.938300  0.196914  0.252945  0.284551   5
  1  0  0.938300  0.184912  0.097166  0.006527   1
  1  0  0.938300 -0.155219  0.012741  0.090079   1
  1  0  0.938300  0.103275  0.023394  0.064429   1
  1  0  0.938300 -0.370954  0.036631  0.548460   4
  1  0  0.938300 -0.122397 -0.219203  0.549269   3
  1  0  0.938300 -0.164763 -0.138842  0.733739   3
  1  0  0.938300 -0.045912  0.322970  0.560457   3
  1  0  0.938300 -0.011640  0.182322  0.358286   7
  1  0  0.938300 -0.435538  0.139442  0.573789   4
  1  0  0.938300  0.200416  0.127884  0.209627   3
  1  0  0.938300  0.208056 -0.564724  0.392369   2
  1  0  0.938300  0.023417  0.077679  0.215968   2
  1  0  0.938300 -0.168686 -0.057422  0.229917   3
  1  0  0.938300 -0.014206  0.002395  0.375614   8
  1  0  0.938300 -0.054674  0.021573  0.029959   1
  1  0  0.938300  0.113310  0.115321 -0.022328   3
  1  0  0.938300 -0.082310  0.008887  0.176056   4
  1  0  0.938300  0.059545 -0.024027  0.027328   2
  1  0  0.938300  0.194959 -0.005174  0.523363   4
  1  0  0.938300 -0.038771 -0.286872  0.085668   2
  1  0  0.938300  0.114896 -0.052617  0.019098   1
  1  0  0.938300  0.026146  0.250062 -0.051526   2
  1  0  0.938300 -0.061938 -0.065084  0.298148   2
  1  0  0.938300  0.049471 -0.023469  0.507631   3
  1  0  0.938300 -0.053578  0.016669 -0.103851   1
  1  0  0.938300 -0.095363  0.011870  0.420074   3
  1  0  0.938300 -0.519918 -0.041855  0.589420   2
  1  0  0.938300 -0.048575 -0.293444  0.299057   8
  1  0  0.938300  0.077958  0.092956  0.057979   2
  1  0  0.938300 -0.176416  0.195212  0.539989   3
  1  0  0.938300 -0.192025 -0.111011  0.354018   3
  1  0  0.938300 -0.216677 -0.083909  0.259930   5
  1  0  0.938300 -0.026867 -0.090155 -0.040008   1
  1  0  0.938300 -0.004369  0.322022  0.056467   2
  1  0  0.938300  0.054710  0.152406  0.157337   1
  1  0  0.938300 -0.094977 -0.248357  0.778571   4
  1  0  0.938300  0.215612 -0.076162  0.180588   4
  1  0  0.938300  0.244838  0.546751  0.088142   2
  1  0  0.938300  0.067065  0.482473  0.487308   2
  1  0  0.938300 -0.110261 -0.000987 -0.071607   1
  1  0  0.938300  0.061035 -0.085488 -0.018899   1
  1  0  0.938300  0.195729 -0.004966  0.000661   1
  1  0  0.938300  0.425018  0.052938  0.407436   7
  1  1  0.938300 -0.281081 -0.236612  0.350105  -2
  1  1  0.938300  0.265304 -0.001119  0.507845  -4
  1  1  0.938300 -0.206181  0.312580  0.158944  -6
  1  1  0.938300  0.032031  0.401260  0.577050  -2
  1  1  0.938300 -0.315338 -0.010512  0.287891  -3
  1  1  0.938300 -0.188411  0.158188  0.349822  -3
  1  1  0.938300 -0.181810 -0.426437  0.347007  -4
  1  1  0.938300 -0.223411  0.176243  0.572781  -2
  1  1  0.938300  0.331619 -0.219946  0.212660  -3
  1  1  0.938300  0.220570 -0.162707  0.496306  -2
  1  1  0.938300 -0.258780 -0.018449  0.589080  -1
  1  1  0.938300 -0.180871 -0.130188  0.493538  -1
  1  1  0.938300 -0.143630 -0.144894  0.105318  -2
  1  1  0.938300  0.029372  0.281181  0.765830  -2
  1  1  0.938300 -0.102540  0.339913  0.160124  -4
  1  1  0.938300 -0.226330  0.157871  0.599903  -5
  1  1  0.938300  0.045111 -0.097464  0.599911  -1
  1  1  0.938300 -0.056318  0.013962  0.543486  -1
  1  1  0.938300  0.238766 -0.066465  0.483514  -3
  1  1  0.938300  0.135209 -0.112856  0.194316  -2
  1  1  0.938300 -0.098480  0.014117  0.494341  -5
  1  1  0.938300  0.114500 -0.036486  0.339781  -3
  1  1  0.938300  0.000195  0.069367  0.740449  -1
  1  1  0.938300  0.069447 -0.031887  0.626267  -1
  1  1  0.938300 -0.289627  0.077626  0.427150  -3
  1  1  0.938300  0.180811 -0.061273  0.727387  -1
  1  1  0.938300  0.145067 -0.033869  0.182679  -3
  1  0  0.938300  0.019453 -0.099099  0.310955  -4
  1  1  0.938300 -0.248312  0.435018  0.437350  -3
  1  1  0.938300  0.552157 -0.356957  0.567738  -5
  1  1  0.938300 -0.000060 -0.014994  0.391975  -5
  1  1  0.938300 -0.213168 -0.106900  0.277413  -4
  1  1  0.938300  0.119591 -0.142916  0.153686  -3
  1  1  0.938300  0.034191 -0.346429  0.412286  -4
  1  1  0.938300  0.223517  0.212743  0.363886  -4
  1  1  0.938300 -0.148235  0.028598  0.453012  -2
  1  1  0.938300 -0.038152 -0.090074  0.594823  -1
  1  1  0.938300  0.137865  0.338338  0.148936  -5
  1  1  0.938300  0.353089  0.034177  0.477949  -2
  1  1  0.938300  0.119388 -0.013919  0.306870  -5
  1  1  0.938300  0.028947  0.039981  0.695010  -1
  1  1  0.938300  0.009897 -0.181038  0.498664  -4
  1  1  0.938300  0.466243 -0.008245  0.224274  -3
  1  1  0.938300 -0.108629 -0.046747  0.806833  -1
  1  1  0.938300 -0.215853  0.152806  0.164651  -3
  1  1  0.938300 -0.494894  0.045942  0.803946  -8
  1  1  0.938300  0.350530 -0.267697  0.517095  -2
  1  1  0.938300  0.033021 -0.049259  0.786229  -1
  1  1  0.938300  0.010575  0.208446  0.125304  -4
  1  0  0.938300  0.021000  0.138781  0.021767  -3
  1  1  0.938300  0.362214 -0.040937  0.566481  -4
  1  1  0.938300 -0.016311  0.119316  0.613000  -2
  1  1  0.938300 -0.025603  0.171050  0.359298  -5
  1  1  0.938300 -0.229135  0.019690  0.891229  -2
  1  1  0.938300 -0.112558 -0.133432  0.530544  -3
  1  1  0.938300 -0.109449  0.189822  0.369613  -5
  1  1  0.938300 -0.014793 -0.460866  0.263661  -5
  1  1  0.938300 -0.155308  0.430382  0.444425  -3
  1  1  0.938300  0.024584  0.030014  0.811871  -1
  1  1  0.938300 -0.009296  0.265996  0.247283  -2
  1  1  0.938300 -0.291427  0.008555  0.734465  -4
  1  1  0.938300  0.172398  0.094781  0.477751  -1
  1  0  0.938300 -0.052507  0.036976  0.182135  -5
  1  1  0.938300  0.017886  0.116893  0.638105  -3
  1  1  0.938300  0.158185 -0.076621  0.219057  -8
  1  1  0.938300 -0.001525  0.216517  0.367429  -2
  1  1  0.938300 -0.026737  0.275458  0.016141  -3
  1  1  0.938300  0.002058 -0.031875  0.670128  -1
  1  1  0.938300 -0.006549  0.062250  0.414108  -4
  1  1  0.938300  0.008365  0.067110  0.405177  -3
  1  1  0.938300  0.101953  0.275634  0.858832  -9
  1  1  0.938300  0.187145 -0.152710  0.423556  -3
  1  1  0.938300  0.024631  0.072740  0.244704  -7
  1  1  0.938300 -0.357940  0.442270  0.098878  -5
  1  1  0.938300 -0.059711 -0.040000  0.692685  -2
  1  1  0.938300  0.351478 -0.172651  0.512223  -2
  1  1  0.938300  0.172636 -0.149714  0.093046  -3
  1  1  0.938300 -0.119083  0.094101  0.534434  -1
  1  1  0.938300  0.364688  0.018942  0.578768  -4
  1  0  0.938300 -0.039099 -0.520724  0.413407  -2
  1  0  0.938300  0.068161  0.213588  0.551613  -3
  1  0  0.938300 -0.070273  0.042445  0.759857  -1
  1  0  0.938300  0.375707  0.503800  0.856833  -2
  1  0  0.938300 -0.077999 -0.075909  0.422902  -3
  1  0  0.938300  0.183875 -0.136114  0.663213  -2
  1  0  0.938300 -0.396691 -0.389949  0.112025  -7
  1  0  0.938300 -0.333478  0.048359  0.003456  -2
  1  0  0.938300 -0.233274 -0.418458  0.416743  -6
  1  0  0.938300 -0.064491  0.295905  0.188569  -3
  1  0  0.938300  0.161422 -0.172023  0.743388  -4
  1  0  0.938300 -0.049776  0.166193  0.392823  -2
  1  0  0.938300  0.041905  0.311529  0.224838  -4
  1  0  0.938300 -0.439051  0.078760  0.583912  -3
  1  0  0.938300  0.362571  0.145850  0.362656  -3
  1  0  0.938300 -0.032242  0.108074  0.517616  -2
  1  0  0.938300  0.057800 -0.038837  0.823594  -1
  1  0  0.938300 -0.003020 -0.171056  0.391828  -6
  1  0  0.938300  0.101647  0.291413  0.429814  -3
  1  0  0.938300 -0.342401 -0.175144  0.617667  -5
  1  0  0.938300  0.020622  0.198596  0.389095  -3
  1  0  0.938300 -0.117832 -0.123596  0.921546  -1
  1  0  0.938300 -0.157832 -0.231970  0.390988  -2
  1  0  0.938300 -0.129625  0.005215  0.638900  -1
  1  0  0.938300 -0.034823  0.055287  0.886722  -1
  1  0  0.938300 -0.185921 -0.077379  0.442524  -2
  1  0  0.938300 -0.012668 -0.159201  0.258096  -2
  1  0  0.938300  0.285355 -0.064045  0.358033  -7
  1  0  0.938300 -0.299725  0.088620  0.073607  -2
  1  0  0.938300  0.004136 -0.133099  0.163250  -4
  1  0  0.938300 -0.544634 -0.118198  0.595890  -7
  1  0  0.938300  0.681244  0.197617  0.400143  -4
  1  0  0.938300 -0.128823  0.147059  0.420684  -6
  1  0  0.938300 -0.118355  0.104192  0.364232  -3
  1  0  0.938300  0.077446 -0.192422  0.535377  -7
  1  0  0.938300 -0.274026  0.059233  0.512970  -3
  1  0  0.938300 -0.536186 -0.187038  0.486555  -4
  1  0  0.938300  0.018320 -0.060866  0.727628  -1
  1  0  0.938300 -0.098020  0.303578  0.659881  -3
  1  0  0.938300  0.045208 -0.020611  0.517148  -1
  1  0  0.938300 -0.062144 -0.189315  0.788331  -3
  1  0  0.938300 -0.185831  0.062688  0.055300  -4
  1  0  0.938300 -0.090503 -0.272066  0.264439  -5
  1  0  0.938300  0.119243  0.025477  0.266097  -6
  1  0  0.938300 -0.056951  0.250792  0.682197  -2
  1  0  0.938300 -0.168289 -0.027657  0.374581  -5
  1  0  0.938300  0.101153  0.039842  0.405593  -2
  1  0  0.938300  0.207311  0.156339  0.970977  -2
  1  0  0.938300 -0.222022 -0.018820  0.457885  -4
  1  0  0.938300 -0.006995  0.186232  0.175974  -5
  1  0  0.938300 -0.001138  0.019224  0.685691  -1
  1  0  0.938300  0.335134  0.115160  0.256072  -3
  1  0  0.938300  0.066203  0.065178  0.721151  -2
  1  0  0.938300 -0.248024  0.568597  0.045317  -4
  1  0  0.938300 -0.062859 -0.071563  0.527911  -5
  1  0  0.938300 -0.103190 -0.053296  0.239509  -3
  1  0  0.938300 -0.155045  0.002992  0.559272  -1
  1  0  0.938300 -0.098568  0.081257  0.654506  -1
  1  0  0.938300 -0.166015  0.330641  0.623700  -5
  1  0  0.938300 -0.036197  0.255394  0.772439  -3
  1  0  0.938300  0.031092  0.211179  0.734768  -1
  1  0  0.938300 -0.290034 -0.124042  0.343362  -2
  1  0  0.938300  0.037609 -0.103258  0.273083  -3
  1  0  0.938300 -0.012040  0.001201  0.575411  -1
  1  0  0.938300 -0.154424 -0.055050  0.389913  -4
  1  0  0.938300 -0.335203 -0.276040  0.328025  -6
  1  0  0.938300 -0.105587  0.151092  0.600895  -3
  1  0  0.938300 -0.122722 -0.274681  0.304272  -4
  1  0  0.938300 -0.181975  0.057638  0.486207  -4
  1  0  0.938300  0.322670  0.021579  0.405601  -4
  1  0  0.938300 -0.138412 -0.011785  0.717322  -1
  1  0  0.938300 -0.068374  0.216989  0.057223  -4
  1  0  0.938300  0.125534 -0.065902  0.174769  -2
  1  0  0.938300  0.177663 -0.006438  0.805563  -1
  1  0  0.938300  0.098466  0.238532  0.421122  -2
  1  0  0.938300 -0.139845 -0.117163  0.309447  -2
  1  0  0.938300 -0.094640  0.396996  0.317356  -2
  1  0  0.938300 -0.398397 -0.243727  0.415587  -4
  1  0  0.938300 -0.135070 -0.037755  0.358329  -3
  1  0  0.938300 -0.042580  0.029064  0.542410  -1
  1  0  0.938300  0.121416 -0.033914  0.132555  -3
  1  0  0.938300  0.121347  0.029828  0.052458  -2
  1  0  0.938300  0.062434  0.117875  0.416484  -2
  1  0  0.938300 -0.444431  0.197519  0.426597  -4
  1  0  0.938300  0.050544  0.062852  0.645581  -1
  1  0  0.938300 -0.027592  0.000881  0.813901  -7
  1  0  0.938300 -0.041611  0.127793  0.289279  -3
  1  0  0.938300 -0.071635 -0.093377  0.008378  -3
  1  0  0.938300 -0.314555  0.236047  0.495404  -3
  1  0  0.938300 -0.091280  0.102062  0.631429  -1
  1  0  0.938300  0.105621  0.111898  0.501241  -4
  1  0  0.938300 -0.085446 -0.047330  0.396303  -2
  1  0  0.938300  0.394418  0.007571  0.620032  -3
  1  0  0.938300  0.242622 -0.142302  0.306952  -2
  1  0  0.938300  0.267601 -0.156402  0.456141  -5
  1  0  0.938300 -0.075122 -0.587599  0.343433  -3
  1  0  0.938300 -0.085596 -0.029244  0.322609  -2
  1  0  0.938300 -0.143649 -0.359806  0.297224  -7
  1  0  0.938300 -0.094665  0.005675  0.422262  -2
  1  0  0.938300 -0.037542  0.231966  0.652984  -3
  1  0  0.938300  0.159456 -0.045791  0.390078  -5
  1  0  0.938300  0.045147 -0.073359  0.500691  -5
  1  0  0.938300 -0.045702  0.164339  0.295460  -3
  1  0  0.938300 -0.135689 -0.135452  0.521215  -4
  1  0  0.938300  0.252668 -0.031674  0.596966  -3
  1  0  0.938300  0.013086 -0.259114  0.048144  -5
  1  0  0.938300 -0.036571 -0.079201  0.054234  -8
  1  0  0.938300  0.103898  0.078630  0.648192  -1
  1  0  0.938300 -0.148061  0.041060  0.671945  -3
  1  0  0.938300 -0.203001 -0.102761  0.786921  -3
  1  0  0.938300 -0.020935 -0.008038  0.284435  -5
  1  0  0.938300  0.120607  0.106832  0.132620  -4
  1  0  0.938300 -0.196796 -0.071166  0.370523  -6
  1  0  0.938300  0.235095 -0.061976  0.471347  -6
  1  0  0.938300 -0.150341 -0.285542  0.495734  -2
  1  0  0.938300  0.011396 -0.138458  0.235214  -5
  1  0  0.938300  0.174397  0.024059  0.774708  -4
  1  0  0.938300  0.054588  0.677836  0.722030  -2