  1  1  0.938300  0.182177 -0.370475  0.392398   4
  1  1  0.938300  0.056347  0.249528  0.139413   3
  1  1  0.938300 -0.184154  0.049689  0.119021   7
  1  1  0.938300  0.255180  0.412119  0.504514   4
  1  1  0.938300  0.017064  0.373358  0.875844   5
  1  1  0.938300  0.027548  0.014480  0.087281   1
  1  1  0.938300 -0.119116  0.046634  0.203081   2
  1  1  0.938300 -0.198660  0.088992  0.088845   3
  1  1  0.938300  0.065935  0.066191  0.318422   3
  1  0  0.938300  0.089983 -0.139224  0.212868   4
  1  1  0.938300 -0.139664  0.038701  0.698636   7
  1  1  0.938300 -0.045331  0.380645  0.678878   4
  1  1  0.938300 -0.141976 -0.046918  0.131702   4
  1  1  0.938300  0.108478  0.049488 -0.107590   1
  1  1  0.938300  0.005130  0.453342  0.895620   7
  1  1  0.938300 -0.053230  0.019159 -0.051509   2
  1  1  0.938300  0.249371 -0.149299  0.047471   3
  1  1  0.938300  0.385019 -0.039420  0.115824   5
  1  1  0.938300  0.006380 -0.322504  0.361432   3
  1  1  0.938300 -0.102726 -0.130938  0.441234   2
  1  1  0.938300 -0.063222 -0.166563 -0.047489   1
  1  1  0.938300 -0.121628  0.003986  0.214484   2
  1  1  0.938300  0.080753  0.235289  0.201657   4
  1  1  0.938300 -0.133833 -0.105443  0.115574   3
  1  1  0.938300 -0.016507  0.153703 -0.152660   2
  1  1  0.938300  0.009127 -0.029863  0.387076   7
  1  1  0.938300  0.126183 -0.132698  0.100069   2
  1  0  0.938300 -0.049669 -0.018206  0.477973   5
  1  1  0.938300  0.119184  0.049209  0.076339   1
  1  1  0.938300  0.199254  0.168478  0.454670   2
  1  1  0.938300 -0.146654  0.098507  0.537962   4
  1  1  0.938300  0.076824  0.219342  0.265252   3
  1  1  0.938300  0.198326  0.346839  0.375125   3
  1  1  0.938300 -0.040653 -0.017165  0.286248   1
  1  1  0.938300 -0.012164 -0.139069  0.488067   2
  1  1  0.938300 -0.222924 -0.083368  0.120385   1
  1  1  0.938300 -0.136616  0.291782  0.452720   4
  1  1  0.938300  0.197136 -0.151409  0.562274   7
  1  1  0.938300  0.550613 -0.054056  0.397048   4
  1  1  0.938300 -0.009455 -0.006809  0.441339   3
  1  1  0.938300 -0.017464 -0.066521  0.081937   1
  1  1  0.938300 -0.142311  0.359705  0.310210   4
  1  1  0.938300 -0.416565 -0.162199  0.739692   6
  1  1  0.938300  0.349366  0.014584  0.738302   6
  1  1  0.938300 -0.098840  0.049703  0.194245   2
  1  1  0.938300  0.459693 -0.060405  0.603838   2
  1  1  0.938300  0.169561 -0.310894  0.203668   4
  1  1  0.938300 -0.076591 -0.128638  0.148024   2
  1  1  0.938300 -0.409498  0.016531 -0.051103   2
  1  1  0.938300  0.159194  0.002070  0.293572   2
  1  1  0.938300  0.257019  0.215843 -0.008677   4
  1  1  0.938300 -0.088441  0.028014  0.110132   3
  1  1  0.938300 -0.052386  0.227516  0.387081   2
  1  1  0.938300 -0.060675  0.366245  0.756332   2
  1  1  0.938300 -0.124123  0.033810  0.039634   1
  1  1  0.938300 -0.164154  0.041222  0.366603   2
  1  1  0.938300  0.205627 -0.076100  0.433784   3
  1  1  0.938300  0.025716 -0.021057 -0.011724   2
  1  1  0.938300 -0.369296 -0.335136  0.226280   3
  1  1  0.938300 -0.507526 -0.435302 -0.000118   5
  1  1  0.938300 -0.035323  0.085482 -0.020304   1
  1  1  0.938300  0.088464  0.087980  0.030977   1
  1  1  0.938300 -0.144556  0.172023  0.370997   4
  1  1  0.938300 -0.150501 -0.229144  0.606292   5
  1  1  0.938300 -0.089415  0.167431 -0.089095   2
  1  1  0.938300  0.153229 -0.083794  0.137237   5
  1  1  0.938300  0.151161 -0.310153  0.331457   3
  1  1  0.938300 -0.198317 -0.167769  0.143619   5
  1  1  0.938300 -0.182537  0.074143  0.362506   3
  1  1  0.938300  0.205191 -0.060697  0.041366   1
  1  1  0.938300  0.140971 -0.157282 -0.010828   1
  1  1  0.938300  0.096501 -0.292649  0.353023   3
  1  1  0.938300  0.293777  0.237561 -0.203179   3
  1  1  0.938300  0.118703 -0.034283  0.299952   4
  1  1  0.938300 -0.275736 -0.178726  0.159090   2
  1  1  0.938300  0.060568 -0.005905  0.026745   1
  1  1  0.938300  0.140190  0.031178  0.455552   8
  1  1  0.938300 -0.217225 -0.118396  0.438397   5
  1  1  0.938300 -0.004131  0.087509  0.245734   8
  1  0  0.938300  0.100496  0.361402  0.380045   2
  1  0  0.938300  0.297226 -0.458022 -0.018490   2
  1  0  0.938300  0.073780  0.027933  0.119805   1
  1  0  0.938300  0.099754  0.016155  0.688987   2
  1  0  0.938300 -0.086644  0.283046  0.340800   3
  1  0  0.938300  0.133490  0.276185  0.291320   2
  1  0  0.938300  0.351910 -0.109702  0.410235   5
  1  0  0.938300 -0.059475  0.045235  0.297194   4
  1  0  0.938300  0.294701 -0.285187 -0.033614   2
  1  0  0.938300 -0.109974  0.307695  0.103069   3
  1  0  0.938300  0.267050  0.307717  0.473510   3
  1  0  0.938300  0.007360 -0.034489  0.033041   1
  1  0  0.938300 -0.132341  0.186245 -0.019676   1
  1  0  0.938300  0.151522 -0.027072 -0.008354   2
  1  0  0.938300 -0.041412 -0.340869  0.165550   5
  1  0  0.938300 -0.016359  0.107706  0.208248   3
  1  0  0.938300  0.210807  0.022492  0.741093   4
  1  0  0.938300  0.027384  0.221866  0.783332   4
  1  0  0.938300  0.107014  0.473479  0.052622   3
  1  0  0.938300 -0.163103  0.360225  1.073499   3
  1  0  0.938300  0.157694  0.134081  0.564539   5
  1  0  0.938300  0.039727 -0.073276  0.224290   4
  1  0  0.938300  0.097014 -0.044349 -0.042896   1
  1  0  0.938300  0.034953  0.177568 -0.027584   1
  1  0  0.938300  0.125545 -0.170306  0.042527   4
  1  0  0.938300 -0.087296 -0.152916  0.318910   3
  1  0  0.938300  0.152282  0.183437  0.125505   2
  1  0  0.938300 -0.013098  0.246862  0.073132   2
  1  0  0.938300 -0.435418 -0.225531  0.138314   3
  1  0  0.938300  0.127436 -0.464268  0.107106   3
  1  0  0.938300 -0.183828 -0.114047  0.658594   3
  1  0  0.938300 -0.222732  0.042165  0.689735   4
  1  0  0.938300  0.038394  0.034550 -0.067158   1
  1  0  0.938300 -0.192587  0.297314  0.270498   5
  1  0  0.938300  0.146664 -0.422010  0.534578   3
  1  0  0.938300  0.172870 -0.197655  0.597340   7
  1  0  0.938300 -0.085318 -0.019214 -0.084629   1
  1  0  0.938300  0.076422  0.011236  0.112305   1
  1  0  0.938300  0.459880  0.030912  0.181456   3
  1  0  0.938300  0.035922 -0.080108  0.452649   2
  1  0  0.938300 -0.175617  0.239278  0.313499   2
  1  0  0.938300  0.129147  0.031280  0.414116   3
  1  0  0.938300 -0.466429 -0.375707  0.103902   3
  1  0  0.938300  0.574382 -0.317208  1.094452   4
  1  0  0.938300  0.110946 -0.193707  0.144042   3
  1  0  0.938300 -0.089522 -0.375772  0.317311   3
  1  0  0.938300 -0.295189 -0.166163  0.372652   2
  1  0  0.938300  0.241375  0.385954  0.442120   5
  1  0  0.938300  0.252069 -0.085642  0.032365   1
  1  0  0.938300 -0.077388 -0.026955  0.513523   4
  1  0  0.938300  0.024466  0.015625  0.175883   1
  1  0  0.938300 -0.001254  0.095589  0.147754   4
  1  0  0.938300 -0.107109 -0.051828  0.629249   6
  1  0  0.938300  0.004570  0.056072  0.535254   3
  1  0  0.938300 -0.061932 -0.050927 -0.063091   1
  1  0  0.938300  0.206298 -0.005365  0.253385   4
  1  0  0.938300  0.236115  0.253685  0.018966   2
  1  0  0.938300  0.392185 -0.178366  0.609868   4
  1  0  0.938300 -0.101905  0.061236  0.415564   6
  1  0  0.938300  0.050848  0.250888  0.396705   7
  1  0  0.938300  0.140093  0.327870  0.060396   2
  1  0  0.938300 -0.184508  0.332887  0.120379   3
  1  0  0.938300 -0.186229  0.065525  0.424160   4
  1  0  0.938300 -0.224081  0.152744  0.261559   2
  1  0  0.938300  0.073559  0.021375  0.276285   5
  1  0  0.938300 -0.096087  0.009569  0.128096   6
  1  0  0.938300 -0.086967 -0.112439  0.445857   3
  1  0  0.938300 -0.078843 -0.016505  0.019280   1
  1  0  0.938300  0.357946 -0.205039  0.242477   4
  1  0  0.938300 -0.028023  0.081493  0.171891   5
  1  0  0.938300  0.709116 -0.071033  0.466138   4
  1  0  0.938300 -0.043871 -0.075523  0.232912   1
  1  0  0.938300 -0.076586 -0.069351  0.029329   1
  1  0  0.938300  0.114790  0.161737 -0.101030   3
  1  0  0.938300  0.195090  0.255207  0.057785   3
  1  0  0.938300  0.503901 -0.048263  0.136680   2
  1  0  0.938300 -0.032389 -0.175184  0.470316   3
  1  0  0.938300  0.113282 -0.046104  0.264260   2
  1  0  0.938300 -0.002706  0.195819  0.377541   2
  1  0  0.938300  0.079917 -0.139932  0.199663   2
  1  0  0.938300  0.058367 -0.215130  0.009953   8
  1  0  0.938300 -0.102061  0.029068  0.456673   4
  1  0  0.938300  0.402000  0.135597  0.359739   3
  1  0  0.938300  0.012369 -0.164854  0.096145   4
  1  0  0.938300 -0.311131 -0.145493  0.285648   4
  1  0  0.938300  0.123685 -0.347080  0.286839   2
  1  0  0.938300  0.061576  0.282335  0.493625   3
  1  0  0.938300  0.007586 -0.280792  0.442111   2
  1  0  0.938300  0.043688  0.445736  0.683195   4
  1  0  0.938300  0.053366 -0.051880  0.057145   1
  1  0  0.938300 -0.301953 -0.253462  0.348588   3
  1  0  0.938300  0.266229  0.361861  0.308287   4
  1  0  0.938300 -0.054285 -0.156714  0.099179   4
  1  0  0.938300 -0.136806 -0.043757  0.368049   5
  1  0  0.938300 -0.168456 -0.121764  0.601410   3
  1  0  0.938300  0.090294 -0.442988  0.216126   3
  1  0  0.938300  0.156790  0.132347  0.759586   4
  1  0  0.938300  0.116405  0.023329  0.526620   5
  1  0  0.938300 -0.006821 -0.145059  0.177375   2
  1  0  0.938300  0.043213  0.350610  0.160473   4
  1  0  0.938300  0.173325  0.366644  0.310376   2
  1  0  0.938300 -0.047982  0.007523  0.043438   5
  1  0  0.938300 -0.175742  0.323979  0.551849   4
  1  0  0.938300  0.220939  0.103764 -0.078847   1
  1  0  0.938300  0.210974  0.014453  0.319050   3
  1  0  0.938300  0.155688 -0.128674  0.545915   5
  1  0  0.938300 -0.116404  0.060994  0.469414   9
  1  0  0.938300 -0.029388  0.126674  0.253633   5
  1  0  0.938300  0.139423 -0.443996  0.355053   2
  1  0  0.938300  0.009180  0.054567  0.331656   2
  1  0  0.938300 -0.108052  0.135997  0.491071   2
  1  0  0.938300  0.073512  0.120217  0.092744   1
  1  0  0.938300 -0.034349 -0.078084 -0.048780   3
  1  0  0.938300  0.107343 -0.170597  0.415221   3
  1  0  0.938300 -0.352674  0.049775  0.417494   4
  1  0  0.938300  0.330505 -0.305713  0.319503   7
  1  0  0.938300  0.089896  0.300242  0.233159   2
  1  0  0.938300 -0.066530 -0.122676  0.009335   1
  1  1  0.938300  0.156143  0.068171  0.727767  -1
  1  1  0.938300 -0.164030  0.006600  0.446613  -1
  1  1  0.938300 -0.164227  0.021216  0.086858  -3
  1  1  0.938300  0.283574  0.072051  0.278198  -3
  1  1  0.938300 -0.025973  0.413488  0.376239  -3
  1  1  0.938300 -0.030396  0.115274  0.580753  -2
  1  1  0.938300 -0.247255  0.557670  0.427638  -2
  1  1  0.938300  0.286489  0.003607  0.506449  -3
  1  1  0.938300 -0.243774  0.179089  0.540633  -2
  1  1  0.938300 -0.232797 -0.188895  0.209311  -3
  1  1  0.938300 -0.013183  0.176439 -0.028603  -3
  1  1  0.938300 -0.286676 -0.333247  0.248559  -2
  1  1  0.938300  0.079751  0.089631  0.590712  -1
  1  1  0.938300  0.116432 -0.005617  0.815197  -2
  1  1  0.938300  0.223465  0.322292  0.620932  -5
  1  1  0.938300 -0.004443 -0.214940  0.626383  -2
  1  1  0.938300 -0.292775  0.245841  0.253269  -3
  1  1  0.938300  0.238018 -0.213662  0.601446  -4
  1  1  0.938300  0.195458 -0.139830  0.438884  -2
  1  1  0.938300 -0.094110 -0.193338 -0.169331  -2
  1  1  0.938300  0.127624 -0.162419  0.463169  -1
  1  1  0.938300  0.427944 -0.381713  0.715583  -6
  1  1  0.938300 -0.121776 -0.381528  0.380681  -2
  1  1  0.938300  0.074282 -0.137117  0.190850  -3
  1  1  0.938300 -0.366644 -0.207254  0.084882  -3
  1  1  0.938300  0.270735  0.250741  0.790405  -6
  1  1  0.938300  0.037381  0.065364  0.630130  -1
  1  1  0.938300 -0.435465 -0.208302  0.573648  -2
  1  1  0.938300 -0.092669 -0.070434  0.518015  -1
  1  1  0.938300 -0.107699 -0.008833  0.497491  -4
  1  1  0.938300  0.162482 -0.087399  0.750021  -2
  1  1  0.938300  0.076710  0.111780  0.537596  -1
  1  1  0.938300 -0.048083  0.099306  0.841417  -1
  1  1  0.938300  0.028883  0.254373  0.776995  -1
  1  1  0.938300 -0.182608  0.297096  0.215598  -2
  1  1  0.938300 -0.217665  0.199785  0.494154  -4
  1  1  0.938300  0.093552  0.077486  0.912656  -1
  1  1  0.938300 -0.271410 -0.060945  0.510767  -3
  1  1  0.938300 -0.108139 -0.279219  0.352387  -2
  1  0  0.938300 -0.225515  0.109470  0.569411  -2
  1  1  0.938300 -0.206620 -0.494629  0.142832  -3
  1  1  0.938300 -0.113239 -0.427715  0.308817  -6
  1  1  0.938300 -0.098511 -0.012950  0.141558  -5
  1  1  0.938300 -0.341855 -0.211817  0.451269  -3
  1  1  0.938300 -0.070861 -0.028807  0.858816  -7
  1  1  0.938300  0.119023 -0.308616  0.739571  -3
  1  1  0.938300  0.064184 -0.300580 -0.063334  -4
  1  1  0.938300 -0.079170 -0.274775  0.262000  -3
  1  1  0.938300  0.218086  0.031442  0.212836  -2
  1  1  0.938300 -0.095590 -0.550665  0.324532  -9
  1  1  0.938300 -0.211786 -0.478012  0.205860  -2
  1  1  0.938300  0.394338 -0.164551  0.392913  -3
  1  1  0.938300 -0.014323  0.164526  0.336661  -7
  1  1  0.938300  0.061666  0.157022  0.531555  -2
  1  1  0.938300  0.053716  0.117503  0.011438  -3
  1  1  0.938300 -0.479211 -0.145207  0.662252  -6
  1  1  0.938300  0.142888  0.114598  0.345899  -2
  1  1  0.938300 -0.035899  0.220727  0.507344  -2
  1  1  0.938300 -0.093084 -0.038241  0.684721  -2
  1  0  0.938300  0.035260 -0.107349  0.072473  -9
  1  1  0.938300  0.083661 -0.150237  0.007908  -2
  1  1  0.938300  0.159017 -0.213083  0.339228  -2
  1  1  0.938300 -0.048158 -0.216245  0.514440  -5
  1  1  0.938300 -0.069822 -0.075765  0.509086  -1
  1  1  0.938300  0.033531  0.008879  0.519726  -2
  1  1  0.938300  0.197214  0.339310  0.363542  -6
  1  1  0.938300 -0.371683 -0.101332  0.404406  -2
  1  1  0.938300 -0.120554 -0.434158  0.440206  -5
  1  1  0.938300 -0.400388 -0.009132  0.020883  -6
  1  1  0.938300 -0.244139  0.103651  0.450662  -2
  1  1  0.938300  0.183311 -0.096947  0.442657  -2
  1  1  0.938300 -0.113270 -0.023621  0.373609  -2
  1  1  0.938300  0.019964  0.055153  0.639393  -1
  1  1  0.938300  0.052180  0.163843  0.345233  -2
  1  1  0.938300 -0.469693 -0.059116  0.900742  -2
  1  1  0.938300 -0.024861 -0.011528  0.597495  -1
  1  1  0.938300 -0.020258 -0.125750  0.235994  -3
  1  1  0.938300  0.186721  0.026502  0.617784  -1
  1  1  0.938300  0.048922  0.011830  0.240848  -3
  1  0  0.938300  0.194269 -0.034405  0.786395  -1
  1  0  0.938300 -0.013199 -0.130331  0.341720  -3
  1  0  0.938300 -0.064119 -0.274653  0.244129  -4
  1  0  0.938300  0.065388  0.052297  0.829859  -1
  1  0  0.938300 -0.068769 -0.391031  0.536704  -4
  1  0  0.938300  0.386918  0.047363  0.297035  -2
  1  0  0.938300  0.353788 -0.052952  0.443833  -3
  1  0  0.938300 -0.189459  0.135117  0.322590  -5
  1  0  0.938300  0.017814 -0.220641  0.363523  -2
  1  0  0.938300  0.051106 -0.139683  0.580470  -1
  1  0  0.938300 -0.197222  0.032774  0.461652  -4
  1  0  0.938300  0.117577  0.031806  0.669939  -4
  1  0  0.938300  0.030508  0.116282  0.555362  -1
  1  0  0.938300 -0.145004 -0.046399  0.658435  -1
  1  0  0.938300 -0.209813 -0.214682  0.054193  -7
  1  0  0.938300 -0.469971 -0.305355  0.212888  -2
  1  0  0.938300 -0.045606  0.121056  0.595666  -2
  1  0  0.938300  0.219696  0.670436  0.738640  -5
  1  0  0.938300  0.291068 -0.095184  0.520823  -2
  1  1  0.938300 -0.073504  0.041947  0.378220  -4
  1  0  0.938300 -0.088581  0.038036  0.640254  -1
  1  0  0.938300 -0.059469  0.099187  0.620689  -1
  1  1  0.938300  0.355145 -0.388092  0.727543  -8
  1  0  0.938300 -0.272890  0.137282  0.141838  -3
  1  0  0.938300  0.102763 -0.008116  0.238453  -3
  1  0  0.938300  0.124315  0.126029  0.486080  -7
  1  0  0.938300 -0.134531 -0.041039 -0.257356  -3
  1  0  0.938300 -0.464840 -0.201280  0.145038  -3
  1  0  0.938300  0.170322 -0.209990  0.536299  -4
  1  0  0.938300  0.480490  0.048326  0.496570  -3
  1  0  0.938300  0.155366  0.041444  0.604386  -2
  1  0  0.938300 -0.174913  0.013594  0.833422  -1
  1  0  0.938300  0.105447  0.001240  0.007992  -4
  1  0  0.938300  0.282583 -0.103426  0.275259  -6
  1  0  0.938300  0.023264  0.199504  0.883705  -2
  1  0  0.938300 -0.010019 -0.188780  0.862453  -1
  1  0  0.938300 -0.086506  0.061117  0.261746  -3
  1  0  0.938300 -0.595568 -0.179952  0.460396  -4
  1  0  0.938300  0.146505  0.083222  0.776943  -1
  1  0  0.938300 -0.084081 -0.102930 -0.043744  -2
  1  0  0.938300  0.006431 -0.028589  0.264448  -8
  1  0  0.938300  0.253939  0.002723  0.603610  -1
  1  0  0.938300 -0.183615  0.200072  0.628246  -3
  1  0  0.938300 -0.133788 -0.098221  0.408002  -3
  1  0  0.938300  0.238568 -0.008547  0.642522  -4
  1  0  0.938300  0.082478 -0.157886  0.803089  -1
  1  0  0.938300  0.044996 -0.030831  0.215358  -1
  1  1  0.938300 -0.344454  0.190247  0.422735  -3
  1  0  0.938300  0.137802  0.233385  0.460245  -2
  1  0  0.938300 -0.327869  0.118506  0.232753  -3
  1  0  0.938300  0.075888 -0.082802  0.669639  -1
  1  0  0.938300  0.147077 -0.280306  0.754814  -2
  1  0  0.938300 -0.054874 -0.029688  0.601673  -1
  1  0  0.938300  0.070543  0.166842  0.250871  -5
  1  0  0.938300  0.333249 -0.271374  0.380150  -6
  1  0  0.938300  0.231343 -0.049051  0.517523  -2
  1  0  0.938300  0.002160 -0.021022  0.375673  -3
  1  0  0.938300  0.175700  0.111969  0.707316  -1
  1  0  0.938300 -0.402169 -0.007796  0.372692  -3
  1  0  0.938300 -0.450381  0.071811  0.613490  -3
  1  0  0.938300 -0.090079 -0.259039 -0.175985  -3
  1  0  0.938300  0.362902 -0.000277  0.758411  -3
  1  0  0.938300  0.000152 -0.059137  0.024242  -4
  1  0  0.938300  0.114011  0.173207  0.748911  -1
  1  0  0.938300 -0.230954  0.034910  0.315345  -2
  1  0  0.938300 -0.067039  0.403759  0.522283  -3
  1  0  0.938300  0.099046  0.053895  0.672715  -1
  1  0  0.938300 -0.024120 -0.123409  0.739203  -2
  1  0  0.938300  0.109958 -0.214624  0.552984  -1
  1  0  0.938300 -0.197877  0.123942  0.158773  -3
  1  0  0.938300  0.315664 -0.172849  0.387327  -3
  1  0  0.938300 -0.127122  0.075366  0.333038  -2
  1  0  0.938300  0.044620  0.381544  0.641820  -6
  1  0  0.938300  0.128410 -0.111775  0.542445  -3
  1  0  0.938300  0.128346  0.082888  0.443246  -1
  1  0  0.938300  0.183047 -0.374976  0.522683  -3
  1  0  0.938300 -0.002260  0.031641  0.626807  -1
  1  0  0.938300 -0.115710 -0.032312  0.475360  -6
  1  0  0.938300 -0.352312  0.090074  0.587115  -2
  1  0  0.938300  0.068267  0.049479  0.373233  -3
  1  0  0.938300 -0.325139  0.232056  0.526043  -3
  1  0  0.938300  0.217759  0.018095  0.260968  -9
  1  0  0.938300  0.129563  0.161620  0.506220  -4
  1  0  0.938300  0.052794  0.091305  0.194135  -7
  1  0  0.938300 -0.206795 -0.003045  0.458584  -2
  1  0  0.938300 -0.085937  0.045249  0.502854  -7
  1  0  0.938300  0.057135  0.328946  0.696641  -2
  1  0  0.938300 -0.294205  0.290628  0.514868  -2
  1  0  0.938300  0.137840  0.225779  0.573376  -2
  1  0  0.938300  0.117018  0.437671  0.518792  -2
  1  0  0.938300  0.028645  0.016379  0.601031  -1
  1  0  0.938300 -0.051812 -0.499756  0.886587  -4
  1  0  0.938300  0.104642  0.232377  0.720723  -2
  1  0  0.938300 -0.030680  0.039579  0.826826  -1
  1  0  0.938300  0.427570  0.171938  0.755936  -3
  1  0  0.938300  0.115944  0.261327  0.624474  -3
  1  0  0.938300 -0.153356  0.017579  0.631790  -4
  1  0  0.938300 -0.190251  0.099657  0.171975  -6
  1  0  0.938300  0.072022  0.057135  0.809546  -1
  1  0  0.938300  0.109075  0.136284  0.684421  -1
  1  0  0.938300 -0.001651  0.218992  0.358553  -4
  1  0  0.938300 -0.237360  0.223553  1.084302  -5
  1  0  0.938300  0.134565  0.173005  0.415922  -2
  1  0  0.938300 -0.220534 -0.233894  0.203870  -5
  1  0  0.938300 -0.193182  0.430574  0.794989  -2
  1  0  0.938300 -0.110782 -0.075598  0.577342  -1
  1  0  0.938300 -0.057999 -0.120676  0.856592  -5
  1  0  0.938300  0.142721 -0.098843  0.732178  -1
  1  0  0.938300 -0.029281 -0.000680  0.222310  -5
  1  0  0.938300  0.026541  0.095300  0.225876  -2
  1  0  0.938300  0.148243  0.145247  0.194791  -5
  1  0  0.938300 -0.032274  0.253306  0.219692  -7
  1  0  0.938300 -0.204610  0.106907  0.193667  -5
  1  0  0.938300 -0.111811 -0.033997  0.392366  -2
  1  0  0.938300  0.013683 -0.006967  0.135615  -2
  1  0  0.938300 -0.101904 -0.055400  0.322980  -6
  1  1  0.938300 -0.106037 -0.288423  0.287245  -3
  1  0  0.938300 -0.392964  0.322075  0.237368  -3