  1  1  0.938300  0.627628 -0.017202  0.411491   6
  1  1  0.938300  0.255514  0.566664  0.518113   4
  1  1  0.938300 -0.212867 -0.154483  0.378834  10
  1  1  0.938300 -0.061752 -0.075075  0.037710   1
  1  1  0.938300  0.241246 -0.018346  0.208086   4
  1  1  0.938300 -0.211783 -0.066798  0.399375   5
  1  1  0.938300 -0.207201 -0.110475  0.885342   3
  1  1  0.938300  0.005787 -0.256652  0.282692   4
  1  1  0.938300  0.036563 -0.106057  0.021513   1
  1  0  0.938300  0.171488  0.104362  0.041346   6
  1  1  0.938300 -0.473210 -0.038062  0.158103   2
  1  1  0.938300 -0.207113 -0.033523  0.058755   8
  1  1  0.938300  0.589371 -0.151443  0.535961   4
  1  1  0.938300 -0.074821  0.209457  0.096609   5
  1  1  0.938300  0.069926 -0.407480  0.155182   3
  1  1  0.938300 -0.061611 -0.203283 -0.052803   1
  1  1  0.938300 -0.045886 -0.078739  0.350310   5
  1  1  0.938300 -0.124657 -0.227873  0.498528   3
  1  1  0.938300 -0.086803  0.327963  0.291798   2
  1  1  0.938300 -0.080638  0.147755  0.024110   1
  1  1  0.938300  0.017878  0.322280  0.247510   3
  1  1  0.938300 -0.252783  0.142182  0.105889   2
  1  1  0.938300 -0.262907  0.549569  0.284695   3
  1  1  0.938300  0.527047  0.293173 -0.003911   5
  1  1  0.938300 -0.031207  0.259670  0.646254   3
  1  0  0.938300  0.095530 -0.092365  0.147722   5
  1  1  0.938300 -0.109378 -0.060769  0.440235   3
  1  1  0.938300  0.111193 -0.086930  0.126580   6
  1  1  0.938300 -0.100479 -0.037476  0.319006   4
  1  1  0.938300  0.049336 -0.347141  0.277991   3
  1  1  0.938300  0.162200  0.479748  0.494798   3
  1  1  0.938300  0.172147 -0.007061  0.195959   2
  1  1  0.938300 -0.213099  0.524287  0.471903   3
  1  1  0.938300 -0.170654  0.331922  0.398811   5
  1  1  0.938300 -0.120815 -0.161145  0.642514   3
  1  1  0.938300  0.388799 -0.197670  0.026544   2
  1  1  0.938300  0.358265  0.096007  0.225928   2
  1  1  0.938300  0.217833 -0.109516  0.028989   2
  1  1  0.938300 -0.478508 -0.116326  0.203897   4
  1  1  0.938300  0.006510 -0.194554  0.566750   2
  1  1  0.938300  0.018982 -0.131990  0.341164   4
  1  1  0.938300 -0.393953 -0.133112  0.627237   3
  1  1  0.938300 -0.107811  0.245030  0.125160   2
  1  1  0.938300  0.019298 -0.298441 -0.047345   2
  1  1  0.938300  0.020625  0.060879  0.171705   3
  1  1  0.938300 -0.215546 -0.070063  0.400196   3
  1  1  0.938300 -0.183626 -0.311908  0.280731   3
  1  1  0.938300 -0.318902 -0.062736  0.258995   2
  1  1  0.938300 -0.147947 -0.123746  0.063131   1
  1  1  0.938300 -0.136238  0.220996  0.191706   1
  1  1  0.938300  0.048844 -0.128967  0.274781   1
  1  1  0.938300 -0.181117  0.065054  0.533127   3
  1  1  0.938300  0.218162  0.187024  0.298138   4
  1  1  0.938300 -0.039819 -0.129497  0.138033   3
  1  1  0.938300 -0.137329  0.262084  0.876370   2
  1  1  0.938300  0.076231 -0.297151  0.546252   2
  1  1  0.938300 -0.256872 -0.396752  0.379628   2
  1  1  0.938300 -0.017374 -0.188977  0.554146   4
  1  1  0.938300  0.266973  0.077046  0.122554   3
  1  1  0.938300  0.128029  0.025312  0.015553   1
  1  1  0.938300 -0.020032  0.020266  0.573179   4
  1  1  0.938300 -0.559858 -0.253465  0.110451   5
  1  1  0.938300 -0.070477 -0.136769  0.695201   5
  1  1  0.938300 -0.023657  0.190488  0.170240   2
  1  1  0.938300  0.183241 -0.036301  0.441304   3
  1  1  0.938300  0.209309 -0.013917  0.217297   1
  1  1  0.938300 -0.029079  0.035650  0.406441   2
  1  1  0.938300  0.119033 -0.185382  0.698391   4
  1  1  0.938300 -0.131114  0.019998  0.312888   3
  1  1  0.938300 -0.329058 -0.023203  0.289346   4
  1  1  0.938300 -0.156432 -0.357112  0.065126   6
  1  1  0.938300 -0.089691 -0.004970  0.065697   5
  1  1  0.938300 -0.034437  0.143105  0.261802   2
  1  1  0.938300 -0.062491 -0.133712  0.031015   5
  1  1  0.938300 -0.016914 -0.084127 -0.064272   1
  1  1  0.938300 -0.317885  0.094002  0.228750   4
  1  1  0.938300  0.039654  0.141456  0.310832   2
  1  1  0.938300 -0.040945 -0.082111 -0.002577   3
  1  1  0.938300 -0.065107 -0.125754  0.996193   4
  1  0  0.938300 -0.002061 -0.200738  0.715719   7
  1  0  0.938300  0.530075 -0.042721  0.107822   2
  1  0  0.938300 -0.087101  0.083263  0.351564   2
  1  0  0.938300 -0.090131  0.237588  0.166604   4
  1  0  0.938300  0.124954  0.149271  0.618874   6
  1  0  0.938300  0.029684 -0.293514  0.133900   4
  1  0  0.938300  0.436896  0.163646 -0.179356   2
  1  0  0.938300  0.243848  0.073534  0.148033   2
  1  0  0.938300 -0.183698  0.039694  0.659442   5
  1  1  0.938300  0.147768  0.264580  0.690476   3
  1  0  0.938300  0.288061 -0.049861  0.411517   2
  1  0  0.938300 -0.083361 -0.040614  0.348840   3
  1  0  0.938300 -0.036971  0.040530  0.105512   1
  1  0  0.938300  0.014854 -0.107702  0.111443   1
  1  0  0.938300  0.039397  0.026664  0.380402   6
  1  0  0.938300  0.227044  0.122783  0.212546   4
  1  0  0.938300  0.301374  0.079135  0.429321   2
  1  0  0.938300  0.167535 -0.216948  0.040564   3
  1  0  0.938300 -0.118370 -0.137179  0.012332   3
  1  0  0.938300  0.009077  0.091748  0.500681   7
  1  0  0.938300 -0.115584 -0.372621  0.048047   2
  1  0  0.938300 -0.246804  0.209418  0.399875   4
  1  0  0.938300  0.266710  0.419558  0.392951   4
  1  0  0.938300  0.245499 -0.165922  0.104290   6
  1  0  0.938300 -0.209138 -0.200068  0.912864   5
  1  0  0.938300 -0.268960  0.072952  0.187998   2
  1  0  0.938300  0.164388 -0.220075  0.210079   4
  1  0  0.938300  0.209584  0.171925  0.663522   7
  1  0  0.938300 -0.066750  0.109531  0.155744   1
  1  0  0.938300 -0.061269  0.091801  0.156487   2
  1  0  0.938300  0.022180 -0.020542 -0.114590   1
  1  0  0.938300 -0.380562 -0.375611  0.181537   3
  1  0  0.938300 -0.227643 -0.440688  0.350865   5
  1  0  0.938300 -0.046531  0.057629  0.277233   3
  1  0  0.938300 -0.119360 -0.292800  0.367592   3
  1  0  0.938300 -0.568682 -0.095384  0.148796   7
  1  0  0.938300 -0.199725 -0.239805  0.147104   5
  1  0  0.938300  0.214618 -0.078859  0.391862   6
  1  0  0.938300  0.006455  0.067865  0.388760   8
  1  0  0.938300 -0.023267  0.076564  0.212289   2
  1  0  0.938300 -0.074770 -0.115680  0.265816   6
  1  0  0.938300 -0.035402  0.059811  0.172144   6
  1  0  0.938300 -0.147822  0.013929  0.278438   5
  1  0  0.938300  0.234949 -0.089485  0.481918   4
  1  0  0.938300 -0.205889 -0.001798  0.215667   3
  1  0  0.938300 -0.207994 -0.060577  0.326070   5
  1  0  0.938300  0.174349  0.115037  0.152713   1
  1  0  0.938300 -0.042931  0.056672  0.315001   3
  1  0  0.938300 -0.385335  0.091487  0.150890   2
  1  0  0.938300  0.054506 -0.216819  0.681639   3
  1  0  0.938300 -0.007203 -0.031470  0.392200   1
  1  0  0.938300 -0.383516 -0.189639  0.167032   3
  1  0  0.938300  0.550176 -0.054831  0.318425   2
  1  0  0.938300 -0.299195  0.076716  0.245623   4
  1  0  0.938300  0.002513 -0.268561  0.207967   2
  1  0  0.938300  0.260897 -0.311190  0.754364   3
  1  0  0.938300  0.230811 -0.163209  0.486605   3
  1  0  0.938300  0.180925 -0.184322  0.250856   3
  1  0  0.938300 -0.350006 -0.128987  0.711425   3
  1  0  0.938300 -0.101276 -0.086289  0.055976   1
  1  0  0.938300  0.174720  0.001304  0.411059   2
  1  0  0.938300  0.060005 -0.189467  0.136678   3
  1  0  0.938300  0.262481  0.347986  0.175182   3
  1  0  0.938300  0.053813 -0.046699  0.142336   8
  1  0  0.938300 -0.019345  0.003273 -0.049146   1
  1  0  0.938300 -0.081948 -0.107594  0.364002   2
  1  0  0.938300  0.055740  0.020459  0.033301   1
  1  0  0.938300 -0.174842 -0.049164  0.487984   4
  1  0  0.938300 -0.173111 -0.192779  0.326648   6
  1  0  0.938300 -0.356767  0.348019  0.554051   4
  1  1  0.938300 -0.032290 -0.082193  0.535123   2
  1  0  0.938300  0.317642 -0.378870  0.636607   3
  1  0  0.938300 -0.179709 -0.046099  0.582707   5
  1  0  0.938300  0.131787 -0.274793  0.431108   3
  1  0  0.938300  0.177974  0.200379  0.740534   7
  1  0  0.938300  0.152547  0.002161  0.429018   5
  1  0  0.938300  0.015273 -0.030401 -0.085539   1
  1  0  0.938300 -0.274161  0.240315  0.509935   3
  1  0  0.938300 -0.010893 -0.334681 -0.148092   2
  1  0  0.938300  0.011905  0.001784  0.480306   7
  1  0  0.938300  0.018136  0.021501  0.326989   4
  1  0  0.938300 -0.375636 -0.116147  0.397455   2
  1  0  0.938300  0.031943  0.406328  0.722786   2
  1  0  0.938300  0.027324 -0.051745  0.192492   3
  1  0  0.938300  0.236404  0.190196  0.415566   2
  1  1  0.938300  0.108181  0.097978  0.157263   8
  1  0  0.938300 -0.188211  0.391730  0.401295   2
  1  0  0.938300  0.320995  0.353981  0.330115   3
  1  0  0.938300  0.190859 -0.003017  0.469623   3
  1  0  0.938300 -0.038070  0.004097  0.113948   2
  1  0  0.938300 -0.124842 -0.136366  0.279881   2
  1  0  0.938300 -0.183136  0.180485  0.497669   2
  1  0  0.938300 -0.108849 -0.172447  0.414250   6
  1  0  0.938300  0.190197  0.035235  0.404807   3
  1  0  0.938300 -0.232561  0.053052  0.417658   5
  1  0  0.938300  0.059846  0.221561  0.419461   3
  1  0  0.938300  0.014496 -0.171347  0.761738   3
  1  0  0.938300  0.009052 -0.093726  0.620558   2
  1  0  0.938300  0.097326 -0.113479  0.305085   2
  1  0  0.938300 -0.309896 -0.115760  0.347731   4
  1  0  0.938300 -0.147883 -0.192248 -0.043623   5
  1  0  0.938300 -0.192234  0.160143  0.157472   1
  1  0  0.938300 -0.298657 -0.162576  0.376919   2
  1  0  0.938300  0.273007 -0.004485  0.669531   7
  1  0  0.938300  0.215172  0.283096  0.582669   2
  1  0  0.938300 -0.059083  0.090493  0.238684   5
  1  0  0.938300  0.148778  0.283457  0.012817   2
  1  0  0.938300  0.078568  0.217278  0.437814   4
  1  0  0.938300 -0.007096  0.009058 -0.111473   1
  1  0  0.938300  0.159055  0.435448  0.397851   2
  1  0  0.938300  0.085140  0.276595  0.362075   5
  1  0  0.938300  0.146570  0.294088  0.501032   4
  1  0  0.938300  0.010207 -0.021423 -0.006723   1
  1  0  0.938300  0.614890  0.168248  0.238875   5
  1  0  0.938300 -0.220592 -0.103322  0.460496   2
  1  0  0.938300  0.181613 -0.110787  0.475177   2
  1  0  0.938300 -0.060059 -0.109813  0.155718   1
  1  0  0.938300  0.369610 -0.159769  0.076101   2
  1  1  0.938300  0.432778 -0.274664  0.289798  -4
  1  1  0.938300  0.005809  0.194489  0.243386  -2
  1  1  0.938300 -0.029399  0.053761  0.353488  -4
  1  1  0.938300  0.012805 -0.511851  0.750108  -5
  1  1  0.938300  0.124983  0.000043  0.442919  -2
  1  1  0.938300  0.102773 -0.124380  0.203381  -7
  1  1  0.938300 -0.029311  0.137473  0.189078  -2
  1  1  0.938300  0.098068  0.098151  0.767089  -1
  1  1  0.938300 -0.090451  0.042356  0.626359  -1
  1  1  0.938300 -0.096071 -0.190174  0.403288  -2
  1  1  0.938300 -0.060002 -0.225530  0.067368  -5
  1  1  0.938300 -0.195689 -0.106905  0.548106  -2
  1  1  0.938300  0.343656 -0.018862  0.157931  -2
  1  1  0.938300  0.175363  0.624725  0.460147  -3
  1  1  0.938300  0.146005  0.070516  0.367836  -2
  1  0  0.938300 -0.142720  0.166602  0.494407  -7
  1  1  0.938300 -0.388397  0.233945  0.316660  -2
  1  1  0.938300  0.101876  0.011950  0.295014  -4
  1  1  0.938300  0.251370  0.401528  0.062516  -5
  1  1  0.938300  0.203669 -0.249126 -0.004700  -3
  1  1  0.938300  0.081611  0.118868  0.785791  -2
  1  1  0.938300  0.239352  0.014838  0.515163  -2
  1  1  0.938300  0.143254  0.116802  0.406299  -3
  1  1  0.938300  0.194585  0.130879  0.755745  -2
  1  1  0.938300  0.066713 -0.088849  0.795288  -1
  1  1  0.938300 -0.141578 -0.200888  0.689372  -1
  1  1  0.938300  0.312478  0.334122  0.173789  -5
  1  1  0.938300  0.040179 -0.287551  0.765830  -6
  1  1  0.938300 -0.035774 -0.120271  0.032523  -9
  1  1  0.938300  0.225135 -0.040386  0.735622  -3
  1  1  0.938300 -0.194085  0.003213  0.581867  -3
  1  1  0.938300 -0.053176 -0.317134  0.053071  -4
  1  1  0.938300 -0.023472 -0.265187  0.471402  -4
  1  1  0.938300 -0.167355  0.129020  0.207857  -5
  1  1  0.938300  0.459880  0.116685  0.439805  -4
  1  1  0.938300  0.093774  0.168434  0.643074  -1
  1  1  0.938300  0.039653  0.017748  0.744689  -1
  1  1  0.938300  0.163851 -0.049894  0.611159  -4
  1  1  0.938300 -0.061833 -0.215740  0.074306  -4
  1  1  0.938300  0.175993 -0.381181  0.045416  -6
  1  1  0.938300  0.346449  0.002214  0.105265  -2
  1  1  0.938300  0.210791 -0.129291  0.695069  -5
  1  1  0.938300 -0.017793  0.191239  0.424704  -4
  1  1  0.938300  0.211723  0.086612  0.331268  -6
  1  1  0.938300 -0.372661  0.048332  0.544253  -7
  1  1  0.938300  0.335530  0.271825  0.577366  -5
  1  1  0.938300 -0.110530  0.028911  0.660026  -1
  1  1  0.938300 -0.107224  0.032956  0.140210  -3
  1  1  0.938300 -0.098104 -0.285419  0.409772  -4
  1  1  0.938300  0.142467 -0.219454  0.650308  -1
  1  1  0.938300 -0.002900  0.130368  0.378365  -1
  1  1  0.938300  0.239070  0.009163  0.374018  -3
  1  1  0.938300 -0.191571  0.486596  0.622754  -3
  1  1  0.938300 -0.159609  0.069967  0.449625  -2
  1  1  0.938300 -0.042921 -0.212168  0.129001  -4
  1  1  0.938300  0.434963  0.153344  0.289425  -7
  1  1  0.938300  0.388432  0.121907  0.376835  -3
  1  1  0.938300  0.053410  0.104119  0.630507  -2
  1  1  0.938300  0.202649 -0.038088  0.383707  -3
  1  1  0.938300  0.352050 -0.030757  0.260075  -4
  1  1  0.938300  0.138625 -0.322028  0.434120  -8
  1  1  0.938300  0.181401 -0.010814  0.355953  -6
  1  1  0.938300 -0.196123  0.058826  0.194619  -5
  1  1  0.938300  0.025641 -0.344276  0.394971  -2
  1  1  0.938300  0.042111  0.032096  0.408903  -2
  1  1  0.938300  0.466528 -0.090780  0.319019  -5
  1  1  0.938300 -0.301464 -0.028291  0.238279  -3
  1  1  0.938300 -0.124538  0.463015  0.818428  -4
  1  1  0.938300 -0.325668 -0.044974  0.517473  -4
  1  1  0.938300  0.153798  0.133347  0.040131  -4
  1  1  0.938300  0.191079  0.003237  0.596369  -6
  1  1  0.938300 -0.250511  0.355767  0.604032  -3
  1  1  0.938300 -0.380499  0.404984  0.529621  -6
  1  1  0.938300 -0.009071 -0.081429  0.588869  -1
  1  1  0.938300  0.161687  0.137943  0.656496  -2
  1  1  0.938300 -0.096966  0.049044  0.371099 -12
  1  1  0.938300 -0.297072 -0.087702  0.129352  -2
  1  1  0.938300 -0.408009  0.000779  0.500076  -4
  1  1  0.938300 -0.049182 -0.058887  0.492057  -2
  1  0  0.938300 -0.081231  0.037311  0.474477  -4
  1  0  0.938300 -0.067027 -0.056439  0.265681 -10
  1  0  0.938300 -0.054601 -0.028047  0.800856  -3
  1  0  0.938300  0.081706  0.109449  0.794890  -1
  1  0  0.938300 -0.180633  0.066901  0.381388  -3
  1  0  0.938300 -0.133523  0.447512  0.452934  -5
  1  0  0.938300 -0.180963  0.025168  0.356328  -3
  1  0  0.938300  0.112979 -0.011844  0.640936  -2
  1  0  0.938300  0.066086 -0.082448  0.668368  -1
  1  0  0.938300  0.239357  0.034063  0.473689  -3
  1  0  0.938300 -0.250337 -0.147903  0.290927  -4
  1  0  0.938300  0.003385  0.047526  0.657527  -1
  1  0  0.938300 -0.138853  0.197644  0.294617  -4
  1  0  0.938300 -0.300360  0.237203  0.712003  -5
  1  0  0.938300 -0.404410 -0.048778  0.499645  -2
  1  0  0.938300  0.052252 -0.052718  0.891332  -1
  1  0  0.938300  0.148348 -0.052878  0.510671  -1
  1  0  0.938300  0.433077  0.221628  0.363210  -3
  1  0  0.938300 -0.374934  0.241091  0.418772  -6
  1  0  0.938300 -0.069723  0.232876  0.568759  -3
  1  0  0.938300  0.165340 -0.093298  0.365177  -2
  1  0  0.938300 -0.026927  0.047760  0.487860  -3
  1  0  0.938300  0.194546  0.041705  0.337190  -4
  1  0  0.938300 -0.223262 -0.165019  0.177791  -6
  1  0  0.938300 -0.139395  0.006310  0.323830  -3
  1  0  0.938300  0.063173 -0.222210  0.704516  -5
  1  0  0.938300  0.121904  0.044787  0.843123  -1
  1  0  0.938300 -0.188082 -0.160519  0.547738  -2
  1  0  0.938300  0.022901 -0.190052  0.653062  -1
  1  0  0.938300  0.092348  0.108345  0.594026  -2
  1  0  0.938300  0.150462  0.021664  0.217860  -3
  1  0  0.938300 -0.091407  0.323337  0.373794  -2
  1  0  0.938300 -0.031483  0.056080  0.444180  -4
  1  0  0.938300 -0.335283  0.005257  0.039402  -3
  1  0  0.938300 -0.264816 -0.124168  0.475117  -5
  1  0  0.938300  0.028357 -0.127376  0.272656  -8
  1  0  0.938300  0.049181 -0.028954  0.395334 -12
  1  0  0.938300  0.074743 -0.287296  0.156080  -4
  1  0  0.938300  0.336692  0.079407  0.211730  -2
  1  0  0.938300  0.060500 -0.068429  0.290714  -2
  1  0  0.938300  0.143013  0.089243  0.140188  -3
  1  0  0.938300  0.084559  0.018406  0.450588  -4
  1  0  0.938300 -0.428491 -0.222710  0.591339  -6
  1  0  0.938300  0.485088 -0.049227  0.338605  -3
  1  0  0.938300  0.364794  0.576011  0.444771  -2
  1  0  0.938300 -0.049409 -0.202081  0.607639  -1
  1  0  0.938300 -0.496240  0.318883  0.597105  -2
  1  0  0.938300 -0.136871  0.034450  0.664524  -3
  1  0  0.938300  0.151608 -0.033222  0.106774  -5
  1  0  0.938300 -0.333566 -0.299401  0.353438  -2
  1  0  0.938300  0.102407  0.056419  0.680118  -1
  1  0  0.938300  0.081184 -0.234211  0.416628  -4
  1  0  0.938300  0.293382 -0.324708  0.293027  -2
  1  0  0.938300  0.409226 -0.373850  0.539459  -2
  1  0  0.938300  0.069813  0.290290  0.427700  -2
  1  0  0.938300 -0.291429 -0.155240  0.253455  -2
  1  0  0.938300  0.240028 -0.187142  0.934160  -9
  1  0  0.938300 -0.069530 -0.061902  0.677258  -1
  1  0  0.938300 -0.157526 -0.227637  0.190899  -4
  1  0  0.938300  0.110210  0.055196  0.510548  -3
  1  0  0.938300  0.184980 -0.110745  0.417551  -4
  1  0  0.938300  0.050685 -0.048195  0.305693  -7
  1  1  0.938300  0.201756 -0.088883  0.379267  -2
  1  0  0.938300 -0.206442  0.064648  0.549058  -2
  1  0  0.938300 -0.178528  0.168466  0.481279  -4
  1  0  0.938300 -0.240600 -0.238433  0.146456  -4
  1  0  0.938300 -0.014557 -0.189572  0.518564  -5
  1  0  0.938300  0.051115  0.199516  0.633189  -2
  1  0  0.938300 -0.058101  0.255848  0.390358  -8
  1  0  0.938300  0.013099  0.341620  0.198282  -2
  1  0  0.938300 -0.123249  0.045320  0.359216  -1
  1  0  0.938300 -0.167928  0.146412  0.351389  -5
  1  0  0.938300 -0.143830  0.059911  0.700095  -1
  1  0  0.938300  0.208874 -0.152995  0.299639  -2
  1  0  0.938300  0.062590  0.044045  0.605328  -2
  1  0  0.938300 -0.372919 -0.243685  0.547147  -3
  1  0  0.938300  0.048973 -0.174307  0.651371  -1
  1  0  0.938300  0.276309  0.242643  0.564123  -2
  1  0  0.938300 -0.088181 -0.092897  0.415214  -7
  1  0  0.938300 -0.038118  0.114485  0.193732  -3
  1  0  0.938300 -0.265920 -0.355340  0.296969  -5
  1  0  0.938300 -0.035807  0.389609  0.122064  -4
  1  0  0.938300 -0.323767  0.139508  0.516709  -4
  1  0  0.938300  0.206352 -0.093979  0.321585  -2
  1  0  0.938300  0.087077  0.339573  0.126451  -2
  1  0  0.938300 -0.437211 -0.032786  0.721854  -5
  1  0  0.938300 -0.005454 -0.099422  0.463569  -2
  1  0  0.938300  0.097517  0.232898  0.136800  -7
  1  0  0.938300  0.004863 -0.009318  0.426082  -1
  1  0  0.938300  0.429501  0.258052  0.174748  -4
  1  0  0.938300  0.109565  0.193231  0.496427  -3
  1  0  0.938300  0.121601 -0.216220  0.500666  -1
  1  0  0.938300  0.147937 -0.287264  0.549087  -2
  1  0  0.938300  0.120812 -0.177114  0.694487  -1
  1  0  0.938300 -0.444156 -0.152461  0.349928  -6
  1  0  0.938300 -0.001761 -0.066159  0.639135 -13
  1  0  0.938300 -0.024284 -0.000789  0.657382  -1
  1  0  0.938300  0.092928  0.000434  0.652023  -1
  1  0  0.938300  0.126953  0.041937  0.477363  -3
  1  0  0.938300 -0.016825  0.100107  0.744955  -1
  1  0  0.938300 -0.181413  0.128869  0.485449  -2
  1  0  0.938300  0.121692  0.015325  0.193256  -4
  1  0  0.938300 -0.194184 -0.065402  0.548967  -2
  1  0  0.938300 -0.310410 -0.026033  0.333786  -6
  1  0  0.938300  0.040446  0.498109  0.302102  -3
  1  0  0.938300 -0.264175  0.134406  0.460158  -2
  1  0  0.938300  0.037006 -0.116358  0.163954  -4
  1  0  0.938300 -0.363304  0.121100  0.346108  -4
  1  0  0.938300  0.271430 -0.057800  0.731960  -2
  1  0  0.938300  0.220098 -0.009750  0.649613  -5
  1  0  0.938300  0.029725  0.168704  0.596472  -1
  1  0  0.938300 -0.020449 -0.147567  0.674535  -1
  1  0  0.938300 -0.168240 -0.082776  0.281356  -4
  1  0  0.938300  0.147360  0.026932  0.356890  -4
  1  0  0.938300  0.039789  0.188906  0.371888  -3
  1  0  0.938300 -0.200261  0.152364  0.466972  -4
  1  0  0.938300  0.109834 -0.223553  0.319620  -5
  1  0  0.938300  0.184241  0.305343  0.542749  -2