  1  1  0.938300  0.395344 -0.210815  0.407673   3
  1  1  0.938300 -0.189187  0.101886  0.115181   2
  1  1  0.938300 -0.081870  0.055964  0.515331   4
  1  1  0.938300  0.044765 -0.205369  0.712367   3
  1  1  0.938300  0.264535  0.289270  0.478286   4
  1  1  0.938300 -0.014095 -0.190284  0.461954   7
  1  1  0.938300 -0.225804  0.207276  0.014029   2
  1  1  0.938300  0.066513 -0.080518  0.095041   1
  1  1  0.938300  0.347354  0.229902  0.453208   2
  1  1  0.938300  0.251167  0.196826  0.145296   2
  1  1  0.938300 -0.033629  0.097665  0.263674   4
  1  1  0.938300  0.378847  0.137536  0.581260   3
  1  1  0.938300 -0.014023  0.068622  0.488644   8
  1  1  0.938300  0.301409 -0.178974  0.088013   3
  1  1  0.938300  0.444444  0.133852  0.644015   3
  1  1  0.938300  0.259341 -0.051463  0.138164   4
  1  1  0.938300 -0.117240 -0.387944  0.440178   5
  1  1  0.938300  0.304268  0.262242  0.864709   5
  1  1  0.938300  0.162152  0.625461  0.203917   4
  1  1  0.938300  0.321755  0.264183  0.518214   3
  1  1  0.938300  0.256435  0.373742  0.377358   2
  1  1  0.938300  0.133038 -0.047371  0.193578   1
  1  1  0.938300 -0.151758 -0.178195  0.119792   3
  1  1  0.938300 -0.361066 -0.099087  0.188075   3
  1  1  0.938300 -0.133046 -0.112406  0.582942   2
  1  1  0.938300  0.082314  0.152238 -0.009112   1
  1  1  0.938300  0.126113  0.352525  0.087188   5
  1  1  0.938300  0.344126 -0.030112 -0.037971   2
  1  1  0.938300  0.181504  0.198494  0.595885   3
  1  1  0.938300 -0.235521  0.149476  0.011025   3
  1  1  0.938300  0.019058 -0.080031  0.697750   2
  1  1  0.938300  0.010588 -0.608083  0.689086   4
  1  1  0.938300 -0.084735  0.342180  0.275453   3
  1  1  0.938300 -0.586231 -0.182371  0.450958   2
  1  1  0.938300  0.088378  0.392071  0.289320   2
  1  1  0.938300 -0.219254  0.105789  0.220945   3
  1  1  0.938300 -0.060926 -0.008891  0.004630   1
  1  1  0.938300 -0.159633  0.295831  0.341451   3
  1  1  0.938300  0.123979  0.241940  0.189977   3
  1  1  0.938300 -0.183131  0.077212  0.227293   2
  1  1  0.938300 -0.170643 -0.050307  0.163407   1
  1  1  0.938300  0.203863  0.089601  0.211403   2
  1  1  0.938300 -0.245536 -0.112682  0.264266   3
  1  1  0.938300 -0.013970 -0.279936  0.732000   2
  1  1  0.938300 -0.036734  0.147970 -0.017775   2
  1  1  0.938300 -0.505687  0.504866  0.368961   4
  1  1  0.938300  0.150693  0.079311  0.351847   3
  1  1  0.938300 -0.257265  0.022086  0.515520   3
  1  1  0.938300  0.208222  0.017178  0.338498   3
  1  1  0.938300 -0.236329  0.140442  0.289280   4
  1  1  0.938300  0.034907  0.202338  0.418185   3
  1  1  0.938300 -0.035774  0.248558  0.575807   3
  1  1  0.938300 -0.149241  0.040638  0.900056   6
  1  1  0.938300  0.090055  0.124719  0.047695   1
  1  1  0.938300 -0.020714 -0.066569  0.953245   3
  1  1  0.938300  0.448432 -0.139591  0.207543   3
  1  1  0.938300 -0.236811 -0.211820  0.106700   6
  1  1  0.938300  0.340808 -0.180092  0.430399   3
  1  1  0.938300  0.212347  0.282687  0.231461   2
  1  1  0.938300  0.263080  0.129561  0.630638   2
  1  1  0.938300  0.079862  0.205718  0.864040   2
  1  1  0.938300 -0.230782 -0.231714  0.352063   3
  1  1  0.938300  0.256431  0.325618  0.338308   2
  1  1  0.938300  0.064284 -0.109171  0.539026   6
  1  1  0.938300 -0.007041  0.000931  0.324080   2
  1  1  0.938300 -0.026364  0.171669  0.643070   8
  1  1  0.938300  0.223250 -0.214169  0.483052   3
  1  1  0.938300  0.111994 -0.003819 -0.080299   1
  1  1  0.938300  0.069453 -0.167800  0.280842   6
  1  1  0.938300 -0.065360  0.078943  0.145476   3
  1  1  0.938300 -0.394135  0.013190  0.302619   5
  1  1  0.938300 -0.276030  0.109483  0.124736   2
  1  1  0.938300  0.018669  0.207382  0.462755   2
  1  1  0.938300  0.035600  0.138005  0.360904   4
  1  1  0.938300 -0.050180 -0.144209  0.206982   4
  1  1  0.938300 -0.214549 -0.198236  0.725715   3
  1  1  0.938300  0.004170 -0.001853  0.249706   1
  1  1  0.938300  0.095546 -0.236912 -0.039109   5
  1  1  0.938300  0.137427  0.310073  0.300551   2
  1  0  0.938300  0.095274  0.327013  0.283099   3
  1  0  0.938300  0.051736  0.043059  0.086597   1
  1  0  0.938300  0.064490 -0.031792 -0.160579   1
  1  0  0.938300  0.105198 -0.063108  0.409397   4
  1  0  0.938300 -0.065615 -0.396964 -0.057757   8
  1  0  0.938300 -0.138914 -0.199180  0.304697   5
  1  0  0.938300 -0.143426  0.293419  0.367040   5
  1  0  0.938300  0.143962  0.082591  0.642472   2
  1  0  0.938300  0.121050 -0.063482  0.246253   5
  1  0  0.938300  0.037036 -0.074774  0.277287   2
  1  0  0.938300 -0.000560  0.108540  0.320518   3
  1  0  0.938300 -0.096106 -0.051450  0.309433   2
  1  0  0.938300  0.376038  0.204460  0.197432   3
  1  0  0.938300 -0.202116 -0.120499  0.269253   3
  1  0  0.938300  0.172914  0.063013  0.357981   2
  1  0  0.938300  0.330843  0.205079  0.371208   3
  1  0  0.938300 -0.059256 -0.250665  0.395476   6
  1  0  0.938300 -0.047110 -0.135460  0.507944   3
  1  0  0.938300 -0.156638 -0.399614  0.199571   2
  1  0  0.938300 -0.100682 -0.038029  0.307218   1
  1  0  0.938300  0.127518  0.020415  0.131295   1
  1  0  0.938300  0.007366 -0.265279  0.274237   8
  1  0  0.938300  0.384628 -0.021262  0.582886   6
  1  0  0.938300  0.044808 -0.321725  0.324436   5
  1  0  0.938300  0.062598  0.051731  0.174329   2
  1  0  0.938300  0.132803  0.504398  0.688226   6
  1  0  0.938300  0.087076 -0.147036  0.638964   2
  1  0  0.938300 -0.136134  0.360298  0.345611   4
  1  0  0.938300 -0.024230 -0.054830  0.027535   2
  1  0  0.938300  0.009201 -0.177580  0.514363   4
  1  0  0.938300 -0.213234  0.080005  0.292100   4
  1  0  0.938300 -0.247982  0.198418  0.609277   2
  1  0  0.938300  0.022322 -0.099162  0.057873   2
  1  0  0.938300  0.178766  0.225753  0.147723   4
  1  0  0.938300  0.373007 -0.150581  0.259528   3
  1  0  0.938300 -0.315940  0.087667  0.186565   3
  1  0  0.938300  0.033476  0.309095  0.266004   3
  1  0  0.938300 -0.026024 -0.156096  0.481321   4
  1  0  0.938300 -0.345386  0.224049  0.426648   5
  1  0  0.938300 -0.033578  0.052974  0.569964   3
  1  0  0.938300  0.240116 -0.228107  0.116251   2
  1  0  0.938300 -0.396724  0.068472  0.158165   6
  1  0  0.938300 -0.087484  0.196629  0.889032   5
  1  0  0.938300 -0.017762 -0.192729  0.395282   4
  1  0  0.938300  0.057822  0.265473  0.464169   4
  1  0  0.938300 -0.022597 -0.188636  0.354150   5
  1  0  0.938300  0.009878  0.095249  0.269325   4
  1  0  0.938300  0.003065  0.512609  0.842681   6
  1  0  0.938300  0.061312 -0.141950  0.317109   4
  1  0  0.938300 -0.143639  0.227596  0.147685   2
  1  0  0.938300  0.022083 -0.285896  0.282697   8
  1  0  0.938300  0.124501 -0.037858  0.752541   4
  1  0  0.938300  0.023244 -0.039310  0.472050   2
  1  0  0.938300 -0.023993  0.106712  0.445945   7
  1  0  0.938300 -0.324793  0.069919  0.285509   2
  1  0  0.938300 -0.110291  0.109360  0.106531   3
  1  0  0.938300  0.029152 -0.024852  0.389732   3
  1  0  0.938300 -0.023873 -0.135609  0.583359   6
  1  0  0.938300  0.121804  0.031312  0.109878   4
  1  0  0.938300  0.074402  0.121704  0.388955   3
  1  0  0.938300  0.562539 -0.157670  0.546015   4
  1  0  0.938300 -0.126442  0.164815  0.166702   7
  1  0  0.938300 -0.040303  0.028363  0.142077   1
  1  0  0.938300 -0.365254 -0.289299  0.483992   3
  1  0  0.938300  0.090645 -0.139185  0.272943   3
  1  0  0.938300 -0.003487 -0.140066  0.292802   6
  1  0  0.938300 -0.009543 -0.099816  0.514153   2
  1  0  0.938300 -0.056303 -0.257104  0.515941   5
  1  0  0.938300 -0.136373 -0.229271  0.113325   5
  1  0  0.938300  0.043174  0.151555  0.508122   5
  1  0  0.938300 -0.267548 -0.119437  0.398418   2
  1  0  0.938300 -0.094536 -0.055112  0.327406   3
  1  0  0.938300 -0.147068 -0.085242  0.200422   1
  1  0  0.938300  0.079464 -0.026034  0.369126   5
  1  0  0.938300 -0.240811  0.074459  0.452938   4
  1  0  0.938300 -0.057740  0.134111  0.121344   2
  1  0  0.938300  0.054781 -0.055332  0.101605   5
  1  0  0.938300 -0.059224  0.099197  0.226595   4
  1  0  0.938300 -0.050064  0.113460  0.024297   1
  1  0  0.938300 -0.249977  0.292201  0.529088   3
  1  0  0.938300 -0.057726 -0.302840  0.254116   6
  1  0  0.938300  0.149878 -0.111189  0.301745   4
  1  0  0.938300 -0.199975  0.265533  0.339971   2
  1  0  0.938300 -0.002934 -0.159271  0.591510   2
  1  0  0.938300  0.125819  0.148742  0.200077   3
  1  0  0.938300  0.063713 -0.081624  0.175467   3
  1  0  0.938300  0.137002  0.178032 -0.019064   1
  1  0  0.938300  0.191784 -0.109062  0.322377   6
  1  0  0.938300 -0.114378 -0.178837  0.292674   3
  1  0  0.938300  0.059194 -0.100619  0.747245   3
  1  0  0.938300  0.316973 -0.157952  0.031028   4
  1  0  0.938300 -0.086830  0.045558  0.117413   1
  1  0  0.938300 -0.309852  0.345545  0.022890   3
  1  0  0.938300  0.097240 -0.177468  0.021437   2
  1  0  0.938300 -0.285915  0.090504  0.317710   2
  1  0  0.938300  0.067049 -0.508916  0.140168   5
  1  0  0.938300  0.179650  0.039787  0.146766   2
  1  0  0.938300  0.251625  0.008820  0.254170   1
  1  0  0.938300  0.123392 -0.192606  0.906836   4
  1  0  0.938300  0.017583 -0.351627  0.349965   5
  1  0  0.938300  0.154249 -0.025323  0.664293   4
  1  0  0.938300 -0.018484  0.135137  0.727284   6
  1  0  0.938300  0.028091 -0.300002  0.732459   2
  1  0  0.938300 -0.214235 -0.198101  0.383451   4
  1  0  0.938300 -0.101061 -0.024062  0.283554   4
  1  0  0.938300  0.310607 -0.106390  0.199174   5
  1  0  0.938300  0.634682 -0.179909  0.302575   3
  1  0  0.938300 -0.156509 -0.123452  0.031509   2
  1  0  0.938300 -0.004312 -0.088976  0.046844   2
  1  0  0.938300 -0.133973  0.318574  0.180194   9
  1  0  0.938300 -0.040243  0.159805  0.793977   2
  1  0  0.938300  0.047257 -0.091192  0.203180   1
  1  0  0.938300 -0.005533  0.093272  0.096030   1
  1  0  0.938300 -0.176771 -0.022969  0.105623   5
  1  0  0.938300  0.095240  0.003028 -0.008138   1
  1  0  0.938300 -0.455629  0.058302  0.621659   2
  1  0  0.938300  0.152772 -0.400119  0.373017   3
  1  0  0.938300  0.074598  0.073874 -0.023484   4
  1  1  0.938300 -0.164276  0.029079  0.427437  -5
  1  1  0.938300  0.059532  0.086433  0.509414  -3
  1  1  0.938300 -0.006132 -0.100442  0.650442  -1
  1  1  0.938300  0.003958  0.263189  0.335060  -2
  1  1  0.938300 -0.076032 -0.153742  0.735907  -3
  1  1  0.938300  0.240670 -0.029400  0.772072  -4
  1  1  0.938300 -0.256539  0.255015  0.122819  -3
  1  1  0.938300 -0.091321 -0.135809  0.686280  -1
  1  1  0.938300  0.057445 -0.046224  0.496736  -2
  1  1  0.938300 -0.153587  0.263442  0.340794  -7
  1  1  0.938300 -0.064242 -0.025948  0.789312  -1
  1  1  0.938300  0.094324 -0.066356  0.019632  -3
  1  1  0.938300  0.173528  0.373583  0.158411  -2
  1  1  0.938300  0.031426 -0.028020  0.318434  -3
  1  1  0.938300 -0.273302 -0.054695  0.258680  -4
  1  1  0.938300  0.119677  0.022532  1.091246  -4
  1  1  0.938300  0.198615  0.080893  0.602461  -4
  1  1  0.938300  0.007049 -0.257007  0.455277  -4
  1  1  0.938300 -0.012731 -0.010449  0.350977  -3
  1  1  0.938300 -0.052303  0.000597 -0.001916  -3
  1  1  0.938300  0.227266  0.134241  0.271511  -5
  1  1  0.938300  0.196895  0.235198  0.934434  -4
  1  1  0.938300  0.299157  0.007337  0.225547  -2
  1  1  0.938300 -0.109428 -0.056180  0.618359  -4
  1  1  0.938300  0.181733  0.095334  0.335189  -3
  1  1  0.938300  0.283891  0.026591  0.529861  -2
  1  1  0.938300 -0.446655 -0.134737  0.634190  -2
  1  1  0.938300 -0.052406 -0.085868  0.272707  -2
  1  1  0.938300  0.004894  0.212571  0.317241  -5
  1  1  0.938300 -0.064679  0.536193  0.591211  -4
  1  1  0.938300 -0.235702 -0.000816  0.620430  -3
  1  1  0.938300 -0.217082  0.218562  0.972657  -2
  1  1  0.938300  0.270594 -0.188239  0.027483  -3
  1  1  0.938300 -0.163792 -0.021303  0.686796  -1
  1  1  0.938300 -0.030638 -0.125849  0.234369  -3
  1  1  0.938300  0.219943  0.229472  0.411785  -4
  1  1  0.938300 -0.143959 -0.108665  0.369322  -4
  1  1  0.938300  0.099693  0.223391  0.846603  -2
  1  1  0.938300  0.189407 -0.186797  0.218071  -4
  1  1  0.938300 -0.199368 -0.340280  0.592242  -2
  1  1  0.938300 -0.181713  0.128576  0.711768  -1
  1  1  0.938300 -0.599550  0.122432  0.178114  -7
  1  1  0.938300 -0.296655 -0.163332  0.539565  -9
  1  1  0.938300  0.269392 -0.183217 -0.062838  -3
  1  1  0.938300 -0.265090 -0.272463  0.152889  -3
  1  1  0.938300  0.096719  0.373525  0.011818  -4
  1  1  0.938300 -0.304581 -0.205499  0.588103  -3
  1  1  0.938300  0.111856 -0.149698  0.218845  -2
  1  1  0.938300 -0.050509  0.073865  0.352303  -4
  1  1  0.938300  0.162346  0.141658  0.574398  -5
  1  1  0.938300  0.191867  0.094319  0.371071  -7
  1  1  0.938300  0.035065  0.129122  0.081947  -5
  1  1  0.938300  0.045745 -0.271658  0.614640  -2
  1  1  0.938300  0.007954 -0.009103  0.599252  -1
  1  1  0.938300  0.262227  0.206087  0.565124  -5
  1  1  0.938300  0.533136  0.199392  0.456775  -3
  1  1  0.938300  0.149946  0.437215  0.669887  -7
  1  1  0.938300 -0.410173 -0.001478  0.608289  -3
  1  1  0.938300 -0.179418  0.470781  0.128754  -5
  1  1  0.938300 -0.482422 -0.035007  0.239337  -7
  1  1  0.938300 -0.253496 -0.149460  0.312577  -2
  1  1  0.938300 -0.107501  0.035826  0.544436  -4
  1  1  0.938300  0.060770  0.185923  0.355015  -2
  1  1  0.938300 -0.071945 -0.289252  0.343360  -2
  1  1  0.938300 -0.063118 -0.006844  0.740039  -2
  1  1  0.938300  0.030481 -0.071324  0.112429  -6
  1  1  0.938300 -0.005869  0.034506  0.762835  -1
  1  1  0.938300  0.214191  0.043988  0.175357  -4
  1  1  0.938300 -0.246484 -0.013529  0.627567  -2
  1  1  0.938300  0.058494 -0.202062  0.194879  -7
  1  1  0.938300 -0.300663  0.553969 -0.047425  -4
  1  1  0.938300 -0.045125  0.185330  0.488957  -3
  1  1  0.938300  0.125197 -0.344978  0.145821  -5
  1  1  0.938300 -0.216680  0.150021  0.586312  -2
  1  1  0.938300  0.102431 -0.479988  0.231605  -3
  1  1  0.938300 -0.047601  0.324167  0.488861  -2
  1  1  0.938300 -0.471397 -0.039068  0.524043  -2
  1  1  0.938300 -0.027973  0.012809  0.517094  -3
  1  1  0.938300 -0.094312 -0.236995  0.504867  -4
  1  0  0.938300 -0.070634 -0.205961  0.006025  -5
  1  0  0.938300  0.068310 -0.115526  0.602249  -1
  1  0  0.938300  0.110227  0.038763  0.235232  -5
  1  0  0.938300 -0.340928  0.068151  0.826794  -4
  1  0  0.938300  0.145750  0.277095 -0.008560  -4
  1  0  0.938300 -0.269152  0.310051  0.440613  -3
  1  0  0.938300 -0.076854 -0.360500  0.356526  -2
  1  0  0.938300  0.109640 -0.156665  0.416968  -2
  1  0  0.938300  0.157770 -0.320683  0.262603  -4
  1  0  0.938300 -0.229820 -0.061579  0.904480  -3
  1  0  0.938300  0.030163 -0.218518  0.136545  -4
  1  0  0.938300  0.095344 -0.233556  0.339915  -4
  1  0  0.938300 -0.199828 -0.074803  0.516933  -5
  1  0  0.938300  0.073461  0.067742  0.354369  -2
  1  0  0.938300 -0.072599  0.286169  0.555999  -2
  1  0  0.938300  0.030467  0.011959 -0.043818  -8
  1  0  0.938300 -0.007524  0.140072  0.527012  -4
  1  0  0.938300  0.044997  0.253165  0.106642  -3
  1  0  0.938300 -0.208283 -0.047375  0.560296  -3
  1  0  0.938300 -0.140873 -0.098553  0.052274  -5
  1  0  0.938300  0.610031  0.360459  0.091938  -4
  1  0  0.938300  0.085933  0.137389  0.350998  -3
  1  0  0.938300 -0.035243  0.647831  0.355264  -5
  1  0  0.938300 -0.066864  0.153166  0.720632  -2
  1  0  0.938300  0.018053 -0.048984  0.758436  -1
  1  0  0.938300  0.167957 -0.023788  0.334700  -4
  1  0  0.938300  0.040972  0.149790  0.300704  -6
  1  0  0.938300 -0.267124 -0.225231  0.423862  -5
  1  0  0.938300  0.245144 -0.115100  0.210424  -8
  1  0  0.938300 -0.177331  0.340886  0.620433  -3
  1  0  0.938300 -0.039104 -0.259196  0.470049  -5
  1  0  0.938300 -0.035762  0.017807  0.935035  -1
  1  0  0.938300 -0.051206  0.067650  0.848774  -1
  1  0  0.938300 -0.156271  0.099393  0.716464  -3
  1  0  0.938300  0.184888 -0.197145  0.483713  -4
  1  0  0.938300  0.069936  0.150120  0.588414  -1
  1  0  0.938300 -0.008813 -0.162152  0.523022  -1
  1  0  0.938300  0.191830 -0.014669  0.842849  -1
  1  0  0.938300  0.012984  0.432029  0.418075  -3
  1  0  0.938300 -0.185708  0.044125  0.406317  -3
  1  0  0.938300 -0.013671  0.087370  0.658614  -1
  1  0  0.938300 -0.293685 -0.098908  0.245975  -4
  1  0  0.938300 -0.319110 -0.021456  0.354069  -3
  1  0  0.938300 -0.065972  0.049168  0.715919  -1
  1  0  0.938300  0.092186 -0.352372 -0.020214  -5
  1  0  0.938300  0.150502 -0.026768  0.473017  -2
  1  0  0.938300 -0.214058 -0.076336  0.024684  -6
  1  0  0.938300  0.230900 -0.155162  0.450109  -7
  1  0  0.938300 -0.238783  0.028375  0.245764  -3
  1  0  0.938300 -0.023679 -0.102685  0.808293  -1
  1  0  0.938300 -0.272796  0.092013  0.553966  -5
  1  0  0.938300  0.321740 -0.256136  0.611701  -5
  1  0  0.938300  0.169145 -0.154603  0.221751  -4
  1  0  0.938300 -0.053538  0.070854  0.942604  -1
  1  0  0.938300  0.020701  0.073746  0.615471  -4
  1  0  0.938300 -0.472537  0.039376  0.306198  -7
  1  0  0.938300 -0.114700  0.072701  0.707561  -1
  1  0  0.938300 -0.063008 -0.116746  0.187103  -4
  1  0  0.938300 -0.029027  0.201233  0.046596  -4
  1  0  0.938300  0.368853 -0.111874  0.385120  -5
  1  0  0.938300 -0.124705 -0.124178  0.615340  -6
  1  0  0.938300  0.321828  0.336602  0.700476  -3
  1  0  0.938300 -0.049943  0.010779  0.946812  -3
  1  0  0.938300  0.052642  0.203675  0.500320  -5
  1  0  0.938300  0.154556  0.099395  0.388043  -3
  1  0  0.938300  0.336733 -0.291817  0.240366  -4
  1  0  0.938300  0.115074 -0.161180  0.719494  -1
  1  0  0.938300  0.295287 -0.164414  0.353542  -6
  1  0  0.938300 -0.027923 -0.012790  0.646134  -2
  1  0  0.938300  0.123841 -0.080968  0.194390  -9
  1  0  0.938300  0.018559  0.008074  0.871518  -1
  1  0  0.938300 -0.005528 -0.038117  0.467040  -4
  1  0  0.938300 -0.325307 -0.024878  0.656031  -4
  1  0  0.938300  0.110658  0.508293  0.475778  -3
  1  0  0.938300 -0.003006  0.046577  0.271287  -4
  1  0  0.938300 -0.167519 -0.025896  0.214137  -3
  1  0  0.938300 -0.287383 -0.343259  0.012116  -4
  1  0  0.938300  0.145465 -0.506138  0.133209  -4
  1  0  0.938300  0.387867  0.216537  0.408985  -8
  1  0  0.938300  0.068738  0.132990  0.434975  -1
  1  0  0.938300  0.267844 -0.060600  0.447573  -4
  1  0  0.938300  0.178945  0.062077  0.104123  -8
  1  0  0.938300 -0.048371 -0.079222  0.513886  -3
  1  0  0.938300  0.018874 -0.260885  0.291196  -2
  1  0  0.938300  0.188623 -0.045134  0.577724  -4
  1  0  0.938300  0.173703 -0.256877  0.394668  -2
  1  0  0.938300 -0.190412 -0.168557  0.774409  -2
  1  0  0.938300  0.223391  0.032801  0.274134  -4
  1  0  0.938300 -0.158785 -0.076373  0.744766  -3
  1  0  0.938300 -0.331073  0.323862  0.037123  -3
  1  0  0.938300 -0.053386  0.082542  0.505649  -6
  1  0  0.938300 -0.258236 -0.247712  0.163831  -6
  1  0  0.938300 -0.105863 -0.064124  0.719948  -1
  1  0  0.938300 -0.035085  0.200857  0.448372  -2
  1  0  0.938300 -0.058563  0.016178  0.413433  -7
  1  0  0.938300  0.363639  0.112601  0.262753  -7
  1  0  0.938300 -0.104985  0.063540  0.533907  -3
  1  0  0.938300  0.037897 -0.133507  0.572262  -1
  1  0  0.938300 -0.004239  0.057532  0.434785  -2
  1  0  0.938300  0.296631 -0.098925  0.326540  -5
  1  0  0.938300  0.085036 -0.208695  0.388974  -4
  1  0  0.938300 -0.022019 -0.433943  0.583298  -4
  1  0  0.938300  0.070229 -0.156625  0.375055  -5
  1  0  0.938300 -0.010895  0.169390  0.334896  -4
  1  0  0.938300  0.048031 -0.058648  0.101200  -2
  1  0  0.938300 -0.070590 -0.071252  0.394534  -3
  1  0  0.938300  0.119852 -0.172789  0.683291  -6
  1  0  0.938300 -0.158703 -0.000428  0.258392  -4
  1  0  0.938300  0.120313 -0.089275  0.454707  -6
  1  0  0.938300  0.156322 -0.118933  0.851255  -1
  1  0  0.938300  0.197547 -0.134393  0.214225  -3
  1  0  0.938300  0.182344 -0.016450  0.100365  -6
  1  0  0.938300 -0.213115  0.211441  0.443866  -4
  1  0  0.938300  0.482239 -0.307576  0.817622  -2
  1  0  0.938300 -0.086119 -0.074522  0.772716  -1
  1  0  0.938300  0.031894  0.060676  0.429516  -5
  1  0  0.938300  0.091785 -0.144933  0.226606  -3
  1  0  0.938300 -0.187092  0.049388  0.859160  -4