  1  1  0.938300 -0.279751  0.022368  0.447302   6
  1  1  0.938300 -0.486315 -0.180041  0.270077   6
  1  1  0.938300  0.128385 -0.081561  0.220400   1
  1  1  0.938300 -0.346180  0.224748  0.166903   4
  1  1  0.938300  0.345600  0.224048  0.430089   4
  1  1  0.938300 -0.091606 -0.061895  0.718800   5
  1  1  0.938300  0.391103  0.345659  0.527002   3
  1  1  0.938300  0.118631  0.156854  0.018786   1
  1  1  0.938300 -0.018122 -0.489224  0.297906   2
  1  1  0.938300 -0.254003 -0.107604  0.448452   4
  1  1  0.938300  0.364790  0.016877  0.441143   3
  1  1  0.938300 -0.066116  0.318999  0.704359   3
  1  1  0.938300  0.007147 -0.024003  0.593000   5
  1  1  0.938300 -0.531662  0.087916  0.623357   3
  1  1  0.938300  0.453846  0.420160  0.222956   4
  1  1  0.938300 -0.028334 -0.010876  0.080845   1
  1  1  0.938300  0.134530 -0.151097  0.215434   3
  1  1  0.938300  0.031513 -0.109653  0.575239   3
  1  1  0.938300 -0.311029  0.000458  0.362207   5
  1  1  0.938300  0.080875 -0.122837 -0.086905   1
  1  1  0.938300  0.308164 -0.212464  0.334747   2
  1  1  0.938300  0.007444  0.065140  0.624986   6
  1  1  0.938300 -0.071972 -0.179651  0.080975   1
  1  1  0.938300 -0.039955  0.074378  0.093707   2
  1  1  0.938300  0.096618 -0.140201  0.201976   2
  1  1  0.938300 -0.156052 -0.141476  0.103721   1
  1  1  0.938300 -0.265581 -0.313440  0.455220  10
  1  1  0.938300  0.266309 -0.078873  0.165260   6
  1  1  0.938300 -0.025277 -0.499883  0.458238   2
  1  1  0.938300 -0.022204  0.001764  0.197126   2
  1  1  0.938300  0.374359  0.184065  0.601353   2
  1  1  0.938300 -0.308690 -0.040835  0.259313   3
  1  1  0.938300 -0.321995  0.261008  0.465945   2
  1  1  0.938300  0.144946 -0.145863  0.388649   3
  1  1  0.938300 -0.359975  0.045409 -0.219840   6
  1  1  0.938300 -0.175751  0.067746  0.375988   2
  1  1  0.938300 -0.006155 -0.204694  0.128547   3
  1  1  0.938300 -0.388030 -0.255444 -0.056614   5
  1  1  0.938300  0.177305  0.217977  0.215329   2
  1  1  0.938300  0.151046 -0.274517  0.026552   2
  1  1  0.938300 -0.177382 -0.012316  0.057201   3
  1  1  0.938300 -0.009691 -0.042163 -0.010350   2
  1  1  0.938300 -0.267688  0.100929  0.072137   3
  1  1  0.938300 -0.110708 -0.063768  0.412825   3
  1  1  0.938300  0.030911 -0.249435  0.352279   5
  1  1  0.938300  0.378345  0.213876  0.552146   2
  1  1  0.938300  0.528585  0.063003  0.216999   6
  1  1  0.938300 -0.068254  0.036954 -0.084394   1
  1  1  0.938300 -0.145287 -0.029059  0.200535   4
  1  1  0.938300  0.101526  0.346827 -0.065474   7
  1  1  0.938300 -0.152077  0.451984  0.345923   2
  1  1  0.938300  0.168235  0.050724  0.017710   4
  1  1  0.938300  0.022588 -0.325451  0.496776   2
  1  1  0.938300  0.207225  0.014497  0.465438   6
  1  1  0.938300  0.062797 -0.225444  0.505214   3
  1  1  0.938300  0.120938 -0.037352  0.148973   2
  1  1  0.938300  0.181386  0.119304  0.419667   2
  1  1  0.938300 -0.077765 -0.224294  0.356687   3
  1  1  0.938300 -0.152046 -0.132619  0.012277   1
  1  1  0.938300  0.115478  0.095697  0.771858   2
  1  1  0.938300 -0.258505 -0.240515  0.450400   3
  1  1  0.938300  0.305260  0.155709  0.493098   4
  1  1  0.938300 -0.074484  0.098476  0.309391   3
  1  1  0.938300 -0.260318 -0.104670  0.216845   2
  1  1  0.938300 -0.019574  0.353369  0.153359   2
  1  1  0.938300 -0.103648  0.007176  0.135167   1
  1  1  0.938300  0.261562  0.053139  0.512022   2
  1  1  0.938300 -0.161167 -0.108572  0.316357  10
  1  1  0.938300  0.248267 -0.055908  0.309513   2
  1  1  0.938300 -0.026598 -0.069034  0.004752   2
  1  1  0.938300  0.491491 -0.062933  0.453137   3
  1  1  0.938300  0.092039 -0.196060  0.440288   3
  1  1  0.938300 -0.314270 -0.607270  0.278931  12
  1  1  0.938300  0.096771  0.452639  0.301430   3
  1  1  0.938300 -0.027850  0.124770  0.229025   4
  1  1  0.938300 -0.264490  0.127880  0.104898   3
  1  1  0.938300 -0.028512  0.214664 -0.004059   1
  1  1  0.938300  0.370852  0.100747  0.337333   2
  1  1  0.938300 -0.026750 -0.206755  0.649950   4
  1  0  0.938300 -0.125363  0.081088  0.179682   8
  1  0  0.938300  0.009633 -0.085577 -0.040281   1
  1  0  0.938300  0.118744  0.183771  0.500874   5
  1  0  0.938300  0.091970  0.227413  0.683155   2
  1  0  0.938300 -0.030004  0.282308  0.358273   3
  1  0  0.938300 -0.003955  0.071003  0.253503   5
  1  0  0.938300  0.138533 -0.042844 -0.053350   1
  1  0  0.938300  0.032207 -0.081995  0.109705   1
  1  0  0.938300 -0.085886 -0.457807  0.446292   3
  1  0  0.938300  0.137075  0.196113 -0.069179   3
  1  0  0.938300 -0.367931  0.268987  0.111770   3
  1  0  0.938300  0.002891 -0.390470  0.712444   5
  1  0  0.938300  0.082594 -0.106963  0.390714   2
  1  0  0.938300 -0.089018 -0.010178  0.026226   1
  1  0  0.938300  0.541532 -0.129832  0.508911   2
  1  0  0.938300  0.007747 -0.031615  0.122498   5
  1  0  0.938300  0.311580  0.030566  0.246085   6
  1  0  0.938300  0.168593 -0.004433  0.028550   6
  1  0  0.938300  0.036966 -0.074879  0.268303   4
  1  0  0.938300 -0.164983 -0.112294  0.130512   6
  1  0  0.938300  0.042469  0.002092  0.260422   4
  1  0  0.938300 -0.107731  0.014135  0.108623   1
  1  0  0.938300  0.468977 -0.273242  0.342921   8
  1  0  0.938300  0.252961 -0.053578  0.141599   4
  1  0  0.938300  0.181789  0.252357  0.395674   4
  1  0  0.938300  0.105671 -0.038544 -0.070274   1
  1  0  0.938300 -0.202756 -0.018197  0.211559   3
  1  0  0.938300  0.124905 -0.125383  0.375660   3
  1  0  0.938300 -0.108086  0.284461  0.296804   3
  1  0  0.938300 -0.143457 -0.165135  0.352186   4
  1  0  0.938300  0.079402 -0.065228  0.474320   4
  1  0  0.938300  0.156199  0.054070  0.137318   3
  1  0  0.938300  0.254065  0.301699  0.526192   3
  1  0  0.938300  0.066404 -0.064752  0.137200   3
  1  0  0.938300 -0.084244 -0.053299  0.830819   2
  1  0  0.938300 -0.162329  0.083546  0.124599   1
  1  0  0.938300  0.046918  0.357489  0.691292   3
  1  0  0.938300 -0.020223  0.274590  0.400213   3
  1  0  0.938300  0.111192  0.080207  0.623025   3
  1  0  0.938300 -0.255950 -0.410736  0.370795   2
  1  0  0.938300  0.285781 -0.058208  0.581003   9
  1  0  0.938300  0.096454  0.198075  0.256291   3
  1  0  0.938300 -0.238192 -0.202736  0.221931   2
  1  0  0.938300 -0.082161  0.004395 -0.144673   1
  1  0  0.938300 -0.058396 -0.216648  0.379622   2
  1  0  0.938300  0.128552  0.169738  0.166309   5
  1  0  0.938300 -0.069588  0.204174  0.624127   7
  1  0  0.938300  0.077881 -0.198468  0.592194   3
  1  0  0.938300 -0.322803 -0.264452  0.405802   7
  1  0  0.938300 -0.123367  0.414295  0.055756   3
  1  0  0.938300  0.197411  0.155568  0.154678   2
  1  0  0.938300  0.205104 -0.228271  0.587293   6
  1  0  0.938300  0.100814 -0.092831  0.216642   3
  1  0  0.938300 -0.191566 -0.019053  0.304572   4
  1  0  0.938300 -0.033258  0.142454  0.080011   3
  1  0  0.938300  0.027813  0.041463  0.094324   1
  1  0  0.938300  0.000419 -0.077207  0.256667   5
  1  0  0.938300  0.136927  0.018453  0.027632   1
  1  0  0.938300  0.032284 -0.278725  0.152675   2
  1  0  0.938300  0.277342  0.365252  0.342668   2
  1  0  0.938300 -0.105584  0.390241  0.254640   3
  1  0  0.938300  0.086008 -0.242508 -0.072453   2
  1  0  0.938300  0.179334 -0.414825  0.353486  10
  1  0  0.938300 -0.085576  0.096376  0.228957   5
  1  0  0.938300 -0.278047  0.304899  0.623187   4
  1  0  0.938300 -0.130935 -0.225189  0.447627   4
  1  0  0.938300 -0.194053  0.236477  0.341140   2
  1  0  0.938300 -0.361337 -0.138808  0.543653   2
  1  0  0.938300  0.085420 -0.035859  0.178203   4
  1  0  0.938300  0.087543 -0.254981  0.272325   5
  1  0  0.938300 -0.037926 -0.036737 -0.015857   2
  1  0  0.938300  0.165680 -0.007238 -0.069282   1
  1  0  0.938300  0.093764 -0.315683  0.413887   3
  1  0  0.938300 -0.043830  0.016688 -0.080230   1
  1  0  0.938300 -0.305875  0.033392  0.233635   2
  1  0  0.938300  0.161038 -0.251789  0.402188   7
  1  0  0.938300  0.210966 -0.125400 -0.077477   8
  1  0  0.938300  0.569445 -0.570536  0.357258   3
  1  0  0.938300  0.267152  0.148188  0.326522   2
  1  0  0.938300 -0.011304  0.197757  0.066919   2
  1  0  0.938300 -0.205488  0.180863  0.230227   4
  1  0  0.938300  0.250214 -0.120099  0.339449   2
  1  0  0.938300  0.411302  0.039658  0.193223   2
  1  0  0.938300  0.006568  0.511109 -0.155009   3
  1  0  0.938300 -0.078570  0.101302  0.137628   3
  1  0  0.938300 -0.128389  0.105887  0.190416   1
  1  0  0.938300 -0.415570  0.247116  0.468771   3
  1  0  0.938300 -0.135306 -0.147338  0.121216   2
  1  0  0.938300 -0.197038 -0.181073  0.087249   2
  1  0  0.938300  0.251450  0.298454  0.158984   5
  1  0  0.938300 -0.273060  0.091168  0.769217   3
  1  0  0.938300 -0.210728 -0.101179  0.147324   1
  1  0  0.938300  0.180785  0.099793  0.105530   2
  1  0  0.938300  0.004745  0.233118  0.146660   3
  1  0  0.938300  0.162896 -0.122311  0.237814   6
  1  0  0.938300  0.381119  0.108844  0.466307   4
  1  0  0.938300 -0.066689  0.013286  0.009333   1
  1  0  0.938300  0.000392 -0.168322  0.034565   2
  1  0  0.938300 -0.243960 -0.035134  0.477022   7
  1  0  0.938300 -0.191050 -0.138803  0.379905   6
  1  0  0.938300  0.015555  0.034001 -0.005845   1
  1  0  0.938300  0.100941  0.031279  0.284806   2
  1  0  0.938300  0.025693 -0.221057  0.245096   3
  1  0  0.938300 -0.014785  0.367902  0.429897   5
  1  0  0.938300  0.002780 -0.068429  0.332765   6
  1  0  0.938300 -0.231389  0.098459  0.100430   3
  1  0  0.938300 -0.157610  0.151097  0.273304   5
  1  0  0.938300 -0.061886  0.045930  0.307824   4
  1  0  0.938300  0.011986  0.343930  0.366872  11
  1  0  0.938300  0.197109  0.018005  0.230315   2
  1  0  0.938300 -0.087138  0.039024  0.129351   1
  1  0  0.938300  0.050651 -0.313923  0.481217   2
  1  0  0.938300  0.262146 -0.399983 -0.045132   5
  1  0  0.938300  0.279333 -0.124690  0.152753   4
  1  0  0.938300 -0.172297  0.087958  0.332352   3
  1  0  0.938300 -0.110102  0.006601  0.024130   4
  1  0  0.938300  0.219183  0.257929  0.115392   2
  1  0  0.938300 -0.313229  0.317369  0.287736   6
  1  1  0.938300  0.288190 -0.068456  0.182954  -4
  1  1  0.938300 -0.258612  0.085906  0.310179  -6
  1  1  0.938300 -0.262531 -0.340182  0.182245  -4
  1  1  0.938300 -0.172876 -0.094463  0.662059  -2
  1  1  0.938300  0.034037 -0.215776  0.392309  -3
  1  1  0.938300  0.228812 -0.285358  0.104479  -3
  1  1  0.938300 -0.212278  0.280734  0.338141  -4
  1  1  0.938300  0.206175 -0.048231  0.244598  -4
  1  1  0.938300  0.028002 -0.047515  0.619061  -3
  1  1  0.938300  0.360972  0.251432  1.357609  -4
  1  1  0.938300  0.205559  0.235339  0.516219  -5
  1  1  0.938300 -0.180313  0.168697  0.736603  -2
  1  1  0.938300  0.223823  0.001615  0.312474  -5
  1  1  0.938300  0.108362  0.111475  0.656811  -1
  1  1  0.938300 -0.255182 -0.449524  0.417124  -7
  1  1  0.938300 -0.085221 -0.004197  0.502818  -1
  1  1  0.938300 -0.003039  0.079167  0.503215  -1
  1  1  0.938300 -0.218087  0.203038  0.186328  -4
  1  1  0.938300 -0.115964 -0.041747  0.593269  -1
  1  1  0.938300 -0.183610 -0.173268  0.589003  -3
  1  1  0.938300  0.022534 -0.004252  0.637034  -1
  1  1  0.938300 -0.125280  0.008202  0.459611  -1
  1  1  0.938300 -0.131415 -0.061392  0.564545  -5
  1  1  0.938300 -0.192576 -0.126326  0.494428  -3
  1  1  0.938300  0.121926  0.265616  0.278627  -3
  1  1  0.938300  0.026207 -0.155335  0.398156  -2
  1  1  0.938300  0.118244 -0.164868  0.416064  -2
  1  1  0.938300 -0.004513  0.110080  0.561548  -4
  1  1  0.938300 -0.149062  0.268357  0.528122  -2
  1  1  0.938300 -0.158358  0.083388  0.805933  -1
  1  1  0.938300 -0.516570  0.057013  0.288362  -4
  1  1  0.938300 -0.078996  0.239570  0.543665 -13
  1  1  0.938300  0.317000 -0.165842  0.151611  -3
  1  1  0.938300  0.094453 -0.034447  0.037487  -3
  1  1  0.938300  0.103322  0.105511  0.542206  -1
  1  1  0.938300  0.102541 -0.015303  0.537497  -3
  1  1  0.938300 -0.049663 -0.484100  0.321359  -7
  1  1  0.938300  0.062513  0.185847  0.556033 -10
  1  1  0.938300  0.249141 -0.179366  0.209737  -4
  1  1  0.938300 -0.451129 -0.194161  0.247223  -5
  1  1  0.938300  0.277134 -0.189822  0.163557  -5
  1  1  0.938300  0.128876  0.047580  0.501246  -4
  1  1  0.938300  0.127035  0.160904  0.459940  -1
  1  1  0.938300  0.195162  0.155507  0.278233  -5
  1  1  0.938300 -0.177179 -0.178756  0.041075  -4
  1  1  0.938300  0.108248 -0.045473  0.462171  -1
  1  1  0.938300  0.003388 -0.035653  0.854440  -6
  1  1  0.938300 -0.110514 -0.157867  0.725281  -4
  1  1  0.938300  0.232807 -0.045641  0.801870  -3
  1  1  0.938300 -0.045163  0.054981  0.697090  -1
  1  1  0.938300  0.307914  0.172466  0.291095  -2
  1  1  0.938300 -0.311115 -0.084424  0.569528  -2
  1  1  0.938300  0.409107 -0.064680  0.091229  -2
  1  1  0.938300 -0.252725 -0.190246  0.788376  -2
  1  1  0.938300 -0.175015  0.059741  0.091871  -7
  1  1  0.938300  0.327196  0.095148  0.258684  -2
  1  1  0.938300  0.162581 -0.089052  0.451421  -2
  1  1  0.938300 -0.197986  0.042734  0.540188  -3
  1  1  0.938300 -0.032556 -0.202508  0.231262  -5
  1  1  0.938300  0.177355  0.235420  0.914855  -4
  1  1  0.938300 -0.014094  0.149286  0.685025  -1
  1  1  0.938300  0.198900 -0.035508  0.520486 -11
  1  1  0.938300 -0.261006 -0.010677  0.487355  -2
  1  1  0.938300 -0.247255  0.076045  0.164538  -2
  1  1  0.938300  0.214312 -0.225685  0.232351  -2
  1  1  0.938300  0.204874  0.039817  0.427137  -2
  1  1  0.938300  0.029110  0.137778  0.621130  -9
  1  1  0.938300  0.212570 -0.094399  0.722310  -3
  1  1  0.938300  0.017096 -0.000205  0.185881  -2
  1  1  0.938300 -0.264678 -0.074601  0.323633  -5
  1  1  0.938300 -0.033412  0.064351  0.447053  -2
  1  1  0.938300  0.168972 -0.069376  0.484053  -3
  1  1  0.938300 -0.113632  0.120503  0.549278  -3
  1  1  0.938300 -0.164979  0.024580  0.155826  -3
  1  1  0.938300 -0.121087  0.417169  0.299836  -6
  1  1  0.938300 -0.346888 -0.195841  0.558194  -3
  1  1  0.938300  0.268440 -0.022868  0.533666  -2
  1  1  0.938300 -0.411046  0.360085  0.395151  -8
  1  1  0.938300  0.294096  0.083985  0.049505  -3
  1  0  0.938300  0.034889 -0.305930  0.823862  -2
  1  0  0.938300  0.054857 -0.009152  0.312555  -2
  1  0  0.938300  0.100304 -0.085000  0.508439  -1
  1  0  0.938300 -0.301502 -0.113742  0.435260  -3
  1  0  0.938300  0.198977  0.031669  0.640464  -3
  1  0  0.938300 -0.011086 -0.107682  0.664278  -4
  1  0  0.938300 -0.023581 -0.181694  0.779621  -4
  1  0  0.938300 -0.491804 -0.053572  0.481854  -6
  1  0  0.938300 -0.195301  0.153201  0.803540  -4
  1  0  0.938300 -0.393561  0.022601  0.471391  -6
  1  0  0.938300 -0.036106 -0.329848  0.145064  -3
  1  0  0.938300 -0.078829 -0.407108  0.374091  -3
  1  0  0.938300 -0.168818 -0.158415  0.613787  -2
  1  0  0.938300  0.204240 -0.162870  0.457030  -2
  1  0  0.938300 -0.093371 -0.062160  0.210780  -3
  1  0  0.938300 -0.098585 -0.089729  0.570085  -1
  1  0  0.938300  0.004581  0.026518  0.290463  -7
  1  0  0.938300  0.540709 -0.336102  0.456061  -3
  1  0  0.938300  0.207080  0.244435  0.463998  -9
  1  0  0.938300  0.140735 -0.037999  0.682641  -1
  1  0  0.938300  0.190663  0.274905  0.545584  -2
  1  0  0.938300  0.448110 -0.326127  0.168031  -2
  1  0  0.938300 -0.024221  0.077771  0.259889  -5
  1  0  0.938300  0.084369 -0.027631  0.223489  -5
  1  0  0.938300  0.294035  0.474472  0.973292  -3
  1  0  0.938300 -0.101694  0.195077  0.161781  -6
  1  0  0.938300 -0.196336 -0.225848  0.678270  -5
  1  0  0.938300  0.021241  0.419348  0.495964  -2
  1  0  0.938300  0.032404  0.013179  0.443436  -1
  1  0  0.938300  0.325225 -0.000480  0.215431  -3
  1  0  0.938300 -0.315389  0.107107  0.392002  -4
  1  0  0.938300 -0.422773 -0.020934  0.477186  -6
  1  0  0.938300 -0.161140 -0.006408  0.683653  -1
  1  0  0.938300 -0.249984 -0.281265  0.089276  -5
  1  0  0.938300 -0.053684  0.276815  0.080696  -2
  1  0  0.938300 -0.439358 -0.002081 -0.246315  -7
  1  1  0.938300 -0.291767  0.046262  0.216707  -2
  1  0  0.938300  0.175757  0.087600  0.188781  -4
  1  0  0.938300  0.060491 -0.037216  0.486853  -3
  1  0  0.938300 -0.225997 -0.345163  0.352910  -3
  1  0  0.938300 -0.282933  0.005337  0.216424  -5
  1  0  0.938300 -0.026594 -0.182967  0.037581  -2
  1  0  0.938300  0.041677  0.045890  0.474393  -8
  1  0  0.938300 -0.005793  0.202786  0.299771  -4
  1  0  0.938300  0.017397 -0.367546  0.388014  -2
  1  0  0.938300  0.037642 -0.027701  0.426706  -1
  1  0  0.938300 -0.097491 -0.171661  0.787296  -2
  1  0  0.938300  0.205556 -0.352438  0.449773  -3
  1  0  0.938300 -0.260764  0.004172  0.175592  -6
  1  0  0.938300  0.031074  0.050803  0.713520  -1
  1  0  0.938300  0.165937  0.046310  0.248679  -3
  1  0  0.938300  0.110415  0.154872  0.599626  -7
  1  0  0.938300  0.129263  0.219051  0.389187  -3
  1  0  0.938300  0.051700 -0.166561  0.137765  -4
  1  0  0.938300  0.155031  0.120780  0.324795  -2
  1  0  0.938300 -0.103525  0.122468  0.479583  -6
  1  0  0.938300  0.085704 -0.051782  0.338856  -1
  1  0  0.938300  0.199063  0.128279  0.680607  -1
  1  0  0.938300  0.068969  0.050429  0.324423  -2
  1  0  0.938300 -0.123724  0.171241  0.708651  -6
  1  0  0.938300 -0.081696 -0.136932  0.639179  -1
  1  0  0.938300 -0.430313  0.159215  0.208562  -2
  1  0  0.938300  0.116462 -0.070911  0.318725  -5
  1  0  0.938300 -0.034881  0.709743  0.697722  -3
  1  0  0.938300  0.044512 -0.079866  0.713869  -1
  1  0  0.938300  0.254622  0.062511  0.710852  -2
  1  0  0.938300 -0.164591 -0.082676  0.582107  -1
  1  0  0.938300  0.018073 -0.278121  0.263125  -4
  1  0  0.938300  0.208124  0.014729  0.743212  -2
  1  0  0.938300 -0.274947  0.135937  0.321553  -2
  1  0  0.938300  0.248223  0.051803  0.154352  -3
  1  0  0.938300 -0.032140  0.403265  0.264926  -2
  1  0  0.938300  0.068258  0.168044  0.730418  -2
  1  0  0.938300  0.089224  0.048380  0.483148  -1
  1  0  0.938300  0.156869  0.199727  0.299972  -6
  1  0  0.938300 -0.299513 -0.241675  0.595274  -2
  1  0  0.938300 -0.119864  0.304863  0.636589  -4
  1  0  0.938300  0.080383  0.277894  0.459363  -4
  1  0  0.938300  0.338694 -0.062421  0.436081  -4
  1  0  0.938300  0.070091  0.024516  0.292696  -5
  1  0  0.938300  0.108159 -0.147468  0.572767  -2
  1  0  0.938300 -0.008226 -0.061223  0.562975  -4
  1  0  0.938300  0.197366  0.006551  0.523809  -1
  1  0  0.938300  0.156730 -0.168233  0.383527  -2
  1  0  0.938300  0.470698 -0.061711  0.282742  -2
  1  0  0.938300 -0.170738  0.316547  0.808405  -4
  1  0  0.938300  0.135358 -0.102782  0.550523  -2
  1  0  0.938300  0.206569  0.189100  0.202343  -3
  1  0  0.938300 -0.049514  0.139971  0.841978  -1
  1  0  0.938300 -0.253196 -0.093432  0.392521  -5
  1  0  0.938300  0.081011 -0.188228  0.644757  -3
  1  0  0.938300 -0.193310  0.106968  0.363556  -4
  1  0  0.938300 -0.105894 -0.021630  0.618610  -1
  1  0  0.938300 -0.269939 -0.063059  0.341593  -4
  1  0  0.938300 -0.412293  0.306605  0.505698  -4
  1  0  0.938300  0.056363 -0.034337  0.400372  -4
  1  0  0.938300 -0.096015 -0.199361  0.248033  -7
  1  0  0.938300 -0.025101  0.360668  0.832999  -2
  1  0  0.938300 -0.387031  0.425164  0.264053  -7
  1  0  0.938300  0.004152  0.157924  0.513597  -4
  1  0  0.938300  0.138072  0.038054  0.128815  -3
  1  0  0.938300  0.187813 -0.096635  0.373139  -4
  1  0  0.938300 -0.130755  0.471443  0.228057  -3
  1  0  0.938300  0.042453  0.076811  0.276687  -3
  1  0  0.938300  0.036737  0.197134  0.520746  -1
  1  0  0.938300  0.462924 -0.063726  0.391798  -2
  1  0  0.938300 -0.112470 -0.174438  0.683324  -1
  1  0  0.938300 -0.097372 -0.106626  0.132463  -4
  1  0  0.938300  0.001851 -0.055372  0.739497  -1
  1  0  0.938300 -0.192264  0.012381  0.362451  -3
  1  0  0.938300 -0.265526 -0.027435  0.278183  -3
  1  0  0.938300  0.033194  0.327041  0.417433  -6
  1  0  0.938300  0.228717  0.159982  0.586086  -3
  1  0  0.938300 -0.061116 -0.087851  0.403272  -4
  1  0  0.938300  0.113193 -0.152549  0.815982  -2
  1  0  0.938300 -0.098549  0.005915  0.807053  -1
  1  0  0.938300 -0.626553  0.111297  0.268923  -3
  1  0  0.938300 -0.033650 -0.276662  0.583544  -3