  1  1  0.938300  0.052683 -0.198261  0.103364   1
  1  1  0.938300  0.033947  0.075768  0.086344   2
  1  1  0.938300 -0.045376 -0.152181  0.254236   2
  1  1  0.938300  0.087637 -0.052519  0.917936   3
  1  1  0.938300  0.007864  0.142289 -0.095517   1
  1  1  0.938300 -0.117597 -0.001813  0.192995   1
  1  1  0.938300 -0.329778  0.261081  0.318741   3
  1  1  0.938300  0.008812 -0.255541  0.699094   3
  1  1  0.938300  0.015639 -0.011449  0.178794   8
  1  1  0.938300  0.205920  0.054117  0.021482   1
  1  1  0.938300  0.070088 -0.212003  0.069993   2
  1  1  0.938300 -0.083586  0.010699  0.233027   1
  1  1  0.938300  0.060313 -0.206286  0.084008   1
  1  1  0.938300 -0.132355 -0.180658  0.397919   5
  1  1  0.938300  0.128949  0.012035  0.083501   7
  1  1  0.938300  0.096263 -0.151254  0.099737   5
  1  1  0.938300  0.067184 -0.101023  0.353592   8
  1  1  0.938300 -0.009620  0.288934  0.194981   2
  1  1  0.938300  0.029676 -0.357799  0.312232   5
  1  1  0.938300  0.292699 -0.098044  0.036563   3
  1  1  0.938300 -0.116535  0.038147 -0.056573   1
  1  1  0.938300 -0.136504 -0.144712  0.307921   2
  1  1  0.938300 -0.175900 -0.303483  0.061049   7
  1  1  0.938300  0.082554 -0.388135  0.406301   3
  1  1  0.938300 -0.428909  0.327839  0.334346   2
  1  1  0.938300 -0.059434  0.418399 -0.059442   3
  1  1  0.938300 -0.260359  0.033627  0.415807   2
  1  1  0.938300 -0.198086  0.038262  0.379802   3
  1  1  0.938300 -0.110841  0.021180  0.762155   4
  1  1  0.938300 -0.200588  0.036615  0.476176   3
  1  1  0.938300  0.031816 -0.031478  0.023247   1
  1  1  0.938300  0.154488  0.167096  0.171281   2
  1  1  0.938300 -0.011054 -0.056603  0.296294   1
  1  1  0.938300 -0.271540 -0.104028  0.294616   2
  1  1  0.938300  0.218804  0.134817 -0.042983   4
  1  1  0.938300 -0.051925 -0.459564  0.399104   4
  1  1  0.938300 -0.050109 -0.103045  0.199886   2
  1  1  0.938300 -0.195101 -0.107351  0.334785   2
  1  1  0.938300  0.011142  0.264240  0.254959   8
  1  1  0.938300  0.152477  0.251499  0.505358   3
  1  1  0.938300  0.017528  0.027812  0.653598   3
  1  1  0.938300 -0.012436  0.418632  0.403082   6
  1  1  0.938300  0.103748 -0.059833  0.550801   2
  1  1  0.938300  0.204261  0.224405  0.356039   3
  1  1  0.938300  0.132229  0.207820  0.273060   3
  1  1  0.938300 -0.239211  0.121422  0.347758   2
  1  1  0.938300 -0.083382  0.137569  0.261189   4
  1  1  0.938300 -0.002086  0.098863  0.459534   3
  1  1  0.938300 -0.032864 -0.316279  0.142418   5
  1  1  0.938300 -0.252104 -0.095484  0.267548   3
  1  1  0.938300  0.129675 -0.038144  0.295384   4
  1  1  0.938300 -0.037240  0.034437 -0.087984   2
  1  1  0.938300 -0.093711 -0.235928  0.247237   2
  1  1  0.938300  0.155062  0.137573  0.481841   2
  1  1  0.938300  0.428442 -0.161527  0.495600   3
  1  1  0.938300  0.144426  0.027326  0.246050   5
  1  1  0.938300 -0.044058 -0.079849  0.158550   1
  1  1  0.938300  0.073295  0.233767  0.232477   6
  1  1  0.938300  0.235415  0.303699  0.095801   3
  1  1  0.938300 -0.147016  0.034149  0.175094   2
  1  1  0.938300  0.255682 -0.306531  0.133377   3
  1  1  0.938300 -0.054682 -0.065811  0.070657   1
  1  1  0.938300 -0.317939  0.074133  0.313623   5
  1  1  0.938300 -0.199473 -0.303994  0.305457   2
  1  1  0.938300 -0.121249  0.126249  0.407954   5
  1  1  0.938300 -0.190688  0.020501  0.100125   2
  1  1  0.938300  0.152262 -0.280300  0.484809   3
  1  1  0.938300  0.001170  0.129937  0.340416   8
  1  1  0.938300  0.306258  0.445166  0.405015   5
  1  1  0.938300 -0.083635 -0.283892 -0.057106   2
  1  1  0.938300  0.275911 -0.217678  0.003829   2
  1  1  0.938300  0.561890  0.091981  0.224802   2
  1  1  0.938300  0.163321  0.177680  0.523044   2
  1  1  0.938300  0.163400 -0.171801  0.241544   2
  1  1  0.938300  0.186043  0.123642  0.039497   1
  1  1  0.938300  0.055203  0.012413  0.269806   4
  1  1  0.938300 -0.268959 -0.278399  0.610571   4
  1  1  0.938300 -0.307718  0.029633  0.180907   5
  1  1  0.938300 -0.540853  0.047740  0.154171   3
  1  0  0.938300  0.347564 -0.086271  0.630268   6
  1  0  0.938300  0.137125  0.001583  0.292734   3
  1  0  0.938300 -0.121548  0.010992  0.077737   1
  1  0  0.938300  0.161628  0.004984  0.128569   2
  1  0  0.938300 -0.013629 -0.075242 -0.041397   5
  1  0  0.938300 -0.151633 -0.153251  0.452897   4
  1  0  0.938300 -0.116717  0.149736  0.208392   1
  1  0  0.938300 -0.008337  0.101934  0.689438   4
  1  0  0.938300  0.221105  0.060285  0.021902   1
  1  0  0.938300  0.096022 -0.211159  0.338506   2
  1  0  0.938300  0.015656 -0.214396 -0.028401   1
  1  0  0.938300 -0.468038  0.055103  0.456842   2
  1  0  0.938300 -0.231966  0.046832  0.622472   5
  1  0  0.938300 -0.019209 -0.232508  0.831652   2
  1  0  0.938300 -0.223188  0.012834  0.365934   4
  1  0  0.938300  0.025924  0.278101 -0.082403   4
  1  0  0.938300 -0.306072  0.169700  0.274861   2
  1  0  0.938300  0.003267 -0.043399  0.385534   3
  1  0  0.938300 -0.190258 -0.093872  0.320668   6
  1  0  0.938300 -0.029155  0.388172  0.939640   3
  1  0  0.938300 -0.015074 -0.222301  0.146796   5
  1  0  0.938300 -0.131839 -0.018985  0.366259   3
  1  0  0.938300  0.163218  0.398995  0.253562   2
  1  0  0.938300 -0.136575 -0.159173  0.148939   1
  1  0  0.938300  0.030055 -0.086836 -0.017546   1
  1  0  0.938300  0.050733 -0.094534  0.624280   3
  1  0  0.938300 -0.039330 -0.349411  0.718382   2
  1  0  0.938300  0.231840 -0.011478  0.035019   3
  1  0  0.938300 -0.137960 -0.124463 -0.152711   2
  1  0  0.938300 -0.088452 -0.043988  0.582466   3
  1  0  0.938300  0.087539  0.128503  0.148627   7
  1  0  0.938300  0.187354  0.282060  0.465158   3
  1  0  0.938300  0.142686  0.165810  0.501930   2
  1  0  0.938300  0.132914  0.109013  0.135883   5
  1  0  0.938300 -0.085842 -0.269962  0.229049   3
  1  0  0.938300  0.207752 -0.190538  0.382043   3
  1  0  0.938300 -0.002337 -0.118772  0.197515   7
  1  0  0.938300  0.158845 -0.363084  0.452096   7
  1  0  0.938300 -0.002260  0.102290  0.268922   9
  1  0  0.938300 -0.111073  0.570676  0.354213   4
  1  0  0.938300 -0.170112 -0.096352  0.245695   3
  1  0  0.938300  0.123190 -0.209320  0.216122   3
  1  0  0.938300 -0.086123  0.012036  0.091580   1
  1  0  0.938300  0.170866  0.212665  0.638324   4
  1  0  0.938300  0.107253  0.000740  0.077072   4
  1  0  0.938300 -0.166924  0.278844  0.578434   3
  1  0  0.938300  0.146363 -0.063404  0.462907   4
  1  0  0.938300  0.023786 -0.314989  0.090251   2
  1  0  0.938300 -0.206164  0.019296  0.388963   2
  1  0  0.938300  0.128075 -0.150460  0.279677   2
  1  0  0.938300  0.014509  0.231270  0.181278   3
  1  0  0.938300  0.189691  0.132204  0.264571   2
  1  0  0.938300 -0.149102  0.264434  0.661720   5
  1  0  0.938300 -0.071962  0.146337  0.420658   3
  1  0  0.938300 -0.522987  0.530785  0.403333   2
  1  0  0.938300  0.040944  0.056164  0.565123  10
  1  0  0.938300  0.494922  0.202751  0.512821   4
  1  0  0.938300  0.304131 -0.556742  0.279672   5
  1  0  0.938300  0.188966  0.122898  0.015634   9
  1  0  0.938300  0.063697  0.168031  0.398044   2
  1  0  0.938300  0.070799  0.144331  0.496572   5
  1  0  0.938300 -0.001234  0.214830  0.050557   1
  1  0  0.938300 -0.041518  0.219946  0.285954   4
  1  0  0.938300  0.029044  0.058574  0.280905   5
  1  0  0.938300  0.210630  0.401826  0.428695   3
  1  0  0.938300 -0.010008 -0.046633 -0.061915   1
  1  0  0.938300  0.097274  0.459959  0.285056   4
  1  0  0.938300  0.143253  0.102535  0.647328   3
  1  0  0.938300  0.305696 -0.135920  0.225085   2
  1  0  0.938300  0.132396 -0.069955  0.639791   8
  1  0  0.938300 -0.095497 -0.006599  0.260361   5
  1  0  0.938300  0.072652 -0.058779  0.310281   3
  1  0  0.938300  0.070470  0.195353  0.025465   1
  1  0  0.938300 -0.090274  0.011735  0.464633   4
  1  0  0.938300  0.091348 -0.045574  0.127763   6
  1  0  0.938300  0.314517  0.148256  0.220039   3
  1  0  0.938300 -0.359639 -0.083327  0.277343   4
  1  0  0.938300  0.099328 -0.046156  0.439286   4
  1  1  0.938300 -0.362253  0.177847  0.413488   6
  1  0  0.938300  0.341120 -0.040808  0.628314   2
  1  0  0.938300  0.129673 -0.079149 -0.007196   3
  1  0  0.938300 -0.259909  0.028876  0.292448   4
  1  0  0.938300  0.365224 -0.173714  0.132871   4
  1  0  0.938300 -0.090920 -0.053541  0.502814   4
  1  0  0.938300 -0.216823  0.181785 -0.074259   7
  1  0  0.938300  0.072986 -0.160822  0.331671   4
  1  0  0.938300 -0.100818  0.091989  0.548573   4
  1  0  0.938300 -0.411017 -0.178853  0.159796   3
  1  0  0.938300 -0.297407 -0.001264  0.121168   2
  1  0  0.938300  0.065281  0.101590  0.637342   5
  1  0  0.938300  0.105139  0.197305  0.260818   2
  1  0  0.938300 -0.115593  0.351768  0.049355   2
  1  0  0.938300 -0.097348  0.022681  0.290889   3
  1  0  0.938300  0.113895 -0.124838  0.162415   1
  1  0  0.938300  0.031513 -0.133484  0.484182   2
  1  0  0.938300 -0.147771  0.122684 -0.270849   2
  1  0  0.938300  0.220217  0.128898  0.433390   2
  1  0  0.938300  0.078020  0.209338  0.216270   3
  1  0  0.938300  0.346467  0.137122  0.462653   2
  1  0  0.938300 -0.138870  0.245632  0.292383   9
  1  0  0.938300  0.098702 -0.105535  0.089263   1
  1  0  0.938300 -0.030776  0.065431  0.349775   1
  1  0  0.938300  0.018218 -0.145823  0.257030   7
  1  0  0.938300 -0.070373 -0.305096  0.354108   3
  1  0  0.938300  0.228593  0.431673  0.170724   2
  1  0  0.938300 -0.536055 -0.276905  0.302385   7
  1  0  0.938300  0.234117 -0.096836  0.060799   2
  1  0  0.938300 -0.071593  0.168141  0.449844   2
  1  0  0.938300  0.313132  0.036477  0.122995   6
  1  0  0.938300 -0.115119  0.088356  0.255537   3
  1  0  0.938300  0.176801  0.378851  0.242168   2
  1  0  0.938300  0.025024 -0.158607 -0.012457   3
  1  0  0.938300 -0.165157  0.126198  0.467607   3
  1  0  0.938300  0.280910  0.003923  0.153347   2
  1  0  0.938300 -0.038176 -0.003509  0.191359   2
  1  0  0.938300 -0.170250  0.108417 -0.003308   1
  1  0  0.938300  0.081614 -0.073286  0.273664   1
  1  0  0.938300  0.181955 -0.184613  0.502025   7
  1  1  0.938300 -0.052286 -0.031212  0.563254  -3
  1  1  0.938300  0.329695 -0.017382  0.032133 -10
  1  1  0.938300 -0.084240  0.076482 -0.058357  -3
  1  1  0.938300  0.143621  0.378022  0.352282  -7
  1  1  0.938300 -0.459241  0.061060  0.222559  -4
  1  1  0.938300  0.067428 -0.123991  0.252559  -3
  1  1  0.938300  0.066775  0.206349  0.283313  -2
  1  1  0.938300  0.066563 -0.112664  0.178611  -2
  1  1  0.938300  0.011583  0.242420  0.878675  -2
  1  1  0.938300 -0.332752 -0.300702  0.184241  -2
  1  1  0.938300 -0.093846  0.114604  0.712971  -1
  1  1  0.938300 -0.390786 -0.105667  0.156491  -5
  1  1  0.938300  0.029534  0.065866  0.728042  -3
  1  1  0.938300 -0.165439 -0.151586  0.438437  -2
  1  1  0.938300  0.111264 -0.020540  0.596370  -2
  1  1  0.938300 -0.121981  0.177533  0.706509  -1
  1  1  0.938300 -0.216178 -0.087348  0.525821  -3
  1  1  0.938300 -0.015163 -0.327344  0.847711  -2
  1  1  0.938300  0.037975 -0.001579  0.662723  -1
  1  1  0.938300  0.049884  0.169459  0.072424  -2
  1  1  0.938300  0.066225 -0.060964  0.437891  -8
  1  1  0.938300 -0.197896  0.101240  0.304123  -4
  1  1  0.938300  0.320576  0.239513  0.364411  -3
  1  1  0.938300 -0.252102  0.144240  0.573953  -5
  1  1  0.938300 -0.155770 -0.318820  0.981984  -6
  1  1  0.938300  0.200360 -0.009247  0.745515  -1
  1  1  0.938300 -0.044970  0.027351  0.393025  -2
  1  1  0.938300  0.094048 -0.247115  0.628472  -2
  1  0  0.938300 -0.271787  0.295066  0.382771  -5
  1  1  0.938300 -0.231475  0.028588  0.225695  -2
  1  1  0.938300 -0.178179  0.557255  0.515630  -4
  1  1  0.938300 -0.125480  0.110403  0.873800  -3
  1  1  0.938300  0.126980  0.095829  0.734414  -1
  1  1  0.938300 -0.197863 -0.008565  0.661249  -1
  1  1  0.938300  0.218939  0.143460  0.384558  -3
  1  1  0.938300  0.359318 -0.213318  0.545473  -2
  1  1  0.938300 -0.173414 -0.219032  0.307488  -3
  1  1  0.938300  0.064722  0.198177  0.291596  -2
  1  1  0.938300 -0.024866  0.091587  0.735162  -1
  1  1  0.938300  0.141482 -0.006267  0.624555  -2
  1  1  0.938300 -0.086648  0.062888  0.604906 -12
  1  1  0.938300  0.157317 -0.025297  0.246141  -2
  1  1  0.938300  0.189093 -0.026376  1.103687  -3
  1  1  0.938300  0.160035  0.022361  0.506539  -5
  1  1  0.938300 -0.290289 -0.186814  0.617589  -3
  1  1  0.938300  0.141107 -0.386890  0.379594  -3
  1  1  0.938300 -0.111491 -0.231866 -0.024352  -3
  1  1  0.938300 -0.126098 -0.033392  0.538361  -3
  1  1  0.938300  0.055977  0.288327  0.253495  -3
  1  1  0.938300  0.111361  0.166020  0.600938  -1
  1  1  0.938300 -0.004163  0.135715  0.507307  -1
  1  1  0.938300  0.200221 -0.276208  0.272579  -4
  1  1  0.938300 -0.077767  0.205441  0.174445  -7
  1  1  0.938300  0.123540 -0.104750  0.662696  -4
  1  1  0.938300  0.082720  0.005769  0.903280  -3
  1  1  0.938300 -0.229181  0.077578  0.503323  -2
  1  1  0.938300 -0.417033 -0.014799  0.140527  -2
  1  1  0.938300 -0.203924  0.045156  0.641877  -2
  1  1  0.938300  0.171671  0.217043  0.526733  -3
  1  1  0.938300 -0.346650  0.132317  0.504401  -2
  1  1  0.938300  0.061646 -0.015198  0.558490  -1
  1  1  0.938300  0.135580  0.286822  0.218627  -6
  1  1  0.938300  0.042101 -0.169134  0.313168  -2
  1  1  0.938300 -0.062857 -0.166255  0.399647  -3
  1  1  0.938300  0.112014 -0.108420  0.690326  -1
  1  1  0.938300  0.080306 -0.302882  0.338935  -3
  1  1  0.938300 -0.036732 -0.099569  0.807003  -1
  1  1  0.938300 -0.191119 -0.113482  0.524319  -2
  1  1  0.938300  0.048950 -0.209078  0.392920  -3
  1  1  0.938300  0.552289 -0.016163  0.363560  -3
  1  1  0.938300  0.053203  0.075537  0.579066  -1
  1  0  0.938300  0.224781 -0.039267  0.358078  -5
  1  1  0.938300  0.036385 -0.192511  0.308905  -6
  1  1  0.938300 -0.276173  0.042022  0.720534  -5
  1  1  0.938300  0.022229  0.107301  0.204518  -4
  1  1  0.938300  0.095070 -0.034147  0.797066  -2
  1  1  0.938300 -0.065222  0.393473  0.304306  -2
  1  1  0.938300 -0.318982 -0.393306  0.695384  -3
  1  1  0.938300  0.074465 -0.356277  0.783827  -3
  1  0  0.938300 -0.090733 -0.093562  0.402121  -2
  1  0  0.938300  0.219703 -0.246189  0.470179  -5
  1  0  0.938300  0.444493 -0.149721  1.010869  -2
  1  0  0.938300 -0.121709  0.296885  0.109948  -3
  1  0  0.938300  0.007714  0.081239  0.428294  -3
  1  0  0.938300  0.366640 -0.092934  0.063277  -4
  1  0  0.938300  0.045616 -0.121761  0.789225  -6
  1  0  0.938300 -0.088624 -0.418621  0.558445  -6
  1  0  0.938300  0.271147 -0.248224  0.076012  -2
  1  0  0.938300  0.112179 -0.369719  0.050787  -3
  1  0  0.938300  0.063277 -0.306794  0.355728  -6
  1  0  0.938300  0.219411 -0.180658  0.660345  -2
  1  0  0.938300  0.176700  0.062587  0.297808  -4
  1  0  0.938300  0.037691 -0.033154  0.379935  -5
  1  0  0.938300  0.046657 -0.249874  0.483742  -3
  1  0  0.938300  0.010274 -0.124209  0.442162  -2
  1  0  0.938300 -0.026952  0.156014  0.673835  -2
  1  0  0.938300  0.019521  0.238173  0.711771  -1
  1  0  0.938300 -0.102743  0.075836  0.236627  -3
  1  0  0.938300 -0.069347  0.221675  0.393187  -4
  1  0  0.938300  0.044828  0.161027  0.807916  -1
  1  0  0.938300 -0.105053  0.126995  0.498045  -1
  1  0  0.938300  0.272675 -0.069497  0.588540  -2
  1  0  0.938300 -0.024100 -0.184280  0.614975  -3
  1  0  0.938300 -0.160268  0.182339  0.299133  -7
  1  0  0.938300  0.177122 -0.045729  0.439489  -4
  1  0  0.938300 -0.183489 -0.005645  0.628757  -1
  1  0  0.938300  0.235060 -0.082352  0.487141  -2
  1  0  0.938300 -0.278934 -0.334281  0.675823  -2
  1  0  0.938300  0.142389  0.065626  0.637939  -1
  1  0  0.938300  0.214648  0.305582  0.586981  -5
  1  0  0.938300 -0.337682  0.336958  0.288601  -4
  1  0  0.938300  0.092071  0.126646  0.888257  -3
  1  0  0.938300 -0.122576  0.136425  0.251832  -3
  1  0  0.938300 -0.302049  0.123786  0.256973  -4
  1  0  0.938300  0.026889 -0.105047  0.158187 -10
  1  0  0.938300  0.113424 -0.137803  0.807945  -1
  1  0  0.938300 -0.026009  0.036970  0.577407  -1
  1  0  0.938300 -0.013494 -0.137376  0.055837  -4
  1  0  0.938300 -0.283179 -0.067534  0.380674  -2
  1  0  0.938300 -0.222589 -0.118588  0.276136  -5
  1  0  0.938300 -0.149485 -0.021264  0.369879  -3
  1  0  0.938300  0.162115 -0.215289  0.480764  -3
  1  0  0.938300 -0.026243  0.452783  0.214621  -3
  1  0  0.938300  0.380281 -0.309433  0.819049  -2
  1  0  0.938300 -0.177297  0.049270 -0.086049  -5
  1  0  0.938300 -0.279640 -0.092495  0.156315 -10
  1  0  0.938300 -0.034056 -0.269718  0.202450  -2
  1  0  0.938300  0.139214 -0.087827  0.441882  -4
  1  0  0.938300 -0.086564 -0.118844  0.675012  -1
  1  0  0.938300 -0.064249 -0.294816  0.843956  -2
  1  0  0.938300 -0.195906  0.230929  0.381267  -7
  1  0  0.938300 -0.219085  0.149083  0.321440  -2
  1  0  0.938300 -0.191737  0.073338  0.581126  -2
  1  0  0.938300 -0.107001  0.397122  0.469966  -4
  1  0  0.938300 -0.099594 -0.012152  0.303827  -3
  1  0  0.938300  0.116804  0.103307  0.726828  -1
  1  0  0.938300  0.170184  0.196144  0.485589  -2
  1  0  0.938300  0.001545  0.310621  0.477014  -2
  1  1  0.938300  0.247377  0.136103  0.387975  -6
  1  0  0.938300  0.083622  0.012319  0.606283  -5
  1  0  0.938300  0.233155  0.055078  0.378740  -3
  1  0  0.938300 -0.071344  0.144752  0.637688  -1
  1  0  0.938300 -0.216879 -0.020966  0.480304  -5
  1  0  0.938300 -0.167497  0.009120  0.700249  -1
  1  0  0.938300  0.013852 -0.048985  0.659818  -1
  1  0  0.938300  0.090812  0.023680  0.492576  -1
  1  0  0.938300 -0.221289 -0.083772  0.320949  -4
  1  0  0.938300 -0.096757  0.252336  0.022163  -2
  1  0  0.938300 -0.086521 -0.114590  0.611561  -1
  1  0  0.938300  0.072071 -0.059700  0.854923  -1
  1  0  0.938300  0.105647  0.025295  0.344207  -4
  1  0  0.938300  0.283733  0.056099  0.801510  -2
  1  0  0.938300 -0.052044 -0.207856 -0.002275  -2
  1  0  0.938300  0.126185 -0.312882  0.433275  -2
  1  0  0.938300  0.045318  0.269714  0.822659  -2
  1  0  0.938300  0.002464 -0.570174  0.270227  -4
  1  0  0.938300 -0.472819  0.132753  0.476666  -3
  1  0  0.938300 -0.114330 -0.046731  0.960645  -1
  1  0  0.938300  0.020016  0.067528  0.519317  -1
  1  0  0.938300 -0.191929  0.300181  0.418338  -3
  1  0  0.938300 -0.100208 -0.248553  0.363179  -5
  1  0  0.938300 -0.066731 -0.196008  0.198557  -6
  1  0  0.938300 -0.156151 -0.182647  0.211198  -7
  1  0  0.938300  0.345741  0.321808  0.609976  -3
  1  0  0.938300 -0.035846 -0.297811  0.097000  -9
  1  0  0.938300 -0.532169  0.053943  0.274895  -7
  1  0  0.938300 -0.073254 -0.161758  0.895295  -5
  1  0  0.938300 -0.307832  0.035770  0.584399  -2
  1  0  0.938300 -0.232652 -0.380404  0.329360  -4
  1  0  0.938300  0.103610  0.179880  0.631553  -3
  1  0  0.938300  0.105995  0.023425  0.637217  -1
  1  0  0.938300  0.178715  0.085026  0.658029  -6
  1  0  0.938300 -0.047435 -0.277672  0.088840  -6
  1  0  0.938300 -0.015098  0.255149  0.457237  -5
  1  0  0.938300  0.029334  0.165935  0.601130  -1
  1  0  0.938300  0.192833 -0.026660  0.204339  -2
  1  0  0.938300  0.124495 -0.311252 -0.059042  -4
  1  0  0.938300 -0.060468  0.093996  0.396862  -6
  1  0  0.938300  0.014560  0.106493  0.504644  -1
  1  0  0.938300 -0.079458 -0.438642  0.112989  -3
  1  0  0.938300  0.064017  0.041001  0.678129  -4
  1  0  0.938300 -0.138160 -0.146685  0.390005  -4
  1  0  0.938300  0.138306 -0.165494  0.498197  -6
  1  0  0.938300  0.442372  0.006565  0.275202  -3
  1  0  0.938300 -0.020073 -0.023896  0.602605  -1
  1  0  0.938300  0.210382 -0.074447  0.270185  -2
  1  0  0.938300  0.533755 -0.248929  0.241134  -4
  1  0  0.938300 -0.212778  0.012076  0.386275  -5
  1  0  0.938300 -0.078524  0.490264  0.639875  -3
  1  0  0.938300 -0.065499  0.081344  0.154521  -5
  1  0  0.938300 -0.189183 -0.100698  0.364121  -4
  1  0  0.938300 -0.409217  0.365846  0.446321  -5
  1  0  0.938300  0.040754 -0.204912  0.798192  -1
  1  0  0.938300  0.140207 -0.174390  0.341579  -7
  1  0  0.938300  0.117979 -0.000841  0.727743  -6
  1  0  0.938300  0.171581  0.166764  0.461762  -4
  1  0  0.938300 -0.105727 -0.430402  0.080589  -5