  1  1  0.938300 -0.157991  0.162226  0.348205  10
  1  1  0.938300 -0.221665 -0.084404  0.247339   2
  1  1  0.938300  0.319981  0.008100  0.462754   3
  1  1  0.938300  0.292000 -0.086886  0.410281   5
  1  1  0.938300 -0.114739 -0.115539  0.164394   3
  1  1  0.938300  0.044309  0.017840  0.099136   1
  1  1  0.938300  0.189684 -0.392572  0.332241   4
  1  1  0.938300  0.118342 -0.419807  0.529985   3
  1  1  0.938300  0.314637  0.113191  0.843559   4
  1  1  0.938300  0.038444 -0.070098  0.049089   3
  1  1  0.938300  0.182402 -0.152488 -0.028697   1
  1  1  0.938300  0.179994 -0.205919  1.064250   3
  1  1  0.938300 -0.047603 -0.252710  0.278578   4
  1  1  0.938300 -0.176087  0.285466  0.477059   3
  1  1  0.938300  0.125879  0.359296  0.552809   3
  1  1  0.938300  0.108477 -0.050199  0.273114   2
  1  1  0.938300 -0.127222 -0.021282  0.022381   5
  1  1  0.938300  0.011384  0.043934  0.051960   7
  1  1  0.938300  0.038612 -0.152227  0.236923   4
  1  1  0.938300 -0.098196  0.024110  0.215586   1
  1  1  0.938300 -0.131178 -0.200451  0.124827   3
  1  1  0.938300 -0.060423 -0.297507  0.536337   4
  1  1  0.938300  0.141477  0.292258  0.031964   4
  1  1  0.938300  0.025329  0.072332  0.334938   1
  1  1  0.938300 -0.073493  0.056001 -0.059982   2
  1  1  0.938300  0.467746 -0.013120  0.132315   2
  1  1  0.938300 -0.002862  0.200571  0.358814   3
  1  1  0.938300  0.095228 -0.092178  0.218465   2
  1  1  0.938300  0.186471  0.248720  0.135926   2
  1  1  0.938300 -0.483091 -0.183849  0.287520   4
  1  1  0.938300 -0.029038 -0.148740 -0.059707   2
  1  1  0.938300  0.091083  0.127443  0.008429   4
  1  1  0.938300 -0.232920 -0.225823  0.646047   2
  1  1  0.938300  0.131055  0.011051  0.054190   1
  1  1  0.938300 -0.185372 -0.107451  0.166954   2
  1  1  0.938300  0.169938 -0.127094  0.119112   1
  1  1  0.938300  0.262463  0.215964  0.632233   3
  1  1  0.938300 -0.299663  0.249389  0.485564   6
  1  1  0.938300  0.413951  0.199520 -0.126883   5
  1  1  0.938300 -0.335167  0.241704  0.134717   3
  1  1  0.938300  0.262806 -0.127267  0.248113   4
  1  1  0.938300 -0.170928 -0.033763  0.185464   1
  1  1  0.938300 -0.300250 -0.173302  0.130061   2
  1  1  0.938300 -0.174142  0.126146  0.543867  10
  1  1  0.938300 -0.257443  0.054424  0.073194   6
  1  1  0.938300 -0.157052  0.061098  0.130017   3
  1  1  0.938300  0.524885 -0.146111  0.350829   3
  1  1  0.938300  0.130289  0.203292  0.155841   4
  1  1  0.938300 -0.343609  0.120931  0.528916   5
  1  1  0.938300  0.121833  0.158646  0.126069   8
  1  1  0.938300  0.024381 -0.515015  0.581587   7
  1  1  0.938300  0.074820  0.262952  0.160351   2
  1  1  0.938300 -0.245398 -0.061705  0.402528   5
  1  1  0.938300 -0.035228  0.328882  0.180450   2
  1  1  0.938300  0.055281  0.042953  0.044966   2
  1  1  0.938300  0.125766  0.233656  0.488440   5
  1  1  0.938300  0.093777 -1.103765  0.617396   3
  1  1  0.938300  0.022693  0.345823  0.304319   6
  1  1  0.938300  0.041964 -0.240425  0.658428   5
  1  1  0.938300 -0.187517  0.156705  0.186792   2
  1  1  0.938300  0.164206 -0.182332  0.406669   2
  1  1  0.938300 -0.225396 -0.041838  0.666634   7
  1  0  0.938300  0.038759 -0.015948  0.344474   5
  1  1  0.938300 -0.433241 -0.020921  0.648511   2
  1  1  0.938300  0.348094  0.277316  0.113339   4
  1  1  0.938300  0.123893  0.379475  0.418471   2
  1  1  0.938300 -0.143030  0.133538  0.418111   2
  1  1  0.938300 -0.381037  0.260516  0.173338   2
  1  1  0.938300  0.152271  0.160616  0.015091   2
  1  1  0.938300  0.024568 -0.308299  0.405910   3
  1  1  0.938300  0.118573 -0.331790  0.463996   2
  1  1  0.938300 -0.227130 -0.006612  0.783982   4
  1  1  0.938300 -0.383621 -0.147976  0.361073   2
  1  1  0.938300 -0.084736 -0.094626  0.471003   5
  1  1  0.938300 -0.203999  0.140831  0.277889   5
  1  1  0.938300  0.131980 -0.062993  0.330275   3
  1  1  0.938300  0.099874 -0.310893  0.365854   6
  1  1  0.938300 -0.110178  0.009350  0.088015   3
  1  1  0.938300  0.208752 -0.154120  0.337842   4
  1  0  0.938300 -0.195348  0.022966  0.370687   2
  1  0  0.938300 -0.105311 -0.038052  0.161398   4
  1  0  0.938300 -0.149520  0.068204 -0.013191   1
  1  0  0.938300 -0.174323 -0.226820  0.057739   5
  1  0  0.938300  0.073535 -0.122936  0.312150   2
  1  0  0.938300 -0.035006  0.027148  0.376091   7
  1  0  0.938300 -0.041074 -0.123388  0.673642   3
  1  0  0.938300 -0.294306 -0.166900  0.290324   3
  1  0  0.938300  0.227960  0.038413  0.348144   6
  1  0  0.938300 -0.096613  0.368752  0.171040  10
  1  0  0.938300 -0.023698 -0.317942  0.212042   5
  1  0  0.938300 -0.330828 -0.425777  0.452868   4
  1  0  0.938300  0.423426 -0.025155  0.268657   4
  1  0  0.938300 -0.049532  0.253012  0.243959   3
  1  0  0.938300 -0.166074  0.179042  0.031075   2
  1  0  0.938300 -0.144586 -0.155083  0.497358   2
  1  0  0.938300 -0.089285 -0.083325  0.149192   2
  1  0  0.938300  0.381723 -0.104630  0.511800   6
  1  0  0.938300  0.081735 -0.429605  0.225436   4
  1  0  0.938300 -0.280116  0.419843  0.733559   4
  1  0  0.938300  0.163832  0.109722  0.466399   5
  1  0  0.938300 -0.170264 -0.052341  0.294271   5
  1  0  0.938300 -0.071197  0.178157  0.439619   2
  1  0  0.938300 -0.429135 -0.322751  0.512334   4
  1  0  0.938300  0.226184 -0.157938  0.592329   2
  1  0  0.938300 -0.298178  0.246055  0.175791   4
  1  0  0.938300  0.025221  0.277135  0.413908   3
  1  0  0.938300 -0.163384 -0.243547  0.128435   2
  1  0  0.938300  0.553694  0.067137  0.451923   4
  1  0  0.938300  0.023603 -0.067834  0.283653   2
  1  0  0.938300  0.144254  0.384193  0.285107   2
  1  0  0.938300 -0.023120 -0.091609  0.104959   1
  1  0  0.938300 -0.074986  0.521676  0.017901   3
  1  0  0.938300  0.058285 -0.138846  0.298716   5
  1  0  0.938300  0.087976 -0.136660  0.449470   3
  1  0  0.938300  0.112350 -0.014411 -0.033910   4
  1  0  0.938300  0.135591  0.040882  0.342161   5
  1  0  0.938300 -0.192063  0.323769  0.439540   3
  1  0  0.938300 -0.064870 -0.038782  0.541108   5
  1  0  0.938300 -0.134328  0.207285  0.364637   2
  1  0  0.938300  0.110510  0.110260  0.095121   2
  1  0  0.938300 -0.051102  0.065972  0.236301   2
  1  0  0.938300 -0.137220  0.163726  0.004664   2
  1  0  0.938300  0.059060 -0.201364  0.419323   6
  1  0  0.938300  0.152737  0.147854 -0.000149   1
  1  0  0.938300 -0.090430 -0.041738  0.084251   1
  1  0  0.938300 -0.165732 -0.051831  0.058362   7
  1  0  0.938300 -0.161216  0.014140 -0.036993   3
  1  0  0.938300  0.013317  0.126358 -0.004204   1
  1  0  0.938300 -0.195178 -0.032626  0.044715   5
  1  0  0.938300  0.404184  0.042402  0.288066   2
  1  0  0.938300  0.043803 -0.091834  0.361815   1
  1  0  0.938300  0.175917  0.026217  0.389707   8
  1  0  0.938300 -0.195311  0.141224  0.156145   2
  1  0  0.938300 -0.053159 -0.118184  0.720022   3
  1  0  0.938300  0.096602 -0.082862  0.129854   4
  1  0  0.938300 -0.188994  0.026545  0.035518   4
  1  0  0.938300  0.064106 -0.207713  0.677950   4
  1  0  0.938300 -0.093869  0.036863  0.090619   1
  1  0  0.938300 -0.080086  0.040988  0.021287   1
  1  0  0.938300  0.179932 -0.221636  0.399226   2
  1  0  0.938300 -0.261777  0.037560  0.160871   3
  1  0  0.938300  0.195816  0.150831  0.546504   2
  1  0  0.938300 -0.379582 -0.144920  0.504007   8
  1  0  0.938300 -0.562115 -0.088705  0.365921   3
  1  0  0.938300  0.129486  0.277300  0.338174   3
  1  0  0.938300  0.038407 -0.091697 -0.085041   3
  1  0  0.938300 -0.190575 -0.081346  0.072475   7
  1  0  0.938300 -0.222081 -0.133623  0.314187   4
  1  0  0.938300  0.669060  0.535933  0.497908   3
  1  0  0.938300 -0.165145 -0.067259  0.310802   3
  1  0  0.938300  0.218771  0.292186  0.347335   4
  1  0  0.938300 -0.322974  0.000768  0.449387   3
  1  0  0.938300  0.036875  0.037345  0.074433   1
  1  0  0.938300 -0.103611 -0.269919  0.189041   2
  1  0  0.938300  0.067130  0.027788 -0.083582   1
  1  0  0.938300  0.037980  0.018165  0.238518   3
  1  0  0.938300 -0.051459  0.132539  0.210221   7
  1  0  0.938300  0.167441  0.289980  0.454311  11
  1  0  0.938300  0.144567  0.191187  0.108689   7
  1  0  0.938300 -0.090653  0.218352  0.449536   5
  1  0  0.938300 -0.457631  0.071349  0.166695   6
  1  0  0.938300  0.032751 -0.269340 -0.028094   2
  1  0  0.938300 -0.124080  0.118671  0.709153   2
  1  0  0.938300 -0.168829  0.014674  0.688183   8
  1  0  0.938300  0.213828 -0.383276  0.366298   2
  1  0  0.938300 -0.215177 -0.862545  0.393983   3
  1  0  0.938300  0.220235  0.036478  0.028990   3
  1  0  0.938300  0.008165  0.052380  0.060322   5
  1  0  0.938300  0.166091 -0.221581  0.286195   2
  1  0  0.938300 -0.011284  0.026403 -0.113105   1
  1  0  0.938300 -0.255982  0.450109  0.833645   4
  1  0  0.938300  0.074042 -0.261480  0.191423   2
  1  0  0.938300 -0.236367 -0.203110  0.244397   4
  1  0  0.938300  0.079036 -0.104067  0.560456   6
  1  0  0.938300  0.104888 -0.075734  0.168739   2
  1  0  0.938300 -0.129773 -0.067772  0.547445   8
  1  0  0.938300  0.008856  0.356239  0.530558   3
  1  0  0.938300  0.023512 -0.050253  0.145738   4
  1  0  0.938300  0.086058 -0.375747  0.386964   9
  1  0  0.938300  0.134883  0.085521  0.267185   2
  1  0  0.938300 -0.043185  0.056520  0.166582   4
  1  0  0.938300 -0.070743 -0.176212  0.347654   9
  1  0  0.938300  0.198690  0.027324  0.347280   4
  1  0  0.938300 -0.087014  0.079725  0.334652   2
  1  0  0.938300  0.222311  0.030222  0.035408   4
  1  0  0.938300  0.005286 -0.088776 -0.050927   1
  1  0  0.938300  0.168507  0.066290  0.446190   5
  1  0  0.938300 -0.269801 -0.133376  0.231121   5
  1  0  0.938300  0.035364 -0.091397 -0.096700   1
  1  0  0.938300 -0.080883 -0.148297  0.327767   4
  1  0  0.938300 -0.034946 -0.080088  0.356967   4
  1  0  0.938300  0.458879 -0.267260  0.483847   4
  1  0  0.938300 -0.014084 -0.055584  0.029750   1
  1  0  0.938300 -0.315692 -0.197214  0.402233   5
  1  0  0.938300 -0.324306  0.136292  0.469072   3
  1  0  0.938300  0.315820  0.130604  0.327218   3
  1  0  0.938300  0.114574 -0.105286  0.641473   3
  1  1  0.938300  0.225916  0.368722  0.759357  -4
  1  1  0.938300 -0.388350  0.134248  0.323866  -5
  1  1  0.938300  0.284189 -0.241016  0.341394  -2
  1  1  0.938300  0.142034 -0.035110  0.263366  -2
  1  1  0.938300 -0.272315  0.242632  0.209272  -4
  1  1  0.938300  0.045629  0.193150  0.324090  -4
  1  1  0.938300  0.047242 -0.276754  0.583429  -2
  1  1  0.938300  0.094250  0.124892  0.623014  -4
  1  1  0.938300 -0.168162  0.169487  0.335895  -3
  1  1  0.938300 -0.596088 -0.336234  0.515155  -7
  1  1  0.938300 -0.000333  0.022675  0.741358  -1
  1  1  0.938300  0.345603 -0.007699  0.233713  -3
  1  1  0.938300 -0.065534  0.049843  0.815096  -1
  1  1  0.938300 -0.451275  0.098760  0.470393  -2
  1  1  0.938300 -0.143710  0.374241  0.214406  -4
  1  1  0.938300  0.155996 -0.074768  0.464270  -6
  1  1  0.938300 -0.135061  0.237634  0.389759  -4
  1  1  0.938300  0.122838 -0.506846  0.721948  -7
  1  1  0.938300 -0.412667 -0.191428  0.520178  -4
  1  1  0.938300  0.225568  0.081864  0.825563  -2
  1  1  0.938300  0.135838  0.224145  0.697418  -8
  1  1  0.938300  0.302058  0.046587  0.606496  -6
  1  1  0.938300 -0.152325 -0.143943  0.063654  -2
  1  1  0.938300  0.051254  0.233896  0.099823  -4
  1  1  0.938300 -0.145921  0.102598  0.302256 -10
  1  1  0.938300  0.031049  0.161007  0.594726  -2
  1  1  0.938300  0.068120 -0.084479  0.543396  -4
  1  1  0.938300 -0.051279  0.230628  0.042726  -4
  1  0  0.938300  0.333655 -0.146270  0.281262  -4
  1  1  0.938300  0.130567 -0.112045  0.276988  -3
  1  1  0.938300  0.370423  0.258841  0.443319  -3
  1  1  0.938300  0.057824 -0.072345  0.415786  -1
  1  1  0.938300 -0.578086  0.035844  0.496136  -3
  1  1  0.938300  0.040021  0.302154  0.527953  -4
  1  1  0.938300 -0.046775 -0.241457  0.426280  -4
  1  1  0.938300  0.243415 -0.297429  0.392653  -3
  1  1  0.938300  0.066211 -0.062786  0.499497  -2
  1  1  0.938300  0.011103  0.182985  0.314090  -3
  1  1  0.938300 -0.437522 -0.055891  0.434427  -3
  1  1  0.938300  0.090865  0.150472  0.310535  -5
  1  1  0.938300 -0.265342  0.316966  0.199435  -2
  1  1  0.938300  0.001551 -0.144888  0.254445  -4
  1  1  0.938300  0.076748  0.154851  0.229564  -5
  1  1  0.938300 -0.147915 -0.170190  0.075511  -4
  1  0  0.938300  0.045536 -0.117750  0.332432  -7
  1  1  0.938300 -0.301286 -0.046228  0.431999  -6
  1  1  0.938300  0.015719  0.094283  0.585221  -2
  1  1  0.938300 -0.014859  0.124444  0.623861  -1
  1  1  0.938300  0.134089  0.349455  0.148895  -3
  1  1  0.938300 -0.150443  0.042735  0.367280  -3
  1  1  0.938300  0.067746 -0.067600  0.716953  -1
  1  1  0.938300 -0.089856 -0.097387  0.771316  -1
  1  1  0.938300 -0.070973 -0.025615  0.795312  -1
  1  1  0.938300  0.013367 -0.109412  0.228091  -4
  1  1  0.938300  0.022923 -0.393928  0.359854  -2
  1  1  0.938300  0.181594 -0.126759 -0.023528  -4
  1  1  0.938300  0.018318  0.151336  0.436441  -4
  1  1  0.938300  0.217956  0.127394  0.367841  -3
  1  1  0.938300  0.053202  0.279571  0.473831  -2
  1  1  0.938300  0.469787 -0.232422  0.461842  -6
  1  1  0.938300 -0.129989  0.067907  0.634761  -1
  1  1  0.938300 -0.025757 -0.012319  0.489312  -4
  1  1  0.938300  0.342526  0.010254  0.273063  -2
  1  1  0.938300 -0.059930  0.222216  0.652794  -1
  1  1  0.938300 -0.126580 -0.110734  0.325906  -3
  1  1  0.938300  0.080473 -0.258825  0.372571  -6
  1  1  0.938300  0.054776  0.184492  0.107578  -2
  1  1  0.938300  0.004884  0.049723  0.444734  -4
  1  1  0.938300 -0.162556 -0.375172  0.400872  -5
  1  1  0.938300  0.394777 -0.005381  0.361574  -4
  1  1  0.938300 -0.130917  0.178311  0.809767  -1
  1  1  0.938300 -0.183207 -0.115950  0.812436  -1
  1  1  0.938300  0.141521  0.016982  0.099850  -2
  1  1  0.938300 -0.264112 -0.027801 -0.120553  -2
  1  1  0.938300 -0.191630 -0.206990  0.119182  -3
  1  1  0.938300  0.001842  0.280507  0.371882  -2
  1  1  0.938300 -0.108815  0.315241  0.126990  -6
  1  1  0.938300 -0.616128 -0.074389  0.260907  -5
  1  1  0.938300 -0.024370  0.443173  0.168374  -2
  1  0  0.938300  0.047864 -0.092594  0.561365  -4
  1  0  0.938300 -0.287196 -0.070952  0.850410  -4
  1  0  0.938300 -0.105986  0.024798  0.803771  -1
  1  0  0.938300  0.094086  0.231816  0.452502  -4
  1  0  0.938300 -0.012594  0.261592  0.423948  -5
  1  0  0.938300  0.133802  0.082043  0.504565  -4
  1  0  0.938300  0.362722  0.196417  0.822359  -5
  1  0  0.938300 -0.138518 -0.001922  0.603612  -3
  1  0  0.938300 -0.250900 -0.299673  0.199527  -5
  1  0  0.938300  0.283783 -0.067352 -0.077557  -4
  1  0  0.938300  0.118583 -0.014187  0.334665  -7
  1  0  0.938300  0.196576  0.234704  0.568256  -6
  1  0  0.938300  0.017744 -0.099086  0.542256  -3
  1  0  0.938300  0.204660  0.355635  0.322570  -3
  1  0  0.938300  0.126117 -0.116295  0.772490  -1
  1  0  0.938300 -0.244907 -0.250451  0.299521  -4
  1  0  0.938300 -0.142325 -0.133748  0.666027  -6
  1  1  0.938300  0.014780  0.004758  0.621400  -7
  1  0  0.938300 -0.024477  0.044690  0.373241  -5
  1  0  0.938300  0.055275 -0.058683  0.705851  -1
  1  0  0.938300  0.099636 -0.224197  0.408071  -4
  1  0  0.938300  0.187571 -0.197146  0.052996  -3
  1  0  0.938300 -0.091326 -0.133218  0.344275  -5
  1  0  0.938300 -0.050335 -0.027281  0.533575  -4
  1  0  0.938300 -0.142551  0.248034  0.594366  -4
  1  0  0.938300 -0.074131  0.445158  0.492322  -6
  1  0  0.938300  0.115849  0.331367  0.379380  -2
  1  1  0.938300  0.117096  0.042716  0.568854  -3
  1  0  0.938300  0.242571  0.197034  0.252595 -10
  1  0  0.938300  0.006568 -0.032034  0.227787  -3
  1  0  0.938300  0.078507  0.270785  0.214954  -3
  1  0  0.938300  0.257689  0.084024  0.480514  -4
  1  0  0.938300  0.068306 -0.093718  0.658779  -1
  1  0  0.938300 -0.131345  0.371551  0.329376  -6
  1  0  0.938300  0.080084  0.074726  0.182202  -2
  1  0  0.938300 -0.178558  0.005153  0.586090  -1
  1  0  0.938300 -0.274240 -0.040887  0.680200  -3
  1  0  0.938300  0.115361  0.418020  0.393962  -6
  1  0  0.938300  0.254351 -0.069617  0.702312  -4
  1  0  0.938300  0.037296 -0.037869  0.913226  -1
  1  0  0.938300  0.164593 -0.234759  0.392987  -3
  1  0  0.938300  0.132785 -0.182681  0.340732  -2
  1  0  0.938300 -0.084111 -0.067744  0.387205  -3
  1  0  0.938300 -0.029696  0.293830  1.005126  -2
  1  0  0.938300  0.065764  0.060373  0.201489  -4
  1  0  0.938300  0.227168  0.085447  0.452145  -4
  1  0  0.938300 -0.216516  0.044373  0.686063  -4
  1  0  0.938300 -0.139830  0.322960  0.511460  -4
  1  0  0.938300  0.164196  0.037761  0.494275  -2
  1  0  0.938300  0.006807 -0.075014  0.206100  -7
  1  0  0.938300  0.106536  0.081699  0.593605  -3
  1  0  0.938300 -0.027611  0.320820  0.575905  -4
  1  0  0.938300 -0.097702 -0.151362  0.604965  -8
  1  0  0.938300 -0.050152  0.082721  0.625376  -3
  1  0  0.938300 -0.079060 -0.210227  0.328826  -6
  1  0  0.938300 -0.044285  0.015372  0.591168  -3
  1  0  0.938300 -0.077966  0.355730  0.225452  -5
  1  0  0.938300  0.172242  0.280880  0.734101  -2
  1  0  0.938300 -0.215440 -0.044740  0.349747  -7
  1  0  0.938300  0.080243 -0.038937  0.842090  -1
  1  0  0.938300 -0.220096  0.287839  0.276502  -2
  1  0  0.938300 -0.081827 -0.241322  0.738514  -1
  1  1  0.938300 -0.525536  0.096647  0.210065  -9
  1  0  0.938300 -0.036875  0.183997  0.426985  -4
  1  0  0.938300  0.163813  0.063313  0.507919  -2
  1  0  0.938300 -0.386071  0.015236  0.368329  -3
  1  0  0.938300  0.205680 -0.120882  0.572371  -6
  1  0  0.938300  0.475663 -0.149297  0.655762  -5
  1  0  0.938300  0.178622  0.334650  0.234339  -7
  1  0  0.938300  0.290970  0.172769  0.213210  -3
  1  0  0.938300  0.093562  0.138843  0.371717  -9
  1  0  0.938300 -0.248936  0.055367  0.089674  -3
  1  0  0.938300 -0.139967  0.003920  0.509063  -2
  1  0  0.938300 -0.079715 -0.229313  0.473471  -8
  1  0  0.938300 -0.046828  0.013971 -0.061238  -3
  1  0  0.938300  0.271797 -0.199058  0.256782  -5
  1  0  0.938300 -0.050984  0.181194  0.456180  -4
  1  0  0.938300 -0.021614  0.130437  0.932153  -1
  1  0  0.938300 -0.031247 -0.429153  0.876129  -3
  1  0  0.938300  0.120325 -0.061917  0.476547  -4
  1  0  0.938300 -0.114718  0.267647  0.430751  -3
  1  0  0.938300 -0.275857  0.083283  0.645642  -3
  1  0  0.938300 -0.406248  0.257853  0.229293  -2
  1  0  0.938300 -0.031432 -0.177144  0.628070  -1
  1  0  0.938300 -0.010289 -0.219726  0.185129  -3
  1  0  0.938300  0.105601 -0.037072  0.083391  -4
  1  0  0.938300 -0.009312  0.117989  0.838380  -3
  1  0  0.938300  0.242559  0.138928  0.396846  -5
  1  0  0.938300 -0.092096  0.069363  0.839312  -1
  1  0  0.938300  0.169702  0.157810  0.606403  -3
  1  0  0.938300  0.046962 -0.020872  0.715402  -1
  1  0  0.938300  0.085134 -0.034297  0.378920  -2
  1  0  0.938300  0.089222 -0.277234  0.431253  -4
  1  0  0.938300  0.277835 -0.271900  0.421130  -8
  1  0  0.938300 -0.043272 -0.070042  0.651472  -2
  1  0  0.938300 -0.032316  0.108825  0.265483  -4
  1  0  0.938300  0.001801 -0.226992  0.221160  -3
  1  0  0.938300 -0.052677 -0.271218  0.869718  -3
  1  0  0.938300 -0.273518 -0.347440  0.327905  -5
  1  0  0.938300  0.256662 -0.125223  0.657379  -2
  1  0  0.938300  0.262982 -0.075732  0.219320  -2
  1  0  0.938300 -0.023163  0.039327  0.441891  -4
  1  0  0.938300  0.019715  0.010723  0.449231  -3
  1  0  0.938300  0.261206 -0.077099  0.662818  -2
  1  0  0.938300 -0.306842  0.168359  0.530912  -5
  1  0  0.938300  0.025246 -0.171349  0.280007  -6
  1  0  0.938300 -0.154114 -0.229829  0.289530  -5
  1  0  0.938300 -0.163165 -0.008163  0.219995  -2
  1  0  0.938300  0.131586  0.225371  0.608957  -1
  1  0  0.938300 -0.424255  0.419787  0.293394  -3
  1  0  0.938300 -0.085512  0.149029  0.574775  -1
  1  0  0.938300 -0.038326 -0.012889  0.436380  -8
  1  0  0.938300 -0.159107 -0.082919  0.282544  -7
  1  0  0.938300 -0.155279  0.205878  0.484139  -4
  1  0  0.938300 -0.039491  0.141694  0.634504  -1
  1  0  0.938300 -0.216617  0.100888  0.517617  -4
  1  0  0.938300  0.017759 -0.269793  0.377423  -4
  1  0  0.938300  0.023254 -0.027524  0.573371  -1