  1  1  0.938300  0.494509  0.203920  0.593773   6
  1  1  0.938300  0.200911 -0.057745  0.235648   3
  1  1  0.938300 -0.014454  0.023301  0.001486   1
  1  1  0.938300  0.085321  0.321072  0.515664  10
  1  1  0.938300 -0.418289  0.264663  0.142934   7
  1  1  0.938300  0.091058  0.117557  0.391593   2
  1  1  0.938300  0.056673 -0.219197  0.226715   9
  1  1  0.938300  0.261284 -0.167920  0.461411   8
  1  1  0.938300  0.299106  0.074257  0.512809   3
  1  1  0.938300 -0.225071  0.129555  0.024950   1
  1  1  0.938300  0.303702 -0.105881  0.307827   2
  1  1  0.938300  0.295134  0.177037  0.278514   5
  1  1  0.938300 -0.201963  0.482977  0.178745   2
  1  1  0.938300  0.055611 -0.180763  0.639171   2
  1  1  0.938300 -0.314074 -0.068145  0.275664   3
  1  1  0.938300 -0.001952  0.122113  0.255153   2
  1  1  0.938300 -0.472729 -0.039471  0.556905   4
  1  1  0.938300 -0.032049  0.140330  0.652144   2
  1  1  0.938300  0.011383  0.105454  0.088494   1
  1  1  0.938300 -0.069905 -0.295272  0.330788   2
  1  1  0.938300 -0.002138 -0.176035  0.594943   4
  1  1  0.938300  0.405169 -0.184044  0.679528   2
  1  1  0.938300 -0.233153 -0.224349 -0.117584   3
  1  1  0.938300  0.185579 -0.171697  0.312077   3
  1  1  0.938300  0.191526  0.021516  0.583861   4
  1  1  0.938300 -0.121221  0.123767 -0.082518   1
  1  1  0.938300 -0.244782  0.236460  0.513623   7
  1  1  0.938300  0.182842 -0.217302  0.038197   2
  1  1  0.938300  0.131142  0.325882  0.395785   5
  1  1  0.938300  0.089853  0.289446  0.338904   2
  1  1  0.938300 -0.044381 -0.131576  0.167888   2
  1  1  0.938300 -0.007320  0.134727  0.050816   4
  1  1  0.938300  0.235672  0.043661  0.084143   2
  1  1  0.938300 -0.138424  0.315850  0.174015   3
  1  1  0.938300  0.012063  0.347931  0.532792   2
  1  1  0.938300 -0.211900  0.050228  0.321678   3
  1  1  0.938300 -0.031960  0.134545  0.179039   2
  1  1  0.938300  0.176250 -0.245334  0.163803   5
  1  1  0.938300 -0.115550  0.352172  0.051042   5
  1  1  0.938300 -0.360989 -0.133722  0.332315   5
  1  1  0.938300 -0.103790 -0.132438  0.228584   2
  1  1  0.938300  0.217952  0.158567  0.134179   4
  1  1  0.938300  0.131938  0.142692  0.653683   5
  1  1  0.938300 -0.212390 -0.012179  0.314391   2
  1  1  0.938300 -0.056403  0.190404  0.031304   1
  1  1  0.938300 -0.186446  0.390548  0.279840   2
  1  1  0.938300 -0.111326  0.185848  0.185715   2
  1  1  0.938300  0.165068  0.059772  0.182826   1
  1  1  0.938300  0.402141  0.009074  0.610667   2
  1  1  0.938300  0.345153 -0.173395  0.398484   2
  1  1  0.938300 -0.185848  0.152926  0.247647   6
  1  1  0.938300  0.123848  0.325165  0.160841   2
  1  1  0.938300 -0.250092  0.226849  0.140227   2
  1  1  0.938300 -0.050881  0.029694  0.439624   3
  1  1  0.938300  0.081676 -0.078845  0.067228   1
  1  1  0.938300  0.068303 -0.060291  0.031235   1
  1  1  0.938300  0.221807 -0.270275  0.344991   2
  1  1  0.938300  0.120711  0.102165  0.174298  12
  1  1  0.938300  0.137862  0.050081  0.088398   5
  1  1  0.938300 -0.299200  0.399998  0.292400   3
  1  1  0.938300  0.410962  0.176951  0.228657   2
  1  1  0.938300  0.069350  0.271071  0.483667   4
  1  1  0.938300  0.148604 -0.117951  0.118469   2
  1  1  0.938300 -0.405284  0.078575  0.035674   3
  1  1  0.938300  0.386869 -0.072034  0.437702   9
  1  1  0.938300  0.090028 -0.305155  0.433428   5
  1  1  0.938300  0.154057  0.296397  0.106205   3
  1  1  0.938300 -0.037721  0.452021  0.184605   2
  1  1  0.938300  0.054623 -0.471638  0.303217   2
  1  1  0.938300 -0.051464  0.270291  0.225552   4
  1  1  0.938300  0.165254  0.262346  0.024024   4
  1  1  0.938300 -0.349198 -0.327453  0.032390   4
  1  1  0.938300  0.265408 -0.202331  0.367809   2
  1  1  0.938300  0.084697 -0.013917  0.273791   1
  1  1  0.938300  0.045340 -0.002059 -0.149338   1
  1  1  0.938300  0.358911 -0.179240  0.675462   2
  1  1  0.938300  0.085270  0.191708  0.612016   3
  1  1  0.938300 -0.291806  0.559629  0.691294   6
  1  1  0.938300 -0.150854 -0.145262  0.338554   2
  1  0  0.938300 -0.006269 -0.181474  0.033448   1
  1  0  0.938300 -0.011533 -0.035573  0.194841   1
  1  0  0.938300  0.022651  0.069024  0.567417   2
  1  0  0.938300  0.129351  0.074235  0.165228   1
  1  0  0.938300  0.114712  0.019902  0.182298   2
  1  0  0.938300 -0.214263 -0.049317  0.554766   4
  1  0  0.938300 -0.237716  0.131874  0.125738   3
  1  0  0.938300  0.212309 -0.376520  0.217856   4
  1  0  0.938300 -0.116513 -0.196522  0.338740   3
  1  0  0.938300  0.134639 -0.115577  0.308716   3
  1  0  0.938300  0.079303  0.026334  0.108089   2
  1  0  0.938300  0.361529  0.039729  0.224411   2
  1  0  0.938300 -0.284647 -0.096375  0.491379   3
  1  0  0.938300 -0.088315  0.062030  0.023375   5
  1  0  0.938300  0.036751 -0.103166 -0.032212   1
  1  0  0.938300 -0.298188 -0.057506  0.395869   2
  1  0  0.938300  0.046712  0.126847  0.171722   3
  1  0  0.938300  0.447740 -0.119540  0.301055   5
  1  0  0.938300 -0.171875 -0.562949  0.588392   6
  1  0  0.938300 -0.177356 -0.237000  0.713568   5
  1  0  0.938300  0.238119  0.058298  0.449422   3
  1  0  0.938300 -0.115799  0.135544  0.833505   3
  1  0  0.938300  0.106819  0.197077  0.220932   7
  1  0  0.938300  0.152405 -0.108429  0.825501   3
  1  0  0.938300 -0.184511  0.283603  0.581469   4
  1  0  0.938300 -0.131862  0.036640  0.209212   6
  1  0  0.938300  0.054013 -0.090100  0.182218   5
  1  0  0.938300  0.034984 -0.083817  0.224738   2
  1  0  0.938300 -0.245968  0.280229  0.009940   4
  1  0  0.938300 -0.090042  0.115743  0.265343   3
  1  0  0.938300 -0.251741 -0.125012  0.477057   7
  1  0  0.938300 -0.285561 -0.060020 -0.078982   3
  1  0  0.938300  0.050287  0.028243  0.307956   3
  1  0  0.938300  0.081288  0.009288  0.808990   3
  1  0  0.938300  0.008472  0.357180  0.101740   2
  1  0  0.938300 -0.475848  0.005488 -0.209483   4
  1  0  0.938300 -0.123948  0.157370 -0.005130   1
  1  0  0.938300 -0.018513 -0.037315  0.386594   3
  1  0  0.938300 -0.177972  0.107524  0.261953   4
  1  0  0.938300 -0.079268 -0.230320  0.512069   5
  1  0  0.938300  0.061254  0.229634  0.068872   1
  1  0  0.938300 -0.220724 -0.127140  0.150706   1
  1  0  0.938300 -0.114616  0.381486  0.195671   5
  1  0  0.938300 -0.049695 -0.059251  0.387852   3
  1  0  0.938300 -0.126589 -0.069069  0.186851   1
  1  0  0.938300 -0.052684 -0.183815  0.653558   3
  1  0  0.938300 -0.031988 -0.000631 -0.106210   1
  1  0  0.938300 -0.068245  0.051438  0.366800   5
  1  0  0.938300  0.126869  0.145975  0.497257   5
  1  0  0.938300  0.257433  0.248524  0.567365   5
  1  0  0.938300  0.064837 -0.275438  0.333368   2
  1  0  0.938300  0.204581 -0.122850  0.451375   3
  1  0  0.938300 -0.047500  0.162629  0.361636   8
  1  0  0.938300 -0.144425 -0.071259  0.218015   3
  1  0  0.938300  0.040481 -0.310096  0.315238   4
  1  0  0.938300  0.063269 -0.014160  0.290698   4
  1  0  0.938300 -0.046547  0.008702  0.111068   1
  1  0  0.938300  0.064925  0.021385  0.019311   6
  1  0  0.938300  0.120328  0.004663  0.081813   5
  1  0  0.938300  0.111660  0.078977  0.162710   3
  1  0  0.938300 -0.007468  0.030732  0.724225   5
  1  0  0.938300  0.169770  0.038688  0.240264   3
  1  0  0.938300 -0.237158  0.075548  0.348182   3
  1  0  0.938300 -0.150852 -0.001004  0.263434   2
  1  0  0.938300 -0.074420 -0.080872  0.029299   1
  1  0  0.938300 -0.185535 -0.134656  0.293851   2
  1  0  0.938300 -0.018206 -0.138732  0.311046   2
  1  0  0.938300  0.130678  0.094302  0.217130   6
  1  0  0.938300 -0.033949  0.108168  0.543193   2
  1  0  0.938300  0.131614  0.152760  0.517236   7
  1  0  0.938300 -0.059815  0.113758  0.237701   5
  1  0  0.938300  0.114610  0.119043  0.138379   2
  1  0  0.938300 -0.133867 -0.040956 -0.052694   1
  1  0  0.938300  0.265920  0.044377  0.477972   5
  1  0  0.938300  0.120009 -0.053726  0.025566   2
  1  0  0.938300 -0.029759  0.199148  0.224070   1
  1  0  0.938300  0.088346  0.174946  0.131346   3
  1  0  0.938300 -0.204692 -0.119670  0.232662   2
  1  0  0.938300  0.173384 -0.168446  0.268285   4
  1  0  0.938300  0.042557 -0.110685  0.377680   2
  1  0  0.938300  0.057322  0.465066  0.470739   2
  1  0  0.938300 -0.132311 -0.126982  0.511538   4
  1  0  0.938300  0.362641 -0.078930  0.236962   2
  1  0  0.938300  0.001471  0.016728  0.036487   1
  1  0  0.938300 -0.382436 -0.049644  0.022146   3
  1  0  0.938300 -0.098197 -0.070992  0.047874   1
  1  0  0.938300 -0.028075 -0.125510  0.279403   7
  1  0  0.938300 -0.117212 -0.104552 -0.021638   1
  1  0  0.938300  0.409649 -0.158001  0.476043   3
  1  0  0.938300 -0.145826  0.255189  0.276120   3
  1  0  0.938300  0.032232  0.241269  0.180602   6
  1  0  0.938300  0.114154 -0.235736  0.174160   2
  1  0  0.938300  0.155519  0.138643  0.346871   2
  1  0  0.938300  0.000801  0.113711 -0.018526   4
  1  0  0.938300 -0.142250 -0.193893  0.133521   1
  1  0  0.938300  0.126206 -0.066269  0.082632   1
  1  0  0.938300 -0.478136  0.416999  0.606895   4
  1  0  0.938300  0.185635  0.197728  0.356626   3
  1  0  0.938300  0.101271  0.110443  0.021676   5
  1  0  0.938300 -0.003781  0.238833  0.466526   2
  1  0  0.938300  0.128958  0.329450  0.828317   3
  1  0  0.938300 -0.072096  0.099195  0.428015  10
  1  0  0.938300 -0.036955 -0.062244  0.036340   2
  1  0  0.938300  0.113540  0.342694  0.263105   6
  1  0  0.938300 -0.104322  0.177682  0.623667   3
  1  0  0.938300  0.115549 -0.225005  0.723151   8
  1  0  0.938300 -0.307320 -0.370866  0.682436   3
  1  0  0.938300  0.427356  0.015394  0.354674   2
  1  0  0.938300  0.117428  0.115191  0.667013   4
  1  0  0.938300  0.000835  0.065515  0.269692   4
  1  0  0.938300  0.141189  0.266493  0.016871   4
  1  0  0.938300  0.011353 -0.103744  0.132773   7
  1  0  0.938300  0.256976 -0.007602  0.899571   4
  1  0  0.938300 -0.095977 -0.215991  0.318281   9
  1  0  0.938300  0.149342  0.093897  0.429153   3
  1  0  0.938300 -0.056092 -0.083040  0.284284   9
  1  0  0.938300  0.181750  0.293258  0.139048   2
  1  0  0.938300  0.193039 -0.389904  0.082302   2
  1  1  0.938300  0.344230  0.298657  0.171686  -4
  1  1  0.938300  0.094120  0.095590  0.293921  -3
  1  1  0.938300 -0.111112 -0.479893  0.618902  -2
  1  1  0.938300  0.060637 -0.085607  0.759666  -1
  1  1  0.938300  0.143759 -0.098039  0.761771  -1
  1  1  0.938300 -0.110377  0.226009  0.559247  -2
  1  1  0.938300 -0.136721 -0.008504  0.440306  -3
  1  1  0.938300 -0.116116 -0.172540  0.462138  -2
  1  1  0.938300 -0.199234  0.196966  0.227207  -8
  1  1  0.938300  0.043251  0.023949  0.470219  -4
  1  1  0.938300  0.046848  0.131404  0.690104  -1
  1  1  0.938300  0.226541 -0.358014  0.263411  -6
  1  1  0.938300  0.272542 -0.217589  0.538339  -4
  1  1  0.938300 -0.113657 -0.006132  0.388700  -4
  1  1  0.938300  0.101641 -0.241370  1.010288  -4
  1  1  0.938300 -0.006087 -0.157746  0.372458  -3
  1  1  0.938300  0.042719 -0.092818  0.297315  -7
  1  1  0.938300  0.167953 -0.642021  0.349718  -2
  1  1  0.938300 -0.233090  0.000330  0.557425  -3
  1  1  0.938300  0.072604  0.001515  0.122485  -2
  1  1  0.938300 -0.062936 -0.003279  0.207294  -5
  1  1  0.938300  0.427267 -0.141624  0.249969  -7
  1  1  0.938300 -0.116317  0.036515  0.792262  -1
  1  1  0.938300 -0.201597 -0.022653  0.612799  -3
  1  1  0.938300  0.077346 -0.073740  0.363794  -4
  1  1  0.938300  0.207267 -0.173722  0.661051  -1
  1  1  0.938300 -0.175986 -0.216932  0.528726  -7
  1  1  0.938300 -0.356143  0.053804  0.564718  -2
  1  1  0.938300 -0.015663 -0.161880  0.516789  -1
  1  1  0.938300  0.104514 -0.124817  0.693821  -4
  1  1  0.938300  0.058635 -0.419245  0.581889  -2
  1  1  0.938300 -0.152113  0.022972  0.348392  -2
  1  1  0.938300 -0.022627 -0.243581  0.619894  -2
  1  1  0.938300  0.339343 -0.092507  0.357943  -2
  1  1  0.938300  0.315336 -0.094988  0.228877  -4
  1  1  0.938300  0.038634  0.117984  0.727694  -7
  1  1  0.938300 -0.160196 -0.160172  0.240761  -2
  1  1  0.938300 -0.301859 -0.137156  0.417461  -2
  1  1  0.938300 -0.009819  0.339878  0.466863  -2
  1  1  0.938300  0.012595  0.008408  0.720317  -1
  1  1  0.938300  0.114591  0.267337  0.827312  -2
  1  1  0.938300  0.113747  0.162417  0.131902  -4
  1  1  0.938300  0.148590  0.038961  0.491682  -2
  1  1  0.938300 -0.008247 -0.497693  0.445098  -2
  1  1  0.938300 -0.124658 -0.082484  0.589925  -2
  1  1  0.938300 -0.260449 -0.012995  0.726456  -2
  1  1  0.938300  0.009683 -0.160560  0.692478  -1
  1  1  0.938300 -0.206249 -0.130367  0.146055  -5
  1  1  0.938300  0.063675 -0.403281  0.072828  -2
  1  1  0.938300 -0.575305  0.095210  0.256184  -4
  1  1  0.938300 -0.068253  0.180977 -0.077514  -3
  1  1  0.938300  0.118960 -0.132147  0.750859  -3
  1  1  0.938300 -0.145570  0.078623  0.705036  -1
  1  1  0.938300  0.036583  0.269350  0.224359  -3
  1  1  0.938300  0.049501 -0.016254  0.379787  -2
  1  1  0.938300  0.209192 -0.074118  0.635250  -1
  1  1  0.938300 -0.453356 -0.030216  0.513400  -2
  1  1  0.938300 -0.138664 -0.167770  0.251099  -2
  1  1  0.938300 -0.203238  0.172117  0.413770  -6
  1  1  0.938300  0.052194  0.087966  0.282312  -2
  1  1  0.938300  0.261616 -0.542978  0.409988  -3
  1  1  0.938300 -0.338527 -0.154129  0.445627  -6
  1  1  0.938300 -0.115052 -0.204982  0.507831  -3
  1  1  0.938300 -0.172699 -0.006911  0.259890  -4
  1  1  0.938300  0.221111 -0.100987  0.614488  -2
  1  1  0.938300 -0.051795 -0.108385  0.567500  -1
  1  1  0.938300 -0.218448 -0.265417  0.278202 -10
  1  1  0.938300 -0.220301 -0.256419  0.057851  -4
  1  1  0.938300 -0.272162 -0.062648  0.263970  -8
  1  1  0.938300 -0.172709 -0.011336  0.048384  -4
  1  1  0.938300 -0.171530 -0.656188  0.155433  -5
  1  1  0.938300 -0.074233  0.290254  0.335335  -4
  1  1  0.938300 -0.221306 -0.006028  0.645046  -1
  1  1  0.938300  0.101271  0.102179  0.494227  -4
  1  1  0.938300 -0.020986  0.123623  0.708438  -4
  1  1  0.938300 -0.257905  0.078266  0.877808  -3
  1  1  0.938300  0.004057 -0.234248  0.237030  -4
  1  1  0.938300 -0.349768  0.353033  0.260902  -2
  1  1  0.938300  0.377385  0.057587  0.137683  -5
  1  0  0.938300 -0.067510 -0.047467  0.400966  -1
  1  0  0.938300  0.097397 -0.000291  0.843939  -1
  1  0  0.938300 -0.085791  0.066588  0.031591  -3
  1  0  0.938300 -0.201424  0.204196  0.601803  -2
  1  0  0.938300 -0.048644 -0.138350  0.146520  -3
  1  0  0.938300 -0.122686  0.321903  0.459141  -2
  1  0  0.938300  0.133500 -0.131116  0.367999  -5
  1  0  0.938300  0.110548  0.188543  0.522666  -7
  1  0  0.938300 -0.281285 -0.038836  0.023259  -2
  1  0  0.938300 -0.031337 -0.604800  0.554789  -4
  1  0  0.938300 -0.287994  0.368632  0.588707  -2
  1  0  0.938300  0.187714  0.038921  0.380660  -2
  1  0  0.938300  0.029023 -0.206868  0.688018  -2
  1  0  0.938300 -0.320705 -0.161402  0.440681  -4
  1  0  0.938300 -0.028135 -0.310846  0.403217  -2
  1  0  0.938300  0.112407 -0.039126  0.349155  -4
  1  0  0.938300 -0.014325 -0.059837  0.236624  -2
  1  0  0.938300 -0.307162  0.003284  0.467428  -4
  1  0  0.938300  0.259681 -0.241799  0.428123  -4
  1  0  0.938300  0.039701  0.354499  0.661044  -3
  1  0  0.938300  0.188574 -0.315320  0.312003  -2
  1  0  0.938300 -0.067627 -0.175464 -0.000065  -7
  1  0  0.938300 -0.029285 -0.003871  0.214848  -3
  1  0  0.938300 -0.165156  0.141214  0.460622  -1
  1  0  0.938300 -0.103920  0.223618  0.510254  -4
  1  0  0.938300 -0.034301  0.001114  0.736001  -1
  1  0  0.938300  0.205777  0.161759  0.526526  -5
  1  0  0.938300 -0.122754  0.362868  0.257491  -3
  1  0  0.938300 -0.083292 -0.194112  0.715857  -1
  1  0  0.938300 -0.083281  0.150774  0.396813  -3
  1  0  0.938300  0.012562 -0.336917  0.338316  -7
  1  0  0.938300  0.083935  0.277139  0.614482  -7
  1  0  0.938300  0.157996 -0.085232  0.498368  -2
  1  0  0.938300 -0.330920  0.194057  0.533781  -3
  1  0  0.938300  0.015227 -0.342667  0.226755  -3
  1  0  0.938300  0.111901  0.238832  0.478879  -2
  1  0  0.938300  0.255536 -0.326381  0.446832  -3
  1  0  0.938300  0.098291 -0.040165  0.163561  -6
  1  0  0.938300 -0.212730 -0.231611  0.317293  -4
  1  0  0.938300  0.123849 -0.116304  0.342456  -5
  1  0  0.938300 -0.112977  0.012025  0.436484  -5
  1  0  0.938300 -0.062916 -0.035563 -0.102565  -6
  1  0  0.938300  0.052725 -0.182240  0.319440  -3
  1  1  0.938300 -0.128022  0.102639  0.302142  -4
  1  0  0.938300 -0.028902 -0.161589  0.600482  -2
  1  0  0.938300  0.178153  0.083335  0.794158  -2
  1  0  0.938300 -0.119661  0.332511  0.456116  -2
  1  0  0.938300 -0.066703  0.025165  0.173184  -8
  1  0  0.938300  0.597581 -0.194199  0.461690  -5
  1  0  0.938300  0.137839  0.059003  0.621328  -1
  1  0  0.938300 -0.080742 -0.203543  0.497568  -2
  1  0  0.938300  0.060612 -0.331304  0.269675  -2
  1  1  0.938300  0.025695  0.330380  0.195589  -4
  1  0  0.938300  0.052616 -0.073292  0.300772  -3
  1  0  0.938300 -0.064324 -0.068699  0.835522  -1
  1  0  0.938300 -0.343809  0.111394  0.298512  -6
  1  0  0.938300 -0.129818  0.288184  0.394548  -2
  1  0  0.938300 -0.488390  0.132440  0.060304  -3
  1  0  0.938300 -0.167183 -0.026060  0.447698  -2
  1  0  0.938300 -0.121501  0.111346  0.471588  -9
  1  0  0.938300  0.044492  0.348475  0.207333  -5
  1  0  0.938300 -0.375360 -0.057288  0.671324  -5
  1  0  0.938300  0.007651  0.037838  0.739432  -2
  1  0  0.938300 -0.268641 -0.206587  0.746432  -5
  1  0  0.938300 -0.174330  0.138604  0.757599  -1
  1  0  0.938300 -0.138860 -0.129375  0.286995  -4
  1  0  0.938300  0.241738 -0.190490  0.438875  -4
  1  0  0.938300  0.068559 -0.501733  0.164614  -4
  1  0  0.938300  0.568657 -0.033791  0.421776  -3
  1  0  0.938300  0.166188  0.131843  0.236726  -2
  1  0  0.938300 -0.265053  0.096297  0.440700  -1
  1  0  0.938300  0.007315  0.033833  1.007295  -3
  1  0  0.938300  0.272059 -0.228742  0.465499  -2
  1  0  0.938300  0.106262 -0.063138  0.761936  -3
  1  0  0.938300 -0.102187 -0.076424  0.863688  -1
  1  0  0.938300  0.262888 -0.024294  0.726303  -7
  1  0  0.938300 -0.027207  0.056022  0.645791  -1
  1  0  0.938300 -0.112022 -0.051131  0.662819  -1
  1  0  0.938300  0.022552 -0.329623  0.580540  -2
  1  0  0.938300  0.251177  0.182944 -0.078327  -3
  1  0  0.938300 -0.047632  0.080761  0.827301  -4
  1  0  0.938300 -0.137383  0.115819  0.149968  -4
  1  0  0.938300  0.134071  0.019110  0.420602  -4
  1  0  0.938300  0.234973 -0.198535  0.249957  -4
  1  0  0.938300 -0.033809 -0.158462  0.757839  -2
  1  0  0.938300  0.266402  0.023957  0.288678  -3
  1  0  0.938300 -0.286040  0.072446  0.385992  -3
  1  0  0.938300  0.471161  0.493319  0.301807  -2
  1  0  0.938300  0.114103 -0.150993  0.154568  -6
  1  0  0.938300 -0.030862 -0.337618  0.279152  -4
  1  0  0.938300 -0.228990  0.206361  0.230131  -4
  1  0  0.938300  0.140679  0.202429  0.050189  -4
  1  0  0.938300  0.120111 -0.036301  0.422813  -2
  1  0  0.938300  0.160363 -0.057733  0.704368  -2
  1  0  0.938300 -0.342488  0.085873  0.226057  -6
  1  0  0.938300  0.084336 -0.312768  0.378141  -3
  1  0  0.938300  0.015118  0.257178  0.235609  -3
  1  0  0.938300 -0.105653 -0.059609  0.450581  -4
  1  0  0.938300  0.147005  0.137400  0.300361  -3
  1  0  0.938300  0.106823  0.079157  0.723726  -1
  1  0  0.938300  0.397931  0.204605  0.099003  -6
  1  0  0.938300  0.270285 -0.252545  0.578455  -4
  1  0  0.938300  0.209948  0.173191  0.246207  -4
  1  0  0.938300  0.028234  0.070574  0.639325  -1
  1  0  0.938300 -0.134345  0.204120  0.921664  -5
  1  0  0.938300 -0.261847 -0.079506  0.138411  -5
  1  0  0.938300  0.007663 -0.011606  0.527348  -1
  1  0  0.938300 -0.042519 -0.055689  0.762321  -1
  1  0  0.938300  0.029874 -0.226602  0.204745  -4
  1  0  0.938300 -0.105859  0.101512  0.511723  -2
  1  0  0.938300 -0.035976 -0.026440  0.539562  -5
  1  0  0.938300 -0.097522 -0.419422  0.787007  -5
  1  0  0.938300  0.389675 -0.271366  0.454421  -6
  1  0  0.938300 -0.081336  0.120562  0.741265  -1
  1  0  0.938300 -0.037229  0.259465  0.837992  -2
  1  0  0.938300  0.070587 -0.147849  0.665600  -4
  1  0  0.938300 -0.136564 -0.072417  0.448205  -2
  1  0  0.938300  0.162410 -0.203890  0.431413  -3