  1  1  0.938300 -0.040918 -0.152491  0.499932   2
  1  1  0.938300  0.118781  0.037682  0.237606   1
  1  1  0.938300 -0.076186 -0.154167  0.069922   2
  1  1  0.938300 -0.053684  0.080140  0.258965   1
  1  1  0.938300 -0.003395  0.058609  0.364131   3
  1  1  0.938300 -0.372560 -0.012333  0.365543   4
  1  1  0.938300  0.091063  0.002777  0.099352   1
  1  1  0.938300 -0.394116 -0.599182  0.669054   5
  1  1  0.938300 -0.023034 -0.082246 -0.060964   1
  1  1  0.938300 -0.121800 -0.123978  0.067421   3
  1  1  0.938300 -0.171370  0.517670  0.403419   2
  1  1  0.938300 -0.088738  0.073408  0.333219   2
  1  1  0.938300  0.040473  0.150950  0.536250   5
  1  1  0.938300 -0.193919  0.097837  0.724279   2
  1  1  0.938300  0.124898 -0.115310  0.314497   7
  1  1  0.938300 -0.049905  0.054675  0.426193   7
  1  1  0.938300 -0.170070 -0.239278 -0.206168   5
  1  1  0.938300  0.187691 -0.400774  0.666844   2
  1  1  0.938300 -0.051899  0.188886  0.341284   4
  1  1  0.938300  0.091369  0.102932  0.235893   1
  1  1  0.938300 -0.037342  0.032740 -0.079578   1
  1  1  0.938300  0.100958 -0.376778  0.260797   6
  1  1  0.938300 -0.019821 -0.183109  0.285791   2
  1  1  0.938300  0.012483 -0.050390  0.208592   1
  1  1  0.938300 -0.238478 -0.470754  0.334190   5
  1  1  0.938300 -0.170815 -0.062457  0.229732   2
  1  1  0.938300 -0.229787  0.079420  0.052950   5
  1  1  0.938300  0.494728 -0.202363  0.418923   2
  1  1  0.938300  0.175611 -0.138176  0.081419   1
  1  1  0.938300 -0.130242 -0.158552  0.294186   6
  1  1  0.938300  0.025802 -0.185449  0.579193   2
  1  1  0.938300 -0.407684 -0.109116  0.459369   6
  1  1  0.938300 -0.128202 -0.474347  0.106647   6
  1  1  0.938300 -0.118558  0.111021 -0.054000   1
  1  1  0.938300  0.019267  0.280799  0.065393   4
  1  1  0.938300 -0.181463  0.048816  0.269415   4
  1  1  0.938300  0.283509  0.081192  0.195175   2
  1  1  0.938300  0.762701 -0.145093  0.394022   2
  1  1  0.938300 -0.024614 -0.045778  0.236585   3
  1  1  0.938300  0.092026 -0.092497  0.112543   2
  1  1  0.938300  0.016636  0.086627  0.063152   1
  1  1  0.938300  0.551917 -0.054210  0.696168  10
  1  1  0.938300 -0.217365  0.021822  0.393811   3
  1  1  0.938300  0.159332  0.095982  0.106220   3
  1  1  0.938300 -0.088727 -0.353325  0.464011   2
  1  1  0.938300 -0.003699  0.546395  0.450016   2
  1  1  0.938300  0.442813 -0.169215  0.168288   4
  1  1  0.938300  0.022713 -0.382554  0.133646   2
  1  1  0.938300 -0.164184 -0.796987  0.248378   8
  1  1  0.938300  0.067105  0.417153  0.647785   2
  1  1  0.938300  0.251665  0.188631  0.456928   2
  1  1  0.938300 -0.135542  0.055397  0.110793   1
  1  1  0.938300  0.460862 -0.100912  0.305579   3
  1  1  0.938300  0.036559  0.021988  0.054501   3
  1  1  0.938300  0.319371  0.001583  0.035090   2
  1  1  0.938300 -0.164643 -0.320782  0.461232   6
  1  0  0.938300  0.240237  0.235068  0.276515   3
  1  1  0.938300  0.149619  0.039322 -0.032140   2
  1  1  0.938300  0.046053 -0.305535  0.265996   2
  1  1  0.938300 -0.057943  0.224273  0.118928   4
  1  1  0.938300  0.019246  0.216044  0.132670   2
  1  1  0.938300 -0.224184  0.039681 -0.063946   2
  1  1  0.938300  0.161291 -0.028095  0.363974   5
  1  1  0.938300  0.126223  0.046588  0.399064   5
  1  1  0.938300 -0.184509 -0.133384  0.338261   4
  1  1  0.938300 -0.327383 -0.338598  0.095867   3
  1  1  0.938300 -0.145213 -0.162226  0.327351   3
  1  1  0.938300  0.168206 -0.079362  0.451943   2
  1  1  0.938300  0.229637 -0.086496  0.458872   3
  1  1  0.938300  0.047873 -0.016229 -0.078451   1
  1  1  0.938300 -0.056347  0.227797 -0.009426   2
  1  1  0.938300  0.075017  0.210631  0.095546   1
  1  1  0.938300  0.219199  0.089140  0.483866   2
  1  1  0.938300  0.072974 -0.048719  0.469661   2
  1  1  0.938300  0.089466  0.122569  0.450936   3
  1  1  0.938300 -0.133778  0.003281  0.184801   2
  1  1  0.938300  0.075161  0.060571  0.194370   7
  1  1  0.938300  0.280490  0.098421 -0.020927   4
  1  1  0.938300 -0.057957 -0.646116  0.225974   2
  1  0  0.938300  0.130158  0.128633  0.260669   4
  1  0  0.938300 -0.200825  0.349838  0.508162   9
  1  0  0.938300 -0.061076  0.072763  0.169423   1
  1  0  0.938300  0.157380  0.188296  0.027194   3
  1  0  0.938300 -0.098706 -0.130721  0.319223   6
  1  0  0.938300 -0.247534  0.055657  0.707287   6
  1  0  0.938300 -0.113531 -0.106739  0.013197   1
  1  0  0.938300 -0.112293 -0.018265  0.272609   4
  1  0  0.938300  0.221776  0.063394  0.015169   4
  1  0  0.938300 -0.050907  0.165227  0.315759   5
  1  0  0.938300 -0.255832  0.205235  0.563391   2
  1  0  0.938300 -0.070260 -0.185342  0.706976   6
  1  0  0.938300  0.038171  0.177039  0.386510   3
  1  0  0.938300 -0.047863 -0.009817  0.579880   5
  1  0  0.938300  0.210998 -0.237708  0.111051   3
  1  0  0.938300  0.063632 -0.285954  0.446342   3
  1  0  0.938300 -0.119970 -0.032263  0.061734   1
  1  0  0.938300  0.315240 -0.272158  0.432586   3
  1  0  0.938300 -0.078343  0.316239  0.393934   4
  1  0  0.938300  0.197257  0.227409  0.368914   5
  1  0  0.938300  0.031959  0.176066  0.398127   3
  1  0  0.938300  0.147972 -0.007425  0.226174   1
  1  0  0.938300  0.348188 -0.007324  0.707867   3
  1  0  0.938300  0.143602 -0.122278  0.204039   2
  1  0  0.938300 -0.124468 -0.226283  0.128731   2
  1  0  0.938300  0.179432 -0.129513  0.714933   3
  1  0  0.938300  0.147414 -0.063806  0.511815   2
  1  0  0.938300  0.010985  0.099969 -0.009302   1
  1  0  0.938300 -0.005879 -0.085588  0.055970   1
  1  0  0.938300 -0.012664 -0.107494  0.060395   5
  1  0  0.938300  0.047406 -0.000900 -0.083426   1
  1  0  0.938300 -0.094294  0.011225  0.134614   1
  1  0  0.938300 -0.052144  0.018365 -0.006464   1
  1  0  0.938300  0.125576 -0.058517  0.193574   3
  1  0  0.938300 -0.015635 -0.359112  0.411108   4
  1  0  0.938300 -0.256065 -0.244562  0.606331   3
  1  0  0.938300 -0.130812 -0.166231  0.237706   1
  1  0  0.938300  0.148591  0.117406  0.554212   3
  1  0  0.938300  0.019586  0.028365  0.001612   3
  1  0  0.938300  0.111271  0.104099  0.137866   3
  1  0  0.938300 -0.057045  0.136033  0.957793   5
  1  0  0.938300 -0.082957 -0.067146  0.157780   2
  1  0  0.938300  0.072533 -0.042965 -0.043169   1
  1  0  0.938300  0.190486 -0.081516  0.230455   4
  1  0  0.938300  0.151115  0.145094  0.015274   3
  1  0  0.938300  0.179386  0.213086  0.562282   2
  1  0  0.938300  0.060451 -0.147271  0.866871   2
  1  0  0.938300  0.382134 -0.260678  0.056295   5
  1  0  0.938300 -0.495028 -0.037576  0.622457   2
  1  0  0.938300  0.078223  0.175607  0.102401   1
  1  0  0.938300 -0.171982 -0.003857 -0.037945   2
  1  0  0.938300  0.144122 -0.026631  0.260325   1
  1  0  0.938300  0.280830 -0.358748 -0.081828   2
  1  0  0.938300  0.106949  0.137594 -0.072015   1
  1  0  0.938300 -0.202093 -0.051891 -0.002935   3
  1  0  0.938300  0.116194 -0.174568  0.045355   1
  1  0  0.938300  0.044715  0.128136  0.750215   5
  1  0  0.938300 -0.318824 -0.238201  0.260696   3
  1  0  0.938300  0.054287 -0.054886  0.474133   4
  1  0  0.938300  0.094584 -0.028140  0.195543   3
  1  0  0.938300 -0.018085  0.126420 -0.002567   2
  1  0  0.938300  0.127232 -0.006198  0.433681   3
  1  0  0.938300  0.164907  0.205701  0.373344   4
  1  0  0.938300  0.856330  0.112410  0.611210   7
  1  0  0.938300  0.237420  0.045147  0.251463   3
  1  0  0.938300 -0.483608  0.118114  0.150798   2
  1  0  0.938300 -0.330499 -0.101137  0.598892   5
  1  0  0.938300 -0.291987 -0.298292 -0.055484   5
  1  0  0.938300  0.044378 -0.068967  0.174191   1
  1  0  0.938300  0.259454 -0.207156 -0.063873   6
  1  0  0.938300  0.019631 -0.142384  0.269488   2
  1  0  0.938300 -0.235189  0.158538  0.451153   4
  1  0  0.938300  0.075339 -0.274702 -0.014966   2
  1  0  0.938300  0.096740  0.200151  0.141097   5
  1  0  0.938300 -0.197920 -0.054963 -0.051420   5
  1  0  0.938300 -0.031433  0.063314  0.076693   1
  1  0  0.938300  0.147976  0.141911 -0.005788   6
  1  0  0.938300  0.058566  0.105847  0.275642   1
  1  0  0.938300  0.033436 -0.196220 -0.010210   1
  1  0  0.938300 -0.132001  0.147345  0.442205   3
  1  0  0.938300 -0.098090  0.190304 -0.035853   2
  1  0  0.938300  0.075684 -0.224648  0.281792   3
  1  0  0.938300  0.009897 -0.121494  0.162430   1
  1  0  0.938300 -0.074725 -0.042845  0.227487   1
  1  0  0.938300  0.084337  0.053696  0.098105   3
  1  0  0.938300 -0.185954 -0.043683  0.306054   5
  1  0  0.938300 -0.146886 -0.118472  0.220731   6
  1  0  0.938300  0.023196  0.106813  0.534233   2
  1  0  0.938300  0.126175  0.300619  0.442186   2
  1  0  0.938300  0.526100  0.060458  0.928279   4
  1  0  0.938300 -0.159610  0.355624  0.324567   2
  1  0  0.938300  0.246999  0.596523  0.296953   3
  1  0  0.938300 -0.143443 -0.031446  0.101579   2
  1  0  0.938300 -0.043309  0.055266  0.216596   1
  1  0  0.938300 -0.028448  0.075450  0.384941   3
  1  0  0.938300  0.059791  0.116944 -0.096450   1
  1  0  0.938300  0.121550 -0.606458  0.373919   2
  1  0  0.938300  0.448858 -0.478043  0.308668   5
  1  0  0.938300  0.077509  0.020545  0.446070   6
  1  0  0.938300 -0.163306  0.111127  0.280125   6
  1  0  0.938300 -0.073845  0.069965  0.342298   4
  1  0  0.938300  0.186103  0.239454  0.581339   2
  1  0  0.938300 -0.162025 -0.099103  0.585163   2
  1  0  0.938300 -0.125996 -0.188114  0.200245   4
  1  0  0.938300  0.139738  0.230579  0.389611   4
  1  0  0.938300  0.249086  0.129005  0.325573   2
  1  0  0.938300  0.457185 -0.249380  0.129522   4
  1  0  0.938300 -0.148827 -0.070110  0.339741   3
  1  0  0.938300 -0.084531 -0.186182 -0.060362   2
  1  0  0.938300  0.289382  0.035874  0.498900   4
  1  0  0.938300 -0.046774 -0.432112  0.633829   4
  1  0  0.938300 -0.006898  0.053891 -0.108633   1
  1  0  0.938300  0.162798  0.282522  0.161037   2
  1  0  0.938300  0.110810 -0.214948  0.300875   4
  1  0  0.938300 -0.181737  0.121333  0.059216   2
  1  0  0.938300  0.176488  0.068854  0.009128   1
  1  0  0.938300 -0.018366 -0.031664  0.008679   1
  1  0  0.938300 -0.144283  0.001856 -0.035689   1
  1  1  0.938300  0.118740  0.078266  0.691930  -4
  1  1  0.938300 -0.195323  0.132379  0.055244  -3
  1  1  0.938300  0.045510  0.195591  0.138013  -4
  1  1  0.938300 -0.019529 -0.074522  0.507323  -3
  1  1  0.938300  0.227768 -0.007269  0.499092  -3
  1  1  0.938300  0.058451  0.171141  0.364524  -5
  1  1  0.938300 -0.006089 -0.204890  0.822327  -1
  1  1  0.938300 -0.084473  0.086544  0.491274  -1
  1  1  0.938300  0.395905 -0.068728 -0.019355  -4
  1  1  0.938300 -0.037247  0.077403  0.333461  -6
  1  1  0.938300  0.250553  0.241270  0.746572  -4
  1  1  0.938300  0.139020  0.263182  0.430803  -4
  1  1  0.938300 -0.193575  0.320844  0.206919  -2
  1  1  0.938300  0.057874  0.360149  0.267451  -4
  1  1  0.938300  0.220803 -0.000314  0.614070  -4
  1  1  0.938300  0.042233  0.019557  0.826660  -2
  1  1  0.938300 -0.435190  0.128215  0.409492  -5
  1  1  0.938300  0.339148  0.016010  0.498308  -3
  1  1  0.938300 -0.094915  0.099934  0.575860  -1
  1  1  0.938300 -0.217572 -0.068561  0.452805  -6
  1  1  0.938300 -0.170512 -0.090825  0.548104  -1
  1  1  0.938300 -0.121484 -0.080112 -0.042456  -2
  1  1  0.938300 -0.367077 -0.231027  0.433981  -2
  1  1  0.938300 -0.289124  0.172607  0.714448  -4
  1  1  0.938300  0.002133 -0.094685  0.653992  -1
  1  1  0.938300 -0.277656  0.001918  0.298726  -3
  1  1  0.938300 -0.273991  0.237469  0.247265  -3
  1  1  0.938300 -0.414981  0.462308  0.306837  -4
  1  1  0.938300  0.235522  0.128007  0.509682  -6
  1  1  0.938300 -0.012427  0.142573  0.777976  -2
  1  1  0.938300  0.133272  0.069427  0.543296  -3
  1  1  0.938300 -0.090107 -0.105288  0.592921  -1
  1  1  0.938300 -0.146050 -0.164101  0.767781  -1
  1  1  0.938300 -0.100311  0.156409  0.372255  -4
  1  0  0.938300  0.145425  0.099058  0.609392  -4
  1  1  0.938300 -0.236521  0.091819  0.141840  -6
  1  1  0.938300  0.471036  0.027836  0.666380  -2
  1  1  0.938300 -0.313970  0.226788  0.205234  -2
  1  1  0.938300  0.257363 -0.015600  0.369192  -3
  1  1  0.938300 -0.062793 -0.297293  0.383948  -4
  1  1  0.938300 -0.278881 -0.650728  0.646683  -3
  1  1  0.938300  0.075974 -0.102089  0.704117  -1
  1  1  0.938300 -0.185349 -0.139446  0.128908  -2
  1  1  0.938300 -0.063851  0.115484  0.522722  -2
  1  1  0.938300 -0.015670  0.100012  0.517874  -4
  1  1  0.938300 -0.204461  0.299974  0.666456  -5
  1  1  0.938300  0.148175  0.060532  0.772789  -1
  1  1  0.938300 -0.293964 -0.231371  0.326540  -2
  1  1  0.938300  0.213490  0.226076  0.202789  -3
  1  1  0.938300  0.046532  0.149763  0.545640  -4
  1  1  0.938300  0.074937  0.075356  0.682640  -2
  1  1  0.938300 -0.035167  0.293957  0.166951  -4
  1  1  0.938300 -0.223033 -0.475595  0.438333  -4
  1  1  0.938300 -0.005568 -0.170251  0.657971  -3
  1  1  0.938300  0.086322 -0.299153  0.618765  -4
  1  1  0.938300  0.040037 -0.023962  0.209715  -3
  1  1  0.938300 -0.420179 -0.353330  0.632140  -7
  1  1  0.938300 -0.068203  0.042395  0.659920  -5
  1  1  0.938300  0.005741 -0.082032  0.436704  -1
  1  1  0.938300  0.105622 -0.035380  0.748448  -1
  1  1  0.938300  0.111911  0.177462  0.278430  -3
  1  1  0.938300 -0.127958  0.062156  0.661326  -1
  1  1  0.938300 -0.388838  0.136792  0.399374  -3
  1  1  0.938300 -0.232062  0.163440  0.718617  -2
  1  1  0.938300 -0.049875 -0.102133  0.754155  -3
  1  1  0.938300  0.109407 -0.258555  0.287696  -2
  1  1  0.938300 -0.010728  0.022657  0.392342  -4
  1  1  0.938300 -0.069258 -0.001126  0.303752  -2
  1  1  0.938300  0.062764  0.418776  0.648199  -3
  1  1  0.938300  0.122367 -0.171196  0.421640  -3
  1  1  0.938300  0.021849  0.221075  0.452058  -3
  1  1  0.938300 -0.183371 -0.018120 -0.087557  -5
  1  1  0.938300  0.211813  0.334563  0.888298  -3
  1  1  0.938300  0.098068 -0.065848  0.587403  -1
  1  1  0.938300 -0.044045  0.048640  0.470043  -3
  1  1  0.938300 -0.106010 -0.020344 -0.186771  -2
  1  1  0.938300 -0.354083 -0.034777  0.546321  -5
  1  1  0.938300 -0.504652  0.112093  0.292461  -6
  1  1  0.938300 -0.141335  0.048098  0.658864  -1
  1  0  0.938300 -0.130679 -0.261839  0.238256  -2
  1  0  0.938300  0.045929  0.316952  0.879993  -3
  1  0  0.938300 -0.093473 -0.073859  0.167523  -5
  1  0  0.938300  0.131038 -0.061211  0.089228  -4
  1  0  0.938300 -0.226640 -0.144149  0.361722  -4
  1  0  0.938300  0.133345 -0.044253  0.785067  -1
  1  0  0.938300 -0.397407  0.100457  0.173292  -5
  1  0  0.938300 -0.179071  0.049792  0.323264 -13
  1  0  0.938300  0.421498  0.022880  0.217960  -4
  1  0  0.938300 -0.382937 -0.038529  0.669271  -3
  1  0  0.938300 -0.061443 -0.152443  0.566057  -3
  1  0  0.938300  0.226094  0.114191  0.357929  -3
  1  0  0.938300 -0.153398  0.007341  0.139849  -2
  1  0  0.938300  0.177744  0.050114  0.619798  -1
  1  0  0.938300 -0.028421 -0.009189  0.321768  -1
  1  0  0.938300 -0.169109  0.109339  0.379176  -5
  1  1  0.938300 -0.016153 -0.190524  0.082179  -4
  1  0  0.938300  0.117033  0.128469  0.310960  -5
  1  0  0.938300 -0.141064  0.227502  0.333014  -4
  1  0  0.938300  0.115741 -0.097003  0.343951  -5
  1  0  0.938300  0.212053  0.331566  0.364088  -4
  1  0  0.938300  0.019971  0.109595  0.413218  -4
  1  0  0.938300 -0.082190  0.055547  0.810635  -1
  1  0  0.938300 -0.225987  0.090092  0.489590  -5
  1  0  0.938300 -0.146809  0.297485  0.617762  -7
  1  0  0.938300  0.164688  0.025594  0.621113  -3
  1  0  0.938300  0.440054 -0.132035  0.743594  -4
  1  0  0.938300  0.120269 -0.065310  0.771038  -1
  1  0  0.938300  0.310825 -0.241965  1.038351  -4
  1  0  0.938300 -0.059319  0.038417  0.600349  -6
  1  0  0.938300  0.039526  0.211960  0.025073  -6
  1  0  0.938300 -0.196373 -0.148345  0.353424  -6
  1  0  0.938300 -0.327705  0.133605  0.356282  -3
  1  0  0.938300 -0.195041 -0.007515  0.924469  -1
  1  0  0.938300  0.020908 -0.246219  0.696597  -1
  1  0  0.938300  0.378786  0.316722  0.468980  -3
  1  0  0.938300 -0.016086 -0.176441  0.225076  -2
  1  0  0.938300  0.010707  0.095551  0.698388  -1
  1  0  0.938300  0.082751  0.139827  0.514125  -3
  1  0  0.938300 -0.039146 -0.001769  0.606560  -2
  1  0  0.938300  0.217036  0.280548  0.453393  -2
  1  0  0.938300  0.054470 -0.141694  0.616554  -1
  1  0  0.938300  0.128599  0.279941  0.895158  -3
  1  0  0.938300  0.006798 -0.242826  0.260467  -6
  1  0  0.938300 -0.043943 -0.148020  0.527065  -1
  1  0  0.938300  0.240558  0.070861  0.419778  -3
  1  0  0.938300  0.306991  0.119524  0.754294  -4
  1  0  0.938300  0.109860 -0.099096  0.426597  -4
  1  0  0.938300 -0.047475 -0.064431  0.551296  -4
  1  0  0.938300  0.255502 -0.033401  0.409257  -5
  1  0  0.938300 -0.227704  0.100408  0.514612  -1
  1  0  0.938300 -0.361405 -0.000413  0.563218  -2
  1  0  0.938300 -0.012543 -0.490360  0.377367  -4
  1  0  0.938300 -0.391121  0.371487  0.352483  -6
  1  0  0.938300  0.352868 -0.426516  0.455492  -2
  1  0  0.938300 -0.242895  0.172913  0.615534  -2
  1  0  0.938300  0.077862 -0.004504  0.721713  -1
  1  0  0.938300 -0.125665 -0.372492  0.282746  -3
  1  0  0.938300 -0.079007 -0.088181  0.408609  -3
  1  0  0.938300  0.071710  0.277247  0.335827  -4
  1  0  0.938300 -0.199586  0.008231  0.133657  -2
  1  0  0.938300 -0.073503  0.060642  0.374547  -2
  1  0  0.938300  0.137960  0.214446  0.181044  -3
  1  0  0.938300  0.078972 -0.071928  0.444796  -1
  1  0  0.938300  0.113225  0.098878  0.282376  -3
  1  0  0.938300 -0.040014 -0.082605  0.952944  -1
  1  0  0.938300  0.159742  0.004684  0.621443  -3
  1  0  0.938300 -0.030305 -0.144973  0.372156  -6
  1  0  0.938300  0.037923 -0.179058  0.406613  -9
  1  0  0.938300 -0.183245  0.054293  0.533133  -4
  1  0  0.938300 -0.014588  0.020065  0.676463  -3
  1  0  0.938300  0.208443 -0.230771  0.173118  -2
  1  0  0.938300 -0.120426  0.054850  0.574972  -2
  1  0  0.938300 -0.045902  0.103281  0.632661  -2
  1  0  0.938300 -0.128979  0.034495  0.781469  -1
  1  0  0.938300  0.008218 -0.169128  0.326279  -7
  1  0  0.938300 -0.008411 -0.105431  0.517122  -3
  1  0  0.938300  0.230804 -0.250232  0.382971  -5
  1  0  0.938300 -0.181419 -0.137116  0.432778  -4
  1  0  0.938300  0.181047  0.261243  0.651176  -2
  1  0  0.938300  0.286219  0.082856  0.707169  -4
  1  0  0.938300 -0.035008  0.085248  0.935842  -1
  1  0  0.938300 -0.113762  0.010913  0.717861  -1
  1  0  0.938300 -0.067308  0.089202  0.828475  -1
  1  0  0.938300 -0.122286  0.048533  0.375074  -5
  1  0  0.938300 -0.141868 -0.024582  0.270674  -3
  1  0  0.938300 -0.167786 -0.072337  0.249424  -3
  1  0  0.938300 -0.002410  0.427847  0.642200  -2
  1  0  0.938300 -0.094196 -0.054629  0.303910  -3
  1  0  0.938300  0.141043 -0.091735  0.270785  -4
  1  0  0.938300 -0.169749  0.252825  0.111855  -6
  1  0  0.938300 -0.053037  0.015268  0.916629  -1
  1  0  0.938300  0.010769  0.083047  0.352610  -2
  1  0  0.938300  0.083292 -0.069532  0.335761  -5
  1  0  0.938300 -0.140964 -0.266674  0.178366  -3
  1  0  0.938300 -0.453487 -0.024918  0.551947  -5
  1  0  0.938300 -0.071524 -0.141349  0.616927  -2
  1  1  0.938300 -0.119311  0.030608  0.423972  -4
  1  0  0.938300 -0.276307  0.152862  0.069623  -7
  1  0  0.938300 -0.061927  0.165385  0.546765  -1
  1  0  0.938300 -0.054308  0.129984  0.150490  -2
  1  0  0.938300  0.256484 -0.224100  0.471371  -2
  1  0  0.938300  0.266166 -0.089533  0.661885  -2
  1  0  0.938300  0.140856 -0.275790  0.202081  -5
  1  0  0.938300  0.029056 -0.182106  0.372413  -2
  1  0  0.938300  0.087644  0.284521  0.574057  -2
  1  0  0.938300  0.268654  0.069602  0.507418  -2
  1  0  0.938300  0.038032  0.297444  0.706173  -8
  1  0  0.938300 -0.039453  0.236357  0.729831  -1
  1  0  0.938300 -0.005039  0.076453  0.674990  -1
  1  0  0.938300 -0.031176  0.020462  0.372237  -6
  1  0  0.938300 -0.322964 -0.494774  0.646725  -9
  1  0  0.938300  0.072235 -0.022925  0.503175  -3
  1  0  0.938300 -0.052241  0.007497 -0.005663  -3
  1  0  0.938300 -0.050840 -0.503557  0.556262  -2
  1  0  0.938300 -0.082404 -0.371943  0.446021  -3
  1  0  0.938300 -0.423107 -0.031067  0.752569  -4
  1  0  0.938300 -0.062339 -0.171788  0.580524  -1