  1  1  0.938300 -0.264725 -0.352935  0.530558   3
  1  1  0.938300 -0.140809  0.148271  0.081543   2
  1  1  0.938300 -0.076174  0.604178  0.513667   3
  1  1  0.938300 -0.021760  0.012074  0.006366   1
  1  1  0.938300  0.185049 -0.019735  0.443458   5
  1  1  0.938300  0.141770 -0.030965 -0.162382   6
  1  1  0.938300  0.073892  0.187259  0.069922   1
  1  1  0.938300  0.121766  0.027557  0.470166   8
  1  1  0.938300 -0.099129 -0.178314  0.809842   7
  1  1  0.938300  0.372582 -0.296795  0.396345   9
  1  1  0.938300  0.090439  0.005614  0.110191   1
  1  1  0.938300  0.343966  0.055695  0.870761   2
  1  1  0.938300  0.026229  0.168655  0.148868   3
  1  1  0.938300 -0.066428 -0.129015  0.428052   3
  1  1  0.938300 -0.016245  0.099558  0.171757   1
  1  1  0.938300 -0.104432  0.001782 -0.000438   1
  1  1  0.938300 -0.147043 -0.475788  0.621984   3
  1  1  0.938300 -0.059518 -0.133644  0.319918   5
  1  1  0.938300  0.063281 -0.119616 -0.031434   1
  1  1  0.938300 -0.555048 -0.084541 -0.038038   2
  1  1  0.938300  0.339010  0.226456  0.175958   4
  1  1  0.938300 -0.062747  0.259940  0.322916   5
  1  1  0.938300  0.214596  0.146826  0.421594   7
  1  1  0.938300 -0.217792 -0.203579  0.171376   2
  1  1  0.938300 -0.013184 -0.134959  0.231683   1
  1  1  0.938300  0.080901  0.132164  0.286535   8
  1  1  0.938300  0.068048 -0.152621  0.409143   5
  1  1  0.938300  0.094345  0.199782  0.536377   4
  1  1  0.938300 -0.000206 -0.094646 -0.046990   1
  1  1  0.938300 -0.253579  0.103353  0.233446   2
  1  1  0.938300  0.050094  0.047238  0.313411   4
  1  1  0.938300 -0.101804 -0.039046 -0.020134   1
  1  1  0.938300 -0.227560 -0.074320  0.685197   2
  1  1  0.938300  0.126695 -0.027872  0.781776   4
  1  1  0.938300 -0.032949 -0.006831  0.497969   4
  1  1  0.938300 -0.356288 -0.200933  0.592447   2
  1  1  0.938300  0.003267 -0.228474  0.454182   3
  1  1  0.938300  0.063120 -0.162647 -0.014797   1
  1  1  0.938300 -0.017766  0.385670  0.798623   4
  1  1  0.938300  0.003236 -0.404104  0.432591   5
  1  1  0.938300  0.030685  0.374126 -0.010924   3
  1  1  0.938300 -0.051172 -0.128672  0.114255   7
  1  1  0.938300  0.059445  0.113936  0.889096   3
  1  1  0.938300  0.036931 -0.132305 -0.122172   1
  1  1  0.938300 -0.230390 -0.064932  0.026014   1
  1  1  0.938300 -0.185614  0.111761  0.107115   3
  1  1  0.938300  0.163628  0.134452  0.132392   2
  1  1  0.938300 -0.010129  0.136826  0.224483   3
  1  1  0.938300 -0.217356  0.138209  0.442532   4
  1  1  0.938300  0.027222  0.140249  0.423459   3
  1  1  0.938300  0.001955 -0.221130  0.091440   3
  1  1  0.938300 -0.017299 -0.143653  0.250092   6
  1  1  0.938300 -0.168892  0.391043  0.396308   2
  1  1  0.938300 -0.137124 -0.069370  0.195547   2
  1  1  0.938300  0.177599  0.105380  0.330543   2
  1  1  0.938300 -0.017471  0.118266  0.185710   3
  1  1  0.938300 -0.240038  0.240842  0.127617   2
  1  1  0.938300  0.377606 -0.240553  0.121606   3
  1  1  0.938300 -0.067342 -0.368168  0.292482   2
  1  1  0.938300  0.145738  0.211661  0.197262   5
  1  1  0.938300  0.121931  0.188772  0.076591   1
  1  1  0.938300  0.169414  0.048964  0.138208   3
  1  0  0.938300  0.186784 -0.248116  0.512464   7
  1  1  0.938300 -0.139199 -0.216427  0.502194   2
  1  1  0.938300 -0.427819 -0.040037  0.392317   5
  1  1  0.938300  0.083026 -0.031645  0.168072   1
  1  1  0.938300 -0.107512 -0.196018  0.161307   2
  1  1  0.938300 -0.040686  0.013820  0.388966   2
  1  1  0.938300 -0.224167  0.160510  0.265192   2
  1  1  0.938300  0.085703  0.038611  0.494075   3
  1  1  0.938300  0.001206 -0.392771  0.054930   3
  1  1  0.938300 -0.028744 -0.327343  0.197033   5
  1  1  0.938300 -0.021050  0.114968  0.549333   3
  1  1  0.938300 -0.209731  0.508034  0.167231   2
  1  1  0.938300 -0.242413  0.222583  0.608316   2
  1  1  0.938300 -0.063523 -0.016283  0.474360   4
  1  1  0.938300 -0.553093  0.179155  0.055698   4
  1  1  0.938300 -0.118325  0.077875  1.050186   5
  1  1  0.938300 -0.243879 -0.164527  0.140676   5
  1  0  0.938300  0.075586  0.087721  0.201834   6
  1  0  0.938300 -0.243051  0.070230  0.639535   3
  1  0  0.938300  0.105891 -0.109932  0.377939   8
  1  0  0.938300 -0.041465  0.006718  0.538001   2
  1  0  0.938300 -0.041332 -0.059452  0.133616   2
  1  0  0.938300  0.052300 -0.378968  0.570754  11
  1  0  0.938300  0.417824 -0.142361  0.084908   3
  1  0  0.938300  0.093620  0.047529  0.134972   2
  1  0  0.938300 -0.129836 -0.038392  0.004948   2
  1  0  0.938300  0.076047  0.205932  0.241598   3
  1  0  0.938300  0.068419 -0.004221  0.293802  10
  1  0  0.938300  0.304634 -0.242104  0.237813   2
  1  0  0.938300 -0.150149  0.166890  0.652507   6
  1  0  0.938300 -0.099287  0.246954  0.355468   2
  1  0  0.938300  0.110420 -0.117049 -0.062716   1
  1  0  0.938300  0.044253  0.200307  0.250386   4
  1  0  0.938300 -0.208568 -0.146347 -0.005186   3
  1  0  0.938300 -0.258118 -0.166320  0.113098   4
  1  0  0.938300 -0.042632 -0.239933  0.348800   2
  1  0  0.938300  0.170568 -0.198399  0.583562   4
  1  0  0.938300  0.033665  0.175238  0.189428   3
  1  0  0.938300  0.166323  0.100499  0.188168   2
  1  0  0.938300  0.257733  0.110243  0.795007   6
  1  0  0.938300 -0.022109 -0.025329  0.357519   3
  1  0  0.938300  0.264173  0.307054  0.178291   2
  1  0  0.938300  0.126223  0.038444  0.506946   3
  1  0  0.938300  0.007967  0.242622  0.284023   2
  1  0  0.938300 -0.394598 -0.104118  0.373538   2
  1  0  0.938300  0.137252  0.123723 -0.104413   8
  1  0  0.938300 -0.141037  0.139844  0.001315   1
  1  0  0.938300  0.027910 -0.266728  0.301376   5
  1  0  0.938300  0.131441 -0.213918  0.138954   2
  1  0  0.938300 -0.141539  0.149320  0.626253   3
  1  0  0.938300 -0.260773 -0.048072  0.315419   4
  1  0  0.938300 -0.095985 -0.390879  0.631557   4
  1  0  0.938300 -0.274579 -0.194160  0.453063   3
  1  0  0.938300 -0.088346 -0.176866  0.258037   1
  1  0  0.938300 -0.103806 -0.008192  0.014144   1
  1  0  0.938300 -0.128556  0.219717  0.067192   1
  1  0  0.938300 -0.007527  0.031495  0.471601   7
  1  0  0.938300  0.221976 -0.341567  0.425040   7
  1  0  0.938300 -0.095295 -0.003857  0.539085   3
  1  0  0.938300  0.444645 -0.070415  0.229496   3
  1  0  0.938300  0.098507  0.120862  0.041535   3
  1  0  0.938300  0.188119 -0.018681  0.212933   3
  1  0  0.938300  0.016844  0.011971 -0.077822   1
  1  0  0.938300  0.005362 -0.232151  0.460053   4
  1  0  0.938300 -0.038167  0.091994  0.249249   6
  1  0  0.938300  0.055040 -0.215353  0.406170   4
  1  0  0.938300  0.169609 -0.014092  0.226029   4
  1  0  0.938300 -0.252693  0.005630  0.211946   5
  1  0  0.938300  0.188913  0.197047  0.325995   5
  1  0  0.938300  0.467977 -0.337895  0.469159   3
  1  0  0.938300 -0.130992 -0.033501  0.359059   7
  1  0  0.938300  0.061012  0.008759  0.092250   2
  1  0  0.938300  0.042600 -0.265849 -0.012647   4
  1  0  0.938300 -0.128725  0.471816  0.575139   6
  1  0  0.938300  0.012738 -0.114402  0.113632   1
  1  0  0.938300  0.524694 -0.129254  0.682419   4
  1  0  0.938300  0.200121 -0.109106  0.368605   5
  1  0  0.938300 -0.115696  0.128405  0.292205   2
  1  0  0.938300 -0.368256  0.372681  0.217096   2
  1  0  0.938300  0.031236  0.027136  0.365107   2
  1  0  0.938300 -0.091460  0.008113  0.563871   2
  1  0  0.938300 -0.094186  0.350533  0.693614   2
  1  0  0.938300 -0.089733 -0.069935  0.198230   1
  1  0  0.938300 -0.033073 -0.031624  0.359152   5
  1  0  0.938300  0.100283  0.278698  0.347190   3
  1  0  0.938300  0.324709  0.499993  0.313783   8
  1  0  0.938300  0.043390  0.255514 -0.050959   3
  1  0  0.938300 -0.292385  0.140542  0.445916   2
  1  0  0.938300 -0.049369  0.055729 -0.039301   1
  1  0  0.938300 -0.187145  0.275225  0.154343   3
  1  0  0.938300  0.053947 -0.163595  0.472659   2
  1  0  0.938300 -0.122023  0.188953  0.127471   1
  1  0  0.938300  0.086586  0.305238  0.344915   4
  1  0  0.938300  0.006357 -0.004410  0.570935   3
  1  0  0.938300  0.002707 -0.233266  0.365889   3
  1  0  0.938300  0.327960  0.071075  0.255365   9
  1  0  0.938300  0.072064 -0.167284 -0.025804   1
  1  0  0.938300 -0.044923 -0.018722  0.262195   4
  1  0  0.938300  0.595471 -0.507644  0.663654   2
  1  0  0.938300  0.062601 -0.076851  0.273027   5
  1  0  0.938300 -0.088737  0.187951  0.335891   2
  1  0  0.938300 -0.050304  0.012511  0.556491   5
  1  0  0.938300 -0.311900 -0.017914  0.044415   2
  1  0  0.938300  0.104339 -0.088752  0.099175   2
  1  0  0.938300 -0.059726  0.130466  0.035240   3
  1  0  0.938300  0.059156  0.144897  0.170439   3
  1  0  0.938300 -0.219861  0.260970  0.446837   3
  1  0  0.938300 -0.062259  0.084773  0.265471   4
  1  0  0.938300  0.074768  0.361123  0.181561   2
  1  0  0.938300 -0.015825 -0.441972  0.110333   2
  1  0  0.938300  0.323542 -0.221667 -0.054433   5
  1  0  0.938300  0.069670  0.336033  0.096518   2
  1  0  0.938300  0.056617  0.177594  0.264728   3
  1  0  0.938300  0.420747  0.005979  0.159985   3
  1  0  0.938300  0.109789  0.073401  0.226075   4
  1  0  0.938300 -0.335982 -0.019350  0.446010   3
  1  0  0.938300  0.176656  0.079672  0.559962   7
  1  0  0.938300  0.378315  0.115052  0.182518   4
  1  0  0.938300  0.194704 -0.214180  0.870776   4
  1  0  0.938300  0.012934  0.221941  0.210527   1
  1  0  0.938300  0.156827  0.086442  0.509968  12
  1  0  0.938300 -0.234924 -0.438972  0.397940   3
  1  0  0.938300  0.052932 -0.106287  0.069581   1
  1  0  0.938300 -0.203342  0.019000  0.400901   4
  1  0  0.938300 -0.207170  0.096718  0.714391   3
  1  0  0.938300  0.306298 -0.086654  0.163399   9
  1  0  0.938300 -0.156051 -0.212315  0.541313   6
  1  0  0.938300  0.020724 -0.026466  0.244131   3
  1  0  0.938300 -0.038352 -0.176175  0.241999   3
  1  0  0.938300  0.143620  0.287117  0.207527   3
  1  0  0.938300 -0.160686  0.053887  0.553584   5
  1  0  0.938300 -0.067480 -0.207804  0.678407   3
  1  0  0.938300  0.149065 -0.211456  0.017331   2
  1  0  0.938300  0.215915 -0.162185  0.586627   7
  1  0  0.938300  0.106324 -0.007442 -0.084289   2
  1  1  0.938300 -0.332299  0.162278  0.207363  -3
  1  1  0.938300 -0.039832 -0.221619  0.718266  -2
  1  1  0.938300 -0.368283 -0.170986  0.715267  -3
  1  1  0.938300  0.117864 -0.383479  0.467745  -2
  1  1  0.938300 -0.228618 -0.017037  0.657693  -2
  1  1  0.938300  0.015707 -0.350757 -0.059352  -5
  1  1  0.938300  0.037957 -0.021616  0.392678  -3
  1  1  0.938300 -0.542314  0.453554  0.382345  -4
  1  1  0.938300  0.133176  0.207974  0.174743  -7
  1  1  0.938300  0.047359  0.050528  0.685176  -4
  1  1  0.938300  0.199563  0.071262  0.433972  -5
  1  1  0.938300  0.029247  0.215312  0.508486  -4
  1  1  0.938300 -0.115614  0.044957  0.396987  -5
  1  1  0.938300 -0.540466 -0.149249  0.348570  -4
  1  1  0.938300  0.127067 -0.302493  0.516085  -8
  1  1  0.938300  0.545286 -0.200576  0.526912  -3
  1  1  0.938300 -0.274247  0.061921  0.199817  -4
  1  1  0.938300  0.111302 -0.121804  0.418296  -3
  1  1  0.938300 -0.290431  0.002495  0.252080  -5
  1  1  0.938300 -0.051739  0.246331  0.527836  -2
  1  1  0.938300  0.037822  0.295980  0.167940  -5
  1  1  0.938300 -0.077107 -0.341284  0.575830  -2
  1  1  0.938300  0.096385  0.136869 -0.037519  -3
  1  1  0.938300  0.042058  0.421380  0.524036  -4
  1  1  0.938300  0.476525 -0.431924  0.087010  -2
  1  1  0.938300  0.053065 -0.266564  0.106182  -5
  1  1  0.938300  0.181104  0.059993  0.656182  -1
  1  1  0.938300 -0.118644  0.046510  0.353290  -3
  1  1  0.938300  0.000240 -0.280483  0.513453  -2
  1  1  0.938300 -0.141279 -0.336403  0.275362  -4
  1  1  0.938300  0.261297  0.045372  0.732735  -1
  1  1  0.938300  0.212509  0.197142  0.451287  -2
  1  1  0.938300  0.101953  0.164685  0.595323  -4
  1  1  0.938300 -0.306829  0.481196 -0.003046  -4
  1  1  0.938300 -0.049451 -0.110752  0.530857  -1
  1  1  0.938300  0.119339 -0.000223  0.472164  -2
  1  1  0.938300  0.375050 -0.167794  0.167223  -4
  1  1  0.938300 -0.296531 -0.071695  0.523954  -4
  1  1  0.938300  0.264474 -0.216630  0.527119  -3
  1  1  0.938300  0.327190  0.022106  0.509771  -3
  1  1  0.938300 -0.242434  0.195753  0.168406  -4
  1  1  0.938300 -0.045819 -0.174841 -0.047449  -4
  1  1  0.938300 -0.081953  0.007164  0.336219  -5
  1  1  0.938300 -0.219730 -0.333596  0.222435  -2
  1  1  0.938300 -0.176964  0.195624  0.464624  -2
  1  1  0.938300 -0.046805 -0.186629  0.339480  -3
  1  1  0.938300  0.059351 -0.286689  0.196518  -2
  1  1  0.938300 -0.192642 -0.229633  0.392642  -2
  1  1  0.938300 -0.055074  0.139914  0.310114 -10
  1  1  0.938300 -0.134858 -0.034949  0.558535  -2
  1  1  0.938300 -0.164206 -0.081147  0.305698  -2
  1  1  0.938300 -0.003459 -0.004101  0.826487  -3
  1  1  0.938300 -0.030501 -0.294362  0.713158  -8
  1  1  0.938300  0.190036 -0.204187  0.465250  -3
  1  1  0.938300 -0.209542  0.108983  0.086333  -2
  1  1  0.938300  0.039617  0.064253  0.454903  -2
  1  1  0.938300 -0.263510 -0.094682  0.432841  -3
  1  1  0.938300  0.064311 -0.059228  0.443983  -5
  1  1  0.938300  0.431940  0.109244  0.591606  -3
  1  1  0.938300  0.087289  0.031725  0.352740  -2
  1  1  0.938300  0.066171  0.167879  0.567446  -3
  1  1  0.938300 -0.360331  0.261249  0.714452  -3
  1  1  0.938300  0.284095  0.241311  0.223923  -3
  1  1  0.938300  0.099018 -0.072184  0.852772  -1
  1  1  0.938300 -0.379911 -0.192458  0.341569  -2
  1  1  0.938300 -0.008981 -0.046200  0.530729  -1
  1  1  0.938300  0.030106  0.398236  0.662197  -6
  1  1  0.938300  0.577800  0.159669  0.732004  -5
  1  1  0.938300 -0.131603 -0.061562  0.395243  -2
  1  1  0.938300 -0.019677  0.039591  0.812928  -1
  1  1  0.938300 -0.184359 -0.209040  0.172683  -5
  1  1  0.938300 -0.024103 -0.116814  0.523597  -5
  1  1  0.938300 -0.159971  0.095443  0.502290  -1
  1  1  0.938300 -0.010608 -0.146656  0.303144  -3
  1  1  0.938300  0.079522  0.185696  0.319249 -10
  1  1  0.938300 -0.077726  0.363329 -0.009758  -3
  1  1  0.938300  0.410774  0.070486  0.652838  -2
  1  1  0.938300  0.112384  0.167114  0.520349  -2
  1  1  0.938300  0.255632 -0.319958  0.313967  -3
  1  0  0.938300  0.251543  0.106977  0.227135  -4
  1  0  0.938300 -0.175780 -0.030304  0.305118  -3
  1  0  0.938300  0.141561  0.351778  0.410925  -2
  1  0  0.938300 -0.102732  0.093982  0.591769  -3
  1  0  0.938300 -0.146915 -0.154090  0.522072  -2
  1  0  0.938300  0.479475 -0.171041  0.866086  -4
  1  0  0.938300  0.264030  0.280156  0.538064  -2
  1  0  0.938300 -0.088661  0.008869  0.557370  -1
  1  0  0.938300 -0.461133  0.169029  0.656006  -4
  1  0  0.938300 -0.146874 -0.057465  0.138941  -3
  1  0  0.938300 -0.166798  0.053247  0.491363  -3
  1  0  0.938300  0.077792 -0.022839  0.724861  -1
  1  0  0.938300  0.215580  0.261221  0.682901  -3
  1  0  0.938300 -0.003181 -0.180158  0.037152  -5
  1  0  0.938300  0.100391 -0.342760  0.713936  -2
  1  0  0.938300  0.006831  0.111718  0.547685 -10
  1  0  0.938300  0.118320 -0.064340  0.390897  -3
  1  0  0.938300  0.100116  0.079554  0.083580  -3
  1  0  0.938300  0.008925 -0.277779  0.216901  -4
  1  0  0.938300 -0.124358  0.121522  0.283117  -4
  1  0  0.938300 -0.160021 -0.156543  0.682392  -5
  1  0  0.938300  0.155487 -0.008346  0.524163  -8
  1  0  0.938300 -0.023025  0.020072  0.366308  -3
  1  0  0.938300 -0.461235  0.309618  0.189885  -2
  1  0  0.938300  0.101735 -0.076416  0.068880  -4
  1  0  0.938300  0.088679 -0.238175  0.176877  -2
  1  0  0.938300 -0.099533  0.446019  0.146647  -4
  1  0  0.938300  0.042052  0.177216  0.495309  -1
  1  0  0.938300  0.136292  0.321142  0.222630  -2
  1  0  0.938300  0.055246  0.232508  0.477592  -2
  1  0  0.938300  0.123382 -0.101963  0.711231  -1
  1  0  0.938300 -0.066326 -0.267853  0.395292  -2
  1  0  0.938300 -0.139557 -0.152988  0.633675  -2
  1  0  0.938300  0.094276  0.090305  0.790022  -3
  1  0  0.938300  0.146296  0.109086  0.765222  -2
  1  0  0.938300  0.127814 -0.176307  0.551481  -5
  1  0  0.938300  0.087058 -0.104026  0.568629  -2
  1  0  0.938300  0.312176  0.169694  0.802328  -4
  1  0  0.938300  0.151526  0.540513  0.259923  -4
  1  0  0.938300  0.107005  0.372979  0.139845  -6
  1  0  0.938300  0.029677 -0.182230  0.757794  -2
  1  0  0.938300  0.328726 -0.339460  0.314364  -7
  1  0  0.938300 -0.453977 -0.131742  0.115266  -2
  1  0  0.938300 -0.300949  0.201952  0.097082  -3
  1  0  0.938300  0.354080 -0.281643 -0.018219  -3
  1  0  0.938300  0.305478  0.120203  0.598941  -5
  1  0  0.938300  0.072071  0.083152  0.498799  -4
  1  0  0.938300  0.030551  0.103332  0.694688  -3
  1  0  0.938300 -0.096641 -0.000729  0.190349  -6
  1  0  0.938300  0.016542  0.202780  0.276917  -3
  1  0  0.938300  0.046777  0.112286  0.472599  -5
  1  0  0.938300  0.286053  0.005475  0.371697  -5
  1  0  0.938300  0.269285  0.005338  0.439662  -4
  1  0  0.938300  0.067785  0.476063  0.209785  -2
  1  0  0.938300  0.260400 -0.288317  0.513893  -2
  1  0  0.938300 -0.113697  0.222581  0.742389  -2
  1  0  0.938300 -0.150673 -0.444291  0.449594  -2
  1  0  0.938300 -0.463567 -0.289564  0.410258  -2
  1  0  0.938300  0.245939  0.470055  0.978316  -4
  1  0  0.938300  0.304834  0.093250  0.160889  -2
  1  0  0.938300 -0.225824 -0.161853  0.700311  -3
  1  0  0.938300 -0.101850  0.154412  0.626218  -1
  1  0  0.938300 -0.290018 -0.085661  0.345897  -2
  1  0  0.938300 -0.086111  0.044977  0.254843  -4
  1  0  0.938300  0.097184  0.206770  0.230112  -5
  1  0  0.938300  0.184978  0.165513  0.182370  -6
  1  0  0.938300 -0.175597  0.092333  0.327582  -3
  1  0  0.938300 -0.008491  0.224700  0.252003  -6
  1  0  0.938300 -0.044690  0.126399  0.849258  -1
  1  0  0.938300  0.075407 -0.211205  0.396036  -3
  1  0  0.938300 -0.061308  0.008428  0.478221  -6
  1  0  0.938300 -0.061881 -0.065113  0.380159  -7
  1  0  0.938300  0.066982 -0.234047  0.556765  -2
  1  0  0.938300 -0.149137 -0.028059  0.633949  -3
  1  0  0.938300  0.226597  0.140101  0.605942  -4
  1  0  0.938300  0.072117 -0.010358  0.427123 -10
  1  0  0.938300  0.070355  0.070779  0.441037  -5
  1  0  0.938300  0.402420  0.234688  0.401602  -3
  1  0  0.938300 -0.131372  0.047853  0.334245  -4
  1  0  0.938300 -0.084485 -0.098289  0.772103  -1
  1  0  0.938300 -0.109929 -0.236434 -0.028529  -5
  1  0  0.938300  0.018371 -0.148937  0.045438  -4
  1  0  0.938300 -0.056079  0.071947  0.659362  -1
  1  0  0.938300 -0.160715  0.264839  0.536120  -2
  1  0  0.938300 -0.150353 -0.079446  0.510332  -2
  1  0  0.938300  0.329265 -0.098913  0.194669  -3
  1  0  0.938300 -0.162498  0.104207  0.596099  -2
  1  0  0.938300 -0.048613  0.173925  0.480428  -4
  1  0  0.938300  0.100632  0.282872  0.435397  -4
  1  0  0.938300  0.021795 -0.086629  0.646709  -1
  1  0  0.938300  0.137221  0.243749  0.064828  -4
  1  0  0.938300 -0.020007  0.229744  0.395161  -5
  1  0  0.938300  0.104648  0.299488  0.285003  -4
  1  0  0.938300  0.156579  0.035155  0.440966  -6
  1  0  0.938300 -0.099438  0.329043  0.068825  -2
  1  0  0.938300  0.049201 -0.075684  0.121493  -7
  1  0  0.938300  0.005843 -0.182889  0.088583  -4
  1  0  0.938300  0.243981 -0.091937  0.308669  -3
  1  0  0.938300  0.373675 -0.035878  0.312702  -2
  1  0  0.938300 -0.049348  0.025087  0.204817  -7
  1  0  0.938300 -0.055381 -0.250443  0.089073  -3
  1  0  0.938300  0.259014  0.143309  0.539725  -5
  1  0  0.938300  0.046401  0.049697  0.441053  -3
  1  0  0.938300  0.167567  0.063953  0.040877  -5
  1  0  0.938300 -0.237003 -0.155925  0.663331  -3
  1  0  0.938300  0.114973 -0.052603  0.449122  -2
  1  0  0.938300 -0.143958 -0.058327  0.702800  -3
  1  0  0.938300 -0.213148  0.138734  0.444878  -3
  1  0  0.938300 -0.539434  0.301309  0.134540  -8
  1  0  0.938300 -0.189353 -0.161576  0.339599  -4
  1  0  0.938300 -0.225880 -0.091934  0.295029  -2
  1  0  0.938300 -0.250935 -0.028974  0.575462  -4
  1  0  0.938300  0.254254  0.356841  0.479622  -2
  1  0  0.938300 -0.065692 -0.598414  0.339426  -5
  1  0  0.938300 -0.007451  0.172302  0.226339  -3
  1  0  0.938300  0.117891 -0.130469  0.383131  -4
  1  0  0.938300 -0.079564 -0.055040  0.613369  -2
  1  0  0.938300 -0.139777 -0.022325  0.482181  -1