  1  1  0.938300 -0.456671 -0.108732  0.277651   6
  1  1  0.938300 -0.139799 -0.106334  0.145344   1
  1  1  0.938300  0.039981 -0.131103  0.062294   1
  1  1  0.938300  0.066797 -0.213251  0.819476   3
  1  1  0.938300 -0.025811  0.237378  0.377317   3
  1  1  0.938300  0.277593 -0.079147 -0.072790   6
  1  1  0.938300 -0.063168  0.214641  0.742724   5
  1  1  0.938300 -0.103382  0.278802  0.361622   2
  1  1  0.938300  0.262350 -0.005520  0.461287   2
  1  1  0.938300  0.026487  0.004623  0.354537   5
  1  1  0.938300 -0.106315  0.002891  0.208949   1
  1  1  0.938300 -0.018063  0.040586 -0.038184   2
  1  1  0.938300 -0.339176 -0.073546  0.320689   2
  1  1  0.938300 -0.071842 -0.135280  0.217875   4
  1  1  0.938300  0.170716  0.133475  0.136749   2
  1  1  0.938300 -0.019759  0.070462 -0.072377   1
  1  1  0.938300  0.074757 -0.078514 -0.147791   2
  1  1  0.938300 -0.019114  0.024951  0.227329   2
  1  1  0.938300 -0.171813 -0.199695  0.722150   2
  1  1  0.938300 -0.059504 -0.113978  0.482228   5
  1  1  0.938300 -0.073115  0.277827 -0.104686   2
  1  1  0.938300  0.146708  0.065164  0.448641   3
  1  1  0.938300 -0.299240 -0.029501  0.358960   2
  1  1  0.938300 -0.038853 -0.113092 -0.068275   1
  1  1  0.938300  0.094179  0.157188  0.098911   1
  1  1  0.938300  0.049625  0.036275 -0.113998   4
  1  1  0.938300 -0.074220  0.031596  0.101492   6
  1  1  0.938300 -0.259694 -0.122108  0.091984   2
  1  1  0.938300  0.444328 -0.274223  0.362902   3
  1  1  0.938300 -0.114972  0.081488  0.201459   3
  1  1  0.938300 -0.067980 -0.040469  0.344497   7
  1  1  0.938300 -0.051473 -0.011371  0.052935   1
  1  1  0.938300  0.015007  0.081600 -0.009336   1
  1  1  0.938300 -0.237802  0.124739  0.115111   4
  1  1  0.938300 -0.190906 -0.050808  0.148743   2
  1  1  0.938300 -0.179722 -0.239072  0.714332   2
  1  1  0.938300 -0.028731 -0.271534  0.100005   2
  1  1  0.938300  0.246293 -0.200554  0.463078   3
  1  1  0.938300 -0.005363 -0.068712  0.320972   1
  1  1  0.938300 -0.195337 -0.059143  0.775472   5
  1  1  0.938300  0.246012  0.165355 -0.025452   2
  1  1  0.938300 -0.170411 -0.127047  0.447071   3
  1  1  0.938300 -0.389402 -0.162950  0.831243   4
  1  1  0.938300  0.188988  0.250655  0.100014   2
  1  1  0.938300  0.048905  0.291084  0.475284   2
  1  1  0.938300 -0.429038 -0.384396  0.684909   3
  1  1  0.938300 -0.371964 -0.108996  0.038489   1
  1  1  0.938300 -0.045612  0.010042  0.288877   4
  1  1  0.938300  0.458553 -0.324891  0.573744   3
  1  1  0.938300  0.276733  0.033760  0.542698   6
  1  1  0.938300 -0.576424 -0.052948  0.371634   5
  1  1  0.938300  0.145201 -0.037334  0.396084   4
  1  1  0.938300 -0.221653  0.101143  0.203377   3
  1  0  0.938300 -0.074199  0.303810 -0.191802   2
  1  1  0.938300  0.145789  0.053051  0.414187   4
  1  1  0.938300 -0.168852 -0.035844  0.272034   3
  1  1  0.938300 -0.057504 -0.109877  0.176953   1
  1  1  0.938300 -0.433449  0.034877  0.351592   2
  1  1  0.938300 -0.027063 -0.190263  0.154821   3
  1  1  0.938300 -0.184766 -0.247856  0.400153   3
  1  1  0.938300  0.236394  0.263882  0.353564   2
  1  1  0.938300 -0.471442  0.014651  0.559154   2
  1  1  0.938300 -0.282476  0.215690  0.370565   4
  1  1  0.938300 -0.170040 -0.099194 -0.017619   2
  1  1  0.938300 -0.014703  0.481910  0.278921   2
  1  1  0.938300 -0.400104  0.250859  0.259667   3
  1  1  0.938300 -0.207679  0.086702  0.113000   5
  1  1  0.938300 -0.012229  0.131868  0.212090   3
  1  1  0.938300  0.074013 -0.253566  0.374397   2
  1  1  0.938300  0.174667 -0.215034  0.329665  11
  1  1  0.938300  0.058462 -0.181201  0.492246   5
  1  1  0.938300  0.159379 -0.252929  0.502229   3
  1  0  0.938300  0.002408 -0.165001  0.228411   3
  1  1  0.938300  0.095724  0.036432  0.037371   7
  1  1  0.938300  0.044610 -0.052947  0.197084   3
  1  1  0.938300 -0.253919  0.054575  0.725483   3
  1  1  0.938300  0.153833 -0.112903  0.248323   4
  1  1  0.938300  0.022560  0.031212  0.070062   1
  1  1  0.938300 -0.480973  0.025213  0.091725   3
  1  0  0.938300  0.277425  0.242023  0.307654   2
  1  0  0.938300  0.178572 -0.246057 -0.022158   4
  1  0  0.938300 -0.067305  0.407954  0.447392   2
  1  0  0.938300 -0.213872  0.252224  0.263123   4
  1  0  0.938300 -0.067545  0.013607  0.706789   3
  1  0  0.938300 -0.031458 -0.298049  0.224974   3
  1  0  0.938300 -0.067229 -0.072876  0.313414   4
  1  0  0.938300  0.054537  0.106686  0.399130   7
  1  0  0.938300  0.144045  0.054275  0.238205   3
  1  0  0.938300  0.124177 -0.111593  0.686787   2
  1  0  0.938300 -0.020688  0.302039  0.298306   3
  1  0  0.938300  0.518986 -0.094082  0.259085   2
  1  0  0.938300  0.208032 -0.142354  0.049111   2
  1  0  0.938300  0.568694  0.098423  0.241678   6
  1  0  0.938300  0.067954  0.127800  0.408593   5
  1  0  0.938300 -0.115274  0.065420  0.162136   1
  1  0  0.938300  0.027482  0.350680  0.696849   2
  1  0  0.938300 -0.060061  0.132744  0.224732   5
  1  0  0.938300 -0.003721  0.337137  0.268421   2
  1  0  0.938300  0.200088 -0.089143  0.748388   6
  1  0  0.938300 -0.228593 -0.113476  0.219380   2
  1  0  0.938300  0.073726  0.507160  0.656473   3
  1  0  0.938300  0.028666  0.043925 -0.031410   1
  1  0  0.938300  0.077903  0.095166  0.218068   2
  1  0  0.938300  0.147862  0.051823  0.078956   1
  1  0  0.938300  0.136267  0.016254  0.474902   7
  1  1  0.938300 -0.131032 -0.109771  0.616317   6
  1  0  0.938300  0.154135  0.115979  0.138095   1
  1  0  0.938300 -0.104997  0.152134  0.017385   1
  1  0  0.938300 -0.284290  0.129134  0.141728   7
  1  0  0.938300 -0.285258  0.504374  0.597696   4
  1  0  0.938300  0.294570 -0.277584  0.371322   4
  1  0  0.938300  0.276699 -0.241533  0.565507   6
  1  0  0.938300  0.079474  0.191071  0.101865   2
  1  0  0.938300 -0.018627  0.131332 -0.039220   2
  1  0  0.938300 -0.086861 -0.077780  0.316103   3
  1  0  0.938300  0.488833  0.043585  0.189538   4
  1  0  0.938300  0.085927  0.160617  0.164236   2
  1  0  0.938300  0.011862  0.033650  0.927787   5
  1  0  0.938300  0.274501 -0.240568  0.183308   4
  1  0  0.938300  0.002125 -0.161007  0.255053   1
  1  0  0.938300 -0.276668  0.125330  0.065063   5
  1  0  0.938300  0.063397 -0.142262  0.234732   5
  1  0  0.938300 -0.015964 -0.082413  0.229782   1
  1  0  0.938300 -0.286714  0.061458  0.416982   7
  1  0  0.938300 -0.029917 -0.146966  0.186460   3
  1  0  0.938300 -0.098594  0.051783  0.309405   4
  1  0  0.938300  0.070857  0.192048  0.313920   6
  1  0  0.938300  0.093637  0.129961  0.074064   1
  1  0  0.938300  0.032397  0.042696  0.280972   3
  1  0  0.938300 -0.245467  0.043396  0.075864   2
  1  0  0.938300 -0.154176  0.287935  0.229107   2
  1  0  0.938300  0.109565  0.041908  0.488770   4
  1  0  0.938300 -0.143657  0.286461  0.210866   4
  1  0  0.938300  0.032848  0.036526  0.540367   2
  1  0  0.938300 -0.555040 -0.067336  0.487432   4
  1  0  0.938300 -0.528858  0.169513  0.457352   3
  1  0  0.938300 -0.068306 -0.075661 -0.045847   2
  1  0  0.938300  0.368901  0.119482  0.363965   3
  1  0  0.938300  0.307798 -0.249407  0.258161   4
  1  0  0.938300  0.393414 -0.259588  0.631528   3
  1  0  0.938300  0.328764  0.018248  0.139960   2
  1  0  0.938300  0.199164 -0.101574  0.236961   4
  1  0  0.938300 -0.174268 -0.153937 -0.031767   1
  1  0  0.938300  0.090862  0.400475  0.540531   4
  1  0  0.938300 -0.183353  0.062383  0.347792   3
  1  0  0.938300 -0.201099  0.216616  0.257269   6
  1  0  0.938300 -0.000394  0.235155  0.163322   2
  1  0  0.938300 -0.231882 -0.052958  0.079514   5
  1  0  0.938300  0.002174  0.038879  0.079661   1
  1  0  0.938300 -0.115971  0.012525  0.385908   2
  1  0  0.938300  0.173130  0.139532  0.510312   3
  1  0  0.938300 -0.026171 -0.317990  0.369915   3
  1  0  0.938300 -0.253933 -0.089118  0.777515   5
  1  0  0.938300 -0.276101 -0.076375  0.102660   8
  1  0  0.938300 -0.081065  0.024161  0.167538   3
  1  0  0.938300 -0.109907 -0.161681  0.055190   3
  1  0  0.938300  0.030707  0.116427  0.501962   2
  1  0  0.938300 -0.224091 -0.362839  0.051790   2
  1  0  0.938300  0.172360  0.085706  0.354484   3
  1  0  0.938300  0.029378  0.063275  0.386374   1
  1  0  0.938300  0.179973  0.289803  0.378485   2
  1  0  0.938300 -0.296198 -0.163953 -0.039080   6
  1  0  0.938300  0.358690 -0.061286  0.332579   8
  1  0  0.938300 -0.049837 -0.084279  0.211866   1
  1  0  0.938300  0.024557 -0.122866  0.189117   5
  1  0  0.938300  0.085095  0.056521  0.754578   3
  1  0  0.938300  0.210331 -0.081708  0.689906   3
  1  0  0.938300  0.294487 -0.215715  0.132595   2
  1  0  0.938300 -0.081552 -0.001875  0.046167   1
  1  0  0.938300  0.267010  0.213238  0.148439   4
  1  0  0.938300  0.113155  0.161422  0.628841   4
  1  0  0.938300 -0.263493 -0.306102  0.146176   2
  1  0  0.938300  0.121986  0.272446  0.387272   4
  1  0  0.938300  0.087592 -0.181508  0.465058   4
  1  0  0.938300 -0.200000 -0.263532  0.004655   2
  1  0  0.938300 -0.636437 -0.503124  0.701181   4
  1  0  0.938300  0.328113 -0.076235  0.390793   4
  1  0  0.938300  0.144676  0.210621  0.781290   4
  1  0  0.938300  0.046542 -0.195719  0.307328   2
  1  0  0.938300  0.061823 -0.225012  0.307674   2
  1  0  0.938300 -0.038535 -0.316588  0.126339   2
  1  0  0.938300  0.144580  0.054292  0.289288   4
  1  0  0.938300 -0.041935  0.008302  0.337007   2
  1  0  0.938300 -0.188073  0.097061  0.265613   2
  1  0  0.938300  0.234987 -0.023594  0.390743   8
  1  0  0.938300 -0.256426 -0.062886  0.103769   5
  1  0  0.938300 -0.318138  0.327908  0.734236   3
  1  0  0.938300  0.213849  0.026279  0.180385   2
  1  0  0.938300  0.070589 -0.149595  0.306503   2
  1  0  0.938300  0.185689  0.193020  0.076918   6
  1  0  0.938300  0.047989  0.023746  0.213178   4
  1  0  0.938300  0.152357 -0.088495  0.579263   5
  1  0  0.938300 -0.006104 -0.055913  0.867694   3
  1  0  0.938300  0.264995  0.092989  0.394365   3
  1  0  0.938300  0.171976 -0.339629  0.331349   2
  1  0  0.938300 -0.148040  0.271253  0.330840   2
  1  0  0.938300  0.043702 -0.467704  0.665366   4
  1  1  0.938300  0.262890  0.460567  0.597959  -3
  1  1  0.938300  0.266223  0.234589  0.701100  -3
  1  1  0.938300 -0.018869 -0.166688  0.852275  -2
  1  1  0.938300  0.066397 -0.352474  0.363016  -3
  1  1  0.938300 -0.209409  0.083643  0.629193  -2
  1  1  0.938300 -0.299486 -0.126732  0.458302  -2
  1  1  0.938300  0.398087  0.300767  0.043032  -4
  1  1  0.938300 -0.279093 -0.058949  0.558761  -3
  1  1  0.938300 -0.174753  0.079547  0.789921  -1
  1  1  0.938300 -0.312972 -0.148004  0.310865  -3
  1  1  0.938300 -0.254156 -0.210498  0.545802  -2
  1  1  0.938300 -0.253273  0.198738  0.270607  -4
  1  1  0.938300  0.261340  0.139305  0.460765  -3
  1  1  0.938300 -0.108208  0.123824  0.766300  -1
  1  1  0.938300  0.349270 -0.057699  0.372486  -5
  1  1  0.938300  0.266167  0.432860  0.091726  -7
  1  1  0.938300 -0.203765 -0.029815  0.709105  -1
  1  1  0.938300  0.372902  0.395335  0.470445  -3
  1  1  0.938300 -0.667280 -0.022455  0.550445  -4
  1  1  0.938300  0.106815 -0.276605  0.331081  -6
  1  1  0.938300  0.014880 -0.064048  0.046238  -3
  1  1  0.938300 -0.028052 -0.077534  0.535158 -10
  1  1  0.938300 -0.025505  0.046249  0.408220  -5
  1  1  0.938300 -0.068025  0.138542  0.500138  -3
  1  1  0.938300 -0.049019 -0.177858  0.699842  -2
  1  1  0.938300 -0.066476  0.063315  0.667447  -1
  1  1  0.938300  0.269625 -0.032177  0.325395  -6
  1  1  0.938300  0.052443 -0.178175  0.322704  -9
  1  1  0.938300 -0.036519 -0.085412  0.629124  -1
  1  1  0.938300  0.092403 -0.057132  0.148130  -7
  1  1  0.938300  0.055631 -0.104121  0.164706  -7
  1  1  0.938300 -0.129615  0.113114  0.368994  -7
  1  1  0.938300 -0.146095 -0.142948  0.701688  -4
  1  1  0.938300 -0.207348  0.365643  0.347337  -3
  1  1  0.938300 -0.048489 -0.070193  0.576522  -4
  1  1  0.938300  0.009597 -0.180750  0.430121  -2
  1  1  0.938300  0.065585  0.198426  0.043389  -3
  1  1  0.938300  0.078694  0.371604  0.158266  -3
  1  1  0.938300  0.012641 -0.000711  0.616424  -1
  1  1  0.938300 -0.176436  0.356301  0.056880  -5
  1  1  0.938300 -0.015771  0.118936  0.353204  -4
  1  1  0.938300 -0.197917 -0.687577  0.284298  -2
  1  1  0.938300 -0.345822 -0.424918  0.336444  -8
  1  1  0.938300  0.044772 -0.158267  0.717839  -1
  1  1  0.938300 -0.253644 -0.283990  0.395109  -5
  1  1  0.938300  0.170664 -0.216558  0.798999  -2
  1  1  0.938300  0.023455 -0.172787  0.182826  -6
  1  1  0.938300  0.001551  0.097845  0.727240  -2
  1  1  0.938300 -0.173261  0.047963  0.121804  -2
  1  1  0.938300 -0.173929  0.167673  0.103738  -3
  1  1  0.938300 -0.009545 -0.239759  0.139761  -3
  1  1  0.938300 -0.138282 -0.292462  0.190462  -3
  1  1  0.938300  0.113073  0.141683  0.189841  -2
  1  1  0.938300 -0.276874  0.124827  0.477966  -2
  1  1  0.938300 -0.247127  0.232878  0.053095  -4
  1  1  0.938300 -0.203747 -0.094962  0.372499  -4
  1  0  0.938300  0.091674 -0.081713  0.410756  -3
  1  1  0.938300  0.251815  0.044502  0.193590  -4
  1  1  0.938300  0.494513 -0.224385  0.640157  -3
  1  1  0.938300  0.236981  0.147614  0.851095  -3
  1  1  0.938300  0.102726  0.275411  0.639805  -3
  1  1  0.938300 -0.005175 -0.272653  0.664093  -5
  1  1  0.938300  0.666185 -0.092078  0.057399  -3
  1  0  0.938300  0.057292  0.009048  0.287291  -2
  1  1  0.938300  0.131183 -0.235806  0.377104  -4
  1  1  0.938300  0.473947 -0.456367  0.019568  -3
  1  1  0.938300  0.092932  0.133567  0.205056  -6
  1  1  0.938300  0.034303 -0.451988  0.169150  -4
  1  1  0.938300  0.150772  0.006892  0.272982  -2
  1  1  0.938300  0.040608 -0.240823  0.337697  -4
  1  1  0.938300  0.220763 -0.223818  0.418618  -8
  1  1  0.938300 -0.019166  0.088956  0.468849  -6
  1  1  0.938300 -0.135271  0.320014  0.574295  -7
  1  1  0.938300  0.001395 -0.051563  0.343278  -4
  1  1  0.938300 -0.046996  0.377708  0.614305  -2
  1  1  0.938300 -0.156598  0.186271  0.930314  -7
  1  1  0.938300 -0.073684 -0.146244  0.278291  -6
  1  1  0.938300  0.015977 -0.095735  0.781833  -1
  1  1  0.938300 -0.148368  0.007872  0.748521  -1
  1  1  0.938300 -0.409391  0.070378  0.597732  -3
  1  0  0.938300 -0.186029 -0.152640  0.094916  -5
  1  0  0.938300 -0.389029  0.474471 -0.330183  -5
  1  0  0.938300 -0.012723 -0.061504  0.645831  -1
  1  0  0.938300  0.101688  0.100404  0.140335  -8
  1  0  0.938300 -0.001580  0.102889  0.269705  -4
  1  0  0.938300  0.397471 -0.087238  0.421436  -2
  1  0  0.938300  0.030610 -0.134042  0.201495  -7
  1  0  0.938300 -0.106463  0.132536  0.704285  -1
  1  0  0.938300  0.242377 -0.365174  0.501852  -3
  1  0  0.938300 -0.160331 -0.099553  0.622939  -4
  1  0  0.938300  0.033406  0.054878  0.407239  -8
  1  0  0.938300  0.160819  0.222260  0.822942  -4
  1  0  0.938300 -0.017555 -0.134766  0.516841  -3
  1  0  0.938300 -0.155265  0.102116  0.739716  -2
  1  0  0.938300  0.024433 -0.016406  0.394049  -2
  1  0  0.938300  0.141395 -0.060246  0.534023  -5
  1  0  0.938300 -0.102845 -0.011792  0.767320  -1
  1  0  0.938300 -0.302104  0.220013  0.646338  -2
  1  0  0.938300 -0.036778 -0.160754  0.556459  -2
  1  0  0.938300 -0.253747  0.162604  0.653480  -8
  1  0  0.938300 -0.256045  0.123595  0.029013  -5
  1  0  0.938300  0.011360 -0.156919  0.364444  -1
  1  0  0.938300 -0.243923 -0.431127  0.238924  -4
  1  0  0.938300 -0.176687 -0.166093  0.337889  -3
  1  0  0.938300  0.120228  0.036126  0.287335  -1
  1  0  0.938300 -0.203727 -0.001185  0.166633  -3
  1  0  0.938300 -0.207091  0.137209  0.045728  -8
  1  0  0.938300  0.028980  0.094304  0.485916  -5
  1  0  0.938300  0.066367  0.149238  0.721959  -1
  1  0  0.938300 -0.307720 -0.110653  0.509169  -3
  1  0  0.938300 -0.027311  0.172740  0.332562  -3
  1  0  0.938300  0.220285 -0.053955  0.390542  -2
  1  0  0.938300  0.167944  0.028897  0.453266  -1
  1  0  0.938300 -0.060905 -0.116080  0.290736  -5
  1  0  0.938300  0.001743 -0.262512  0.136901  -3
  1  0  0.938300  0.117942 -0.262652  0.319942  -2
  1  0  0.938300 -0.088908 -0.138773  0.189923  -2
  1  0  0.938300 -0.064797  0.062484  0.407989  -4
  1  0  0.938300  0.188190 -0.006152  0.123115  -4
  1  0  0.938300  0.377277 -0.063815  0.394804  -3
  1  0  0.938300 -0.043135 -0.050542  0.554290  -1
  1  0  0.938300 -0.195766  0.256615  0.224844  -3
  1  0  0.938300  0.212388  0.201169  0.363768  -4
  1  0  0.938300  0.092693  0.038707  0.425736  -2
  1  0  0.938300  0.060531 -0.068451  0.242036  -6
  1  0  0.938300 -0.183089  0.417960  0.356824  -4
  1  0  0.938300 -0.021480  0.144400  0.301636  -8
  1  0  0.938300 -0.007749 -0.123637  0.470450  -2
  1  0  0.938300 -0.415764 -0.171983  0.605259  -4
  1  0  0.938300  0.016731 -0.507271  0.004416  -2
  1  0  0.938300 -0.215990  0.124498  0.453878  -4
  1  0  0.938300 -0.144389 -0.067912  0.541416  -2
  1  0  0.938300  0.155184 -0.159098  0.189720  -6
  1  0  0.938300  0.123572  0.060076  0.152993  -2
  1  0  0.938300  0.011000  0.284810  0.614000  -4
  1  0  0.938300  0.111020 -0.028497  0.683704  -2
  1  0  0.938300  0.256520 -0.186896  0.300791  -3
  1  0  0.938300  0.012412  0.440290  0.616384  -5
  1  0  0.938300 -0.404640 -0.101287  0.277418  -4
  1  0  0.938300 -0.084664 -0.016178  0.294424  -6
  1  0  0.938300  0.101715  0.270392  0.459128  -5
  1  0  0.938300 -0.235964 -0.125836  0.098060  -3
  1  0  0.938300  0.040757 -0.184152  0.802407  -4
  1  0  0.938300  0.243834  0.225942  0.539149  -3
  1  0  0.938300 -0.009544  0.067696  0.527533  -2
  1  0  0.938300 -0.196699  0.083526  0.303446  -2
  1  0  0.938300  0.061264  0.140258  0.092676  -8
  1  0  0.938300  0.165647  0.127774  0.448768  -2
  1  0  0.938300 -0.060127 -0.159448  0.270861  -2
  1  0  0.938300  0.279655 -0.007671  0.544808  -4
  1  0  0.938300 -0.142482 -0.360034  0.355179  -4
  1  0  0.938300 -0.121431 -0.091814  0.551377  -1
  1  0  0.938300 -0.053354 -0.198386  0.012963  -6
  1  0  0.938300 -0.127000  0.007641  0.286564  -4
  1  0  0.938300 -0.033060 -0.052533  0.516162  -2
  1  0  0.938300  0.422077  0.003309  0.387840  -4
  1  0  0.938300 -0.059888 -0.285847  0.619846  -1
  1  0  0.938300  0.070956 -0.011358  0.730673  -1
  1  0  0.938300 -0.028274  0.005076  0.666074  -2
  1  0  0.938300  0.124637  0.241506  0.872662  -2
  1  0  0.938300 -0.062462 -0.062480  0.601152  -1
  1  0  0.938300  0.413627  0.106335  0.595759  -3
  1  0  0.938300 -0.045943 -0.177948  0.554898  -2
  1  0  0.938300 -0.098395 -0.062289  0.537002  -2
  1  0  0.938300  0.245022  0.229783  0.179098  -3
  1  1  0.938300 -0.221670  0.103220  0.936241  -4
  1  0  0.938300 -0.217236  0.022913  0.701035  -3
  1  0  0.938300  0.127304  0.192440  0.374709  -8
  1  0  0.938300  0.280033  0.070907  0.541409  -3
  1  0  0.938300 -0.076023 -0.139398  0.131304  -3
  1  0  0.938300  0.060152 -0.298332  0.600974  -6
  1  0  0.938300  0.196596  0.172425  0.441177  -3
  1  0  0.938300  0.157980  0.005670  0.785792  -6
  1  0  0.938300 -0.028170 -0.050115  0.685674  -1
  1  0  0.938300 -0.480074  0.171311  0.561402  -4
  1  0  0.938300  0.035239 -0.190137  0.339842  -7
  1  0  0.938300  0.189914 -0.114293  0.336449  -2
  1  0  0.938300  0.314258 -0.231846  0.107796  -2
  1  0  0.938300  0.148601 -0.194419  0.922352  -3
  1  0  0.938300 -0.006323 -0.013175  0.522870  -3
  1  0  0.938300  0.422365 -0.070793  0.762915  -3
  1  0  0.938300 -0.556253  0.077645  0.280749  -5
  1  0  0.938300 -0.208689  0.367041  0.555041  -5
  1  0  0.938300 -0.019348  0.051101  0.490639  -3
  1  0  0.938300  0.078216  0.322595  0.502453  -2
  1  0  0.938300  0.134123 -0.050772  0.218944  -6
  1  0  0.938300  0.090858 -0.003576  0.753310  -1
  1  0  0.938300  0.218453 -0.048259  0.046091  -3
  1  0  0.938300 -0.227919 -0.206756  0.447553  -3
  1  0  0.938300  0.047929  0.027053  0.370429  -4
  1  0  0.938300 -0.049534  0.079186  0.623602  -1
  1  0  0.938300  0.036823  0.019157  0.415924  -3
  1  0  0.938300  0.049533  0.033060  0.402346  -4
  1  0  0.938300 -0.272410  0.084604  0.366381  -4
  1  0  0.938300  0.246048  0.081246  0.857551  -2
  1  0  0.938300  0.198934  0.082973  0.737087  -1
  1  0  0.938300  0.135557 -0.034126  0.277482  -3