  1  1  0.938300  0.092399 -0.226706  0.107347   1
  1  1  0.938300 -0.176977  0.120522  0.084711   5
  1  0  0.938300 -0.098845 -0.135026  0.165798   4
  1  1  0.938300 -0.209400 -0.062506  0.145850   1
  1  1  0.938300  0.023690 -0.213771  0.121136   1
  1  1  0.938300  0.283672  0.014085  0.686017   6
  1  1  0.938300 -0.053004 -0.047820  0.383378   1
  1  1  0.938300  0.175614 -0.162861  0.327711   4
  1  1  0.938300 -0.117687  0.291201  0.587324   7
  1  1  0.938300 -0.027200  0.013576  0.639645   2
  1  1  0.938300 -0.094710 -0.347041  0.338141   2
  1  1  0.938300 -0.100777 -0.275787  0.525092   3
  1  1  0.938300 -0.347834 -0.019184 -0.004187   6
  1  1  0.938300 -0.163837 -0.275423  0.307617   5
  1  1  0.938300 -0.091239  0.221665  0.675178   3
  1  1  0.938300 -0.057367  0.603818  0.478925   3
  1  1  0.938300 -0.060364 -0.250292  0.321343   3
  1  1  0.938300 -0.011657  0.008023  0.293209   1
  1  1  0.938300 -0.076691 -0.051876  0.045186   1
  1  1  0.938300 -0.285218 -0.027477  0.452462   5
  1  1  0.938300  0.088879 -0.061561 -0.064715   1
  1  1  0.938300  0.249773  0.086273  0.314941   8
  1  1  0.938300 -0.174009  0.032312  0.001153   1
  1  1  0.938300  0.134640  0.125004  0.089079   2
  1  1  0.938300  0.288917  0.062221  0.441713   4
  1  1  0.938300  0.122756  0.114321 -0.058102   1
  1  1  0.938300 -0.010469  0.041295  0.425248   4
  1  1  0.938300 -0.237878 -0.051507  0.354764   5
  1  1  0.938300  0.073285 -0.510524  0.408073   3
  1  1  0.938300 -0.562180  0.102668  0.109125   3
  1  0  0.938300  0.098566  0.156360  0.745950   5
  1  1  0.938300  0.066661  0.252703  0.063134   2
  1  1  0.938300  0.309430 -0.040827  0.324050   4
  1  1  0.938300  0.302583 -0.408451  0.794743   6
  1  0  0.938300 -0.175893 -0.287389  0.607549  10
  1  1  0.938300 -0.169209  0.232432  0.151540   5
  1  1  0.938300  0.291905 -0.024361  0.807271   2
  1  1  0.938300 -0.381544 -0.035483  0.376922   3
  1  1  0.938300  0.027066 -0.066435 -0.073316   1
  1  1  0.938300  0.201389 -0.120341  0.362958   3
  1  1  0.938300  0.282048  0.071882  0.096811   2
  1  1  0.938300  0.049599 -0.078257  0.159698   3
  1  1  0.938300 -0.070603  0.029582  0.579925   2
  1  1  0.938300 -0.309448 -0.606227  0.427322   2
  1  1  0.938300  0.042663  0.091691 -0.052125   1
  1  1  0.938300  0.066857 -0.050621  0.061115   1
  1  1  0.938300  0.029596 -0.113644  0.180883   1
  1  1  0.938300 -0.056517 -0.052519  0.584813   4
  1  1  0.938300  0.293478  0.289134  0.230991   2
  1  1  0.938300  0.149627 -0.046054  0.205653   3
  1  1  0.938300 -0.291417 -0.255310  0.405645   3
  1  1  0.938300  0.491931 -0.321468  0.360186   2
  1  1  0.938300  0.242240 -0.025006  0.826275   4
  1  1  0.938300  0.050869 -0.161645  0.691640   6
  1  1  0.938300  0.361455 -0.038419  0.204274   3
  1  1  0.938300  0.288506  0.037479  0.532704   3
  1  1  0.938300 -0.064367  0.150992  0.509089   2
  1  1  0.938300 -0.195129  0.053374  0.446174   2
  1  1  0.938300  0.005309  0.263031  0.466905   6
  1  1  0.938300 -0.265813  0.176867  0.307133   3
  1  1  0.938300 -0.044732 -0.075969  0.245945   1
  1  1  0.938300  0.160276 -0.182174  0.179146   2
  1  1  0.938300  0.080067  0.169292  0.340622   3
  1  1  0.938300 -0.054564 -0.058111  0.071805   1
  1  1  0.938300 -0.269362 -0.288587  0.523189   3
  1  1  0.938300 -0.434100 -0.156114  0.327157   4
  1  1  0.938300 -0.282092 -0.313328  0.825195   4
  1  1  0.938300  0.099564 -0.095193  0.465616   4
  1  1  0.938300 -0.132899  0.632299  0.336273  10
  1  1  0.938300 -0.304975 -0.189078  0.589564   4
  1  1  0.938300  0.261084 -0.102912  0.777801   3
  1  1  0.938300 -0.310447 -0.084603  0.520786   2
  1  1  0.938300 -0.149061 -0.033945  0.259457   2
  1  1  0.938300  0.082730 -0.097598  0.040353   4
  1  1  0.938300  0.165058 -0.326384  0.195530   2
  1  1  0.938300  0.089626 -0.126327  0.119890   2
  1  1  0.938300  0.241770 -0.247504  0.032152   4
  1  1  0.938300 -0.077038  0.198482  0.538643   3
  1  1  0.938300  0.262883  0.256849  0.352182   3
  1  0  0.938300  0.108325 -0.006033  0.035376   1
  1  0  0.938300 -0.038365  0.077243  0.640311   4
  1  0  0.938300  0.213803  0.153119  0.458496   3
  1  0  0.938300 -0.166089  0.611609  0.421721   4
  1  0  0.938300 -0.116793 -0.060168  0.262472   3
  1  0  0.938300  0.043229 -0.147360 -0.025941   2
  1  0  0.938300 -0.154480 -0.058844  0.113057   4
  1  0  0.938300 -0.265085 -0.098159  0.314248   2
  1  0  0.938300  0.143083 -0.081782  0.279924   5
  1  0  0.938300  0.094253  0.218782  0.265205   2
  1  0  0.938300 -0.321467  0.449912  0.266559   5
  1  0  0.938300  0.177913 -0.066339  0.313949   4
  1  1  0.938300  0.278562 -0.901090  0.493356   5
  1  0  0.938300 -0.151210  0.182472  0.265319   6
  1  0  0.938300 -0.413823 -0.130563  0.252513   3
  1  0  0.938300 -0.077425  0.019112  0.569282   3
  1  0  0.938300 -0.021784 -0.064381  0.184388   1
  1  0  0.938300 -0.036053 -0.020822  0.318632   4
  1  0  0.938300 -0.029198  0.111824  0.314876   5
  1  0  0.938300  0.099779 -0.132363  0.388387   2
  1  0  0.938300 -0.175738  0.015486 -0.108073   1
  1  0  0.938300 -0.277778 -0.270907  0.161773   2
  1  0  0.938300  0.132775  0.373537  0.663720   6
  1  0  0.938300  0.011094 -0.133932  0.089647   2
  1  0  0.938300  0.212897  0.082336 -0.000142   1
  1  0  0.938300 -0.038045 -0.122571  0.124377   1
  1  0  0.938300  0.169935 -0.032241  0.300131   4
  1  0  0.938300  0.013172 -0.037638  0.187957   3
  1  0  0.938300 -0.444061  0.074228  0.372619   3
  1  0  0.938300 -0.196125 -0.136554  0.410417   2
  1  0  0.938300 -0.331047 -0.001161  0.404431   3
  1  0  0.938300  0.232935 -0.064724 -0.003478   1
  1  0  0.938300 -0.087733 -0.027680  0.249168   2
  1  0  0.938300  0.106578 -0.069913  0.167722   4
  1  0  0.938300 -0.148964  0.383604 -0.165551   4
  1  0  0.938300 -0.099044  0.253189  0.471324   4
  1  0  0.938300 -0.101800  0.098829  0.422068   1
  1  0  0.938300 -0.094954 -0.034367  0.179723   3
  1  0  0.938300  0.366591 -0.152503  0.507317   5
  1  0  0.938300 -0.082749  0.233326  0.428427   2
  1  0  0.938300  0.373233  0.596032  0.102286   3
  1  0  0.938300 -0.022536  0.084055  0.240964   3
  1  0  0.938300  0.130768 -0.223027  0.289286   8
  1  0  0.938300  0.025124 -0.080898  0.280066   5
  1  0  0.938300 -0.481011  0.084696  0.113984   3
  1  0  0.938300 -0.010119  0.019624 -0.138488   2
  1  0  0.938300 -0.045194 -0.127582  0.102918   1
  1  0  0.938300  0.228013  0.277993  0.589074   6
  1  0  0.938300 -0.051604 -0.159383  0.537549   4
  1  0  0.938300  0.144619  0.228806  0.745823   3
  1  0  0.938300  0.228902 -0.154558  0.446770   2
  1  0  0.938300  0.409734  0.034193  0.354253   7
  1  0  0.938300  0.140877  0.047828  0.263930   1
  1  0  0.938300 -0.274911 -0.447418  0.559853   5
  1  0  0.938300 -0.190945 -0.041334  0.051412   1
  1  0  0.938300 -0.111355 -0.141605  0.066533   1
  1  0  0.938300 -0.261011  0.111112  0.069356   4
  1  0  0.938300 -0.066531  0.282469  0.361871   3
  1  0  0.938300  0.055051 -0.055299  0.256487   5
  1  0  0.938300  0.136993  0.033381  0.306466   2
  1  0  0.938300 -0.208525  0.216385  0.310807   2
  1  0  0.938300 -0.248263 -0.174358  0.063075   2
  1  0  0.938300 -0.083772 -0.146119  0.340494   2
  1  0  0.938300 -0.131289  0.012695  0.085459   4
  1  0  0.938300 -0.187587 -0.174250  0.456680   2
  1  0  0.938300 -0.054995 -0.032667  0.722498   4
  1  0  0.938300  0.013419 -0.137625 -0.025518   1
  1  0  0.938300  0.021450 -0.072495 -0.028382   1
  1  0  0.938300 -0.028702 -0.267063  0.097761   3
  1  0  0.938300 -0.191206 -0.012257  0.070709   6
  1  0  0.938300  0.046985 -0.393841  0.326068   3
  1  0  0.938300 -0.039288 -0.088814  0.018338   1
  1  0  0.938300 -0.388863  0.039946  0.166078   2
  1  0  0.938300  0.086524  0.212848 -0.067450   2
  1  0  0.938300 -0.162542 -0.095079  0.499904   4
  1  0  0.938300  0.014525  0.005555  0.144939   4
  1  0  0.938300 -0.296966 -0.095328  0.139190   3
  1  0  0.938300 -0.148182  0.006161 -0.059418   1
  1  0  0.938300 -0.007461  0.181099  0.185706   2
  1  0  0.938300  0.068683 -0.081735  0.411089   4
  1  0  0.938300 -0.108632  0.408656  0.498194   2
  1  0  0.938300  0.116004  0.329832  0.365986   3
  1  0  0.938300 -0.271872 -0.073240  0.540593   3
  1  0  0.938300  0.012184  0.169606 -0.086186   2
  1  0  0.938300 -0.284482  0.056466  0.577441  10
  1  0  0.938300  0.215118  0.264272  0.492055   2
  1  0  0.938300  0.228318  0.088393  0.060835   2
  1  0  0.938300  0.511706  0.130678  0.686318   3
  1  0  0.938300 -0.017137 -0.028306  0.312639   1
  1  0  0.938300 -0.234512 -0.144583  0.482190   4
  1  0  0.938300 -0.038933 -0.204943  0.247199   3
  1  0  0.938300  0.178585 -0.145805  0.412339   2
  1  0  0.938300  0.254829 -0.056687  0.125326   2
  1  0  0.938300  0.215311 -0.051809  0.327770   4
  1  0  0.938300 -0.164308  0.034555  0.020603   4
  1  0  0.938300 -0.096694 -0.157002 -0.022988   1
  1  0  0.938300  0.298099 -0.152140  0.437615   2
  1  0  0.938300 -0.226609 -0.010688  0.286904   2
  1  0  0.938300 -0.300506 -0.000515  0.600431   3
  1  0  0.938300  0.010909 -0.252598  0.592064   3
  1  0  0.938300  0.003153  0.067052  0.521925   5
  1  0  0.938300  0.304128  0.073948  0.113624   2
  1  0  0.938300 -0.251483 -0.129425  0.496216   3
  1  0  0.938300 -0.015349 -0.006647  0.301140   3
  1  0  0.938300 -0.003082  0.096672  0.703792   7
  1  0  0.938300 -0.024505 -0.207001  0.455512   5
  1  0  0.938300  0.002873 -0.155359  0.142346   1
  1  0  0.938300 -0.017067  0.170250  0.363854   4
  1  0  0.938300  0.322276 -0.230648  0.137331   5
  1  0  0.938300 -0.048589 -0.071530  0.786418   3
  1  0  0.938300  0.223141 -0.201974  0.155704   4
  1  0  0.938300 -0.196518  0.194548  0.380909   3
  1  0  0.938300  0.115082  0.049879  0.340352   1
  1  0  0.938300  0.075732  0.417086  0.403161   3
  1  0  0.938300  0.018667 -0.229097  0.318581   8
  1  0  0.938300 -0.256530  0.189411  0.769432   7
  1  1  0.938300 -0.305734 -0.022025  0.330055   6
  1  0  0.938300 -0.063528 -0.071210  0.299645   3
  1  1  0.938300 -0.105561 -0.210386  0.184436  -3
  1  1  0.938300  0.157974 -0.080317  0.485480  -5
  1  1  0.938300 -0.043352 -0.001315  0.879111  -1
  1  1  0.938300  0.093929  0.070208  0.471563  -1
  1  1  0.938300 -0.197825  0.026922  0.841392  -2
  1  1  0.938300 -0.089162 -0.087074  0.598833  -1
  1  1  0.938300  0.307014 -0.100344  0.288688  -7
  1  1  0.938300 -0.281322 -0.151233  0.501512  -6
  1  1  0.938300  0.041248 -0.102711  0.636731  -1
  1  1  0.938300 -0.109658 -0.055923  0.117367  -4
  1  1  0.938300 -0.028615 -0.330269  0.491803  -2
  1  1  0.938300 -0.057948  0.337252  0.265800  -6
  1  1  0.938300  0.192478  0.419422  0.450257  -4
  1  1  0.938300  0.303528  0.036981  0.524431  -3
  1  1  0.938300  0.626320  0.085768  0.152525  -3
  1  1  0.938300  0.218220  0.398613  0.323078  -2
  1  1  0.938300  0.118642  0.208016  0.591433  -1
  1  1  0.938300 -0.096562  0.085493  0.087023  -2
  1  1  0.938300 -0.057218 -0.130214  0.845364  -1
  1  1  0.938300 -0.191663  0.094782  0.698651  -2
  1  1  0.938300 -0.050985  0.093478  0.351193  -2
  1  1  0.938300  0.228096  0.150160  0.656057  -2
  1  1  0.938300  0.011889 -0.011320  0.452892  -7
  1  1  0.938300  0.163361 -0.034751  0.837950  -1
  1  1  0.938300  0.201356 -0.026886  0.242278  -2
  1  1  0.938300 -0.061032 -0.510948  0.238657  -3
  1  1  0.938300  0.375069  0.173358  0.597574  -6
  1  1  0.938300  0.039789 -0.104467  0.552730  -3
  1  1  0.938300  0.176057 -0.287114  0.282166  -2
  1  1  0.938300 -0.205155 -0.041772  0.637146  -4
  1  1  0.938300  0.094518  0.070913  0.446440  -2
  1  1  0.938300 -0.275673  0.106352  0.203227  -4
  1  1  0.938300  0.264253 -0.128236  0.136417  -6
  1  1  0.938300 -0.034448 -0.094339  0.076855  -7
  1  1  0.938300  0.063956 -0.003400  0.643859  -2
  1  1  0.938300 -0.019373  0.097375  0.151427  -4
  1  1  0.938300 -0.216647  0.245740  0.474479  -2
  1  1  0.938300  0.149393 -0.048084  0.184753  -4
  1  1  0.938300 -0.101519 -0.198529  0.877900  -2
  1  1  0.938300 -0.039894  0.282692  0.662149  -2
  1  1  0.938300 -0.188065  0.152691  0.265333  -5
  1  1  0.938300  0.212260  0.057249  0.883811  -1
  1  1  0.938300  0.305324  0.426401  0.835665  -2
  1  1  0.938300  0.178897  0.026426  0.488222  -4
  1  1  0.938300 -0.171976 -0.399582  0.311327  -4
  1  1  0.938300 -0.183483  0.423914  0.837915  -3
  1  1  0.938300  0.132823 -0.050901  0.504529  -1
  1  1  0.938300 -0.223800  0.138349  0.840519  -3
  1  1  0.938300 -0.143566  0.613252  0.564587  -2
  1  1  0.938300  0.027210  0.096941  0.920920  -4
  1  1  0.938300 -0.339537 -0.104603  0.820851  -2
  1  0  0.938300 -0.239525  0.184660  0.308877  -6
  1  1  0.938300  0.142455 -0.441307  0.391123  -2
  1  1  0.938300  0.135525 -0.381130  0.176765  -4
  1  1  0.938300  0.051402  0.040468  0.666387  -2
  1  1  0.938300  0.260473  0.140753  0.439177  -4
  1  1  0.938300  0.110816 -0.019008  0.527516  -1
  1  1  0.938300 -0.030811 -0.421491  0.495351  -3
  1  1  0.938300  0.124011 -0.051928  0.342419  -4
  1  1  0.938300  0.480277 -0.166928  0.530962  -5
  1  1  0.938300  0.209070 -0.124495  0.441042  -2
  1  1  0.938300  0.083310 -0.209888 -0.005133  -3
  1  1  0.938300  0.190136  0.042255  0.116277  -3
  1  1  0.938300 -0.066350  0.188436  0.112011  -5
  1  1  0.938300 -0.235091  0.076415  0.882308  -2
  1  1  0.938300  0.147444 -0.085277  0.263917  -3
  1  1  0.938300 -0.221750 -0.371628  0.520696  -2
  1  1  0.938300 -0.049816  0.016892  0.492175  -3
  1  1  0.938300  0.180148  0.018085  0.499246  -3
  1  1  0.938300 -0.164765  0.055820  0.182552  -4
  1  1  0.938300  0.066163  0.140592  0.490389  -2
  1  1  0.938300 -0.307544 -0.129922  0.390018  -3
  1  1  0.938300  0.235456  0.146351  0.796166  -3
  1  1  0.938300  0.083981  0.338584  0.286661  -5
  1  1  0.938300  0.086633 -0.037884  0.411817  -2
  1  1  0.938300 -0.407451 -0.054413  0.568565  -2
  1  1  0.938300  0.100116 -0.202167 -0.010505  -2
  1  1  0.938300  0.230134 -0.341848  0.114929  -5
  1  1  0.938300 -0.076912  0.076561  0.248145  -4
  1  0  0.938300 -0.209884 -0.078644  0.515895  -4
  1  0  0.938300  0.053021  0.238508  0.023405  -3
  1  0  0.938300 -0.266599  0.327307  0.436369  -2
  1  0  0.938300 -0.045658  0.002941  0.818983  -1
  1  0  0.938300 -0.091841  0.014501  0.850271  -1
  1  0  0.938300  0.008163  0.085916  0.261805  -5
  1  0  0.938300  0.167997 -0.101007  0.475052  -2
  1  0  0.938300  0.117772  0.142957  0.618033  -6
  1  0  0.938300 -0.218106 -0.149464  0.308535  -3
  1  0  0.938300  0.068417 -0.040135  0.576572  -3
  1  0  0.938300  0.165623  0.089425  0.493285  -3
  1  0  0.938300 -0.290023 -0.078666  0.068750  -2
  1  0  0.938300  0.172490 -0.103464  0.035262  -3
  1  0  0.938300 -0.241766 -0.067226  0.557572  -2
  1  1  0.938300  0.493603  0.223939  0.688164  -7
  1  0  0.938300  0.011259 -0.172762  0.386836  -7
  1  0  0.938300  0.049904  0.100046  0.395507  -2
  1  0  0.938300 -0.180371 -0.123215  0.587321  -2
  1  0  0.938300  0.056723  0.423652  0.663406  -6
  1  1  0.938300  0.399519  0.399108  0.019881  -3
  1  0  0.938300 -0.198181 -0.280934  0.060046  -3
  1  0  0.938300  0.168140  0.059949  0.308973  -5
  1  0  0.938300  0.025225 -0.087824  0.244792  -4
  1  0  0.938300 -0.136945 -0.252604  0.111087  -2
  1  0  0.938300  0.010636 -0.031101  0.720959  -2
  1  0  0.938300 -0.530421  0.113731  0.280055  -6
  1  0  0.938300  0.075928 -0.024166  0.092938  -3
  1  0  0.938300 -0.043029  0.028280  0.765966  -1
  1  0  0.938300  0.251810 -0.036737  0.492422  -3
  1  0  0.938300  0.162529 -0.141929  0.481473  -4
  1  0  0.938300 -0.059571 -0.183349  0.673578  -5
  1  0  0.938300 -0.177954  0.375421  0.206828  -4
  1  0  0.938300  0.102466  0.102672  0.173948  -2
  1  0  0.938300  0.247897 -0.142972  0.379354  -6
  1  0  0.938300  0.162383  0.124813  0.458954  -4
  1  0  0.938300 -0.220565  0.023954  0.218358  -4
  1  0  0.938300 -0.089774  0.073343  0.431481  -3
  1  0  0.938300 -0.365311  0.544248  0.321309  -3
  1  0  0.938300  0.148687 -0.605233  0.712907  -5
  1  0  0.938300  0.031258 -0.056242  0.291176  -5
  1  0  0.938300 -0.156133 -0.034746  0.781744  -1
  1  0  0.938300 -0.098332  0.191640  0.301966  -3
  1  0  0.938300 -0.032074  0.247823  0.644062  -4
  1  0  0.938300 -0.029858 -0.011588  0.810925  -1
  1  0  0.938300  0.324348 -0.012362  0.290742  -3
  1  0  0.938300 -0.337596 -0.019470  0.381481  -5
  1  0  0.938300  0.024019  0.189961  0.925979  -2
  1  0  0.938300 -0.102443  0.044887  0.370052  -5
  1  0  0.938300 -0.140357 -0.049051  0.375670  -3
  1  0  0.938300 -0.167511  0.065154  0.398792  -4
  1  0  0.938300 -0.297017 -0.120807  0.328038  -5
  1  0  0.938300 -0.247332 -0.198525  0.680890  -3
  1  0  0.938300  0.105310  0.133342  0.104791  -4
  1  0  0.938300 -0.107417 -0.118585  0.244170  -2
  1  0  0.938300  0.017541 -0.383209  0.645743  -2
  1  0  0.938300 -0.134453  0.031004  0.513903  -4
  1  0  0.938300  0.117980 -0.111114  0.089494  -4
  1  0  0.938300 -0.236990  0.214885  0.269366  -3
  1  0  0.938300  0.081266  0.149330  0.707419  -1
  1  0  0.938300  0.087068 -0.004294  0.131977  -6
  1  0  0.938300 -0.004659  0.057126  0.507526  -1
  1  0  0.938300  0.057860 -0.059014  0.606793  -2
  1  0  0.938300 -0.094507  0.003316  0.500655  -4
  1  0  0.938300  0.233706 -0.077774  0.733664  -2
  1  0  0.938300 -0.119615 -0.112088  0.536978  -1
  1  0  0.938300  0.104634 -0.114748  0.503195  -6
  1  0  0.938300 -0.220899  0.176750  0.219842  -2
  1  0  0.938300  0.331389 -0.268224  0.107217  -5
  1  0  0.938300  0.036755  0.216834  0.462146  -4
  1  0  0.938300 -0.369034  0.069796  0.461955  -7
  1  0  0.938300  0.263752 -0.128839  0.306799  -2
  1  0  0.938300 -0.141174  0.137258  0.462428  -1
  1  0  0.938300  0.387432 -0.129503  0.739015  -3
  1  0  0.938300 -0.202719 -0.016328  0.697735  -1
  1  0  0.938300  0.015813 -0.157661  0.300072  -2
  1  0  0.938300  0.276377  0.109456  0.152601  -6
  1  0  0.938300 -0.059706  0.043523  0.318857  -3
  1  0  0.938300  0.055492  0.042904 -0.053524  -6
  1  0  0.938300  0.212552  0.126121  0.594099  -2
  1  0  0.938300 -0.275959  0.017887  0.647674 -11
  1  0  0.938300 -0.140746  0.005786  0.971310  -1
  1  0  0.938300 -0.254278 -0.326128  0.167375  -3
  1  0  0.938300 -0.008601  0.118599  0.340446  -6
  1  0  0.938300 -0.156170  0.011104  0.620645  -2
  1  0  0.938300  0.039770 -0.255503  0.216379  -5
  1  0  0.938300  0.159124  0.144606  0.491381  -2
  1  0  0.938300  0.253482 -0.284867  0.726139  -2
  1  0  0.938300  0.345994  0.236956  0.598236  -2
  1  0  0.938300  0.012059  0.214780  0.278805  -4
  1  0  0.938300 -0.130994 -0.144743  0.434127  -3
  1  0  0.938300  0.124062 -0.065936 -0.003468  -4
  1  0  0.938300 -0.137705 -0.164497  0.438088  -4
  1  0  0.938300 -0.166081  0.226504  0.609701  -3
  1  0  0.938300  0.076200 -0.069809  0.740656  -2
  1  0  0.938300  0.161661 -0.031922  0.640765  -1
  1  0  0.938300  0.360712 -0.233968  0.238689  -4
  1  0  0.938300  0.156335 -0.067158  0.830820  -1
  1  0  0.938300 -0.276037  0.067763  0.253713  -3
  1  0  0.938300  0.176196  0.042758  0.421578  -5
  1  0  0.938300  0.036021  0.107489  0.662525  -1
  1  0  0.938300  0.059964  0.096565  0.164554  -3
  1  0  0.938300 -0.155045 -0.219460  0.067265  -5
  1  0  0.938300 -0.058084 -0.172003  0.269423  -4
  1  0  0.938300  0.197969 -0.165488  0.311788  -2
  1  0  0.938300 -0.105806 -0.154730  0.292363  -4
  1  0  0.938300 -0.096956  0.201445  0.567675  -4
  1  0  0.938300  0.099062  0.156728  0.479631  -2
  1  0  0.938300  0.226799 -0.551743  0.251818  -9
  1  0  0.938300 -0.067400 -0.108512  0.191184  -4
  1  0  0.938300 -0.133988 -0.221234  0.037623  -4
  1  0  0.938300  0.323409  0.323119  0.262643  -5
  1  0  0.938300 -0.237366  0.237813  0.587117  -2
  1  0  0.938300 -0.199578 -0.122436  0.291506  -6
  1  0  0.938300  0.260650 -0.002938  0.427047  -2
  1  0  0.938300 -0.120050  0.316456  0.601064  -5
  1  0  0.938300 -0.101123 -0.012817  0.770170  -6
  1  0  0.938300  0.083508  0.233988  0.174894  -6
  1  0  0.938300 -0.221171 -0.241531  0.297706  -2