  1  1  0.938300 -0.080587  0.090693  0.143320   4
  1  0  0.938300  0.280607  0.002873  0.553003   2
  1  1  0.938300  0.097386 -0.336121  0.058075   3
  1  1  0.938300  0.007609  0.127390  0.125773   7
  1  1  0.938300 -0.061923  0.269297  0.699764   3
  1  1  0.938300  0.142600 -0.119930  0.291911   1
  1  1  0.938300 -0.259598  0.027615  0.223072   3
  1  1  0.938300  0.083289 -0.251291  0.767222   2
  1  1  0.938300 -0.107362  0.340327  0.384623   6
  1  1  0.938300 -0.030635 -0.104355  0.343441   2
  1  1  0.938300  0.169644 -0.032714  0.676864   6
  1  1  0.938300  0.021539 -0.043653  0.876877   4
  1  1  0.938300  0.385747  0.103662  0.431843   7
  1  1  0.938300 -0.144992 -0.098822  0.137794   1
  1  1  0.938300 -0.187196 -0.415180  0.323374   9
  1  1  0.938300  0.091701 -0.158109  0.249559   2
  1  1  0.938300  0.028326  0.039410  0.267731   3
  1  1  0.938300  0.002721 -0.325724  0.204039   7
  1  1  0.938300  0.110727 -0.255860  0.204282   2
  1  1  0.938300 -0.015844 -0.221262 -0.018543   6
  1  1  0.938300 -0.546712 -0.084868 -0.111952   4
  1  1  0.938300  0.230153  0.253136  0.839866   2
  1  1  0.938300  0.003338  0.174190 -0.023546   1
  1  1  0.938300 -0.342365 -0.055604  0.642292   2
  1  1  0.938300  0.119455  0.058224  0.486473   5
  1  1  0.938300  0.087522  0.002232 -0.088855   1
  1  1  0.938300 -0.048880 -0.511803  0.401641   3
  1  1  0.938300  0.070127 -0.074919  0.185223   5
  1  1  0.938300  0.058516 -0.006351  0.093348   1
  1  1  0.938300  0.045381 -0.491888  0.153326   2
  1  1  0.938300  0.251208 -0.169508  0.120084   2
  1  1  0.938300  0.175994  0.239108  0.298846   2
  1  1  0.938300 -0.157125  0.087837  0.672488   5
  1  1  0.938300  0.096115 -0.082136  0.347691   4
  1  1  0.938300 -0.015174  0.163478 -0.014605   1
  1  1  0.938300 -0.125442 -0.074472  0.501654   4
  1  1  0.938300  0.223479 -0.235232  0.241630   6
  1  1  0.938300  0.128131  0.088749 -0.078492   8
  1  1  0.938300 -0.195888 -0.155976  0.052884   2
  1  1  0.938300 -0.067064 -0.012054  0.288894   5
  1  1  0.938300 -0.372724  0.369448  0.237959   5
  1  1  0.938300 -0.294417  0.250420  0.542529   3
  1  1  0.938300 -0.140622  0.167751  0.061921   1
  1  1  0.938300  0.091023 -0.218737  0.245913   5
  1  1  0.938300 -0.055469 -0.073029  0.053034   1
  1  1  0.938300 -0.484119 -0.077489  0.170010   2
  1  1  0.938300 -0.162729  0.056975  0.523230   7
  1  1  0.938300 -0.145305 -0.025906  0.298189   4
  1  1  0.938300  0.323028 -0.206122  0.178971   5
  1  1  0.938300  0.219970 -0.183542  0.199633   3
  1  1  0.938300  0.217546 -0.162691  0.319146   2
  1  1  0.938300  0.052638  0.009581 -0.056743   1
  1  1  0.938300 -0.183706 -0.066962  0.579569   3
  1  1  0.938300 -0.341523  0.084008  0.137689   2
  1  1  0.938300  0.102140 -0.117134  0.171220   4
  1  1  0.938300 -0.144958  0.096494  0.002567   2
  1  1  0.938300  0.003753 -0.050789  0.783510   4
  1  1  0.938300  0.082725 -0.124264  0.348757   5
  1  1  0.938300 -0.281954  0.308584  0.233085   3
  1  1  0.938300 -0.251593  0.098061  0.052062   3
  1  1  0.938300  0.286920  0.021326  0.312877   4
  1  1  0.938300  0.451135  0.176788  0.372194   5
  1  1  0.938300  0.018995 -0.348774  0.617294   2
  1  1  0.938300 -0.367793  0.223774  0.465012   8
  1  1  0.938300 -0.203318 -0.284086  0.368146   2
  1  1  0.938300  0.097216 -0.080252  0.230688  11
  1  1  0.938300  0.013318  0.151179 -0.187014   6
  1  1  0.938300  0.023375  0.193067  0.442077   2
  1  1  0.938300 -0.130252 -0.200382  0.627362   2
  1  1  0.938300 -0.132883 -0.244554  0.093486   4
  1  1  0.938300  0.237932  0.161924  0.335611   7
  1  1  0.938300 -0.330276  0.022006  0.617500   5
  1  1  0.938300 -0.361266 -0.314026  0.116245   3
  1  1  0.938300  0.010774  0.291981  0.076649   7
  1  1  0.938300 -0.333493  0.041047  0.601976   3
  1  1  0.938300  0.163151  0.017727  0.213240   4
  1  1  0.938300  0.038046  0.047613  0.268029   6
  1  1  0.938300  0.282426  0.134029  0.359719   2
  1  1  0.938300 -0.133560 -0.089141  0.021551   2
  1  0  0.938300  0.017483  0.299680  0.278932   4
  1  0  0.938300 -0.033891  0.138794  0.125115   2
  1  0  0.938300 -0.119569  0.010210  0.249190   4
  1  0  0.938300 -0.092090  0.242085  0.042606   1
  1  0  0.938300 -0.101796  0.359306  0.242629   3
  1  0  0.938300 -0.157402  0.192200  0.559676   4
  1  0  0.938300  0.082603 -0.148295  0.192134   1
  1  0  0.938300 -0.092428 -0.143857 -0.060451   1
  1  0  0.938300 -0.051457  0.104966  0.532118   4
  1  0  0.938300  0.058897  0.321179  0.149538   8
  1  0  0.938300 -0.011645  0.250757  0.029270   3
  1  0  0.938300  0.092605  0.180317  0.326609   5
  1  0  0.938300  0.008311 -0.040013  0.130416   4
  1  0  0.938300 -0.340016  0.311124  0.252757   2
  1  0  0.938300  0.214495  0.132284  0.791933   4
  1  0  0.938300 -0.027569 -0.167970  0.619163   4
  1  0  0.938300  0.173970  0.059597 -0.113429   1
  1  0  0.938300  0.005704 -0.216122 -0.005365   1
  1  0  0.938300  0.177169  0.223014  0.375030   5
  1  0  0.938300 -0.096760 -0.145915  0.239184   3
  1  0  0.938300 -0.027469 -0.016476  0.384345   4
  1  0  0.938300  0.021069  0.077879  0.087737   2
  1  0  0.938300  0.084039  0.079822  0.272726   2
  1  0  0.938300 -0.344752  0.152014 -0.072573   4
  1  0  0.938300  0.180556 -0.368654  0.182884   4
  1  0  0.938300  0.087760 -0.104433 -0.014717   4
  1  0  0.938300 -0.211810  0.252365  0.509859   4
  1  0  0.938300 -0.269885 -0.150458  0.697842   5
  1  0  0.938300 -0.043924 -0.062795 -0.123524   1
  1  0  0.938300 -0.223385  0.086001  0.163225   1
  1  0  0.938300 -0.012076  0.310104  0.275695   4
  1  0  0.938300 -0.308102 -0.126349  0.180282   2
  1  0  0.938300  0.102381  0.184960  0.467030   3
  1  0  0.938300  0.112650  0.243677  0.519010   6
  1  0  0.938300  0.028835 -0.170154  0.225944   3
  1  0  0.938300  0.096957 -0.099842  0.575124   4
  1  0  0.938300  0.430039  0.137707  0.300054   3
  1  0  0.938300 -0.324663  0.047705  0.477457   3
  1  0  0.938300 -0.102813 -0.048582  0.270050   2
  1  0  0.938300  0.011153 -0.212358  0.411758   2
  1  0  0.938300  0.179700  0.056193  0.023683   1
  1  0  0.938300 -0.080154 -0.186760  0.787441   4
  1  0  0.938300  0.148311 -0.158425  0.492978   2
  1  0  0.938300  0.234630  0.114343  0.431559   4
  1  0  0.938300  0.174841 -0.489152  0.542228   4
  1  0  0.938300  0.123749  0.037939 -0.038636   4
  1  0  0.938300 -0.453800 -0.291963  0.456651   3
  1  0  0.938300  0.054104 -0.011620  0.015836   1
  1  0  0.938300  0.067605  0.018854 -0.026943   7
  1  0  0.938300  0.160896  0.205612  0.412487   2
  1  0  0.938300 -0.215287  0.300654 -0.026783   2
  1  0  0.938300  0.169224 -0.004899  0.265475   4
  1  0  0.938300 -0.575424  0.114921  0.799328   2
  1  0  0.938300  0.063819 -0.139839  0.199607   6
  1  0  0.938300  0.180955 -0.012287  0.088504   1
  1  0  0.938300 -0.416719 -0.213025  0.055534   2
  1  0  0.938300 -0.333713 -0.031504  0.091005   2
  1  0  0.938300  0.081238  0.362603  0.157611   2
  1  0  0.938300 -0.341538 -0.026432  0.648940   2
  1  0  0.938300 -0.250977  0.084996  0.058273   9
  1  0  0.938300 -0.044058 -0.114363  0.089974   3
  1  0  0.938300 -0.267086  0.232891  0.529269   6
  1  0  0.938300  0.069945  0.228573  0.166958   5
  1  0  0.938300  0.151642  0.160972  0.374157   4
  1  0  0.938300 -0.166739  0.287208  0.134803   2
  1  0  0.938300 -0.035837 -0.025093  0.205892   1
  1  0  0.938300  0.105724 -0.017870  0.338557   2
  1  0  0.938300 -0.271977  0.346369  0.181692   2
  1  0  0.938300 -0.472355 -0.197075  0.473078   4
  1  0  0.938300  0.076056 -0.029895  0.220218   1
  1  0  0.938300 -0.192903 -0.107814  0.375491   3
  1  0  0.938300  0.141337  0.524198  0.235309   2
  1  0  0.938300  0.082343 -0.302873  0.139569   5
  1  0  0.938300  0.044280 -0.020625  0.383346   4
  1  0  0.938300 -0.115024 -0.128809  0.129540   3
  1  0  0.938300  0.087132  0.388704  0.322898   2
  1  0  0.938300  0.029452 -0.108032 -0.175905   2
  1  0  0.938300 -0.247607  0.379546  0.031824   3
  1  0  0.938300 -0.110564  0.792440  0.156366   5
  1  0  0.938300  0.209925  0.247077  0.550254   4
  1  0  0.938300  0.205991 -0.043126  0.120774   1
  1  0  0.938300  0.140183  0.086495  0.345062   3
  1  0  0.938300 -0.304883 -0.016791  0.636615   6
  1  0  0.938300 -0.196798  0.068627  0.296422   7
  1  1  0.938300  0.286482  0.319206  0.557923   4
  1  0  0.938300 -0.023658 -0.244260  0.100282   5
  1  0  0.938300 -0.053884  0.283408  0.408873   2
  1  0  0.938300  0.211281  0.153733  0.307417   3
  1  0  0.938300 -0.182502 -0.067262  0.304869   4
  1  1  0.938300 -0.196507  0.031496  0.494123   4
  1  0  0.938300 -0.188099 -0.563548  0.443905   6
  1  0  0.938300 -0.334186  0.003639  0.016019   3
  1  0  0.938300  0.052148 -0.096787  0.247461   2
  1  0  0.938300  0.273590 -0.178588  0.403344   7
  1  0  0.938300 -0.004805  0.002105  0.337331   1
  1  0  0.938300  0.003439  0.114357  0.341628   4
  1  0  0.938300 -0.168861 -0.004345  0.179108   6
  1  0  0.938300  0.107431  0.381742  0.245116   4
  1  0  0.938300 -0.058132 -0.149273 -0.059664   2
  1  0  0.938300  0.063429  0.158594  0.065078   1
  1  0  0.938300  0.144276 -0.175016  0.465163   4
  1  0  0.938300 -0.258930  0.299258  0.203778   2
  1  0  0.938300  0.051720 -0.195631  0.404854   2
  1  0  0.938300 -0.034591 -0.196078  0.291386   3
  1  0  0.938300  0.117185  0.422153  0.439579   3
  1  0  0.938300  0.047449  0.319887  0.278512   5
  1  0  0.938300 -0.115147 -0.033012  0.345755   2
  1  0  0.938300  0.069798  0.081340  0.558381   6
  1  0  0.938300  0.066784 -0.311063  0.224867   4
  1  0  0.938300  0.290081  0.082802  0.457675   7
  1  0  0.938300  0.187412 -0.261087  0.572194   2
  1  0  0.938300  0.200691  0.381366  0.464185   2
  1  0  0.938300 -0.056881 -0.031018  0.173343   3
  1  0  0.938300 -0.116540  0.000527  0.505539   2
  1  0  0.938300  0.048118  0.220651  0.436483   3
  1  0  0.938300  0.032666  0.222463  0.532075   5
  1  1  0.938300 -0.043293 -0.065463  0.372878   4
  1  0  0.938300  0.317426 -0.063691  0.586574   4
  1  1  0.938300 -0.089560  0.180059  0.604111  -4
  1  1  0.938300 -0.164519 -0.191763 -0.019558  -3
  1  1  0.938300  0.445992 -0.329195  0.179536  -4
  1  1  0.938300  0.078518 -0.254929  0.066361  -5
  1  1  0.938300  0.483285  0.193324  0.371001  -2
  1  1  0.938300  0.075858  0.085445  0.563898  -1
  1  1  0.938300  0.023441 -0.128270  0.514370  -7
  1  1  0.938300 -0.174272 -0.507818 -0.024141  -5
  1  1  0.938300  0.238662 -0.037706  0.609902  -5
  1  1  0.938300  0.016427 -0.031959  0.267965  -8
  1  1  0.938300 -0.181754 -0.245782  0.337902  -3
  1  1  0.938300  0.151647  0.258471 -0.204702  -5
  1  1  0.938300  0.157020 -0.081752  0.265695  -6
  1  1  0.938300  0.146073  0.016618  0.389439  -3
  1  1  0.938300 -0.124868 -0.405289  0.790026  -5
  1  1  0.938300  0.042538  0.058183  0.784809  -1
  1  1  0.938300  0.024149 -0.048521  0.691652  -1
  1  1  0.938300 -0.324761  0.090849  0.455549  -5
  1  1  0.938300 -0.069907 -0.078399  0.362631  -4
  1  1  0.938300  0.195203 -0.161206  0.393690  -5
  1  1  0.938300  0.069534  0.202870  0.557346  -4
  1  1  0.938300  0.025859 -0.416419  0.018654  -2
  1  1  0.938300 -0.095372  0.005665  0.579758  -2
  1  1  0.938300  0.126807 -0.128414  0.480346  -5
  1  1  0.938300  0.224998 -0.251156  0.473759  -6
  1  1  0.938300  0.265760 -0.547198  0.329600  -4
  1  1  0.938300  0.538328  0.037425  0.338088  -6
  1  1  0.938300  0.147787 -0.138276 -0.172110  -5
  1  1  0.938300 -0.312932 -0.407866  0.689706  -3
  1  1  0.938300  0.040143 -0.105040  0.433707  -2
  1  1  0.938300 -0.110084 -0.323892  0.325164  -3
  1  1  0.938300 -0.091287  0.324095  0.224778  -2
  1  1  0.938300 -0.063620  0.180087  0.706129  -1
  1  1  0.938300 -0.141286  0.226083  0.679064  -1
  1  1  0.938300 -0.006968  0.066096  0.424022  -3
  1  1  0.938300  0.201195 -0.197714  0.631355  -5
  1  1  0.938300  0.224738 -0.192604  0.349505  -3
  1  1  0.938300 -0.001025 -0.406725  0.520810  -4
  1  1  0.938300  0.074818  0.313318  1.030905  -4
  1  1  0.938300  0.039505 -0.063361  0.475575  -1
  1  1  0.938300 -0.098872 -0.326596  0.169164  -4
  1  1  0.938300  0.003905 -0.128428  0.119472  -3
  1  1  0.938300 -0.051567  0.097777  0.467967  -3
  1  1  0.938300  0.107890  0.041889  0.118190  -3
  1  0  0.938300  0.077116 -0.248185  0.042480  -6
  1  1  0.938300  0.299421 -0.139114  0.561101  -2
  1  1  0.938300 -0.001075  0.110528  0.688923  -2
  1  1  0.938300  0.086648  0.034871  0.819537  -1
  1  1  0.938300  0.039635  0.178410  0.235704  -3
  1  1  0.938300 -0.077849  0.058798  0.932781  -1
  1  1  0.938300 -0.083356 -0.072319  0.659030  -1
  1  1  0.938300 -0.080823  0.025011  0.652046  -1
  1  1  0.938300  0.001119  0.004717  0.334514  -8
  1  1  0.938300 -0.169903  0.133505  0.588424  -2
  1  1  0.938300 -0.174486  0.361091  0.516282  -2
  1  1  0.938300  0.353786 -0.179396  0.476003  -4
  1  1  0.938300  0.190264  0.102545  0.628412  -1
  1  1  0.938300 -0.121127 -0.219962  0.125265  -7
  1  1  0.938300 -0.151452 -0.159469  0.876211  -2
  1  1  0.938300  0.047697 -0.003323  0.737291  -1
  1  1  0.938300 -0.013673  0.212186  0.269682  -3
  1  1  0.938300 -0.036680 -0.049537  0.601116  -4
  1  1  0.938300 -0.293440  0.185650  0.441047  -2
  1  0  0.938300  0.028859 -0.259926  0.640499  -2
  1  1  0.938300 -0.113482 -0.314021  0.273222  -2
  1  1  0.938300  0.008241  0.102208  0.702017  -7
  1  1  0.938300 -0.161339 -0.082796  0.649153  -1
  1  1  0.938300 -0.066687 -0.208515 -0.003615  -5
  1  1  0.938300 -0.026806  0.016861  0.499832  -1
  1  1  0.938300  0.214908 -0.280584  0.514323  -3
  1  1  0.938300 -0.017163 -0.080772  0.461807  -1
  1  1  0.938300  0.050108 -0.134074  0.469571  -7
  1  1  0.938300 -0.429166 -0.098201  0.267143  -4
  1  1  0.938300  0.003222 -0.151675  0.531310  -1
  1  1  0.938300  0.008443 -0.268052  0.373577  -3
  1  1  0.938300  0.170017  0.334914  0.449296  -4
  1  1  0.938300 -0.010706 -0.211986  0.897319  -2
  1  1  0.938300 -0.158171 -0.207202  1.002906  -4
  1  1  0.938300  0.067299 -0.150609  0.854723  -1
  1  0  0.938300  0.208927 -0.092018  0.613566  -4
  1  0  0.938300  0.094490  0.162080  1.037407  -2
  1  0  0.938300 -0.217515  0.034684  0.612497  -1
  1  0  0.938300 -0.215823  0.061887  0.440661  -4
  1  0  0.938300  0.088188  0.057938  0.057400  -4
  1  0  0.938300  0.120555  0.163507  0.345299  -2
  1  0  0.938300 -0.043424  0.111215  0.516507  -7
  1  0  0.938300 -0.280613 -0.120241  0.158122  -3
  1  0  0.938300 -0.101605  0.028939  0.516500  -7
  1  0  0.938300  0.017462 -0.005666  0.355293  -6
  1  1  0.938300 -0.182885 -0.080868  0.540401  -3
  1  0  0.938300 -0.137828 -0.266865  0.377802  -3
  1  0  0.938300 -0.061862 -0.056369  0.456446  -3
  1  0  0.938300 -0.011672 -0.194579  0.558090  -3
  1  0  0.938300 -0.160120  0.051372  0.404967  -7
  1  1  0.938300  0.755520 -0.149603  0.019165  -5
  1  0  0.938300 -0.081533 -0.236951  0.789963  -1
  1  0  0.938300  0.124221 -0.152983  0.181982  -4
  1  0  0.938300 -0.008972  0.031443  0.449645  -2
  1  0  0.938300  0.368673  0.064244  0.293866  -4
  1  0  0.938300 -0.046076  0.032318  0.223420  -5
  1  0  0.938300  0.006283 -0.012854  0.356175  -3
  1  0  0.938300 -0.095681 -0.167474  0.738613  -3
  1  0  0.938300 -0.198451  0.211098  0.556249  -2
  1  0  0.938300  0.067301 -0.063941  0.399086  -7
  1  0  0.938300 -0.246816 -0.204362  0.719841  -6
  1  0  0.938300  0.180607 -0.145175  0.355810  -4
  1  0  0.938300 -0.023427  0.047107  0.216896  -3
  1  0  0.938300 -0.187624  0.108610  0.455788  -3
  1  0  0.938300 -0.123103 -0.407412  0.429868  -2
  1  0  0.938300  0.142087  0.040331  0.568590  -1
  1  0  0.938300 -0.000690 -0.039269  0.591776  -2
  1  0  0.938300 -0.086614  0.144047  0.080188  -5
  1  0  0.938300  0.380872 -0.231208  0.475327  -4
  1  0  0.938300 -0.166708 -0.028918  0.473927  -6
  1  0  0.938300 -0.289992  0.138466  0.469461  -4
  1  0  0.938300  0.287516 -0.113310  0.442930  -3
  1  0  0.938300  0.339623  0.071328  0.712822  -2
  1  0  0.938300  0.032315  0.060618  0.727869  -1
  1  0  0.938300  0.074944  0.196876  0.112301  -3
  1  0  0.938300  0.136074  0.296600  0.002544  -6
  1  0  0.938300 -0.026375 -0.060267  0.221131  -2
  1  0  0.938300  0.116100  0.336963  0.222138  -6
  1  0  0.938300 -0.189362  0.450470  0.424275  -4
  1  0  0.938300 -0.204588 -0.208456  0.429868  -3
  1  0  0.938300 -0.125338 -0.017791  0.495747  -2
  1  0  0.938300  0.029964 -0.147084  0.339925  -3
  1  0  0.938300 -0.005783 -0.144587  0.397907  -2
  1  0  0.938300  0.022842  0.127206  0.599271  -1
  1  0  0.938300 -0.025205  0.112310  0.702784  -1
  1  0  0.938300 -0.092462  0.350643 -0.006508  -3
  1  0  0.938300  0.187173  0.017089  0.214612  -3
  1  0  0.938300 -0.491276 -0.052432  0.404975  -5
  1  0  0.938300  0.167399  0.082421  0.507133  -3
  1  0  0.938300 -0.189619  0.374457  0.651487  -7
  1  0  0.938300 -0.084717  0.219384  0.097384  -3
  1  0  0.938300  0.226346 -0.014789  0.359545  -2
  1  0  0.938300 -0.104648 -0.162207  0.460401  -4
  1  1  0.938300  0.160554  0.108033  0.576867  -6
  1  0  0.938300  0.384141  0.291684  0.754874  -4
  1  0  0.938300 -0.070298  0.240437  0.307173  -2
  1  0  0.938300 -0.045300 -0.128968  0.790563  -1
  1  0  0.938300 -0.000033  0.277714  0.100213  -7
  1  0  0.938300 -0.005021 -0.105640  0.414968  -2
  1  0  0.938300  0.092932  0.117606  0.622542  -1
  1  0  0.938300  0.053518  0.235816  0.335110  -5
  1  0  0.938300 -0.042023  0.015245  0.492084  -3
  1  0  0.938300 -0.261404  0.598781  0.959603  -2
  1  0  0.938300 -0.015380 -0.112208  0.754193  -1
  1  0  0.938300 -0.081767 -0.294068  0.021357  -4
  1  0  0.938300 -0.224159 -0.078940  0.628520  -3
  1  0  0.938300 -0.037902 -0.143172  0.483777  -1
  1  0  0.938300  0.311801 -0.039058  0.181666  -8
  1  0  0.938300  0.307493 -0.241354  0.388576  -4
  1  0  0.938300  0.000139 -0.099431  0.453206  -2
  1  0  0.938300 -0.483585 -0.080218  0.492112  -3
  1  0  0.938300 -0.022575  0.106476  0.313534  -4
  1  0  0.938300 -0.026999 -0.004158  0.392014  -4
  1  0  0.938300  0.135572 -0.257128  0.425823  -2
  1  0  0.938300 -0.059187  0.047413  0.819176  -1
  1  0  0.938300 -0.151625 -0.202254  0.577654  -2
  1  1  0.938300 -0.154906  0.183904  0.379537  -4
  1  0  0.938300  0.011771  0.276374  0.408478  -3
  1  0  0.938300 -0.145956 -0.024178  0.297639  -4
  1  0  0.938300  0.393262 -0.347425  0.650849  -2
  1  0  0.938300  0.366831 -0.146181  0.639402  -4
  1  0  0.938300  0.147291 -0.096569  0.317856  -2
  1  0  0.938300  0.112906  0.112102  0.550405  -2
  1  0  0.938300  0.140026 -0.167836  0.363677  -3
  1  0  0.938300  0.247242  0.391622  0.133837  -5
  1  0  0.938300 -0.108497  0.312092  0.927864  -2
  1  0  0.938300  0.247867  0.205477  0.563389  -7
  1  0  0.938300 -0.096134 -0.203807  0.276299  -2
  1  0  0.938300  0.115210 -0.284758  0.273796  -5
  1  0  0.938300  0.063224 -0.293728  0.191571  -2
  1  0  0.938300 -0.194159  0.119263  0.073589  -8
  1  0  0.938300 -0.090541 -0.223988  0.466373  -2
  1  0  0.938300 -0.182544 -0.113408  0.393368  -5
  1  0  0.938300  0.127008  0.001732  0.490880  -1
  1  0  0.938300  0.025645  0.155394  0.344255  -3
  1  0  0.938300 -0.011374  0.240817  0.345631  -2
  1  0  0.938300  0.109533 -0.046993  0.403834  -7
  1  0  0.938300  0.023193  0.145333  0.460582  -3
  1  0  0.938300  0.074079 -0.369168  0.690978  -6
  1  0  0.938300  0.289330  0.160876  0.490104  -2
  1  0  0.938300 -0.105783 -0.263005  0.197197  -3
  1  0  0.938300  0.250780 -0.022904  0.360098  -8
  1  0  0.938300  0.090912  0.016369  0.818399  -1
  1  0  0.938300 -0.048597  0.045822  0.648054  -1
  1  0  0.938300  0.000911  0.000153  0.279836  -1
  1  0  0.938300 -0.118967 -0.096908  0.275011  -3
  1  0  0.938300 -0.126218 -0.203310  0.574472  -2
  1  0  0.938300 -0.421911  0.386689  0.704889  -3
  1  0  0.938300  0.173399 -0.082944  0.518071  -2
  1  0  0.938300  0.202342 -0.285318  0.289904  -3
  1  0  0.938300 -0.316056  0.078341  0.311299  -3
  1  0  0.938300 -0.072148 -0.092614  0.213754  -5
  1  0  0.938300  0.045556  0.015433  0.461709 -10