  1  1  0.938300 -0.018853  0.245127  0.621610   3
  1  1  0.938300 -0.084491  0.056134  0.316882   3
  1  1  0.938300  0.179966  0.005694  0.798820   2
  1  1  0.938300 -0.198716  0.002901  0.423301   6
  1  1  0.938300  0.156397 -0.132276  0.196137   4
  1  1  0.938300  0.172985  0.131986 -0.019219   1
  1  1  0.938300 -0.086005 -0.188217  0.398730   4
  1  1  0.938300  0.010167  0.185982  0.183316   3
  1  1  0.938300  0.409726  0.213455  0.369123   2
  1  1  0.938300 -0.409473  0.224370  0.634233   2
  1  1  0.938300  0.136742  0.033888  0.163065   1
  1  1  0.938300 -0.036826  0.156076  0.467021   2
  1  1  0.938300 -0.248995  0.100547  0.201689   4
  1  1  0.938300 -0.088069 -0.053266  0.235682   5
  1  1  0.938300  0.324719  0.054120  0.415047   2
  1  1  0.938300 -0.203857 -0.102679  0.033343   1
  1  1  0.938300  0.143511 -0.086088  0.026502   1
  1  1  0.938300  0.109481 -0.297336  0.167363   6
  1  1  0.938300  0.331385  0.624166  0.221844   3
  1  1  0.938300  0.269972  0.025943  0.006243   5
  1  1  0.938300 -0.067797 -0.060105  0.038502   1
  1  1  0.938300  0.321167  0.189211 -0.294959   2
  1  1  0.938300  0.117083  0.168287  0.028136   3
  1  1  0.938300  0.429173 -0.022128  0.474938   7
  1  1  0.938300 -0.122779 -0.008650  0.001492   1
  1  1  0.938300 -0.162310  0.318078  0.377543   3
  1  1  0.938300 -0.123233 -0.011479  0.177917   1
  1  1  0.938300 -0.146739  0.012703  0.480723   7
  1  1  0.938300  0.064134 -0.283258  0.183886   2
  1  1  0.938300  0.212955 -0.309227  0.685799   5
  1  1  0.938300  0.325284  0.034966  0.480870   4
  1  1  0.938300 -0.040626 -0.044112  0.072228   1
  1  1  0.938300  0.034582 -0.050525  0.430370   4
  1  1  0.938300 -0.161299  0.214142  0.522979   3
  1  1  0.938300  0.159703 -0.080293  0.153194   1
  1  1  0.938300 -0.112607  0.014482  0.442307   4
  1  1  0.938300  0.127955 -0.192347  0.117021   1
  1  1  0.938300  0.166520  0.073546  0.017038   2
  1  1  0.938300 -0.194406 -0.104280  0.799175   2
  1  1  0.938300  0.012409 -0.052267  0.017409   1
  1  1  0.938300 -0.490413 -0.235611  0.446094   2
  1  1  0.938300 -0.058358 -0.189308  0.215167   5
  1  1  0.938300  0.022878  0.372732  0.224473   3
  1  1  0.938300 -0.084522  0.293036  0.180959   4
  1  1  0.938300 -0.170567 -0.008529  0.073656   1
  1  1  0.938300 -0.052909 -0.062823  0.386481   2
  1  1  0.938300 -0.211134 -0.058795  0.301968   6
  1  1  0.938300 -0.133030 -0.091440  0.307075   4
  1  1  0.938300  0.082080  0.149396  0.136021   2
  1  1  0.938300 -0.092950 -0.140867 -0.020419   1
  1  1  0.938300 -0.111732  0.186764  0.486645   2
  1  1  0.938300 -0.019475  0.431426 -0.097630   2
  1  1  0.938300  0.002417  0.015452  0.358521   1
  1  1  0.938300  0.010022  0.157194  0.353916   4
  1  1  0.938300 -0.264347  0.173900  0.706990   5
  1  1  0.938300 -0.021567  0.290963  0.292341   2
  1  1  0.938300  0.511698 -0.078658  0.492206   4
  1  1  0.938300  0.206670 -0.172662  0.083851   1
  1  1  0.938300  0.036946 -0.166640 -0.024702   1
  1  1  0.938300 -0.198316  0.204132  0.063844   3
  1  1  0.938300  0.108575  0.032874 -0.181052   7
  1  1  0.938300 -0.164899 -0.065693  0.049946   1
  1  1  0.938300  0.019663 -0.077782 -0.016922   1
  1  1  0.938300 -0.006909  0.163748  0.183566   2
  1  1  0.938300  0.684815  0.098296  0.510297   2
  1  1  0.938300 -0.269283  0.121643  0.117544   3
  1  1  0.938300  0.007484  0.092324  0.463328   3
  1  1  0.938300 -0.134529  0.000475  0.301492   1
  1  1  0.938300 -0.144947 -0.077707  0.473493   5
  1  1  0.938300 -0.204558 -0.222030  0.448143   3
  1  1  0.938300  0.152806  0.017526  0.121533   1
  1  1  0.938300 -0.365516 -0.138981  0.054119   4
  1  1  0.938300  0.010044  0.068871  0.717778   3
  1  1  0.938300  0.342293  0.328327  0.153055   3
  1  1  0.938300  0.142069 -0.224414  0.200484   3
  1  1  0.938300 -0.054287  0.020475  0.147055   1
  1  1  0.938300 -0.255734 -0.128103  0.682687   7
  1  0  0.938300  0.007016  0.036804  0.840191   4
  1  1  0.938300 -0.144327  0.048136  0.255606   3
  1  0  0.938300 -0.042662  0.384085  0.334256   3
  1  0  0.938300 -0.396808  0.267032  0.568491   7
  1  0  0.938300  0.045149  0.073485  0.307597   2
  1  0  0.938300  0.115791  0.131219  0.165893   3
  1  0  0.938300 -0.001689  0.108474  0.337010   3
  1  0  0.938300  0.277999 -0.030056  0.155591   4
  1  0  0.938300 -0.250477 -0.108898  0.449061   8
  1  0  0.938300  0.102629 -0.112283  0.059083   3
  1  0  0.938300 -0.103752 -0.084882  0.041903   8
  1  0  0.938300  0.226068 -0.013945  0.135628   3
  1  0  0.938300 -0.058210 -0.014360  0.057812   3
  1  0  0.938300  0.004097  0.007946 -0.015425   1
  1  0  0.938300 -0.002576  0.031740  0.236955   2
  1  0  0.938300 -0.135149 -0.159313  0.023363   3
  1  0  0.938300 -0.040651  0.194819 -0.006052   1
  1  0  0.938300 -0.049639 -0.018501  0.132221   4
  1  0  0.938300  0.275055  0.074621  0.569698   2
  1  0  0.938300 -0.115939 -0.095166  0.346881   5
  1  0  0.938300 -0.126755  0.064643  0.159229   5
  1  0  0.938300  0.201814  0.287370  0.017713   2
  1  0  0.938300 -0.013218 -0.072262 -0.009730   1
  1  0  0.938300  0.019353 -0.180761  0.649828   3
  1  0  0.938300  0.021009  0.031953  0.452689   4
  1  0  0.938300  0.111582  0.002975  0.170042   1
  1  0  0.938300  0.091361 -0.176059  0.753565   7
  1  0  0.938300 -0.162491  0.108422  0.294566   4
  1  0  0.938300  0.171655  0.134363  0.325586   4
  1  0  0.938300  0.177543  0.008082  0.802314   5
  1  0  0.938300  0.141578 -0.081745 -0.046765   3
  1  0  0.938300  0.168739 -0.225751  0.140737   9
  1  0  0.938300 -0.137813 -0.085008  0.169387   2
  1  0  0.938300 -0.227795  0.227653  0.232074   2
  1  0  0.938300  0.138184  0.168731  0.242652   2
  1  0  0.938300  0.281917 -0.392418  0.378823   2
  1  0  0.938300  0.140039  0.219809  0.569987   3
  1  0  0.938300  0.036166 -0.080607  0.219870   1
  1  0  0.938300  0.034163 -0.305987  0.333381   3
  1  0  0.938300  0.083365 -0.307823  0.041929   2
  1  0  0.938300 -0.097616  0.072464 -0.001321   1
  1  0  0.938300 -0.099852 -0.158435  0.041299   1
  1  0  0.938300  0.229129 -0.196836  0.639531   8
  1  0  0.938300  0.014216  0.263253  0.046868   4
  1  0  0.938300  0.018635  0.063283  0.104855   6
  1  0  0.938300  0.009275  0.220539 -0.027243   2
  1  0  0.938300 -0.021462 -0.299953  0.400655   2
  1  0  0.938300 -0.165453 -0.162688  0.387231   4
  1  0  0.938300  0.179380  0.057125  0.154046   1
  1  0  0.938300  0.156987  0.066272  0.238274   2
  1  0  0.938300 -0.144040  0.158708  0.390779   3
  1  0  0.938300 -0.071637 -0.082901  0.360874  13
  1  0  0.938300  0.179396 -0.131426  0.200788   4
  1  0  0.938300 -0.084904 -0.481901  0.122492   3
  1  0  0.938300 -0.212672  0.108028  0.147971   5
  1  0  0.938300 -0.126040 -0.353296  0.396253   3
  1  0  0.938300 -0.346474  0.176770  0.041272   3
  1  0  0.938300 -0.279542  0.274571  0.139271   4
  1  0  0.938300 -0.293754  0.086007  0.284793   3
  1  0  0.938300 -0.439780  0.038642  0.201911   7
  1  0  0.938300  0.126475 -0.026079  0.370346   2
  1  1  0.938300  0.308135  0.153615  0.376569   2
  1  0  0.938300 -0.025656 -0.230411  0.319216   2
  1  0  0.938300 -0.170027  0.032526  0.585506   3
  1  0  0.938300  0.069081  0.043367 -0.105425   1
  1  0  0.938300  0.166019 -0.211137  0.100342   2
  1  0  0.938300 -0.078535  0.060458  0.092181   4
  1  0  0.938300  0.419078 -0.310869  0.344373   3
  1  0  0.938300 -0.048039  0.477305  0.440475   3
  1  0  0.938300 -0.320814 -0.128672  0.751809   2
  1  0  0.938300 -0.131200  0.029761  0.362315   2
  1  0  0.938300 -0.007642  0.093235  0.270530   2
  1  0  0.938300 -0.018499 -0.268694  0.023087   3
  1  0  0.938300 -0.255243 -0.199985  0.661271   2
  1  0  0.938300 -0.271743 -0.082779  0.129815   2
  1  0  0.938300  0.078240 -0.154196  0.154793   3
  1  0  0.938300 -0.147444  0.259026  0.640131   2
  1  0  0.938300 -0.160540 -0.097272  0.258295   3
  1  0  0.938300  0.345712  0.080980  0.241115   6
  1  0  0.938300 -0.416204 -0.185069  0.294087   5
  1  0  0.938300 -0.048960 -0.182069 -0.164673   2
  1  0  0.938300 -0.029181  0.176625  0.066945   4
  1  0  0.938300  0.229520 -0.016544  0.249466   5
  1  0  0.938300 -0.011562 -0.201591  0.153520   2
  1  0  0.938300  0.060489  0.058289  0.775131   7
  1  0  0.938300  0.028261 -0.000226  0.196873   6
  1  0  0.938300  0.213321  0.213929 -0.170269   3
  1  0  0.938300  0.134206 -0.065460  0.291527   4
  1  0  0.938300 -0.270322  0.113165  0.190850   4
  1  0  0.938300 -0.131780  0.031928  0.029493   1
  1  0  0.938300 -0.131372  0.015284  0.151873   2
  1  0  0.938300  0.132886  0.029432  0.395282   3
  1  0  0.938300 -0.005156  0.346417  0.555232   3
  1  0  0.938300 -0.233099  0.057516  0.538729   3
  1  0  0.938300 -0.030113  0.107919  0.867291   4
  1  1  0.938300  0.202890 -0.041175  0.373127   7
  1  0  0.938300 -0.375858 -0.028424  0.389995   6
  1  0  0.938300 -0.013073 -0.143013  0.339672   3
  1  0  0.938300  0.247307 -0.176439  0.167398   4
  1  0  0.938300 -0.249968  0.166514  0.017661   5
  1  0  0.938300 -0.088571 -0.111948  0.531964   6
  1  0  0.938300  0.168177 -0.082644 -0.025621   3
  1  0  0.938300  0.165400  0.020221  1.023291   3
  1  0  0.938300  0.202864 -0.350313  0.380968   3
  1  0  0.938300  0.221564  0.176031  0.221016   2
  1  0  0.938300 -0.264253  0.069917  0.047562   2
  1  0  0.938300  0.026873  0.042597  0.429763   5
  1  0  0.938300 -0.252676 -0.196444  0.232444   2
  1  0  0.938300 -0.162539  0.077588  0.471553   3
  1  0  0.938300 -0.099259  0.137913  0.603411   5
  1  0  0.938300 -0.304273 -0.016494  0.502597   2
  1  0  0.938300  0.059726 -0.065789  0.442624   4
  1  0  0.938300 -0.145364  0.074080  0.392074   3
  1  0  0.938300 -0.207267  0.102645  0.357698   4
  1  0  0.938300  0.018251  0.368872  0.487098   5
  1  0  0.938300  0.067835  0.343733  0.055521   3
  1  0  0.938300  0.396055  0.044954  0.415533   7
  1  0  0.938300 -0.197640  0.021135  0.273117   4
  1  0  0.938300  0.098536  0.507657  0.316114   5
  1  0  0.938300 -0.154677 -0.444059  0.349245   3
  1  1  0.938300 -0.277063 -0.170719  0.733806  -2
  1  1  0.938300 -0.314179  0.096464  0.257951  -4
  1  1  0.938300  0.022585 -0.031738  0.348512  -3
  1  1  0.938300 -0.049826  0.125467  0.709938  -1
  1  1  0.938300  0.281891 -0.269062  0.263048  -3
  1  1  0.938300  0.058654  0.173128  0.865367  -1
  1  1  0.938300  0.092989 -0.260711  0.424928  -4
  1  1  0.938300  0.132559 -0.303437  0.756066  -8
  1  1  0.938300 -0.004578 -0.028056  0.738074  -4
  1  1  0.938300  0.103245  0.151355  0.343307  -7
  1  1  0.938300 -0.002912 -0.279554  0.571229  -4
  1  1  0.938300  0.041961 -0.016455  0.376408  -5
  1  1  0.938300  0.148784  0.051215  0.750673  -1
  1  1  0.938300 -0.036397  0.234065  0.299071  -3
  1  1  0.938300  0.095292 -0.279901  0.782328  -2
  1  1  0.938300  0.160544 -0.328226  0.224679  -2
  1  1  0.938300  0.208321 -0.167265  0.543153  -6
  1  1  0.938300 -0.095375 -0.345331  0.696409  -2
  1  1  0.938300  0.033795  0.009631 -0.149842  -2
  1  1  0.938300 -0.280072  0.032975  0.349431  -3
  1  1  0.938300  0.046619  0.203602  0.241305  -6
  1  1  0.938300 -0.108257  0.367431  0.788628  -3
  1  1  0.938300 -0.050739 -0.639851  0.428088  -2
  1  1  0.938300 -0.095805 -0.320579  0.188649  -3
  1  1  0.938300  0.038613  0.032050  0.346734  -2
  1  1  0.938300 -0.008477 -0.001934  0.122902  -6
  1  1  0.938300 -0.479607 -0.249849  0.066964  -6
  1  1  0.938300  0.229904 -0.185341  0.264538  -6
  1  1  0.938300 -0.067220  0.029812  1.045919  -2
  1  1  0.938300  0.172221 -0.029290  0.559599  -2
  1  1  0.938300  0.036351 -0.106188  0.355090  -3
  1  1  0.938300 -0.121068  0.312005  0.861911  -2
  1  1  0.938300 -0.391089 -0.044173  1.040570  -7
  1  1  0.938300 -0.099701 -0.188374  0.693255  -1
  1  1  0.938300 -0.009447  0.021101  0.180122  -4
  1  1  0.938300 -0.241183  0.352337  0.307291  -3
  1  1  0.938300  0.006907 -0.041946  0.632050  -1
  1  1  0.938300  0.350786 -0.219453  0.131631  -2
  1  0  0.938300 -0.016347  0.204630  0.595028  -5
  1  1  0.938300 -0.162599  0.111393  0.558712  -1
  1  1  0.938300 -0.114459  0.288139  0.013093  -2
  1  1  0.938300 -0.184670  0.088494  0.306436  -2
  1  1  0.938300  0.007978 -0.179889  0.428049  -5
  1  1  0.938300 -0.006228  0.158413  0.557700  -2
  1  1  0.938300 -0.239822 -0.064835  0.437938  -8
  1  1  0.938300 -0.036235 -0.069968  0.250605  -2
  1  1  0.938300  0.348143  0.088132  0.646624  -3
  1  1  0.938300 -0.394268  0.188314  0.410534  -4
  1  0  0.938300  0.079669  0.150079  0.193610  -4
  1  1  0.938300  0.277025 -0.191922  0.638653  -3
  1  1  0.938300  0.128190  0.099993  0.775292  -1
  1  1  0.938300  0.315897  0.212372  0.162584  -4
  1  1  0.938300  0.290797  0.414657  0.770560  -6
  1  1  0.938300 -0.113276  0.037152  0.805983  -1
  1  1  0.938300  0.210300 -0.202453  0.601626  -2
  1  1  0.938300  0.008546 -0.200481  0.389198  -3
  1  1  0.938300  0.209677  0.137349  0.676530  -2
  1  1  0.938300  0.011046  0.126933  0.204988  -3
  1  1  0.938300  0.239962  0.234045  0.370410  -2
  1  1  0.938300  0.220571 -0.270400  0.694555  -2
  1  1  0.938300 -0.057444  0.194862  0.679934  -2
  1  1  0.938300  0.176500 -0.185009  0.483287  -1
  1  1  0.938300  0.129028  0.037127  0.347930  -4
  1  1  0.938300 -0.232254  0.147407  0.738339  -6
  1  1  0.938300 -0.048451 -0.190396  0.535613  -1
  1  1  0.938300 -0.171043 -0.040009  0.462167  -5
  1  1  0.938300 -0.094484 -0.030035  0.516385  -3
  1  1  0.938300  0.204375  0.063655  0.362361  -3
  1  1  0.938300 -0.005413  0.011899  0.417140  -2
  1  1  0.938300 -0.190077 -0.132080  0.093166  -3
  1  1  0.938300 -0.143823  0.242507  0.765882  -2
  1  1  0.938300 -0.130889  0.217726  0.594143  -2
  1  1  0.938300  0.217868  0.155872  0.349457  -3
  1  1  0.938300 -0.129757  0.341747  0.519616  -3
  1  1  0.938300  0.043419 -0.135236  0.169151  -3
  1  1  0.938300 -0.128208  0.249807  0.179816  -4
  1  1  0.938300 -0.003036 -0.032810  0.529721  -1
  1  1  0.938300 -0.104693  0.041212  0.128187  -5
  1  1  0.938300 -0.081926 -0.016450  0.463967  -3
  1  0  0.938300 -0.177666  0.029477  0.414353  -3
  1  0  0.938300  0.096865 -0.080552  0.369694  -2
  1  0  0.938300  0.108426  0.113390  0.655980  -6
  1  0  0.938300 -0.262828  0.020060  0.367167  -2
  1  0  0.938300 -0.176631 -0.358363  0.321298  -4
  1  0  0.938300  0.004789 -0.194064  0.640449  -5
  1  0  0.938300  0.138011  0.168459  0.420217  -4
  1  0  0.938300  0.132466 -0.028199  0.434694  -1
  1  0  0.938300  0.196106  0.045242  0.265109  -3
  1  0  0.938300  0.166647 -0.157288  0.738186  -2
  1  0  0.938300  0.071272  0.102927  0.179186  -6
  1  0  0.938300  0.135059 -0.112962  0.124458  -2
  1  0  0.938300 -0.352138 -0.226821  0.565565  -3
  1  0  0.938300  0.023524  0.150902  0.353136  -5
  1  0  0.938300  0.048403 -0.012889  0.663412  -1
  1  0  0.938300 -0.188424 -0.441255  0.003354  -4
  1  0  0.938300  0.102558 -0.134370  0.397698  -2
  1  0  0.938300  0.096266  0.163979  0.391335  -2
  1  0  0.938300 -0.043000  0.021134  0.674304  -1
  1  0  0.938300  0.062622 -0.043286  0.361651  -5
  1  0  0.938300 -0.023159  0.391674  0.619458  -4
  1  0  0.938300 -0.004464 -0.279049  0.123265  -4
  1  0  0.938300  0.136861  0.259508  0.215421  -6
  1  0  0.938300 -0.374608  0.170677  0.190158  -5
  1  0  0.938300  0.167380  0.051744  0.092337  -3
  1  0  0.938300 -0.139473  0.104033 -0.134437  -4
  1  0  0.938300  0.066289 -0.121860  0.675423  -1
  1  0  0.938300  0.097345  0.552668  0.252359  -2
  1  0  0.938300  0.161905  0.134274 -0.000805  -5
  1  0  0.938300  0.149716  0.094176  0.459383  -3
  1  0  0.938300 -0.246323 -0.046671  0.513290  -5
  1  0  0.938300  0.069946 -0.080459  0.500920  -6
  1  0  0.938300  0.171882  0.160787  0.638292  -2
  1  0  0.938300 -0.021908 -0.085842  0.727019  -1
  1  0  0.938300  0.219162 -0.363634  0.520574  -2
  1  0  0.938300  0.114332  0.262368  0.248506  -6
  1  0  0.938300  0.107102  0.102980  0.508214  -2
  1  0  0.938300 -0.101199  0.341958 -0.257509  -3
  1  0  0.938300 -0.052874  0.171244  0.840769  -1
  1  0  0.938300 -0.163314  0.171921  0.469636  -3
  1  0  0.938300 -0.054008  0.005702  0.480319  -3
  1  0  0.938300 -0.027696 -0.009058  0.614111  -2
  1  0  0.938300 -0.212981  0.058667 -0.037856  -6
  1  0  0.938300 -0.026476 -0.193947  0.303366  -3
  1  0  0.938300  0.293288 -0.152062  0.478763  -2
  1  0  0.938300  0.039946  0.144320  0.381921  -4
  1  0  0.938300  0.073867 -0.114998  0.528639  -1
  1  0  0.938300  0.066444 -0.108046  0.335104  -2
  1  0  0.938300  0.082948 -0.008979  0.558232  -3
  1  0  0.938300 -0.210246  0.235036  0.370163  -3
  1  0  0.938300 -0.151976 -0.000986  0.616607  -1
  1  0  0.938300  0.081723 -0.092953  0.154331  -4
  1  0  0.938300 -0.071565  0.130008  0.245826  -4
  1  0  0.938300 -0.164070  0.004660  0.516131  -1
  1  0  0.938300 -0.009697 -0.137412  0.218276  -2
  1  0  0.938300  0.101313 -0.133175  0.600647  -3
  1  1  0.938300 -0.334236  0.014334  0.122588  -4
  1  0  0.938300  0.110946 -0.055512  0.444848  -4
  1  0  0.938300 -0.111113  0.000547  0.541581  -4
  1  0  0.938300  0.264706  0.109111  0.187217  -2
  1  0  0.938300 -0.377736 -0.132430  0.327165  -3
  1  0  0.938300 -0.066139  0.146548  0.471497  -4
  1  0  0.938300  0.137852  0.000625  0.318890  -4
  1  0  0.938300 -0.084689 -0.102695  0.817060  -4
  1  0  0.938300  0.003470  0.158258  0.699070  -1
  1  0  0.938300  0.054334 -0.056774  0.445144  -6
  1  0  0.938300 -0.138787  0.185554  0.810224  -1
  1  0  0.938300  0.376898 -0.157255  0.681904  -2
  1  0  0.938300 -0.129710  0.045085  0.240867  -7
  1  0  0.938300 -0.195785 -0.013819  0.190095  -3
  1  0  0.938300  0.438128 -0.335116  0.218588  -7
  1  0  0.938300  0.335339 -0.246803  0.102162  -3
  1  0  0.938300 -0.133453 -0.104341  0.533374  -2
  1  0  0.938300 -0.136105  0.051097  0.168132  -5
  1  0  0.938300  0.013665  0.038129  0.945225  -1
  1  0  0.938300  0.023076 -0.133264  0.452252  -1
  1  0  0.938300 -0.028357  0.153877  0.709343  -1
  1  0  0.938300  0.036031 -0.375212  0.713155  -3
  1  0  0.938300 -0.098180  0.153741  0.500236  -2
  1  0  0.938300 -0.287625 -0.157448  0.701394  -3
  1  0  0.938300  0.236390 -0.140951  0.694067  -4
  1  0  0.938300  0.128807  0.055802  0.710999  -3
  1  0  0.938300 -0.072079  0.061331  0.445007  -1
  1  0  0.938300 -0.025706 -0.081968  0.486087  -1
  1  0  0.938300  0.294594  0.052711  0.358398  -2
  1  0  0.938300  0.015243 -0.194965  0.259634  -7
  1  0  0.938300  0.098755  0.148305  0.549532  -3
  1  0  0.938300 -0.238950  0.119353  0.925505  -4
  1  0  0.938300 -0.178863 -0.387626  0.311841  -3
  1  0  0.938300  0.131898 -0.154980  0.264070  -6
  1  0  0.938300 -0.163240 -0.129503  0.175900  -2
  1  0  0.938300  0.257087  0.061692  0.875267  -2
  1  0  0.938300  0.088301  0.020644  0.820913  -1
  1  0  0.938300 -0.247536  0.266704  0.314911  -3
  1  0  0.938300 -0.183954  0.255059  0.317437  -3
  1  0  0.938300 -0.178005 -0.436289  0.475961  -2
  1  0  0.938300  0.072621 -0.035019  0.600513  -1
  1  0  0.938300  0.150315 -0.003943  0.156820  -6
  1  0  0.938300 -0.016015  0.088029  0.899077  -6
  1  0  0.938300  0.039330  0.029662  0.299398  -4
  1  0  0.938300 -0.057946 -0.083929  0.358561  -9
  1  0  0.938300 -0.275264  0.098406  0.413775  -3
  1  0  0.938300 -0.246608  0.023672  0.736292  -2
  1  0  0.938300 -0.208666  0.069453  0.679108  -3
  1  0  0.938300  0.056922 -0.026072  0.811930  -1
  1  0  0.938300 -0.202332  0.123548  0.364063  -3
  1  0  0.938300  0.144919 -0.082981  0.465361  -4
  1  0  0.938300  0.064560  0.065944  0.065752  -2
  1  0  0.938300 -0.086116  0.082019  0.354355  -4
  1  0  0.938300 -0.047689  0.086019  0.457530  -1
  1  0  0.938300 -0.083226 -0.386009  0.167839  -3
  1  0  0.938300  0.152229 -0.076988  0.604671  -2
  1  0  0.938300 -0.233097 -0.088979  0.543112  -4
  1  0  0.938300 -0.078750 -0.081730  0.313235  -4
  1  0  0.938300  0.141293  0.068012  0.761985  -1
  1  0  0.938300  0.101171 -0.014877  0.180462  -3
  1  0  0.938300  0.295204  0.587271  0.214814  -3
  1  0  0.938300  0.037297  0.136458  0.704596  -1