  1  1  0.938300  0.060275  0.055962  0.102976   1
  1  1  0.938300  0.003866  0.064641  0.053916   1
  1  1  0.938300  0.236540  0.009038  0.095201   3
  1  1  0.938300  0.009181 -0.087704  0.294393   5
  1  1  0.938300  0.058301 -0.017480  0.021044   8
  1  1  0.938300  0.156277  0.372752 -0.241732   2
  1  1  0.938300  0.363868 -0.227389  0.486969   4
  1  1  0.938300 -0.218077 -0.132127  0.305068   3
  1  1  0.938300  0.186086 -0.055119  0.232238   2
  1  1  0.938300 -0.170744  0.124829  0.310597   4
  1  1  0.938300 -0.218898 -0.070860  0.222475   2
  1  1  0.938300 -0.220407 -0.034226  0.580641   2
  1  1  0.938300 -0.158377 -0.255427  0.266592   2
  1  1  0.938300  0.457860  0.084993  0.257046   5
  1  0  0.938300  0.126546  0.132430  0.269033   6
  1  1  0.938300 -0.311164 -0.226100  0.482926   2
  1  1  0.938300 -0.192887 -0.257409  0.132261   3
  1  1  0.938300 -0.225249  0.018350  0.135065   3
  1  1  0.938300  0.391411 -0.091586  0.549801   5
  1  1  0.938300  0.046202  0.327679  0.505896   3
  1  1  0.938300  0.145826 -0.085301  0.307101   2
  1  1  0.938300 -0.111500  0.052137  0.304568   3
  1  1  0.938300  0.154057  0.179044  0.249609   8
  1  1  0.938300  0.125395  0.200154  0.505779   4
  1  1  0.938300  0.259323  0.096561  0.287012   4
  1  1  0.938300 -0.018416 -0.225403  0.336784   2
  1  1  0.938300  0.023770  0.004796  0.490866   5
  1  0  0.938300  0.026902 -0.049900  0.378709   8
  1  1  0.938300  0.012350 -0.242839  0.041581   1
  1  1  0.938300 -0.175534 -0.022362  0.345077   4
  1  1  0.938300  0.044188  0.125168  0.135026   1
  1  1  0.938300 -0.002192 -0.237754 -0.035243   2
  1  1  0.938300  0.063597 -0.148751  0.466411   3
  1  1  0.938300 -0.092104  0.397740  0.152865   4
  1  1  0.938300  0.102320 -0.088920 -0.013187   2
  1  1  0.938300 -0.286056 -0.167972  0.290654   2
  1  1  0.938300  0.218118  0.057637  0.066929   2
  1  1  0.938300 -0.173130  0.060097  0.783406   7
  1  1  0.938300 -0.092504 -0.099498  0.293552   4
  1  1  0.938300  0.257431 -0.273792  0.730311   5
  1  0  0.938300 -0.085902 -0.238340  0.667118   5
  1  1  0.938300 -0.174439  0.060152 -0.000415   1
  1  1  0.938300 -0.420054  0.236420  0.391973   5
  1  1  0.938300 -0.177213 -0.189970  0.522833   2
  1  1  0.938300 -0.229444 -0.027079  0.664662   5
  1  1  0.938300  0.006184 -0.152108  0.502538   5
  1  1  0.938300 -0.222846  0.099005  0.717723   2
  1  1  0.938300  0.093813  0.004998  0.488232   6
  1  1  0.938300  0.134893 -0.429297  0.237477   2
  1  1  0.938300 -0.056065  0.209353 -0.041501   2
  1  1  0.938300 -0.081294 -0.535426  0.101792   2
  1  1  0.938300 -0.128228  0.174679 -0.071917   4
  1  1  0.938300  0.283498 -0.059586  0.072526   4
  1  1  0.938300  0.374909  0.434677  0.160235   3
  1  1  0.938300 -0.010788  0.009498  0.188666   1
  1  1  0.938300  0.309641  0.306943  0.123783   2
  1  1  0.938300 -0.293559  0.089906  0.263539   2
  1  1  0.938300  0.159156 -0.217985  0.528494   5
  1  1  0.938300 -0.116975 -0.212101  0.062387   2
  1  1  0.938300  0.029501  0.148407  0.533674   5
  1  1  0.938300  0.109819 -0.198681  0.294048   2
  1  1  0.938300 -0.041771 -0.047950  0.136329   1
  1  1  0.938300 -0.007174  0.113640  0.288789   6
  1  1  0.938300 -0.266242  0.133518  0.780981   3
  1  1  0.938300  0.139282 -0.060046  0.011842   2
  1  1  0.938300 -0.216756  0.034398  0.284391   3
  1  1  0.938300  0.005723  0.406007  0.214628   6
  1  1  0.938300 -0.196251 -0.000737 -0.013323   3
  1  1  0.938300 -0.014363 -0.399885  0.164982   3
  1  1  0.938300 -0.071631 -0.058969 -0.081602   1
  1  1  0.938300 -0.112938 -0.095141  0.129272   3
  1  1  0.938300  0.038186 -0.174414  0.338518   6
  1  1  0.938300  0.082066  0.162003  0.249058   5
  1  1  0.938300  0.582128 -0.163302  0.584948   2
  1  1  0.938300 -0.013429  0.323569  0.555429   3
  1  1  0.938300  0.299340 -0.306808  0.680473   2
  1  1  0.938300  0.290607 -0.076130  0.264178   2
  1  1  0.938300  0.143055 -0.038461  0.365102   4
  1  1  0.938300  0.383941  0.064035  0.361453   2
  1  0  0.938300 -0.345181  0.279382  0.408567   3
  1  0  0.938300  0.182645 -0.046743  0.262319   5
  1  0  0.938300 -0.035956 -0.132582  0.561124   3
  1  0  0.938300 -0.139740 -0.279637  0.163910   2
  1  0  0.938300 -0.234417 -0.152912  0.524143   4
  1  0  0.938300  0.228976  0.328223  0.366461   4
  1  0  0.938300  0.284168  0.094374 -0.117283   3
  1  0  0.938300  0.114353 -0.093288 -0.093465   1
  1  0  0.938300 -0.086880  0.113184 -0.005284   5
  1  0  0.938300  0.113966  0.028914  0.403137   3
  1  0  0.938300 -0.000685  0.203697  0.227100   2
  1  0  0.938300 -0.019813 -0.540878  0.597650   4
  1  0  0.938300 -0.159168 -0.262867  0.214274   3
  1  0  0.938300  0.192411  0.062465 -0.080501   1
  1  0  0.938300 -0.115223  0.051548  0.011828   2
  1  0  0.938300 -0.092110 -0.219543  0.651827   3
  1  0  0.938300 -0.312396  0.117882  1.043057   2
  1  0  0.938300 -0.017053 -0.474379  0.191819   2
  1  0  0.938300  0.121666  0.451268  0.253954   4
  1  0  0.938300 -0.028056 -0.134970  0.342883   3
  1  0  0.938300  0.241766  0.059036  0.178593   3
  1  0  0.938300 -0.010350 -0.178821  0.037179   1
  1  0  0.938300 -0.084351  0.301603 -0.054277   4
  1  0  0.938300 -0.004307  0.232383  0.212560   3
  1  0  0.938300 -0.042832 -0.093642 -0.015314   1
  1  0  0.938300  0.191105 -0.239884 -0.125260   6
  1  0  0.938300 -0.094666 -0.200527  0.434409   3
  1  0  0.938300  0.037536  0.013405  0.183867   7
  1  0  0.938300  0.092526 -0.080802  0.143510   1
  1  0  0.938300  0.166913 -0.063021  0.092120   4
  1  0  0.938300 -0.238282  0.139049  0.469068   3
  1  0  0.938300  0.212191  0.124313  0.332993   2
  1  0  0.938300  0.306725  0.185999  0.526286   5
  1  0  0.938300 -0.275595  0.204591  0.123328   5
  1  0  0.938300  0.376802  0.356161  0.550627   2
  1  0  0.938300 -0.244252 -0.114849  0.290642   2
  1  0  0.938300  0.114996  0.022843  0.244209   6
  1  0  0.938300 -0.363982  0.110667  0.312378   4
  1  0  0.938300 -0.210585 -0.141561 -0.116070   4
  1  0  0.938300  0.150395  0.003451  0.329885   2
  1  0  0.938300  0.000912 -0.110314  0.086692   1
  1  0  0.938300  0.188468  0.121534  0.075758   2
  1  0  0.938300 -0.065050 -0.072959  0.031606   1
  1  0  0.938300  0.278193  0.178973  0.395370   5
  1  0  0.938300 -0.003666 -0.034581  0.191376   2
  1  0  0.938300 -0.250173 -0.023075  0.162244   2
  1  0  0.938300  0.319797 -0.093441  0.176711   2
  1  0  0.938300 -0.050826 -0.223675  0.202293   2
  1  0  0.938300  0.152804  0.042988  0.353749   1
  1  0  0.938300  0.054329 -0.161561  0.277416   2
  1  0  0.938300  0.024510 -0.063584  0.016460   7
  1  0  0.938300  0.129494  0.167264  0.258670   3
  1  0  0.938300  0.158660 -0.194841  0.212225   6
  1  0  0.938300 -0.235166  0.437845  0.429788   4
  1  0  0.938300  0.061023  0.056168  0.247569   8
  1  0  0.938300  0.031709  0.015840  0.132302   2
  1  0  0.938300 -0.008596 -0.212686  0.218960   2
  1  0  0.938300  0.024354  0.182471  0.095035   3
  1  0  0.938300  0.080326  0.118507  0.261620   1
  1  0  0.938300 -0.000628 -0.136861  0.706868   3
  1  1  0.938300 -0.105195  0.129015  0.378962   6
  1  0  0.938300  0.271563  0.566952  0.306444   7
  1  0  0.938300  0.046474 -0.039925  0.131858   1
  1  0  0.938300  0.099042  0.050759  0.302227   5
  1  0  0.938300 -0.162810 -0.043441  0.272104   4
  1  0  0.938300 -0.261241  0.107957  0.146486   4
  1  0  0.938300 -0.204580 -0.014816  0.087244   2
  1  0  0.938300 -0.089337  0.074399 -0.084882   1
  1  0  0.938300 -0.005264 -0.066871 -0.043575   1
  1  0  0.938300  0.192824  0.077711  0.204270   2
  1  0  0.938300  0.562915 -0.322039  0.404766   2
  1  0  0.938300  0.032543 -0.048724 -0.073610   1
  1  0  0.938300 -0.072652 -0.222382  0.451295   7
  1  0  0.938300 -0.058676  0.010767  0.095353   1
  1  0  0.938300 -0.002245  0.456330  0.410770   2
  1  0  0.938300  0.207892 -0.029100  0.497051   5
  1  0  0.938300  0.072423 -0.301861  0.553326   5
  1  0  0.938300  0.071574  0.107839 -0.048158   1
  1  0  0.938300  0.067657  0.016939 -0.123465   1
  1  0  0.938300  0.268482 -0.049691  0.318841   2
  1  0  0.938300  0.146725 -0.089416  0.536623   2
  1  0  0.938300 -0.017492 -0.255429 -0.044992   4
  1  0  0.938300 -0.153525  0.121600  0.338262   2
  1  1  0.938300  0.084091 -0.131487  0.423071   7
  1  0  0.938300  0.432104  0.201379  0.135457   3
  1  0  0.938300 -0.403237  0.119257  0.551625   6
  1  0  0.938300 -0.108346  0.114434  0.147525   1
  1  0  0.938300  0.200242  0.227133  0.717678   3
  1  0  0.938300  0.294218 -0.147757  0.417652   2
  1  1  0.938300 -0.032724  0.089200  0.395992   8
  1  0  0.938300 -0.144133  0.173448  0.324580   4
  1  0  0.938300 -0.183624  0.221788  0.091261   2
  1  0  0.938300  0.204997  0.121648  0.194177   3
  1  0  0.938300  0.082355 -0.001842  0.367292   2
  1  0  0.938300 -0.194153 -0.151051  0.183438   4
  1  0  0.938300 -0.083368 -0.186518  0.193995   4
  1  0  0.938300  0.420024  0.127007  0.569847   4
  1  0  0.938300 -0.015480  0.001038  0.566258   4
  1  0  0.938300 -0.083270  0.275797  0.537533   5
  1  0  0.938300  0.005481 -0.229422 -0.103248   3
  1  0  0.938300  0.471235  0.349163  0.109592   3
  1  0  0.938300  0.012961  0.074137  0.065329   1
  1  0  0.938300 -0.134185 -0.061272  0.135105   2
  1  0  0.938300  0.085198 -0.056438  0.040025   3
  1  0  0.938300  0.094773  0.210014  0.434565   3
  1  0  0.938300 -0.054348  0.479894  0.536195   6
  1  0  0.938300 -0.053316  0.306193  0.006515   6
  1  0  0.938300 -0.100651  0.097905 -0.003985   5
  1  0  0.938300 -0.082828 -0.258192  0.304551  11
  1  0  0.938300  0.436696  0.009191  0.747596   3
  1  0  0.938300  0.506594  0.266549  0.302260   6
  1  0  0.938300  0.125142 -0.098151 -0.090501   1
  1  0  0.938300 -0.196402 -0.072141  0.217181   3
  1  0  0.938300 -0.147882 -0.077138  0.179764   4
  1  0  0.938300 -0.189194  0.033494  0.414201   4
  1  0  0.938300  0.078145 -0.179335  0.538431   6
  1  0  0.938300 -0.046178 -0.221918 -0.139399   7
  1  0  0.938300  0.188871 -0.021003  0.219014   1
  1  1  0.938300 -0.199791  0.024226  0.689616  -4
  1  1  0.938300  0.100170 -0.180072 -0.079491  -5
  1  1  0.938300  0.129212 -0.485194  0.469390  -2
  1  1  0.938300 -0.536144 -0.244272  0.206917  -4
  1  1  0.938300  0.208159  0.283004  0.370602  -3
  1  1  0.938300  0.555294 -0.113939  0.503267  -2
  1  1  0.938300  0.054681 -0.176905  0.509562  -3
  1  1  0.938300  0.037809  0.196724  0.330803  -2
  1  1  0.938300  0.013770 -0.098359  0.627747  -1
  1  1  0.938300  0.254184  0.096501  0.295135  -3
  1  1  0.938300  0.135531  0.190394  0.394680  -2
  1  1  0.938300 -0.116866  0.054233 -0.123556  -5
  1  1  0.938300  0.185704  0.296446  0.419885  -5
  1  1  0.938300 -0.115971  0.141450  0.427027  -4
  1  1  0.938300 -0.097027  0.491681  0.579081  -4
  1  1  0.938300 -0.076472  0.121983  0.420242  -7
  1  1  0.938300  0.316095 -0.081048  0.064160  -2
  1  1  0.938300 -0.176176 -0.181460  0.108869 -10
  1  1  0.938300 -0.179756  0.022851  0.439335  -5
  1  1  0.938300 -0.318443  0.262717  0.301246  -5
  1  1  0.938300 -0.130935 -0.121997  0.166752  -5
  1  1  0.938300  0.100341 -0.023957  0.642955  -6
  1  1  0.938300 -0.147487 -0.207092  0.259165 -11
  1  1  0.938300  0.083689  0.070466  0.600994  -1
  1  1  0.938300  0.219525 -0.027073  0.502067  -3
  1  1  0.938300  0.060985  0.279134  0.180191  -4
  1  1  0.938300  0.089646 -0.322460  0.788534  -3
  1  1  0.938300  0.114169 -0.157663  0.699650  -1
  1  1  0.938300 -0.154191  0.061215  0.820215  -1
  1  1  0.938300  0.395465  0.343972  0.138204  -4
  1  1  0.938300 -0.147099  0.153702  0.507298  -3
  1  1  0.938300 -0.155760  0.110622  0.349160  -3
  1  1  0.938300 -0.148349  0.356707  0.648730  -3
  1  1  0.938300  0.008160  0.203820  0.504145  -3
  1  1  0.938300  0.332524 -0.015639  0.821413  -7
  1  1  0.938300  0.391379  0.112371  0.482676  -7
  1  1  0.938300  0.091943 -0.027790  0.240938  -4
  1  1  0.938300  0.035195 -0.189388  0.404062  -3
  1  1  0.938300 -0.007626 -0.077961  0.648439  -5
  1  1  0.938300 -0.214646  0.409308  0.662693  -6
  1  1  0.938300  0.115087  0.064153  0.372399  -5
  1  1  0.938300 -0.165411  0.090692  0.187247  -4
  1  1  0.938300  0.051540 -0.025094  0.298488  -2
  1  1  0.938300  0.022124 -0.396366  0.222921  -2
  1  1  0.938300  0.180045 -0.178691  0.530592  -5
  1  1  0.938300 -0.153638  0.226651  0.337956  -5
  1  1  0.938300  0.323945 -0.404568  0.217010  -2
  1  1  0.938300  0.215734  0.261730  0.362420  -2
  1  1  0.938300 -0.430977 -0.065055  0.900416  -3
  1  1  0.938300  0.087622 -0.113592  0.645606  -2
  1  1  0.938300 -0.512878 -0.067992  0.141365  -5
  1  1  0.938300 -0.136453 -0.042056  0.386106  -3
  1  1  0.938300 -0.071170  0.145809  0.723400  -4
  1  1  0.938300  0.269004  0.505579  0.115309  -4
  1  1  0.938300  0.289759  0.140643  0.953781  -6
  1  1  0.938300 -0.503185  0.100465  0.361749  -5
  1  1  0.938300  0.443952  0.262374  0.068619  -4
  1  1  0.938300  0.122111  0.302480  0.102984  -5
  1  1  0.938300  0.008602  0.371840  0.111371  -3
  1  1  0.938300 -0.650879 -0.061803  0.813472  -4
  1  1  0.938300  0.024428  0.049762  1.117764  -5
  1  1  0.938300 -0.061334  0.460546  0.474621  -2
  1  1  0.938300 -0.279236  0.107220  0.270028  -2
  1  1  0.938300 -0.238720 -0.031297  0.429699  -4
  1  1  0.938300 -0.151252 -0.398287  0.146758  -3
  1  1  0.938300  0.227077  0.324027  0.367275  -4
  1  1  0.938300 -0.123652 -0.117795  0.754910  -2
  1  1  0.938300  0.051817 -0.335900  0.510334  -9
  1  1  0.938300  0.216588  0.059177  0.233382  -6
  1  1  0.938300 -0.079579  0.090658  0.761408  -1
  1  1  0.938300 -0.237153  0.014287  0.384758  -6
  1  1  0.938300 -0.173423  0.354339  0.615868  -2
  1  1  0.938300  0.187836  0.146925  0.418652  -2
  1  1  0.938300  0.048654 -0.011609  0.398166  -1
  1  1  0.938300  0.259644  0.095144  0.369311  -4
  1  1  0.938300  0.166753  0.067972  0.778734  -1
  1  1  0.938300 -0.109712 -0.062427  0.350932  -3
  1  1  0.938300 -0.452207 -0.316777  0.545155  -2
  1  1  0.938300 -0.108558 -0.221678  0.317856  -6
  1  0  0.938300 -0.097263 -0.042035  0.263858  -3
  1  0  0.938300 -0.174180  0.115533  0.583681  -6
  1  0  0.938300  0.098768 -0.287718  0.410187  -2
  1  0  0.938300 -0.106527  0.142570  0.657452  -3
  1  0  0.938300 -0.017561 -0.016729  0.559915  -4
  1  0  0.938300  0.039948  0.228215  0.672947  -4
  1  0  0.938300 -0.020731 -0.233032  0.222777  -4
  1  0  0.938300  0.054967 -0.148134  0.300180  -7
  1  0  0.938300 -0.102960 -0.254094  0.566510  -2
  1  0  0.938300 -0.006842  0.002744  0.643193  -5
  1  0  0.938300  0.057818  0.083879  0.697328  -3
  1  0  0.938300 -0.198452  0.034613  0.852474  -7
  1  0  0.938300 -0.634201 -0.002661  0.606515  -2
  1  0  0.938300 -0.250422  0.215147  0.356284  -3
  1  0  0.938300  0.087086 -0.190878  0.192047  -4
  1  0  0.938300 -0.288617  0.114419  0.413482  -6
  1  0  0.938300 -0.099189  0.154164  0.297733  -7
  1  1  0.938300 -0.110683  0.001815  0.622396  -2
  1  0  0.938300  0.215520 -0.268235  0.311502  -2
  1  0  0.938300  0.050847 -0.043878  0.414683  -5
  1  0  0.938300  0.182643 -0.404682  0.430117  -3
  1  0  0.938300  0.033874 -0.034929  0.382035  -5
  1  0  0.938300  0.150590  0.202432  0.270458  -3
  1  0  0.938300  0.134723 -0.036615  0.184160  -2
  1  0  0.938300 -0.211224  0.067814  0.544827  -1
  1  0  0.938300  0.203103  0.048498  0.527724  -7
  1  0  0.938300 -0.246985 -0.506092  0.693241  -4
  1  0  0.938300  0.049793  0.034812  0.277936  -3
  1  0  0.938300  0.065617 -0.081881  0.733301  -1
  1  0  0.938300 -0.544573 -0.273992  0.522692  -4
  1  0  0.938300  0.072423 -0.193513  0.480142  -5
  1  0  0.938300  0.411311  0.068527  0.092734  -4
  1  0  0.938300  0.128534  0.097655  0.945874  -2
  1  0  0.938300  0.177589 -0.003271  0.415020  -3
  1  0  0.938300 -0.036355  0.069495  0.548874  -3
  1  0  0.938300 -0.121064  0.299227  0.938022  -2
  1  0  0.938300  0.020610  0.252534  0.203857  -3
  1  0  0.938300 -0.071757 -0.063149  0.359975  -2
  1  0  0.938300 -0.078491  0.080931  0.248758  -4
  1  0  0.938300 -0.210515 -0.003691  0.338447  -3
  1  1  0.938300  0.040821 -0.042582  0.393676  -4
  1  0  0.938300  0.071529  0.098755  0.562818  -1
  1  0  0.938300  0.294183  0.088463  0.617330  -3
  1  0  0.938300 -0.185317 -0.151147  0.517718  -2
  1  0  0.938300 -0.184292 -0.200503  0.112083  -6
  1  0  0.938300  0.004897  0.000716  0.775556  -2
  1  0  0.938300 -0.383507 -0.031380  0.345766  -4
  1  0  0.938300  0.378414 -0.157551  0.208602  -4
  1  0  0.938300  0.043974 -0.197547 -0.030784  -3
  1  0  0.938300 -0.247392 -0.214949  0.657569  -9
  1  0  0.938300 -0.343865 -0.057955  0.208983  -2
  1  0  0.938300 -0.222527 -0.249114  0.308971  -3
  1  0  0.938300 -0.441218 -0.002793  0.238955  -2
  1  0  0.938300 -0.084569 -0.013011  0.612957  -3
  1  0  0.938300 -0.109928  0.263397  0.480809  -2
  1  0  0.938300  0.244715  0.380742  0.143379  -3
  1  0  0.938300  0.112371  0.059707  0.117456  -6
  1  0  0.938300 -0.044479  0.206299  0.461441  -2
  1  0  0.938300 -0.115367  0.252420  0.401656  -3
  1  0  0.938300  0.198806 -0.341110 -0.106517  -4
  1  0  0.938300 -0.027869  0.001210  0.448583  -2
  1  0  0.938300 -0.478796 -0.044149  0.411970  -2
  1  0  0.938300 -0.040906 -0.051871  0.045379 -10
  1  0  0.938300  0.004549 -0.450619  0.222577  -2
  1  0  0.938300 -0.306999 -0.070471  0.482618  -4
  1  0  0.938300  0.051267  0.018354  0.408235  -2
  1  0  0.938300  0.093628  0.045762  0.260420  -5
  1  0  0.938300 -0.011538  0.286168  0.699959  -2
  1  0  0.938300 -0.061407  0.030454  0.787425  -2
  1  0  0.938300  0.158286 -0.127634  0.009197  -6
  1  0  0.938300 -0.150655  0.276992  0.289266  -3
  1  0  0.938300  0.152795  0.222373 -0.086017  -2
  1  0  0.938300 -0.162034  0.024298  0.663205  -3
  1  0  0.938300  0.148863  0.002388  0.386669  -5
  1  0  0.938300 -0.326519 -0.408021  0.638266  -7
  1  0  0.938300  0.276692 -0.098610  0.695182  -2
  1  0  0.938300  0.031458 -0.258180  0.589907  -2
  1  0  0.938300 -0.145392  0.000498  0.553180  -3
  1  0  0.938300 -0.525467 -0.336764  0.359893  -2
  1  0  0.938300 -0.096680 -0.025038  0.709073  -5
  1  0  0.938300  0.106001  0.398980  0.650785  -2
  1  0  0.938300 -0.240533 -0.090353  0.316939  -2
  1  0  0.938300  0.177850 -0.177052  0.289534  -7
  1  0  0.938300 -0.199817  0.046898  0.506478  -1
  1  0  0.938300  0.165892 -0.140502  0.305429  -2
  1  0  0.938300  0.025936  0.249272 -0.071933  -4
  1  0  0.938300  0.227817  0.187002  0.416731  -3
  1  0  0.938300 -0.497840 -0.462496  0.609980  -3
  1  0  0.938300  0.175283  0.091160  0.234542  -7
  1  0  0.938300  0.218410 -0.133059  0.238071  -4
  1  0  0.938300  0.502084 -0.089381  0.615112  -2
  1  0  0.938300  0.029496 -0.008400  0.445127  -8
  1  0  0.938300  0.114648  0.063352  0.642008  -4
  1  0  0.938300  0.262087  0.097368  0.321213  -4
  1  0  0.938300  0.085789 -0.102127  0.807644  -1
  1  0  0.938300 -0.031627  0.167635  0.398888  -5
  1  0  0.938300  0.151706 -0.640236  0.533748  -2
  1  0  0.938300 -0.039198  0.106172  0.374290  -1
  1  0  0.938300  0.094963 -0.046571  0.657121  -1
  1  0  0.938300  0.007472 -0.026698 -0.059673  -7
  1  0  0.938300 -0.078094  0.254500  0.148353  -2
  1  0  0.938300 -0.091780  0.007070  0.393346  -2
  1  0  0.938300 -0.284511  0.090730  0.636621  -1
  1  0  0.938300  0.316261  0.181290  0.669989  -2
  1  0  0.938300 -0.179985 -0.039082  0.566625  -2
  1  0  0.938300 -0.080538  0.084856  0.357594  -3
  1  0  0.938300  0.063986  0.014489  0.127027  -6
  1  0  0.938300 -0.061538 -0.184767  0.690959  -2
  1  0  0.938300  0.070173 -0.210265  0.504535  -6
  1  0  0.938300 -0.076607  0.119795  0.466422  -6
  1  0  0.938300  0.168905 -0.057822  0.406118  -3
  1  0  0.938300  0.144953 -0.061321  0.214090  -7
  1  0  0.938300  0.238393  0.146406  0.546962  -3
  1  0  0.938300 -0.288920 -0.187501  0.453287  -2
  1  0  0.938300  0.131748  0.063366  0.392086  -4
  1  0  0.938300 -0.268841 -0.116269  0.620872  -4
  1  0  0.938300  0.125289  0.234812  0.537238  -5
  1  0  0.938300  0.181347  0.112769  0.379391  -2