  1  1  0.938300 -0.148172  0.027786  0.184733   1
  1  1  0.938300  0.121135 -0.057130  0.417054   4
  1  1  0.938300 -0.449904 -0.175439  0.227924   3
  1  1  0.938300  0.233347  0.042746  0.457427   3
  1  1  0.938300  0.008074  0.018799  0.138210   1
  1  1  0.938300 -0.017703  0.347904  0.875966   3
  1  1  0.938300  0.313788  0.093568  0.530851   3
  1  1  0.938300  0.164807 -0.056722  0.299073   7
  1  1  0.938300  0.205805 -0.188063  0.667046   3
  1  1  0.938300  0.188225  0.517906  0.146821   2
  1  1  0.938300  0.042728  0.121119  0.148985   2
  1  1  0.938300 -0.139300  0.062975  0.155587   3
  1  1  0.938300  0.055173  0.111406  0.843095   5
  1  1  0.938300  0.068778 -0.004744  0.373972   3
  1  1  0.938300  0.252290 -0.161519  0.360579   2
  1  0  0.938300 -0.086116 -0.108073  0.337421   5
  1  1  0.938300 -0.213680  0.255120 -0.061816   2
  1  1  0.938300  0.011016 -0.433852  0.486343   3
  1  1  0.938300  0.057166  0.145606  0.049605   1
  1  1  0.938300 -0.267138 -0.088815  0.552102   6
  1  1  0.938300 -0.237174  0.129510  0.758433   5
  1  1  0.938300 -0.008154  0.135858  0.263225   4
  1  1  0.938300 -0.221631  0.037921  0.402500   2
  1  1  0.938300 -0.167361  0.173751  0.519372   6
  1  1  0.938300 -0.026811 -0.081379  0.588050   3
  1  1  0.938300 -0.055430 -0.160981  0.326864   4
  1  1  0.938300  0.159898  0.168105  0.336263   2
  1  1  0.938300  0.041632 -0.137213  0.690384   5
  1  1  0.938300  0.041914 -0.060578 -0.015954   2
  1  1  0.938300 -0.014808 -0.393541  0.177370   2
  1  1  0.938300 -0.097566  0.220998 -0.247548   2
  1  1  0.938300  0.061280  0.070722  0.023848   1
  1  1  0.938300  0.330340 -0.128477 -0.098705   2
  1  1  0.938300  0.031684  0.170059  0.341551   5
  1  1  0.938300  0.049556  0.373028  0.127038   3
  1  1  0.938300 -0.024758 -0.198341  0.265266   2
  1  1  0.938300  0.181042  0.589711  0.857334   5
  1  1  0.938300 -0.195403  0.125173  0.119710   7
  1  1  0.938300  0.289013 -0.213034  0.183103   2
  1  1  0.938300  0.153454 -0.081188 -0.055530   1
  1  1  0.938300 -0.190318 -0.099444  0.166766   2
  1  1  0.938300  0.075575 -0.065889  0.053412   1
  1  1  0.938300 -0.031702 -0.003520  0.297233   3
  1  1  0.938300 -0.371065 -0.070031  0.334395   2
  1  1  0.938300  0.177033 -0.440886  0.174264   7
  1  1  0.938300 -0.147187  0.219614 -0.178988   4
  1  1  0.938300  0.159833  0.348967  0.615443   3
  1  1  0.938300  0.112491  0.093298 -0.012229   1
  1  1  0.938300  0.354500 -0.263633  0.441017   2
  1  1  0.938300  0.152428  0.282969  0.004939   2
  1  1  0.938300 -0.148207 -0.016980  0.142325   2
  1  1  0.938300  0.516925 -0.165816  0.104827   3
  1  1  0.938300  0.207037 -0.115044  0.607885   2
  1  1  0.938300  0.063386 -0.119897  0.383708   3
  1  1  0.938300  0.175263 -0.105288  0.247151   3
  1  1  0.938300 -0.221865 -0.013596 -0.031703   1
  1  1  0.938300 -0.064163  0.202461  0.782220   2
  1  1  0.938300 -0.027930 -0.112774  0.227691   3
  1  1  0.938300 -0.285270 -0.045727  0.357470   2
  1  1  0.938300  0.297501  0.153116  0.388540   2
  1  1  0.938300 -0.023649 -0.093679  0.385913   6
  1  1  0.938300 -0.525334 -0.242278  0.057798   3
  1  1  0.938300 -0.081141  0.043451  0.105987   1
  1  1  0.938300 -0.080215  0.105459  0.031851   1
  1  1  0.938300  0.131046 -0.029413  0.221058   2
  1  1  0.938300  0.283896 -0.126031  0.232960   2
  1  1  0.938300  0.073682  0.210712  0.616861   4
  1  1  0.938300 -0.014027  0.050025  0.174881   3
  1  1  0.938300 -0.060629 -0.130839  0.159653   5
  1  1  0.938300  0.372610 -0.276420  0.532359   3
  1  1  0.938300  0.281050  0.106716  0.337566   8
  1  1  0.938300  0.170107 -0.083518  0.300052   4
  1  1  0.938300 -0.180596 -0.203909  0.189183   4
  1  1  0.938300  0.403495 -0.083136  0.011470   4
  1  1  0.938300  0.013796 -0.256083  0.474552   7
  1  1  0.938300 -0.416165  0.300411  0.719476   5
  1  1  0.938300 -0.258490 -0.333902  0.306049   5
  1  1  0.938300 -0.213134  0.133696  0.030775   1
  1  1  0.938300  0.063722  0.047468  0.305256   6
  1  0  0.938300 -0.030727  0.029998  0.385926   2
  1  0  0.938300  0.130888  0.165054  0.313150   3
  1  0  0.938300  0.019647 -0.022712  0.150954   1
  1  0  0.938300  0.160498 -0.078311  0.174159   8
  1  0  0.938300 -0.193689  0.225464  0.338484   4
  1  0  0.938300  0.157384 -0.149741  0.406632   2
  1  0  0.938300  0.339665 -0.257740  0.170164   4
  1  0  0.938300 -0.053145  0.123662 -0.130393   5
  1  0  0.938300 -0.263385  0.160868  0.097438   2
  1  0  0.938300 -0.217655 -0.079152  0.336106   2
  1  0  0.938300 -0.240011 -0.170871  0.277237   2
  1  0  0.938300  0.237277 -0.257724  0.331121   4
  1  0  0.938300  0.023297  0.088280  0.350514   2
  1  0  0.938300  0.245479  0.332983  0.112766   3
  1  0  0.938300 -0.075690 -0.042565  0.179866   2
  1  0  0.938300  0.004191 -0.178905  0.003055   1
  1  0  0.938300 -0.106284 -0.034351  0.134877   4
  1  0  0.938300 -0.451042  0.603771  0.328757   3
  1  0  0.938300  0.041359 -0.037608  0.177773   1
  1  0  0.938300  0.290678  0.021300  0.134658   7
  1  0  0.938300  0.067940 -0.077041  0.332840   6
  1  0  0.938300  0.003788 -0.176950  0.322197   3
  1  0  0.938300 -0.013970 -0.003973  0.112831   3
  1  0  0.938300 -0.198951 -0.531385  0.561918   3
  1  0  0.938300 -0.255868 -0.057036  0.549860   4
  1  0  0.938300  0.200553  0.227436  0.241856   2
  1  0  0.938300 -0.104860  0.361000  0.172174   2
  1  0  0.938300 -0.066872  0.202036  0.093632   3
  1  1  0.938300 -0.338785 -0.350886  0.276525   3
  1  0  0.938300  0.072026  0.268609  0.130108   3
  1  0  0.938300 -0.319741  0.276705  0.502567   2
  1  0  0.938300  0.029334 -0.022454 -0.031282   1
  1  0  0.938300 -0.170356 -0.046055  0.156132   3
  1  0  0.938300 -0.290739  0.186970  0.142011   3
  1  0  0.938300 -0.214902 -0.183378  0.200126   2
  1  0  0.938300  0.035809 -0.009242  0.241645   1
  1  0  0.938300 -0.243750  0.095205  0.130680   3
  1  0  0.938300  0.142236  0.500267  0.290600   3
  1  0  0.938300 -0.114249 -0.236414  0.105104   1
  1  0  0.938300 -0.270255  0.046532 -0.000689   2
  1  0  0.938300  0.000756  0.077517  0.693347   4
  1  0  0.938300  0.101555 -0.135685  0.571082   5
  1  0  0.938300  0.066862 -0.172882  0.433313   6
  1  0  0.938300  0.143120 -0.408265  0.466642   6
  1  0  0.938300 -0.016405 -0.193859  0.155804   2
  1  0  0.938300 -0.011203 -0.013932 -0.018936   1
  1  0  0.938300  0.034863  0.275347  0.032368   5
  1  0  0.938300  0.034382  0.263152  0.281948   6
  1  0  0.938300  0.095968  0.001561 -0.095318   1
  1  0  0.938300  0.134582  0.095304 -0.021720   1
  1  0  0.938300 -0.256923  0.323913  0.493467   2
  1  0  0.938300 -0.018268  0.166031  0.236189   4
  1  0  0.938300 -0.296356 -0.011284  0.049260   2
  1  0  0.938300  0.157415 -0.372522  0.312525   2
  1  0  0.938300  0.080597  0.265213  0.607082   3
  1  0  0.938300 -0.167472  0.093441  0.188907   2
  1  0  0.938300  0.156718  0.097683  0.668869   5
  1  0  0.938300 -0.377253  0.190119  0.477907   4
  1  0  0.938300 -0.065616  0.117494 -0.001928   3
  1  0  0.938300  0.052427  0.225166  0.049814   1
  1  0  0.938300  0.009708 -0.030318 -0.067231   4
  1  0  0.938300  0.224771 -0.226223  0.156017   3
  1  0  0.938300 -0.069781  0.124257  0.421016   6
  1  0  0.938300 -0.179105 -0.073691 -0.051176   2
  1  0  0.938300 -0.053333 -0.064412 -0.009800   1
  1  0  0.938300  0.272260 -0.323103  0.380621   5
  1  0  0.938300 -0.192324  0.171074  0.592692   3
  1  0  0.938300 -0.060885 -0.029802  0.035782   1
  1  0  0.938300 -0.192300 -0.075898  0.498841   3
  1  0  0.938300 -0.057603 -0.142121  0.490289   5
  1  0  0.938300  0.310481 -0.272128  0.438490   2
  1  0  0.938300  0.182932 -0.135086  0.575153   8
  1  0  0.938300  0.465888 -0.416221  0.124908   3
  1  0  0.938300 -0.376133  0.018008  0.279034   7
  1  0  0.938300 -0.096486  0.242942  0.045553   3
  1  0  0.938300  0.291249 -0.099879  0.288859   3
  1  0  0.938300 -0.032950  0.430251  0.485987   2
  1  0  0.938300  0.054881 -0.185702  0.418772   4
  1  0  0.938300 -0.024526  0.216662  0.346478   6
  1  0  0.938300 -0.219556 -0.128467  0.072547   1
  1  0  0.938300 -0.330581  0.201631  0.216231   2
  1  0  0.938300 -0.363409 -0.160481  0.244322   2
  1  0  0.938300  0.549119  0.197704  0.320973   2
  1  0  0.938300  0.069737 -0.244367  0.446415   7
  1  0  0.938300 -0.451580  0.103858  0.038740   4
  1  0  0.938300  0.135632  0.267672  0.235989   3
  1  0  0.938300  0.101678 -0.194547 -0.091197   5
  1  0  0.938300 -0.129974  0.028580  0.226350   2
  1  0  0.938300  0.009275  0.084496 -0.082540   1
  1  0  0.938300 -0.109854  0.263544  0.041831   2
  1  0  0.938300 -0.236777  0.014501  0.942352   5
  1  0  0.938300  0.295107  0.071690  0.255015   3
  1  0  0.938300  0.069188  0.327714  0.229946   3
  1  0  0.938300  0.033329 -0.002711  0.352694   3
  1  0  0.938300  0.052756  0.067724 -0.037803   1
  1  0  0.938300 -0.135489 -0.040628  0.133887   5
  1  0  0.938300 -0.248376 -0.218677  0.242374   4
  1  0  0.938300  0.114434  0.154043  0.121846   2
  1  0  0.938300  0.006879 -0.087623  0.423663   6
  1  0  0.938300 -0.078720  0.084184  0.201464   4
  1  0  0.938300 -0.132885  0.049940 -0.051973   1
  1  0  0.938300  0.010624  0.363225  0.484268   3
  1  0  0.938300  0.055950 -0.348504  0.208903   2
  1  0  0.938300 -0.025215  0.174738  0.446793   4
  1  0  0.938300  0.143687 -0.326098  0.200307   7
  1  0  0.938300 -0.267738 -0.034934  0.475242   5
  1  0  0.938300  0.128821  0.273604 -0.010214   2
  1  0  0.938300  0.154460 -0.010291  0.350557   2
  1  0  0.938300 -0.067144  0.020049  0.143192   3
  1  0  0.938300  0.067504  0.032466  0.215298   2
  1  0  0.938300 -0.110356 -0.206807  0.419290   2
  1  0  0.938300 -0.040983 -0.187224  0.382129   4
  1  0  0.938300 -0.165381 -0.258052  0.404193   3
  1  0  0.938300 -0.024816 -0.113864  0.238951   5
  1  0  0.938300 -0.013696  0.127560  0.143824   2
  1  0  0.938300  0.011400 -0.023796  0.232225   2
  1  0  0.938300  0.175372 -0.216740  0.875361   3
  1  0  0.938300 -0.010293 -0.307592  0.258208   2
  1  1  0.938300 -0.079649  0.252454  0.254717  -2
  1  1  0.938300 -0.015792 -0.209050  0.613157  -3
  1  1  0.938300  0.038068  0.084890  0.737221  -1
  1  1  0.938300 -0.222868  0.153779  0.282564  -3
  1  1  0.938300  0.154001  0.271396  0.113218  -4
  1  1  0.938300 -0.052068 -0.202465  0.630768  -1
  1  1  0.938300 -0.092474  0.144900  0.579328  -2
  1  1  0.938300 -0.490623 -0.076290  0.784375  -4
  1  1  0.938300 -0.057633  0.015977  0.826596  -1
  1  1  0.938300  0.089520 -0.066661  0.303680  -4
  1  1  0.938300  0.142290  0.208185  0.586219  -2
  1  1  0.938300 -0.110611 -0.142363  0.654841  -1
  1  1  0.938300  0.054214  0.054649  0.337002  -3
  1  1  0.938300  0.375187  0.070426  0.556759  -3
  1  1  0.938300  0.188586  0.441844  0.055806  -4
  1  1  0.938300 -0.061626 -0.119368  0.798302  -1
  1  1  0.938300  0.178419  0.144070  0.828853  -2
  1  1  0.938300 -0.014868  0.009408  0.568460  -4
  1  1  0.938300  0.079883  0.022593  0.721452  -1
  1  1  0.938300 -0.030492  0.015432  0.234867  -4
  1  1  0.938300  0.003402  0.147030  0.314764  -5
  1  1  0.938300  0.372927  0.312023  0.567089  -2
  1  1  0.938300 -0.019153  0.056175  0.879988  -1
  1  1  0.938300 -0.052591 -0.053328  0.829406  -1
  1  1  0.938300 -0.071885 -0.206918  0.779485  -5
  1  1  0.938300  0.023310 -0.221701  0.175752  -4
  1  1  0.938300 -0.186327 -0.208689  0.514902  -2
  1  1  0.938300  0.198000  0.004708  0.565291  -3
  1  1  0.938300  0.207130 -0.463144  0.333606  -2
  1  1  0.938300  0.021623 -0.023790  0.728078  -1
  1  1  0.938300  0.011483  0.025283  0.125724  -2
  1  1  0.938300 -0.374139 -0.152975  0.439116  -4
  1  1  0.938300  0.098820  0.279743  0.423654  -3
  1  1  0.938300  0.098494  0.016835  0.338845  -2
  1  1  0.938300 -0.064871  0.020042 -0.002718  -3
  1  1  0.938300  0.266610  0.173857  0.058893  -7
  1  1  0.938300  0.037814  0.119850  0.360866  -3
  1  1  0.938300 -0.003393 -0.175191  0.518594  -4
  1  1  0.938300  0.047309 -0.094512  0.458824  -2
  1  1  0.938300  0.172923 -0.056567  0.719182  -1
  1  1  0.938300 -0.005775 -0.151531  0.774732  -1
  1  1  0.938300  0.250713 -0.305563  0.634628  -4
  1  0  0.938300 -0.033429 -0.084249  0.541398  -4
  1  1  0.938300 -0.038988 -0.024836  0.168519  -2
  1  1  0.938300 -0.122833  0.157252  0.478358  -4
  1  1  0.938300 -0.100459  0.070434  0.705427  -1
  1  1  0.938300 -0.096719 -0.198498  0.461894  -2
  1  1  0.938300  0.252366 -0.368761  0.536145  -2
  1  1  0.938300  0.026194 -0.024124  0.018887  -6
  1  1  0.938300  0.211142 -0.015632  0.463071  -3
  1  1  0.938300  0.006217  0.006026  0.949693  -3
  1  1  0.938300  0.233426  0.113164  0.813277  -3
  1  1  0.938300  0.417862 -0.413188  0.688250  -2
  1  1  0.938300  0.011934 -0.105808  0.660489  -2
  1  1  0.938300  0.056487  0.187787  0.360437  -5
  1  1  0.938300  0.271904 -0.208687  0.282575  -3
  1  1  0.938300  0.104711 -0.021142  0.338332  -6
  1  1  0.938300 -0.101217  0.168448  0.609078  -1
  1  1  0.938300 -0.087093 -0.104670  0.712085  -1
  1  1  0.938300  0.297222  0.291322  0.565622  -5
  1  1  0.938300  0.053299 -0.096434  0.668269  -2
  1  1  0.938300 -0.125649  0.000704  0.825293  -1
  1  1  0.938300 -0.059150 -0.418689  0.106825  -3
  1  1  0.938300  0.073569  0.218458  0.787576  -1
  1  1  0.938300  0.051512 -0.000108  0.797003  -2
  1  1  0.938300  0.175074  0.129397  0.787004  -1
  1  1  0.938300  0.052894 -0.180549  0.918591  -2
  1  1  0.938300 -0.438232  0.211186  0.403908  -3
  1  1  0.938300 -0.029164 -0.084988  0.691033  -4
  1  1  0.938300 -0.286189 -0.166918  0.469396  -4
  1  1  0.938300 -0.084430 -0.023759  0.241714  -3
  1  1  0.938300 -0.067195 -0.074990  0.612856  -1
  1  1  0.938300 -0.136778  0.369586  0.081778  -5
  1  1  0.938300 -0.214643  0.250707  0.195598  -2
  1  1  0.938300 -0.129357  0.029466  0.469702  -3
  1  1  0.938300  0.053413  0.273743  0.289746  -4
  1  1  0.938300 -0.126146  0.177399  0.432933  -4
  1  1  0.938300  0.033996 -0.039056  0.840846  -1
  1  1  0.938300  0.320057 -0.257263 -0.178834  -4
  1  0  0.938300  0.273899  0.328920  0.226921  -2
  1  0  0.938300  0.003779 -0.023905  0.612155  -1
  1  0  0.938300 -0.297887  0.067402  0.142193  -4
  1  0  0.938300  0.094818 -0.063236  0.517917  -1
  1  0  0.938300 -0.069144 -0.257264  0.355472  -8
  1  0  0.938300 -0.210093 -0.046338  0.596475  -6
  1  0  0.938300  0.059100 -0.065466  0.467603  -2
  1  0  0.938300 -0.131274 -0.228374  0.739904  -7
  1  0  0.938300 -0.240106 -0.095667  0.018677  -3
  1  0  0.938300  0.012650 -0.073242  0.267973  -5
  1  0  0.938300  0.289506 -0.027160  0.502089  -4
  1  0  0.938300 -0.118731  0.160954  0.443460  -4
  1  0  0.938300  0.186835  0.196779  0.594806  -6
  1  0  0.938300 -0.090516 -0.104583  0.425475  -2
  1  0  0.938300 -0.376677  0.058189  0.253741  -6
  1  0  0.938300  0.435868  0.185607  0.424811  -6
  1  0  0.938300 -0.074865  0.011855  0.514341  -2
  1  0  0.938300 -0.173787  0.101271  0.393842  -3
  1  0  0.938300  0.403908  0.065661  0.393221  -2
  1  0  0.938300 -0.150177  0.008267  0.466261  -3
  1  0  0.938300 -0.253042 -0.312148  0.443608  -3
  1  0  0.938300  0.226294  0.209771  0.150070  -4
  1  0  0.938300 -0.197006 -0.237972  0.537672  -3
  1  0  0.938300  0.061591 -0.095363  0.665577  -6
  1  0  0.938300  0.224682 -0.097861  0.470221  -2
  1  0  0.938300  0.092429 -0.111296  0.151773  -5
  1  0  0.938300  0.053050 -0.202064  0.549766  -2
  1  0  0.938300  0.227957 -0.190218  0.385937  -5
  1  0  0.938300 -0.077410 -0.011382  0.233130  -8
  1  0  0.938300  0.004483 -0.050965  0.497312  -4
  1  0  0.938300  0.059706  0.262615  0.387060  -3
  1  0  0.938300  0.268595 -0.332227  0.145156  -5
  1  0  0.938300 -0.299430 -0.309185  0.229006  -3
  1  0  0.938300 -0.090595  0.022945  0.321323  -3
  1  0  0.938300  0.144856  0.132215  0.494081  -3
  1  0  0.938300 -0.098905  0.058440  0.537862  -4
  1  0  0.938300 -0.068210  0.028605  0.123956  -7
  1  0  0.938300 -0.223991 -0.433642  0.573774  -7
  1  0  0.938300 -0.182993  0.293080 -0.000803  -3
  1  0  0.938300  0.116992 -0.075051  0.051216  -4
  1  0  0.938300 -0.006840  0.251819  0.433314  -5
  1  0  0.938300  0.176593  0.108015  0.536266  -2
  1  0  0.938300 -0.107903  0.271348  0.660974  -2
  1  0  0.938300 -0.011442  0.069008  0.186163  -3
  1  0  0.938300  0.059701  0.042723  0.600435  -3
  1  0  0.938300 -0.068814 -0.124182  0.234290  -3
  1  0  0.938300 -0.081923 -0.359062  0.497263  -5
  1  0  0.938300 -0.300510  0.151687  0.181017  -8
  1  0  0.938300 -0.037043  0.106399  0.375551  -6
  1  0  0.938300 -0.045120  0.264489  0.417917  -5
  1  0  0.938300  0.158304 -0.110810  0.243368  -3
  1  1  0.938300  0.455084  0.201580  0.622355  -4
  1  0  0.938300  0.003787  0.146724  0.543422  -3
  1  0  0.938300  0.140759 -0.020669  0.703473  -2
  1  0  0.938300  0.073787 -0.102768  0.408963  -2
  1  0  0.938300 -0.041715  0.185853  0.778227  -1
  1  0  0.938300 -0.409736 -0.534366  0.757520  -3
  1  0  0.938300 -0.249297 -0.154888  0.456187  -5
  1  0  0.938300 -0.167677 -0.478319  0.649643  -2
  1  0  0.938300 -0.018265  0.149940  0.307116  -4
  1  0  0.938300  0.176572 -0.069761  0.511899  -2
  1  0  0.938300  0.154601  0.191023  0.242132  -3
  1  0  0.938300 -0.118226  0.254167  0.310911  -3
  1  0  0.938300  0.047456  0.296892  0.618009  -3
  1  0  0.938300  0.108509 -0.073080  0.255884 -10
  1  0  0.938300  0.155249  0.256328  0.315740  -3
  1  0  0.938300 -0.092135 -0.018226  0.678599  -1
  1  0  0.938300 -0.278585  0.122928  0.455278  -3
  1  0  0.938300 -0.079103  0.060591  0.315101  -2
  1  0  0.938300 -0.289869  0.018286  0.436719  -3
  1  0  0.938300  0.170624 -0.044383  0.448235  -2
  1  0  0.938300 -0.021948 -0.099546  0.306668  -1
  1  0  0.938300  0.162052 -0.133552  0.268901  -2
  1  0  0.938300  0.102953 -0.136470  0.098443  -4
  1  0  0.938300  0.088229  0.315063  0.851920  -3
  1  0  0.938300  0.161280  0.225344  0.347527  -2
  1  0  0.938300  0.072719 -0.217034  0.437359  -4
  1  0  0.938300 -0.018035  0.277871  0.710471  -2
  1  0  0.938300 -0.041507 -0.143529  0.171199  -7
  1  0  0.938300  0.039241 -0.188022  0.270033  -4
  1  0  0.938300  0.272787 -0.303209  0.274481  -4
  1  0  0.938300 -0.060357  0.208541  0.362170  -5
  1  0  0.938300 -0.085376 -0.010765  0.799848  -1
  1  0  0.938300  0.097199 -0.042427  0.741965  -4
  1  0  0.938300  0.241021 -0.136716  0.533247  -3
  1  0  0.938300  0.003923  0.267307  0.872053  -3
  1  0  0.938300 -0.021079  0.191763  0.356212  -2
  1  0  0.938300  0.073201  0.084484  0.496737  -1
  1  0  0.938300  0.164507  0.038634  0.337951  -3
  1  0  0.938300 -0.255402 -0.162794  0.418608  -2
  1  0  0.938300  0.249322 -0.008047  0.091185  -7
  1  0  0.938300  0.193082 -0.293627  0.501320  -6
  1  0  0.938300  0.147927  0.111328  0.315924  -4
  1  0  0.938300  0.175331 -0.379840  0.390484  -2
  1  0  0.938300  0.029288  0.061185  0.507345  -1
  1  0  0.938300 -0.197485 -0.459569  0.217185  -8
  1  0  0.938300 -0.174712  0.185549  0.270279  -2
  1  0  0.938300 -0.011608  0.061134  0.357093  -2
  1  0  0.938300 -0.006712  0.023384  0.406264  -3
  1  0  0.938300 -0.397072 -0.145174 -0.026983  -4
  1  0  0.938300 -0.234251 -0.013536  0.406594  -3
  1  0  0.938300  0.132132 -0.028138  0.165414  -8
  1  0  0.938300  0.226674 -0.204643  0.755919  -5
  1  0  0.938300 -0.253638 -0.052740  0.528359  -1
  1  0  0.938300 -0.040636  0.103161  0.616426  -1
  1  0  0.938300  0.036953  0.239011  0.330622  -2
  1  0  0.938300  0.171624  0.420963  0.247789  -2
  1  0  0.938300 -0.194080  0.236242  0.523325  -3
  1  0  0.938300 -0.390543  0.093033  0.673888  -4
  1  0  0.938300  0.232574  0.101824  0.825961  -4
  1  0  0.938300  0.063843 -0.308172  0.237863  -2
  1  0  0.938300  0.089442  0.310842  0.384988  -4
  1  0  0.938300  0.117881  0.382875  0.396401  -3
  1  0  0.938300 -0.245710 -0.034639  0.711152  -1
  1  0  0.938300  0.141053 -0.027202  0.602382  -2
  1  0  0.938300  0.175977 -0.082393  0.682387  -6
  1  0  0.938300  0.148054 -0.087648  0.379065  -2
  1  0  0.938300 -0.309588  0.110441  0.710752  -6