  1  1  0.938300 -0.249827 -0.354420  0.155435   2
  1  1  0.938300 -0.354809  0.215757  0.204766   2
  1  1  0.938300  0.197253  0.086428  0.214983   4
  1  1  0.938300  0.138787 -0.017466  0.512045   6
  1  1  0.938300  0.311576  0.245037  0.114664   4
  1  1  0.938300  0.020388  0.054919  0.211250   1
  1  1  0.938300 -0.037442  0.040703  0.398450   4
  1  1  0.938300  0.031271  0.318241  0.566204   2
  1  1  0.938300 -0.143985 -0.007851  0.241902   5
  1  1  0.938300  0.385762 -0.012771  0.192129   3
  1  1  0.938300 -0.072236  0.073460  0.185628   1
  1  1  0.938300  0.182673 -0.145598  0.334734   2
  1  1  0.938300  0.077868  0.028795  0.130932   4
  1  1  0.938300  0.053912 -0.083473  0.087434   1
  1  1  0.938300  0.195114 -0.208555  0.460384   5
  1  1  0.938300  0.059455  0.253430  0.124128   3
  1  1  0.938300  0.170249  0.124455  0.214255   2
  1  1  0.938300  0.001751  0.050702  0.028560   1
  1  1  0.938300 -0.367703  0.029080  0.316567   2
  1  1  0.938300  0.083805  0.101625  0.015580   2
  1  1  0.938300  0.028304  0.048067  0.567725   2
  1  1  0.938300  0.065740 -0.238151  0.263039   8
  1  1  0.938300 -0.141968 -0.426932  0.464139   2
  1  1  0.938300  0.166661  0.163469  0.521249   7
  1  1  0.938300 -0.033608  0.000594  0.551664   4
  1  1  0.938300 -0.177015  0.029296  0.481462   2
  1  1  0.938300 -0.043657  0.201508  0.271979   7
  1  1  0.938300  0.158496  0.151860  0.072222   1
  1  1  0.938300 -0.452134  0.161777  0.483316   3
  1  1  0.938300 -0.026498  0.081238 -0.044412   1
  1  1  0.938300  0.031144  0.100923  0.671809   2
  1  1  0.938300  0.248958  0.150821  0.124441   3
  1  1  0.938300  0.589168 -0.014527  0.554591   2
  1  1  0.938300  0.157090  0.097823  0.364909   2
  1  1  0.938300 -0.084311 -0.434563  0.295196   5
  1  1  0.938300 -0.358452 -0.179027  0.410231   2
  1  1  0.938300  0.008561  0.190400  0.224834   3
  1  1  0.938300  0.000250 -0.116638  0.990366   4
  1  1  0.938300 -0.238247  0.098236  0.374823   2
  1  1  0.938300  0.204442  0.256150  0.483655   3
  1  1  0.938300  0.087078 -0.063694  0.002017   1
  1  1  0.938300  0.233277  0.504644  0.355322   5
  1  1  0.938300 -0.131895 -0.323521  0.248567   2
  1  1  0.938300 -0.362092  0.196900  0.486255   3
  1  1  0.938300  0.443315  0.310032  0.183991   2
  1  1  0.938300  0.267312 -0.013726  0.499344   4
  1  1  0.938300  0.160350 -0.012208  0.004389   1
  1  1  0.938300 -0.336949 -0.141491  0.108022   2
  1  1  0.938300 -0.180295 -0.081982  0.286425   2
  1  1  0.938300 -0.146132 -0.050482 -0.020303   1
  1  1  0.938300 -0.183254 -0.094076  0.334954   2
  1  1  0.938300  0.180747  0.250710  0.107726   2
  1  1  0.938300  0.112808 -0.040033  0.694100   3
  1  1  0.938300  0.175785  0.020963  0.210001   1
  1  1  0.938300  0.401388 -0.034195  0.576644   6
  1  1  0.938300 -0.073364 -0.086047  0.091572   1
  1  1  0.938300 -0.036899 -0.033915  0.274102   6
  1  1  0.938300 -0.320558  0.083464  0.492255   4
  1  1  0.938300  0.079739 -0.199172  0.443148   5
  1  1  0.938300 -0.348257 -0.568750  0.676800   5
  1  1  0.938300  0.138858 -0.063237  0.120664   2
  1  1  0.938300  0.620693  0.039444  0.335447   4
  1  1  0.938300  0.213749  0.179371  0.402655   5
  1  1  0.938300  0.204510 -0.486172  0.227713   2
  1  1  0.938300 -0.146010  0.101784  0.067730   1
  1  1  0.938300 -0.028960 -0.243852  0.155529   1
  1  1  0.938300 -0.514929 -0.256819  0.744188   4
  1  1  0.938300 -0.096044 -0.036135  0.347457   3
  1  1  0.938300  0.022424 -0.046369  0.241396   5
  1  1  0.938300 -0.363028  0.273481  0.702653   4
  1  1  0.938300 -0.116768  0.292680  0.556318   4
  1  1  0.938300  0.115601 -0.087913  0.022171   1
  1  1  0.938300 -0.012899 -0.059337  0.009131   2
  1  1  0.938300  0.404652 -0.433565  0.325043   2
  1  1  0.938300  0.014566 -0.155785  0.544359   5
  1  1  0.938300  0.061083  0.169190  0.052629   2
  1  1  0.938300  0.088564  0.019326  0.165846   1
  1  1  0.938300  0.278065  0.215599  0.077939   4
  1  1  0.938300 -0.053133 -0.234700  0.450200   2
  1  0  0.938300 -0.319938  0.219202  0.276286   3
  1  0  0.938300  0.024440 -0.323475  0.140702   5
  1  0  0.938300 -0.049234 -0.154339  0.220381   2
  1  0  0.938300  0.464918 -0.187235  0.275416   2
  1  0  0.938300 -0.080173  0.059116  0.186156   3
  1  0  0.938300  0.210116  0.147858  0.397895   3
  1  0  0.938300 -0.187440  0.017519  0.147993   2
  1  0  0.938300  0.060569  0.079544 -0.063741   2
  1  0  0.938300  0.295736  0.086103  0.481268   2
  1  0  0.938300 -0.195882 -0.078156  0.485909   2
  1  0  0.938300 -0.018150  0.020194 -0.054498   1
  1  0  0.938300  0.073276  0.231863  0.531776   2
  1  0  0.938300  0.117982  0.196115  0.744381   3
  1  0  0.938300 -0.257096 -0.159172  0.282834   2
  1  0  0.938300  0.337703 -0.056462  0.368920   3
  1  0  0.938300  0.026505 -0.001824  0.039399   2
  1  0  0.938300 -0.080340 -0.053235  0.459597   6
  1  0  0.938300  0.068979 -0.058186  0.396323   5
  1  0  0.938300  0.017969 -0.100043  0.159144   1
  1  0  0.938300  0.121300  0.029276  0.353987   5
  1  0  0.938300  0.109160 -0.263648  0.560944   2
  1  0  0.938300 -0.093351  0.170135  0.319947   6
  1  0  0.938300 -0.043780  0.198764  0.436131   4
  1  0  0.938300  0.409978  0.253640  0.321302   4
  1  0  0.938300 -0.012089  0.282595  0.087330   3
  1  0  0.938300  0.274004  0.382508  0.343701   4
  1  0  0.938300 -0.196227  0.029037  0.522846   7
  1  0  0.938300 -0.009302 -0.272012  0.828383   8
  1  0  0.938300  0.338553  0.038960  0.951973   6
  1  0  0.938300 -0.021456 -0.138807  0.146550   1
  1  0  0.938300  0.195585 -0.425099  0.121307   3
  1  0  0.938300 -0.211133 -0.205786  0.435537   6
  1  0  0.938300  0.307666 -0.061014  0.401644   3
  1  0  0.938300 -0.214391 -0.114728  0.156254   3
  1  0  0.938300 -0.212669  0.060777  0.493801   5
  1  0  0.938300 -0.203778  0.371633  0.270813   2
  1  0  0.938300  0.413107  0.036663  0.525986   3
  1  0  0.938300 -0.090041 -0.079757  0.568933   7
  1  0  0.938300  0.142893  0.034710  0.734393   3
  1  0  0.938300 -0.013005 -0.429437  0.215068   3
  1  0  0.938300  0.141293 -0.119176  0.384074   4
  1  0  0.938300  0.069958  0.036247  0.217463   2
  1  0  0.938300  0.118964  0.043245  0.039269   1
  1  0  0.938300  0.093031 -0.215274  0.210751   7
  1  0  0.938300  0.108866 -0.043055  0.316273   2
  1  0  0.938300  0.307302 -0.050630 -0.038154   2
  1  0  0.938300 -0.098752 -0.031436  0.068704   1
  1  0  0.938300  0.007717  0.071620  0.177254   1
  1  0  0.938300 -0.051946  0.248300  0.188087   4
  1  0  0.938300  0.168049 -0.007601 -0.104492   1
  1  0  0.938300 -0.115428 -0.099894  0.348859   3
  1  0  0.938300 -0.000127  0.413534  0.735777   4
  1  0  0.938300  0.077734  0.066308  0.295262   4
  1  0  0.938300  0.152506 -0.109197  0.199487   3
  1  0  0.938300 -0.034703 -0.229197  0.124258   1
  1  0  0.938300  0.077736  0.184683  0.164906   2
  1  0  0.938300  0.008971  0.104260  0.053031   1
  1  0  0.938300  0.050755 -0.054640  0.420847   4
  1  0  0.938300 -0.240125  0.190334  0.292066   5
  1  0  0.938300  0.189661  0.026704  0.279698   2
  1  0  0.938300  0.246219  0.090031  0.361487   3
  1  0  0.938300 -0.125961 -0.107777 -0.106490   1
  1  0  0.938300 -0.113818  0.138301  0.543346   2
  1  0  0.938300 -0.311366  0.032845  0.202968   4
  1  0  0.938300  0.097539  0.116688  0.146299   1
  1  0  0.938300  0.235395 -0.130606  0.577932   4
  1  0  0.938300  0.403773  0.501969  0.370400   2
  1  0  0.938300  0.197703 -0.158891  0.292512   3
  1  0  0.938300 -0.068904 -0.311044  0.315138   7
  1  0  0.938300 -0.019773  0.007713  0.633641   5
  1  0  0.938300 -0.132566 -0.082927  0.535369   3
  1  0  0.938300 -0.226540  0.165589  0.301992   6
  1  0  0.938300 -0.130063  0.185666  0.103655   6
  1  0  0.938300  0.031395  0.141686 -0.047667   1
  1  0  0.938300  0.225270 -0.211473  0.471828   6
  1  0  0.938300  0.105644 -0.209373  0.389222   3
  1  0  0.938300 -0.146927 -0.100383  0.084844   1
  1  0  0.938300 -0.034831  0.095883  0.170443   1
  1  0  0.938300 -0.059656  0.002438  0.363999   3
  1  0  0.938300 -0.020113  0.100177  0.467936   3
  1  0  0.938300  0.025964  0.152335  0.448423   3
  1  0  0.938300  0.046861  0.173028 -0.047443   6
  1  0  0.938300 -0.058170 -0.060447  0.179255   3
  1  0  0.938300 -0.322735  0.377826  0.256155   4
  1  0  0.938300 -0.168268  0.038298  0.229138   3
  1  0  0.938300 -0.251013 -0.029693  0.130033   7
  1  0  0.938300 -0.141230  0.089804  0.013050   1
  1  0  0.938300  0.253472  0.042914  0.607983   7
  1  0  0.938300 -0.095342  0.058098  0.410465   2
  1  0  0.938300 -0.030798 -0.053528  0.112948   3
  1  0  0.938300 -0.118003 -0.204472  0.236281   6
  1  0  0.938300  0.052318 -0.252236  0.097646   2
  1  0  0.938300 -0.118424 -0.068282  0.204677   1
  1  0  0.938300  0.075280  0.055708  0.349970   4
  1  0  0.938300 -0.036356  0.374449  0.381722   3
  1  0  0.938300  0.040007  0.272050  0.600162   3
  1  0  0.938300 -0.352730 -0.082982  0.384193   2
  1  0  0.938300  0.030465  0.154180  0.263590   1
  1  0  0.938300  0.228597 -0.250632  0.454686   3
  1  0  0.938300  0.073823  0.190364  0.183741   3
  1  0  0.938300 -0.133435  0.003130  0.647207   6
  1  0  0.938300  0.179592  0.146448  0.488508   7
  1  0  0.938300  0.113235 -0.094253 -0.128631   1
  1  0  0.938300  0.487536  0.090266  0.501747   3
  1  0  0.938300 -0.049214  0.046901  0.151018   4
  1  0  0.938300  0.168924 -0.186851  0.655015   3
  1  0  0.938300  0.107117  0.492728  0.184100   2
  1  0  0.938300  0.083342 -0.032092  0.323282   2
  1  0  0.938300  0.233913 -0.297416  0.102280   7
  1  0  0.938300  0.042641  0.074704 -0.128162   1
  1  0  0.938300 -0.080248  0.013637  0.252608   8
  1  0  0.938300 -0.014929  0.312487  0.298232   4
  1  0  0.938300 -0.043880 -0.083915  0.316364   2
  1  0  0.938300 -0.587471  0.376195  0.503969   7
  1  0  0.938300  0.328462 -0.130830  0.083990   3
  1  0  0.938300  0.046058 -0.108626  0.093058   6
  1  0  0.938300 -0.142991  0.041362  0.122996   1
  1  0  0.938300 -0.295572 -0.121958  0.433980   2
  1  1  0.938300 -0.067541 -0.200959  0.126044  -3
  1  1  0.938300 -0.073822  0.250331  0.590293  -2
  1  1  0.938300 -0.000475 -0.038313 -0.029983  -5
  1  1  0.938300 -0.047761  0.350608  0.374136  -2
  1  1  0.938300  0.436678  0.005908  0.426081  -6
  1  1  0.938300 -0.250813  0.184425  0.765794  -3
  1  1  0.938300 -0.222102 -0.018029  0.242956  -5
  1  1  0.938300  0.128995 -0.307207  0.305996  -3
  1  1  0.938300  0.392071  0.009492  0.750427  -3
  1  1  0.938300  0.204818  0.213007  0.286962  -3
  1  1  0.938300  0.219478  0.026539  0.535483  -2
  1  1  0.938300  0.057624 -0.298717  0.430410  -4
  1  1  0.938300 -0.250793 -0.149778  0.482698  -9
  1  1  0.938300 -0.193348  0.188593  0.324244  -2
  1  1  0.938300 -0.271820 -0.121086  0.004751  -5
  1  1  0.938300 -0.127867 -0.191909  0.357610  -4
  1  1  0.938300  0.253368  0.036618  0.167254  -5
  1  1  0.938300 -0.173474 -0.096250  0.358001  -4
  1  1  0.938300 -0.434645  0.008286  0.329894  -2
  1  1  0.938300  0.123849 -0.094627  0.250034  -4
  1  1  0.938300 -0.023497 -0.037461  0.474456  -1
  1  1  0.938300  0.144481 -0.641190  0.464225  -4
  1  1  0.938300 -0.290886  0.422054  0.169244  -3
  1  1  0.938300 -0.001465  0.173192  0.613893  -4
  1  1  0.938300  0.080107  0.232024  0.118732  -4
  1  1  0.938300 -0.163836 -0.444707  0.255355  -3
  1  1  0.938300 -0.133783  0.014119  0.114789  -5
  1  1  0.938300 -0.309999  0.022805  0.281718  -9
  1  1  0.938300  0.330416  0.078682  0.672306  -3
  1  1  0.938300 -0.120383  0.077030  0.540920  -2
  1  1  0.938300  0.191785  0.420939  0.128182  -3
  1  1  0.938300 -0.421853 -0.085347  0.436004  -3
  1  1  0.938300 -0.261757 -0.060718  0.705089  -2
  1  1  0.938300  0.303474  0.016642  0.565866  -4
  1  1  0.938300  0.238368 -0.042424  0.886070  -1
  1  1  0.938300 -0.110921  0.014912  0.398320  -5
  1  1  0.938300  0.013683 -0.089389  0.334790  -1
  1  1  0.938300 -0.302911 -0.027525  0.568906  -4
  1  1  0.938300  0.148004  0.143133  0.732749  -1
  1  1  0.938300  0.188463  0.109766  0.367940  -7
  1  1  0.938300 -0.423366  0.553327  0.218506  -5
  1  1  0.938300 -0.125511  0.116202  0.519815  -2
  1  1  0.938300  0.028691 -0.194742 -0.063384  -2
  1  1  0.938300  0.074994 -0.217158  0.503761  -5
  1  1  0.938300 -0.277082 -0.387046  0.204543  -4
  1  1  0.938300 -0.051534  0.017228  0.213689  -3
  1  1  0.938300 -0.358903  0.323727  0.317895  -6
  1  1  0.938300 -0.171288 -0.263555  0.555663  -3
  1  1  0.938300 -0.017936  0.057770  0.679359  -1
  1  1  0.938300  0.267012  0.326444  0.301837  -5
  1  1  0.938300 -0.070823 -0.098875  0.351608  -2
  1  1  0.938300  0.266873  0.154070  0.543700  -6
  1  1  0.938300  0.103307  0.000538  0.361988  -2
  1  1  0.938300  0.062383  0.289738  0.538964  -3
  1  1  0.938300 -0.067067 -0.352326  0.046927  -2
  1  1  0.938300 -0.069263 -0.065339  0.565096  -1
  1  1  0.938300  0.019251 -0.214102  0.646549  -1
  1  1  0.938300  0.075549  0.070127  0.663156  -4
  1  1  0.938300 -0.112668 -0.099084  0.333334  -2
  1  1  0.938300 -0.207999  0.089719  0.339772  -3
  1  1  0.938300 -0.164826  0.188871  0.155526  -4
  1  1  0.938300  0.133273  0.240174  0.561653  -2
  1  1  0.938300  0.118336 -0.137942  0.762735  -2
  1  1  0.938300  0.337779 -0.093159  0.202643  -3
  1  1  0.938300  0.020836  0.293254  0.317278  -3
  1  1  0.938300  0.416251 -0.524886  0.455500  -2
  1  1  0.938300  0.010353  0.480099  0.506473  -4
  1  1  0.938300  0.172311  0.530035  0.549526  -2
  1  1  0.938300 -0.420622  0.234062  0.226163  -2
  1  1  0.938300 -0.149373  0.042634  0.281466  -2
  1  1  0.938300 -0.085747  0.013983  0.661972  -3
  1  1  0.938300 -0.260319 -0.892078  0.575610  -3
  1  1  0.938300 -0.125340  0.191022  0.324984  -2
  1  1  0.938300  0.321105  0.143844  0.525537  -4
  1  1  0.938300 -0.206755 -0.110851  0.246653  -4
  1  1  0.938300 -0.234541  0.033912  0.296155  -3
  1  1  0.938300 -0.303463  0.169489  0.361898  -7
  1  1  0.938300 -0.001891  0.100023  0.386721  -2
  1  1  0.938300 -0.070812  0.169977  0.342364  -6
  1  0  0.938300  0.230556  0.000846  0.339689  -2
  1  0  0.938300  0.061809  0.014244  0.074002  -5
  1  0  0.938300  0.123820 -0.047545  0.280469  -5
  1  0  0.938300  0.046703  0.005267  0.263928  -4
  1  0  0.938300  0.108900 -0.368697  0.295978  -2
  1  0  0.938300  0.113140  0.109512  0.545682  -1
  1  0  0.938300 -0.280446 -0.469831  0.279551  -3
  1  0  0.938300  0.101830 -0.138476  0.783227  -2
  1  0  0.938300  0.085954  0.084268  0.616875  -7
  1  0  0.938300 -0.096383  0.022011  0.066431  -4
  1  0  0.938300 -0.126090 -0.029573  0.466823  -2
  1  0  0.938300  0.282465  0.189829  0.268201  -3
  1  0  0.938300  0.055707  0.117108  0.601366  -1
  1  0  0.938300 -0.223731  0.025962  0.217330  -3
  1  0  0.938300 -0.317129 -0.225850 -0.032323  -3
  1  0  0.938300  0.112690 -0.089357  0.434037  -5
  1  0  0.938300  0.237940  0.045880  0.273386  -5
  1  0  0.938300  0.299745  0.290052 -0.035688  -3
  1  0  0.938300 -0.338204 -0.000991  0.173658  -3
  1  0  0.938300  0.033350  0.086153  0.029717  -3
  1  0  0.938300 -0.031124  0.240673  0.443136  -8
  1  0  0.938300  0.022818 -0.004400  0.679014  -4
  1  0  0.938300  0.047419 -0.179039  0.170919  -4
  1  0  0.938300  0.181223  0.154162  0.477642  -6
  1  0  0.938300 -0.051504  0.200085 -0.077580  -7
  1  0  0.938300  0.042744  0.229793  0.513049  -2
  1  0  0.938300  0.106398  0.201547  0.252459  -2
  1  0  0.938300 -0.226098 -0.082863  0.107891  -5
  1  0  0.938300 -0.096788  0.222993  0.382223  -2
  1  0  0.938300 -0.072740 -0.016462  0.393769  -1
  1  0  0.938300 -0.139762 -0.048777  0.769524  -1
  1  0  0.938300 -0.055317  0.320331  0.256757  -3
  1  0  0.938300 -0.144025 -0.019306  0.731848  -1
  1  0  0.938300 -0.287956 -0.463788  0.500911  -5
  1  0  0.938300  0.138698 -0.188822 -0.008723  -3
  1  0  0.938300  0.143177 -0.142427  0.733208  -1
  1  0  0.938300  0.029698 -0.019704  0.728006  -2
  1  0  0.938300 -0.249656  0.164852  0.840215  -4
  1  0  0.938300 -0.007000  0.030345  0.335344  -5
  1  0  0.938300  0.218070 -0.358940  0.245731  -3
  1  0  0.938300  0.281941  0.032594  0.503223  -2
  1  0  0.938300  0.112999  0.487330  0.517529  -2
  1  0  0.938300 -0.161254 -0.382481  0.099879  -5
  1  0  0.938300 -0.251039  0.065146  0.287409  -5
  1  0  0.938300 -0.266245 -0.022251  0.201405  -3
  1  0  0.938300  0.428246 -0.162245  0.111976  -4
  1  0  0.938300 -0.150028 -0.034342  0.752369  -3
  1  0  0.938300 -0.004533 -0.369113  0.226540  -3
  1  0  0.938300  0.226317 -0.090226  0.079267  -4
  1  0  0.938300  0.039153  0.308480  0.727703  -7
  1  0  0.938300  0.128489  0.054790  0.761374  -1
  1  0  0.938300 -0.101039  0.137993  0.572712  -1
  1  0  0.938300  0.088936  0.022851  0.716191  -1
  1  0  0.938300  0.003932  0.037862  0.532114  -3
  1  0  0.938300  0.042717 -0.165333  0.628225  -1
  1  0  0.938300  0.038005  0.029385  0.336638  -4
  1  0  0.938300 -0.038434 -0.093451  0.830682  -9
  1  0  0.938300 -0.121170  0.144941  0.665300  -1
  1  0  0.938300  0.147059  0.076385  0.404993  -1
  1  0  0.938300  0.394076 -0.038907  0.298317  -2
  1  0  0.938300 -0.171324  0.090301  0.845416  -1
  1  0  0.938300  0.067022  0.030798  0.694472  -1
  1  0  0.938300  0.072258 -0.184084  0.486598  -5
  1  0  0.938300  0.029964  0.167749  0.533867  -1
  1  0  0.938300 -0.158215 -0.049736 -0.030298  -3
  1  0  0.938300  0.156243  0.150077  0.337874  -3
  1  0  0.938300 -0.002541 -0.445136  0.579313  -7
  1  0  0.938300 -0.035770  0.236710  0.480465  -4
  1  0  0.938300 -0.200501  0.011567  0.368548  -6
  1  0  0.938300  0.156528  0.048652  0.396733  -1
  1  0  0.938300 -0.234835 -0.139627  0.817286  -2
  1  0  0.938300 -0.420442  0.137909  0.104507  -6
  1  0  0.938300 -0.071473 -0.320381  1.010366  -2
  1  0  0.938300 -0.356035 -0.013482  0.362019  -2
  1  0  0.938300 -0.115873 -0.160487  0.100653  -4
  1  0  0.938300  0.014328 -0.009804  0.179474  -9
  1  0  0.938300  0.238673 -0.193187  0.394933  -7
  1  0  0.938300  0.165443 -0.243849  0.454046  -2
  1  0  0.938300  0.141132  0.010458  0.522011  -1
  1  0  0.938300  0.113123  0.457173  0.335421  -3
  1  0  0.938300 -0.070846 -0.171447  0.267086  -4
  1  0  0.938300  0.076256 -0.025639  0.322154  -4
  1  0  0.938300  0.324626  0.248484  0.014130  -6
  1  0  0.938300 -0.186414  0.379050  0.506726  -5
  1  0  0.938300 -0.011285  0.059173  0.726951  -3
  1  0  0.938300  0.155413  0.233065  0.531347  -3
  1  0  0.938300  0.100131 -0.021422  0.586428  -2
  1  0  0.938300 -0.381250  0.124877  0.203177  -2
  1  0  0.938300  0.036711  0.030431  0.182774  -5
  1  0  0.938300  0.328194 -0.153085  0.919443  -3
  1  0  0.938300  0.210667 -0.064486  0.642883  -1
  1  0  0.938300 -0.121780 -0.010785  0.344985  -3
  1  0  0.938300 -0.382054 -0.137469  0.279726  -2
  1  0  0.938300  0.100439  0.239193  0.487901 -10
  1  0  0.938300  0.112658  0.157059  0.323280  -3
  1  0  0.938300 -0.057248  0.318808  0.353885  -2
  1  0  0.938300 -0.075270  0.067610  0.531086  -5
  1  0  0.938300 -0.047658 -0.311344  0.661267  -2
  1  0  0.938300 -0.126925 -0.005047  0.562354  -3
  1  0  0.938300  0.447537 -0.361552  0.415276  -4
  1  0  0.938300  0.161929 -0.119802  0.744984  -3
  1  0  0.938300 -0.338764 -0.225847  0.398600  -3
  1  0  0.938300  0.351023  0.049811  0.243923  -3
  1  0  0.938300  0.153379 -0.035106  0.398538  -3
  1  0  0.938300  0.168808  0.052886  0.278670  -4
  1  0  0.938300 -0.130910  0.007298  0.369141  -4
  1  0  0.938300  0.085654 -0.197460  0.606960  -2
  1  0  0.938300  0.060244 -0.121727  0.382271  -6
  1  0  0.938300 -0.191530 -0.290935  0.131129  -3
  1  0  0.938300 -0.010385  0.234160  0.534606  -1
  1  0  0.938300 -0.221984  0.034490  0.353637  -2
  1  0  0.938300 -0.193560  0.061579  0.304812  -4
  1  0  0.938300  0.079572 -0.124798  0.618131  -2
  1  0  0.938300  0.181002  0.150759  0.695044  -3
  1  0  0.938300  0.043514 -0.065816  0.743863  -1
  1  0  0.938300  0.005496 -0.225661  0.562196  -2
  1  0  0.938300  0.153749  0.111653  0.255644  -3
  1  0  0.938300  0.245085  0.164555  0.416356  -4