  1  1  0.938300  0.274485  0.118253  0.513687   3
  1  1  0.938300  0.088611 -0.429919  0.488125   4
  1  1  0.938300  0.067345 -0.088314  0.229896   5
  1  1  0.938300 -0.254602 -0.159507  0.552359   4
  1  1  0.938300  0.400657 -0.061958  0.409708   3
  1  1  0.938300 -0.136542 -0.110226  0.119418   2
  1  1  0.938300  0.130231 -0.035778  0.171673   1
  1  1  0.938300  0.260023  0.142004  0.108790   2
  1  1  0.938300 -0.016013  0.116687 -0.011740   1
  1  1  0.938300 -0.020142  0.049966  0.029544   1
  1  1  0.938300 -0.052921  0.100733  0.132647   1
  1  1  0.938300 -0.034195  0.073096  0.275002   3
  1  1  0.938300  0.153997  0.093794  0.471048   3
  1  1  0.938300 -0.411120  0.336612  0.584963   5
  1  1  0.938300  0.163446 -0.079225  0.334590   2
  1  1  0.938300 -0.010075  0.169535  0.292058   3
  1  1  0.938300  0.272677  0.185732  0.249647   2
  1  1  0.938300  0.231582 -0.090324  0.127646   5
  1  1  0.938300  0.068780  0.041123  0.272739   2
  1  1  0.938300  0.041252  0.046203  0.489352   4
  1  1  0.938300 -0.354981 -0.291277  0.112295   2
  1  1  0.938300  0.129893  0.583723  0.216408   4
  1  1  0.938300 -0.189870 -0.159434  0.446171   2
  1  1  0.938300  0.200122 -0.136402  0.621038   5
  1  1  0.938300  0.263681 -0.079249  0.463964   2
  1  1  0.938300 -0.164599 -0.142871  0.314919   5
  1  1  0.938300  0.277750  0.573321  0.383059   7
  1  1  0.938300  0.091280  0.175728  1.030407   3
  1  1  0.938300  0.005595 -0.037529  0.082462   1
  1  1  0.938300  0.024798  0.017517 -0.077231   1
  1  1  0.938300  0.051737  0.041589 -0.001177   1
  1  1  0.938300 -0.246966 -0.592693  0.429182   5
  1  1  0.938300 -0.035590 -0.108866  0.200691   2
  1  1  0.938300  0.082775  0.136884  0.236671   5
  1  1  0.938300  0.065504  0.171566  0.270944   2
  1  1  0.938300 -0.013814 -0.215911  0.053287   1
  1  1  0.938300 -0.258229  0.050810  0.077824   3
  1  1  0.938300 -0.117318 -0.030721  0.241988   1
  1  1  0.938300 -0.015462  0.331586  0.708116   5
  1  1  0.938300 -0.075198 -0.174792  0.169829   6
  1  1  0.938300 -0.051359 -0.350483  0.308312   2
  1  1  0.938300 -0.230292  0.499787  0.154367   2
  1  1  0.938300  0.391466  0.327080  0.209579   3
  1  1  0.938300 -0.211038  0.030699  0.446520   7
  1  1  0.938300  0.364722  0.038235  0.403098   5
  1  1  0.938300 -0.205587 -0.035337  0.338258   6
  1  1  0.938300 -0.030947 -0.219359  0.210526   2
  1  1  0.938300  0.030008  0.128567  0.409796   2
  1  1  0.938300  0.119339 -0.037998 -0.102839   1
  1  1  0.938300  0.119417 -0.131042 -0.036859   1
  1  1  0.938300 -0.036139  0.136785  0.410648   4
  1  1  0.938300 -0.027090 -0.055005  0.821449   6
  1  1  0.938300  0.010325 -0.180649 -0.206597   4
  1  1  0.938300  0.083288 -0.067584  0.521839   5
  1  1  0.938300 -0.071115 -0.008253 -0.055940   1
  1  1  0.938300  0.052095  0.049427 -0.028493   1
  1  1  0.938300  0.254743  0.042805  0.757710   3
  1  1  0.938300 -0.277805 -0.057524  0.400391   4
  1  1  0.938300  0.092744 -0.050881  0.113539   1
  1  1  0.938300  0.176728  0.060217  0.185772   1
  1  1  0.938300  0.164635  0.030221  0.829428   2
  1  1  0.938300  0.093122 -0.455583  0.223339   4
  1  1  0.938300 -0.164141 -0.052698  0.192220   2
  1  1  0.938300  0.048880 -0.015699  0.001016   4
  1  1  0.938300 -0.090379 -0.225339  0.250835   4
  1  1  0.938300 -0.438763 -0.159509  0.485205   2
  1  1  0.938300 -0.098259 -0.091924  0.194297   1
  1  1  0.938300  0.182401 -0.058500  0.038839   3
  1  1  0.938300  0.038877  0.294246  0.534028   3
  1  1  0.938300  0.146657  0.353757  0.259284   7
  1  1  0.938300  0.088638 -0.002334  0.021475   1
  1  1  0.938300 -0.086166  0.274479  0.413160   3
  1  1  0.938300 -0.440444  0.111360  0.315340   2
  1  1  0.938300 -0.348671 -0.019533  0.031060   2
  1  1  0.938300  0.030224  0.475598  0.481500   4
  1  1  0.938300 -0.145102  0.118163  0.217916   3
  1  1  0.938300  0.206833 -0.032609  0.239640   1
  1  1  0.938300  0.062089 -0.294250  0.822333   4
  1  1  0.938300  0.092939 -0.050531  0.119096   4
  1  0  0.938300 -0.053281  0.062153  0.098079   3
  1  0  0.938300 -0.122691 -0.039974  0.460944   3
  1  0  0.938300 -0.016971  0.118639  0.005384   1
  1  0  0.938300 -0.215877  0.135992  0.145429   3
  1  0  0.938300 -0.212906 -0.091737  0.396969   1
  1  0  0.938300  0.076879  0.170631  0.345791   2
  1  0  0.938300  0.168594  0.430024  0.381191   4
  1  0  0.938300 -0.173420 -0.321585  0.535412   6
  1  0  0.938300 -0.290059  0.015513  0.422219   3
  1  0  0.938300 -0.034129 -0.099848  0.299207   1
  1  0  0.938300 -0.213552 -0.261399  0.380684   4
  1  0  0.938300 -0.003368 -0.165555  0.281947   2
  1  0  0.938300  0.188268  0.178920  0.355596   6
  1  0  0.938300 -0.203821 -0.150226  0.516609   6
  1  0  0.938300  0.384904 -0.348584  0.346805   2
  1  0  0.938300  0.025452  0.309409  0.363777   8
  1  0  0.938300  0.062064 -0.188064  0.166259   2
  1  0  0.938300 -0.040827 -0.206479  0.351275   3
  1  0  0.938300 -0.231095  0.223695  0.421709   2
  1  0  0.938300 -0.117071  0.006572  0.105400   1
  1  0  0.938300 -0.171317  0.388378  0.044738   5
  1  0  0.938300 -0.459147  0.141779  0.455522   2
  1  0  0.938300 -0.135546  0.067997  0.339581   2
  1  0  0.938300  0.076494  0.225460  0.345936   6
  1  0  0.938300 -0.355355 -0.336305  0.418144   2
  1  0  0.938300  0.319546 -0.533764  0.201299   3
  1  0  0.938300  0.149265  0.018165  0.024567   4
  1  0  0.938300 -0.103480  0.043990  0.097045   7
  1  0  0.938300 -0.065476 -0.135863  0.482122   4
  1  0  0.938300  0.068697  0.315910  0.497523   4
  1  0  0.938300 -0.045507  0.040066  0.196090   1
  1  0  0.938300  0.073118 -0.001566  0.253200   2
  1  0  0.938300 -0.345744  0.295472  0.564124   3
  1  0  0.938300  0.493080  0.238954  0.559834   4
  1  0  0.938300 -0.370296 -0.269047  0.130118   2
  1  0  0.938300  0.030184  0.149415  0.120976   2
  1  0  0.938300 -0.083170  0.058296 -0.029816   1
  1  0  0.938300  0.272759 -0.073900  0.288891   2
  1  0  0.938300  0.288000 -0.081643  0.009142   3
  1  0  0.938300 -0.084304 -0.382243  0.560489   2
  1  0  0.938300  0.010873  0.001572  0.073519   6
  1  0  0.938300  0.321697  0.282661  0.110344   4
  1  0  0.938300  0.005687 -0.178725  0.318772   2
  1  0  0.938300  0.173883  0.164421  0.150556   2
  1  0  0.938300  0.392474 -0.134959  0.173011   5
  1  0  0.938300  0.001817 -0.138439  0.139846   1
  1  0  0.938300 -0.042658  0.117367  0.096464   1
  1  0  0.938300 -0.049609  0.054024  0.214353   2
  1  0  0.938300 -0.009517 -0.055435  0.167523   2
  1  0  0.938300  0.049082 -0.413301  0.192871   5
  1  0  0.938300  0.327588 -0.052518  0.182027   2
  1  0  0.938300 -0.015372  0.019225  0.303090   8
  1  0  0.938300  0.073742  0.056476  0.167407   1
  1  0  0.938300 -0.059080 -0.172786  0.430311   3
  1  0  0.938300 -0.165258  0.084659  0.426242   3
  1  0  0.938300 -0.168621 -0.132410  0.406072   6
  1  0  0.938300  0.040728 -0.044739  0.158785   1
  1  0  0.938300 -0.059083  0.145371  0.316444   8
  1  0  0.938300 -0.090503  0.269162  0.289985   3
  1  0  0.938300  0.175858 -0.000767  0.052084   2
  1  0  0.938300  0.136487  0.113654  0.430874   3
  1  0  0.938300  0.150572 -0.015430  0.115211   1
  1  0  0.938300 -0.076429 -0.634799  0.459383   4
  1  0  0.938300 -0.203138 -0.073381  0.191227   4
  1  0  0.938300 -0.195579 -0.453508  0.522485   4
  1  0  0.938300  0.053452 -0.129303  0.044322   1
  1  0  0.938300  0.052275  0.080519  0.307865   1
  1  0  0.938300 -0.084556  0.157494  0.110187   4
  1  0  0.938300 -0.322501  0.330418  0.676709   3
  1  0  0.938300 -0.314004 -0.218400  0.272215   2
  1  0  0.938300 -0.096474  0.023705  0.566004   3
  1  0  0.938300 -0.063142  0.075261  0.254869   2
  1  0  0.938300 -0.201126  0.207173  0.858754   5
  1  0  0.938300 -0.097064 -0.421333  0.114132   3
  1  0  0.938300 -0.163726  0.070190 -0.039293   1
  1  0  0.938300  0.044532 -0.170300  0.056529   1
  1  0  0.938300  0.013466  0.145160  0.073588   1
  1  0  0.938300 -0.043870 -0.028783  0.254377   3
  1  0  0.938300  0.071512 -0.142280  0.098560   1
  1  0  0.938300 -0.218122 -0.205274  0.372901   3
  1  0  0.938300  0.120160 -0.056314  0.562853   7
  1  0  0.938300  0.503717 -0.060641  0.524882   3
  1  0  0.938300 -0.118500  0.105532  0.560833   4
  1  0  0.938300 -0.100167  0.291374  0.437992   2
  1  0  0.938300  0.101240 -0.047806  0.019467   2
  1  0  0.938300  0.036221 -0.015420  0.142170   1
  1  0  0.938300 -0.056285 -0.217311  0.355318   4
  1  0  0.938300 -0.103901  0.100494  0.293400   3
  1  0  0.938300 -0.014001  0.128700  0.690993   3
  1  0  0.938300  0.073196 -0.274140  0.196040   8
  1  0  0.938300  0.079455 -0.016337 -0.212564   3
  1  0  0.938300  0.007625 -0.043738  0.073388   2
  1  0  0.938300 -0.004559  0.147863  0.018224   5
  1  0  0.938300 -0.057972  0.148495  0.573585   3
  1  0  0.938300 -0.118654 -0.096040  0.621516   3
  1  0  0.938300  0.131314 -0.220033  0.685890   5
  1  0  0.938300  0.300835 -0.030882  0.653516   4
  1  0  0.938300 -0.234819 -0.078569  0.233680   5
  1  0  0.938300  0.048808 -0.264921  0.424998   6
  1  0  0.938300  0.065926 -0.449947  0.180006   2
  1  0  0.938300  0.266516  0.337707  0.206679   3
  1  0  0.938300  0.130039 -0.295432  0.383466   6
  1  0  0.938300 -0.564523  0.308896  0.385441   3
  1  0  0.938300  0.101388 -0.219197  0.229027   3
  1  0  0.938300 -0.281744  0.275178  0.148437   2
  1  0  0.938300 -0.007227  0.113926  0.558193   4
  1  0  0.938300 -0.106187  0.140705  0.395540   4
  1  0  0.938300  0.172667  0.269312  0.068719   2
  1  0  0.938300 -0.166935  0.052220  0.242766   4
  1  0  0.938300  0.086315 -0.403992  0.068262   3
  1  0  0.938300 -0.123550 -0.208029  0.094764   7
  1  0  0.938300 -0.059343 -0.089213  0.286367   5
  1  0  0.938300 -0.629430 -0.054826  0.041792   6
  1  0  0.938300  0.082907 -0.207668  0.000006   2
  1  0  0.938300  0.004145 -0.443867  0.340430   2
  1  0  0.938300 -0.201715  0.029015  0.336037   2
  1  0  0.938300 -0.057297 -0.049104 -0.052211   1
  1  0  0.938300 -0.021297 -0.155664  0.503015  11
  1  1  0.938300 -0.278989  0.136890  0.170630  -2
  1  1  0.938300  0.120631 -0.231191  0.590125  -5
  1  1  0.938300  0.103038 -0.322823  0.287380  -6
  1  1  0.938300  0.128193 -0.376237  0.090307  -2
  1  1  0.938300 -0.178630 -0.238147  0.466331  -3
  1  1  0.938300  0.322691  0.205128  0.758312  -2
  1  1  0.938300 -0.264421 -0.027578  0.556930  -4
  1  1  0.938300 -0.078268 -0.278970  0.184675  -4
  1  1  0.938300 -0.224941 -0.083488  0.465399  -3
  1  1  0.938300  0.280110  0.005428  0.945463  -2
  1  1  0.938300 -0.104275 -0.142997  0.385879  -5
  1  1  0.938300  0.291111 -0.052661  0.618525  -5
  1  1  0.938300  0.240950  0.190040  0.796735  -7
  1  1  0.938300  0.187818  0.079034  0.283533  -4
  1  1  0.938300 -0.054976 -0.093502  0.743341  -1
  1  1  0.938300  0.033573 -0.197010  0.023755  -4
  1  1  0.938300  0.015660  0.002920  0.460832  -3
  1  1  0.938300 -0.240486  0.202450  0.281164  -8
  1  1  0.938300  0.011522 -0.360475  0.201901  -7
  1  1  0.938300  0.099334 -0.124075  0.138781  -4
  1  1  0.938300  0.202601  0.094282  0.337480  -2
  1  1  0.938300 -0.135544  0.318898  0.692825  -2
  1  1  0.938300  0.172656 -0.212902  0.389499  -3
  1  1  0.938300  0.025330  0.061032  0.457643  -2
  1  1  0.938300  0.254675 -0.112627  0.557364  -3
  1  1  0.938300  0.057188 -0.145110  0.385836  -3
  1  1  0.938300 -0.013067  0.046576  0.241478  -3
  1  1  0.938300  0.071360 -0.038815  0.461667  -2
  1  1  0.938300 -0.188088 -0.287025  0.642496  -5
  1  1  0.938300 -0.161411 -0.169600  0.475451  -5
  1  1  0.938300  0.017577 -0.119142  0.908455  -1
  1  1  0.938300 -0.121001  0.026062  0.450458  -4
  1  1  0.938300 -0.149357 -0.020918  0.002843  -4
  1  1  0.938300  0.347933 -0.092546  0.552572  -4
  1  1  0.938300  0.123136 -0.067840  0.823444  -5
  1  1  0.938300 -0.144013  0.023215  0.468093  -2
  1  1  0.938300 -0.423066 -0.170406  0.465328  -9
  1  1  0.938300  0.098561 -0.162174  0.401395  -2
  1  1  0.938300  0.113065  0.061139  0.503282  -2
  1  1  0.938300  0.014851  0.009298  0.770687  -1
  1  1  0.938300 -0.031840 -0.113648  0.445954  -2
  1  1  0.938300  0.031315 -0.001820 -0.074801  -3
  1  1  0.938300 -0.124114  0.223653  0.445869  -2
  1  1  0.938300 -0.157851 -0.220957 -0.043464  -4
  1  1  0.938300 -0.158918  0.165284  0.484985  -8
  1  1  0.938300  0.310229 -0.272639  0.146992  -3
  1  1  0.938300  0.149384 -0.095468  0.312703  -2
  1  1  0.938300  0.195673 -0.200635  0.438089  -6
  1  1  0.938300  0.046168 -0.153330  0.663477  -3
  1  1  0.938300 -0.218044 -0.260311  0.617794  -5
  1  1  0.938300 -0.034723 -0.262883  0.205044  -4
  1  1  0.938300  0.031502 -0.160384  0.294611  -3
  1  1  0.938300  0.206185 -0.059427 -0.078503  -5
  1  1  0.938300  0.054437  0.221940  0.444921  -3
  1  1  0.938300 -0.165262  0.173189  0.354955  -2
  1  1  0.938300  0.375160  0.084939  0.533443  -3
  1  1  0.938300  0.150017 -0.104244  0.495342  -2
  1  1  0.938300  0.067841  0.204854  0.166500  -2
  1  1  0.938300  0.124941 -0.000003  0.736944  -1
  1  1  0.938300  0.165945  0.188471  0.338277  -2
  1  1  0.938300 -0.073542 -0.149894  0.789589  -1
  1  1  0.938300 -0.038782  0.185354  0.054579  -3
  1  1  0.938300  0.020685  0.626612  0.252975  -5
  1  1  0.938300 -0.129626 -0.165282  0.468273  -3
  1  1  0.938300  0.331862  0.003240  0.623540  -4
  1  1  0.938300  0.152229 -0.014282  0.352320  -2
  1  1  0.938300 -0.191782 -0.121965  0.762253  -3
  1  1  0.938300 -0.101702  0.236866  0.494529  -3
  1  1  0.938300  0.141073  0.010398  0.241659  -4
  1  1  0.938300 -0.409427 -0.088027  0.347792  -2
  1  1  0.938300  0.038059  0.037884  0.733810  -1
  1  1  0.938300 -0.019977  0.066710  0.472372  -1
  1  1  0.938300  0.039601 -0.076545  0.616647  -4
  1  0  0.938300 -0.026772 -0.052679  0.222712  -5
  1  1  0.938300  0.046537 -0.199002  0.368542  -2
  1  1  0.938300  0.166102 -0.134692  0.725426  -1
  1  1  0.938300  0.249350  0.012547  0.503624  -2
  1  1  0.938300 -0.402923  0.255524  0.358144  -4
  1  1  0.938300 -0.565704 -0.135824  0.719907  -2
  1  0  0.938300 -0.231432  0.233346  0.355252  -3
  1  0  0.938300 -0.068857  0.032709  0.299588  -8
  1  0  0.938300  0.117362  0.148908  0.745830  -1
  1  0  0.938300 -0.206225 -0.006031  0.699104  -1
  1  0  0.938300  0.112727  0.211538  0.448518  -3
  1  0  0.938300  0.475717  0.087824  0.349647  -6
  1  0  0.938300  0.148761  0.508924  0.550138  -6
  1  0  0.938300 -0.116030 -0.053251  0.467361  -2
  1  0  0.938300 -0.195472 -0.065225  0.324042  -2
  1  0  0.938300  0.157564 -0.385732  0.371374  -3
  1  0  0.938300  0.094216 -0.065175  0.518445  -3
  1  0  0.938300 -0.167893  0.245845  0.086522  -5
  1  0  0.938300 -0.276134  0.209133  0.350906  -3
  1  0  0.938300 -0.233162 -0.041463  0.604161  -1
  1  0  0.938300 -0.006642  0.211450  0.237550  -2
  1  0  0.938300 -0.006216  0.038626  0.474141  -4
  1  0  0.938300  0.307836 -0.045249  0.209479  -4
  1  0  0.938300 -0.209393  0.167865  0.210149  -2
  1  0  0.938300  0.255284  0.278934  0.699106  -2
  1  1  0.938300  0.754334  0.632618  0.623731  -4
  1  0  0.938300 -0.115383 -0.100531  0.506298  -5
  1  0  0.938300 -0.290860 -0.227469  0.253529  -2
  1  0  0.938300  0.048009  0.162547  0.394567  -3
  1  0  0.938300  0.078204 -0.372778  0.288876  -5
  1  0  0.938300  0.068556  0.148724  0.759923  -2
  1  0  0.938300 -0.224755  0.236084  0.818442  -4
  1  0  0.938300 -0.155634  0.114065  0.225725  -6
  1  0  0.938300 -0.079469  0.295400  0.038040  -6
  1  0  0.938300 -0.144025  0.155255  0.575369  -2
  1  0  0.938300 -0.242770  0.250911  0.702055  -2
  1  0  0.938300 -0.274451 -0.034572  0.991942  -7
  1  0  0.938300  0.050273 -0.137386  0.539421  -3
  1  0  0.938300  0.128077 -0.010293  0.281434  -5
  1  0  0.938300  0.125886 -0.441605  0.574488  -7
  1  0  0.938300 -0.054709 -0.046475  0.774633  -1
  1  0  0.938300  0.101488  0.028334  0.277418  -7
  1  0  0.938300 -0.062276 -0.248352  0.638836  -2
  1  0  0.938300 -0.260954 -0.013456  0.614505  -2
  1  0  0.938300  0.176953  0.025018  0.494812  -5
  1  0  0.938300  0.095196 -0.103212  0.341638  -3
  1  0  0.938300  0.165218 -0.145908  0.345928  -4
  1  0  0.938300 -0.016814 -0.104891  0.453565  -3
  1  0  0.938300  0.284637  0.266334  0.702194  -2
  1  0  0.938300  0.085659 -0.033906  0.600664  -1
  1  0  0.938300 -0.251017 -0.014490  0.883825  -8
  1  0  0.938300 -0.021033  0.001867  0.579591  -1
  1  0  0.938300  0.139983 -0.071746  0.222063  -2
  1  0  0.938300  0.139786 -0.137098  0.350043  -3
  1  0  0.938300  0.268137  0.029775  0.818655  -2
  1  0  0.938300  0.332891 -0.199302  0.130259  -4
  1  0  0.938300 -0.263371  0.468455  0.501352  -3
  1  0  0.938300 -0.446453  0.067362  0.407522  -3
  1  0  0.938300  0.264227 -0.045995  0.607623  -4
  1  0  0.938300 -0.102058  0.021859  0.715060  -2
  1  0  0.938300  0.351714  0.134600  0.596545  -2
  1  0  0.938300 -0.148976 -0.209371  0.209709  -2
  1  0  0.938300 -0.075207  0.118641  0.662961  -1
  1  0  0.938300  0.206763 -0.058876  0.805062  -5
  1  0  0.938300 -0.027361 -0.116256  0.581143  -2
  1  0  0.938300  0.042781  0.234063  0.510074  -2
  1  0  0.938300 -0.062076  0.317080  0.257446  -2
  1  0  0.938300  0.556605 -0.317823  0.185651  -4
  1  0  0.938300  0.176465  0.254300  0.775191  -5
  1  0  0.938300  0.041010  0.006292  0.257341  -6
  1  0  0.938300  0.172314 -0.065115  0.128847  -4
  1  0  0.938300 -0.145483 -0.023503  0.600926  -3
  1  0  0.938300  0.012977  0.135576  0.051651  -3
  1  0  0.938300  0.281063 -0.022547  0.504975  -4
  1  0  0.938300 -0.190765  0.373116  0.357406  -6
  1  0  0.938300 -0.124361 -0.021972  0.380306  -4
  1  0  0.938300 -0.564757 -0.027313  0.382805  -5
  1  0  0.938300 -0.002426  0.220011  0.433917  -2
  1  0  0.938300  0.292696 -0.015495  0.393913  -5
  1  0  0.938300  0.159679 -0.053701  0.191191  -6
  1  0  0.938300 -0.506238 -0.288806  0.469384  -3
  1  0  0.938300  0.114162  0.060188  0.781251  -1
  1  0  0.938300 -0.240077  0.022826  0.252154  -2
  1  0  0.938300 -0.105464  0.192082  0.229798  -5
  1  0  0.938300 -0.247310  0.006054  0.931383  -3
  1  0  0.938300 -0.138604 -0.037583  0.961891  -4
  1  0  0.938300  0.171920  0.009416  0.619923  -2
  1  0  0.938300 -0.117981  0.061742  0.401168  -3
  1  0  0.938300 -0.060290 -0.054246  0.658095  -2
  1  0  0.938300 -0.022264 -0.196812  0.571882  -3
  1  0  0.938300 -0.126051 -0.023825  0.214058  -5
  1  0  0.938300  0.164719 -0.061404  0.384679  -4
  1  0  0.938300 -0.122714  0.292967  0.616684  -2
  1  0  0.938300  0.156162  0.021702  0.615839  -2
  1  0  0.938300 -0.070082 -0.054116  0.692448  -2
  1  0  0.938300 -0.183672  0.104692  0.571299  -1
  1  0  0.938300 -0.238625  0.009143  0.469790  -2
  1  0  0.938300  0.101639  0.040216  0.522659  -1
  1  0  0.938300 -0.319300  0.230893  0.398464  -4
  1  0  0.938300 -0.180891 -0.298137  0.243705  -3
  1  0  0.938300  0.051133 -0.014153  0.169987  -3
  1  0  0.938300 -0.035126  0.275224  0.572319  -2
  1  0  0.938300 -0.309447 -0.091763  0.281078  -2
  1  0  0.938300  0.128087 -0.125223  0.532977  -2
  1  0  0.938300 -0.277898 -0.085560 -0.042866  -4
  1  0  0.938300  0.155614  0.492783  0.591936  -2
  1  0  0.938300 -0.006283  0.151215  0.227756  -3
  1  0  0.938300  0.220144 -0.093061 -0.016791  -8
  1  0  0.938300 -0.304052  0.015777  0.306849  -4
  1  0  0.938300 -0.065995  0.238117  0.648042  -2
  1  0  0.938300  0.102748 -0.210372  0.665108  -2
  1  0  0.938300 -0.139524  0.042426  0.006618  -3
  1  0  0.938300  0.065793 -0.093699 -0.080092  -2
  1  0  0.938300  0.081371 -0.515560  0.240077  -5
  1  0  0.938300 -0.201155 -0.007423  0.717893  -5
  1  0  0.938300  0.214994 -0.353761  0.281525  -3
  1  0  0.938300 -0.168098  0.304624  0.748243  -4
  1  0  0.938300  0.115067  0.075671  0.442010  -5
  1  0  0.938300  0.003433 -0.080746  0.432862  -3
  1  0  0.938300  0.007233 -0.082040  0.590385  -3
  1  0  0.938300  0.347642  0.222219  0.782760  -3
  1  0  0.938300  0.194346  0.118792  0.196735  -5
  1  0  0.938300 -0.055864 -0.161705  0.171486  -2
  1  0  0.938300 -0.199737 -0.162241  0.545995  -4