  1  1  0.938300  0.049128 -0.036714  0.043931   6
  1  1  0.938300  0.061717 -0.104451  0.093091   2
  1  1  0.938300 -0.089914 -0.252230  0.452222   5
  1  1  0.938300 -0.101390 -0.178274  0.117507   2
  1  1  0.938300  0.563449 -0.104279  0.562152   6
  1  1  0.938300 -0.059125  0.015217  0.551526   3
  1  1  0.938300 -0.052468  0.132637 -0.021926   1
  1  1  0.938300  0.131690  0.149543  0.456222   3
  1  1  0.938300 -0.076951 -0.468703  0.281364   2
  1  1  0.938300  0.219313 -0.013048  0.130658   2
  1  1  0.938300 -0.019018 -0.067687  0.562563   2
  1  1  0.938300 -0.173712  0.025449  0.007739   1
  1  1  0.938300  0.012204  0.430275  0.308610   2
  1  1  0.938300 -0.050486 -0.077173 -0.078351   1
  1  1  0.938300 -0.103102  0.372623  0.192150   5
  1  1  0.938300 -0.206932  0.274871  0.386303   2
  1  1  0.938300  0.195176 -0.415627  0.466344   3
  1  1  0.938300 -0.017810 -0.078791  0.111897   2
  1  1  0.938300 -0.100702  0.052911  0.578236   3
  1  1  0.938300  0.045619 -0.062347  0.196221   6
  1  1  0.938300  0.122044  0.202839 -0.012081   1
  1  1  0.938300 -0.108090  0.180830  0.412521   3
  1  1  0.938300  0.181011 -0.600845  0.501677   3
  1  1  0.938300  0.087677  0.071389 -0.048547   2
  1  0  0.938300 -0.021493  0.189538  0.403347   4
  1  1  0.938300 -0.012759 -0.005644  0.203993   1
  1  1  0.938300 -0.285182 -0.253020  0.467192   2
  1  1  0.938300  0.108815 -0.088925  0.576604   4
  1  1  0.938300  0.516781 -0.092448 -0.111654   2
  1  1  0.938300 -0.047488 -0.370658  0.247940   4
  1  1  0.938300 -0.062425 -0.040908 -0.063856   1
  1  1  0.938300  0.240995 -0.006952  0.547756   4
  1  1  0.938300 -0.065477 -0.475003  0.429387   4
  1  1  0.938300 -0.037589 -0.078483  0.234037   3
  1  1  0.938300 -0.068727  0.173943  0.255161   3
  1  1  0.938300 -0.108773  0.337709  0.347088   2
  1  1  0.938300  0.123831  0.209806  0.344615   2
  1  1  0.938300 -0.128208 -0.270228  0.088593   1
  1  1  0.938300  0.049278 -0.234507  0.257456   2
  1  1  0.938300  0.091318  0.021714  0.596898   5
  1  1  0.938300  0.086085 -0.084130  0.304713   2
  1  1  0.938300  0.422361 -0.173899  0.263362   5
  1  1  0.938300  0.056524  0.037239  0.369025   2
  1  1  0.938300  0.001149 -0.024652  0.295881   4
  1  1  0.938300  0.152975  0.140700  0.335179   3
  1  1  0.938300  0.104678  0.207528  0.425531   4
  1  1  0.938300 -0.204174  0.136548  0.139839   1
  1  1  0.938300  0.039304 -0.117519  0.251839   2
  1  1  0.938300  0.210719 -0.166320  0.622886   2
  1  1  0.938300 -0.148917  0.184623  0.010299   4
  1  1  0.938300  0.029923  0.118276  0.468189   5
  1  1  0.938300  0.169288 -0.204143 -0.144041   4
  1  1  0.938300 -0.286028  0.242707  0.426256   6
  1  1  0.938300  0.116205  0.133302 -0.003897   2
  1  1  0.938300  0.029052  0.122522  0.018520   1
  1  1  0.938300 -0.119372  0.163557  0.040194   2
  1  1  0.938300  0.173353 -0.019724  0.276963   1
  1  1  0.938300 -0.195052 -0.097139  0.334627   3
  1  1  0.938300  0.072844  0.105039  0.178238   2
  1  1  0.938300 -0.130837  0.317186 -0.188354   5
  1  1  0.938300 -0.088558  0.021562  0.188147   4
  1  1  0.938300  0.314546 -0.107418  0.411004   7
  1  1  0.938300  0.104646  0.207224  0.009970   2
  1  1  0.938300 -0.118324 -0.232586  0.149163   1
  1  1  0.938300 -0.120313  0.136794 -0.127068   3
  1  1  0.938300 -0.234259 -0.112334  0.169526   4
  1  1  0.938300 -0.242233 -0.002907  0.274204   2
  1  1  0.938300 -0.145706  0.057137  0.328733   4
  1  1  0.938300 -0.353354 -0.233790  0.537859   3
  1  1  0.938300  0.308675 -0.106264  0.508807   3
  1  1  0.938300  0.307319 -0.426378  0.372759   2
  1  1  0.938300 -0.200522 -0.098576  0.581403   2
  1  1  0.938300 -0.223626  0.123584  0.330084   2
  1  1  0.938300  0.322052 -0.349584  0.471484   3
  1  1  0.938300 -0.212843 -0.147664 -0.114281   4
  1  1  0.938300 -0.198009 -0.066269  0.228255   4
  1  1  0.938300  0.137887 -0.376599  0.383949   2
  1  1  0.938300  0.193221  0.197384 -0.200504   3
  1  1  0.938300 -0.128862  0.243673  0.231052   2
  1  0  0.938300 -0.234306 -0.106597  0.601640   3
  1  0  0.938300 -0.207308  0.194613  0.452166   4
  1  0  0.938300  0.258859  0.206966  0.379125   3
  1  0  0.938300  0.147695  0.323842  0.961777   4
  1  0  0.938300  0.080453  0.266524  0.046782   5
  1  0  0.938300 -0.112365 -0.244817  0.286562   5
  1  0  0.938300 -0.247491 -0.070138  0.042794   2
  1  1  0.938300 -0.060375  0.094510  0.305145   4
  1  0  0.938300  0.270166  0.555695  0.633912   7
  1  0  0.938300 -0.055369  0.109478 -0.026571   2
  1  0  0.938300 -0.366074  0.152955  0.082823   3
  1  0  0.938300 -0.120234 -0.046670  0.253724   5
  1  0  0.938300 -0.348784  0.160672  0.441448   4
  1  0  0.938300 -0.285128 -0.068536  0.570228   7
  1  0  0.938300 -0.101608  0.086034 -0.125525   1
  1  0  0.938300 -0.591586  0.135233  0.325016   6
  1  0  0.938300  0.234871 -0.496776  0.485009   5
  1  0  0.938300  0.192451  0.137187 -0.045318   3
  1  0  0.938300  0.080797  0.229706  0.278177   2
  1  0  0.938300  0.152083  0.381487  0.338280   3
  1  0  0.938300 -0.058835 -0.239688  0.418481   3
  1  0  0.938300  0.071496 -0.009717  0.008776   1
  1  0  0.938300 -0.518431 -0.013821  0.487463   2
  1  0  0.938300 -0.024901 -0.080863  0.075193   1
  1  0  0.938300  0.288693 -0.090031  0.307587   5
  1  0  0.938300  0.096075 -0.148909  0.422034   5
  1  0  0.938300  0.139484  0.319088  0.417748   3
  1  0  0.938300  0.058568  0.185777  0.695657   2
  1  0  0.938300 -0.046753 -0.084710  0.520073   4
  1  0  0.938300  0.031314  0.050428 -0.079486   1
  1  0  0.938300  0.124979  0.087550  0.200724   4
  1  0  0.938300  0.194269 -0.424789  0.576806   3
  1  0  0.938300  0.047158 -0.252300  0.538005   7
  1  0  0.938300  0.087925  0.284350  0.521558   3
  1  0  0.938300 -0.008696 -0.086652  0.208023   4
  1  0  0.938300 -0.331223  0.347022  0.252620   5
  1  0  0.938300  0.170242  0.019291  0.412256   3
  1  0  0.938300  0.186827 -0.019114  0.057914   1
  1  0  0.938300 -0.027510 -0.073239 -0.162694   5
  1  0  0.938300 -0.256600  0.282569  0.200993   9
  1  0  0.938300  0.126632  0.178760  0.414260   3
  1  0  0.938300 -0.105886 -0.006767  0.378129   3
  1  0  0.938300 -0.226340  0.234342  0.178413   2
  1  0  0.938300  0.024709  0.194802  0.407171   7
  1  0  0.938300  0.271007  0.000483  0.268539   4
  1  0  0.938300 -0.353271  0.281110  0.349646   3
  1  0  0.938300 -0.220736  0.446019  0.424142   3
  1  0  0.938300  0.139957 -0.039134 -0.078347   5
  1  0  0.938300 -0.169038 -0.034481  0.113629   4
  1  0  0.938300 -0.202387  0.388923 -0.028266   5
  1  0  0.938300  0.093049  0.186607  0.374898   6
  1  0  0.938300 -0.049434 -0.342672  0.471952   3
  1  0  0.938300 -0.070845 -0.363414  0.601387   3
  1  0  0.938300  0.323457  0.107228  0.610214   3
  1  0  0.938300  0.033614 -0.005868  0.217147   1
  1  0  0.938300 -0.245224 -0.052258  0.603332   6
  1  0  0.938300 -0.116399 -0.302896  0.270401   2
  1  0  0.938300 -0.174622  0.015587  0.291740   3
  1  0  0.938300  0.257213 -0.179264  0.455327   4
  1  0  0.938300 -0.025544  0.123495  0.399061   2
  1  0  0.938300 -0.151610 -0.079206 -0.012102   1
  1  0  0.938300  0.271577 -0.274617  0.269574   2
  1  0  0.938300  0.194092 -0.076055  0.120852   2
  1  0  0.938300 -0.003863  0.144004  0.252703   5
  1  0  0.938300 -0.094680 -0.172905  0.056105   1
  1  0  0.938300 -0.030419 -0.069416  0.190644   3
  1  0  0.938300 -0.016506  0.160258  0.134506   4
  1  0  0.938300 -0.044381  0.061530  0.477145   5
  1  0  0.938300 -0.029413 -0.014813 -0.056789   1
  1  0  0.938300 -0.110730 -0.010411  0.192174   4
  1  0  0.938300  0.137938 -0.018824  0.119029   1
  1  0  0.938300 -0.372586  0.321000  0.296234   4
  1  0  0.938300  0.034060  0.027591 -0.042311   2
  1  0  0.938300  0.184271 -0.342774  0.580639   4
  1  0  0.938300 -0.037084  0.273374  0.651779   5
  1  0  0.938300 -0.259770 -0.204201  0.126702   8
  1  0  0.938300 -0.005358  0.050623  0.352163   3
  1  0  0.938300  0.306137 -0.129216  0.421572   2
  1  0  0.938300  0.142688 -0.338193  0.325274   4
  1  0  0.938300 -0.027048  0.189255 -0.000946   1
  1  0  0.938300  0.000665  0.246630  0.125835   3
  1  0  0.938300 -0.252182  0.210442  0.059602   3
  1  0  0.938300 -0.055098  0.007035  0.253589   1
  1  0  0.938300 -0.249139 -0.164487  0.557484   6
  1  0  0.938300 -0.132813  0.367226  0.217862   5
  1  0  0.938300 -0.241817 -0.418743  0.465120   2
  1  0  0.938300  0.044747  0.261090  0.163281   9
  1  0  0.938300  0.083430 -0.078116  0.368826   3
  1  0  0.938300  0.126178  0.057782 -0.080614   1
  1  0  0.938300 -0.015376  0.134758 -0.004731   1
  1  0  0.938300 -0.015772  0.146488  0.217110   2
  1  0  0.938300  0.110708  0.156000 -0.064707   3
  1  0  0.938300  0.114450  0.063092  0.664115   2
  1  0  0.938300  0.224492  0.323659  0.212885   4
  1  0  0.938300  0.047627 -0.078967  0.166873   1
  1  0  0.938300  0.127620  0.108419  0.614671   8
  1  0  0.938300 -0.116655  0.325202  0.736698   5
  1  0  0.938300 -0.213143  0.019038  0.085553   2
  1  0  0.938300  0.135913  0.077937  0.306181   5
  1  0  0.938300  0.129473  0.550020  0.540435   2
  1  0  0.938300 -0.184895  0.234112  0.257247   2
  1  0  0.938300 -0.083921 -0.327660  0.322171   4
  1  0  0.938300  0.117724  0.024191  0.260739   4
  1  0  0.938300  0.171453 -0.056064  0.112745   1
  1  0  0.938300 -0.103800 -0.041564  0.093389   1
  1  0  0.938300  0.004613  0.046690  0.227075   2
  1  0  0.938300  0.187431 -0.061719  0.307070   2
  1  0  0.938300 -0.062977  0.216611  0.360925   3
  1  0  0.938300 -0.391794  0.526869  0.890577   2
  1  0  0.938300  0.150515  0.179033  0.280702   2
  1  0  0.938300 -0.099589 -0.206002  0.094384   7
  1  0  0.938300 -0.170411 -0.149520  0.569285   4
  1  0  0.938300 -0.094432  0.203074  0.248988   5
  1  0  0.938300  0.026881  0.007143  0.119601   7
  1  0  0.938300  0.236310  0.031769  0.020279   1
  1  0  0.938300 -0.153524 -0.511120  0.288945   5
  1  0  0.938300  0.151052 -0.011986  0.377863   5
  1  0  0.938300  0.225123 -0.128186  0.183001   2
  1  1  0.938300 -0.132710  0.065117 -0.103479  -6
  1  1  0.938300 -0.315750 -0.119553  0.233864  -3
  1  1  0.938300  0.059729  0.196133  0.154286  -5
  1  1  0.938300  0.214408 -0.084525  0.373316  -9
  1  1  0.938300 -0.072961 -0.022833 -0.063502  -6
  1  1  0.938300 -0.029821 -0.271741  0.717826  -8
  1  1  0.938300 -0.021214 -0.172541  0.357713  -4
  1  1  0.938300  0.323203  0.145013  0.614902  -4
  1  1  0.938300  0.375932  0.318424  0.565727  -3
  1  1  0.938300  0.004729  0.061554  0.761053  -2
  1  1  0.938300  0.034847 -0.296803  0.417984  -7
  1  1  0.938300  0.233032 -0.239212  0.274738  -4
  1  1  0.938300 -0.338763 -0.127247  0.774973  -2
  1  1  0.938300 -0.397111  0.221889  0.500228  -3
  1  1  0.938300  0.119522  0.141371  0.436893  -4
  1  1  0.938300  0.258898  0.170285  0.571681  -3
  1  1  0.938300  0.033923 -0.093400 -0.225929  -5
  1  1  0.938300  0.189674 -0.079437  0.801602  -1
  1  1  0.938300  0.448862 -0.202313  0.435878  -7
  1  1  0.938300 -0.105644 -0.158215  0.467331  -9
  1  1  0.938300 -0.021456  0.071059  0.649932  -2
  1  1  0.938300  0.128114 -0.109992  0.273346  -7
  1  1  0.938300 -0.326986  0.202503  0.335081  -2
  1  1  0.938300 -0.096495  0.067051  0.513178  -2
  1  1  0.938300  0.003153  0.000658  0.753996  -1
  1  1  0.938300  0.565905 -0.091924  0.474567  -2
  1  1  0.938300 -0.041220 -0.352707  0.435702  -2
  1  1  0.938300  0.056334  0.100793  0.762170  -1
  1  1  0.938300  0.013740  0.077518  0.633080  -1
  1  1  0.938300 -0.030660  0.005283  0.615290  -2
  1  1  0.938300  0.038964 -0.144438  0.773286  -1
  1  1  0.938300  0.019328 -0.056693  0.256244  -2
  1  1  0.938300  0.195062 -0.206171  0.308962  -6
  1  1  0.938300  0.022200  0.122515  0.858197  -1
  1  1  0.938300 -0.046830 -0.140520  0.881229  -3
  1  1  0.938300  0.271223 -0.316195  0.118728  -4
  1  1  0.938300  0.098359  0.257765  0.486070  -5
  1  1  0.938300  0.199933 -0.103867  0.281819  -3
  1  1  0.938300 -0.145227  0.047646  0.659019  -1
  1  1  0.938300 -0.022314 -0.364257  0.224578  -4
  1  1  0.938300 -0.286977  0.136807  0.682099  -5
  1  1  0.938300  0.196485  0.169821  0.800397  -2
  1  1  0.938300 -0.386618  0.136345  1.010239  -4
  1  1  0.938300  0.047408 -0.000804  0.710425  -1
  1  1  0.938300  0.332081  0.134763  0.353427  -3
  1  1  0.938300 -0.007518 -0.041836  0.027500  -6
  1  1  0.938300  0.000387  0.224016  0.890134  -4
  1  1  0.938300  0.222326  0.282449  0.622538  -3
  1  1  0.938300 -0.232321  0.061651  0.698939  -1
  1  1  0.938300  0.036924 -0.230426  0.272921  -3
  1  1  0.938300  0.098309 -0.150415  0.454508  -2
  1  1  0.938300 -0.249911 -0.225122  0.619735  -2
  1  1  0.938300 -0.161379  0.043152  0.366061  -2
  1  1  0.938300 -0.105692  0.277540  0.470257  -3
  1  1  0.938300  0.078065 -0.273659  0.024414  -8
  1  1  0.938300  0.039535 -0.074065  0.718465  -3
  1  1  0.938300 -0.095468  0.254887  0.427290  -3
  1  1  0.938300 -0.115032  0.073190  0.682637  -1
  1  1  0.938300 -0.173859 -0.037868  0.043411  -3
  1  1  0.938300  0.138451  0.068045  0.548900  -2
  1  1  0.938300  0.065196  0.222659  0.597244  -3
  1  1  0.938300  0.414670 -0.592002  0.409052  -3
  1  1  0.938300 -0.300794 -0.249160  0.457947  -7
  1  1  0.938300 -0.384432 -0.309205  0.617437  -2
  1  1  0.938300 -0.069862 -0.277479  0.074963  -3
  1  1  0.938300  0.009063  0.147122  0.239240  -2
  1  1  0.938300  0.104870 -0.149961  0.401214  -4
  1  1  0.938300 -0.213521  0.001546  0.723267  -1
  1  0  0.938300 -0.170092 -0.116488  0.140664  -6
  1  1  0.938300  0.370187 -0.006603  0.496810  -7
  1  1  0.938300 -0.158886  0.097443  0.351855  -2
  1  1  0.938300 -0.054273  0.118378  0.201764  -3
  1  1  0.938300  0.020264 -0.240527  0.180860  -4
  1  1  0.938300 -0.067689  0.089710  0.030843  -6
  1  1  0.938300 -0.225139  0.019847  0.503944  -3
  1  1  0.938300  0.189618  0.181832  0.553926  -2
  1  1  0.938300 -0.433325 -0.056182  0.633204  -6
  1  1  0.938300  0.283989 -0.188808  0.212320  -2
  1  1  0.938300  0.319645  0.181232  0.096418  -3
  1  1  0.938300 -0.123017  0.017803  0.107322  -4
  1  0  0.938300 -0.013548 -0.413682  0.293173  -6
  1  0  0.938300 -0.138312  0.223351  0.295239  -6
  1  0  0.938300 -0.058487  0.064026  0.548999  -4
  1  0  0.938300 -0.034422 -0.285283  0.252934  -3
  1  0  0.938300  0.220910  0.202659  0.181225  -4
  1  0  0.938300  0.232587 -0.173210  0.379485  -2
  1  0  0.938300  0.156722  0.084726  0.683976  -1
  1  0  0.938300 -0.180667  0.128746  0.799451  -1
  1  0  0.938300  0.196336 -0.039162  0.495908  -2
  1  0  0.938300  0.302173 -0.225839  0.459263  -2
  1  0  0.938300  0.003295 -0.033594  0.750366  -1
  1  0  0.938300  0.054293 -0.024707  0.398401  -3
  1  0  0.938300 -0.192245 -0.027268  0.632864  -1
  1  0  0.938300  0.136916 -0.036955  0.697455  -1
  1  0  0.938300 -0.148323  0.058492  0.055587  -6
  1  0  0.938300 -0.139741  0.096099  0.409041  -4
  1  0  0.938300 -0.136315 -0.184128 -0.014132  -7
  1  0  0.938300  0.084636  0.039243  0.338943  -4
  1  0  0.938300  0.082342 -0.057541  0.591615  -1
  1  0  0.938300 -0.107056  0.427101  0.727847  -3
  1  0  0.938300  0.238214  0.014310  0.197593  -5
  1  0  0.938300 -0.014481 -0.029921  0.915639  -4
  1  0  0.938300  0.116184  0.028059  0.377632  -1
  1  0  0.938300  0.341197  0.138901  0.270338  -6
  1  0  0.938300 -0.018049 -0.038034  0.580225  -3
  1  0  0.938300  0.089629  0.091511  0.217958  -6
  1  0  0.938300  0.008398 -0.215894  0.686172  -4
  1  0  0.938300 -0.140587 -0.122185  0.364729  -2
  1  0  0.938300  0.310541  0.065973  0.440012  -4
  1  0  0.938300  0.096421 -0.049634  0.729139  -3
  1  0  0.938300 -0.457233  0.098209  0.546526  -2
  1  0  0.938300  0.476991 -0.367781  0.332201  -7
  1  0  0.938300 -0.142242  0.172075  0.565008  -3
  1  0  0.938300 -0.136678 -0.288649  0.579641  -2
  1  0  0.938300  0.163484  0.318276  0.937330  -5
  1  0  0.938300  0.022447 -0.002600  0.555866  -2
  1  0  0.938300  0.283832 -0.129958  0.648208  -2
  1  0  0.938300 -0.139657  0.128688  0.429785  -3
  1  0  0.938300 -0.012953  0.198331  0.310998  -3
  1  0  0.938300 -0.094749 -0.099402  0.399394  -5
  1  0  0.938300 -0.107417 -0.163369  0.106857  -2
  1  0  0.938300  0.094256 -0.199857  0.710666  -2
  1  0  0.938300 -0.003784  0.177973  0.168241  -4
  1  0  0.938300  0.002813 -0.033022  0.935737  -2
  1  0  0.938300  0.038313  0.235264  0.740414  -3
  1  0  0.938300  0.130297 -0.224857  0.293838  -5
  1  0  0.938300 -0.303937 -0.177660  0.507086  -3
  1  0  0.938300  0.260298 -0.211372  0.191259  -3
  1  0  0.938300  0.179755 -0.139889 -0.023344  -5
  1  0  0.938300  0.208953 -0.358045  0.735896  -3
  1  0  0.938300  0.082526 -0.078618  0.598708  -2
  1  0  0.938300 -0.199963  0.286116  0.343625  -4
  1  0  0.938300 -0.016057  0.270975  0.453835  -5
  1  0  0.938300 -0.038186  0.111258  0.384779  -4
  1  0  0.938300  0.060770 -0.096549  0.423351  -6
  1  0  0.938300 -0.360693 -0.325557  0.235908  -3
  1  0  0.938300 -0.366301  0.190895  0.542657  -2
  1  0  0.938300  0.097699 -0.014459  0.572121  -1
  1  0  0.938300  0.184838  0.272931  0.258514  -2
  1  0  0.938300 -0.126229 -0.041877  0.859709  -1
  1  0  0.938300 -0.152983 -0.134984  0.697810  -2
  1  0  0.938300 -0.021870  0.147944  0.752796  -1
  1  0  0.938300  0.004979  0.131390  0.302019  -3
  1  0  0.938300 -0.017971 -0.075647  0.349010  -2
  1  0  0.938300 -0.181724 -0.111444  0.555681  -3
  1  0  0.938300 -0.298116  0.369364  0.248362  -6
  1  0  0.938300 -0.028405 -0.157044  0.407251  -7
  1  0  0.938300 -0.195088  0.243604  0.407480  -2
  1  0  0.938300  0.102439  0.470252  0.556356  -4
  1  0  0.938300 -0.037980 -0.053750  0.812900  -1
  1  0  0.938300  0.002927 -0.109851  0.448400  -8
  1  0  0.938300  0.151660 -0.130825  0.658945  -1
  1  0  0.938300 -0.248768 -0.230599  0.234962  -5
  1  0  0.938300 -0.139631  0.055174  0.758557  -1
  1  0  0.938300 -0.266395  0.205008  0.472546  -2
  1  0  0.938300 -0.031603 -0.080411  0.547131  -1
  1  0  0.938300  0.237423  0.231825  0.840916  -8
  1  0  0.938300  0.254465 -0.362052  0.368730  -3
  1  0  0.938300  0.115354 -0.234184  0.537978  -3
  1  0  0.938300 -0.068134 -0.023235  0.866945  -1
  1  0  0.938300  0.018138  0.324470  0.507613  -4
  1  0  0.938300  0.130760  0.018611  0.230350 -10
  1  0  0.938300 -0.149399  0.025152  0.440958  -2
  1  0  0.938300 -0.034262 -0.203223  0.252022  -4
  1  0  0.938300  0.080981  0.019188  0.425533  -4
  1  0  0.938300  0.430291 -0.367153  0.069501  -5
  1  0  0.938300  0.021585 -0.099819  0.701917  -1
  1  0  0.938300  0.130975 -0.478131  0.166153  -5
  1  0  0.938300 -0.030939  0.088606  0.470076  -3
  1  0  0.938300 -0.035925  0.065949  0.517524  -2
  1  0  0.938300  0.028356  0.099760  0.741015  -1
  1  0  0.938300 -0.187479 -0.074909  0.674138  -2
  1  1  0.938300 -0.313636 -0.390118  0.426173  -4
  1  0  0.938300 -0.138999  0.274987  0.584177  -3
  1  0  0.938300  0.230014 -0.162292  0.084678  -6
  1  0  0.938300 -0.004428  0.167738  0.526202  -3
  1  0  0.938300 -0.107287 -0.191058  0.765128  -2
  1  0  0.938300 -0.169671  0.177703  0.768916  -1
  1  0  0.938300  0.221952 -0.107004  0.463964  -4
  1  0  0.938300 -0.038221 -0.386340  0.586985  -4
  1  0  0.938300 -0.164103 -0.018191  0.934405  -5
  1  0  0.938300  0.115162 -0.107155  0.483452  -1
  1  0  0.938300 -0.222129  0.126991  0.628183  -3
  1  0  0.938300 -0.337841  0.343501  0.447137  -2
  1  0  0.938300 -0.411501 -0.122955  0.488081  -2
  1  0  0.938300 -0.206828 -0.306984  0.812892  -3
  1  0  0.938300 -0.114107 -0.045962  0.622485  -1
  1  0  0.938300  0.137095  0.128346  0.427247  -3
  1  0  0.938300  0.076871 -0.030954  0.153733  -4
  1  0  0.938300 -0.241581  0.073012  0.344073  -2
  1  0  0.938300 -0.025533  0.209327  0.642990  -3
  1  0  0.938300 -0.115297  0.050219  0.409867  -8
  1  0  0.938300 -0.143421 -0.341464  0.432130  -2
  1  0  0.938300  0.253761 -0.047456  0.639403  -1
  1  0  0.938300 -0.023623 -0.003076  0.447484  -3
  1  0  0.938300 -0.248143  0.059631  0.009698  -4
  1  0  0.938300  0.215096  0.108176  0.137842  -3