  1  1  0.938300  0.000447  0.448790  0.155707   3
  1  1  0.938300 -0.170580 -0.185425  0.148481   8
  1  1  0.938300  0.056026 -0.183204  0.300282   2
  1  1  0.938300  0.479960 -0.261817  0.352017   4
  1  1  0.938300  0.187085 -0.072557  0.062193   5
  1  1  0.938300  0.189428  0.086935  0.267177   8
  1  1  0.938300 -0.211415  0.277973  0.433941   3
  1  1  0.938300 -0.058448 -0.122081 -0.082333   1
  1  1  0.938300  0.077189  0.101142  0.014153   1
  1  1  0.938300  0.255684 -0.122708  0.017128   1
  1  1  0.938300  0.120541 -0.009957  0.128686   1
  1  1  0.938300  0.000694 -0.157252  0.049314   4
  1  1  0.938300 -0.093458 -0.187859  0.135440   4
  1  1  0.938300 -0.246048  0.219970  0.264693   5
  1  1  0.938300 -0.218566  0.060746  0.583709   2
  1  1  0.938300  0.399464  0.098525  0.338402   2
  1  1  0.938300 -0.416242  0.342081  0.308417   2
  1  1  0.938300 -0.174928 -0.051386  0.349802   5
  1  1  0.938300 -0.170494  0.094928  0.380119   5
  1  1  0.938300 -0.126793  0.110382  0.035063   2
  1  1  0.938300 -0.064508  0.295868  0.582408   3
  1  1  0.938300 -0.044125 -0.081306  0.186650   1
  1  1  0.938300  0.017239 -0.263217  0.119638   2
  1  1  0.938300  0.300262  0.124409  0.119219   2
  1  1  0.938300 -0.029241 -0.173229  0.558378   5
  1  1  0.938300 -0.083406 -0.213146  0.454950   4
  1  1  0.938300 -0.191968  0.090956  0.843580   2
  1  1  0.938300  0.117641  0.070710  0.065081   3
  1  1  0.938300 -0.042771  0.025736 -0.079070   2
  1  1  0.938300  0.100607  0.002895 -0.025505   1
  1  1  0.938300 -0.425297 -0.068301  0.299275   3
  1  1  0.938300  0.252523  0.030275  0.028954   2
  1  1  0.938300 -0.181791  0.209251  0.672641   2
  1  0  0.938300  0.295758  0.014265  0.515684   6
  1  1  0.938300 -0.271044 -0.067032  0.379984   3
  1  1  0.938300 -0.117671  0.064067  0.047056   6
  1  1  0.938300  0.176594  0.122107  0.647105   5
  1  1  0.938300 -0.125769  0.170412  0.012055   1
  1  0  0.938300 -0.028347 -0.078968  0.611391  11
  1  1  0.938300  0.434942  0.328597  0.457457   3
  1  1  0.938300 -0.160328 -0.121445  0.448442   7
  1  1  0.938300 -0.196708  0.092827  0.013820   2
  1  1  0.938300  0.050156 -0.368348  0.293961   3
  1  1  0.938300 -0.355842 -0.033529  0.636782   3
  1  1  0.938300  0.057678 -0.113766  0.433904   4
  1  1  0.938300  0.039653 -0.377154  0.125471   5
  1  1  0.938300  0.058170  0.192014 -0.088465   2
  1  1  0.938300 -0.350877 -0.065133  0.408139   4
  1  1  0.938300  0.131039 -0.082491  0.485347   2
  1  1  0.938300  0.097706 -0.043315  0.366906   3
  1  1  0.938300  0.225209 -0.418423  0.491834   2
  1  1  0.938300  0.150187  0.150150  0.056841   2
  1  1  0.938300 -0.220240  0.098298  0.603316   3
  1  1  0.938300 -0.138887  0.484654  0.848758   3
  1  1  0.938300 -0.015352  0.039278  0.004252   2
  1  1  0.938300  0.315560  0.010334  0.226537   4
  1  1  0.938300  0.159636  0.267646  0.167455  12
  1  1  0.938300  0.212738  0.099433  0.410104   5
  1  1  0.938300 -0.178295  0.284564  0.461898   4
  1  1  0.938300  0.146231 -0.271714 -0.011238   3
  1  1  0.938300  0.127077  0.293053  0.257383   6
  1  1  0.938300  0.239844 -0.151686  0.250340   2
  1  1  0.938300  0.374097  0.095228  0.097711   2
  1  1  0.938300  0.460923  0.220533  0.382399   3
  1  1  0.938300 -0.009425  0.229378  0.187731   3
  1  1  0.938300  0.115711  0.037085  0.189918   1
  1  1  0.938300 -0.181674  0.100646 -0.035631   1
  1  1  0.938300  0.171583  0.070964 -0.066733   2
  1  1  0.938300  0.027768 -0.222307  0.191818   3
  1  1  0.938300  0.000884  0.133737 -0.048309   1
  1  1  0.938300  0.314470  0.336991  0.285900   3
  1  1  0.938300  0.033129  0.299305  0.330018   3
  1  1  0.938300 -0.031926 -0.287048  0.356331   4
  1  1  0.938300 -0.032837 -0.222278  0.203253   4
  1  1  0.938300  0.126816  0.185289  0.360432   3
  1  1  0.938300 -0.071048  0.307654  0.399187   4
  1  1  0.938300  0.024300  0.174480  0.273849   7
  1  1  0.938300 -0.099537 -0.083862  0.488927   6
  1  1  0.938300  0.017280 -0.266699  0.415887   3
  1  0  0.938300  0.084687  0.111896  0.476096   3
  1  0  0.938300  0.000969  0.257482  0.378992   5
  1  0  0.938300 -0.235684 -0.585019  0.047845   2
  1  0  0.938300  0.161159 -0.284817  0.376101   2
  1  0  0.938300 -0.046630  0.034257  0.102510   2
  1  0  0.938300  0.088893 -0.029498  0.457027   4
  1  0  0.938300  0.097917  0.331083  0.333051   2
  1  0  0.938300  0.073922 -0.016029  0.298557   2
  1  0  0.938300  0.153978 -0.150845  0.455951   4
  1  0  0.938300  0.064380  0.204425  0.796374   5
  1  0  0.938300  0.021653  0.179868  0.553472   7
  1  0  0.938300  0.056315 -0.093541  0.297157   5
  1  0  0.938300  0.091550  0.021092  0.460379   3
  1  0  0.938300  0.076151 -0.113847 -0.093078   5
  1  0  0.938300 -0.122945 -0.074532  0.112372   1
  1  0  0.938300 -0.068802 -0.089620  0.042092   1
  1  0  0.938300 -0.088101 -0.039255 -0.043406   1
  1  0  0.938300 -0.168347 -0.188063  0.101542   2
  1  0  0.938300 -0.212140  0.112559  0.014130   2
  1  0  0.938300 -0.099512 -0.124652  0.253831   3
  1  0  0.938300 -0.021830  0.152357  0.173679   2
  1  0  0.938300 -0.077955  0.150080  0.314822   2
  1  0  0.938300  0.392874  0.083430  0.322333   5
  1  0  0.938300  0.119665 -0.216554  0.025255   3
  1  0  0.938300  0.074872  0.272324  0.481608   3
  1  0  0.938300  0.177966  0.093585  0.436183   5
  1  0  0.938300  0.181991  0.123230  0.532419   4
  1  0  0.938300 -0.270865  0.068115  0.190406   2
  1  0  0.938300 -0.259656 -0.115800  0.438208   4
  1  0  0.938300 -0.270685 -0.166933  0.720452   5
  1  0  0.938300 -0.331928 -0.015826 -0.003916   2
  1  0  0.938300 -0.368922 -0.020933  0.422541   5
  1  0  0.938300  0.077543 -0.370833 -0.052812   3
  1  0  0.938300 -0.339797  0.262576  0.498511   2
  1  0  0.938300  0.039909 -0.094606  0.276255   2
  1  0  0.938300 -0.180959  0.181095  0.800018   5
  1  0  0.938300  0.185630 -0.122042  0.266192   4
  1  0  0.938300 -0.075559  0.235540  0.128324   4
  1  0  0.938300 -0.200297  0.036549  0.211505   4
  1  0  0.938300  0.199719 -0.229244  0.297819   4
  1  0  0.938300  0.070315 -0.073894  0.707432   4
  1  0  0.938300 -0.228691  0.230915  0.221397   3
  1  0  0.938300 -0.193403 -0.032992  0.339648   2
  1  0  0.938300  0.064278 -0.345485  0.300058   3
  1  0  0.938300 -0.068893 -0.182359  0.309329   2
  1  0  0.938300 -0.211826 -0.209951  0.412196   3
  1  0  0.938300 -0.155937  0.147096  0.134431   1
  1  0  0.938300 -0.491250 -0.006004  0.244413   4
  1  0  0.938300 -0.154169  0.242728 -0.015087   8
  1  0  0.938300  0.240582  0.030672  0.524428   3
  1  0  0.938300  0.406338 -0.081010  0.575571   4
  1  0  0.938300 -0.135980 -0.148987  0.131813   1
  1  0  0.938300 -0.386347  0.063150  0.316182   3
  1  0  0.938300 -0.091083  0.282236  0.148793   5
  1  0  0.938300 -0.056680 -0.180769  0.338370   4
  1  0  0.938300 -0.097152  0.005905  0.077958   3
  1  0  0.938300  0.126723 -0.031276  0.295135   4
  1  0  0.938300  0.017409  0.064215  0.858724   6
  1  0  0.938300  0.145625  0.227158  0.695883   3
  1  0  0.938300  0.212243 -0.086954  0.146680   2
  1  0  0.938300  0.025727 -0.142888  0.201799   6
  1  0  0.938300 -0.360221  0.004495  0.221902   2
  1  1  0.938300 -0.223374 -0.169022  0.059610   6
  1  0  0.938300  0.143165  0.044056  0.066941   1
  1  0  0.938300 -0.263055  0.109995  0.227070   4
  1  0  0.938300  0.003932 -0.064036  0.325302   2
  1  0  0.938300 -0.029831 -0.174747  0.231862   1
  1  0  0.938300 -0.392057 -0.078495  0.215532   2
  1  0  0.938300 -0.133831  0.197084  0.410946   5
  1  0  0.938300  0.107861 -0.558606  0.489273   5
  1  0  0.938300 -0.249129 -0.115968  0.374752   3
  1  0  0.938300 -0.283661 -0.079891  0.186859   4
  1  0  0.938300 -0.097352 -0.114818  0.518093   6
  1  0  0.938300  0.072574 -0.021930  0.193836   1
  1  0  0.938300 -0.323958 -0.199352  0.428590   2
  1  0  0.938300 -0.079786  0.280066  0.281546   6
  1  0  0.938300  0.030028 -0.050950  0.062158   3
  1  0  0.938300 -0.065424 -0.030226  0.218272   3
  1  0  0.938300 -0.089217 -0.014752  0.169403   3
  1  0  0.938300  0.109902  0.326728  0.464787   3
  1  0  0.938300 -0.076992  0.063935 -0.098108   2
  1  0  0.938300 -0.135881 -0.084761  0.252073   1
  1  0  0.938300 -0.345105  0.048594  0.521212   6
  1  0  0.938300 -0.191707  0.043774  0.398715   2
  1  0  0.938300  0.165713  0.119401  0.300893   2
  1  0  0.938300 -0.170448  0.118152  0.423906   3
  1  0  0.938300 -0.342650 -0.026202  0.257203   2
  1  0  0.938300 -0.008769 -0.188962  0.342860   5
  1  0  0.938300 -0.563317  0.026459  0.219964   5
  1  0  0.938300  0.090553  0.024864  0.402338   3
  1  0  0.938300 -0.149920  0.262375  0.873032   3
  1  0  0.938300 -0.228132  0.058702  0.869911   3
  1  0  0.938300 -0.223439  0.121662  0.498224   2
  1  0  0.938300  0.092529 -0.187126  0.125916   4
  1  0  0.938300 -0.334622  0.106071  1.031700   3
  1  0  0.938300  0.144244 -0.139599 -0.049698   1
  1  0  0.938300 -0.085470  0.142748  0.022579   2
  1  0  0.938300 -0.018819  0.040913  0.064734   1
  1  0  0.938300  0.179093  0.392464  0.333482   2
  1  0  0.938300  0.161951  0.049693 -0.012561   1
  1  0  0.938300 -0.147779  0.092614  0.121705   1
  1  0  0.938300  0.168487  0.060159  0.543536   3
  1  0  0.938300  0.365853 -0.172601  0.410787   6
  1  0  0.938300 -0.011168  0.082035  0.524380   3
  1  0  0.938300  0.081416  0.244476  0.543188   2
  1  0  0.938300  0.167169  0.046380  0.182738   1
  1  0  0.938300  0.211762  0.585431 -0.191666   7
  1  0  0.938300 -0.153976 -0.068882  0.297089   4
  1  0  0.938300 -0.059139 -0.327218  0.753083   4
  1  0  0.938300  0.006950  0.131697  0.278578   2
  1  0  0.938300  0.343417  0.096602  0.382347   4
  1  0  0.938300 -0.027038  0.147096  0.232215   2
  1  0  0.938300  0.039832  0.045781  0.327778   2
  1  0  0.938300 -0.047353 -0.144842  0.050201   3
  1  0  0.938300  0.098672 -0.133946  0.287431   2
  1  0  0.938300 -0.332920  0.167658 -0.057100   7
  1  0  0.938300 -0.349885  0.044821  0.123537   6
  1  0  0.938300 -0.165882 -0.107206  0.342988   2
  1  1  0.938300  0.293160  0.131987  0.723731  -2
  1  1  0.938300 -0.061669  0.086285  0.586727  -1
  1  1  0.938300  0.039157  0.110976  0.243505  -4
  1  0  0.938300  0.278184 -0.201147  0.769190  -5
  1  1  0.938300 -0.081372 -0.315215  0.963305  -2
  1  1  0.938300 -0.267939 -0.299365  0.300270  -6
  1  1  0.938300 -0.074268 -0.012819  0.831481  -1
  1  1  0.938300  0.043846 -0.144231  0.220988  -3
  1  1  0.938300  0.182679  0.324219  0.116568  -3
  1  1  0.938300  0.197138 -0.118181  0.216797  -5
  1  1  0.938300 -0.019760  0.263632  0.474239  -3
  1  1  0.938300 -0.131048 -0.246152  0.196165  -4
  1  1  0.938300  0.448942  0.061687  0.196951  -2
  1  1  0.938300  0.167412  0.209409  0.661290  -2
  1  1  0.938300 -0.080326 -0.152469  0.720691  -1
  1  1  0.938300 -0.145339  0.048379  0.518729  -3
  1  0  0.938300  0.188995  0.205302  0.415817  -5
  1  1  0.938300 -0.171064 -0.030109  0.548489  -6
  1  1  0.938300  0.292843  0.074857  0.763594  -4
  1  1  0.938300  0.126462  0.171496 -0.169808  -4
  1  1  0.938300  0.021985 -0.058686  0.232052  -3
  1  1  0.938300  0.239224  0.392977  0.433308  -2
  1  1  0.938300 -0.281366  0.148220  0.653689  -3
  1  1  0.938300  0.112005  0.275343  0.058492  -8
  1  1  0.938300  0.335793 -0.123865  0.457657  -3
  1  1  0.938300  0.035324  0.203956  0.475742  -5
  1  1  0.938300  0.012656 -0.108363  0.379401  -2
  1  1  0.938300  0.119721 -0.180258  0.339275  -3
  1  1  0.938300  0.336177  0.192636  0.385755  -4
  1  1  0.938300 -0.036325 -0.165010  0.239286  -3
  1  1  0.938300  0.083389  0.253162  0.624661  -4
  1  1  0.938300  0.123799 -0.296817  0.407761  -3
  1  1  0.938300  0.090484 -0.105884  0.655578  -1
  1  1  0.938300  0.069146 -0.149765  0.503221  -2
  1  1  0.938300 -0.013882  0.162088  0.327864  -2
  1  1  0.938300  0.031431  0.100248  0.210497  -2
  1  1  0.938300 -0.101631 -0.029880  0.834608  -1
  1  1  0.938300  0.130681 -0.348686  0.328781  -4
  1  1  0.938300 -0.190805 -0.142311  0.229415  -3
  1  1  0.938300  0.096569 -0.121650  0.437134  -3
  1  1  0.938300 -0.199423  0.029592  0.799353  -1
  1  1  0.938300 -0.018054 -0.273071  0.510816  -2
  1  1  0.938300 -0.161453 -0.044873  0.635075  -1
  1  1  0.938300 -0.039813  0.058128  0.850251  -1
  1  1  0.938300 -0.350929 -0.358110  0.365750  -2
  1  1  0.938300  0.081340 -0.270830  0.164557  -4
  1  1  0.938300  0.017682  0.011013  0.725359  -1
  1  1  0.938300  0.046783 -0.054655  0.683445  -1
  1  1  0.938300  0.191334 -0.056301  0.281596  -5
  1  1  0.938300  0.139964 -0.068930  0.663154  -2
  1  1  0.938300 -0.032601  0.057056  0.533514  -2
  1  1  0.938300 -0.147857 -0.497875  0.798139  -2
  1  1  0.938300 -0.111804  0.035117  0.328302  -2
  1  1  0.938300  0.201520 -0.089318  0.202977  -3
  1  0  0.938300  0.117120 -0.166244  0.546408  -3
  1  1  0.938300  0.186708 -0.084983 -0.041536  -5
  1  1  0.938300  0.241522  0.081445  0.705533  -2
  1  1  0.938300 -0.016638 -0.299960  0.167433  -3
  1  1  0.938300  0.368052  0.025532  0.820508  -3
  1  1  0.938300  0.032978  0.057875 -0.083671  -2
  1  1  0.938300  0.108695 -0.281315  0.201425  -3
  1  1  0.938300  0.306086  0.044237  0.518661  -2
  1  1  0.938300 -0.175553  0.040501  0.062572  -4
  1  1  0.938300 -0.152820 -0.010216  0.350257  -4
  1  1  0.938300 -0.033085  0.084760  0.493382  -1
  1  1  0.938300 -0.026754 -0.164606  0.214029  -5
  1  1  0.938300  0.053563  0.171107  0.736749  -1
  1  1  0.938300 -0.287010  0.369275  0.743796  -3
  1  1  0.938300  0.039316 -0.235754 -0.018130  -3
  1  1  0.938300  0.158614  0.173779  0.016508  -5
  1  1  0.938300 -0.079747  0.170531  0.025691  -8
  1  1  0.938300  0.010532 -0.043351  0.655047  -3
  1  1  0.938300  0.062945  0.038675  0.676177  -4
  1  1  0.938300  0.175645 -0.073321  0.656819  -1
  1  1  0.938300 -0.079006 -0.083263  0.553643  -2
  1  1  0.938300 -0.180321  0.151222  0.364954  -3
  1  1  0.938300  0.056108 -0.014786  0.742059  -1
  1  1  0.938300 -0.120046  0.137038 -0.042529  -4
  1  1  0.938300  0.036214  0.054315  0.884795  -1
  1  0  0.938300  0.044975 -0.156500  0.686766  -3
  1  0  0.938300 -0.001947  0.282325 -0.013372 -10
  1  0  0.938300  0.357412  0.010103  0.620752  -2
  1  0  0.938300 -0.180100  0.222393  0.520087  -2
  1  1  0.938300  0.203915  0.032161  0.254125  -2
  1  0  0.938300 -0.046707  0.148163  0.056251  -3
  1  0  0.938300  0.342799  0.283208  0.254859  -4
  1  0  0.938300  0.341712 -0.057408  0.501622  -2
  1  0  0.938300 -0.131147  0.302300  0.477256  -5
  1  0  0.938300  0.203522 -0.177559  0.247407  -9
  1  0  0.938300 -0.073000  0.002663  0.559024  -1
  1  0  0.938300 -0.149785 -0.005074  0.273907  -5
  1  0  0.938300  0.097884 -0.112921  0.438676  -1
  1  0  0.938300 -0.269094 -0.236542  0.518928  -4
  1  0  0.938300 -0.117802  0.013716  0.505015  -1
  1  0  0.938300 -0.236080 -0.125561  0.191502  -6
  1  0  0.938300  0.040962  0.131851  0.314401  -2
  1  0  0.938300  0.215836 -0.281274  0.399180  -5
  1  0  0.938300  0.536786  0.035185  0.267112  -5
  1  0  0.938300 -0.292508 -0.067512  0.371968  -2
  1  0  0.938300  0.147834 -0.160069  0.453232  -5
  1  0  0.938300 -0.206043 -0.685462  0.965590  -4
  1  0  0.938300  0.217262 -0.230301  0.498319  -4
  1  0  0.938300 -0.121568  0.062400  0.490986  -4
  1  0  0.938300 -0.028979  0.181323 -0.117776  -3
  1  0  0.938300 -0.036846 -0.235056  0.257896  -8
  1  0  0.938300  0.093710  0.115868  0.798153  -1
  1  0  0.938300  0.125730  0.257913  0.346001  -2
  1  0  0.938300  0.026374  0.023969  0.405501  -3
  1  0  0.938300 -0.053066 -0.396677 -0.079326  -3
  1  0  0.938300  0.057534 -0.085613  0.648378  -1
  1  0  0.938300  0.387818  0.110474  0.805747  -2
  1  0  0.938300 -0.029566 -0.114625  0.403678  -6
  1  0  0.938300  0.091628  0.324374  0.473496  -4
  1  0  0.938300  0.254428 -0.195271  0.959043  -4
  1  0  0.938300  0.020985 -0.004606  0.116944  -5
  1  0  0.938300  0.069145 -0.220583  0.403329  -4
  1  0  0.938300 -0.029523 -0.013893  0.621569  -4
  1  0  0.938300 -0.305049 -0.109539  0.288250  -4
  1  0  0.938300 -0.482327 -0.164776  0.486712  -5
  1  0  0.938300  0.105225 -0.144424  0.348691  -5
  1  0  0.938300 -0.268537  0.053084 -0.033939  -4
  1  0  0.938300 -0.140366  0.125956  0.797181  -5
  1  0  0.938300 -0.027920 -0.029591  0.532421  -2
  1  0  0.938300  0.078260 -0.104772  0.766921  -1
  1  0  0.938300  0.073242 -0.243576  0.282261  -2
  1  0  0.938300  0.097716  0.367215  0.442060  -4
  1  0  0.938300  0.187506  0.062402  0.322829  -5
  1  0  0.938300  0.242599 -0.000613  0.273663  -4
  1  0  0.938300  0.007594  0.025867  0.437918  -3
  1  0  0.938300  0.363741  0.075556  0.487266  -4
  1  0  0.938300  0.221418  0.077334  0.127800  -4
  1  0  0.938300 -0.197361  0.056302  0.062432  -2
  1  1  0.938300 -0.099672 -0.144073  1.111448  -5
  1  0  0.938300  0.301265 -0.135649  0.613818  -2
  1  0  0.938300  0.174685 -0.089905  0.446285  -5
  1  0  0.938300 -0.497413  0.159542  0.255706  -3
  1  0  0.938300 -0.097315  0.033440  0.162395  -5
  1  0  0.938300 -0.004428  0.114853  0.539752  -1
  1  0  0.938300 -0.042710  0.005272  0.547990  -6
  1  0  0.938300  0.071714 -0.232341  0.297292  -3
  1  0  0.938300  0.164220 -0.320481  0.438200  -5
  1  0  0.938300 -0.021770  0.198221  0.546750  -4
  1  0  0.938300 -0.203707  0.307470  0.767471  -2
  1  0  0.938300  0.159974 -0.147016  0.431670  -5
  1  0  0.938300 -0.216451  0.089843  0.514125  -4
  1  0  0.938300  0.346575  0.087190  0.193207  -3
  1  0  0.938300 -0.003606  0.266881  0.233544  -7
  1  0  0.938300 -0.304708  0.096301  0.836005  -6
  1  0  0.938300 -0.094277 -0.177185  0.440445  -2
  1  0  0.938300  0.213433 -0.100710  0.479101  -4
  1  0  0.938300 -0.004785  0.070610  0.248854  -3
  1  0  0.938300 -0.266251  0.330314  0.128300  -3
  1  0  0.938300  0.147356  0.134975  0.584567  -4
  1  0  0.938300  0.168519  0.027411  0.708549  -4
  1  0  0.938300  0.121581 -0.119689  0.737736  -3
  1  0  0.938300 -0.188808 -0.024737  0.119300  -2
  1  0  0.938300 -0.119161 -0.067622  0.556131  -4
  1  0  0.938300  0.415326 -0.184495  0.215182  -3
  1  1  0.938300  0.032113  0.102489  0.431936  -2
  1  0  0.938300  0.077685 -0.114429  0.688479  -3
  1  0  0.938300  0.162775 -0.334473  0.105003  -5
  1  0  0.938300  0.017288 -0.268650  0.527268  -6
  1  0  0.938300 -0.069765 -0.024619  0.305428  -1
  1  0  0.938300  0.083994  0.023446  0.781154  -1
  1  0  0.938300 -0.443891  0.106019  0.671143  -2
  1  0  0.938300  0.042012  0.041695  0.088912  -2
  1  0  0.938300  0.155930  0.168553  0.730840  -1
  1  0  0.938300 -0.276942 -0.061478  0.838788  -5
  1  0  0.938300  0.304348 -0.136134  0.656533  -7
  1  0  0.938300 -0.058146 -0.383960  0.355255  -5
  1  0  0.938300 -0.542728  0.165515  0.937859  -2
  1  0  0.938300  0.094877  0.079767  0.474670  -3
  1  0  0.938300 -0.043941 -0.115216  0.862497  -2
  1  0  0.938300  0.212013  0.215152  0.212726  -3
  1  0  0.938300  0.030369 -0.161803  0.583986  -6
  1  0  0.938300  0.244706  0.255631  0.503573  -2
  1  0  0.938300  0.103902 -0.476718  0.430427  -2
  1  0  0.938300  0.163057 -0.053507  0.599419  -1
  1  0  0.938300  0.598487  0.064655  0.419777  -4
  1  0  0.938300  0.233556 -0.098682  0.335100 -10
  1  0  0.938300 -0.137604  0.132992  0.137730  -6
  1  0  0.938300 -0.020440  0.041256  0.944781  -1
  1  0  0.938300 -0.413776 -0.247220  0.888396  -3
  1  0  0.938300 -0.004815  0.437184  0.472008  -8
  1  0  0.938300 -0.386427 -0.063789  0.718141  -4
  1  0  0.938300  0.081410 -0.507997  0.472925  -4
  1  0  0.938300  0.125748 -0.449599  0.540840  -3
  1  0  0.938300  0.264226 -0.024190  0.301183  -4
  1  0  0.938300 -0.140763 -0.063524  0.606094  -1
  1  0  0.938300  0.052222  0.059897  0.546873  -7
  1  0  0.938300 -0.294823 -0.452811  0.418070  -2
  1  0  0.938300  0.220543  0.059931  0.755341  -3
  1  0  0.938300 -0.060940  0.288014  0.271696  -4
  1  0  0.938300 -0.139303 -0.160386  0.762674  -2
  1  0  0.938300  0.027107  0.164618  0.454832  -4
  1  0  0.938300 -0.082971 -0.138192  0.245982  -3
  1  0  0.938300  0.110321 -0.295893  0.195833  -3