  1  1  0.938300  0.370574  0.150589  0.370636   6
  1  1  0.938300 -0.041924 -0.014684 -0.015705   2
  1  1  0.938300 -0.059830 -0.023975  0.129923   1
  1  1  0.938300  0.016841 -0.133134  0.169920   1
  1  1  0.938300 -0.137170  0.062990  0.068252   5
  1  1  0.938300 -0.002622  0.051615  0.118295   1
  1  1  0.938300 -0.104868  0.127037 -0.060401   1
  1  1  0.938300 -0.217506 -0.045699  0.275787   4
  1  1  0.938300  0.271132  0.041553  0.207944   2
  1  1  0.938300 -0.038108 -0.083953  0.586934   5
  1  1  0.938300 -0.274214 -0.167352  0.201446   3
  1  1  0.938300 -0.181773  0.077246  0.201729   3
  1  1  0.938300 -0.034818  0.062340 -0.067323   1
  1  1  0.938300  0.183494  0.271982  0.091159   3
  1  1  0.938300 -0.158930  0.087264  0.022618   1
  1  1  0.938300  0.142786  0.101011  0.262608   3
  1  1  0.938300 -0.222975  0.070943  0.652386   6
  1  1  0.938300 -0.079542 -0.027580  0.123687   1
  1  1  0.938300 -0.070659 -0.324329  0.168507   2
  1  1  0.938300  0.168447  0.249147  0.098184   3
  1  1  0.938300 -0.020922  0.031856  0.181194   1
  1  1  0.938300  0.017339  0.092259  0.076742   1
  1  1  0.938300  0.241319  0.030595  0.613515   2
  1  1  0.938300 -0.363142  0.131032  0.397097   4
  1  1  0.938300 -0.187244 -0.287273  0.449264   3
  1  1  0.938300  0.157568  0.209065  0.326910   2
  1  1  0.938300 -0.148217  0.589274  0.360152   2
  1  1  0.938300  0.045193  0.568375  0.111003   3
  1  1  0.938300 -0.145755 -0.093845  0.391178   2
  1  1  0.938300 -0.066303 -0.102585  0.097418   4
  1  1  0.938300 -0.091104  0.123413  0.803228   4
  1  1  0.938300 -0.047506  0.278885  0.479679   3
  1  1  0.938300  0.015706 -0.085352  0.111469   1
  1  1  0.938300  0.184928 -0.058038  0.171968   1
  1  1  0.938300 -0.119950 -0.147925  0.435161   2
  1  1  0.938300 -0.009229 -0.075849 -0.120858   1
  1  1  0.938300 -0.118898  0.091758 -0.071332   1
  1  1  0.938300  0.064534 -0.018663  0.768038   4
  1  0  0.938300  0.137800  0.086369  0.618281   6
  1  1  0.938300 -0.031317 -0.131960  0.468178   3
  1  1  0.938300 -0.015091 -0.072829  0.106874   1
  1  1  0.938300 -0.404377  0.117727  0.351517   4
  1  1  0.938300  0.040345  0.158081 -0.045002   1
  1  1  0.938300 -0.191173  0.078596  0.100845   2
  1  1  0.938300 -0.188845  0.356773  0.434875   4
  1  1  0.938300 -0.126895 -0.012928  0.135570   3
  1  1  0.938300 -0.089994  0.044425  0.324477   5
  1  1  0.938300 -0.115923 -0.106397  0.205868   2
  1  1  0.938300  0.248151 -0.356915  0.242397   2
  1  1  0.938300 -0.254540  0.046153  0.286689   8
  1  1  0.938300  0.145275 -0.133357  0.045043   1
  1  1  0.938300  0.218284  0.065792  0.104913   4
  1  1  0.938300  0.165908 -0.204778  0.412854   7
  1  1  0.938300 -0.370700  0.076659  0.307997   4
  1  1  0.938300 -0.202337 -0.313679  0.354273   3
  1  1  0.938300 -0.252111  0.229491  0.359060   2
  1  1  0.938300  0.210029 -0.087179  0.243991   4
  1  1  0.938300 -0.251450  0.032243  0.394226   7
  1  1  0.938300 -0.366103  0.273430  0.423355   2
  1  1  0.938300  0.047313  0.027960 -0.150754   2
  1  1  0.938300 -0.127740  0.007797  0.305630   1
  1  1  0.938300 -0.339700  0.359370  0.374315   4
  1  1  0.938300  0.128941 -0.112231  0.120711   4
  1  1  0.938300  0.124549 -0.324811  0.608435   4
  1  1  0.938300  0.100524  0.195747  0.059891   2
  1  1  0.938300  0.100994 -0.001153  0.070029   1
  1  1  0.938300 -0.165075  0.292978  0.318736   3
  1  1  0.938300  0.096187  0.068328  0.280427   1
  1  1  0.938300  0.090292  0.094775 -0.020383   1
  1  1  0.938300  0.030207  0.039684  0.295000   3
  1  1  0.938300  0.100710 -0.163383  0.280330   4
  1  0  0.938300 -0.340125  0.317020  0.306354   4
  1  1  0.938300 -0.021677  0.043853  0.235660   2
  1  1  0.938300  0.422543 -0.295760  0.046442   7
  1  1  0.938300  0.152223 -0.153902  0.431405   3
  1  1  0.938300 -0.052543 -0.035195  0.966339   3
  1  1  0.938300 -0.172193 -0.020510  0.425127   2
  1  1  0.938300  0.038605  0.148288  0.256015   6
  1  1  0.938300 -0.351570 -0.174953  0.247904   2
  1  0  0.938300 -0.017791 -0.131569 -0.048717   3
  1  0  0.938300  0.309126 -0.139926  0.321667   5
  1  0  0.938300  0.085918 -0.315606  0.184878   3
  1  0  0.938300  0.031066 -0.180452  0.388530   4
  1  0  0.938300  0.371905  0.066394  0.375150   4
  1  0  0.938300  0.341177 -0.311709  0.448492   3
  1  0  0.938300 -0.015438  0.059783  0.409978   4
  1  0  0.938300 -0.265709  0.034470  0.045816   2
  1  0  0.938300  0.168663 -0.134087  0.428679   2
  1  0  0.938300 -0.310307  0.207811  0.698285   6
  1  0  0.938300  0.139245  0.166087  0.603955   5
  1  0  0.938300 -0.328588  0.269982  0.159844   4
  1  0  0.938300  0.317809 -0.018639  0.218759   3
  1  0  0.938300  0.020942 -0.043403  0.397207   3
  1  0  0.938300  0.116229  0.110362  0.271738   1
  1  0  0.938300 -0.134815 -0.111621  0.203951   1
  1  0  0.938300  0.082859 -0.134106  0.430187   2
  1  0  0.938300 -0.097895 -0.492468  0.421870   6
  1  0  0.938300 -0.162478  0.048824  0.030347   2
  1  0  0.938300 -0.192883  0.132217  0.561144   4
  1  0  0.938300 -0.045860  0.039568  0.032477   1
  1  0  0.938300  0.321056 -0.127392  0.447433   3
  1  0  0.938300 -0.331617 -0.247926  0.591166   3
  1  0  0.938300 -0.062103 -0.242891  0.178004   4
  1  0  0.938300 -0.073025  0.319999  0.549413   4
  1  0  0.938300 -0.178222  0.015796  0.235740   3
  1  0  0.938300 -0.088226 -0.293412  0.252439   2
  1  0  0.938300  0.177963  0.146094  0.027911   1
  1  0  0.938300  0.259263 -0.327772  0.760762   5
  1  0  0.938300  0.097319  0.127187  0.255885   2
  1  0  0.938300  0.183810 -0.031775  0.103442   6
  1  0  0.938300  0.286247  0.173112  0.462137   2
  1  0  0.938300  0.003030  0.232410  0.512667   2
  1  0  0.938300 -0.071116 -0.230780  0.103607   6
  1  0  0.938300  0.122951  0.156200  0.294275   3
  1  0  0.938300 -0.205710 -0.327868  0.042496   8
  1  0  0.938300  0.291104  0.321139  0.533427   5
  1  0  0.938300 -0.339304  0.050230  0.253919   5
  1  0  0.938300 -0.137113 -0.081484  0.029154   3
  1  0  0.938300  0.032338 -0.040479  0.073118   1
  1  0  0.938300  0.081356 -0.307433  0.433695   8
  1  0  0.938300 -0.118619 -0.072267  0.300755   4
  1  0  0.938300  0.148968 -0.103544  0.495317   4
  1  0  0.938300  0.176356  0.269428  0.347255   3
  1  0  0.938300  0.014082  0.092538  0.303886   1
  1  0  0.938300 -0.086660 -0.133015  0.310279   2
  1  0  0.938300 -0.027780  0.347791 -0.020989   3
  1  0  0.938300  0.055414 -0.111157  0.096514   2
  1  0  0.938300 -0.498639  0.192101  0.425689   3
  1  0  0.938300  0.062605 -0.262953  0.296469   6
  1  0  0.938300  0.135502  0.056997  0.343233   5
  1  0  0.938300 -0.335851  0.102169  0.280331   2
  1  0  0.938300  0.114777 -0.227676  0.030720   2
  1  0  0.938300 -0.122808  0.069535  0.125107   4
  1  0  0.938300  0.303947 -0.276240 -0.053434  11
  1  0  0.938300  0.303763  0.125311  0.886212   8
  1  0  0.938300  0.227609 -0.098684  0.301994   2
  1  0  0.938300  0.073373  0.205444  0.108559   1
  1  0  0.938300  0.082489 -0.019258 -0.082825   4
  1  0  0.938300  0.057420 -0.054554  0.214896   2
  1  0  0.938300  0.272308 -0.287623  0.163530   4
  1  0  0.938300  0.035209 -0.028284  0.060194   4
  1  0  0.938300  0.100486 -0.125935  0.334000   2
  1  0  0.938300 -0.085547  0.036072  0.346623   6
  1  1  0.938300 -0.096655  0.153255  0.115430   5
  1  0  0.938300 -0.589020  0.264913  0.281312   2
  1  0  0.938300  0.031666 -0.014355  0.319751   6
  1  0  0.938300 -0.059687  0.007212  0.544209   4
  1  0  0.938300 -0.289383 -0.080737  0.285200   6
  1  0  0.938300 -0.052302 -0.130992  0.705062   3
  1  0  0.938300  0.051506  0.172577  0.153724   1
  1  0  0.938300  0.061207  0.096097  0.004700   1
  1  0  0.938300  0.209773  0.037887  0.303933   2
  1  0  0.938300  0.095093 -0.121356  0.081276   1
  1  0  0.938300  0.069727  0.058355  0.494644   2
  1  0  0.938300  0.087498 -0.363583  0.153912   8
  1  0  0.938300 -0.171019  0.163078  0.552381   3
  1  0  0.938300  0.012208  0.250496  0.604008   2
  1  0  0.938300  0.011235  0.107548  0.112746   2
  1  0  0.938300  0.019854 -0.131623  0.065470   2
  1  0  0.938300 -0.125335  0.236145  0.676149   3
  1  0  0.938300  0.260309 -0.159861  0.273542   2
  1  0  0.938300  0.123028 -0.045212  0.314614   6
  1  0  0.938300 -0.040800  0.025686  0.564784   4
  1  0  0.938300  0.105342  0.141355  0.387187   2
  1  0  0.938300 -0.080726  0.235372  0.301814   3
  1  0  0.938300  0.242117 -0.176542  0.309033   3
  1  0  0.938300  0.321708 -0.223488  0.415446   4
  1  0  0.938300 -0.143070 -0.022792  0.224761   1
  1  0  0.938300  0.236734  0.149434  0.170697   6
  1  0  0.938300  0.061102  0.271777  0.095204   2
  1  0  0.938300 -0.014913 -0.063100  0.149575   1
  1  0  0.938300  0.109302 -0.062032 -0.234217   2
  1  0  0.938300  0.226243  0.075706  0.232257   2
  1  0  0.938300 -0.022004  0.256310  0.488728   2
  1  0  0.938300  0.075472 -0.124265  0.490388   5
  1  0  0.938300 -0.149263 -0.012455  0.340916   2
  1  0  0.938300  0.156985  0.079048  0.063833   1
  1  0  0.938300 -0.020019 -0.004927  0.047792   7
  1  0  0.938300  0.039136 -0.276439  0.982266   5
  1  0  0.938300 -0.212090  0.225581  0.518861   3
  1  0  0.938300 -0.007443 -0.034653  0.081017   1
  1  0  0.938300  0.333248  0.063943 -0.041901   4
  1  0  0.938300 -0.168374  0.101658  0.294542   2
  1  0  0.938300 -0.060997 -0.226547  0.259418   5
  1  0  0.938300 -0.032215  0.494105 -0.024032   4
  1  0  0.938300 -0.118096 -0.081619 -0.065474   5
  1  0  0.938300 -0.354128 -0.429792  0.092541   3
  1  0  0.938300  0.089787 -0.043787  0.182939   2
  1  0  0.938300 -0.077292 -0.143672  0.521760   4
  1  0  0.938300  0.119001  0.017366  0.295258   1
  1  0  0.938300  0.052592  0.050406  0.438730   2
  1  0  0.938300  0.285701  0.118788 -0.019072   5
  1  0  0.938300  0.172119 -0.186168  0.425135   2
  1  0  0.938300 -0.074159  0.057376  0.190876   1
  1  0  0.938300 -0.120313 -0.092893  0.089760   6
  1  0  0.938300  0.079865  0.069367 -0.008627   1
  1  0  0.938300 -0.120608 -0.121513  0.557234   4
  1  1  0.938300  0.080670 -0.062881  0.171954  -2
  1  1  0.938300  0.012399 -0.073022  0.471744  -3
  1  1  0.938300 -0.163485  0.113633  0.777829  -1
  1  1  0.938300 -0.006058 -0.120985  0.584983  -1
  1  1  0.938300 -0.198729  0.013378  0.236368  -3
  1  1  0.938300 -0.032627 -0.087092  1.109646  -3
  1  1  0.938300 -0.021637 -0.062248  0.603728  -1
  1  1  0.938300 -0.067285 -0.096272  0.159201  -3
  1  1  0.938300  0.141619 -0.117430  0.322899  -3
  1  1  0.938300  0.392402 -0.163197  0.724965  -4
  1  1  0.938300 -0.194905 -0.080608  0.520408  -7
  1  1  0.938300 -0.123626 -0.048676  0.745735  -1
  1  1  0.938300  0.005552 -0.245623  0.271150  -2
  1  1  0.938300 -0.154720  0.077437  0.618234  -1
  1  1  0.938300  0.096831  0.040211  0.694452  -1
  1  1  0.938300 -0.043363  0.338776  0.389037  -2
  1  1  0.938300 -0.323916  0.008005  0.338590  -3
  1  1  0.938300  0.039619  0.084018  0.363337  -1
  1  1  0.938300  0.128578  0.209292  0.753652  -1
  1  1  0.938300  0.199927  0.035648  0.316855  -2
  1  1  0.938300  0.220085  0.000126  0.198147  -5
  1  1  0.938300  0.042939 -0.117217  0.226374  -3
  1  1  0.938300  0.013216  0.504898  0.721010  -3
  1  1  0.938300 -0.000500 -0.030880  0.402071  -2
  1  1  0.938300  0.027056  0.177162  0.457672  -3
  1  1  0.938300  0.304212 -0.175441  0.737121  -2
  1  1  0.938300 -0.165861  0.289747  0.626015  -7
  1  1  0.938300 -0.054502 -0.133199  0.261217  -7
  1  1  0.938300  0.398073  0.068851  0.510204  -5
  1  1  0.938300  0.043205 -0.190354  0.307725  -5
  1  1  0.938300 -0.289892  0.005481  0.025938  -4
  1  1  0.938300 -0.000266 -0.176396  0.624611  -4
  1  1  0.938300 -0.051592 -0.009663  0.472577  -1
  1  1  0.938300 -0.353017  0.157945  0.338203  -3
  1  1  0.938300 -0.295683 -0.294130  0.809549  -4
  1  1  0.938300 -0.046473 -0.154888  0.769252  -1
  1  1  0.938300  0.202647  0.085842  0.274093  -6
  1  1  0.938300 -0.177910 -0.010666  0.536855  -2
  1  1  0.938300 -0.063906 -0.028727  0.455182  -7
  1  1  0.938300  0.048275  0.357728  0.906797  -2
  1  1  0.938300  0.045455 -0.447630  0.719181  -2
  1  1  0.938300  0.075244 -0.049127  0.392057  -4
  1  1  0.938300 -0.149414  0.082453  0.322358  -2
  1  1  0.938300  0.192118  0.034478  0.796757  -1
  1  1  0.938300 -0.020005  0.038102  0.593602  -3
  1  1  0.938300  0.462606  0.180963  0.198730  -4
  1  1  0.938300  0.035107  0.212957  0.311893  -4
  1  1  0.938300  0.158867  0.219183  0.744703  -5
  1  1  0.938300  0.233458 -0.166952  0.307744  -2
  1  1  0.938300 -0.299901  0.075986  0.851860  -2
  1  1  0.938300  0.130820  0.123253  0.713875  -1
  1  1  0.938300 -0.078781  0.141638  0.374553  -3
  1  1  0.938300 -0.104188 -0.046190  0.883029  -4
  1  1  0.938300  0.079945 -0.078757  0.082428  -4
  1  1  0.938300  0.273205  0.330998  0.159649  -2
  1  1  0.938300  0.043387 -0.654695  0.716389  -3
  1  1  0.938300  0.195840  0.123737  0.091069 -10
  1  1  0.938300  0.060854 -0.423382  0.753753  -2
  1  1  0.938300  0.217036 -0.087379  0.777440  -2
  1  1  0.938300 -0.122218  0.556720  0.738723  -3
  1  1  0.938300  0.247295  0.549064  0.754711  -3
  1  1  0.938300 -0.132108  0.370942  0.375119  -2
  1  1  0.938300 -0.042411 -0.034639  0.566542  -5
  1  1  0.938300  0.118149  0.322108  0.599200  -2
  1  1  0.938300  0.350280  0.014830  0.610629  -3
  1  1  0.938300  0.130871  0.177357  0.511396  -4
  1  1  0.938300  0.038551  0.380910  0.582534  -3
  1  1  0.938300  0.476776 -0.139534  0.343292  -2
  1  1  0.938300  0.130250 -0.238556  0.303855  -2
  1  1  0.938300 -0.075694  0.171143  0.597999  -3
  1  1  0.938300  0.350367 -0.154193  0.421494  -3
  1  1  0.938300 -0.142916 -0.150237  0.521821  -2
  1  1  0.938300  0.089456  0.073221  0.311786  -3
  1  1  0.938300 -0.047944 -0.070619  0.520293  -1
  1  1  0.938300  0.204988  0.128166  0.454681  -5
  1  1  0.938300 -0.286194  0.299537  0.264159  -5
  1  1  0.938300 -0.224109 -0.217539  0.437085  -5
  1  1  0.938300  0.207751 -0.016085  0.569716  -3
  1  1  0.938300 -0.116794 -0.097036  0.663798  -1
  1  0  0.938300 -0.006715  0.085087  0.804668  -2
  1  0  0.938300 -0.039256 -0.073309  0.596339  -5
  1  0  0.938300  0.121519 -0.167358  0.584058  -3
  1  0  0.938300 -0.215929 -0.094094  0.401100  -3
  1  0  0.938300  0.023265 -0.333592  0.590545  -5
  1  0  0.938300 -0.021739 -0.145857  0.608214  -1
  1  0  0.938300 -0.305662 -0.246980 -0.078993  -5
  1  0  0.938300  0.208713 -0.223007  0.604518  -5
  1  0  0.938300 -0.245598 -0.320838  0.096074  -7
  1  0  0.938300  0.217635  0.007822  0.254711  -3
  1  0  0.938300 -0.162910 -0.100454  0.528722  -4
  1  0  0.938300 -0.087030  0.231956  0.444897  -2
  1  0  0.938300 -0.399018  0.062740  0.401237  -7
  1  0  0.938300 -0.149592  0.135225  0.376348  -3
  1  0  0.938300  0.051216 -0.115262  0.446075  -9
  1  0  0.938300 -0.172038 -0.147520  0.655575  -1
  1  0  0.938300 -0.042952 -0.182690  0.781467  -1
  1  0  0.938300 -0.067147  0.008010  0.770475  -6
  1  0  0.938300 -0.278356 -0.011569  0.525188  -7
  1  0  0.938300  0.148817 -0.223611  0.837862  -3
  1  0  0.938300 -0.077411 -0.240184  0.352523  -2
  1  0  0.938300  0.004604  0.042787  0.128543  -4
  1  0  0.938300  0.064947  0.186110  0.532620  -4
  1  0  0.938300 -0.203302 -0.265197  0.289672  -6
  1  0  0.938300  0.155052  0.003450  0.386861  -2
  1  0  0.938300 -0.393229  0.423868  0.027617  -6
  1  0  0.938300  0.242187  0.202633  0.355275  -4
  1  0  0.938300  0.051604  0.150165  0.793761  -1
  1  0  0.938300 -0.007912  0.027112  0.498769  -2
  1  0  0.938300 -0.026809  0.030902  0.369842  -6
  1  0  0.938300 -0.287560 -0.137131  0.605714  -5
  1  0  0.938300 -0.071762  0.157343  0.378595  -2
  1  0  0.938300 -0.007420 -0.018797  0.560520  -1
  1  0  0.938300 -0.140447 -0.105636  0.353161  -3
  1  0  0.938300  0.083848 -0.146940  0.307310  -3
  1  0  0.938300 -0.516830 -0.217598  0.675438  -5
  1  0  0.938300  0.179000  0.153584  0.410000  -4
  1  0  0.938300  0.435029  0.333945  0.481201  -5
  1  0  0.938300 -0.022047 -0.012026  0.474745  -2
  1  0  0.938300 -0.053447  0.036448  0.615744  -6
  1  0  0.938300  0.227932 -0.036185  0.258940  -4
  1  0  0.938300 -0.164489 -0.016836  0.353123  -3
  1  0  0.938300 -0.017802  0.058815  0.569166  -4
  1  0  0.938300 -0.277264 -0.115284  0.494492  -2
  1  0  0.938300  0.128621  0.234984  0.047925  -3
  1  0  0.938300  0.083837  0.231205  0.778017  -1
  1  0  0.938300 -0.093168  0.022604  0.562865  -3
  1  0  0.938300 -0.073489 -0.180227  0.658448  -2
  1  0  0.938300 -0.014301  0.077431  0.197313  -2
  1  0  0.938300  0.041297  0.124545  0.231575  -3
  1  0  0.938300 -0.318513  0.120564  0.405706  -3
  1  0  0.938300  0.039510 -0.048308  0.541874  -1
  1  0  0.938300  0.001117  0.002561  0.397878  -4
  1  0  0.938300  0.156014 -0.052315  0.671733  -5
  1  0  0.938300 -0.215960  0.240902  0.630788  -3
  1  0  0.938300  0.614741  0.050393  0.499025  -5
  1  0  0.938300  0.087203  0.153832  0.557718  -1
  1  0  0.938300 -0.201907  0.099531  0.620067  -4
  1  0  0.938300 -0.019456 -0.082332  0.496792  -2
  1  0  0.938300  0.098568 -0.059892  0.352411  -5
  1  0  0.938300 -0.056557 -0.208183  0.647237  -1
  1  0  0.938300  0.074901  0.095416  0.283707  -6
  1  0  0.938300 -0.135963 -0.193377  0.220675  -3
  1  0  0.938300 -0.033652  0.067437  0.065836  -6
  1  0  0.938300 -0.207821 -0.148084  0.347641  -4
  1  0  0.938300  0.230897 -0.055273  0.228549  -2
  1  0  0.938300  0.127249  0.157992  0.036747  -6
  1  0  0.938300  0.111083  0.247278  0.481033  -7
  1  0  0.938300  0.017093 -0.216848  0.847763  -2
  1  0  0.938300  0.150795  0.184634  0.516949  -2
  1  0  0.938300  0.274812  0.527109  0.042588  -6
  1  0  0.938300 -0.024158  0.039615  0.296209  -1
  1  0  0.938300  0.049422 -0.072418  0.423453  -4
  1  0  0.938300 -0.232580 -0.053214  0.397061  -4
  1  0  0.938300  0.195157 -0.241482  0.295431  -4
  1  0  0.938300 -0.046487 -0.350078  0.974464  -4
  1  0  0.938300 -0.002120 -0.139563  0.432758  -3
  1  0  0.938300  0.107176  0.150320  0.356232  -2
  1  0  0.938300  0.333641 -0.115222  0.471921  -6
  1  0  0.938300  0.050058 -0.039983  0.482630  -3
  1  0  0.938300  0.002128  0.027484  0.463595  -1
  1  0  0.938300  0.276398  0.037609  0.479497  -2
  1  0  0.938300  0.053726 -0.154928  0.161865  -5
  1  0  0.938300 -0.105281 -0.008692  0.234932  -3
  1  0  0.938300  0.188303 -0.313572  0.281954  -5
  1  0  0.938300 -0.136258  0.209102  0.499106  -8
  1  0  0.938300  0.066337 -0.024590  0.638279  -1
  1  0  0.938300 -0.356342 -0.155520  0.572266  -4
  1  0  0.938300  0.022474  0.029415  0.328917  -2
  1  0  0.938300 -0.241527 -0.447409  0.400074  -6
  1  0  0.938300  0.270228 -0.093605  0.021988  -2
  1  0  0.938300  0.004913  0.009117  0.045192  -3
  1  0  0.938300 -0.281344  0.019932  0.560066  -7
  1  0  0.938300 -0.094740 -0.258741  0.472225  -3
  1  0  0.938300  0.433639  0.200540  0.585737  -4
  1  0  0.938300 -0.043512 -0.094939  0.637451  -3
  1  0  0.938300  0.185947 -0.103712  0.490929  -2
  1  0  0.938300 -0.022807 -0.117672  0.543991  -1
  1  0  0.938300 -0.048554  0.288679  0.417166  -2
  1  0  0.938300  0.090758  0.113719  0.528414  -4
  1  0  0.938300  0.320959  0.092365  0.200782  -5
  1  0  0.938300  0.342208 -0.294252  0.227558  -2
  1  0  0.938300  0.003832 -0.358612  0.296699  -4
  1  0  0.938300  0.247111  0.470782  0.755736  -5
  1  0  0.938300 -0.234816  0.003556  0.564016  -2
  1  1  0.938300 -0.135649 -0.272408  0.482785  -5
  1  0  0.938300  0.184955 -0.178643  0.385044  -3
  1  0  0.938300 -0.273102 -0.047324 -0.019922  -6
  1  0  0.938300  0.074863  0.026845  0.365994  -4
  1  0  0.938300 -0.099929  0.009451  0.291411  -6
  1  0  0.938300 -0.345462 -0.126959  0.239990  -2
  1  0  0.938300 -0.183695  0.240958  0.328070  -3
  1  0  0.938300 -0.106088  0.078841  0.489261  -1
  1  0  0.938300  0.048430  0.143123  0.316922  -2
  1  0  0.938300 -0.022738 -0.244731  0.324715  -4
  1  0  0.938300  0.180118  0.004012  0.550605  -2
  1  0  0.938300  0.186483  0.112545  0.554394  -4
  1  0  0.938300  0.171728  0.037852  0.222224  -2