  1  1  0.938300 -0.116038 -0.197683  0.226786   3
  1  1  0.938300  0.017937  0.128162  0.342354   1
  1  1  0.938300  0.097861 -0.009779  0.177331   4
  1  1  0.938300  0.001838  0.143693  0.361240   5
  1  1  0.938300  0.149364  0.071248  0.230120   8
  1  1  0.938300 -0.170466  0.026477  0.235873   1
  1  1  0.938300  0.228532 -0.066793  0.476152   2
  1  1  0.938300  0.220038  0.047398  0.422556   6
  1  1  0.938300  0.207524 -0.207964  0.245232   2
  1  1  0.938300  0.052193 -0.188918  0.461749   2
  1  1  0.938300 -0.155977  0.033667  0.701421   3
  1  1  0.938300  0.106086 -0.069496  0.016582   1
  1  1  0.938300  0.024678  0.007222  0.130321   2
  1  1  0.938300  0.139274  0.409950  0.362888   4
  1  1  0.938300 -0.126414  0.103071  0.265667   3
  1  1  0.938300 -0.119636 -0.223774  0.231071   4
  1  1  0.938300 -0.008765  0.040066  0.132101   1
  1  1  0.938300 -0.091870 -0.087659  0.081911   1
  1  1  0.938300 -0.042488  0.198004  0.283296   3
  1  1  0.938300 -0.354148  0.114084  0.396366   2
  1  1  0.938300  0.195954  0.041577  0.018820   1
  1  1  0.938300 -0.125542  0.096217 -0.030647   1
  1  1  0.938300  0.017260 -0.076016 -0.017443   1
  1  1  0.938300 -0.220090  0.064616  0.200699   2
  1  1  0.938300  0.055451  0.281695  0.300401   2
  1  1  0.938300  0.364534  0.044364  0.524600   3
  1  1  0.938300  0.005363  0.082365  0.017898   1
  1  1  0.938300 -0.038589  0.112186  0.000466   4
  1  1  0.938300 -0.317034 -0.153848  0.474444   3
  1  1  0.938300 -0.039436  0.023521 -0.036776   1
  1  1  0.938300 -0.176278  0.052886  0.377273   3
  1  0  0.938300 -0.291059  0.086583  0.599391   7
  1  1  0.938300  0.058855 -0.232355 -0.070045   3
  1  1  0.938300  0.480167  0.330219  0.372402   4
  1  1  0.938300  0.011837 -0.002834  0.089474   2
  1  1  0.938300  0.309271 -0.207771  0.181694   2
  1  1  0.938300  0.229750  0.077918  0.433789   7
  1  1  0.938300  0.046943  0.045575  0.059276   1
  1  1  0.938300  0.169250  0.293789  0.223958   2
  1  1  0.938300 -0.200957 -0.036940  0.437598   3
  1  1  0.938300  0.124086 -0.034015  0.334182   3
  1  1  0.938300  0.157143  0.030143 -0.016931   2
  1  1  0.938300 -0.227432 -0.193930  0.026266   2
  1  1  0.938300 -0.047538 -0.069133  0.374678   2
  1  1  0.938300 -0.017162  0.097410  0.338119   4
  1  1  0.938300  0.167370  0.283685  0.236008   3
  1  1  0.938300  0.306915  0.163996  0.524257   3
  1  1  0.938300  0.330191  0.215698 -0.182939   3
  1  1  0.938300 -0.073330  0.317409  0.271526   3
  1  1  0.938300 -0.022238 -0.245401  0.113677   5
  1  1  0.938300 -0.293430  0.340996  0.243727   4
  1  1  0.938300  0.344677  0.175505  0.746567   2
  1  1  0.938300  0.046459 -0.061110  0.282114   1
  1  1  0.938300  0.187695 -0.015451  0.394524   8
  1  1  0.938300  0.129311  0.188046  0.055237   3
  1  1  0.938300 -0.011843  0.355511  0.291388   2
  1  0  0.938300 -0.014426 -0.046841  0.108923   8
  1  1  0.938300  0.258933 -0.133971  0.323049   5
  1  1  0.938300  0.106178 -0.119201 -0.015976   2
  1  1  0.938300  0.079047 -0.414806  0.290405   7
  1  1  0.938300 -0.571089 -0.241695  0.399787   2
  1  1  0.938300  0.288456 -0.240241  0.398531   3
  1  1  0.938300  0.258097 -0.118388  0.549417   2
  1  1  0.938300  0.112310 -0.170162  0.453711  13
  1  1  0.938300  0.087392  0.141419 -0.049218   1
  1  1  0.938300  0.403438  0.082930  0.117403   3
  1  1  0.938300 -0.061106 -0.114800  0.277282   1
  1  1  0.938300 -0.060000 -0.039179  0.114096   1
  1  1  0.938300  0.455888 -0.029336  0.292741   4
  1  1  0.938300 -0.093564 -0.100106  0.114855   2
  1  1  0.938300 -0.204571  0.467818  0.025571   2
  1  1  0.938300 -0.175925 -0.442676  0.209308   4
  1  1  0.938300 -0.022627 -0.150008  0.549472   3
  1  1  0.938300 -0.109884 -0.048557 -0.101433   1
  1  1  0.938300 -0.274006 -0.168222  0.356030   6
  1  1  0.938300 -0.105373 -0.019084  0.245048   1
  1  1  0.938300 -0.220631 -0.029676  0.023327   1
  1  1  0.938300 -0.069987 -0.174091  0.329576   4
  1  1  0.938300  0.023688 -0.050239  0.229906   1
  1  0  0.938300  0.189692 -0.115496 -0.047952   1
  1  0  0.938300  0.179427  0.145889  0.093938   2
  1  0  0.938300  0.154470  0.064558  0.459843   5
  1  0  0.938300  0.016105 -0.194565 -0.126832   2
  1  0  0.938300 -0.084107  0.114199  0.452199   3
  1  0  0.938300 -0.167649 -0.119072  0.585481   2
  1  0  0.938300 -0.258990 -0.253714  0.273386   3
  1  0  0.938300  0.124914  0.206437  0.023212   1
  1  0  0.938300  0.215352  0.009144  0.404833   5
  1  0  0.938300  0.490159  0.086857  0.406818   2
  1  0  0.938300  0.010161  0.021604  0.051700   1
  1  0  0.938300 -0.382115 -0.328564  0.226410   6
  1  0  0.938300 -0.712530 -0.268809  0.401750   3
  1  0  0.938300  0.079619 -0.082451  0.170484   3
  1  0  0.938300 -0.181509 -0.496118  0.647608   2
  1  0  0.938300 -0.352143  0.026919  0.679492   2
  1  0  0.938300  0.323613  0.125563  0.553819   6
  1  0  0.938300  0.105984 -0.202162  0.531808   3
  1  0  0.938300  0.001196  0.116837  0.443243   5
  1  0  0.938300 -0.348244 -0.361865  0.889256   5
  1  0  0.938300  0.004143  0.415967  0.474875   3
  1  0  0.938300 -0.143058 -0.092761  0.190270   4
  1  0  0.938300  0.143970  0.087802  0.329846   1
  1  0  0.938300 -0.109267 -0.031346  0.131628   1
  1  0  0.938300  0.052161 -0.134168  0.718171   3
  1  0  0.938300 -0.311175 -0.021238  0.229180   2
  1  0  0.938300  0.044283  0.173977  0.734723   5
  1  0  0.938300  0.098078  0.205669  0.412837   4
  1  0  0.938300 -0.119182 -0.121369  0.140794   2
  1  0  0.938300 -0.223629  0.042669  0.066757   2
  1  0  0.938300  0.317657 -0.078172 -0.091085   2
  1  0  0.938300 -0.032965 -0.064824  0.217536   6
  1  0  0.938300 -0.252981 -0.151553  0.271520   4
  1  0  0.938300 -0.654780  0.114944  0.161993   2
  1  0  0.938300 -0.147561 -0.228737  0.218205   2
  1  0  0.938300 -0.067557  0.018157  0.273905   1
  1  0  0.938300  0.075688  0.238270  0.716811   6
  1  0  0.938300  0.052366 -0.001880  0.516798   4
  1  0  0.938300 -0.111155 -0.305684  0.943053   7
  1  0  0.938300  0.281767 -0.027075  0.563564   3
  1  0  0.938300  0.110601 -0.002934  0.459043   5
  1  0  0.938300 -0.208782 -0.274167  0.382385   3
  1  0  0.938300 -0.159201  0.190117  0.036978   2
  1  0  0.938300  0.055727  0.100204  0.157685   3
  1  0  0.938300 -0.027593 -0.060691 -0.043005   1
  1  0  0.938300 -0.455341  0.034264  0.108660   5
  1  0  0.938300 -0.108447  0.011065  0.448813   4
  1  0  0.938300 -0.018619 -0.110915  0.071277   4
  1  0  0.938300  0.020277  0.127776  0.391363   3
  1  0  0.938300  0.058141 -0.228756  0.205857   4
  1  0  0.938300 -0.150152  0.014880  0.274572   2
  1  0  0.938300  0.014200  0.251597  0.284342   4
  1  0  0.938300  0.168784 -0.092226  0.174877   1
  1  0  0.938300 -0.336418  0.036175  0.530057   5
  1  0  0.938300  0.202607  0.048196  0.108850   4
  1  0  0.938300 -0.611470  0.042464  0.490754   2
  1  0  0.938300 -0.090336  0.092957  0.381544   2
  1  0  0.938300  0.055273  0.024994 -0.000447   4
  1  0  0.938300  0.019426 -0.344816  0.097865   2
  1  0  0.938300 -0.140583  0.042817  0.321269   4
  1  0  0.938300  0.104032 -0.065482  0.198954   5
  1  0  0.938300  0.042089 -0.130764  0.252515   5
  1  0  0.938300  0.503348 -0.006940  0.381681   2
  1  0  0.938300 -0.268306 -0.021376  0.321902   3
  1  0  0.938300  0.331375  0.050247  0.285635   2
  1  0  0.938300 -0.196279  0.385636  0.377054   7
  1  0  0.938300  0.192192  0.140925  0.387853   3
  1  0  0.938300  0.212994  0.158610  0.663608   7
  1  0  0.938300  0.270465 -0.193979  0.411268   3
  1  0  0.938300 -0.079339  0.131045  0.672433   5
  1  0  0.938300  0.147937  0.024275 -0.034891   1
  1  0  0.938300  0.125181 -0.014763  0.188200   1
  1  0  0.938300  0.099317 -0.376076  0.354553   2
  1  0  0.938300  0.015753 -0.094843  0.078247   6
  1  0  0.938300  0.114237 -0.151674  0.185409   3
  1  0  0.938300  0.104048 -0.200009  0.055461   2
  1  0  0.938300  0.464411 -0.130584  0.089350   2
  1  0  0.938300 -0.348002 -0.053704  0.679663   5
  1  0  0.938300 -0.031949 -0.205500  0.335710   7
  1  0  0.938300  0.354831  0.401827  0.272019   2
  1  0  0.938300  0.183927 -0.186377  0.832420   2
  1  0  0.938300  0.031922  0.142194 -0.065123   1
  1  0  0.938300  0.392980  0.478181  0.823568   3
  1  0  0.938300  0.034977 -0.080126  0.463208   3
  1  0  0.938300  0.169573 -0.302897  0.479569   4
  1  0  0.938300  0.073933 -0.076286  0.101777   1
  1  0  0.938300  0.239222  0.078624  0.501247   2
  1  0  0.938300  0.129211  0.177809  0.291378   3
  1  0  0.938300 -0.109256 -0.108775  0.152154   1
  1  0  0.938300 -0.043222  0.175842  0.323954   4
  1  0  0.938300  0.245888  0.103625  0.059614   3
  1  0  0.938300  0.399733 -0.040153  0.604215   6
  1  0  0.938300  0.075544  0.212448  0.094846   2
  1  0  0.938300  0.063904  0.284174  0.080549   5
  1  0  0.938300 -0.126067  0.079842  0.399624   9
  1  0  0.938300  0.293154 -0.025950  0.249751   6
  1  0  0.938300 -0.001554 -0.440846  0.230246   4
  1  0  0.938300  0.071746  0.046662  0.054644   2
  1  0  0.938300 -0.040225 -0.034577  0.221123   5
  1  0  0.938300  0.008007 -0.550738  0.576993   5
  1  0  0.938300  0.097817 -0.253345  0.534351   4
  1  0  0.938300  0.052165  0.093760  0.078985   3
  1  0  0.938300 -0.130104  0.010615  0.282107   3
  1  0  0.938300 -0.008725 -0.247691  0.455927   4
  1  0  0.938300  0.083724  0.164395  0.321972   5
  1  0  0.938300 -0.076664  0.006281  0.159207   5
  1  0  0.938300  0.030641  0.199442  0.245825   3
  1  0  0.938300 -0.242668  0.349663  0.411732   5
  1  0  0.938300 -0.030304 -0.029865  0.431188   4
  1  0  0.938300  0.209989  0.037219  0.346365   2
  1  0  0.938300  0.689310  0.055072  0.538551   6
  1  0  0.938300  0.185571  0.095999  0.293752   2
  1  0  0.938300  0.005042 -0.230090  0.427146   2
  1  0  0.938300 -0.034274 -0.041187  0.601670   7
  1  0  0.938300  0.069761  0.113930  0.559274  14
  1  0  0.938300  0.111150 -0.071216  0.108507   1
  1  0  0.938300  0.188569  0.007174  0.455142   3
  1  0  0.938300  0.013789 -0.083543  0.368781   3
  1  1  0.938300 -0.069605 -0.042003  0.202589  -6
  1  1  0.938300  0.379977 -0.214691  0.495335  -5
  1  1  0.938300  0.350826 -0.179416  0.473919  -9
  1  1  0.938300 -0.151252 -0.193617  0.337785  -5
  1  1  0.938300  0.064763  0.104497  0.495120  -1
  1  1  0.938300  0.037118 -0.061958  0.755221  -5
  1  1  0.938300  0.069211  0.060544  0.278465  -2
  1  1  0.938300 -0.174423  0.300539  0.226485  -2
  1  1  0.938300 -0.119719 -0.009856  0.086195  -5
  1  1  0.938300  0.186320  0.092792  0.614743  -3
  1  1  0.938300 -0.185253 -0.134798  0.572309  -7
  1  1  0.938300 -0.138953 -0.113043  0.509481  -2
  1  1  0.938300  0.334253  0.154564  0.560937  -6
  1  1  0.938300 -0.030860  0.175499  0.596307  -5
  1  1  0.938300 -0.211260  0.138119  0.737886  -1
  1  1  0.938300  0.031113 -0.096637  0.104373  -3
  1  1  0.938300 -0.617106 -0.074374  0.131088  -3
  1  1  0.938300  0.063373  0.192651  0.433913  -5
  1  1  0.938300 -0.278487  0.038021  0.639865  -2
  1  0  0.938300 -0.221153 -0.351574  0.173560  -2
  1  1  0.938300  0.146168  0.081618  0.463516  -3
  1  1  0.938300  0.007788  0.100444  0.203870  -4
  1  1  0.938300 -0.217203  0.191676  0.534335  -3
  1  1  0.938300 -0.168365 -0.006283  0.353787  -3
  1  1  0.938300  0.101474 -0.198257  0.567755  -5
  1  1  0.938300  0.113085  0.039162  0.409598  -2
  1  0  0.938300  0.212428 -0.050572  0.379370  -6
  1  1  0.938300  0.008835  0.382271  0.171060  -3
  1  1  0.938300 -0.394051 -0.333773  0.582706  -4
  1  1  0.938300  0.359590  0.114424  0.801977  -7
  1  0  0.938300 -0.262938  0.268789  0.230292  -2
  1  1  0.938300  0.007707 -0.132785  0.407106  -3
  1  1  0.938300 -0.509970  0.064999  0.440296  -3
  1  1  0.938300  0.190646  0.384107  0.659243  -4
  1  1  0.938300 -0.200257 -0.248125  0.587376  -2
  1  1  0.938300 -0.236043  0.144046  0.046623  -8
  1  1  0.938300 -0.270282 -0.472146  0.660518  -3
  1  1  0.938300  0.106702 -0.067892  0.448195  -7
  1  1  0.938300 -0.121326  0.103997  0.571777  -8
  1  1  0.938300  0.100781 -0.141828  0.351195  -3
  1  1  0.938300 -0.356586  0.149244  0.210909  -2
  1  1  0.938300 -0.372240  0.090063  0.451848  -2
  1  1  0.938300  0.281432 -0.109555  0.360321  -3
  1  1  0.938300  0.054600  0.163879  0.590849  -1
  1  1  0.938300 -0.043200 -0.125781  0.705872  -2
  1  1  0.938300  0.046132  0.455625  0.107803  -2
  1  1  0.938300 -0.017389 -0.004115  0.551037  -1
  1  1  0.938300 -0.018372  0.098637  0.572917  -4
  1  1  0.938300  0.049721  0.179045  0.737496  -1
  1  1  0.938300  0.161977 -0.154651  0.743126  -2
  1  1  0.938300 -0.538522 -0.207806  0.586936  -2
  1  1  0.938300  0.007828  0.167432  0.778637  -1
  1  1  0.938300  0.016596  0.189653  0.584094  -4
  1  1  0.938300  0.033988  0.163988  0.557571  -1
  1  1  0.938300 -0.156428  0.005507  0.230704  -4
  1  1  0.938300  0.229604  0.135643  0.286313  -5
  1  1  0.938300  0.049057 -0.146559  0.385222  -2
  1  1  0.938300  0.138287 -0.082546  0.387495  -2
  1  1  0.938300  0.169406  0.037109  0.501714  -3
  1  1  0.938300  0.002107  0.016987  0.763489  -1
  1  0  0.938300  0.118756 -0.046957  0.887917  -6
  1  1  0.938300  0.267103  0.329290  0.748980  -4
  1  1  0.938300 -0.458361 -0.115109  0.299264  -7
  1  1  0.938300  0.123261  0.075001  0.158271  -2
  1  1  0.938300  0.295178 -0.203318  0.334398  -3
  1  1  0.938300  0.076456  0.104662  0.915044  -1
  1  0  0.938300  0.241008  0.191358  0.046107  -4
  1  1  0.938300 -0.011525 -0.124255  0.289854  -3
  1  1  0.938300 -0.120643  0.078449  0.466120  -3
  1  1  0.938300 -0.174640 -0.051075  0.631731  -3
  1  1  0.938300 -0.007470 -0.084089  0.727835  -2
  1  1  0.938300 -0.089570 -0.120722  0.471933  -2
  1  1  0.938300  0.081227 -0.007252  0.563062  -1
  1  1  0.938300  0.331798 -0.012132  0.085945  -3
  1  1  0.938300  0.365368 -0.364428  0.402497  -8
  1  1  0.938300  0.209047  0.122832  0.250826  -4
  1  1  0.938300 -0.286855  0.045686  0.312713  -2
  1  1  0.938300  0.028567 -0.027032  0.446551 -12
  1  1  0.938300  0.362346 -0.029497  0.398045  -2
  1  0  0.938300 -0.241990  0.029587  0.148162  -2
  1  0  0.938300 -0.328975  0.180031  0.449779  -4
  1  0  0.938300  0.050347 -0.175735  0.063098  -2
  1  0  0.938300  0.040163 -0.032416  0.476703  -4
  1  0  0.938300  0.163999  0.120880  0.141091  -4
  1  0  0.938300  0.013847 -0.432219  0.391603  -4
  1  0  0.938300 -0.097936  0.112554  0.390374  -4
  1  0  0.938300 -0.010385 -0.222871  0.484109  -7
  1  0  0.938300  0.191894  0.074530  0.107914  -6
  1  1  0.938300  0.330484  0.092353  0.506297  -3
  1  0  0.938300  0.123470 -0.592595  0.071591  -7
  1  0  0.938300 -0.164078 -0.012249  0.597399  -2
  1  0  0.938300 -0.184208  0.069335  0.501979  -2
  1  0  0.938300 -0.063966 -0.041944  0.958372  -1
  1  0  0.938300  0.139405  0.116540  0.570845  -2
  1  0  0.938300  0.303810  0.246708  0.443380  -3
  1  0  0.938300  0.185906 -0.109021  0.461678  -2
  1  0  0.938300 -0.038485 -0.131264  0.180751  -4
  1  0  0.938300  0.311961 -0.098485  0.403855  -3
  1  0  0.938300  0.125584 -0.013879  0.145567  -8
  1  0  0.938300 -0.172182  0.160875  0.198187  -3
  1  0  0.938300  0.178749 -0.163815  0.428630  -2
  1  0  0.938300 -0.110988 -0.116374  0.498673  -3
  1  0  0.938300  0.113537  0.023118  0.495362  -1
  1  0  0.938300 -0.168388  0.211499  0.871410  -3
  1  0  0.938300 -0.175605  0.085386  0.577639  -1
  1  0  0.938300 -0.157210 -0.258917  0.579201  -3
  1  0  0.938300  0.015269  0.053201  0.167159  -3
  1  0  0.938300 -0.115629 -0.017315  0.578935  -6
  1  0  0.938300  0.038247 -0.053091  0.887714  -1
  1  0  0.938300 -0.027349  0.201633  0.539897  -3
  1  0  0.938300  0.070334 -0.102473  0.569814  -1
  1  0  0.938300  0.209364 -0.149925  0.467097  -3
  1  0  0.938300 -0.092492 -0.060123  0.522573  -4
  1  0  0.938300  0.081270 -0.036383  0.408153  -1
  1  0  0.938300 -0.088148 -0.055758  0.360772  -6
  1  0  0.938300  0.041178  0.218515  0.520213  -4
  1  1  0.938300  0.037076 -0.008153  0.760576  -5
  1  0  0.938300 -0.177460  0.402627  0.628717  -3
  1  0  0.938300 -0.228047 -0.049484  0.579069  -4
  1  0  0.938300 -0.325044 -0.000355  1.210534  -2
  1  0  0.938300 -0.332312 -0.253825  0.697481  -3
  1  0  0.938300  0.223466  0.464122 -0.010971  -3
  1  0  0.938300  0.112304 -0.087987  0.666185  -1
  1  0  0.938300 -0.210614  0.116725  0.698617  -2
  1  0  0.938300  0.309420 -0.073966  0.095630  -3
  1  0  0.938300  0.363736 -0.310607  0.281043  -4
  1  0  0.938300  0.139522  0.258603  0.373662  -3
  1  0  0.938300 -0.006365 -0.066316  0.770757  -1
  1  0  0.938300  0.205257  0.432800 -0.106101  -5
  1  1  0.938300 -0.054534  0.184757  0.826192  -6
  1  0  0.938300  0.041305 -0.223934  0.125802  -5
  1  0  0.938300  0.098818  0.216607  0.724859  -1
  1  0  0.938300 -0.134747 -0.419000  0.592574  -2
  1  0  0.938300  0.193577 -0.316001  0.933665  -3
  1  0  0.938300 -0.043499 -0.154588  0.520813  -1
  1  0  0.938300  0.024691  0.001463  0.721581  -2
  1  1  0.938300 -0.147992  0.137100  0.157000  -3
  1  0  0.938300 -0.085380 -0.259157  0.149012  -5
  1  0  0.938300 -0.305536 -0.254575  0.611666  -6
  1  0  0.938300 -0.218321  0.114146  0.127264  -3
  1  0  0.938300  0.156910  0.072014  0.409998  -2
  1  0  0.938300 -0.077241  0.135882  0.807100  -1
  1  0  0.938300 -0.189455  0.014861  0.309975  -5
  1  0  0.938300 -0.251327  0.148661  0.568647  -3
  1  0  0.938300  0.171189 -0.092543  0.536328  -1
  1  0  0.938300 -0.023135 -0.057434  0.250584  -4
  1  0  0.938300 -0.104519 -0.132287  0.438291  -3
  1  0  0.938300  0.183170 -0.054918  0.471173  -2
  1  0  0.938300  0.333293 -0.327790  0.527708  -7
  1  0  0.938300  0.308679  0.129151  0.321102  -5
  1  0  0.938300 -0.044018 -0.002498  0.452012  -5
  1  0  0.938300 -0.221703 -0.068841  0.347365  -3
  1  0  0.938300 -0.187424  0.113973  0.544636  -2
  1  0  0.938300  0.180403 -0.159726 -0.047640  -4
  1  0  0.938300  0.027872 -0.216536  0.215787  -4
  1  0  0.938300  0.097797  0.136946  0.639617  -1
  1  0  0.938300 -0.028275  0.064587  0.045793  -3
  1  0  0.938300  0.278012 -0.429541  0.501512  -9
  1  0  0.938300 -0.117459  0.008904  0.406780  -4
  1  0  0.938300  0.115215 -0.011861  0.335725  -4
  1  0  0.938300  0.065155 -0.116519  0.683785  -1
  1  0  0.938300  0.048219  0.297841  0.116795  -4
  1  0  0.938300  0.049268 -0.219650  0.406839  -2
  1  0  0.938300 -0.201032  0.523240  0.441687  -3
  1  0  0.938300 -0.066190  0.028094  0.850339  -1
  1  0  0.938300 -0.323967  0.228114  0.207034  -3
  1  0  0.938300  0.000764 -0.073063  0.467547  -6
  1  1  0.938300 -0.203927 -0.131152  0.347308  -8
  1  0  0.938300 -0.110758  0.090558  0.246961  -2
  1  0  0.938300  0.097970  0.068337  0.293723  -2
  1  0  0.938300 -0.057789 -0.114840 -0.072631  -3
  1  1  0.938300  0.173141  0.027080  0.269797  -4
  1  0  0.938300  0.191375  0.127955  0.744587  -3
  1  0  0.938300 -0.045762 -0.137546  0.671921  -1
  1  0  0.938300  0.174953  0.085669  0.027512  -3
  1  0  0.938300 -0.041518  0.218169  0.725771  -2
  1  0  0.938300 -0.341212  0.190663  0.057181  -3
  1  0  0.938300 -0.195720 -0.056823  0.906938  -3
  1  0  0.938300 -0.092087  0.009124  0.801298  -4
  1  0  0.938300 -0.089071 -0.111991  0.421590  -1
  1  0  0.938300 -0.013442  0.048529  0.824109  -1
  1  0  0.938300  0.359980  0.041517  0.226268  -3
  1  0  0.938300 -0.118930 -0.086686  0.713409  -2
  1  0  0.938300  0.311840 -0.068004  0.870299  -4
  1  0  0.938300 -0.077663  0.144261  0.227859  -4
  1  0  0.938300 -0.300977  0.185931  0.281047  -4
  1  0  0.938300  0.011161  0.390963  0.521961  -3
  1  0  0.938300  0.181739 -0.758250  0.259139  -4
  1  0  0.938300  0.062178  0.192715  0.592014  -3
  1  0  0.938300  0.062360  0.085040  0.387209  -1
  1  0  0.938300  0.060946 -0.041024  0.486955  -2
  1  0  0.938300 -0.150970  0.153786  0.268733  -7
  1  0  0.938300  0.090232  0.102382  0.130657  -5
  1  0  0.938300  0.323881  0.055794  0.159829  -2
  1  0  0.938300  0.000867  0.065992  0.451157  -2
  1  0  0.938300 -0.296086 -0.065336  0.262932  -2
  1  0  0.938300 -0.188381  0.327304  0.428754  -3