  1  1  0.938300  9.513015 -2.768431-15.021375  0.282899 -0.024291  0.131110   1
  1  1  0.938300-24.130577  3.465181  1.175111 -0.435817  0.050861  0.568373   3
  1  1  0.938300 10.867191  1.141494-12.996982  0.136668  0.085283  0.155780   1
  1  1  0.938300 -7.569163 -6.594408-22.586432 -0.190762 -0.156321 -0.126270   5
  1  1  0.938300-17.250263-15.751557-18.154981 -0.299003 -0.270229  0.100660   2
  1  1  0.938300  2.532867 -5.572808 -8.334912  0.119715 -0.033319  0.254662   1
  1  1  0.938300  0.084592 13.653116-16.870796 -0.002015  0.239439 -0.045727   2
  1  1  0.938300 -0.388638 -1.496882 24.030275 -0.004854 -0.104425  0.983954   2
  1  1  0.938300 -4.488492 22.359408-15.099907 -0.152340  0.481094  0.013823   4
  1  1  0.938300  2.004922  9.352682 13.666025  0.131395  0.085021  0.768167   3
  1  1  0.938300-10.218331  1.714714-15.188146 -0.275083  0.018713 -0.037889   1
  1  1  0.938300-13.869798 -6.206233 -2.179870 -0.155035 -0.044922  0.357693   3
  1  1  0.938300-14.310489  8.702202-15.917709 -0.279867  0.099825  0.167357   2
  1  1  0.938300-17.674825-14.865059-17.596651 -0.320691 -0.345636  0.080540   3
  1  1  0.938300 -4.542825  9.562863 -4.665024 -0.230796  0.326528  0.269817   7
  1  1  0.938300 -1.544647-12.385145-21.003210 -0.082775 -0.168625 -0.037630   1
  1  1  0.938300 -9.489520 10.655050  0.548609 -0.221890  0.066671  0.539069   4
  1  0  0.938300 26.947172  8.184576 -6.710878  0.601913  0.168162  0.294616   2
  1  1  0.938300 12.288339  1.920612 13.439518  0.239229  0.121680  0.963558   8
  1  1  0.938300 -8.052830 -1.325449-16.922374 -0.001099 -0.119926  0.031745   1
  1  1  0.938300  3.388485  9.983462-13.183482 -0.002150  0.122233  0.083649   1
  1  1  0.938300-27.517711 -1.459686  3.801426 -0.549565 -0.075072  0.513865   4
  1  1  0.938300 13.169704  8.593670-20.275996  0.186867  0.170180 -0.015408   2
  1  1  0.938300 -3.763096-13.378663 14.939613 -0.139538 -0.278039  0.858658   3
  1  1  0.938300 17.785955 -7.365697  6.460369  0.243765 -0.088235  0.654581   3
  1  1  0.938300  7.962340  5.405145-18.100694  0.036999  0.040575  0.110423   1
  1  1  0.938300 -9.128512-12.053235  5.314511 -0.084861 -0.233597  0.585956   4
  1  1  0.938300-11.555972-13.545122  0.837202 -0.273111 -0.422279  0.489285   6
  1  1  0.938300 -2.330347  5.614295-23.679657 -0.125235  0.079579 -0.143737   2
  1  1  0.938300-18.069137 -9.730250-10.479259 -0.454583 -0.203966  0.194561   2
  1  1  0.938300  5.635220-10.634385-14.193505  0.134665 -0.239530  0.129519   1
  1  1  0.938300  3.217248 -5.177021-15.638900  0.102410 -0.233775 -0.025649   6
  1  0  0.938300 -0.466526 19.821260  4.157530  0.045984  0.327692  0.582788   4
  1  1  0.938300 16.617236 15.685063  7.035654  0.492397  0.585564  0.867448   6
  1  1  0.938300 -5.358459-10.159858  5.340887 -0.037251 -0.187270  0.577410   3
  1  1  0.938300  0.037444  7.609559-19.467678 -0.077960  0.234043  0.007326   1
  1  1  0.938300  5.480613 29.829792 -0.870091  0.199639  0.615747  0.478679   2
  1  1  0.938300-12.548404  1.685503  6.437795 -0.215658  0.043857  0.646098   5
  1  1  0.938300 26.021045 14.956592 13.500843  0.626977  0.269752  1.014905   3
  1  0  0.938300-11.581138 -2.679228 -8.156138 -0.209004  0.024120  0.264242   6
  1  1  0.938300 -0.172713 -0.637985-14.194023 -0.041750 -0.035030  0.025009   1
  1  1  0.938300  0.036210 -2.362465  7.883620  0.075733  0.098644  0.731538   7
  1  1  0.938300 -3.001241-11.043065  9.199839  0.047489 -0.103535  0.783956   6
  1  1  0.938300-15.166413-11.021672-17.175620 -0.269878 -0.327376 -0.055872   2
  1  1  0.938300  6.314442 12.303954 12.918950  0.162575  0.283350  0.786063   5
  1  1  0.938300 -9.242490 10.287934-21.218097 -0.184642  0.135111 -0.031393   1
  1  1  0.938300-10.297376 -5.432135 -3.610636 -0.167286 -0.292098  0.372058   5
  1  1  0.938300 -5.877328  0.255260-15.434788 -0.147213 -0.006222  0.075728   3
  1  1  0.938300 -8.260868 -4.454612-26.228346 -0.125962 -0.200152 -0.322626   3
  1  0  0.938300  1.360368 13.658108 11.713163  0.009466  0.244520  0.691452   5
  1  1  0.938300 -2.101127 -0.304828-14.981310 -0.038341 -0.019079  0.174743   1
  1  1  0.938300 24.756557  0.092643 -0.956891  0.380257 -0.023550  0.443285   2
  1  1  0.938300 -2.633287-16.807420  9.491659 -0.054014 -0.388636  0.705439   7
  1  1  0.938300  4.192245  0.139031 -6.705277  0.118593 -0.078603  0.412689   4
  1  1  0.938300 -1.965379-14.814065 -4.224687 -0.044937 -0.178016  0.384146   3
  1  1  0.938300  2.697274  8.080038-25.119038  0.101983  0.032244 -0.000516   1
  1  1  0.938300 21.411178  4.932176  5.339540  0.470578  0.130969  0.674769   8
  1  1  0.938300  7.417963  2.452698 10.991260  0.133561  0.178491  0.794021   6
  1  1  0.938300 -2.961135 -5.173474-16.720406 -0.085843 -0.062234 -0.046281   1
  1  1  0.938300  3.360602 10.863608-13.056427  0.090277  0.334712  0.017141   3
  1  1  0.938300  9.513059  5.553862-16.614704  0.123661  0.108347  0.088555   1
  1  1  0.938300 22.250409  2.169135 -6.006181  0.465604  0.042174  0.342036   3
  1  1  0.938300 -7.268112 -1.025884 -6.704838 -0.139030 -0.072906  0.216623   2
  1  1  0.938300  6.899903 -0.238769 -4.405605  0.117880  0.040064  0.282824   4
  1  1  0.938300 -9.200380  3.511089 -6.781604 -0.074833  0.065764  0.290755   3
  1  1  0.938300 -2.597527  6.421767-23.737455 -0.020315  0.133846 -0.019236   1
  1  1  0.938300-12.720008 -7.515278-18.143951 -0.275454 -0.042475 -0.032215   4
  1  1  0.938300-11.700979-16.948075  4.768255 -0.262076 -0.365658  0.540543   5
  1  1  0.938300-22.545752 -4.348150-18.191033 -0.572454 -0.121947 -0.058298   2
  1  0  0.938300 -6.264596  3.225562  7.590501 -0.182187  0.168497  0.588653   2
  1  1  0.938300 21.504576-13.891259 -1.035557  0.506605 -0.237542  0.430985   2
  1  1  0.938300 15.108795  1.306410 14.360391  0.330913  0.067021  0.894671   4
  1  1  0.938300-15.293582  1.091608-10.151563 -0.365349  0.055336  0.212429   5
  1  1  0.938300 -1.586513 -6.889518  0.471220  0.006744 -0.256759  0.469989   4
  1  1  0.938300 10.655705-10.883093 -0.449777  0.296054 -0.145072  0.447249   4
  1  1  0.938300 -8.195682 17.526059-13.630626 -0.034164  0.404153  0.028006   2
  1  1  0.938300 -9.487503  9.948560 -3.663683 -0.262700  0.199895  0.492165   3
  1  1  0.938300 -1.355220 10.545532-15.342994 -0.064633  0.073585  0.107318   1
  1  1  0.938300 -3.213865-11.688294  2.780751  0.003076 -0.202120  0.494057   3
  1  0  0.938300 22.573311  7.026688 11.069539  0.429837  0.003704  0.691984   2
  1  0  0.938300 -4.465961 -6.714920-13.855755 -0.143143 -0.080679 -0.024427   1
  1  0  0.938300-21.384901 -2.881977 -6.751077 -0.395677 -0.013595  0.371337   8
  1  1  0.938300 13.150229-10.328284 12.531482  0.281640 -0.205761  0.837256   5
  1  0  0.938300 -3.589112  5.815025 10.067632 -0.038019  0.226087  0.661478   4
  1  0  0.938300 -2.269821-14.080530-24.051421  0.058103 -0.210101 -0.093602   5
  1  0  0.938300  5.288202 -8.457690-14.177792  0.170399 -0.216564  0.028831   1
  1  0  0.938300  5.885372-11.198320  1.120565  0.182429 -0.092713  0.434998   4
  1  0  0.938300 -0.044238  8.377810-14.195523 -0.128187  0.066668  0.165335   1
  1  0  0.938300 -5.481593 -9.086993-13.172432 -0.011674 -0.124898  0.080195   1
  1  1  0.938300 -9.446867 13.201951-16.478598 -0.164051  0.308121  0.071654   7
  1  0  0.938300 -3.332623-10.028193-13.418176 -0.022227 -0.062988  0.162799   1
  1  0  0.938300 -6.318446 21.032720 -6.531201 -0.008435  0.511241  0.344864   4
  1  0  0.938300-11.268065 -2.899309 -7.817635 -0.196990  0.015584  0.281421   8
  1  0  0.938300 -5.042184  5.380434  6.323956  0.008517  0.133239  0.613403   4
  1  0  0.938300  0.021361 11.660650-11.154746  0.088736  0.098924  0.165137   4
  1  0  0.938300 -3.109372  7.423876-20.613713 -0.074848  0.149319 -0.024989   1
  1  0  0.938300  4.391018-12.598401-15.903197 -0.061602 -0.203911  0.084940   2
  1  0  0.938300 10.327644 24.379624  8.596768  0.172356  0.464139  0.631056   3
  1  0  0.938300 11.161920 -7.911577-19.977280  0.098032 -0.043068 -0.013161   2
  1  0  0.938300 -6.097452  8.467481 11.724420 -0.125436  0.277420  0.802008   8
  1  0  0.938300 -5.628243 -0.588253-14.779807  0.001039  0.016627  0.114228   1
  1  0  0.938300 -7.387962  2.013510-10.531723 -0.303080  0.067912  0.130329  10
  1  1  0.938300 -7.213511  5.606302-12.083902 -0.099351  0.059123  0.073658   3
  1  0  0.938300  2.115475  7.713034  7.593831  0.142080  0.020309  0.548210   3
  1  0  0.938300  5.008182 -3.199237-16.394215  0.059346  0.131225  0.150005   1
  1  0  0.938300  5.342853 -1.915159-24.466435  0.113227 -0.117598 -0.057155   1
  1  0  0.938300 15.031697 -2.867645-17.681697  0.277731  0.058589 -0.014461   4
  1  0  0.938300 -1.779326 15.698604 -0.535548 -0.024618  0.369456  0.347480   5
  1  0  0.938300-12.111440 17.516408  0.914004 -0.280934  0.442670  0.515289   2
  1  0  0.938300 21.929403 -1.301420 -6.320086  0.425053 -0.006535  0.296257   5
  1  0  0.938300 -4.751283  0.930292-18.629553 -0.041113  0.002431 -0.127967   1
  1  0  0.938300 -4.335401 16.143841 10.509694 -0.193415  0.305169  0.871960   8
  1  0  0.938300 -2.040080  5.922809 -1.710011 -0.131807  0.017910  0.360208   4
  1  0  0.938300  8.912371 -5.540176 -8.233054  0.155337 -0.182140  0.223036   5
  1  0  0.938300-11.673514  7.659670  0.981781 -0.160368  0.244117  0.597082   4
  1  0  0.938300-11.098186 -6.371262-12.799080 -0.136208 -0.140309  0.182208   1
  1  0  0.938300 -0.272188 -8.427376 -3.008107 -0.027098  0.038195  0.344972   2
  1  0  0.938300  9.198840 13.394350-16.449227  0.115697  0.268011  0.127932   5
  1  0  0.938300 12.636647 -6.929066 -6.175175  0.194961 -0.158553  0.248390   2
  1  0  0.938300-13.270534-11.193198 -4.173371 -0.211765 -0.113282  0.423208   2
  1  0  0.938300 12.328876 14.805345 -4.127919  0.305509  0.298632  0.435499   2
  1  0  0.938300  3.980229 -5.449076-24.491621  0.015645 -0.125712 -0.043041   2
  1  1  0.938300 -3.274145  0.747913 13.792705 -0.068904  0.075257  0.624886   3
  1  0  0.938300 11.943139  4.548337-14.507081  0.303658  0.031236  0.028042   5
  1  0  0.938300  3.991508 -4.566281-18.834264 -0.064725  0.053079 -0.032957   2
  1  0  0.938300  5.081345  2.153400-16.132035  0.118891  0.083640 -0.031757   1
  1  0  0.938300 14.301709 15.840232 15.945388  0.324522  0.291168  0.915632   2
  1  0  0.938300-17.572940  6.930151-25.895571 -0.283762  0.144177 -0.195744   2
  1  0  0.938300 -2.983317-12.404944 13.002374 -0.047263 -0.201513  0.948716   4
  1  0  0.938300 -7.689652-14.768525 -7.654413 -0.308275 -0.300269  0.280112   2
  1  0  0.938300  3.115667 10.444619-16.280737 -0.028239  0.253259  0.057775   1
  1  0  0.938300  2.343625-10.179838 -5.310001  0.071219 -0.197606  0.187795   2
  1  0  0.938300  4.114616 -8.730449-19.996608 -0.055770 -0.276668 -0.066576   3
  1  0  0.938300 28.470742 -7.295487 -5.571096  0.499453 -0.080774  0.359700   2
  1  0  0.938300 -8.916722  0.294163-14.644402 -0.279525  0.038894 -0.032541   3
  1  0  0.938300 -1.129763  1.532311 -9.597571 -0.036299  0.028272  0.230610   1
  1  0  0.938300-13.902128  2.762468 10.410254 -0.329794 -0.054655  0.729316   5
  1  0  0.938300 -1.596421-14.372786  9.109782 -0.162929 -0.196113  0.697798   2
  1  0  0.938300 22.426951-10.124988 11.087742  0.435344 -0.152457  0.760621   3
  1  0  0.938300 -9.200657 -1.461983 -8.100590 -0.284847  0.015439  0.196379   4
  1  0  0.938300  5.157499 -0.997397-20.810672  0.057891 -0.086738  0.039185   1
  1  0  0.938300 -1.212687-15.450373-26.054951  0.041452 -0.328863 -0.128474   3
  1  0  0.938300-11.672217 -2.113079 11.664441 -0.281012 -0.051529  0.944549   9
  1  0  0.938300  8.054909 29.868082-15.704882  0.176142  0.658252  0.134237   4
  1  0  0.938300  1.896734 -3.334628  6.010709  0.043890  0.028511  0.759534   7
  1  0  0.938300  0.337092  7.213938-13.484037  0.116592  0.131261  0.045725   1
  1  0  0.938300 10.071574 -9.623501-11.846304  0.191012 -0.080607  0.181629   1
  1  0  0.938300  5.251822  1.793895-26.095634  0.211313  0.067755 -0.079985   2
  1  0  0.938300  5.617620  8.593450-15.740335  0.059867  0.009469  0.152386   1
  1  0  0.938300  6.139388 -9.340669-15.468562 -0.022090 -0.116081  0.067729   2
  1  0  0.938300 -7.120005 -7.127064-20.240594 -0.211449 -0.117405  0.024522   1
  1  0  0.938300  9.761236-12.425206-17.437765  0.090957 -0.313481 -0.031452   3
  1  0  0.938300 18.175479 -5.250548 -7.149320  0.241500 -0.209667  0.318374   3
  1  0  0.938300 -1.224040  8.432288 -2.985192  0.019718  0.157343  0.361787   3
  1  1  0.938300  2.898526 -1.064021 21.212000  0.049971 -0.111125  0.944121   7
  1  0  0.938300  4.603717 -2.148528-10.686860 -0.000257 -0.038340  0.201858   1
  1  0  0.938300-18.830207 18.963492 -6.285600 -0.282589  0.522432  0.280146   2
  1  0  0.938300 13.109039 -5.039223 -4.562239  0.365043 -0.159190  0.259353   5
  1  0  0.938300 -0.748307-12.002119-14.132149 -0.132244 -0.258917  0.073722   8
  1  0  0.938300  2.114477 10.953118 12.847581  0.061770  0.218664  0.794211   4
  1  0  0.938300  5.033059 -0.738880-15.876834  0.034175 -0.122433  0.172998   1
  1  0  0.938300  5.362197  0.388448  0.379643  0.307115 -0.074740  0.448814   6
  1  0  0.938300  8.097627 -9.813713 17.836224  0.145137 -0.227954  1.018185   5
  1  0  0.938300  5.978344 -3.721088  2.662562  0.205559 -0.103945  0.557587   8
  1  0  0.938300 -4.115328  5.469996-24.478607 -0.076359  0.085506 -0.118324   1
  1  0  0.938300 -6.388037  0.251335-17.219069 -0.031712 -0.036766  0.179678   1
  1  0  0.938300 14.983069 -1.166662 -9.088353  0.298269  0.029662  0.308941   2
  1  0  0.938300-10.622288-14.889433 -8.242020 -0.227314 -0.305104  0.174841   6
  1  0  0.938300 12.373883-18.964295 -2.194189  0.155188 -0.277159  0.334230   2
  1  0  0.938300 14.922262 14.706323  4.822515  0.199295  0.347027  0.572217   4
  1  0  0.938300  1.794373 10.345183-20.887124 -0.004763  0.056180 -0.020601   1
  1  0  0.938300-15.920399-11.558457  1.509148 -0.191313 -0.227884  0.417006   2
  1  0  0.938300 -2.404185 -5.052139-12.186988  0.084385 -0.162106  0.127237   1
  1  0  0.938300  4.568122  8.381392 -6.726386  0.140216  0.221586  0.157588   3
  1  0  0.938300 -8.542679  4.844429-18.775728 -0.136967  0.085798 -0.002871   1
  1  0  0.938300-12.087774 -7.537559-21.206071 -0.221596 -0.043799  0.019675   1
  1  0  0.938300 11.177787 10.808446  3.297867  0.273181  0.370222  0.626071   2
  1  0  0.938300 11.022801-21.879032 13.884001  0.147600 -0.553567  0.871153   3
  1  0  0.938300 -0.528514 -0.605042-13.397221 -0.161914 -0.056367  0.112456   6
  1  0  0.938300  5.643261 -0.433790-17.954045  0.099379  0.071720 -0.105698   1
  1  0  0.938300  3.903411  9.971359-16.968404  0.014276  0.007100  0.070704   1
  1  0  0.938300-13.535362 14.081849  0.208477 -0.222532  0.295380  0.512621   4
  1  0  0.938300 -9.360850-13.413236  9.750826 -0.210599 -0.162583  0.594013   2
  1  0  0.938300-10.901221 13.468377 -4.453997 -0.404319  0.334497  0.299452   4
  1  0  0.938300-16.663432-15.881821 -4.316771 -0.291782 -0.315827  0.406408   4
  1  0  0.938300 -5.213636-11.349020-18.165003 -0.133881 -0.239663 -0.069233   1
  1  0  0.938300 -6.324795-20.781830-11.005207 -0.037723 -0.428865  0.248201   4
  1  0  0.938300 -6.927679 18.492268  3.729069 -0.191508  0.520427  0.731486   3
  1  0  0.938300  2.408582  6.128459  4.906306  0.073535  0.010949  0.550809   2
  1  0  0.938300  7.340235  7.589780-13.330687  0.116785  0.031255  0.081236   2
  1  0  0.938300  2.950307 -4.884431-17.275224  0.034923 -0.047537 -0.038549   1
  1  0  0.938300  6.827861 -9.157265-17.618548  0.054704 -0.089008  0.074878   1
  1  0  0.938300 16.431704 21.944359 14.299016  0.321457  0.477973  0.935483   2
  1  0  0.938300  0.268002 -3.942729-15.886953  0.010543  0.003032  0.039777   2
  1  0  0.938300-11.321778 -2.553866 14.954541 -0.243597 -0.063011  0.942537   4
  1  1  0.938300  9.003331  0.957083-17.450860  0.317071  0.113712 -0.032969   1
  1  0  0.938300-16.029103 14.397697-11.484865 -0.379522  0.398650  0.201082   4
  1  1  0.938300-10.520874  7.267507-13.038977 -0.170642  0.137689  0.129039  -4
  1  1  0.938300  5.261581  9.495647 13.010312  0.244196 -0.003807  0.920961  -5
  1  1  0.938300 -4.037840 -7.967573 11.166298 -0.157959 -0.132887  0.802541  -2
  1  1  0.938300-10.110627 -4.006357 21.878040 -0.152655 -0.139691  1.065111  -1
  1  1  0.938300 11.792144 -1.291269 -6.447337  0.161462 -0.027692  0.253329  -6
  1  1  0.938300  9.403260  3.015166 20.528874  0.145112  0.035607  0.818323  -1
  1  1  0.938300 -6.550273 16.908836 -3.208550 -0.206421  0.247933  0.371639  -2
  1  1  0.938300-14.713729 -4.749899 -5.640004 -0.214808 -0.028134  0.338613  -4
  1  1  0.938300  4.295791 -4.106151 15.718730  0.153946 -0.049414  0.863758  -1
  1  1  0.938300 17.665949 20.038399-14.379175  0.305323  0.472138  0.156658  -4
  1  1  0.938300 -5.012365 -7.541980 17.437818 -0.062755 -0.063732  0.900145  -1
  1  1  0.938300-15.460476  5.452506-10.667444 -0.309101  0.141018  0.238307  -3
  1  1  0.938300 18.747962 -5.709649 -0.128528  0.365025 -0.111577  0.483481  -4
  1  1  0.938300  0.736704  4.640000 11.981186 -0.038833  0.169078  0.865870  -1
  1  1  0.938300 16.563516 -4.967507 11.551561  0.308539 -0.221427  0.938012  -3
  1  1  0.938300  7.221806 -4.422238 16.144635  0.230001 -0.203288  0.935805 -11
  1  1  0.938300 -2.092764 -4.499207 11.894488  0.010189 -0.188119  0.736762  -5
  1  1  0.938300 11.043350 -5.206840-13.640639  0.379290 -0.160590  0.053763  -3
  1  1  0.938300  9.289336  0.706829 17.673468  0.063275  0.050287  0.851008  -1
  1  1  0.938300-12.359592 12.660470 24.480779 -0.287650  0.270873  1.308113  -3
  1  1  0.938300-18.468018  1.078015  3.255029 -0.287479  0.036861  0.440862  -3
  1  1  0.938300 19.612097 -4.656730  5.023751  0.344990 -0.030444  0.574270  -6
  1  1  0.938300-18.672087-12.669698-11.048844 -0.385233 -0.285928  0.265128  -4
  1  1  0.938300 -7.667347 -1.690202 13.781401 -0.159650  0.035075  0.682933  -1
  1  1  0.938300 -2.911978 -9.030507 -5.089595 -0.039189 -0.231232  0.245843  -7
  1  1  0.938300  7.632952 -9.902335 -4.912773  0.145265 -0.129470  0.380448  -6
  1  1  0.938300 -6.089661-21.428585  9.621263 -0.141235 -0.489401  0.779672  -1
  1  1  0.938300  0.897728  7.986750 13.857248  0.015631  0.122073  0.864299  -1
  1  1  0.938300 -1.670100 12.713722 18.364756 -0.029036  0.156395  0.929654  -1
  1  1  0.938300 16.167299 -7.479808  4.082693  0.405144 -0.201305  0.629192  -5
  1  1  0.938300-27.470160  1.012554  5.970380 -0.670060 -0.041883  0.737102  -2
  1  0  0.938300 -1.384730-24.561060 -4.025073  0.006562 -0.584556  0.386456  -6
  1  1  0.938300 12.859085 23.049951  5.179532  0.318248  0.493630  0.683254  -2
  1  1  0.938300  4.492628  7.256587 15.352394  0.077306  0.005401  0.896717  -1
  1  1  0.938300 23.813219  1.058980  3.294036  0.526496 -0.041370  0.591363  -5
  1  1  0.938300 11.369104-18.978647 15.689574  0.165817 -0.440325  1.029678  -4
  1  1  0.938300  3.595030-20.967621  9.614043  0.007305 -0.511156  0.831368  -4
  1  1  0.938300  2.465443  0.847256 -0.445371 -0.021632 -0.033149  0.545758  -5
  1  1  0.938300 -1.877226 -5.725561 20.936475  0.003642 -0.128768  0.836113  -1
  1  1  0.938300  4.909276  1.488866 17.173021  0.025749  0.062760  0.853617  -1
  1  1  0.938300-12.933532 -4.813273  1.581361 -0.182607 -0.016283  0.449058  -7
  1  1  0.938300  4.008238 12.365610 13.612318 -0.020621  0.207512  0.726372  -4
  1  1  0.938300 -6.092155-12.707834 -3.134300 -0.079002 -0.360980  0.448936  -3
  1  1  0.938300  5.834133 10.082181 12.872099  0.140597  0.215409  0.806461  -1
  1  1  0.938300  7.366177  5.454162 12.371381  0.098520  0.068946  0.779064  -4
  1  1  0.938300  0.854845 20.954570 28.369872 -0.121106  0.481897  1.492604  -2
  1  1  0.938300 15.194993 12.877212 -8.422950  0.288699  0.320469  0.213499  -6
  1  1  0.938300-11.376829 -4.869061 11.971735 -0.032820 -0.049998  0.680029  -1
  1  1  0.938300  0.637423  3.616219 13.057118  0.006022 -0.016094  0.868619  -1
  1  0  0.938300 -0.173260 -5.288150 -4.737332 -0.036206 -0.174579  0.365021  -5
  1  1  0.938300  9.978114 -0.032320 13.058645  0.143764 -0.042442  0.932784  -7
  1  1  0.938300 -6.091376  1.322795 27.725767 -0.223287  0.022825  1.238157  -2
  1  1  0.938300 -9.366016 -7.655131-13.517865 -0.088194  0.019723  0.043900  -6
  1  1  0.938300 -5.508782 -3.042284 19.597403 -0.042881 -0.104009  0.909670  -1
  1  1  0.938300 -8.730135  2.773052 22.653333 -0.088003  0.028061  1.076581  -1
  1  1  0.938300 10.167999 -6.409523 -7.535442  0.232920 -0.090481  0.310048  -2
  1  1  0.938300-17.065208 -6.283790  7.071818 -0.204560 -0.174622  0.657835  -3
  1  1  0.938300-13.182649  4.057057 -3.754855 -0.269937  0.053103  0.336310  -7
  1  1  0.938300  5.405915  3.541475 20.412372  0.071662 -0.056811  0.990610  -1
  1  1  0.938300  3.521793  8.191165  7.603661  0.150010  0.029361  0.684127  -5
  1  1  0.938300 -8.102350  0.942999 13.935358 -0.117372 -0.028773  0.925609  -1
  1  1  0.938300 -5.927659 21.691283  1.158248 -0.167966  0.630728  0.610852  -3
  1  1  0.938300 -4.515287 -7.717413-11.093100 -0.149165 -0.239610  0.130456  -5
  1  1  0.938300-14.329515 -8.377533 19.690478 -0.236032 -0.209072  0.963768  -1
  1  1  0.938300  8.243457-21.043644  3.296369  0.241226 -0.316583  0.542676  -4
  1  1  0.938300 -5.509149 -5.766521  9.876971 -0.024679 -0.004113  0.723180  -2
  1  1  0.938300  6.634915 -1.324782 -8.501995  0.184446 -0.141679  0.322650  -3
  1  1  0.938300 -3.439085 -6.567161 20.998906 -0.129975 -0.099198  0.891706  -1
  1  1  0.938300-12.802578 -6.143987 23.262496 -0.213211 -0.120186  1.124843  -1
  1  1  0.938300  4.813755-11.331325  6.217400  0.076872 -0.266886  0.604005  -5
  1  1  0.938300  4.909398  1.827155 -4.068057 -0.016387 -0.040725  0.377021  -3
  1  1  0.938300 15.047708 10.527860  1.260691  0.202700  0.187340  0.485549  -3
  1  1  0.938300-14.581960 -7.033292  2.899113 -0.150520 -0.128456  0.502926  -5
  1  1  0.938300  6.433845 -1.830395 21.753341  0.155728 -0.020547  0.794894  -1
  1  1  0.938300  7.227270 -6.266457 13.144696  0.222622 -0.132303  0.781374  -7
  1  1  0.938300 -4.187440-21.458529 -5.377767 -0.123366 -0.328397  0.358649  -2
  1  1  0.938300-21.041923  8.279982 11.051322 -0.450103  0.038682  0.863071  -6
  1  1  0.938300  9.985755 17.054433  3.821564  0.109879  0.411193  0.500093  -4
  1  1  0.938300 -6.438544 -1.861773 23.251530 -0.138994 -0.028111  1.084380  -1
  1  0  0.938300 -6.224758 -4.226362-10.189685 -0.164229  0.021325  0.130905  -3
  1  0  0.938300  9.375998 12.971210  3.144203  0.118686  0.145568  0.475322  -4
  1  0  0.938300-10.877156  4.124386  5.627693 -0.156396 -0.023385  0.604506  -2
  1  0  0.938300 -0.183006  4.364013  6.215354 -0.098003  0.005241  0.552084  -2
  1  0  0.938300-11.536455 -4.747830 13.210931 -0.142473 -0.073051  0.771228  -1
  1  0  0.938300  0.712840  1.791943 15.574207  0.155292  0.104825  0.892990  -1
  1  0  0.938300 -3.049566 22.674523  8.810105 -0.173981  0.389237  0.679387  -4
  1  0  0.938300  0.528886 -5.992021  2.069860  0.049985  0.016329  0.498043  -5
  1  0  0.938300 -7.574169 -9.820140 -5.390777 -0.192201 -0.209605  0.304912  -3
  1  0  0.938300 -4.109000-10.493118 14.597945 -0.141829 -0.198113  0.815194  -1
  1  1  0.938300-17.002917 17.013718-20.126629 -0.381773  0.290485 -0.038496  -5
  1  0  0.938300 -1.517313  9.922185  1.229523 -0.091710  0.251052  0.438023  -7
  1  0  0.938300  5.084321 12.577109 -5.509313  0.224699  0.146403  0.367858  -3
  1  0  0.938300 12.092565 12.942952 16.426640  0.218546  0.166379  0.896725  -2
  1  0  0.938300 -1.406776  3.192381 31.084413  0.021333  0.035076  1.221828  -1
  1  0  0.938300-10.302133 -4.315141 11.446038 -0.139761 -0.028907  0.611059  -1
  1  0  0.938300  6.318706  0.019789 13.739635 -0.057846  0.029094  0.840007  -2
  1  0  0.938300 -9.836946 22.777041 14.853988 -0.222369  0.457660  0.951900  -3
  1  0  0.938300  3.690899  4.405495 12.996894 -0.010050 -0.018855  0.715754  -2
  1  0  0.938300  5.532297 12.523093 15.313797  0.116385  0.176867  0.806222  -1
  1  0  0.938300  9.628584 -3.039311  7.759196  0.141717 -0.116577  0.608035  -2
  1  0  0.938300 14.964649-21.865705  1.033061  0.354506 -0.359226  0.490329  -2
  1  0  0.938300  2.085921  5.605692 16.248743  0.027499  0.095957  0.908268  -1
  1  0  0.938300-10.005676  1.534793-10.788591 -0.185042 -0.073714  0.247353  -2
  1  0  0.938300  0.887319 -4.577614 12.944017  0.001190 -0.012663  0.862595  -1
  1  1  0.938300  3.561019  4.556125  8.246838  0.067883  0.084571  0.795468  -8
  1  0  0.938300 10.941788 -8.655226-13.256549  0.233047 -0.080037  0.175270  -4
  1  0  0.938300 -3.077539 -6.139220 17.912351 -0.164309 -0.243104  1.001160  -3
  1  0  0.938300-16.050038  4.653807  5.249750 -0.341160  0.086014  0.550136  -4
  1  0  0.938300 -6.188152 -5.101135 16.157348 -0.154777  0.033074  0.831456  -1
  1  0  0.938300  5.945436 -9.774322-24.709754  0.163059 -0.173520  0.009083  -3
  1  0  0.938300  5.450435 -4.946804 -9.115586  0.143663 -0.190362  0.164994  -3
  1  0  0.938300  0.022936 -7.758641  6.582028  0.115162 -0.244004  0.597530  -4
  1  0  0.938300 -7.707057-10.138195 12.352183 -0.137124 -0.244973  0.773027  -2
  1  0  0.938300  6.508309  0.245375 16.364702  0.090410 -0.050185  0.610989  -1
  1  0  0.938300  0.934183  8.960552  6.956882 -0.039488  0.042680  0.625510  -4
  1  0  0.938300  7.686437  5.722545 -7.438778  0.063985 -0.035380  0.220795  -3
  1  0  0.938300  0.362886 -0.545125 10.019613  0.082390 -0.054017  0.615329  -1
  1  0  0.938300 12.836291  9.677450 -3.594527  0.244105  0.197850  0.366361  -4
  1  0  0.938300  5.837428  5.080398 23.023523  0.193616  0.117330  1.061772  -1
  1  0  0.938300  0.265406 -0.717431 27.372284 -0.027590 -0.108304  1.317502  -2
  1  0  0.938300  6.174208-14.211681-14.182560  0.116477 -0.233846  0.059477  -3
  1  0  0.938300  1.337581 -1.934129-10.314508 -0.003383 -0.003063  0.109175  -5
  1  0  0.938300 17.998499-14.921422-18.762206  0.593267 -0.360283 -0.092682  -4
  1  0  0.938300 -2.054146 -5.183831 14.089155 -0.085022 -0.065176  0.894695  -1
  1  0  0.938300 -6.850570 -9.918958 11.750427 -0.107234 -0.206163  0.871791  -5
  1  0  0.938300 16.658473  6.014919 -2.674140  0.433332 -0.045494  0.360177  -4
  1  0  0.938300 13.076307-18.336324-16.058996  0.162987 -0.388200  0.193150  -2
  1  0  0.938300-12.199199 17.740303 -7.026807 -0.205794  0.284449  0.205468  -4
  1  0  0.938300  7.710950  7.896224 17.010793  0.161117  0.140102  0.756820  -1
  1  0  0.938300 -5.450867 -8.324161 20.162612 -0.122161 -0.167591  1.125485  -1
  1  0  0.938300  6.675276  0.173902 16.043784  0.102995  0.028189  1.090598  -1
  1  0  0.938300 -4.326946  9.425778-10.197896 -0.037131  0.158542  0.196991  -4
  1  0  0.938300 -4.953761 17.879707  2.723287 -0.023487  0.267872  0.576751  -2
  1  0  0.938300 -2.205033 -2.814450 24.409551 -0.112540  0.085470  1.063290  -1
  1  0  0.938300 10.586230  8.744679 18.167205  0.111372  0.075957  1.017914  -1
  1  0  0.938300 -9.769609 -8.249418  0.565005 -0.225295 -0.134703  0.307422  -7
  1  0  0.938300 -4.192043 -2.901059 13.349035 -0.106375 -0.112609  0.638167  -1
  1  0  0.938300 -3.928063  4.245454  1.735249  0.005090  0.216506  0.407584  -3
  1  0  0.938300 -1.300630 -7.989282 14.177801 -0.005992 -0.072783  0.680281  -1
  1  0  0.938300-10.152198  6.760774-16.388382 -0.284991  0.188055  0.078899  -5
  1  0  0.938300 -2.262989  8.791499 11.012254 -0.072294  0.108633  0.566188  -1
  1  0  0.938300 24.369444-11.473736 -1.553697  0.419111 -0.270139  0.379305  -2
  1  0  0.938300 -0.089361 14.760850-11.016004  0.076810  0.167956  0.192639  -3
  1  0  0.938300  6.936149  1.089978 17.098462  0.027515  0.072756  0.938573  -1
  1  0  0.938300 -1.708409 12.549037 -0.090121 -0.077142  0.182457  0.457003  -2
  1  0  0.938300-14.367229 16.356897  9.123775 -0.380409  0.439281  0.895839  -5
  1  0  0.938300 14.436957 12.628459 -0.450518  0.285925  0.252298  0.395620  -8
  1  0  0.938300 14.266866 -2.928735 12.838783  0.292619 -0.086282  0.836300  -9
  1  0  0.938300  4.936343 10.760487 21.108280  0.054738  0.120483  1.192612  -1
  1  0  0.938300-32.340998  0.963497  7.435032 -0.661724  0.033527  0.754378  -3
  1  1  0.938300 -1.989703-11.383989 17.662254 -0.166223 -0.191717  0.880840  -3
  1  0  0.938300 -0.140741  3.505073 -0.243018 -0.105217  0.102045  0.424470  -5
  1  0  0.938300-15.797939-27.821525-14.710455 -0.332698 -0.673671  0.169822  -6
  1  0  0.938300 -0.676623 -5.330893 12.355353 -0.085859 -0.065321  0.930053  -1
  1  0  0.938300 -1.737408  4.219997 -2.250841 -0.067791  0.090293  0.353959  -6
  1  0  0.938300  6.309189 -7.706775  1.751092  0.222070 -0.128428  0.554326  -1
  1  0  0.938300-11.277633 15.969104 10.641587 -0.157841  0.306146  0.774081  -3
  1  0  0.938300 17.094024 16.359532  2.748343  0.303434  0.337364  0.604152  -4
  1  0  0.938300  5.838049  8.071103 22.404277 -0.024300  0.066157  0.996724  -1
  1  0  0.938300 -6.627278 17.673007 -6.575207  0.006284  0.502177  0.267308 -12
  1  0  0.938300 12.977744 -4.189552 -2.323547  0.322716 -0.152269  0.369630  -5
  1  0  0.938300  2.496307  3.888925 11.821346 -0.047650  0.049436  0.888309  -1
  1  0  0.938300 -5.093763 10.230892 16.814990  0.023439  0.168834  0.874329  -1
  1  0  0.938300  8.530367 -1.403883 16.321017  0.114109  0.016307  0.792630  -1
  1  0  0.938300 -0.704018-15.691138  1.757902  0.046002 -0.250146  0.528663  -3
  1  0  0.938300  6.737820 13.123651 11.082737  0.142066  0.242685  0.722127  -3
  1  0  0.938300 -7.177061 -6.329440 -2.231924 -0.099096  0.014946  0.377078  -8
  1  0  0.938300-12.268907-11.503727  5.374041 -0.313535 -0.316575  0.556289  -6
  1  0  0.938300 -0.937587 -2.821441 25.841927  0.025994 -0.039033  1.080664  -1
  1  0  0.938300-10.940070  4.211204 22.827409 -0.196364  0.168634  1.028888  -4
  1  0  0.938300 -9.237720-16.876917 -4.830527 -0.154407 -0.295292  0.387837  -4
  1  0  0.938300 -0.221065  4.432117 10.896225 -0.024331  0.086508  0.674362  -3
  1  0  0.938300-23.709544 17.132660  4.168772 -0.585974  0.432431  0.643812  -4
  1  0  0.938300  3.989664  3.836119 12.676020  0.086220  0.077078  0.690191  -1
  1  0  0.938300  3.462064 -0.417667-14.723829 -0.082030 -0.118879  0.032121  -4
  1  0  0.938300 -6.957077 -1.574108 -0.863878 -0.231685  0.134516  0.523269  -5
  1  0  0.938300 22.915193-12.285271 11.202501  0.684688 -0.183657  0.864722  -3
  1  0  0.938300 14.154919 -1.564780-17.442374  0.213679 -0.143397  0.057948  -2
  1  0  0.938300 -2.968698-11.718497 21.249748  0.023408 -0.238496  0.903504  -1
  1  0  0.938300 -1.406138 -2.685964 15.873974 -0.156329 -0.098175  0.973952  -2
  1  0  0.938300 -9.406594  5.177060 24.503909 -0.168510  0.013845  1.035457  -1
  1  0  0.938300 -1.189541  6.909185 15.316429  0.036714 -0.025134  0.856502  -2
  1  1  0.938300-10.556224  1.450392  3.186358 -0.145998  0.021054  0.564878  -2
  1  0  0.938300  6.824451 -5.243354 10.257286  0.084846 -0.056295  0.678311  -1
  1  0  0.938300-19.293196 -5.698692 -6.110332 -0.337707 -0.164306  0.316795  -7
  1  0  0.938300  6.439810 -7.711446-12.946520  0.182778 -0.012365  0.206245  -2
  1  0  0.938300-11.109289 -1.397257  8.977064 -0.264774  0.022335  0.659652  -4
  1  0  0.938300  7.367084  0.023881 22.945564  0.133666 -0.089415  1.079156  -1
  1  0  0.938300  4.730595 -8.926086 17.438028  0.055058 -0.227376  0.926377  -1
  1  0  0.938300 -7.938253  4.620958 18.950585 -0.183520  0.035100  1.106726  -1
  1  0  0.938300-14.981096-11.056295  2.386877 -0.455743 -0.126225  0.539407  -7
  1  0  0.938300  7.723107  1.108060  1.286674  0.039912  0.059427  0.485856  -3
  1  0  0.938300  8.668598  7.254626  0.638095  0.200083  0.093923  0.397009  -4
  1  0  0.938300  2.097712 -5.350296  4.925271 -0.011770 -0.218350  0.618577  -1
  1  0  0.938300-23.831567  6.139251 -1.262218 -0.405981  0.067935  0.354850  -3
  1  0  0.938300-24.397246 18.704571  3.995938 -0.563321  0.378577  0.668384  -3
  1  0  0.938300-13.411656  6.456170  4.867743 -0.209226  0.333602  0.748620  -4