  1  1  0.938300 -7.809288 -5.560398-11.896850 -0.103550 -0.106456  0.127570   1
  1  1  0.938300  2.726437  5.062072-13.697715  0.085646  0.207089  0.193297   6
  1  1  0.938300 10.081456 -4.481893-15.454129  0.293816 -0.100356  0.054198   3
  1  1  0.938300 16.338519 -0.731691-11.342891  0.306889 -0.089053  0.218373   2
  1  1  0.938300 -3.424356 -9.452429-12.499365 -0.144957 -0.314015  0.046381   2
  1  1  0.938300 -6.497459  2.075948 -9.754667 -0.197485  0.019482  0.023060   2
  1  1  0.938300 -2.394614  2.730779-11.296143  0.055050  0.106029  0.145500   1
  1  1  0.938300 19.597681 -9.837593-12.479280  0.469493 -0.298214  0.171226   7
  1  1  0.938300 -3.264182 11.018999 18.845486 -0.103048  0.227989  0.854803   3
  1  1  0.938300-11.928542 29.842573  0.572963 -0.340648  0.689998  0.598441   3
  1  1  0.938300 -3.569931 -5.663703-10.620255 -0.013387 -0.120696  0.176362   1
  1  1  0.938300-20.105686 -2.784139 -3.601420 -0.459173  0.057579  0.466401   2
  1  1  0.938300  5.047772 13.462333-18.444224  0.063755  0.193755  0.075600   2
  1  1  0.938300 11.467681 -0.303711 10.248264  0.091842  0.091639  0.624939   8
  1  1  0.938300 -7.010755-10.791523 -8.002264 -0.221472 -0.193501  0.275029   4
  1  1  0.938300  4.157335  4.068172-20.418697  0.084597  0.085391  0.105821   1
  1  1  0.938300 10.076720-16.922540  3.024628  0.074025 -0.365675  0.533729   4
  1  1  0.938300 -2.020844  3.697311-17.840473  0.054268  0.014917  0.027549   1
  1  1  0.938300-11.624480-15.154452 14.228827 -0.336236 -0.279418  0.822347   3
  1  1  0.938300 -7.922010 -7.824374-22.927906 -0.130108 -0.139500 -0.010004   1
  1  1  0.938300 -8.572101 -9.071859-19.659201 -0.115769 -0.040422  0.070267   1
  1  1  0.938300 -5.146545-17.357183  1.313501 -0.038092 -0.332366  0.493677   2
  1  1  0.938300 12.507472  8.035209-17.342382  0.266124  0.053577  0.031812   2
  1  1  0.938300  3.346200-10.928154 -8.738877  0.062866 -0.150500  0.150419   3
  1  1  0.938300 -4.878003 -1.838491 -5.926545 -0.072311 -0.127730  0.298118   2
  1  1  0.938300  5.928909  5.085273-25.284696  0.172659  0.055892 -0.150706   1
  1  1  0.938300 -4.282643-24.089063-17.547369 -0.079409 -0.523161  0.053064   4
  1  1  0.938300 24.630268 -7.225562 -7.602468  0.437536 -0.160245  0.312738   3
  1  1  0.938300 19.332335 17.229238  6.866777  0.296331  0.321796  0.630769   3
  1  1  0.938300  7.499446 13.047329 -1.614673  0.202311  0.089847  0.379732   3
  1  1  0.938300  9.274677  5.496226-19.942823  0.181402  0.092117 -0.018851   1
  1  1  0.938300 -1.728730 -3.993790-14.448935  0.130660 -0.027436 -0.002164   1
  1  1  0.938300-18.245835 -2.663315-10.380365 -0.235213 -0.004195  0.194960   4
  1  0  0.938300 19.325321 -6.556928 -6.208917  0.330684 -0.046029  0.347464   6
  1  1  0.938300  9.823585-13.708388 18.227530  0.164282 -0.308396  1.169268   3
  1  1  0.938300-10.646565 -1.279357-24.087863 -0.214058 -0.039989 -0.038515   1
  1  1  0.938300 -4.513270  5.884859-16.900433 -0.002560 -0.016718  0.118108   1
  1  1  0.938300 13.452047  1.280680  0.470019  0.326964 -0.019381  0.499476   4
  1  1  0.938300  2.628501 -6.789350-15.310779  0.032190 -0.127278  0.037039   1
  1  1  0.938300-16.848911 17.386205  1.700492 -0.321354  0.441551  0.538872   5
  1  1  0.938300 13.476253  0.046201-18.398597  0.230106  0.084373  0.033879   1
  1  1  0.938300-23.919903  3.296504-12.885591 -0.740452  0.184696  0.162528   6
  1  1  0.938300  6.737565 -5.200745 -3.683509  0.136207 -0.216804  0.299743   7
  1  1  0.938300  3.641061-10.653510-18.150656  0.037551 -0.176717  0.130419   2
  1  1  0.938300 -8.295666  1.883315-14.528614 -0.181167 -0.020410  0.104224   1
  1  1  0.938300 -0.891669  6.661980 -9.873809  0.069573  0.112006  0.255203   1
  1  1  0.938300 -7.362286  5.727785-13.392717 -0.114623 -0.027209  0.075214   1
  1  0  0.938300  3.802020-23.268423  8.990557  0.107867 -0.450897  0.794469   5
  1  1  0.938300-11.235877-17.339480-16.538355 -0.203414 -0.340523  0.096939   5
  1  1  0.938300 10.982639  6.590121 -0.193746  0.193373  0.130557  0.385880   4
  1  1  0.938300  0.300343 -3.785515-19.745265  0.033013 -0.092956  0.051733   1
  1  1  0.938300 -1.413535  6.042137 26.293313 -0.111775  0.185710  1.264583   9
  1  1  0.938300-11.195249 -8.039374  3.645331 -0.111638 -0.244081  0.542634   2
  1  1  0.938300  0.412716  2.566776  4.372952 -0.022437  0.111125  0.674609   8
  1  0  0.938300 -2.205991 -4.503323  3.558489  0.008960 -0.281928  0.632128   3
  1  0  0.938300  8.901525  3.105200-11.044899  0.073731  0.082220  0.226679   2
  1  1  0.938300 15.563663  6.651329 17.881656  0.257176  0.140756  0.995936   4
  1  1  0.938300 -8.963819 11.397694-19.045052 -0.104984  0.249882 -0.089048   2
  1  1  0.938300 26.474507  3.064976 -9.065010  0.498155  0.067104  0.232104   4
  1  1  0.938300 12.756855-24.657445 16.562745  0.329778 -0.598797  1.110781   3
  1  1  0.938300 -0.181209  1.801844-13.826873 -0.012604 -0.097488  0.104849   1
  1  1  0.938300-11.885156 -0.052994 14.493846 -0.211351 -0.013579  0.845557   5
  1  1  0.938300  4.372464 -2.243256 -4.537449  0.153781  0.016106  0.349665   2
  1  1  0.938300 -0.786572 12.064067  0.605076 -0.068814  0.255025  0.427220   4
  1  1  0.938300  0.459684  0.448062 -8.660112  0.041997  0.004160  0.303494   1
  1  1  0.938300 -7.235090  7.071570-19.601366 -0.158695  0.225436  0.035522   1
  1  1  0.938300  1.421427-10.014209-17.502378  0.026828 -0.176582 -0.021347   1
  1  1  0.938300 -8.038879 16.781174-18.984240 -0.176516  0.333069 -0.022538   7
  1  1  0.938300 -4.167372-10.524250-17.541379 -0.083066 -0.174249  0.034674   1
  1  1  0.938300 18.888646  6.749676  7.248357  0.413489  0.174690  0.792775   6
  1  1  0.938300  2.907078  8.317052-22.564655  0.066370  0.046256 -0.010091   1
  1  1  0.938300  9.311975  3.352710  8.105729  0.151419 -0.006395  0.654084   3
  1  1  0.938300 15.720101-15.466375  6.141523  0.403772 -0.413144  0.507128   4
  1  1  0.938300 21.850136-10.334294-13.236602  0.420490 -0.229161  0.251638   3
  1  1  0.938300  2.198512-10.946991 24.728725  0.086654 -0.275960  1.169235   6
  1  1  0.938300 -2.724555-12.888609-17.642060 -0.021849 -0.088049 -0.056280   1
  1  1  0.938300 -9.826782 -5.367074 20.049756 -0.067009 -0.123215  0.915274   3
  1  0  0.938300 -4.639171 -9.318500 -7.887018 -0.062472  0.024681  0.286196   4
  1  1  0.938300 15.941158 10.190954 -0.710796  0.321102  0.131446  0.356217   4
  1  0  0.938300-22.897321 -9.719820  4.028447 -0.680817 -0.301198  0.530824   4
  1  0  0.938300  5.042189  0.636466-22.547929  0.071255 -0.109383  0.027136   1
  1  0  0.938300  3.194425 -3.408619-14.537943  0.115428  0.118323  0.079331   2
  1  0  0.938300 -4.799144 -4.417808-22.133869  0.037310 -0.016541 -0.081926   1
  1  0  0.938300 -8.865284 10.378458 -2.158931 -0.131955  0.287052  0.291703   4
  1  0  0.938300-20.451322  5.647144  8.711894 -0.527582  0.031005  0.710155   2
  1  0  0.938300 10.014577 -4.484644 -8.879190  0.068719  0.044823  0.238055   1
  1  0  0.938300  2.086658 19.652501  8.310418  0.057526  0.438542  0.719010   2
  1  0  0.938300-14.878345 -8.872685-11.531284 -0.283182 -0.168544  0.158156   4
  1  0  0.938300  4.587269 -1.570675  4.522942  0.052172 -0.004816  0.532768   4
  1  0  0.938300 12.788490  2.014186-20.090933  0.158741  0.024016  0.077756   1
  1  0  0.938300  2.772025 -2.697342-16.265500 -0.011863 -0.001638  0.016461   1
  1  0  0.938300  5.702995 12.343484-24.471699  0.040308  0.203123  0.023515   3
  1  0  0.938300-16.509633  0.743521 -1.495461 -0.488452  0.137520  0.489625   2
  1  0  0.938300 -8.789856 -7.387050-21.905765 -0.110667  0.017948  0.022773   1
  1  0  0.938300 14.950688 -7.724658-13.200902  0.228557 -0.260057  0.114313   3
  1  0  0.938300 11.391763 -4.588487-18.797945  0.062422 -0.037462  0.059229   1
  1  0  0.938300 -0.737216  3.332198-16.503538  0.013827  0.042387  0.092740   1
  1  0  0.938300 10.251208 13.314286  2.622951  0.176710  0.358764  0.557670   5
  1  0  0.938300-10.633637 -5.979874 -1.180558 -0.409670 -0.219744  0.486579   4
  1  0  0.938300 -6.763474 -4.392024  8.658287 -0.161305 -0.068920  0.840298   7
  1  0  0.938300 -5.366328  1.935755-20.810421 -0.209922 -0.019032 -0.016160   1
  1  0  0.938300 12.105830  5.213645 -5.757307  0.140253  0.100835  0.370852   6
  1  0  0.938300 11.039534 19.185452  8.573275  0.094581  0.451344  0.707506   3
  1  0  0.938300  0.066383  1.118483 10.698285  0.015110  0.039867  0.710048   4
  1  0  0.938300 -8.552898  4.867049 12.008457 -0.257547  0.254862  0.982001   5
  1  0  0.938300  2.688889 -0.326522-12.811547  0.084433  0.039725  0.090291   1
  1  0  0.938300  6.680260 -0.408364-24.267886  0.012141 -0.011296 -0.076459   1
  1  0  0.938300  2.813178 -8.680551-10.730375  0.193071 -0.179939  0.190768  14
  1  0  0.938300 23.997510  3.304934 -9.006271  0.560483  0.151093  0.403917   2
  1  0  0.938300  4.899200  9.783324-11.884885  0.094311  0.215020  0.070713   3
  1  0  0.938300  5.727770  4.849693-18.179770  0.043945  0.074046 -0.051353   1
  1  0  0.938300 -0.648455 -8.842809 10.381044  0.095139 -0.233055  0.702688   2
  1  0  0.938300  6.858717-15.118588  8.423256  0.074952 -0.227343  0.730629   3
  1  0  0.938300  1.342753  5.783614-11.993901 -0.048051  0.191487  0.215854   9
  1  0  0.938300 17.625336-30.006644-10.671467  0.367270 -0.669135  0.316185   5
  1  0  0.938300 -8.398855 -0.332841-22.076623 -0.087545  0.010313 -0.051506   1
  1  0  0.938300 12.417948-20.134790  1.062496  0.219099 -0.297849  0.514986   3
  1  0  0.938300  5.320425 -8.084530-15.261783 -0.041508 -0.138470  0.038286   4
  1  0  0.938300 -9.169698  8.725538-17.079204 -0.142150  0.027827 -0.024587   4
  1  0  0.938300 12.325657  0.042892 12.239704  0.139367  0.043735  0.835092   3
  1  0  0.938300-11.466428  7.578245-27.101850 -0.167174  0.113495 -0.092347   1
  1  0  0.938300 10.600926 -5.597843  5.558279  0.270544 -0.178272  0.566872   3
  1  0  0.938300  7.452690  9.714864  9.093477  0.081721  0.182771  0.780939  11
  1  0  0.938300  3.640246  8.921456 -4.924412  0.034384  0.154369  0.406873   6
  1  0  0.938300  2.971962 13.859712-14.726162  0.194208  0.147145  0.096767   2
  1  1  0.938300 -2.891867 -0.350641-16.476369 -0.089217  0.130949  0.057201   3
  1  0  0.938300-14.633564 10.220828 -7.374707 -0.329288  0.174128  0.192195   2
  1  0  0.938300 -3.923704-18.840564-11.091974 -0.075606 -0.287459  0.176221   3
  1  0  0.938300  9.367799  4.932898-11.021552  0.123630 -0.031240  0.211912   1
  1  0  0.938300 -2.946813-18.592564 -1.786637 -0.083637 -0.237537  0.435162   5
  1  0  0.938300 -5.826941 10.418997-15.646748  0.032578  0.217124  0.100403   1
  1  0  0.938300 -0.171651  1.519375-19.441433  0.009729 -0.137687  0.001680   1
  1  0  0.938300-16.582127 15.072461 10.879054 -0.361235  0.162715  0.694897   3
  1  0  0.938300 16.085974 11.020190 18.980558  0.357829  0.126612  0.947485   3
  1  0  0.938300  2.213864 -4.913591 13.661163  0.052016 -0.118889  0.611443   8
  1  0  0.938300 -1.516616  5.393695-19.574552 -0.061385  0.028292 -0.085527   1
  1  0  0.938300 10.817055  6.948121-10.769366  0.269986  0.054039  0.165045   4
  1  0  0.938300 -6.034688  2.799870-17.114763 -0.129529  0.045180 -0.011399   1
  1  0  0.938300 17.415110 -8.301870 -1.118211  0.235613 -0.097765  0.488832   4
  1  0  0.938300-11.631599  6.268397-10.474209 -0.147518  0.216649  0.242604   1
  1  0  0.938300  8.973514 -1.779966-28.119766  0.127512 -0.003744 -0.113543   1
  1  0  0.938300  4.686328  4.012162 -4.016069  0.059055  0.078495  0.328276   3
  1  0  0.938300-10.617646-18.209764-10.621559 -0.146119 -0.252441  0.268715   3
  1  1  0.938300 22.549388 -6.953594 -7.176839  0.391105 -0.142494  0.332557   8
  1  0  0.938300  1.883591 -6.343136 12.645924  0.172445 -0.129430  0.785317   2
  1  0  0.938300  4.152061 -0.600356-23.460347  0.101881 -0.111680 -0.015683   1
  1  0  0.938300  7.521935  9.324644-19.785581  0.091858  0.149545 -0.085988   1
  1  0  0.938300 -1.036360  5.211932-19.133825  0.109148  0.078250 -0.051759   4
  1  0  0.938300-19.287984-10.372220  1.486987 -0.393252 -0.222276  0.578826   2
  1  0  0.938300 -5.213526-20.613598 -7.766548 -0.145469 -0.283705  0.335709   3
  1  0  0.938300  0.747414  8.770339-10.744651 -0.089350 -0.022547  0.193902   1
  1  0  0.938300  5.332922  4.352703-15.185863  0.133688  0.132496  0.092751   3
  1  0  0.938300  6.067023 -2.059638-12.335890  0.086832 -0.018170  0.018003   1
  1  0  0.938300 16.529117 -8.733889-16.553902  0.452111 -0.323588  0.011367   6
  1  0  0.938300  7.662701 -4.874751-17.367606  0.162864 -0.136866 -0.182768   4
  1  0  0.938300 -6.694820 -7.714810-23.105236 -0.126570  0.000592  0.019013   1
  1  0  0.938300-11.740307  3.889201-19.882837 -0.272356  0.002463 -0.154538   2
  1  0  0.938300 -0.678797 -1.891665 -8.922084 -0.032894 -0.106495  0.150450   6
  1  0  0.938300 10.256000 24.160538  5.844732  0.316469  0.596685  0.589260   3
  1  0  0.938300  2.497330  4.674409 -4.133722  0.105475  0.209876  0.414220   8
  1  0  0.938300  7.695324  3.341197-18.023067  0.065138 -0.056583 -0.017640   1
  1  0  0.938300  0.305200 -0.001030-19.135057  0.042671 -0.011292 -0.011699   1
  1  0  0.938300-15.895357 -0.531041 16.144345 -0.266684 -0.078010  0.982495   3
  1  1  0.938300  0.929813  0.250068  0.918215  0.087079 -0.100594  0.373924  10
  1  0  0.938300 15.692042 11.006719 -3.766260  0.305656  0.380955  0.393583   2
  1  0  0.938300 -6.766151 -1.168278-14.192047 -0.005089  0.018770  0.100643   1
  1  0  0.938300-10.085567 -3.975181 -5.913485 -0.308264  0.012387  0.345959   6
  1  0  0.938300-19.426198 31.307581 -1.303211 -0.436482  0.778693  0.545018   2
  1  0  0.938300-11.638581 -2.664040-15.767893 -0.232696 -0.160030  0.215454   2
  1  0  0.938300 13.126420 -9.621157  0.148958  0.116910 -0.050972  0.437312   2
  1  0  0.938300  7.566109 -3.267588-15.157800  0.075348 -0.175416 -0.050074   1
  1  0  0.938300-15.728964  2.338982 14.358619 -0.324895  0.123874  0.911315   3
  1  0  0.938300 -3.294767 -0.447108-13.837714 -0.095180  0.047706  0.262360   1
  1  0  0.938300 -2.157340 13.872519-22.813326 -0.146790  0.295887 -0.038611   3
  1  0  0.938300 -5.050031  4.624777-17.934315 -0.018974  0.156113  0.022029   1
  1  0  0.938300 12.921597 -6.560384-17.255166  0.101043 -0.099544  0.098761   1
  1  0  0.938300-11.825756 -8.077999 13.189010 -0.281330 -0.109964  0.773651   4
  1  0  0.938300 11.803697-13.461160 19.806863  0.196089 -0.227342  1.123652   3
  1  0  0.938300 -9.180875  7.879817  3.006954 -0.215225  0.215034  0.529669   3
  1  0  0.938300 19.775374 -4.407132 -5.163301  0.379578 -0.061613  0.330204   4
  1  0  0.938300-11.175314 -7.004904-12.599260 -0.126126 -0.193524  0.208489   1
  1  0  0.938300  9.315649 -2.932437 -5.422164  0.124268  0.023706  0.381375   9
  1  0  0.938300 -2.512281 -4.594211-16.166052 -0.145844  0.014585  0.068853   1
  1  0  0.938300-20.199556  7.122011  5.990463 -0.380300  0.173719  0.628614   2
  1  0  0.938300 -1.081541 -3.438407-19.789529  0.033509  0.047712 -0.016388   1
  1  0  0.938300 -7.167205-14.578882-15.254469 -0.170185 -0.276915  0.037654   1
  1  0  0.938300-17.643379  2.801731  3.067571 -0.292403 -0.013023  0.549610   2
  1  0  0.938300  2.650653  1.380051 -3.344751  0.014786  0.021221  0.319074   3
  1  0  0.938300  3.661810  0.314104 -3.316102  0.025996  0.063452  0.270106   4
  1  0  0.938300  3.237332  0.218198  5.713400  0.087810  0.049369  0.596063   3
  1  0  0.938300 -8.135312 -3.278259-23.128205 -0.092694 -0.097569  0.036333   1
  1  0  0.938300 -6.102294 -1.614878-12.029525 -0.039953  0.072035  0.072180   4
  1  0  0.938300-10.786886 12.450275  8.418299 -0.090363  0.199194  0.863386   4
  1  0  0.938300 -5.579577 -8.703621-11.954021 -0.140395 -0.158211  0.050093   7
  1  0  0.938300 10.467508 -3.749443 -7.485835  0.155580 -0.082353  0.218729   2
  1  0  0.938300 -6.077330  4.721658-18.339173 -0.037047  0.085064  0.147893   1
  1  0  0.938300  1.018079 -9.849250-23.252553  0.117242 -0.120709 -0.188481   4
  1  1  0.938300  3.470830 15.583231  1.928040  0.040389  0.369464  0.487478  -7
  1  1  0.938300 -0.387052 12.345390-12.685093 -0.170929  0.328687  0.027526  -4
  1  1  0.938300 -6.350655  6.578252 13.194508 -0.231951 -0.016428  0.776595  -2
  1  1  0.938300  0.714376  3.375304 13.526445 -0.054226 -0.043335  0.986207  -1
  1  1  0.938300 -9.599828-15.953564-10.089188 -0.117493 -0.249416  0.368060  -4
  1  1  0.938300 -1.562358  9.844940 16.560986  0.026146  0.069771  0.970424  -2
  1  1  0.938300 -2.856500 13.499995  1.380893 -0.018007  0.362349  0.463333  -2
  1  1  0.938300 -1.625927 -1.633193 18.004410  0.023005  0.003156  0.887601  -3
  1  1  0.938300 -5.139528 13.456989 20.017551 -0.084441  0.184313  0.984095  -1
  1  0  0.938300  8.687738 -8.203831 -1.753318  0.340757 -0.130041  0.464130  -4
  1  1  0.938300  3.230856 24.734721 12.839946 -0.014345  0.523981  0.851834  -2
  1  1  0.938300  5.485415 -5.992710 -1.890054  0.008237  0.024964  0.410016  -3
  1  1  0.938300 -9.957635-14.955161 10.197214 -0.279859 -0.195832  0.808616  -5
  1  1  0.938300 -2.121461 -9.437585 19.703716 -0.151167 -0.229611  0.879557  -1
  1  1  0.938300 18.554455-12.836304 -1.448952  0.279894 -0.229994  0.410062  -4
  1  1  0.938300 16.221658-14.124052  1.959695  0.341773 -0.267742  0.505456  -3
  1  1  0.938300  0.770254 -1.265050 22.854694  0.054701  0.014257  1.029172  -6
  1  1  0.938300-14.105580-12.505786 -0.019897 -0.302492 -0.232691  0.450954  -3
  1  1  0.938300 -5.555330  4.530657 16.996468 -0.069063  0.023136  1.048148  -1
  1  1  0.938300-14.503668 11.459364 11.010515 -0.221463  0.250752  0.630602  -3
  1  1  0.938300 13.711658-15.542652  6.245302  0.278219 -0.255536  0.718131  -4
  1  1  0.938300  5.251944 -2.363282  1.694392  0.085315  0.019687  0.450160  -3
  1  1  0.938300 25.312151  7.584388 11.815943  0.677989  0.333362  1.008662  -3
  1  1  0.938300  3.262400  1.800380 16.565767  0.089713  0.042463  0.756195  -1
  1  1  0.938300 -1.817058-18.119098 11.697077 -0.125397 -0.314107  0.786777  -7
  1  1  0.938300 19.229320 -9.638308-11.357383  0.317838 -0.172208  0.179318  -3
  1  1  0.938300  0.651018 -5.157049 16.096483  0.079876 -0.137682  0.687109  -1
  1  1  0.938300-20.808237 11.204759  0.766697 -0.384978  0.159036  0.535509  -4
  1  1  0.938300 -6.050204 -3.040190 19.978727  0.011997 -0.036193  0.900538  -1
  1  1  0.938300 12.560088 -9.388128 -0.877561  0.209810 -0.096791  0.459986  -2
  1  1  0.938300 -6.120982 -0.200328 14.563743 -0.021446  0.070592  0.809042  -1
  1  1  0.938300  6.663388-11.416405  7.442948  0.070090 -0.146544  0.602244  -2
  1  1  0.938300 -1.346770-15.425269  8.455877  0.090794 -0.266833  0.511055  -2
  1  1  0.938300 -7.064228 -2.298315 13.642065 -0.055701 -0.044533  0.813921  -1
  1  1  0.938300 24.461462 -0.554826 -5.115410  0.403984 -0.012703  0.364600  -8
  1  1  0.938300 -8.106299 -3.344967 23.733693 -0.081716  0.077708  1.127308  -1
  1  1  0.938300-21.379396 -7.642402 17.155093 -0.473097 -0.217741  0.862907  -2
  1  1  0.938300-13.957942 -1.487432 -1.120674 -0.404746  0.001350  0.455767  -3
  1  1  0.938300-10.370978  5.515871  9.396417 -0.165777  0.083969  0.656360  -1
  1  1  0.938300  7.927823  5.858135 12.851475  0.079365  0.115657  0.807480  -2
  1  0  0.938300  5.307508  7.426675  7.446317  0.120701  0.045608  0.560785  -5
  1  1  0.938300 -6.432978 -6.068478 15.764144  0.050729 -0.020125  0.989709  -1
  1  1  0.938300-10.061358  7.206965 13.036112 -0.241197  0.127098  0.866161  -3
  1  1  0.938300  5.726425 -6.426672 16.906482  0.060490 -0.008931  0.962781  -1
  1  1  0.938300 -3.033641-11.835953 19.558954 -0.016686 -0.220048  1.053980  -9
  1  1  0.938300-13.369671  5.033180 15.197673 -0.185051  0.139660  0.987328  -1
  1  1  0.938300 -8.010070  3.697827 14.677098 -0.018049  0.084158  0.988312  -1
  1  1  0.938300 -5.605556 12.471139 -5.249801 -0.069566  0.279919  0.299946  -3
  1  1  0.938300 -0.235298  3.906413 17.664718  0.048320 -0.012181  0.816777  -1
  1  1  0.938300-15.649711 -0.824433 12.963216 -0.406150  0.031477  0.869331  -5
  1  1  0.938300  4.539130  5.585506-19.053213  0.063349  0.101060 -0.122569  -4
  1  1  0.938300  9.067278 11.546187 22.224947  0.088013  0.204116  1.174478  -2
  1  1  0.938300 17.375860  3.088407 -0.816691  0.477771  0.171066  0.501363  -2
  1  1  0.938300  2.385391  2.828286 21.857873  0.005263  0.008980  1.091912  -1
  1  1  0.938300 17.198732 -8.282017 11.132462  0.279328 -0.217309  0.807785  -2
  1  1  0.938300-14.793857 23.587192 -5.909581 -0.327980  0.553121  0.383384  -4
  1  1  0.938300  0.125104  4.469197 -9.985635 -0.120856 -0.026218  0.130553  -9
  1  0  0.938300-19.360110-15.793059  1.313080 -0.445048 -0.250434  0.517221  -5
  1  1  0.938300 13.486305 19.314955 14.326531  0.341908  0.509217  0.864137  -2
  1  1  0.938300  2.336302 27.657659  7.478753  0.117162  0.670658  0.827754  -3
  1  1  0.938300 -1.012041  3.362054 13.853318 -0.044763  0.021886  0.695917  -1
  1  1  0.938300  5.941242  8.519963 10.728090  0.015675  0.111609  0.742377  -3
  1  1  0.938300 -5.144648  7.151347 23.582105 -0.073406  0.059140  1.013019  -1
  1  1  0.938300  3.054909  4.181437 27.453690  0.035242  0.115485  1.100550  -1
  1  1  0.938300 14.289968 11.470644-18.715761  0.178175  0.231872 -0.002488  -7
  1  1  0.938300  7.814203  1.125804 15.307305  0.143313 -0.076044  0.796844  -2
  1  1  0.938300  4.055833 -4.727232 -4.286695  0.219852 -0.069120  0.438407  -2
  1  1  0.938300  8.218118  0.502405 14.397270  0.115944  0.006886  1.013028  -1
  1  1  0.938300  2.742020  8.256478 18.670998  0.020968  0.072262  0.862624  -1
  1  1  0.938300-17.790647  9.252942  5.948556 -0.292262  0.236434  0.490075  -3
  1  1  0.938300 12.621149 -8.899296 -8.320791  0.208841 -0.160379  0.362707  -2
  1  1  0.938300  5.974675 -8.515283 14.612641  0.108281 -0.007042  0.985418  -1
  1  1  0.938300 20.484597-15.894407  5.085095  0.312358 -0.422659  0.636297  -3
  1  1  0.938300  7.576556 10.253023 13.815768  0.115584  0.217317  0.900503  -1
  1  1  0.938300 -7.653918 15.068474  6.508892 -0.228843  0.438870  0.831273  -4
  1  1  0.938300  2.762591 -2.982645 23.736266  0.074878 -0.013026  1.189852  -1
  1  1  0.938300-18.221328-12.538228 -8.079876 -0.490857 -0.335963  0.177412  -4
  1  1  0.938300  8.972197 -5.902656  5.004851  0.130491 -0.172616  0.624560  -2
  1  1  0.938300 -2.486663 -1.060357 12.361655 -0.105555  0.048099  0.831223  -1
  1  0  0.938300 -2.583614  6.943781 -6.877715 -0.004514  0.199487  0.176162  -9
  1  0  0.938300 -1.806674  3.561144  1.291859  0.068806  0.167270  0.344345 -12
  1  0  0.938300 12.534570  3.578495  5.170018  0.054548 -0.009820  0.541535  -5
  1  0  0.938300-17.393690 10.523208-12.568464 -0.284745  0.143604  0.116637  -4
  1  0  0.938300 -1.624961  5.492711 25.064062 -0.057001 -0.016719  0.993183  -1
  1  0  0.938300 12.093935 -9.089840 -5.128240  0.127597 -0.209180  0.293639  -2
  1  0  0.938300 -8.569214 14.118057-13.593461 -0.076753  0.140233  0.170840  -2
  1  0  0.938300-28.803608-15.572239 -4.679368 -0.753692 -0.341536  0.498547  -3
  1  0  0.938300  8.748914 -7.908067 26.367023  0.099481 -0.135939  1.298572  -2
  1  0  0.938300  0.431078 11.063133 18.135361  0.001232  0.147712  1.037615  -1
  1  0  0.938300 -3.881211 -4.974450  5.406678 -0.166952 -0.118911  0.641701 -11
  1  0  0.938300-15.409849 19.909865 -5.496975 -0.236648  0.348043  0.373057  -3
  1  0  0.938300 -0.448407 -0.811847 18.106056 -0.155704  0.070113  0.947452  -1
  1  0  0.938300-12.026550 -7.666314 12.720982 -0.176555 -0.237983  0.840463  -2
  1  0  0.938300 -1.288876 13.056577 17.923448  0.007832  0.227215  1.005661  -1
  1  0  0.938300  0.342478  8.276665 16.423319 -0.038124  0.021547  1.074241  -1
  1  0  0.938300 -8.836784 15.569981 -9.297484 -0.050241  0.277176  0.254749  -4
  1  0  0.938300 16.217312  0.512452-13.938095  0.366762  0.002608  0.162979  -5
  1  0  0.938300 -0.363349  5.298466 -5.065098 -0.050007  0.127514  0.223966  -3
  1  0  0.938300 -1.358747  2.202367 14.638101 -0.023988  0.025646  0.797649  -1
  1  0  0.938300 -8.455158 -2.429576  0.579931 -0.154708  0.001525  0.471114  -1
  1  0  0.938300 -1.065025  2.889459  1.429190  0.107657 -0.018133  0.421958  -3
  1  0  0.938300 -2.391603-10.117814 -9.389674 -0.043032 -0.111453  0.168758  -5
  1  0  0.938300 -1.936851-23.585585 -2.039772 -0.096917 -0.553882  0.522262  -5
  1  0  0.938300  7.507630  3.970195 19.896790  0.115938  0.061132  1.115855  -1
  1  0  0.938300 10.425998 -4.110535 21.219850  0.159995 -0.040560  1.204416  -1
  1  0  0.938300  3.528389  3.571726 16.575585  0.058729 -0.022113  0.723170  -1
  1  1  0.938300 -4.369991  7.847483 11.693416  0.015892  0.209092  0.620530  -5
  1  0  0.938300-12.563170 12.613439 12.280128 -0.178560  0.228644  0.771435  -3
  1  0  0.938300 -6.323064 -3.898332 19.675879 -0.152616 -0.065922  0.813691  -1
  1  1  0.938300 -0.821821-22.302047 -1.654023 -0.077997 -0.480695  0.582007  -3
  1  0  0.938300 -8.068151 -7.929984 22.178670 -0.148393 -0.081113  1.003784  -2
  1  0  0.938300  7.575366 11.082302 -5.519302 -0.012884  0.202918  0.277978  -8
  1  0  0.938300 17.139248 -9.332070  1.098820  0.255367 -0.087716  0.485182  -3
  1  0  0.938300  6.987576 -1.415427 19.031766  0.122730 -0.048733  0.740791  -1
  1  0  0.938300 -7.720990-10.195036  7.679968 -0.195557 -0.194576  0.662042  -3
  1  1  0.938300-20.503317  1.468470 -5.594923 -0.425571  0.085523  0.341126  -7
  1  0  0.938300 -9.528915  0.449007  4.815248 -0.113721 -0.089109  0.680225  -5
  1  0  0.938300 -9.442583  1.909531 23.456666 -0.142188  0.090684  1.180748  -1
  1  0  0.938300 -7.536624 -0.406149 18.199016 -0.033105  0.002248  0.889798  -1
  1  0  0.938300 12.410764  3.723376 15.533510  0.119073  0.101063  0.969932  -4
  1  0  0.938300 16.663369  3.624414  1.491008  0.343595  0.076132  0.516553  -7
  1  0  0.938300 -0.136075  4.875178-12.375644 -0.031258  0.178535  0.226048  -5
  1  0  0.938300 -7.978329  8.209542 15.749913 -0.155080  0.158082  1.045709  -4
  1  0  0.938300  2.179004  7.111663 17.968195 -0.077450 -0.030920  0.924026  -1
  1  0  0.938300-19.875815-16.533847  2.117096 -0.358668 -0.342434  0.525239  -2
  1  0  0.938300 11.691092-19.013218  4.457131  0.350477 -0.341568  0.706866  -2
  1  0  0.938300  1.557542 -3.938987 11.938188 -0.030229 -0.025500  0.981192  -3
  1  0  0.938300-10.223240 26.377496  3.080672 -0.283178  0.498506  0.653400  -3
  1  0  0.938300 10.475192  4.902897 23.036739  0.113545  0.017591  1.068305  -1
  1  0  0.938300  1.641854 14.572844-11.226174 -0.032736  0.271032  0.190497  -6
  1  0  0.938300 -8.409185-11.051397 16.772214 -0.292921 -0.157106  0.905521  -2
  1  0  0.938300 15.171146  2.861220  7.302903  0.282588  0.047538  0.539875  -5
  1  0  0.938300 -2.884506 -0.493531 -9.335166 -0.080815 -0.075559  0.292453  -4
  1  0  0.938300 -8.583540 -3.739936 25.010700 -0.061587 -0.033991  1.078616  -1
  1  0  0.938300 13.124129  9.982945 -8.778885  0.257222  0.184561  0.184446  -3
  1  0  0.938300  6.257020 -4.449782 -8.098747  0.153419 -0.236151  0.175902  -5
  1  0  0.938300  7.911204  7.738612 -9.551578  0.018557  0.154480  0.253870  -5
  1  0  0.938300 -4.277548 -6.313794 13.758315 -0.068983 -0.177040  0.832319  -1
  1  0  0.938300 -2.228446 -5.503883 21.606698  0.018237  0.004751  1.091138  -1
  1  0  0.938300  8.637419 11.503664 12.515277  0.103887  0.077711  0.713545  -1
  1  0  0.938300  2.820846 16.011322-11.430323  0.153610  0.277765  0.226589  -5
  1  0  0.938300 -5.775641  0.227773 -6.137521 -0.091935  0.065836  0.364931  -3
  1  0  0.938300 -4.484847 10.894227  4.230178 -0.019575  0.347325  0.506619  -6
  1  0  0.938300 -0.047664  3.748962 16.451816 -0.063441 -0.021530  0.772746  -1
  1  0  0.938300-28.173615 -0.649226  9.821842 -0.560562 -0.010925  0.790458  -2
  1  0  0.938300-11.696724 17.503895 -5.168181 -0.364948  0.502630  0.428112  -3
  1  0  0.938300  2.708530 -6.275570  7.406238  0.118266 -0.098162  0.537518  -4
  1  0  0.938300-12.420906 14.421721 -4.960593 -0.134182  0.296294  0.377302  -4
  1  0  0.938300 -4.106825  2.333311 13.808298 -0.060608 -0.106102  0.710644  -1
  1  0  0.938300  2.317622-14.351993  9.971341 -0.065484 -0.204039  0.606920  -5
  1  0  0.938300 -2.510252-19.275072  6.764463 -0.115636 -0.343355  0.650209  -1
  1  0  0.938300 28.892769 -2.450504 -7.885758  0.624101 -0.091335  0.329226  -5
  1  0  0.938300  9.814745 -1.658612 10.295509  0.003256 -0.087519  0.840093  -5
  1  0  0.938300 -9.491016 -4.492892 22.839605 -0.118090 -0.064829  1.068267  -1
  1  0  0.938300-13.888416 -5.109989 -8.978611 -0.207647 -0.159428  0.292632  -4
  1  0  0.938300  5.620158 -3.486284  0.326741  0.097678 -0.118107  0.513376  -7
  1  0  0.938300 -2.419076  6.261770 26.309668  0.002482  0.037310  1.071751  -1
  1  0  0.938300  2.889060 -0.632898 -8.019046  0.097351 -0.050849  0.238468  -3
  1  0  0.938300 -2.122334 10.892375 25.537784 -0.088119  0.188109  1.102499  -1
  1  0  0.938300  9.385563  9.109819  2.363115  0.201173  0.065352  0.448140  -2
  1  0  0.938300  6.381077 -9.373064 -1.874935  0.249236 -0.159726  0.491406  -5
  1  0  0.938300 30.206065  6.508180  0.378869  0.754008  0.062217  0.558241  -4
  1  0  0.938300-13.553205-17.013869  0.153361 -0.311401 -0.430229  0.422620  -3
  1  0  0.938300  8.424412  2.194659 16.535001  0.162784 -0.083190  1.005584  -1
  1  0  0.938300 -9.747487 14.319112 -7.705831 -0.174160  0.185152  0.198639  -7
  1  1  0.938300  4.606699 -6.108778-14.490162  0.065449 -0.095970  0.138779  -6
  1  0  0.938300 -6.858845 11.166972  9.612811 -0.142965  0.293835  0.608401  -2
  1  0  0.938300 -1.185182 -1.640373 -6.140004  0.104722  0.078138  0.344556  -3
  1  0  0.938300 -6.846900 -6.131459 21.596146 -0.144083 -0.086469  0.978155  -1
  1  0  0.938300 15.847032 -2.928688  3.730164  0.211129  0.007705  0.497409  -4
  1  0  0.938300 15.895890 11.846913  3.964670  0.307583  0.198871  0.614646  -3
  1  0  0.938300 13.395457-11.217061 15.771825  0.208938 -0.235813  0.864006  -2
  1  0  0.938300 -2.045390 11.829591 16.856787 -0.037031  0.106067  0.836711  -2
  1  0  0.938300-11.212010 -8.032400 14.013134 -0.163545 -0.021196  0.639820  -1
  1  0  0.938300  5.525468  2.720083 14.379180  0.054834  0.097552  0.785027  -1
  1  0  0.938300 -5.537562 23.070044  3.885292 -0.113921  0.549837  0.710590  -4
  1  0  0.938300 -0.203594-16.501000 -5.781106 -0.001719 -0.312857  0.324993  -3
  1  0  0.938300 10.044754 10.990731-11.150807  0.216835  0.091425  0.128049  -3
  1  0  0.938300  7.308671  0.694198 15.179071  0.114046 -0.063821  0.721698  -1
  1  0  0.938300-11.873792 -6.618389 20.492215 -0.209104 -0.080423  1.036530  -1
  1  0  0.938300 -0.304443-10.001581  6.244041  0.010845 -0.189267  0.602539  -5
  1  0  0.938300 -6.003994-23.499858 21.387853 -0.046773 -0.492842  1.100693  -4
  1  0  0.938300 18.650759  2.563549 15.431038  0.317003 -0.028070  0.900278  -2
  1  0  0.938300  3.559400 -2.679676 16.310215 -0.009469 -0.066529  1.053508  -1
  1  0  0.938300-14.834062-18.314707  8.368021 -0.319075 -0.254017  0.746628  -2
  1  0  0.938300 14.553379  2.815867 16.472054  0.305441  0.284524  1.088463  -3
  1  0  0.938300  0.474034  0.368938 -5.901333 -0.144878 -0.026186  0.288623  -8
  1  0  0.938300 11.387256-16.256347 28.085985  0.198049 -0.350655  1.393269  -8
  1  0  0.938300  6.752385 -3.526265 11.714638  0.032238 -0.020471  0.758150  -1
  1  0  0.938300 -5.860187  7.583869 -3.233597 -0.124098  0.182453  0.324570  -7
  1  0  0.938300  5.612482 -0.567116 10.618939  0.046254  0.140029  0.801413  -2
  1  0  0.938300  5.179424 12.758527 10.477022  0.072397  0.340837  0.871538  -2
  1  0  0.938300 -9.703607  7.387217-18.287195 -0.125842  0.088024  0.066879  -7
  1  0  0.938300-13.437697  0.388831 13.204206 -0.178047 -0.051476  0.870018  -1
  1  0  0.938300-24.923240 -6.897496  7.966238 -0.527943 -0.262009  0.793755  -5
  1  0  0.938300-16.514297-13.962619  4.298986 -0.400390 -0.297514  0.616321  -5
  1  0  0.938300-19.413072-10.921058  0.282639 -0.345004 -0.083395  0.468490  -2