  1  1  0.938300 -8.596899  2.132283-21.620406 -0.036064 -0.008601 -0.146586   1
  1  1  0.938300 19.053642 -5.121135 -3.290105  0.564921 -0.085195  0.335313   6
  1  1  0.938300 -0.198969 -7.642403-20.442502  0.033000 -0.088116  0.048509   1
  1  1  0.938300 -5.877092-11.558700-16.729041 -0.186827 -0.058826  0.129561   2
  1  1  0.938300-11.109322  1.564893 -7.887088 -0.266055 -0.016681  0.243912   4
  1  1  0.938300 -7.010562 -0.448324-22.613936  0.019617 -0.101934 -0.045054   1
  1  1  0.938300-19.292751  9.210156 -6.823970 -0.444824  0.107570  0.344341   2
  1  1  0.938300 12.531183 15.535452-11.144544  0.242245  0.450972  0.047678   9
  1  1  0.938300 12.262894  1.216471-15.900916  0.185495  0.142707  0.158761   1
  1  1  0.938300  8.653302 -2.678023  8.385610  0.128184 -0.089345  0.704295   5
  1  1  0.938300  4.240113-13.138665-17.304314  0.046368 -0.231784  0.074337   1
  1  1  0.938300 16.652120 -4.945395 -4.883474  0.334772 -0.113664  0.297980   3
  1  1  0.938300 -5.904905 20.528830  3.618754 -0.049447  0.436785  0.521422   5
  1  1  0.938300  6.209388 -3.447296 28.780128  0.138148 -0.030954  1.177045   2
  1  1  0.938300 23.086303  2.264397  7.390238  0.606914 -0.044120  0.794650   6
  1  1  0.938300 -2.954868  6.198277-22.980745 -0.020759  0.133879 -0.029603   1
  1  1  0.938300 -4.024671  3.879043  8.892032  0.030834  0.007343  0.764455   6
  1  1  0.938300-18.613724  4.973807 -8.831206 -0.391753  0.198065  0.323925   3
  1  1  0.938300  5.989115-11.121134-18.579304  0.003401 -0.134747  0.032058   1
  1  1  0.938300  8.093487 11.141805-13.294188  0.067378  0.103156  0.183089   1
  1  0  0.938300-11.780628-13.830051-26.907568 -0.457297 -0.352027 -0.267734   2
  1  1  0.938300 -6.972561 12.916492  7.866726 -0.168226  0.291625  0.627181   5
  1  1  0.938300-25.195593 -3.276902 -9.970436 -0.530330 -0.040418  0.191156   3
  1  1  0.938300 -5.944747-10.405048 -7.734664 -0.167766 -0.316098  0.152694   2
  1  1  0.938300 13.372216-10.500294-19.481900  0.188857 -0.154936  0.048260   2
  1  1  0.938300  8.817192 -0.940957-17.714559  0.035531  0.033786 -0.006492   1
  1  1  0.938300 13.355177 11.407164 20.690273  0.180613  0.228372  0.927275   3
  1  1  0.938300  0.015629-13.652172-21.513893  0.000106 -0.256312 -0.018266   2
  1  1  0.938300-11.416360-13.314730-10.456284 -0.137337 -0.255410  0.240134   4
  1  1  0.938300-15.886910  3.389503 15.266055 -0.314334  0.060465  0.940762   5
  1  1  0.938300 -6.228570 16.092404-13.458827 -0.037226  0.285298  0.137481   1
  1  1  0.938300  8.700849-10.459576-17.496231  0.093525 -0.278706  0.036280   9
  1  1  0.938300  3.928319  2.524882-14.814149 -0.048661  0.066106  0.034546   1
  1  0  0.938300 -3.306084 14.376288 13.152854  0.041967  0.175132  0.847024   3
  1  1  0.938300 -8.946806-27.934433  8.902620 -0.237568 -0.877352  0.911555   6
  1  1  0.938300 -5.753159-10.148875-17.332028 -0.135577 -0.153078  0.128902   1
  1  0  0.938300 10.115212 -2.382704 14.744311  0.220882 -0.167120  0.736854   3
  1  1  0.938300 -9.461988 11.588705 -6.612280 -0.159842  0.192088  0.194723   6
  1  1  0.938300 12.729144-11.441617-12.009295  0.241088 -0.218443  0.127022   4
  1  1  0.938300 -3.675871 -8.188243-18.224909 -0.165239 -0.015207  0.063144   1
  1  1  0.938300 10.231524 -7.439325-11.568233  0.127940 -0.128120  0.157195   1
  1  1  0.938300  6.108144  9.137509-19.437202  0.015726  0.080037 -0.029815   1
  1  0  0.938300 -7.929008-20.618571 -5.922578 -0.225059 -0.390225  0.299240   3
  1  1  0.938300 15.632226  3.325465  9.350612  0.400606  0.102995  0.765169   3
  1  0  0.938300 -3.174802 14.662442 11.526555 -0.126580  0.353127  0.828813   8
  1  1  0.938300  3.704096 -2.878224 -9.778640  0.067315 -0.021710  0.178529   1
  1  1  0.938300 30.888370  0.841593 -3.405950  0.772032  0.006806  0.506674   3
  1  1  0.938300  2.367504 20.514534-17.738768 -0.007744  0.358103  0.029077   2
  1  1  0.938300  0.663281  6.119948 -7.634331 -0.048548  0.023612  0.328591   3
  1  1  0.938300  0.668417 16.698264 19.066590 -0.007436  0.268850  0.846297   3
  1  1  0.938300  1.830356 -2.295876-27.343718  0.057395  0.000994 -0.136191   1
  1  1  0.938300-13.314825-11.329030-12.764768 -0.265707 -0.218963  0.203476   6
  1  1  0.938300 -8.783187 -7.162708 11.225507 -0.102113 -0.184647  0.711610   5
  1  1  0.938300  6.737721 18.151980  4.487539  0.180599  0.329129  0.592985   5
  1  1  0.938300-15.915297  1.261292-16.013423 -0.277575  0.076126  0.056971   2
  1  1  0.938300 -1.067119 -2.125908-13.678374  0.023496  0.053374  0.189239   1
  1  1  0.938300 18.064653 -8.293420-11.986914  0.292961 -0.125483  0.259856   3
  1  1  0.938300  9.334642 -2.534331 -7.937976  0.154458  0.036576  0.310732   3
  1  1  0.938300 -3.975292 -2.394362 -6.931861 -0.102724  0.054052  0.237849   3
  1  1  0.938300 -2.805054 15.458532  7.068440  0.032630  0.252719  0.685152   4
  1  1  0.938300 -1.478159  5.905339-27.420931 -0.020816  0.128588 -0.162349   1
  1  1  0.938300 -5.145542-12.106780-13.803626 -0.234620 -0.403000  0.067955   2
  1  1  0.938300 -8.327785-11.112343 14.752492 -0.251553 -0.269917  0.864597   3
  1  1  0.938300 -5.482914  1.261063-10.719824 -0.148140  0.174338  0.204838   2
  1  1  0.938300  5.730273-10.781038-13.111005  0.265409 -0.201097  0.126021   2
  1  1  0.938300  0.298921 11.491130-10.230869  0.019397  0.168570  0.205943   1
  1  1  0.938300 21.145629  2.144447-19.038184  0.438142 -0.024671  0.013184   6
  1  1  0.938300  2.065795  3.898569-10.324519 -0.059769 -0.020866  0.173356   4
  1  0  0.938300  5.800308  3.389767 -2.834294  0.042192 -0.047733  0.390328   7
  1  1  0.938300 -9.943140 -1.022535-19.707874 -0.166853  0.097864 -0.033840   1
  1  1  0.938300 -6.540248 11.687711-13.175736 -0.119068  0.239841  0.156725   1
  1  1  0.938300  3.676427 -2.496284-17.561667  0.083308 -0.034872  0.154646   1
  1  0  0.938300  1.730472 17.930402 -3.979296 -0.043158  0.396529  0.280104   5
  1  1  0.938300 17.529714 13.301062-13.213897  0.412327  0.333904  0.264798   2
  1  1  0.938300 -5.351908 -9.145779  5.642367 -0.024869 -0.146571  0.557319   5
  1  1  0.938300  2.919834-10.825594-18.599484  0.083985 -0.143026  0.063458   1
  1  1  0.938300-13.448386 -2.434562-16.728450 -0.120567 -0.017496  0.084525   1
  1  1  0.938300  3.496346  5.359959  2.804213 -0.025820  0.126013  0.480024   6
  1  1  0.938300 16.041808 14.358919 -2.968250  0.330676  0.191717  0.470762   3
  1  0  0.938300  6.859397-17.408213-12.526052  0.113166 -0.397136  0.098243   9
  1  0  0.938300 -9.962160  5.904369-20.853004 -0.102632  0.057030 -0.027427   1
  1  0  0.938300  6.168088  9.170673-24.300296  0.080449  0.125011 -0.062027   1
  1  0  0.938300  3.726796 -6.618447-18.004918 -0.103746 -0.087385  0.133910   2
  1  0  0.938300  9.785566 19.081606 -9.897876  0.220916  0.426062  0.153743   4
  1  0  0.938300  7.552028  5.672084-12.481751  0.223035  0.044177  0.146791   4
  1  0  0.938300  2.786582  2.253200-16.852774  0.132933 -0.069314 -0.019290   1
  1  0  0.938300  4.042745 -9.725705-22.801434  0.095207 -0.094520 -0.112947   1
  1  0  0.938300 -2.909103  0.422717-16.779333  0.014313  0.062429  0.158756   3
  1  0  0.938300 -9.765064 -5.439645-14.168576 -0.052551 -0.179740  0.067868   3
  1  0  0.938300-18.894239 18.075933 -2.024701 -0.281250  0.426264  0.447016   2
  1  0  0.938300 -5.856723 15.341122-13.100619 -0.087982  0.225054  0.140731   1
  1  0  0.938300-22.076627-12.866529-11.929280 -0.403362 -0.319581  0.093859   3
  1  0  0.938300-15.970845 -9.620565  2.796799 -0.278942 -0.053037  0.563812   2
  1  0  0.938300 23.347488  0.321845  6.917862  0.622217 -0.020183  0.779303   7
  1  0  0.938300  4.628647  6.982408 -6.222455 -0.069742  0.059518  0.267403   6
  1  0  0.938300  5.737314 -9.343321-19.779131  0.014399 -0.211125 -0.076627   1
  1  0  0.938300-10.612640 -3.008374-16.113362 -0.144087 -0.022023 -0.039805   1
  1  0  0.938300 13.692767-16.402110 10.462907  0.301078 -0.423688  0.749094   3
  1  0  0.938300 -2.391134  0.346566 -9.245267 -0.008652  0.079598  0.173588   1
  1  1  0.938300  1.112589 -2.312208  3.803660 -0.034223 -0.192230  0.484154   6
  1  0  0.938300  7.504383-10.536724-22.155517  0.051901 -0.178333 -0.091104   1
  1  1  0.938300  8.768819  5.434187 -1.588923  0.132905  0.102157  0.380190   4
  1  0  0.938300 -7.027526  9.295511 -6.951441 -0.124923  0.173970  0.294483   4
  1  0  0.938300  2.841727-14.290094  8.372359  0.095827 -0.409674  0.794645   4
  1  0  0.938300-15.317713-16.002588 -1.966830 -0.213518 -0.384700  0.353633   5
  1  0  0.938300  3.604771 10.385176-15.614864  0.094784  0.188902  0.044671   1
  1  0  0.938300  2.397671-10.283699-21.934845 -0.038663 -0.075207 -0.110849   1
  1  0  0.938300 -2.618247  6.711204 -7.060128 -0.113881  0.037030  0.290552   5
  1  0  0.938300 -0.925565 -8.780312-18.483312 -0.065227 -0.142204  0.082898   1
  1  0  0.938300  2.355639  0.370063 -5.327089  0.135637 -0.073582  0.298387   2
  1  0  0.938300  1.937330 -0.598393-12.827624  0.139649 -0.096861  0.111104   1
  1  0  0.938300  4.731449 -2.901973  3.710506  0.208868  0.047695  0.411166   3
  1  0  0.938300 -7.973176 -1.126414-19.675289 -0.056298  0.102513 -0.021273   1
  1  0  0.938300-11.274665  7.318755  3.279309 -0.086839  0.187076  0.517449   2
  1  0  0.938300  3.528524  5.162278 -7.846239  0.159754  0.056661  0.242569   3
  1  0  0.938300 -1.533984-14.961141-14.427552 -0.112325 -0.179556  0.112524   1
  1  0  0.938300  6.385715 -8.649158 12.216114 -0.022015 -0.270127  0.772742   5
  1  0  0.938300 -2.714552-13.930276 -3.454199  0.079485 -0.319558  0.314480   6
  1  0  0.938300  5.815495  9.542127  4.711782  0.170750  0.027393  0.544799   4
  1  0  0.938300 -0.867374 -5.143456-23.091967  0.056228  0.006083 -0.072464   1
  1  0  0.938300  1.699961 -2.867707 -7.316734  0.038305  0.075757  0.259063   1
  1  0  0.938300-15.636580 -1.402560 -4.601369 -0.255965  0.003268  0.228557   3
  1  0  0.938300 11.480247 -0.014979-11.616655  0.180150 -0.013109  0.035431   7
  1  0  0.938300 -2.988722-10.597842  4.002598  0.044808 -0.052974  0.486850   4
  1  0  0.938300 -9.054293 23.749251 -6.980308 -0.247241  0.426473  0.358314   3
  1  0  0.938300  4.399731 13.726957-18.220211  0.059013  0.108672  0.021111   1
  1  0  0.938300  5.609064  0.247219-12.177416  0.076342  0.078770  0.094675   1
  1  0  0.938300 -8.714321 -7.073095-11.689273 -0.147405 -0.109595  0.168419   4
  1  1  0.938300 -5.221286 -8.484470 -7.966035 -0.164974 -0.257899  0.229459   7
  1  0  0.938300 -3.981881 -7.105091-10.240731 -0.126437 -0.134417  0.211890   8
  1  0  0.938300  0.366530 -4.199416-14.067385 -0.048153  0.064549  0.042418   1
  1  0  0.938300 -0.253389-15.044829-12.034170  0.026078 -0.153415  0.169508   2
  1  0  0.938300 11.038933-28.312015  2.554011  0.214559 -0.581663  0.598356   3
  1  0  0.938300 13.484870 11.921124 -2.157809  0.229895  0.293329  0.381474   7
  1  0  0.938300-19.103429  6.829005  1.235212 -0.257746  0.143824  0.375747   4
  1  0  0.938300  9.631533 -0.566961-16.373815  0.167315 -0.010027  0.078400   1
  1  0  0.938300  0.286190 -1.495135 -6.840852 -0.048156  0.039276  0.177266   2
  1  0  0.938300 -3.287220-16.135573-12.192080 -0.076787 -0.223083  0.173361   3
  1  0  0.938300  5.393200 -7.616828  4.810970  0.145747 -0.073989  0.635029   3
  1  1  0.938300  3.665429-13.061627 -9.522073  0.097727 -0.178878  0.305715   2
  1  0  0.938300  0.961184 10.411140-21.217386 -0.003929  0.047837 -0.041423   1
  1  0  0.938300-17.495366 -0.744176 -7.757227 -0.266784 -0.063338  0.257711   3
  1  0  0.938300 -9.553551 -7.306885 -6.079287 -0.166495 -0.085954  0.343192   3
  1  0  0.938300 -3.717544 14.666205-17.621686  0.038135  0.221738  0.091673   2
  1  0  0.938300-10.371130  3.895800-20.968841 -0.077203  0.066551 -0.014773   1
  1  0  0.938300 -9.914257 -0.961040-19.885629 -0.167284 -0.143036  0.001218   1
  1  0  0.938300  0.876051  2.241539 13.191677 -0.139007  0.014425  0.911371   7
  1  0  0.938300  4.013274 -4.652121-14.999564 -0.050763 -0.001606  0.193547   1
  1  0  0.938300 -7.652215  2.846272-14.295685 -0.105153  0.081897  0.077602   2
  1  1  0.938300 -6.495801 -8.386547-17.550967 -0.212352 -0.103883  0.062377   2
  1  0  0.938300  1.693365 -0.933440-23.033180  0.043823 -0.005063 -0.161731   1
  1  0  0.938300 -6.017312  4.847145-20.160301 -0.020553  0.057855  0.020038   1
  1  0  0.938300-21.873148 25.903990 -4.221042 -0.575688  0.670796  0.421380   4
  1  0  0.938300  4.453226 -5.666369-15.590634  0.074000 -0.037941  0.203828   1
  1  0  0.938300  1.983140 -4.416985  1.574501  0.106866 -0.103335  0.380130   5
  1  0  0.938300  1.612372  1.383553-14.684257  0.000190 -0.083794  0.067495   1
  1  0  0.938300 13.079188 -2.986987  2.908873  0.196169  0.068193  0.530150   3
  1  0  0.938300  6.684229  7.340302  7.370380  0.181260  0.116271  0.591384   6
  1  0  0.938300  9.158509-14.759676-20.411274  0.179793 -0.236493  0.093358   1
  1  0  0.938300 -3.118927-12.708179-22.486570 -0.079744 -0.161962  0.053374   1
  1  0  0.938300  2.990083 -2.737368-11.073620  0.061064 -0.060498  0.326159   1
  1  0  0.938300 -1.305453 19.438091-10.792718  0.096392  0.361663  0.264521   2
  1  0  0.938300  3.787645-10.948110 -4.658396 -0.035778 -0.181962  0.450045   3
  1  0  0.938300  1.207922-14.881464 -2.948503  0.041005 -0.264205  0.348320   6
  1  0  0.938300 -0.150302 -7.629710-18.591084 -0.192030 -0.078249  0.060138   1
  1  0  0.938300  6.032681 -2.125076-10.911482  0.037272 -0.064881  0.325689   1
  1  0  0.938300 10.417468  7.815896 -4.956237  0.201644  0.243209  0.345260   3
  1  0  0.938300-17.723809 18.857824  3.149210 -0.322132  0.337270  0.575858   3
  1  0  0.938300 14.955181 19.296320 -4.005553  0.205488  0.305963  0.363911   3
  1  0  0.938300-10.179878-16.473205  1.270161 -0.143976 -0.272186  0.532224   2
  1  0  0.938300  8.649881  3.855299 -6.408785  0.081465  0.049736  0.350971   1
  1  0  0.938300 10.207238 -2.170077 -2.909842  0.332621 -0.013923  0.313032   2
  1  0  0.938300  2.750775  4.787771 15.724675 -0.067181  0.205574  0.954561   4
  1  0  0.938300  5.850286  9.472523  3.191202  0.164902  0.131067  0.542311   3
  1  1  0.938300  2.804099  2.637044 17.777290 -0.022431 -0.051372  0.880574   4
  1  0  0.938300  6.666422-20.477484 16.760241  0.208683 -0.331987  0.860821   2
  1  0  0.938300 -2.325092 -9.076669 10.163126 -0.128570 -0.079102  0.811821   8
  1  0  0.938300 -6.431781  3.909924-14.946199 -0.057113 -0.044847  0.036950   1
  1  0  0.938300 -3.111168  0.541887-19.607918 -0.035762 -0.059203 -0.052795   1
  1  0  0.938300  6.479481 -1.353827  3.584595  0.049226  0.002980  0.480946   5
  1  0  0.938300  8.928527 10.129065-17.348351  0.156324  0.098609  0.026839   1
  1  0  0.938300 -5.044535 -3.668927 10.985549 -0.153250 -0.135407  0.602225   6
  1  1  0.938300  7.039342 16.229421 14.434550  0.072445  0.358043  0.825520   5
  1  0  0.938300 -6.660711 -2.508902 -2.172902 -0.151580  0.091451  0.338745   5
  1  0  0.938300  1.297562 -3.114521 -8.909965 -0.008674 -0.090039  0.202400   1
  1  0  0.938300 -1.654624 -0.932231-17.371107 -0.061587 -0.031226 -0.064005   1
  1  0  0.938300-10.156931-11.676178  1.754107 -0.250476 -0.289530  0.466889   2
  1  0  0.938300  0.436057  2.765429 -9.133123 -0.001666  0.078295  0.233242   3
  1  0  0.938300  8.891163  9.821630  8.874264  0.070792  0.165492  0.728134   3
  1  0  0.938300 14.682740-19.992393  6.631304  0.427151 -0.426319  0.740821   5
  1  0  0.938300  0.793518  6.155428-11.586608  0.134628  0.065780  0.190701   1
  1  0  0.938300  3.617663 11.265659-18.328879  0.072289  0.128210 -0.076376   1
  1  0  0.938300 15.021502 -4.748626  7.972762  0.277005 -0.069175  0.807534   7
  1  0  0.938300 -9.008845 20.774046  7.180828 -0.085240  0.473914  0.616436   2
  1  0  0.938300-21.348673  3.200504  6.546539 -0.446841  0.042251  0.600395   3
  1  0  0.938300 10.641629 -4.626499-17.779980  0.145796 -0.040400 -0.056601   1
  1  0  0.938300 -1.111391 17.755932 16.966207 -0.062740  0.313150  1.010084   5
  1  1  0.938300-11.605300 11.602712 12.941253 -0.105798  0.140034  0.688164  -1
  1  1  0.938300-11.432655  8.518524 17.725518 -0.150453  0.033254  0.811926  -1
  1  1  0.938300  0.358063 -0.808392 16.974071  0.031574 -0.046628  0.726988  -3
  1  1  0.938300  2.925830  3.986087 12.661638  0.083228 -0.014102  0.663101  -1
  1  1  0.938300 -7.548086 17.886943-13.839977 -0.152239  0.338726  0.061071  -2
  1  1  0.938300-21.841929-15.194856 -3.996615 -0.444658 -0.313621  0.428743  -4
  1  1  0.938300-12.691897  7.397115-16.989041 -0.286035  0.161101  0.028805  -8
  1  1  0.938300  2.832021 -8.474844 25.264744  0.012125 -0.090037  1.104699  -1
  1  1  0.938300 13.876381  1.314841 15.749282  0.171058  0.068959  0.864028  -1
  1  1  0.938300  6.927363-20.927045 13.173310  0.091469 -0.467836  0.972673  -2
  1  1  0.938300  5.026031  9.378657  9.984259 -0.044809  0.169843  0.677455  -2
  1  1  0.938300-14.830504-11.227744  6.906342 -0.171386 -0.236346  0.562934  -2
  1  1  0.938300  6.184506 -5.185168-20.458950  0.132827  0.019390 -0.012435  -4
  1  1  0.938300 -8.250458  0.873824 23.593330 -0.153071 -0.053491  1.102808  -1
  1  1  0.938300 15.956371 -2.908079 19.021908  0.228667 -0.023730  1.017515  -1
  1  1  0.938300-16.437088 -3.648788 23.066609 -0.263943 -0.130248  1.239472  -4
  1  1  0.938300  2.523071 16.893158-11.127133  0.125819  0.258628  0.248816  -6
  1  1  0.938300 17.427061 13.904645 11.590899  0.396374  0.240056  0.767960  -2
  1  1  0.938300 -2.796869-11.507018 11.921403 -0.007915 -0.203737  0.638937  -1
  1  1  0.938300 -0.753377 -6.170366 17.015188  0.035811 -0.262583  1.064962  -3
  1  0  0.938300 -4.794645 -2.689563 -4.615857 -0.041199  0.032313  0.361470  -5
  1  1  0.938300  9.532083  1.564811 19.368270  0.103885 -0.076769  1.130125  -1
  1  1  0.938300 10.310689 -3.538583  3.665286  0.116154 -0.027950  0.614105  -2
  1  1  0.938300 -9.926661  2.545386 22.410648 -0.061955  0.014266  1.068296  -1
  1  1  0.938300 10.072894 -6.475787  9.710791  0.122395 -0.131385  0.587796  -1
  1  1  0.938300 -1.691407  8.054648 -4.183958 -0.122979  0.162349  0.279757  -3
  1  1  0.938300  2.188576 20.299284  3.408685 -0.005896  0.310396  0.560636  -2
  1  1  0.938300 -1.536500 -7.893597 -6.990663 -0.070538 -0.385170  0.197391  -3
  1  1  0.938300 -2.462048  4.761351 12.708106  0.037511  0.004486  0.818753  -1
  1  1  0.938300 17.214964  5.431866 17.630336  0.368943  0.064279  0.820982  -2
  1  1  0.938300  2.017181 -4.723159 14.534569  0.135014 -0.193177  0.954369  -2
  1  1  0.938300 -8.738139-14.487748 -4.032998 -0.188955 -0.304081  0.349387  -4
  1  1  0.938300 -5.132951 -0.978675 20.785342 -0.007793  0.015912  0.836508  -1
  1  1  0.938300 -4.669595 -2.859722 16.246159 -0.012806  0.025232  0.862159  -1
  1  0  0.938300 11.654073 -6.775734-18.282868  0.258698 -0.208836  0.063904  -2
  1  1  0.938300 -1.099692 -7.449171 11.895197 -0.051490 -0.155933  0.731357  -3
  1  1  0.938300 -4.493764 -7.529348-10.262183 -0.066153 -0.124936  0.237339  -3
  1  1  0.938300 -4.861684 -9.622384 15.571635 -0.083564 -0.055316  0.836314  -1
  1  1  0.938300 -6.967679  4.834887 15.176007 -0.165529  0.106235  0.899527  -1
  1  1  0.938300 16.989018  7.434116 -1.298864  0.238902  0.108985  0.456734  -2
  1  1  0.938300 -7.916419  5.921304 20.001225  0.041086  0.078898  0.929411  -1
  1  1  0.938300-17.630545 -1.826024-14.547865 -0.368800  0.027891  0.126163  -4
  1  1  0.938300 -5.539265 26.790072 -9.149558 -0.181829  0.545852  0.248953  -3
  1  1  0.938300 -4.197554 -7.957613 14.591796 -0.118598 -0.174921  0.944810  -1
  1  1  0.938300  8.327983 11.850298 12.617285  0.148111  0.310145  1.131868  -7
  1  1  0.938300  7.978036 -1.233447-10.188636  0.151402  0.043720  0.229285  -4
  1  1  0.938300  9.352077 15.812180 13.941656  0.197204  0.321833  0.738292  -2
  1  1  0.938300-15.165229  9.744088-11.278243 -0.330055  0.180714  0.226482  -2
  1  1  0.938300  4.576114 -2.782570 13.104348  0.049286 -0.029843  0.867526  -1
  1  1  0.938300 -1.138735  6.893555 12.737965 -0.016099  0.109346  0.923553  -1
  1  0  0.938300  1.243126-14.439433  1.842548  0.039863 -0.221929  0.558887  -7
  1  1  0.938300 -5.674150  8.011732-13.549495 -0.215112  0.065793  0.035975  -7
  1  1  0.938300 24.789143  3.178137-16.116749  0.475111  0.018742  0.164571  -4
  1  1  0.938300 -3.402689 -5.895967 16.275873 -0.050739 -0.211414  0.885010  -2
  1  1  0.938300  3.104111  9.557462-15.052393  0.071281  0.074428  0.108885  -3
  1  1  0.938300 -5.989236 -5.356992 -6.401986 -0.036181 -0.047869  0.329857  -5
  1  1  0.938300 -1.559621-13.294901 16.310917 -0.031317 -0.126388  0.750649  -1
  1  1  0.938300 19.875583  8.693684 21.373800  0.630249  0.178447  1.382397  -2
  1  1  0.938300 -1.441966 -7.330848 19.148441 -0.052400 -0.176914  1.027421  -1
  1  1  0.938300 10.746799 20.831897  6.861654  0.126927  0.439057  0.676130  -4
  1  1  0.938300 -2.068787 -4.086709 -2.647013 -0.002573 -0.163015  0.398123  -6
  1  1  0.938300-20.745526  6.470358  4.514757 -0.402632  0.168197  0.729011  -7
  1  1  0.938300-10.113358-16.202020  9.125923 -0.081082 -0.344352  0.605431  -4
  1  1  0.938300  7.577196  2.745387 21.733412  0.149889  0.032366  1.031330  -1
  1  1  0.938300-19.319118  3.091334 -6.804350 -0.395440  0.110188  0.339249  -9
  1  1  0.938300  0.055854  2.394925  6.000876 -0.000095  0.065994  0.664096 -12
  1  1  0.938300  8.927311 -5.538045 11.404053  0.031479 -0.226890  0.799965  -3
  1  0  0.938300 -6.416711  0.987403 15.392371 -0.274124 -0.091369  0.837503  -5
  1  1  0.938300  8.916528  2.885095 19.161700  0.124705  0.158058  1.089628  -1
  1  1  0.938300 11.731634 21.647284  0.635554  0.269834  0.383638  0.558090  -3
  1  1  0.938300-10.118995  3.366876 18.328102 -0.041271 -0.031796  1.087978  -1
  1  1  0.938300-12.728363 -6.356618 30.309805 -0.233457 -0.080609  1.286088  -2
  1  1  0.938300-12.185992 -1.109103-12.093040 -0.162143 -0.093526  0.134547  -4
  1  1  0.938300 -1.071356-11.020990  8.651295 -0.017193 -0.141142  0.559326  -1
  1  1  0.938300 -1.104664 -2.258849  3.348252 -0.102482  0.066055  0.452351  -6
  1  1  0.938300-10.097540 12.222047 -3.756291 -0.208988  0.262162  0.301304  -6
  1  1  0.938300 -4.949186 -1.816359 -1.842461 -0.036795  0.018062  0.417506  -4
  1  1  0.938300  6.649640 -5.255936 -1.722700  0.128125 -0.228528  0.495015  -6
  1  1  0.938300 -6.603674  0.088793 10.188603 -0.074302 -0.052823  0.555640  -1
  1  0  0.938300 -2.859339 -9.012427 -2.587164  0.043672 -0.170766  0.421975  -4
  1  0  0.938300 -0.079520 18.007379  5.334314  0.049031  0.470978  0.655734  -2
  1  0  0.938300 -1.996512  8.755649  0.316644 -0.058917  0.112630  0.461687  -2
  1  1  0.938300 -2.137680  8.303277-22.379039 -0.098824  0.349547 -0.221212  -4
  1  0  0.938300  1.030617  6.308013 17.707346  0.018466  0.040722  0.883472  -1
  1  0  0.938300  0.110207 -8.284916 -3.446119 -0.098766 -0.229487  0.371489  -4
  1  0  0.938300-11.211455 -9.107428  0.275960 -0.240628 -0.146237  0.536599  -4
  1  0  0.938300-21.874123  4.390986 -6.646678 -0.330266  0.139927  0.368642  -4
  1  0  0.938300 19.469077 -6.869434 -6.904999  0.425222 -0.120364  0.228909  -3
  1  0  0.938300  0.525183-10.435963 19.211498 -0.058922 -0.069766  0.839676  -1
  1  0  0.938300  6.470004-10.357934 18.184043 -0.009622 -0.134958  0.906226  -2
  1  0  0.938300  0.597643 -7.001423  6.448029 -0.040425 -0.180846  0.621360  -6
  1  0  0.938300 11.982182-16.417409 11.004462  0.292797 -0.319494  0.875402  -6
  1  0  0.938300-13.424651  4.358812 13.898055 -0.221506 -0.090529  0.735469  -1
  1  0  0.938300  1.875319 -5.458676 23.001362  0.043938 -0.093018  0.995147  -1
  1  0  0.938300 18.270862 16.868850-13.418736  0.546693  0.606711  0.007897  -5
  1  0  0.938300  9.387825-13.347230-12.936662 -0.006745 -0.242118  0.176102  -2
  1  0  0.938300  8.213073-10.805594 16.584831  0.023972 -0.189664  0.757030  -1
  1  0  0.938300 12.993612  5.166305  8.019790  0.308085  0.199269  0.627288  -2
  1  0  0.938300  1.374733 -0.586153 17.799882 -0.002464  0.087499  0.928316  -1
  1  0  0.938300  1.631691 10.037768 -2.512773 -0.078017  0.214257  0.264109  -6
  1  0  0.938300 -4.544982 -7.418836 -7.210673 -0.110875 -0.255600  0.276191 -11
  1  0  0.938300 -0.698670-11.570493 21.364903 -0.017055 -0.176874  1.000959  -1
  1  0  0.938300-12.152321 -0.062883 13.269522 -0.205823  0.034003  0.851056 -10
  1  0  0.938300 -3.673723 -3.223534 20.214811  0.009908  0.054168  0.859707  -1
  1  1  0.938300-11.188434  9.489746  8.290664 -0.185702  0.272787  0.702811  -4
  1  0  0.938300 -0.107792-10.124636  3.734969  0.133096 -0.316965  0.513425  -3
  1  0  0.938300  3.343938  0.823889  2.969459  0.119259  0.175609  0.552347  -4
  1  0  0.938300  6.778148 13.876687  0.056692  0.066401  0.233726  0.422740  -5
  1  0  0.938300  3.758092 -8.468593 25.675666  0.025628 -0.095477  0.931733  -1
  1  0  0.938300 -4.004960-12.464615 19.068117 -0.106531 -0.179483  0.935320  -1
  1  0  0.938300 -0.609365  0.637370 14.570964 -0.037296  0.010953  0.655691  -1
  1  0  0.938300  3.756159 10.499325  8.463208  0.042371  0.133814  0.706149  -3
  1  0  0.938300 -9.428771 -8.457481  3.165453 -0.221065 -0.103195  0.632040  -2
  1  0  0.938300  7.134478  8.636660 17.834192  0.140998  0.043257  1.110812  -1
  1  0  0.938300  8.018770  1.988547 17.971173 -0.065510 -0.033946  0.898958  -1
  1  0  0.938300-10.990910 -5.766134 -7.907698 -0.252424 -0.110545  0.258410  -4
  1  0  0.938300-29.844297  2.679844 -4.208598 -0.624100  0.169585  0.376456  -2
  1  0  0.938300-11.551887  2.275764 21.305601 -0.083525  0.100102  0.990502  -6
  1  0  0.938300 -2.507410 -1.895965 19.645174 -0.038311 -0.010938  0.816252  -1
  1  0  0.938300 29.799205 14.481292 -3.014844  0.693091  0.324003  0.508310  -4
  1  0  0.938300  2.487878  8.893248 10.866787 -0.052000  0.093855  0.629709  -3
  1  0  0.938300 11.513931 12.890471 -2.597933  0.263593  0.265954  0.420776  -6
  1  0  0.938300-19.281873 -1.234050  7.316621 -0.419084 -0.061496  0.703304  -5
  1  0  0.938300 -4.122361  5.481469 19.026538  0.048865  0.053543  1.137572  -1
  1  0  0.938300-14.904764  3.189267 14.152223 -0.175180  0.012961  0.896348  -4
  1  0  0.938300 -5.730654 -9.521358 20.016997 -0.048473 -0.109058  0.872027  -1
  1  1  0.938300-23.935982 21.357144 -8.182211 -0.873489  0.641233  0.220939  -5
  1  0  0.938300  1.889913 -9.751367  0.307880  0.106086 -0.201666  0.478834  -2
  1  0  0.938300 -9.468140  4.088907 17.436514 -0.138386  0.047711  1.048062  -1
  1  0  0.938300-13.862600  3.025719  5.630166 -0.158140  0.067837  0.521793  -2
  1  0  0.938300 -1.676213-13.576670  8.141234 -0.103024 -0.306386  0.637571  -6
  1  0  0.938300-12.438160-11.085796 20.437973 -0.148736 -0.241716  1.020854  -5
  1  0  0.938300-18.781255 -8.537872 11.598782 -0.238194 -0.163033  0.652052  -2
  1  0  0.938300  8.822976 -5.321627 20.014917  0.034621 -0.179222  0.971597  -1
  1  0  0.938300-19.577636  5.111611  5.689206 -0.372239  0.106147  0.625006  -3
  1  0  0.938300 -0.263103 -0.122471 12.007512  0.080140  0.066837  0.776263  -6
  1  0  0.938300  4.579560-18.459268 -3.107716  0.017174 -0.402967  0.284107  -4
  1  0  0.938300  1.114691 -7.431507 13.690792  0.031535  0.020099  0.697227  -1
  1  0  0.938300 -7.847311 -6.736488 17.297849 -0.172121 -0.037600  0.783105  -1
  1  1  0.938300 -7.470903  4.165948 -2.162946 -0.262122  0.082744  0.371437  -4
  1  0  0.938300  2.932199 10.503546 18.361332  0.172379  0.126055  0.973856  -4
  1  0  0.938300 -3.967061 -4.085515  5.428839 -0.121539 -0.079549  0.528809  -5
  1  0  0.938300 -1.423222 -7.595937 10.214232  0.049135 -0.104418  0.795236  -2
  1  0  0.938300  5.614484 10.943716 11.988654  0.039007  0.088797  0.689553  -1
  1  0  0.938300 21.419490 11.536493 10.858951  0.366490  0.218272  0.857796  -3
  1  1  0.938300 -6.077509  4.856709  7.530288 -0.116536  0.167209  0.781111  -2
  1  0  0.938300  1.317923  7.688922  1.644499  0.026935  0.254926  0.634467  -4
  1  0  0.938300  9.188065 -2.949493 -5.295071  0.152523 -0.046993  0.274315  -3
  1  0  0.938300 -8.461323 -6.810189 18.907580 -0.024726 -0.133652  1.100368  -1
  1  0  0.938300 -1.102628 20.511747  2.700449 -0.001277  0.467536  0.617116  -3
  1  0  0.938300 10.857077  7.286118  0.487572  0.171662  0.162679  0.407960  -2
  1  0  0.938300-14.462586  7.237773 23.205013 -0.207761  0.134288  1.044284  -1
  1  0  0.938300-15.720360 11.065023  2.400223 -0.305715  0.213822  0.563396  -2
  1  0  0.938300-11.361473 -0.945675 23.172500 -0.185996 -0.027238  0.958627  -1
  1  0  0.938300 -1.564402 10.625910 -1.223479 -0.121993  0.228722  0.460318  -5
  1  0  0.938300  6.027472  4.288376 -4.635338  0.210923  0.148951  0.411552  -6
  1  0  0.938300  7.443164  9.029777-11.735778  0.139290  0.153339  0.120700  -9
  1  0  0.938300 15.832897-11.148965 15.429537  0.353070 -0.314674  0.969282  -8
  1  0  0.938300 -5.280326  5.733408  7.542466 -0.063327  0.051908  0.498749  -1
  1  0  0.938300-11.106881-15.379418 -2.479123 -0.163499 -0.390914  0.451764  -3
  1  0  0.938300 19.115214 -9.951191 -2.063532  0.348619 -0.098023  0.439040  -2
  1  0  0.938300-18.094697-13.877813  7.031600 -0.291405 -0.207510  0.591986  -2
  1  1  0.938300 12.985561-11.316700 17.557310  0.201498 -0.273222  1.139709  -4
  1  0  0.938300 -1.858092 10.818721 17.220043 -0.012022  0.197315  0.824990  -1
  1  0  0.938300-16.776889 -4.204154  0.937060 -0.208350  0.016977  0.423019  -2
  1  0  0.938300 10.968104 -1.296667  4.537251  0.261141 -0.123753  0.580445  -2
  1  0  0.938300-26.793913  1.404123-16.204412 -0.571005  0.018668  0.003013  -2
  1  0  0.938300 -4.214761  6.156802 19.721461 -0.292462  0.001756  1.077215  -3
  1  0  0.938300 -1.958970 -1.415644 11.858724  0.032552  0.007322  0.896296  -1
  1  0  0.938300 11.308834  5.405112  5.053626  0.142698  0.049366  0.536320  -3
  1  0  0.938300-14.320442 -0.944587 -1.295271 -0.241519 -0.053593  0.327591  -5
  1  0  0.938300  7.259968 -0.233220 20.395797  0.032406  0.030201  0.883996  -1
  1  0  0.938300 16.433979  0.816268 -2.293731  0.366561 -0.097717  0.407481  -2
  1  0  0.938300 -5.611676  0.637653 15.625758 -0.060425  0.032096  0.758829  -1
  1  0  0.938300 -7.938462 14.117115 -0.084271 -0.256663  0.325001  0.441538  -4
  1  0  0.938300 -2.672134 -7.348109 13.031727 -0.046053 -0.214528  0.744771  -2
  1  0  0.938300  4.190765-19.544123 14.275891  0.106357 -0.456761  0.832008  -6
  1  0  0.938300 12.685764 -0.737706-21.890383  0.271083  0.122250 -0.022581  -4
  1  0  0.938300 -7.198605 -9.210008 21.821600 -0.064867 -0.060095  0.894500  -1
  1  0  0.938300 -6.581248 -7.309983 24.106834 -0.100733 -0.093458  1.132516  -1
  1  0  0.938300-11.689870  3.450799 15.735482 -0.200176  0.102540  0.914661  -2
  1  0  0.938300  3.191475 -3.359905 -5.326620  0.019807 -0.020308  0.277429  -3
  1  1  0.938300 16.152388 -2.858565  3.098116  0.233977  0.070984  0.542351  -4
  1  0  0.938300  1.001190 -7.756423 23.279765 -0.018612 -0.175056  0.894994  -1
  1  0  0.938300 15.662606  5.069573 15.215921  0.251877  0.051897  0.835838  -2
  1  0  0.938300 -3.846336  2.014925 22.107895 -0.060228  0.003246  1.136897  -1
  1  0  0.938300 -0.646198 -3.266847 15.121690 -0.107782 -0.008047  0.709270  -1
  1  0  0.938300  8.756021 13.717183 14.647517  0.142861  0.205164  0.839412  -2
  1  0  0.938300  8.453446 -1.318992 18.598938 -0.094238 -0.037696  0.908139  -1
  1  0  0.938300  2.413527 -4.238055 19.112658  0.076346  0.019473  0.820391  -1
  1  0  0.938300  6.678347  6.976571 15.531142  0.043493  0.035493  0.743111  -1
  1  0  0.938300  5.533808 -5.708235-13.701536 -0.036084 -0.090737  0.201890  -2
  1  0  0.938300 20.256302  8.031041  1.764384  0.291657  0.211131  0.508567  -3
  1  0  0.938300  1.340016 -1.479817 10.922980  0.079497 -0.033966  0.673380  -1
  1  0  0.938300-17.510271-21.340564  1.689540 -0.293230 -0.436518  0.552123  -5
  1  0  0.938300-17.496527 -8.591853 -1.838629 -0.362846 -0.285491  0.387796  -5
  1  0  0.938300  1.259447-11.175340 -1.309850  0.002725 -0.177743  0.422399  -3