  1  1  0.938300 -0.784986 -5.964804-10.885407  0.036747 -0.027438  0.140703   1
  1  1  0.938300 -1.625432 12.106851-13.828976  0.119620  0.162822  0.182911   3
  1  1  0.938300 -8.232135 -2.403575-24.138885 -0.141998 -0.007796 -0.002850   1
  1  1  0.938300 -6.557475  7.249441-21.648338 -0.017789  0.055365  0.028831   1
  1  1  0.938300 -8.764744 -1.273965  4.068565 -0.157780 -0.132129  0.572267   3
  1  0  0.938300  8.280113 -4.637383 18.892352  0.030191 -0.078842  0.882560   2
  1  1  0.938300 14.466433-10.911491-20.077840  0.296574 -0.307573 -0.061099   3
  1  1  0.938300 -0.417750 -0.807409-10.373948 -0.042184 -0.010410  0.143051   1
  1  1  0.938300 16.649138  9.067249 14.944870  0.254268  0.131609  1.010133   3
  1  1  0.938300 13.261299 -5.465655  9.818232  0.202206 -0.142466  0.708075   5
  1  1  0.938300 -5.139772 12.235036-11.410096 -0.146072  0.198096  0.197236   1
  1  1  0.938300 10.939006-22.399358 -1.898003  0.248712 -0.380149  0.485343   3
  1  1  0.938300 -9.007235 -9.042266 15.528196 -0.232386 -0.217619  0.815382   4
  1  1  0.938300-12.787857  2.237528-16.335281 -0.149277 -0.069706  0.003997   1
  1  1  0.938300 23.144475  5.910741 15.877684  0.599402  0.189086  1.114077   4
  1  1  0.938300 -7.095885 -3.487501-14.001562  0.022988  0.015084  0.204239   1
  1  1  0.938300-11.663991  0.426456-16.711490 -0.194779  0.106771  0.076090   1
  1  1  0.938300 10.462870  2.327497 17.037925  0.126633 -0.106501  0.920510   5
  1  0  0.938300 -7.429324  3.215072 19.838791 -0.212750  0.116861  0.963171   6
  1  1  0.938300  2.001646 23.803178-10.802731 -0.002009  0.411034  0.238736   5
  1  1  0.938300 10.751554 -3.686432-13.325093  0.175687 -0.141810  0.230305   1
  1  1  0.938300 17.747127-25.415548  4.015439  0.318074 -0.627027  0.652895   6
  1  1  0.938300 19.729809 -6.435618-13.206677  0.431892 -0.045821  0.216535   3
  1  1  0.938300  8.691136  2.482425 -8.800549  0.258041 -0.017086  0.230600   5
  1  1  0.938300 -1.749907  2.998347-17.930187 -0.051877  0.089571  0.033767   2
  1  1  0.938300 -1.343783-13.965767-19.110787 -0.034713 -0.226616  0.053959   1
  1  1  0.938300 12.723253 -5.599036-13.200938  0.233205 -0.102500  0.068317   2
  1  1  0.938300-21.451878 -8.930470 -3.464164 -0.495185 -0.081426  0.448587   5
  1  1  0.938300 -5.934732  4.045866-17.327806 -0.070925  0.097419  0.072847   1
  1  1  0.938300  2.603693 12.720876-19.294549  0.106950  0.146497  0.048321   1
  1  1  0.938300  1.712143  0.341609-11.959582 -0.052021  0.068333  0.222550   1
  1  1  0.938300 11.362314  9.955756 16.258863  0.247744  0.334030  0.968955   5
  1  1  0.938300 -3.370721 -3.372717 -0.726944 -0.046426 -0.053993  0.456656   4
  1  1  0.938300  2.527400 11.051624-16.382396 -0.082228  0.055923  0.084777   2
  1  1  0.938300  2.077327  7.387097-11.059066  0.029070  0.204821  0.213959   1
  1  1  0.938300 11.231974  0.478835-19.884309  0.100024  0.063909 -0.064529   1
  1  0  0.938300-17.550812 11.764403 -6.917399 -0.276524  0.202194  0.301426   3
  1  1  0.938300  6.041398 -1.157009 -3.229732  0.041977 -0.041726  0.411964   3
  1  1  0.938300  2.516061-13.336139 15.026428  0.062271 -0.390749  0.898064   2
  1  1  0.938300  7.645180 -6.308161 -3.775768  0.047842 -0.099425  0.347936   7
  1  1  0.938300 -4.072129 -5.926244-12.133046 -0.029827 -0.086483  0.254039   1
  1  1  0.938300  2.573556 -5.026302-18.975859 -0.034372 -0.021061  0.102158   1
  1  1  0.938300-11.013259 14.141905 -7.425768 -0.175579  0.227432  0.402324   2
  1  0  0.938300-11.018140 -9.568438  4.137079 -0.061666 -0.108043  0.495322   4
  1  1  0.938300-11.013676 14.975802  2.172019 -0.151753  0.330836  0.600295   3
  1  1  0.938300 -8.597663 -1.845832-12.172178 -0.108264 -0.032656  0.203225   1
  1  1  0.938300 -1.045667 -5.293868 -0.153349 -0.116385 -0.100715  0.483401   4
  1  0  0.938300 -2.611887 13.625549-15.133091 -0.191139  0.398002  0.023142   6
  1  1  0.938300  1.293596 15.866003-18.278431  0.022352  0.161221  0.001564   1
  1  1  0.938300 -4.328466  2.188748-17.891086  0.062638 -0.001956  0.052224   1
  1  1  0.938300  1.607293  2.079950-24.830725  0.024765  0.077586 -0.130587   1
  1  0  0.938300  6.855968-14.203158-18.235642  0.198654 -0.273376 -0.107861   4
  1  1  0.938300 13.530936  4.900045 13.230994  0.180424  0.182346  0.829333  11
  1  1  0.938300-10.040710  5.252693-16.570743 -0.199021  0.147186  0.193929   3
  1  1  0.938300-13.976529 -8.030752 -8.350703 -0.158305 -0.100618  0.366998   3
  1  1  0.938300 14.501297  3.113253  9.931817  0.497171  0.032961  0.950643   2
  1  1  0.938300  2.206628  4.197140  5.261784  0.012206  0.101158  0.706829   8
  1  1  0.938300 10.288083 -2.615737-16.924066  0.119750 -0.018989  0.044320   1
  1  1  0.938300  7.469272  2.399824-16.725634  0.201227 -0.033534 -0.000996   7
  1  1  0.938300 16.104022  2.375885-16.165185  0.220868  0.029745  0.027889   1
  1  1  0.938300  3.154854-28.978018  2.425777  0.090349 -0.567389  0.562778   2
  1  1  0.938300-16.832637  5.695414 -5.974496 -0.306002  0.138066  0.225871   6
  1  1  0.938300 -4.315100 15.257829-12.994864 -0.150073  0.228337  0.158022   2
  1  1  0.938300 12.928703 -3.563220-17.361009  0.097192 -0.146885  0.025320   4
  1  1  0.938300 16.026584-10.796352 -3.949409  0.389410 -0.214650  0.444481   2
  1  1  0.938300 12.665545  4.812876-18.734895  0.117573  0.032665 -0.010041   1
  1  1  0.938300 -6.643512 -6.613762 -6.147639 -0.166297 -0.196315  0.265898   2
  1  1  0.938300 10.347715 -4.254487 -1.397626  0.156252  0.039577  0.452989   5
  1  1  0.938300 -5.540666-21.412310 -0.048742 -0.288933 -0.453424  0.503717   5
  1  1  0.938300 -5.649992 -8.319602  8.104046 -0.093071 -0.105693  0.648347   3
  1  1  0.938300  6.384910 12.848422-20.371997  0.101863  0.256936 -0.093226   1
  1  1  0.938300  0.295348 -3.840621-11.677561 -0.133755 -0.029101  0.199566   1
  1  1  0.938300 -6.206421  5.954241-12.875102 -0.086503  0.150492  0.166956   1
  1  1  0.938300-18.469542  4.395991 -0.705662 -0.349571  0.098650  0.411336   2
  1  1  0.938300 21.312066  6.581997  5.359813  0.437732  0.079059  0.649482   3
  1  1  0.938300  5.989735  5.675378-13.316580 -0.032717  0.032942  0.160586   1
  1  1  0.938300  2.880623  6.738279-14.853952 -0.031634  0.158423  0.041848   1
  1  1  0.938300  5.646982  9.713442  2.641535  0.238137  0.284098  0.465231   5
  1  0  0.938300 -5.291774 22.470765 -3.181698 -0.061086  0.420616  0.388155   5
  1  0  0.938300  3.782974  9.905877 10.330609  0.065253  0.253450  0.836483   3
  1  0  0.938300 13.098539 -0.049533-15.766514  0.154875 -0.052324 -0.003083   1
  1  0  0.938300  1.624404-21.306817 20.052328  0.009719 -0.388955  1.048509   2
  1  0  0.938300 -1.105641 -8.719647-15.785454  0.027238 -0.023561  0.124430   1
  1  0  0.938300 -3.312219 14.602598 -9.602624 -0.255701  0.302281  0.191250   2
  1  0  0.938300 -3.187979-20.082113 -3.457335  0.004071 -0.297458  0.392009   2
  1  0  0.938300  6.937019  9.195120-18.160646  0.130088  0.036172 -0.003358   1
  1  0  0.938300-23.762840-12.840814  4.003600 -0.410583 -0.244869  0.512280   2
  1  1  0.938300 10.207305  5.211075 -4.307546  0.152430  0.072300  0.283265   5
  1  0  0.938300 -1.286907  0.165685  2.410053  0.061315  0.021619  0.580330   6
  1  0  0.938300 -9.265059 -4.108191  0.194954 -0.221765  0.077029  0.449005   3
  1  0  0.938300 -5.809398 -5.331469-17.978814 -0.030076 -0.011107  0.076804   1
  1  0  0.938300 24.743263-12.279763-10.182018  0.498497 -0.145045  0.240185   2
  1  0  0.938300  1.202123  9.047289 -4.828515 -0.103190  0.216109  0.293278   4
  1  0  0.938300 -1.417199 21.805127-13.472534 -0.018538  0.349817  0.190906   2
  1  0  0.938300  1.860366  9.613266 -0.251700  0.041088  0.298160  0.460339   4
  1  0  0.938300 10.694978  5.764063-15.020220  0.155189  0.138652  0.215797   1
  1  0  0.938300 -9.045323 -4.595353  3.168334 -0.088408 -0.092387  0.581325   5
  1  0  0.938300 -9.152373-10.518219  5.827479 -0.078687 -0.342702  0.491995   3
  1  0  0.938300 -0.861656-17.545540-18.077883 -0.002441 -0.275859  0.083721   3
  1  0  0.938300  1.320001  0.377269 -5.164004  0.054746  0.050538  0.334987   4
  1  0  0.938300 13.015710  4.892944-11.661573  0.233752  0.058035  0.121991   1
  1  0  0.938300 -1.366506  5.694720-19.316746  0.028904  0.044606 -0.012675   1
  1  0  0.938300-17.442494  1.489067  3.957783 -0.223773 -0.002921  0.491523   5
  1  0  0.938300  2.462422 13.984415-19.243529  0.010000  0.243286  0.038835   1
  1  0  0.938300 11.639154-16.483089  3.051579  0.201601 -0.236553  0.486829   6
  1  0  0.938300  3.257358  5.506311-19.178795  0.088618  0.029936 -0.067964   1
  1  0  0.938300-15.227430  2.683177 -4.374371 -0.309154 -0.049544  0.495939   8
  1  1  0.938300 -0.831678 21.299114  6.240586 -0.059600  0.508041  0.615375   3
  1  0  0.938300-13.295433  9.078408  6.265048 -0.112387  0.101730  0.512080   2
  1  1  0.938300 16.730517 -9.681642-18.304655  0.462850 -0.139329  0.047384   5
  1  0  0.938300 -2.645004 -8.033908-15.751135  0.044764 -0.111534  0.128391   1
  1  0  0.938300 -5.909302  9.969511  4.482790 -0.010508  0.202737  0.479768   5
  1  0  0.938300 -3.397932 -7.320698-18.387025  0.028330 -0.016919  0.061524   1
  1  0  0.938300  3.860768 -3.077546-15.948091 -0.018949 -0.084645  0.108974   1
  1  0  0.938300  2.055969 -7.099289-10.587442 -0.060319 -0.110313  0.224070   2
  1  0  0.938300  4.142071  0.097798-28.483725  0.066204 -0.042862 -0.198778   1
  1  0  0.938300 11.404308 16.965129 -7.377129  0.113354  0.231455  0.301668   3
  1  0  0.938300-21.838114 -9.166039  2.673896 -0.518765 -0.118681  0.570447   4
  1  0  0.938300 11.195494 -0.334250-22.135859  0.110656  0.059235 -0.162689   2
  1  0  0.938300-20.143513 -2.784775 -0.153132 -0.331510  0.008201  0.382567   6
  1  0  0.938300 10.698920  8.910543-16.065704  0.135535  0.117924  0.079540   1
  1  0  0.938300  4.751989 -3.605004-19.984486  0.061071  0.008947 -0.049909   1
  1  0  0.938300 12.168526-24.302169  9.453390  0.273847 -0.697474  0.836721   3
  1  0  0.938300  6.541646 11.794429-20.966916  0.152383  0.197741  0.002015   1
  1  0  0.938300 -3.168603 -2.550779 15.401188 -0.172830 -0.072929  0.749682   2
  1  0  0.938300 -2.872995-14.728678-19.506427 -0.078239 -0.223457 -0.017659   1
  1  0  0.938300 -4.553873-10.716787 -8.664397 -0.190338 -0.398043  0.168286   6
  1  0  0.938300 16.066267 -9.231345-11.557035  0.346086 -0.030227  0.244665   3
  1  1  0.938300 15.758947 14.957713-13.466066  0.233646  0.350008  0.140514   3
  1  0  0.938300 -0.164821-10.469348-19.170002  0.014346 -0.204925  0.068601   1
  1  0  0.938300 10.249420 -1.579297 11.568300  0.127636  0.012114  0.807702   2
  1  0  0.938300-23.998857  5.210564 18.242500 -0.451638  0.099746  0.960610   5
  1  0  0.938300 18.181453 -8.990123-15.368949  0.275835 -0.272479  0.099871   3
  1  0  0.938300  3.960417-11.386707-21.919465  0.003429 -0.248717 -0.088402   1
  1  0  0.938300  4.294616 -1.670535-15.835755  0.084287  0.057967 -0.073042   3
  1  0  0.938300 -4.572952  2.027802 -6.446614  0.005452 -0.036105  0.378248   1
  1  1  0.938300  2.165381 -9.972861  6.159955  0.099046 -0.217839  0.558630   2
  1  1  0.938300 -4.952824 15.673930 22.625334 -0.050840  0.280938  1.201336   5
  1  0  0.938300 13.533047 -6.096716-18.113821  0.214991 -0.182123  0.060151   1
  1  0  0.938300-24.355812 -4.893033 14.798844 -0.511222 -0.101904  0.740789   2
  1  0  0.938300 -7.749196  8.367771-18.234389 -0.194737  0.108227  0.006865   1
  1  0  0.938300  3.350281 -8.575491 -1.595777  0.123137 -0.075333  0.352976   2
  1  0  0.938300 -6.139336 -2.533247 -6.221442 -0.184786  0.015760  0.337825   2
  1  0  0.938300 -3.118923-12.152790-15.794146 -0.068380 -0.154748 -0.032553   1
  1  0  0.938300-10.972578 -4.164788 11.759919 -0.162992 -0.097213  0.815165   7
  1  0  0.938300 -2.356230 -6.560906-14.568443 -0.030944 -0.155034  0.171826   1
  1  0  0.938300-14.018854  5.371932  0.872491 -0.289889  0.071350  0.466411   4
  1  1  0.938300  8.019267-18.828480 -3.478738  0.177132 -0.374391  0.403795   8
  1  0  0.938300 -1.719699 -2.745833  1.560451 -0.083087  0.040559  0.414240   3
  1  1  0.938300 -7.892609  5.631187-18.923555 -0.045665  0.150879  0.111260   9
  1  0  0.938300 -1.604862 -5.560747-18.863665  0.135606 -0.085367 -0.015311   1
  1  0  0.938300-18.557260 -5.116572 -7.317013 -0.210513 -0.061748  0.235321   2
  1  0  0.938300 -6.402362-14.083130  2.655264 -0.029052 -0.334234  0.560351   3
  1  0  0.938300 -7.988317-12.630657 -4.846373 -0.039679 -0.232159  0.291201   2
  1  0  0.938300  4.679048 -1.211502-15.700145  0.059784 -0.011533  0.125616   1
  1  0  0.938300 -7.288379  4.984711-23.963619 -0.010842  0.095944 -0.109425   1
  1  0  0.938300  2.270117  5.218973  5.476337 -0.009932  0.175555  0.639148   8
  1  0  0.938300 -6.070339 -2.846154-20.227330 -0.090096 -0.081781  0.034026   1
  1  0  0.938300 -1.949198-13.748631  6.607569  0.044544 -0.143511  0.591008   5
  1  0  0.938300 -7.728792 -8.911735  7.779093 -0.225691 -0.202558  0.629851   4
  1  0  0.938300 -9.464503  1.059989-15.948806 -0.129828  0.007537  0.056954   1
  1  0  0.938300 13.164493  0.058896-16.923481  0.140176  0.042790  0.108272   1
  1  0  0.938300  1.359082  9.531306 13.358765  0.138474  0.340700  0.996861   4
  1  0  0.938300 -0.898413 21.635988-22.582700 -0.049582  0.375490 -0.066984   2
  1  1  0.938300 10.023238-16.453756 12.837204  0.208451 -0.310603  0.708288   2
  1  0  0.938300 -4.116546  8.002113 -9.663790 -0.131646  0.126001  0.186222   1
  1  0  0.938300 -2.502368 15.189581 -2.356450 -0.035373  0.301902  0.488435   5
  1  0  0.938300 -1.409688  4.972972 -7.135707 -0.141471  0.049777  0.268808   4
  1  0  0.938300 12.390178  8.224915 -5.638664  0.269145  0.101006  0.352722   3
  1  0  0.938300  1.830860  9.731957-16.222174 -0.056810  0.081918 -0.011505   2
  1  0  0.938300 -2.304243 -7.802622-17.510948 -0.001588 -0.221296  0.020640   1
  1  0  0.938300 -0.693000  3.763962-15.468301 -0.162000  0.085141 -0.013529   2
  1  0  0.938300 -0.116817 -4.734323-13.356122  0.045226 -0.086461  0.035099   2
  1  0  0.938300 10.521433 -0.716908-19.610371  0.024923  0.023473  0.003143   1
  1  0  0.938300  0.042585 -6.137948-20.254157  0.029575  0.018220  0.004905   1
  1  0  0.938300  6.345367 -0.001625-10.075039  0.066580 -0.082010  0.167541   1
  1  0  0.938300-12.517315  1.476706 15.490291 -0.155385  0.114823  0.834134   7
  1  0  0.938300  8.360148 13.822619 -0.907086  0.140302  0.122084  0.408787   2
  1  0  0.938300  3.624473-11.885711 -6.256172  0.009017 -0.263166  0.309946   4
  1  0  0.938300  0.100483  3.040404-17.777168  0.024813 -0.075164  0.129534   1
  1  0  0.938300  3.970382 -6.693396-14.339079  0.156354 -0.129379  0.100293   1
  1  0  0.938300  8.177678 -2.055901-15.925723  0.014939  0.049682 -0.012124   4
  1  0  0.938300 -6.822915 17.907466 -1.062698 -0.124542  0.401849  0.305567   3
  1  0  0.938300-13.548309 15.853674  7.212378 -0.242452  0.281682  0.718882   2
  1  0  0.938300 -2.133824 14.473013-22.565721 -0.000841  0.217454 -0.122049   1
  1  0  0.938300 -3.851119 -8.274184-24.340765 -0.062250 -0.060858 -0.072563   1
  1  0  0.938300  1.583364 10.263551-18.084069 -0.005843  0.052285  0.117483   1
  1  0  0.938300  3.336227 -9.431871-17.270230  0.009198 -0.100578 -0.063384   1
  1  0  0.938300 -0.423862 -3.899515  6.582041  0.002919 -0.063231  0.681234   8
  1  0  0.938300 -4.475952  2.564300-11.238173 -0.190543  0.043792  0.008151   2
  1  0  0.938300  2.889000 -3.234688-13.247608  0.164228 -0.031832  0.268426   1
  1  0  0.938300-19.026881  7.041546-11.136485 -0.516504  0.159236  0.173421   3
  1  0  0.938300  1.355691  7.814572-15.899584  0.039301  0.133855 -0.010033   1
  1  0  0.938300-14.573417-14.301535 -9.661889 -0.301041 -0.268318  0.253327   2
  1  0  0.938300 -7.542523 -7.233391  8.903146 -0.020015 -0.031799  0.647044   4
  1  0  0.938300 -5.244293  3.996288-18.988655 -0.085867  0.015491 -0.021600   1
  1  0  0.938300  9.322391 -9.699586-11.713049  0.119362 -0.203650  0.143793   1
  1  1  0.938300 14.179822 17.270940  0.927579  0.253652  0.262629  0.400217  -2
  1  1  0.938300 -1.350398  0.686745  8.654161  0.017157  0.095124  0.798048  -4
  1  1  0.938300 -7.504030-18.154952  3.581968 -0.164648 -0.452967  0.751212  -4
  1  1  0.938300 -9.482801 -6.128470 27.294331 -0.148244 -0.098761  1.149485  -1
  1  1  0.938300 18.629058  7.355039  5.084635  0.421667  0.174758  0.520011  -4
  1  0  0.938300 17.394731 -1.190005 -8.769538  0.451201  0.078193  0.214806  -6
  1  1  0.938300 -1.829920 10.902577 19.498230  0.068628  0.119783  1.028084  -1
  1  1  0.938300 16.173620-11.221399  2.439755  0.375036 -0.385014  0.536380  -7
  1  1  0.938300  8.299580 -2.977641 13.219580  0.096695 -0.090022  0.883412  -1
  1  1  0.938300 -0.640217  5.741337 -1.239225 -0.049321  0.142517  0.394624  -7
  1  1  0.938300 -2.419774 21.273422  3.292819  0.034564  0.369281  0.708488  -3
  1  1  0.938300-13.673668-23.230372  8.566131 -0.209668 -0.425465  0.704518  -3
  1  1  0.938300 -6.913536  4.499390 16.266873 -0.144074  0.117336  0.739130  -1
  1  1  0.938300  5.971525  2.548248 20.321376  0.073454  0.022410  1.043624  -1
  1  1  0.938300-10.312309 13.280402 16.682318 -0.141223  0.380468  0.865906  -5
  1  1  0.938300  7.757821-20.135488  4.657839  0.104296 -0.331822  0.659169  -5
  1  1  0.938300  5.671031  9.973361  0.789400  0.033193  0.086233  0.391930  -5
  1  1  0.938300  8.952615  0.136110-12.741965  0.049245  0.037573  0.201004  -5
  1  1  0.938300  7.349716  3.020852 16.626517  0.168531 -0.054005  0.863095  -1
  1  1  0.938300 20.647058 20.279854  1.310560  0.383167  0.388770  0.554045  -3
  1  1  0.938300 16.483714 -1.399665 -1.418463  0.408217 -0.010548  0.373279  -5
  1  1  0.938300 -1.710990  6.317024 17.646398  0.049571 -0.000155  0.930393  -1
  1  1  0.938300 14.019754-12.387614  3.829876  0.186320 -0.229965  0.511086  -3
  1  1  0.938300 -1.416121-17.283803 21.375906 -0.028835 -0.241892  0.968398  -1
  1  1  0.938300-10.374813 12.930807  8.985353 -0.326572  0.228027  0.767159  -3
  1  0  0.938300 -6.588585  4.187560 -1.977341 -0.128641  0.110420  0.417868  -4
  1  1  0.938300 -3.588377  0.271982-15.208112 -0.127723  0.107416  0.112779  -4
  1  1  0.938300  6.577914-10.329559 25.866175  0.097218 -0.131934  1.298332  -1
  1  1  0.938300 -7.208705-11.817322 14.941125 -0.200193 -0.145815  0.915388  -1
  1  1  0.938300 14.812628 19.563192  8.935324  0.219709  0.531430  0.755502  -3
  1  1  0.938300  0.010388 -7.559303  6.001880 -0.054006 -0.254810  0.708285  -3
  1  1  0.938300-21.468526 -4.637432-18.984366 -0.500784 -0.141077  0.056062  -5
  1  1  0.938300-21.662522-20.400398  3.214933 -0.468258 -0.428007  0.595303  -5
  1  1  0.938300  5.904694 -4.215377 13.320546  0.032942 -0.049992  0.681794  -1
  1  1  0.938300 -6.306018 14.430283 12.254030 -0.141899  0.180258  0.799577  -3
  1  1  0.938300 -1.847648-16.514450 12.251000 -0.108469 -0.191318  0.767580  -6
  1  1  0.938300 18.338772 15.413144  8.596864  0.345045  0.396021  0.721058  -4
  1  1  0.938300-21.066453-11.369444  8.975660 -0.547745 -0.197465  0.852587 -10
  1  1  0.938300  7.814638 -4.175521 15.620396  0.136275 -0.183813  0.943822  -1
  1  1  0.938300 -9.909671 -3.234792 21.077319 -0.108357  0.027000  0.973726  -2
  1  1  0.938300  7.559683  9.224982-10.234129  0.016359  0.158448  0.306565  -3
  1  1  0.938300-28.159932  6.844366 -2.084358 -0.592218  0.186207  0.462403  -3
  1  0  0.938300-24.041364 19.730197 -0.316086 -0.445468  0.468346  0.555445  -4
  1  1  0.938300-17.154706 -0.989827 21.868503 -0.298523 -0.020517  0.955113  -1
  1  1  0.938300 -2.459089  7.101390  8.342786  0.023039  0.218522  0.573079  -3
  1  1  0.938300  9.267669  3.635307  3.115979  0.189335  0.167774  0.504067  -5
  1  1  0.938300-13.386109 -0.909306 -4.631427 -0.186630  0.126694  0.444509  -2
  1  1  0.938300  4.664146 -3.386327 10.652044  0.162637 -0.071938  0.859951  -3
  1  1  0.938300 -8.933204-12.276128 23.956847 -0.148499 -0.232416  1.073312  -1
  1  1  0.938300-21.496538 -3.764663 -8.296748 -0.595922 -0.200434  0.259734  -6
  1  1  0.938300-14.300951 21.859837 -1.381304 -0.263120  0.468869  0.529359  -2
  1  0  0.938300-10.281755 18.982141  6.527234 -0.126510  0.327108  0.603137  -2
  1  1  0.938300  9.585772  9.514844 17.584421  0.360550  0.321088  1.183673  -6
  1  1  0.938300-10.883785  7.146490 27.719747 -0.146584  0.164611  1.214385  -1
  1  1  0.938300 -2.199860 14.832543 13.364295 -0.000074  0.211301  0.668522  -1
  1  1  0.938300-10.738459  3.256956-12.245494 -0.191305  0.056856  0.085763  -8
  1  1  0.938300  4.780224-27.559204 -2.343048  0.045692 -0.581951  0.381942  -2
  1  1  0.938300  9.690820 24.377944 -2.794074  0.243752  0.730413  0.501713  -3
  1  1  0.938300  0.834584 -9.322573 16.652463  0.089230 -0.064820  1.037848  -1
  1  1  0.938300 18.026210 -4.283196  5.474871  0.301077  0.056398  0.644389  -3
  1  1  0.938300 -3.893572  1.197369 -6.473025  0.058240  0.130857  0.215120  -3
  1  1  0.938300 14.269655 11.064420 -1.342302  0.200785  0.196116  0.467036  -2
  1  1  0.938300-10.806922 11.059695-10.980535 -0.117484  0.325292  0.156764  -5
  1  1  0.938300  8.950935  8.469810 20.013663  0.248463  0.116074  0.923026  -1
  1  1  0.938300 20.681884 10.819183 15.382017  0.524741  0.305203  1.021582  -4
  1  1  0.938300  9.509182  1.810825 11.619091  0.286951 -0.062775  0.808219  -2
  1  1  0.938300 11.839797  8.564533 10.169748  0.158375  0.206210  0.691852  -5
  1  1  0.938300-12.645168  0.564003 15.215644 -0.163260 -0.033773  0.806368  -1
  1  1  0.938300 10.659413  0.480033 15.277538  0.208701 -0.080292  0.835079  -1
  1  1  0.938300  8.945680  3.967031 17.624660 -0.014161  0.120222  0.896715  -1
  1  1  0.938300 11.846083 -1.394548 17.489735  0.177599 -0.003389  1.005310  -2
  1  1  0.938300  3.899089  5.748558 -4.943146  0.022739  0.191250  0.366752  -4
  1  1  0.938300-25.644525-12.300625 -2.011775 -0.545161 -0.196489  0.404862  -4
  1  1  0.938300  6.544283  8.153146 21.026138  0.068912  0.164288  0.976086  -1
  1  1  0.938300 -5.116566-17.280824 -9.915606 -0.132804 -0.469727  0.339401  -3
  1  1  0.938300-10.271423  1.033848 -3.177745 -0.200707 -0.038655  0.336423  -7
  1  0  0.938300 30.194982 21.692001  5.548929  0.812334  0.693603  0.890673  -5
  1  1  0.938300 -5.455646 12.850470 -2.855489 -0.119345  0.249260  0.415477  -3
  1  1  0.938300  5.007927  6.517337 21.519333  0.068899  0.017420  1.017959  -1
  1  0  0.938300  4.059637 -5.589660  5.874663  0.085938 -0.132554  0.508912  -6
  1  0  0.938300 -5.062296 23.813725 -3.404876 -0.091023  0.508632  0.443066  -2
  1  0  0.938300  3.300787-14.358083 -1.376722  0.190656 -0.361853  0.498955  -7
  1  0  0.938300 -4.154465  1.292253  1.406283 -0.088790 -0.005546  0.423065  -3
  1  0  0.938300  9.678331 -5.077838 17.184666  0.118197  0.045838  0.941986  -1
  1  0  0.938300  2.044552  5.458400 -1.348994 -0.089528  0.041421  0.367881  -4
  1  0  0.938300 -1.317799 -6.205058 -4.367379 -0.098687 -0.087099  0.405124  -3
  1  0  0.938300-11.920815  2.617000 19.743710 -0.183595 -0.053245  1.014719  -1
  1  0  0.938300 10.740191-15.646624  0.857499  0.188121 -0.426216  0.544666  -4
  1  0  0.938300  8.864917  5.404816 15.661497  0.051735  0.109707  0.799651  -1
  1  0  0.938300 11.368489  3.395256 11.980247  0.349946 -0.044037  0.895422  -6
  1  0  0.938300 -4.458129  5.861062-10.958471  0.012036  0.066247  0.051421  -5
  1  0  0.938300  1.937847 -5.342032 14.385033 -0.044054 -0.037776  0.713518  -2
  1  0  0.938300 -5.672398 21.812439  5.749608 -0.015368  0.429828  0.564782  -2
  1  0  0.938300  0.780404  6.509802  8.352528  0.020601  0.023643  0.550833  -1
  1  0  0.938300 -1.892746 13.641010 -4.886231 -0.102364  0.198874  0.253339  -5
  1  0  0.938300 -4.805264 -8.106403  3.549938 -0.133282 -0.170783  0.563321  -5
  1  0  0.938300  4.011894 -9.605327  7.788837  0.140833 -0.273455  0.694149  -4
  1  0  0.938300-11.523722-11.626963 15.084123 -0.071942 -0.263196  0.791092  -2
  1  1  0.938300-10.887623 14.181549 15.608623 -0.254740  0.407881  0.887749  -2
  1  0  0.938300 -6.058088 15.943638 -2.591397 -0.262261  0.333796  0.418249  -4
  1  0  0.938300 -4.698163  3.523552 20.135371 -0.070639  0.070868  1.025409  -1
  1  0  0.938300  6.554079-24.144416  1.681958  0.225757 -0.524709  0.527893  -6
  1  0  0.938300 14.130436 30.035702 -5.110988  0.346762  0.677391  0.489909  -2
  1  0  0.938300 11.139268 13.648757 17.039391  0.159967  0.232393  0.935105  -1
  1  1  0.938300-14.840123  7.247236-14.131477 -0.346555  0.124347  0.082048  -3
  1  0  0.938300-14.807780 -8.738775 -8.216434 -0.429101 -0.254157  0.352793  -4
  1  0  0.938300 -3.799396-20.976439-19.790963  0.016502 -0.506423 -0.124237  -6
  1  0  0.938300  6.331527  3.511718 19.241044 -0.028571 -0.058338  0.893792  -1
  1  0  0.938300  7.956715  2.670148 11.377013  0.227984  0.025333  0.851453  -1
  1  0  0.938300 15.849557 -8.193960-14.169486  0.320539 -0.060990  0.140071  -3
  1  0  0.938300 14.080603 -4.501768 11.820729  0.316862 -0.178622  0.690043  -2
  1  0  0.938300  3.570818  5.062179  7.458581  0.047160 -0.047320  0.631991  -9
  1  0  0.938300 -8.897341  6.322741 -4.388348 -0.261333  0.199086  0.420855  -4
  1  0  0.938300 -2.047318  5.254266 20.054643  0.035623  0.082781  1.089689  -1
  1  0  0.938300 -8.629719 -3.678711 10.235383 -0.126748 -0.115826  0.580611  -1
  1  0  0.938300 14.682660  2.837290 23.586562  0.221330 -0.007269  1.110613  -2
  1  0  0.938300  8.809493  9.847090 20.122222  0.317671  0.182438  1.319136  -2
  1  0  0.938300 -9.707459 -7.058035 17.770152 -0.149528 -0.029232  1.056212  -3
  1  0  0.938300  3.772071 -8.126579 27.634627  0.040498 -0.068733  1.231891  -1
  1  0  0.938300 10.096277 22.537100  1.608723  0.225893  0.396120  0.475226  -2
  1  0  0.938300 -2.495280  2.352141 24.673211  0.012587 -0.040224  1.215431  -5
  1  0  0.938300-10.379972 -5.866521 17.824012 -0.241335 -0.136231  1.055723  -4
  1  0  0.938300  8.896744 -9.743385  9.593821  0.090940 -0.268647  0.690633  -7
  1  0  0.938300 -2.325816 10.768385 19.696815 -0.149199  0.181685  1.043018  -1
  1  0  0.938300  4.194246-14.838034 12.644008  0.163632 -0.158928  0.774656  -5
  1  0  0.938300 -5.551664 -7.834916-15.668267 -0.077488 -0.127707 -0.077908 -11
  1  0  0.938300-20.204697 -4.247455 13.051944 -0.489214 -0.057748  0.959317  -2
  1  0  0.938300  2.810259-13.076280  2.876082 -0.018496 -0.207032  0.460839  -2
  1  0  0.938300  1.497615  2.919812 18.751647  0.192684  0.003087  0.890299  -1
  1  0  0.938300 -3.722341 12.586429-10.036273 -0.004980  0.147768  0.166110  -3
  1  0  0.938300  2.047594  0.573604 21.217945  0.024719 -0.057145  1.003949  -2
  1  0  0.938300 13.043873  3.491255 -0.995461  0.384329  0.079933  0.454152  -8
  1  0  0.938300 -0.597195 22.389299  5.713034 -0.074949  0.388979  0.557074  -3
  1  0  0.938300-14.305264 -6.121503 11.470049 -0.196724 -0.147988  0.836420  -1
  1  0  0.938300 -9.247956 -3.980733  6.887056 -0.225363 -0.042738  0.606635  -4
  1  0  0.938300  6.265936-16.191927 -4.471741  0.161668 -0.336621  0.350663  -3
  1  0  0.938300-10.233570 -5.197627 29.882314 -0.138190 -0.123127  1.563394  -3
  1  0  0.938300-20.177622 -1.210589  1.957005 -0.321071 -0.162320  0.575713  -2
  1  0  0.938300 -1.328392 10.500486 21.173784 -0.026023  0.125902  0.937176  -1
  1  0  0.938300 18.630617  5.405215  1.643147  0.320052  0.167272  0.591055  -2
  1  0  0.938300  9.254468  9.003445 21.085489  0.210453  0.089231  0.891606  -1
  1  0  0.938300  3.890975-23.173309  1.486849  0.024878 -0.461838  0.579844  -9
  1  0  0.938300 -4.407543  4.637807 18.693715 -0.069435  0.153878  1.078116  -1
  1  0  0.938300 -9.278896  4.132482 21.069870 -0.209508  0.097368  1.159528  -1
  1  0  0.938300-18.442883  5.793835-15.703562 -0.359478  0.246599  0.177201  -6
  1  0  0.938300  7.988392 -4.925337  2.538156  0.084915  0.012956  0.559063  -5
  1  0  0.938300  2.849629  4.211871 -1.298877  0.044746  0.091601  0.234705  -8
  1  0  0.938300-12.301178-11.162030 16.940316 -0.136369 -0.232682  0.956393  -3
  1  0  0.938300 -0.729060  1.107056  8.820638  0.009428  0.012113  0.652510  -1
  1  0  0.938300  0.469074  7.261507  5.829027 -0.001998  0.107762  0.653273  -4
  1  0  0.938300  4.796008 14.498756 11.553105  0.068412  0.329793  0.833027  -3
  1  0  0.938300  0.020906-25.760992 -6.003757 -0.051585 -0.453250  0.363386  -3
  1  0  0.938300 -1.429501 -3.592706  8.571768  0.011983 -0.142430  0.782556  -2
  1  0  0.938300  7.323090 -6.199634 15.207914  0.051139  0.019820  0.806488  -1
  1  0  0.938300  4.776726-10.844532  1.136922  0.045120 -0.295470  0.484355  -6
  1  0  0.938300  7.284366-11.586792 14.125284  0.039913 -0.166026  0.878891  -1
  1  0  0.938300 10.783962  5.726478  3.844001  0.148629  0.061659  0.597645  -6
  1  0  0.938300 10.473507 10.502732 -4.370462  0.238960  0.214062  0.254788  -5
  1  0  0.938300 -5.110092  6.968266 16.912763 -0.025133  0.044037  0.740975  -1
  1  0  0.938300 11.867857-12.762980 -6.899935  0.271374 -0.156083  0.261004  -8
  1  0  0.938300 -3.082990  2.575173 26.281512 -0.145527  0.033347  1.165529  -1
  1  0  0.938300 13.399423 -4.554518 11.287497  0.277715 -0.052638  0.767853  -7
  1  0  0.938300  0.890199-12.285572 14.989568  0.029242 -0.144883  0.884085  -2
  1  0  0.938300  1.273647 -0.229166 19.717652  0.022098  0.038966  0.820280  -1
  1  0  0.938300 12.341699 -9.226559 11.494389  0.324508 -0.319716  0.823940  -3
  1  0  0.938300 -4.796341  2.381184 19.538921 -0.109383  0.027751  1.114080  -1
  1  1  0.938300-13.717686-17.219785 11.692038 -0.218421 -0.391520  0.693002  -5
  1  0  0.938300  2.312598-12.677985-10.410002  0.040677 -0.109757  0.254334  -3
  1  0  0.938300 -7.358299  1.287776 10.574700 -0.107872 -0.063473  0.739476  -1
  1  0  0.938300  1.670892-12.810700 12.405103  0.146372 -0.235685  0.653805  -2
  1  0  0.938300  1.938235  5.140219 12.623052 -0.025474  0.171943  0.716586  -1
  1  0  0.938300-20.520051 -9.705367 -2.162290 -0.287640 -0.178315  0.374943  -4
  1  0  0.938300 -1.088050 -8.061351 -8.951837  0.027858 -0.164251  0.143551  -7
  1  0  0.938300 -0.357465 10.941649  4.450780  0.073414  0.104561  0.487124  -1
  1  0  0.938300 -9.410751 -5.122051 -1.605436 -0.075018 -0.042846  0.503491  -3
  1  0  0.938300-11.137283 -9.855549  6.314139 -0.154377 -0.221586  0.623892  -4
  1  0  0.938300 -9.319150 -5.207422 11.125274 -0.041749  0.037276  0.681562  -5
  1  0  0.938300 -6.393778  4.024806  1.224137 -0.059509 -0.072284  0.432180  -2
  1  0  0.938300-10.357469 -9.721032 18.602086 -0.089902 -0.179963  0.929316  -1
  1  0  0.938300 14.679171 -2.094302 19.220571  0.368293 -0.136518  1.203128  -4
  1  0  0.938300 10.154419  2.005321-18.172858  0.286849 -0.235990  0.030136  -6
  1  0  0.938300 -0.145532 -5.380182  8.144927 -0.045149 -0.098134  0.703200  -8
  1  0  0.938300 -3.814457  6.341562 17.600161 -0.034268 -0.045019  0.751964  -1
  1  0  0.938300  8.560985 -7.125598 11.812813  0.063426 -0.071444  0.604377  -1
  1  0  0.938300 -8.226846  5.397892 15.780673 -0.121774  0.220190  1.097383  -2
  1  0  0.938300  0.628895 -1.250597  3.776784 -0.036804 -0.086323  0.412211  -4
  1  0  0.938300  9.097402 -0.241003 16.522195  0.163027  0.013772  1.019279  -1
  1  0  0.938300 -8.259303 -7.410201  9.994319  0.016183 -0.090994  0.687814  -3
  1  0  0.938300 -9.381723 -3.606011 12.094338 -0.183200 -0.098374  0.690885  -1
  1  0  0.938300-18.634314  4.188931 -1.424737 -0.333838  0.020364  0.446591  -2
  1  0  0.938300  9.608093-19.637328 -1.786083  0.365210 -0.479806  0.491598  -2
  1  0  0.938300  3.159531 -4.647444 15.795624  0.102179 -0.131120  0.954067  -1
  1  0  0.938300 -0.777794 -0.001163 17.333256  0.112601  0.060468  0.848711  -2
  1  0  0.938300-10.933631  4.326663 14.826298 -0.117852 -0.042540  0.823118  -1
  1  0  0.938300 -1.613756  4.907831 19.171509 -0.092199 -0.043067  0.924061  -1
  1  0  0.938300-19.889933  4.182777  0.379022 -0.411494  0.040277  0.431111  -3
  1  0  0.938300  1.398321 16.532706 10.056290 -0.026872  0.254995  0.699653  -3