  1  1  0.938300  4.446009  2.935773  6.638982  0.104142 -0.013217  0.595493   2
  1  0  0.938300 -9.772828 12.195576  5.254400 -0.103619  0.205524  0.515086   6
  1  1  0.938300 19.282568  0.522106-16.260192  0.537811  0.016634 -0.035257   5
  1  1  0.938300 -0.599074 17.193352 12.249038  0.061904  0.438930  0.920761   4
  1  1  0.938300 -5.711772  4.024445  0.098043 -0.184443  0.092503  0.435844   3
  1  1  0.938300 -0.240383  5.593721-18.784968 -0.029137  0.022720  0.040684   1
  1  1  0.938300-19.257117 -5.814640 -0.214454 -0.356959 -0.021481  0.435674   2
  1  1  0.938300 -4.277285 -8.486110-16.702854 -0.041171 -0.013382  0.137502   1
  1  1  0.938300 30.936572  2.146693-13.576272  0.693891  0.146061  0.153468   3
  1  1  0.938300-21.765289 -1.957734 21.289794 -0.502241  0.084851  1.175242   2
  1  1  0.938300 12.748469 17.634434 -1.074307  0.283532  0.398434  0.416241   2
  1  1  0.938300  6.164279 -1.470505-16.449262  0.069881 -0.043251  0.172866   1
  1  1  0.938300-16.667460  3.960189  5.931191 -0.295633  0.121314  0.551620   6
  1  1  0.938300  1.661074 -2.864119 19.986298  0.136739 -0.098226  0.965731   5
  1  1  0.938300-15.410668-16.156413 -6.367494 -0.241682 -0.303491  0.255622   5
  1  1  0.938300  4.287236  3.518714-25.342547 -0.045822  0.024211 -0.209440   1
  1  1  0.938300-12.232980-16.662149 12.763849 -0.331756 -0.515315  0.908305   9
  1  1  0.938300  1.713139 -3.057252 21.368208  0.062614 -0.097116  1.098649   4
  1  1  0.938300 -8.210113  3.794170 -8.234838 -0.142049  0.152160  0.236133   1
  1  1  0.938300-13.600635-15.623788 -1.111846 -0.200358 -0.286322  0.485905   3
  1  1  0.938300  5.320472  9.845301-18.494204  0.208195  0.167663  0.024773   1
  1  1  0.938300 -5.446147-13.643804-12.992276  0.042506 -0.232043  0.141680   2
  1  1  0.938300 -7.463814 20.947182-10.603424 -0.231913  0.337784  0.153653   2
  1  1  0.938300 -5.473003 15.154508-21.942475 -0.046097  0.324439 -0.168185   5
  1  1  0.938300 11.804874  3.125244  7.464294  0.164229  0.077134  0.652273   5
  1  1  0.938300 -8.469864 10.627479-13.168972 -0.189524  0.135357  0.112531   1
  1  1  0.938300 25.142708 -3.825139 -2.666673  0.509451 -0.106159  0.291934   3
  1  1  0.938300  8.714398  3.468666-17.618076  0.043365 -0.006483  0.090184   1
  1  1  0.938300 -4.992641 -3.672515  4.852702 -0.129616 -0.077910  0.477770   9
  1  1  0.938300 13.652435 -9.047122 12.869729  0.310111 -0.181392  0.690164   2
  1  1  0.938300  0.928245 16.700360-15.436768 -0.003241  0.240713  0.076023   1
  1  1  0.938300-17.827456  8.823550  0.167973 -0.312369  0.311118  0.530429   4
  1  1  0.938300 -0.711303  8.024300  9.697485  0.061530  0.051651  0.762265   2
  1  1  0.938300  1.754596-18.914747 -1.422619  0.080004 -0.308764  0.389779   5
  1  1  0.938300  2.394310  9.098652-13.130177  0.121617  0.092042  0.050760   2
  1  1  0.938300 -3.470362  7.688749-13.439654 -0.027964  0.115628  0.216841   1
  1  1  0.938300 10.295364  9.073975 11.210153  0.158289  0.212075  0.689940   8
  1  1  0.938300  2.799708 -1.081759  9.592678  0.073094  0.046237  0.654994   3
  1  1  0.938300-19.069258  2.699083 -1.714095 -0.254397  0.014430  0.437084   3
  1  1  0.938300 -5.849536  5.718329 16.067190 -0.090252  0.005959  1.017950   6
  1  1  0.938300-10.722832  2.800285 -9.955536 -0.238701  0.034790  0.282620   1
  1  1  0.938300 -1.086275 -9.157150-14.140141  0.027063 -0.117330  0.127093   1
  1  1  0.938300 -6.240618 12.834186 -9.292460 -0.112768  0.228528  0.190888   5
  1  1  0.938300  3.031783  9.510675  0.788683 -0.032178  0.206405  0.479342   6
  1  1  0.938300 16.633548  5.576558 10.321188  0.275434  0.291624  0.780566   9
  1  1  0.938300  9.957458  0.571383-28.832893  0.129384  0.017134 -0.192355   1
  1  1  0.938300 -6.221396 -7.524748-19.293642 -0.081095 -0.077450  0.102176   1
  1  1  0.938300-16.527630  0.304865-19.991866 -0.345299  0.037572  0.003218   5
  1  0  0.938300  5.646026  4.009039 -4.676351  0.028775  0.056542  0.282532   4
  1  1  0.938300-14.788858 -3.525366  2.517058 -0.236988 -0.171187  0.519638   5
  1  1  0.938300  3.760064 -9.995719-21.283404  0.026644 -0.106555 -0.151502   1
  1  1  0.938300 -3.419339  3.650241 15.131562  0.088974  0.126184  0.660166   3
  1  1  0.938300  4.313091-13.608046-20.321719  0.120953 -0.308073 -0.003756   2
  1  1  0.938300 -1.004347 -8.756309-21.523665 -0.013103 -0.148570 -0.049670   1
  1  1  0.938300 -6.048687 -0.127427-18.756128  0.020786  0.089774 -0.035981   1
  1  1  0.938300  2.539556-10.872488-20.244385  0.008032 -0.080714  0.069259   1
  1  1  0.938300  2.716124-15.291710 -7.133544  0.121528 -0.330058  0.391104   3
  1  1  0.938300  1.866370 12.054722  2.573825  0.143600  0.177826  0.570631   7
  1  1  0.938300 -3.778947-16.384871 -7.004469 -0.074306 -0.368989  0.317669   3
  1  1  0.938300  9.009141 -8.056529  0.979935  0.049710 -0.208748  0.452631   4
  1  1  0.938300-11.268218 -8.273811-18.622964 -0.120351 -0.133081  0.001132   1
  1  1  0.938300  3.942246-16.268202  2.768205  0.038969 -0.227932  0.449064   3
  1  1  0.938300  5.236911 -1.955328-22.754079  0.014065 -0.123920 -0.065657   1
  1  1  0.938300 -5.686154 18.733418 -1.761683 -0.095071  0.468756  0.434146   3
  1  1  0.938300-10.602238-17.018390 14.339852 -0.124928 -0.323826  0.706997   2
  1  1  0.938300  1.940537 -6.307613-22.914249  0.103050 -0.183283 -0.025123   1
  1  1  0.938300 -3.736845-16.261908-13.916186 -0.071317 -0.334783  0.109320   5
  1  1  0.938300 -0.424869  1.122553  0.950968  0.020918 -0.131831  0.415318   8
  1  1  0.938300  6.035055  0.416278 -1.426470  0.100118  0.031512  0.297150   3
  1  1  0.938300  0.828789 -5.655610 -4.075394  0.070574 -0.167821  0.317065   3
  1  1  0.938300 -3.651700 -7.926878-18.474965 -0.026748 -0.171022  0.182639   1
  1  1  0.938300-13.267557  5.971854  8.300217 -0.299557  0.034425  0.623261   3
  1  1  0.938300 -6.897014 -8.529868-22.735498 -0.072744 -0.089310  0.009604   1
  1  1  0.938300 13.631348  0.999298  3.074967  0.217725 -0.032991  0.489930   4
  1  1  0.938300  1.912794-23.758231-10.262055  0.030128 -0.558142  0.316832   2
  1  1  0.938300 -5.303964-13.216046-16.737603 -0.009990 -0.215914 -0.000828   1
  1  1  0.938300 -0.369788 -2.512305  4.641661  0.002863 -0.030342  0.648299   4
  1  1  0.938300  8.332009 -5.262403 18.119222  0.121090 -0.165375  0.836977   3
  1  1  0.938300 -3.876855 31.371296 -6.700738  0.000516  0.701501  0.348123   3
  1  0  0.938300  6.154785-22.533327 10.308473  0.058879 -0.423810  0.752503   5
  1  1  0.938300-12.121575-26.235977-20.286892 -0.277571 -0.492924  0.059713   1
  1  0  0.938300-16.543565 10.966834 11.826105 -0.341371  0.275567  0.716506   2
  1  0  0.938300-24.356617 -9.319976  7.594194 -0.465511 -0.253445  0.715552   6
  1  0  0.938300-11.877061-20.050038-17.366475 -0.312711 -0.385476 -0.056045   2
  1  0  0.938300  2.110027 18.129533  3.468787  0.071384  0.258844  0.465264   4
  1  0  0.938300 -2.644268 -9.924868-16.101965  0.026756 -0.020324  0.137886   1
  1  0  0.938300  1.815892 11.225515 -4.809935  0.062361  0.229815  0.273490   2
  1  0  0.938300 -6.069520  4.736172 -9.617003 -0.083980  0.117448  0.148985   3
  1  0  0.938300-10.237811  6.871655-20.307104 -0.144510  0.017636 -0.114330   3
  1  0  0.938300 -1.328399 12.217547 13.067607 -0.041100  0.314682  0.765197   4
  1  0  0.938300 -4.457493  7.419993-19.287278  0.036897 -0.047971 -0.037458   1
  1  0  0.938300 -0.097503  3.591568 -7.811115 -0.106004  0.017509  0.173458   5
  1  0  0.938300 -2.345668 -5.033570 -3.788259  0.048046  0.015734  0.381207   3
  1  0  0.938300  1.513079  3.857028-10.906758 -0.081500 -0.008000  0.300373   1
  1  0  0.938300 -5.462382 -7.283385-18.930075 -0.100788 -0.277032 -0.007169   2
  1  0  0.938300  5.407187 12.767498-15.463564  0.012338  0.168301  0.078052   1
  1  0  0.938300-25.005842  4.000887 -1.935679 -0.484228  0.077237  0.365258   4
  1  0  0.938300 -5.424936  7.745951 10.050828 -0.123529  0.233768  0.644129   3
  1  0  0.938300  7.395159  6.983301 -0.452090  0.210789  0.104567  0.403555   8
  1  0  0.938300  0.799131 18.477779-10.820677 -0.066182  0.369078  0.261822   3
  1  0  0.938300 -8.530496-10.084307-16.613716 -0.129833 -0.115805  0.182401   1
  1  0  0.938300 16.348385  3.576106 23.187306  0.269763  0.008588  1.212493   5
  1  0  0.938300-18.818586-11.535950-10.939984 -0.257638 -0.305869  0.207499   5
  1  0  0.938300 15.733084  7.767932 -2.995409  0.384328  0.040521  0.350528   5
  1  0  0.938300  9.777307 -6.731827  3.751001  0.129038 -0.289356  0.639766   6
  1  0  0.938300 -1.857265 -1.203913-13.275000 -0.097677 -0.029717 -0.008877   1
  1  0  0.938300 11.378144  0.480102 -2.731236  0.253168  0.085072  0.340166   5
  1  0  0.938300 -0.835954-14.624408 16.916482 -0.113871 -0.260038  0.974118   5
  1  0  0.938300 -9.771781-14.517433-10.023092 -0.220065 -0.166379  0.209454   3
  1  1  0.938300 -0.385508-17.207592  2.440796  0.037707 -0.474016  0.472839   8
  1  0  0.938300  6.660557 -0.258264 -5.370252  0.169163  0.071266  0.334188   1
  1  0  0.938300  6.135309  5.112178 -5.746730  0.030901  0.010599  0.282520   5
  1  0  0.938300 -7.164206-16.697987  0.186864 -0.172142 -0.230701  0.482274   4
  1  0  0.938300  6.983070  4.918217-22.247771  0.018585 -0.013743 -0.020926   1
  1  0  0.938300 10.746501 17.720973 -1.963623  0.254904  0.437075  0.379634   9
  1  0  0.938300  7.187628  2.954122-10.711972  0.196365  0.029889  0.115989   1
  1  0  0.938300 18.058211 -7.311434  1.555231  0.255831 -0.057634  0.448561   3
  1  0  0.938300  6.728887  7.397204 -7.017567  0.119788  0.106817  0.179892   2
  1  0  0.938300  2.803314 10.252900  7.149509  0.211273  0.219527  0.592900   8
  1  0  0.938300 -4.635850 16.507457-17.200194 -0.130958  0.333382 -0.065456   2
  1  0  0.938300 -5.741353  3.775452 -7.039947 -0.111043  0.014819  0.349868   1
  1  0  0.938300 -4.368701  2.255578  3.515469 -0.226588  0.110106  0.575012   5
  1  0  0.938300  0.261073 -9.831204 -4.285355 -0.003507 -0.217633  0.319501   5
  1  0  0.938300  8.260099 -1.145916-18.976468  0.136416  0.000090 -0.080812   1
  1  0  0.938300  5.334333 -5.404691  1.700776  0.116778  0.032371  0.458968   1
  1  0  0.938300  0.303331 10.062495-18.671784 -0.024269  0.133222  0.077209   1
  1  0  0.938300-14.144780 -3.858212-13.245054 -0.213917 -0.115793  0.052032   4
  1  0  0.938300  6.098760  7.623538 -9.251731  0.060224  0.057149  0.170255   2
  1  0  0.938300-12.812041  1.735408  7.589140 -0.248266  0.142456  0.732949   6
  1  0  0.938300  0.336072 -0.079521-28.116574  0.065256 -0.019307 -0.096450   1
  1  0  0.938300  2.029534 -0.646787 -8.504069  0.045573 -0.040024  0.303695   1
  1  0  0.938300-23.048163  9.771249  7.710768 -0.507853  0.252109  0.803826   4
  1  0  0.938300  1.200562-16.742606 -8.674110  0.051275 -0.199773  0.364072   3
  1  0  0.938300 14.232397 -0.330484 -5.391926  0.138080 -0.004910  0.202231   6
  1  0  0.938300 14.549544-10.758780  4.793211  0.251950 -0.166694  0.573944   5
  1  0  0.938300 -6.056120 -5.212633-17.904074 -0.094224 -0.141180  0.047326   1
  1  0  0.938300 10.120838  1.020588-14.947318  0.195683 -0.055198  0.053571   3
  1  0  0.938300 -0.486630 -5.835673 -9.741119  0.121619 -0.145314  0.138448   3
  1  0  0.938300 -3.038312 -0.265873 -9.545478  0.018442 -0.076380  0.175372  12
  1  0  0.938300  8.297759  6.036319  8.828279  0.215130  0.079169  0.543382   2
  1  0  0.938300 -4.979058-11.166820-15.214459 -0.106016 -0.034016  0.189297   1
  1  0  0.938300-12.839242  4.673902 -1.441533 -0.236168 -0.078998  0.410068   6
  1  0  0.938300 -0.185921 28.889908 -1.395219  0.028182  0.705935  0.520786   3
  1  0  0.938300 13.241723-14.463297-10.584327  0.334628 -0.366855  0.191137   3
  1  0  0.938300-22.185189 -7.827255 -9.666520 -0.349034 -0.226530  0.261828   6
  1  0  0.938300 -5.060123-10.136182-15.458211 -0.122793 -0.163748  0.257340   1
  1  0  0.938300 16.012457  4.390951 -2.882795  0.297635  0.105980  0.413239   2
  1  0  0.938300  5.303436 -6.780321-19.415431 -0.004428 -0.180225  0.096351   1
  1  0  0.938300  3.098454 10.456845-19.071495 -0.060830  0.252941  0.028495   5
  1  0  0.938300 15.327217  8.404561 10.254046  0.354004  0.129033  0.724900   2
  1  0  0.938300 -2.509199 -0.508101-18.241427 -0.068571  0.019419 -0.081397   1
  1  0  0.938300 10.613358 -4.658551  2.845778  0.145004 -0.126997  0.520271   4
  1  0  0.938300-15.282956 -1.611565 -1.353513 -0.403916  0.006088  0.387779   3
  1  0  0.938300  6.178123  5.587228  9.134284  0.185721  0.108835  0.681571   4
  1  0  0.938300-11.949437-18.950342-13.530610 -0.233700 -0.271238  0.193200   3
  1  0  0.938300 -7.339946  5.119304  0.470856 -0.092848  0.144814  0.478054   1
  1  0  0.938300 -1.608845-12.747896 11.996116 -0.103266 -0.280032  0.745064   2
  1  0  0.938300  8.355741 23.179656  6.043947  0.241936  0.433312  0.681282   2
  1  0  0.938300 18.719187 -2.946184 -6.076167  0.321624  0.050164  0.375678   6
  1  0  0.938300 21.894147  2.254870-18.612631  0.348526  0.035222  0.077294   2
  1  0  0.938300 -1.858431  2.464566-19.110428  0.064772 -0.013878  0.153419   1
  1  0  0.938300 20.793281  0.476292 16.005866  0.395962 -0.053470  0.967272   3
  1  0  0.938300 -2.790712 -5.942194  3.087185 -0.081562 -0.049817  0.421850   3
  1  0  0.938300  9.289137 -2.683086-17.057417  0.082172 -0.148568  0.119300   1
  1  0  0.938300  3.164735 14.185079-24.920511  0.073287  0.180717 -0.081468   1
  1  0  0.938300  8.480317 -6.692916-19.953096  0.134524 -0.006571 -0.077095   1
  1  0  0.938300 -4.070445 -3.349696  5.392563 -0.036228 -0.007817  0.508633   7
  1  0  0.938300 24.234389 -6.322681  5.139697  0.477541 -0.188573  0.624758   6
  1  0  0.938300 12.471752 -1.224984 -4.314729  0.254789 -0.088512  0.339247   3
  1  0  0.938300 10.062217 11.966098 -0.106563  0.143199  0.274730  0.451953   5
  1  0  0.938300  1.010766 -5.178470-15.287103  0.039128 -0.126148  0.021775   1
  1  0  0.938300  0.742970  3.843643-12.882400  0.126076  0.145069  0.155081   1
  1  0  0.938300 -2.920299-19.918371 -9.548222 -0.169860 -0.397656  0.219493   4
  1  0  0.938300  0.191668  4.017735  0.340729 -0.032040 -0.006059  0.405572   3
  1  0  0.938300  3.393122 15.675546  3.679367  0.074043  0.227632  0.654626   2
  1  0  0.938300 -4.592291-10.809753-20.826793 -0.104218 -0.153520 -0.063976   1
  1  0  0.938300  5.463999  3.137935-12.855738 -0.011698 -0.044476  0.195678   1
  1  0  0.938300 -9.391662  0.811936 11.576416 -0.229864  0.023881  0.939362   2
  1  0  0.938300 14.081709  7.835524-25.955346  0.186842  0.128781 -0.158588   2
  1  0  0.938300 12.795771 -7.034986-12.304880  0.185758 -0.234307  0.058574   4
  1  0  0.938300 -2.340618 -0.141680 -6.480786 -0.057080  0.125973  0.372108   1
  1  0  0.938300  8.368891 -1.623629-18.695117  0.056195  0.087170 -0.018001   1
  1  0  0.938300  2.799598 15.122296  4.884870 -0.008165  0.485171  0.661678   6
  1  0  0.938300-22.287009 -7.001545-14.221989 -0.406261 -0.053822  0.193107   3
  1  0  0.938300 -5.031587  1.099409 -1.301494 -0.193876 -0.007170  0.343043   5
  1  0  0.938300  0.452900-11.322710-12.584952 -0.008468 -0.180107  0.151467   1
  1  0  0.938300  7.717488 -7.547872-10.152265  0.002382 -0.125340  0.246141   1
  1  0  0.938300-11.535050 -3.507474 -9.233230 -0.170409 -0.094303  0.275317   2
  1  0  0.938300 15.467008 -0.343235-20.964507  0.245994 -0.119294 -0.052472   2
  1  0  0.938300 -2.244383 -9.501693 20.872726  0.011838 -0.241502  0.855756   5
  1  0  0.938300  0.017340  7.269476-14.842524  0.075075  0.174434  0.085726   1
  1  0  0.938300  5.271030 -2.304709 11.563950  0.078442 -0.067749  0.843008   7
  1  0  0.938300 11.430464 -0.674102  0.048987  0.153329 -0.095299  0.415137   3
  1  0  0.938300-11.561733  9.150986  5.183040 -0.186024  0.198033  0.586778   5
  1  0  0.938300  6.325395 -4.125303-18.946215  0.086628 -0.048696  0.054720   1
  1  0  0.938300  3.186443 -1.424307-22.073711  0.081082 -0.099937 -0.145091   1
  1  0  0.938300 20.680670 12.045239 -3.543777  0.310134  0.233939  0.380546   4
  1  1  0.938300 -1.485284 -6.843183  5.977820 -0.049934 -0.116440  0.541041  -2
  1  1  0.938300-10.187591 10.144306 12.115205 -0.239888  0.225973  0.895072  -8
  1  1  0.938300  9.020112  4.170059 -9.536597  0.267174  0.059172  0.286741  -2
  1  1  0.938300 -7.508602 13.092212 17.874626 -0.147457  0.172713  0.898686  -1
  1  1  0.938300 -8.612501-17.407974 -8.154725 -0.302008 -0.405897  0.214620  -2
  1  1  0.938300 13.817552  5.169241 -3.469017  0.185919  0.026526  0.415570  -2
  1  1  0.938300 15.183651-12.826415 -6.076080  0.274067 -0.367450  0.234642  -3
  1  1  0.938300-21.788968-11.385440 -7.485057 -0.524409 -0.344142  0.323432  -3
  1  1  0.938300 -2.920393  5.660633 12.920629 -0.096816  0.167261  0.894315  -1
  1  1  0.938300  2.206827  7.639931  6.898315  0.094135  0.217388  0.723853  -4
  1  1  0.938300 -2.142718 -0.169829 20.678751 -0.055325  0.005831  1.300513  -3
  1  1  0.938300 -2.367408 11.958644  7.028256 -0.036782  0.137924  0.591528  -2
  1  1  0.938300  4.394879 -3.571345 23.653941  0.101603 -0.001506  0.949172  -1
  1  1  0.938300  8.931828 -2.591341 20.914690  0.147078  0.009607  1.094898  -1
  1  1  0.938300-10.812683 -6.449487 -5.865829 -0.241463 -0.049057  0.303810  -3
  1  1  0.938300 -4.816697-10.862341 14.727015 -0.122321 -0.208866  0.884428  -1
  1  1  0.938300-14.447604 16.238951 -0.548137 -0.336268  0.400470  0.507682  -6
  1  1  0.938300  5.910774 -4.964441 -3.066145  0.050171 -0.058397  0.338901  -5
  1  1  0.938300 -2.444332  8.906370 10.623638 -0.054536  0.060563  0.729822  -1
  1  1  0.938300  3.237722-15.173454-11.753770  0.093503 -0.214858  0.132617  -6
  1  1  0.938300 -6.223452 -6.199479  9.618412  0.004221 -0.206314  0.691712  -4
  1  1  0.938300 19.586868 -6.777287  8.205584  0.348598 -0.067638  0.675396  -2
  1  1  0.938300  0.891470-24.470030  8.877169  0.075673 -0.430849  0.670596  -3
  1  1  0.938300  4.904062  7.218217 28.381247  0.108523  0.057680  1.261727  -1
  1  1  0.938300  2.959270  1.430451 13.364541 -0.009708  0.172674  0.833512  -3
  1  1  0.938300  3.361445  3.962697  7.391082 -0.030515 -0.057902  0.635643  -5
  1  1  0.938300 -0.214320-11.277518-16.031915 -0.086253 -0.099608 -0.078148  -5
  1  1  0.938300 -6.869899 11.130905  9.648883 -0.040337  0.296535  0.795816  -2
  1  1  0.938300 -7.555302  5.377242 17.878232 -0.149037  0.031247  1.016193  -1
  1  1  0.938300  8.817559-17.742468 17.868218  0.164234 -0.251581  0.804299  -2
  1  1  0.938300-13.285374 -7.129821  0.946560 -0.114224 -0.061649  0.417821  -3
  1  1  0.938300  3.608791 16.439775  4.766472  0.145714  0.253344  0.685110  -2
  1  1  0.938300  2.947576 24.330819 -1.890600  0.022583  0.499984  0.524381  -3
  1  1  0.938300 -2.803184  4.068834 21.806119 -0.020557 -0.003177  0.961210  -1
  1  1  0.938300-12.056858 -1.352522 18.024072 -0.155754 -0.114000  1.001263  -3
  1  1  0.938300 12.737787 -3.566056  5.804047  0.265456 -0.059076  0.652533  -5
  1  1  0.938300 -7.831215  2.684046 13.362549 -0.176618  0.052217  0.852212  -1
  1  1  0.938300 -1.481812-13.145785 -7.036664 -0.076016 -0.354307  0.347340  -3
  1  1  0.938300  2.446390  3.125785 12.893318  0.015547 -0.055781  0.874502  -1
  1  1  0.938300 10.546340  1.709786-16.195432  0.163926  0.115851  0.135551  -3
  1  1  0.938300 -8.808531-14.516249 -6.856258 -0.182901 -0.369070  0.199706  -4
  1  1  0.938300-11.282427-18.430380 15.280006 -0.332000 -0.455519  0.904634  -5
  1  0  0.938300 13.998547-15.098588  5.939442  0.387000 -0.467434  0.679340 -12
  1  1  0.938300  6.607367 -1.139079 24.065424  0.070448 -0.033024  1.116044  -1
  1  1  0.938300 -7.066644 10.261035  4.641307 -0.175158  0.170202  0.547411  -4
  1  1  0.938300 24.270651  9.800903-16.348680  0.500443  0.168343  0.076662  -2
  1  1  0.938300 -6.279746 -3.785913  9.399455 -0.107053 -0.091009  0.620470  -1
  1  1  0.938300 -8.346868  1.881903  4.474509 -0.099366 -0.050972  0.491087  -4
  1  1  0.938300  5.609035  8.328251 19.479549  0.002180  0.189134  1.068180  -1
  1  1  0.938300 21.765450 23.234673-13.455877  0.624883  0.602941  0.127388  -6
  1  1  0.938300-12.591779  3.312413 -7.295429 -0.365839 -0.057429  0.177020  -4
  1  1  0.938300 -0.673341-17.022389 10.934168  0.007127 -0.266380  0.722577  -4
  1  1  0.938300 12.798368 -3.216973 -6.633276  0.392028 -0.152813  0.418188  -2
  1  1  0.938300  6.828860  0.712938 11.265809  0.116773  0.021860  0.674147  -1
  1  1  0.938300 -3.509678  9.596911 20.614698 -0.186826  0.238395  0.922145  -2
  1  1  0.938300  5.872107  1.504678 16.548623  0.180453 -0.025661  0.849429  -2
  1  1  0.938300 -2.065505 11.445229  7.546770 -0.051915  0.218156  0.735869  -7
  1  0  0.938300-12.568242  4.919075  7.605926 -0.184450  0.147355  0.575987  -8
  1  1  0.938300 -6.092911  4.676503 17.543789 -0.023075  0.004747  0.937187  -1
  1  1  0.938300 -5.835390 -0.196065 10.610494 -0.181037  0.068352  0.800441  -4
  1  1  0.938300 -7.857000-12.938338 16.960087 -0.135154 -0.256589  0.852316  -1
  1  1  0.938300-25.068467  7.229604  9.854062 -0.482410  0.251875  0.711783  -3
  1  1  0.938300 -2.337291 22.489871 -4.178693 -0.136259  0.418191  0.364650  -5
  1  1  0.938300 -6.915720  3.909825 22.607185 -0.108810 -0.013362  1.113120  -1
  1  1  0.938300 23.051789 11.512757 -5.840863  0.466969  0.286259  0.319890  -4
  1  1  0.938300  6.253137-13.886937 14.096489  0.135866 -0.356060  0.698125  -3
  1  1  0.938300  6.538717  5.503050-11.857799  0.065406  0.010799  0.049361  -5
  1  1  0.938300  4.174136  4.557627 -6.224105  0.068531  0.175218  0.351246  -3
  1  1  0.938300 -1.720500 -4.166953  9.666914 -0.030288  0.011343  0.620879  -1
  1  1  0.938300-18.565633 14.209560-12.973252 -0.497716  0.313250  0.093563  -3
  1  1  0.938300-15.361915  8.389544 17.595543 -0.367668  0.227227  0.937591  -2
  1  1  0.938300  1.496460  2.062040 12.467566  0.064169  0.145303  0.885926  -1
  1  1  0.938300 10.543322  4.141480-16.328958  0.108805  0.027576  0.037850  -2
  1  1  0.938300-10.068603  2.474298 22.553947 -0.120096 -0.082986  0.969179  -1
  1  1  0.938300  5.257951 15.360282 19.350131  0.057726  0.270429  1.199783  -3
  1  1  0.938300-16.408480  7.579774 -0.748589 -0.313855  0.104738  0.422811  -4
  1  1  0.938300 -2.865897 18.445664-24.529128 -0.095201  0.382321 -0.173681  -3
  1  1  0.938300-18.360620-12.523256-11.597185 -0.364129 -0.315113  0.111987  -7
  1  1  0.938300 -5.409412  5.728312 22.738343 -0.037922  0.105388  0.885642  -1
  1  0  0.938300 -3.861989 -3.424316 21.634304 -0.151790  0.085299  0.960405  -1
  1  0  0.938300  3.290472 12.552933  0.485294 -0.026054  0.162572  0.360915  -3
  1  0  0.938300-20.933109  4.861483 -2.314354 -0.442401  0.259983  0.397380  -3
  1  0  0.938300 -7.171948-16.476557 16.691496 -0.067671 -0.251552  0.911137  -6
  1  0  0.938300 -5.088889 14.606206 18.582004 -0.068287  0.201471  0.930948  -1
  1  0  0.938300-12.460130 -1.495633-12.184141 -0.233175 -0.085841  0.258436  -2
  1  0  0.938300 -0.063563 13.085788-12.342073  0.074934  0.208461  0.102001  -4
  1  0  0.938300 -9.545852 -4.084910  5.778805 -0.045355 -0.037454  0.568893  -2
  1  0  0.938300  7.762491 -6.806571  6.385082  0.273760 -0.112373  0.730826  -3
  1  0  0.938300  4.034636 -4.537661 25.320041  0.119742 -0.050861  1.102790  -1
  1  0  0.938300-11.452103-24.921257 -3.653398 -0.298305 -0.429348  0.414029  -3
  1  0  0.938300 13.210727-18.002902 -0.707620  0.213224 -0.222769  0.478814  -9
  1  0  0.938300  6.968672 -3.501995 21.757295  0.000543 -0.107723  0.929866  -1
  1  0  0.938300 -3.195822 -7.267980 13.888159  0.003975 -0.240261  1.042998  -1
  1  0  0.938300-11.633007 11.749507 14.319737 -0.151425  0.212415  0.776085  -1
  1  0  0.938300-15.702720 -6.490609  6.050831 -0.377670 -0.081454  0.679121  -3
  1  0  0.938300  9.898677-14.376752 13.801728  0.104507 -0.193907  0.857257  -2
  1  0  0.938300 11.397756  2.226648-10.605952  0.112762  0.013244  0.185350  -4
  1  0  0.938300-15.629903-10.077436  2.450002 -0.465349 -0.192901  0.572677  -7
  1  0  0.938300 -0.894094  0.940276 14.579285 -0.071539  0.062411  0.905095  -1
  1  0  0.938300-19.534526-21.546886 -5.233696 -0.355241 -0.524443  0.298291  -4
  1  0  0.938300  4.908221 13.925728  3.867775  0.027549  0.131336  0.442825  -2
  1  0  0.938300-10.420106  4.659837 -5.598088 -0.319127  0.072772  0.259577  -3
  1  0  0.938300 15.681479  6.808795 15.019845  0.280313  0.157056  1.009947  -2
  1  0  0.938300 -5.328518 -5.882125 26.897404 -0.052024 -0.067687  1.181033  -1
  1  0  0.938300 -1.628151-12.432915-15.100098  0.097757 -0.259414  0.184172  -2
  1  0  0.938300 -6.487181 13.644398  2.382439 -0.101423  0.194664  0.537970  -6
  1  0  0.938300  0.596557 10.541587 22.516088  0.022507  0.035645  0.967732  -1
  1  0  0.938300  2.770684-17.466373 13.506611  0.120186 -0.330817  0.831413  -2
  1  0  0.938300  3.158296 -7.834689 13.665694  0.100824 -0.024628  0.895506  -1
  1  0  0.938300  1.871769 -1.270858 11.016232 -0.043349 -0.144679  0.760181  -5
  1  0  0.938300 -0.588250 -3.896011 -0.932633 -0.091740  0.032512  0.426746  -4
  1  1  0.938300-12.968322 -1.054635-10.763092 -0.321571 -0.039923  0.067798  -9
  1  0  0.938300 -9.238038 11.077914 21.010876 -0.059279  0.272487  0.945980  -2
  1  0  0.938300  2.708543 -2.276233 13.927170  0.158344  0.044530  0.810124  -1
  1  0  0.938300-14.744993  5.014256  5.533896 -0.163606  0.150748  0.622746  -5
  1  0  0.938300 -5.459882-10.680209 -5.122094  0.028307 -0.234509  0.248467  -2
  1  0  0.938300  9.886000  2.706637 -5.685054  0.224035  0.183551  0.322290  -7
  1  0  0.938300 22.502024 -0.406033  9.734512  0.538141 -0.026821  0.825444  -8
  1  0  0.938300-11.053439  3.896398 19.065958 -0.140033  0.144999  0.796603  -1
  1  0  0.938300 15.155631-10.459020-20.419421  0.217840 -0.240592  0.043920  -4
  1  0  0.938300 14.237020 21.510216-15.594044  0.298708  0.474295  0.053817  -5
  1  0  0.938300 12.561796 -9.198766 20.624738  0.119459 -0.121737  0.975726  -1
  1  0  0.938300 -6.776276 27.233887  7.741718 -0.039424  0.549544  0.695215  -3
  1  0  0.938300 14.566597 -3.246163 19.429969  0.171515 -0.013819  0.901103  -1
  1  0  0.938300-19.338415  7.570896  1.404254 -0.342152  0.090570  0.459198 -10
  1  0  0.938300-11.879437 -0.442028  6.333800 -0.146920 -0.146725  0.609652  -5
  1  0  0.938300 -6.880885-10.485771-15.873219 -0.160200 -0.123502  0.070166  -3
  1  0  0.938300-18.468723  5.772556  7.914721 -0.203681  0.010394  0.730347  -5
  1  0  0.938300 -1.879694  3.755987 17.027589 -0.126142  0.151504  0.972040  -1
  1  0  0.938300 -4.282043-26.413137 10.825734 -0.188562 -0.495296  0.816892  -5
  1  0  0.938300  1.385130-10.860295 17.182618 -0.010319 -0.020071  0.924724  -3
  1  0  0.938300 -0.757118 15.792027  7.070720 -0.045965  0.251210  0.643458  -2
  1  0  0.938300-11.791697 15.258514  3.381407 -0.145651  0.199530  0.517698  -4
  1  0  0.938300  8.846050  0.716817 11.354169  0.142786  0.053412  0.783965  -1
  1  0  0.938300 12.220772 15.179321 -4.826776  0.297270  0.207980  0.326177  -3
  1  0  0.938300-13.973170 -0.704292 16.070582 -0.231121  0.022535  0.861047  -1
  1  0  0.938300-17.383610  7.181203 -0.859072 -0.195900  0.085608  0.438067  -4
  1  0  0.938300  7.916968 11.652628 12.454459  0.210011  0.210619  0.906229  -6
  1  0  0.938300  1.080800  8.894783 21.571053  0.105233  0.071072  1.036247  -1
  1  0  0.938300 -8.233454 21.328501 -1.149217 -0.045896  0.452797  0.460079  -4
  1  0  0.938300 -2.219877 12.173941-13.280441 -0.024017  0.207790  0.093621 -10
  1  0  0.938300 17.144256  1.152470 -1.815887  0.293192  0.148426  0.424995  -5
  1  0  0.938300-13.074563 -8.098120 -3.091498 -0.359483 -0.242502  0.394521  -5
  1  0  0.938300  8.205286 -6.979134 14.776871  0.173099 -0.101566  0.880125  -1
  1  0  0.938300  6.345875  5.357256 -4.296696  0.137289  0.106382  0.394783  -4
  1  0  0.938300 19.822479 -1.524550 -9.511595  0.506313  0.099668  0.221906  -4
  1  0  0.938300 -2.088112 22.641041  5.013611 -0.057369  0.343161  0.533294  -2
  1  0  0.938300 -6.682864 -0.819467 -7.299774 -0.111282 -0.134998  0.276522  -5
  1  0  0.938300  6.693132  7.261950 21.462912  0.008153  0.128788  1.146381  -1
  1  0  0.938300 27.602012 -3.192303 -3.146696  0.515748  0.022498  0.384785  -5
  1  0  0.938300 -5.198196  0.694668 13.709875 -0.012635 -0.043698  0.691072  -1
  1  0  0.938300 -4.936146 -9.428058-12.353253 -0.123620  0.021709  0.136801  -3
  1  0  0.938300 -3.474288  8.577254 12.878049 -0.135694  0.044110  0.832600  -2
  1  0  0.938300 -0.058691 -5.598206 13.339156 -0.044245  0.023733  0.743508  -1
  1  0  0.938300  7.941301 -8.429837 14.313703  0.082348 -0.027165  0.722346  -1
  1  0  0.938300 17.065871-11.005273 -1.283734  0.310869 -0.099139  0.538932  -2
  1  0  0.938300  4.108329 14.877492-13.211290  0.156883  0.255757  0.093027  -4
  1  0  0.938300 -0.317600 13.014571 -0.496226  0.019247  0.196552  0.396059  -4
  1  0  0.938300 -9.782430-14.633125 16.070024 -0.174425 -0.188465  0.878109  -1
  1  0  0.938300 -5.673014 -9.414835  2.869288 -0.137301 -0.023029  0.585023  -3
  1  0  0.938300  5.693802  1.254371 20.553096 -0.017138  0.107821  1.082842  -1
  1  0  0.938300  9.742986 -7.515793 -1.421662  0.181756 -0.101667  0.372977  -3
  1  0  0.938300  4.676206-14.785204  4.577735  0.012221 -0.408122  0.551201  -7
  1  0  0.938300  4.287208 -1.060445 15.880907  0.196755  0.021145  0.928823  -1
  1  1  0.938300  3.692363 -5.915592-13.060494  0.021900  0.066329  0.096087  -4
  1  0  0.938300 18.255687-22.365255  7.270181  0.553510 -0.804601  0.970921  -4
  1  0  0.938300  2.054160  2.451977 13.607396  0.103453  0.018183  0.841028  -1
  1  0  0.938300-14.218901-12.818546 24.824549 -0.251489 -0.233365  1.303432  -6
  1  0  0.938300 -3.997824 -0.711600 10.266007  0.001202  0.013777  0.636507  -1
  1  1  0.938300 13.235284-10.546144 -7.314690  0.249384 -0.287470  0.274398  -7
  1  0  0.938300 12.023539 -2.548653 19.754517  0.201915  0.069410  1.141995  -1
  1  0  0.938300 21.925017  1.865042 -5.205076  0.392709  0.019334  0.342165  -4
  1  0  0.938300 -3.774852 12.707638-17.891840 -0.242386  0.348338  0.006546  -5
  1  0  0.938300  1.957580 -4.481385 24.687774  0.100215 -0.035645  1.142150  -1
  1  0  0.938300-33.464110 12.811890 15.654594 -0.787861  0.290481  1.158833  -2
  1  0  0.938300 17.445863 -7.979845  1.717082  0.455481 -0.162916  0.453584  -6
  1  0  0.938300-10.293295  6.520079 -0.463150 -0.128296  0.080335  0.371456  -4
  1  0  0.938300  0.768786 10.777832 14.404541 -0.068599  0.122887  0.954855  -1
  1  0  0.938300  4.679949  1.504676 14.057055 -0.003372  0.014670  0.837151  -1
  1  0  0.938300  2.129586  6.253998  7.154838  0.023787 -0.001927  0.504731  -2
  1  0  0.938300 12.181121  9.627009  7.772510  0.284766  0.168205  0.707964  -5
  1  0  0.938300  5.290124 -7.371468  4.026500  0.137192 -0.097785  0.549831  -4
  1  0  0.938300 -1.371930 -4.080813 20.560900  0.025323 -0.013333  0.941641  -2
  1  0  0.938300 -7.323938-12.768374 15.254950 -0.066677 -0.147656  0.811233  -1
  1  1  0.938300  2.493661-10.654771-10.457981  0.062915 -0.191727  0.293290  -5
  1  0  0.938300 -0.910597 -2.565869 13.023978 -0.153645  0.029638  0.729044  -1
  1  0  0.938300 -1.792722 -0.432634 11.905225  0.022164 -0.012617  0.775613  -3
  1  0  0.938300 -1.458319 20.293669 10.606822 -0.167317  0.449077  0.800993  -3
  1  0  0.938300  5.334674 -4.784221 13.773967  0.037245 -0.104774  0.764227  -1
  1  0  0.938300 19.981671 -3.793417  9.980451  0.376107 -0.018099  0.681822  -3
  1  0  0.938300 -2.560635  5.944849 18.441592  0.031132 -0.059189  0.969465  -1
  1  0  0.938300  2.407166  3.435038 12.805251  0.120400  0.021932  0.913599  -1
  1  0  0.938300  3.127206  2.853571  1.845338  0.080030  0.017808  0.532403  -2
  1  0  0.938300  1.914150 -1.084136 18.543879  0.067809 -0.036973  0.758400  -1
  1  0  0.938300 12.266033 -7.042327 11.386066  0.234390 -0.049071  0.760727  -3
  1  0  0.938300  8.399640 -4.916765 -5.550393  0.179606 -0.039532  0.276011  -3
  1  0  0.938300 -5.030201-10.406514-15.064519 -0.134762 -0.396539  0.023373  -3