  1  1  0.938300 12.178748 -3.514755-13.672356  0.191341 -0.104880  0.049709   1
  1  1  0.938300 21.239235  7.540262 16.903814  0.377395  0.155915  0.848188   4
  1  1  0.938300  1.022644  3.311423 15.214691  0.145533  0.138430  1.011707   4
  1  1  0.938300 -6.123592  9.918891-18.813087 -0.110811  0.094602  0.115374   1
  1  1  0.938300-12.788656  6.188936 12.293805 -0.244744  0.008069  0.831850   4
  1  1  0.938300  3.144834 -9.629042-25.594179  0.070876 -0.099248 -0.156347   1
  1  1  0.938300-10.597200-13.506542 23.457614 -0.233014 -0.202928  1.032000   2
  1  1  0.938300  2.203678  6.645801 11.360989  0.039448  0.180779  0.835630  12
  1  1  0.938300 11.798878-14.387794 14.239156  0.252111 -0.272282  0.743142   3
  1  1  0.938300-12.189671 19.453486 -0.348585 -0.152076  0.521340  0.466102   3
  1  1  0.938300 10.398704  6.460525 -9.034130  0.095962  0.114383  0.298297   1
  1  1  0.938300  2.684893 -4.927156 -3.135767  0.038327 -0.051230  0.427794   7
  1  1  0.938300  2.953231 -4.946209 -7.966837  0.068931  0.028629  0.173586   5
  1  1  0.938300-12.428197-11.608949-14.946144 -0.167856 -0.105685  0.086183   5
  1  1  0.938300 -3.358890  4.854380-24.623432  0.041572  0.014573 -0.113123   1
  1  1  0.938300  3.226465 -2.432687-24.771336  0.103661 -0.026574  0.016405   1
  1  1  0.938300  7.243185 -4.613614-12.854465  0.160626 -0.033107  0.076698   1
  1  1  0.938300 16.113502-26.721850 -2.898608  0.487674 -0.581780  0.436754   3
  1  1  0.938300  6.029657 -8.306320-20.927293  0.239675 -0.275838 -0.009141   4
  1  1  0.938300 -9.795671 -0.206163 -6.406355 -0.180330  0.041409  0.249451   5
  1  1  0.938300 -9.501241 -2.514155-17.185650 -0.194781 -0.098829  0.126888   1
  1  1  0.938300  5.762726  0.855853-18.271043  0.080272  0.068067 -0.000568   1
  1  1  0.938300 14.764273 18.439789 -6.360780  0.292655  0.344435  0.272570   3
  1  1  0.938300  3.218534 -7.648865-16.382652 -0.037223 -0.056520  0.046549   1
  1  1  0.938300 -4.420993 18.869100 -8.766896 -0.136121  0.369793  0.269345   2
  1  1  0.938300 -3.153158  3.729938-16.424090 -0.033653  0.013700  0.073576   1
  1  1  0.938300 10.088900  9.058955 -6.678993  0.150868  0.299874  0.270510   4
  1  0  0.938300 18.880417 -3.663737  7.737410  0.375489  0.008757  0.542500   3
  1  1  0.938300-16.135095  0.796818 -9.811340 -0.228790 -0.004526  0.178866   4
  1  1  0.938300 -7.701726  0.241820 -4.722324 -0.200062 -0.017632  0.372894   5
  1  1  0.938300  6.915877  1.596099-31.142015  0.120207 -0.001683 -0.213367   1
  1  1  0.938300 12.319578 17.811051  1.829701  0.203348  0.265026  0.520042   4
  1  0  0.938300  0.675356-13.616068  5.203675 -0.130372 -0.307043  0.764716   3
  1  1  0.938300 19.834898-19.384963 -4.364970  0.334651 -0.378245  0.455992   2
  1  1  0.938300-12.153641 -2.289266-17.896606 -0.178792  0.003890  0.020348   1
  1  1  0.938300  7.521119 -2.080819-22.953138  0.203388  0.004059 -0.031672   1
  1  1  0.938300 13.953751 10.824533 17.438746  0.400930  0.228606  1.011202   5
  1  1  0.938300  7.977662 14.396458-22.864905  0.157965  0.177615 -0.043748   1
  1  1  0.938300-15.024583 12.161214-17.945755 -0.441243  0.302598  0.025022   6
  1  1  0.938300 -8.193216 -7.318567 -2.329817 -0.233080 -0.140800  0.469173   3
  1  1  0.938300 -3.925076  6.244753-10.862771  0.014034  0.124421  0.240227   1
  1  1  0.938300 -8.373770  5.783669 10.209270 -0.195849  0.035518  0.644571   3
  1  1  0.938300  1.106097-11.488912-10.329481  0.076937 -0.165437  0.208302   1
  1  1  0.938300-16.316147-10.637433 -8.813944 -0.195803 -0.249077  0.304221   3
  1  1  0.938300 20.691293-14.242297 13.925164  0.592920 -0.267622  0.971445   4
  1  1  0.938300  5.517740 -8.832255-18.525237  0.166877 -0.178848 -0.039652   1
  1  1  0.938300-12.401147 -5.234983 -9.799737 -0.255086 -0.000254  0.259622   2
  1  0  0.938300 17.673368 14.979455  6.621947  0.356557  0.271887  0.578336   3
  1  1  0.938300-18.766704  8.634357  6.083486 -0.443526  0.108835  0.621000   4
  1  1  0.938300 -5.375788 10.806337  4.792071 -0.023378  0.215037  0.598985   3
  1  1  0.938300 -2.488162  2.410867-18.177932  0.027489  0.007382  0.069853   1
  1  1  0.938300  2.100815 12.988392 -2.590782 -0.093657  0.311566  0.438105   3
  1  1  0.938300-14.887507  7.623452-17.336233 -0.311134  0.133616 -0.045175   2
  1  1  0.938300 11.454508-12.031536 -4.124786  0.244932 -0.317873  0.321665   2
  1  1  0.938300 18.411226 -0.357933 -1.142788  0.347249  0.056146  0.456028   4
  1  1  0.938300  3.260739 -4.212523-13.967847  0.074551  0.007997  0.123513   1
  1  1  0.938300  2.899242 24.361507 -4.554964  0.118296  0.538990  0.466879   2
  1  0  0.938300 -2.204051  6.742930-16.389841  0.034368  0.031796  0.052633   2
  1  1  0.938300  7.474817 27.246884  7.115037  0.106658  0.616714  0.809685   3
  1  1  0.938300  8.559156-22.031502 13.355824  0.175784 -0.407461  0.919338   2
  1  1  0.938300  4.036006  5.181460 -7.915349  0.081422  0.140286  0.254515   1
  1  1  0.938300 -2.100186  7.995980  9.628171 -0.047355  0.289003  0.629005   5
  1  1  0.938300 -5.875735-18.325114 -3.032784 -0.157822 -0.338453  0.369760   2
  1  1  0.938300  6.960187 24.777261 -4.480656  0.250594  0.481060  0.350784   2
  1  1  0.938300 -8.682989  6.565645-20.363035 -0.271951  0.175678 -0.070222   2
  1  1  0.938300 -0.240082 14.083079-19.276148 -0.067023  0.097694  0.077736   1
  1  1  0.938300 -2.701908 -7.577830-17.494404 -0.013800 -0.068415  0.169813   1
  1  0  0.938300 -5.358598  3.149513 -0.493441 -0.037002 -0.008809  0.405996   4
  1  1  0.938300 -2.473801  0.627483 11.341974 -0.020774  0.025730  0.864948   8
  1  1  0.938300 10.954624 -3.881271-20.372145  0.096208 -0.037769  0.045961   1
  1  1  0.938300 -7.981721 -0.993678 -8.891445 -0.157381 -0.057915  0.370753   1
  1  1  0.938300 -0.002296 14.890232-18.737686  0.013089  0.227828 -0.144522   2
  1  1  0.938300 11.759287-11.326935 -6.461547  0.389397 -0.309570  0.279007   5
  1  1  0.938300 -0.793411 -5.147743-12.850437  0.016694  0.035336  0.163336   1
  1  1  0.938300 -4.802694 -6.324779  7.511447 -0.105600 -0.313630  0.734409   4
  1  1  0.938300 10.702756 -1.807818-19.171304  0.087214  0.057022  0.128753   1
  1  1  0.938300 29.439388 -8.431595 12.944940  0.772847 -0.094676  0.960255   4
  1  1  0.938300-11.649199 -3.448218-20.326560 -0.107610 -0.118224 -0.037457   1
  1  1  0.938300 -0.926592  2.919995 14.276811 -0.129374  0.006742  0.746631   7
  1  0  0.938300 10.528841  2.462606-18.567916  0.215395  0.105755  0.128042   3
  1  0  0.938300  6.536110 -5.039406-15.746245  0.270379 -0.018945 -0.018666   1
  1  0  0.938300 -6.484000-14.391310 12.669713  0.004579 -0.194785  0.772116   6
  1  1  0.938300 -1.484605 -8.799447  6.434300 -0.112524 -0.123998  0.571901   6
  1  0  0.938300 -0.918849  1.305025-19.630935  0.054765  0.090916  0.014745   2
  1  0  0.938300  3.140107 -7.454249  4.534145  0.033829 -0.207960  0.531759   5
  1  0  0.938300  5.190158  1.408430-12.305679  0.046469 -0.044707  0.031494   1
  1  0  0.938300  0.646331 -7.441221-18.087160  0.046489  0.028168  0.016006   1
  1  0  0.938300-20.481841 -6.461683  4.176947 -0.391382 -0.063223  0.579215   3
  1  0  0.938300 -7.570534 -1.298562  5.753030 -0.029565 -0.002462  0.569609   2
  1  0  0.938300 -5.614550-19.631100  2.601946 -0.106501 -0.313627  0.502131   3
  1  0  0.938300  0.494524-11.918789-15.766725  0.081185 -0.180116  0.177796   1
  1  0  0.938300 14.433877 -2.042890  7.947611  0.470603 -0.060753  0.773042   3
  1  0  0.938300 -4.176039 11.760679-15.930896 -0.056926  0.206838  0.152314   7
  1  0  0.938300  1.979701  6.856100-14.276448  0.126034  0.068295  0.040834   2
  1  0  0.938300-18.505251 -4.847944 -6.892819 -0.277341 -0.059916  0.281232   6
  1  0  0.938300 -5.153581  0.047479-24.440415  0.028200  0.093737 -0.104786   1
  1  0  0.938300 19.965704 21.254549  8.411421  0.476246  0.516521  0.841378   2
  1  0  0.938300-15.148335 -2.440259-10.935949 -0.271801 -0.119511  0.167813   5
  1  0  0.938300  0.738164 -7.571805-13.945160 -0.045291 -0.261646  0.171331   4
  1  0  0.938300-10.656239-16.576339 10.261328 -0.195841 -0.309360  0.707156   6
  1  0  0.938300  1.659157 -0.770662-15.978889 -0.071583  0.078365  0.115169   1
  1  0  0.938300-18.902990  1.572272 -8.322745 -0.427634  0.024472  0.372824   4
  1  0  0.938300 -5.269022  0.158544-13.031691 -0.007216 -0.017586  0.224756   1
  1  1  0.938300 19.474919  9.093261-16.337333  0.320801  0.223549  0.022110   3
  1  0  0.938300 -0.361882-12.659830-18.875975 -0.137738 -0.217338 -0.104218   2
  1  0  0.938300 -1.045040 13.616135-19.765747  0.045016  0.099286 -0.000317   1
  1  0  0.938300  1.810824-11.961508  4.963147 -0.082996 -0.289387  0.561587   3
  1  0  0.938300 -1.536196  1.620670-14.754510  0.072731  0.013087  0.091730   1
  1  0  0.938300  2.419161  0.569624 -5.067835  0.043638  0.116882  0.361349  11
  1  0  0.938300-13.364246 -5.401985-16.687963 -0.181652 -0.011032  0.038329   3
  1  0  0.938300 -0.453232 -9.489194-22.039101 -0.099968  0.004662  0.000637   1
  1  0  0.938300 -5.735764 -5.221846-19.073873 -0.102147 -0.133672 -0.026232   1
  1  0  0.938300 16.065330 -9.627478 -4.475770  0.415654 -0.249934  0.316543   4
  1  0  0.938300-14.704238 26.494932 -0.823097 -0.481389  0.618260  0.457039   4
  1  0  0.938300-18.538755-12.684304  5.473739 -0.371241 -0.262833  0.661235   7
  1  0  0.938300-11.550262  1.226840-13.717328 -0.177070  0.001589  0.184000   1
  1  0  0.938300 13.536066  7.385058 -3.665881  0.208350  0.089051  0.341166   2
  1  0  0.938300  2.903967 12.920129 -1.891373  0.033904  0.365902  0.299040   2
  1  0  0.938300-12.294082 -2.255000-22.345829 -0.175236 -0.010943 -0.119571   3
  1  0  0.938300 12.554997 -5.577849-15.107883  0.242844 -0.200733  0.066172   9
  1  0  0.938300 10.960176  1.004932-24.831810  0.115952  0.057087 -0.016376   1
  1  0  0.938300  0.224340  4.575819-11.774434  0.087193  0.121245  0.114172   2
  1  1  0.938300  5.038664 -6.402426 -7.380919  0.035524 -0.183501  0.116307   7
  1  0  0.938300 -7.784479  2.173000  9.070288 -0.158572  0.143347  0.736884   3
  1  0  0.938300  4.541445 17.148192 -2.423926  0.098757  0.227743  0.374272   4
  1  0  0.938300  1.242891 -1.441273-13.667273 -0.067368 -0.064795  0.128674   1
  1  0  0.938300 -9.641479 -4.141685-18.108711 -0.067593  0.036115 -0.002021   1
  1  0  0.938300 -8.764450  4.647958  3.912246 -0.194514  0.019730  0.567563   4
  1  0  0.938300  1.504427 -3.413095 -9.506073  0.008213 -0.086151  0.295974   4
  1  0  0.938300-12.241367  0.259256-13.536004 -0.237108  0.135890  0.056072   1
  1  0  0.938300 -6.854497  4.235726-19.977951 -0.045720  0.012608 -0.096245   1
  1  0  0.938300 -4.707869-11.454873-24.727735 -0.240876 -0.364842 -0.188406   6
  1  0  0.938300 -5.984571  6.178659 -0.435393 -0.035330  0.096321  0.487447   7
  1  0  0.938300 10.714996 -6.208827  7.804838  0.146660 -0.123732  0.718491   7
  1  0  0.938300  0.640228 -0.490087-15.226214  0.095620  0.001801  0.098978   1
  1  0  0.938300  1.698195  3.504122-13.865213  0.043040 -0.002145 -0.037766   1
  1  0  0.938300  3.319726 -4.143733 14.505270 -0.032819  0.041857  0.781459   3
  1  0  0.938300 -1.483062  4.407890  3.172230  0.118323  0.077621  0.526802   4
  1  0  0.938300  7.910083 -2.046272 15.860203  0.137574 -0.203302  0.830051   3
  1  0  0.938300 17.923045 -0.849411  4.820476  0.331304 -0.034655  0.614959   3
  1  0  0.938300 -3.354201-11.000817-21.493249 -0.115077 -0.183634 -0.041603   1
  1  1  0.938300  9.171578  1.441650  3.126858  0.098542  0.075457  0.529211   7
  1  0  0.938300 -9.524898-12.423687 -0.351000 -0.275210 -0.274066  0.491454   4
  1  0  0.938300  9.066269-16.482815  5.525110  0.136988 -0.326620  0.594817   3
  1  0  0.938300 14.990590  1.506847 -4.692955  0.304486 -0.030082  0.440127   5
  1  0  0.938300 -1.586142 -5.156322-11.041576 -0.082269 -0.012456  0.085330   1
  1  0  0.938300  3.876257  7.794573 -0.543678  0.045837  0.226658  0.318819   2
  1  0  0.938300 15.391912 19.518549 -7.627672  0.426813  0.355533  0.412144   2
  1  0  0.938300  2.665958  3.867699-15.438205 -0.060243 -0.007297  0.208741   1
  1  0  0.938300-23.492684 -7.450967 -4.909294 -0.448435 -0.131484  0.430735   5
  1  0  0.938300-10.794853 -6.122147 -8.180543 -0.112827 -0.229749  0.180695   2
  1  0  0.938300  3.513634 12.148295 11.121415  0.073925  0.150718  0.639467   6
  1  0  0.938300 -5.550377 13.547310 15.807807 -0.097773  0.283213  0.997934   4
  1  0  0.938300-10.629520 -8.561242  4.610481 -0.094043 -0.067628  0.473502   4
  1  0  0.938300  4.511073  5.012809-14.775470 -0.114224  0.129621  0.063267   2
  1  0  0.938300  6.441847 -3.633761-15.218165  0.122895 -0.081342 -0.091533   1
  1  0  0.938300  6.817206 -1.516307-10.135429  0.065403 -0.047016  0.149714   5
  1  0  0.938300 -2.907712  2.422240-17.796011  0.029203  0.047559  0.153465   1
  1  0  0.938300  7.307592 -6.104482-14.846830  0.202098 -0.083813  0.004574   6
  1  0  0.938300-14.594072 -7.367581  1.645687 -0.253701 -0.322639  0.471272   2
  1  0  0.938300 -2.096798 -8.742722-27.179785  0.002933 -0.118417 -0.184488   1
  1  0  0.938300 -7.912815 -1.275801 11.993050 -0.163747 -0.052997  0.696934   5
  1  0  0.938300  0.088302-16.816560  9.721678 -0.070078 -0.259220  0.782858   3
  1  0  0.938300  3.282729 -9.792702-20.928294  0.043726 -0.132637  0.076782   1
  1  0  0.938300 -9.697634-24.920075-15.472430 -0.136112 -0.463393  0.160744   3
  1  0  0.938300  6.833634  3.427919-21.450783  0.186653  0.065814  0.093819   1
  1  0  0.938300 -7.193155 -1.411692  5.118562 -0.296392 -0.200134  0.668613   2
  1  0  0.938300 -8.843050 -7.586351  1.767415 -0.089716 -0.112848  0.487168   7
  1  0  0.938300 14.465490  1.464964 -4.602072  0.200618  0.071242  0.410022   2
  1  0  0.938300  2.507329 -2.245301 -4.728625  0.106224 -0.102361  0.437834   3
  1  0  0.938300 -9.664894  6.940016-15.317773 -0.240128 -0.009770  0.093945   1
  1  0  0.938300 -9.662414 -6.660449-15.427731 -0.014619 -0.096953  0.129895   1
  1  0  0.938300 10.318553  1.825174-11.380015  0.220387  0.067659  0.101929   4
  1  0  0.938300  4.579443  5.078796 -7.181629  0.080477  0.000196  0.386520   1
  1  0  0.938300 -6.073742  6.560813 -1.670568 -0.018193  0.157677  0.417735   5
  1  0  0.938300 -6.000194 -6.036499-15.662384 -0.062292  0.021704  0.151023   1
  1  0  0.938300-17.293720 11.206391  1.050209 -0.344609  0.284714  0.411260   2
  1  0  0.938300 -5.002740 -3.228456-11.834890 -0.177324  0.022244  0.238543   2
  1  0  0.938300 18.992480-10.592985  8.135181  0.527281 -0.184712  0.740965   3
  1  0  0.938300 -0.008161 23.794263  8.658460  0.003715  0.667176  0.932507   4
  1  0  0.938300  8.675637 11.096823-21.039453  0.065399  0.149644  0.003673   1
  1  1  0.938300 -4.864125 -7.590286 22.037140 -0.128903 -0.209313  1.335586   7
  1  0  0.938300 12.976017 21.708047 13.496830  0.286773  0.390859  0.863630   2
  1  0  0.938300 -6.229195  2.438321  6.775425 -0.021452  0.049796  0.573607   8
  1  0  0.938300  5.942075-14.320370 -1.233362  0.017877 -0.222228  0.472976   2
  1  0  0.938300 -6.169720  1.421379 -9.795186 -0.154373  0.085823  0.313737   1
  1  0  0.938300 -9.947077-12.177153-12.961278 -0.083001 -0.172777  0.150802   2
  1  0  0.938300  6.724448  4.049703-21.726247  0.040373  0.108652 -0.110109   1
  1  0  0.938300 16.259586  3.764325 10.971210  0.443993 -0.024119  0.765598   6
  1  0  0.938300 16.848986  4.518942 -0.247430  0.419219  0.098555  0.435507   5
  1  0  0.938300 -4.715923 10.450592-15.147682 -0.023821  0.091094  0.090015   1
  1  0  0.938300 14.663416-12.235267 -3.774068  0.377700 -0.254816  0.429247   5
  1  0  0.938300-20.825304  1.781893 10.725634 -0.348752  0.008661  0.643251   2
  1  0  0.938300  0.387088 -9.360831  2.561245  0.122790 -0.127307  0.540064   5
  1  0  0.938300 11.171211 12.500249  0.692658  0.235406  0.236051  0.523757   4
  1  0  0.938300  9.832725  0.184855-17.144371  0.130861  0.125555 -0.021341   1
  1  0  0.938300-10.968549  0.339185 -2.309124 -0.110226 -0.039252  0.505651   3
  1  1  0.938300  8.924966  1.644872 -4.509771  0.193811 -0.012732  0.373308  -6
  1  1  0.938300 -3.730832  2.687870 -8.951695 -0.097237  0.132353  0.112984  -7
  1  1  0.938300  4.647185 -1.006778  3.764543  0.149952 -0.136631  0.593997  -3
  1  1  0.938300  1.981134 -5.929615 22.375071  0.032508 -0.049096  0.879466  -1
  1  1  0.938300 -2.430257-10.057712 20.166561 -0.133834 -0.098112  0.910921  -1
  1  1  0.938300 -6.008980  2.962341 -2.575613 -0.124940  0.102809  0.416916  -3
  1  1  0.938300  5.177219-21.451244  6.451915  0.165279 -0.430401  0.661881  -3
  1  1  0.938300 18.889200-17.235847  1.241453  0.445704 -0.294635  0.528259  -4
  1  1  0.938300-12.945509-16.921092 20.479485 -0.345452 -0.505619  1.242039  -2
  1  1  0.938300-28.026326 -5.691045 -7.780996 -0.611827 -0.136491  0.296776  -4
  1  1  0.938300-11.008523 -7.551197-11.017228 -0.230816 -0.157102  0.227819  -5
  1  1  0.938300 -8.534220-13.066650 -7.981461 -0.180230 -0.362561  0.329838  -2
  1  1  0.938300 12.325224 17.574744  2.151875  0.166386  0.284487  0.573195  -6
  1  1  0.938300  9.636995 -4.893718 18.133083  0.116633 -0.032808  0.838471  -1
  1  1  0.938300-17.302158 13.018462 16.994661 -0.367400  0.461687  1.107564  -3
  1  1  0.938300 -4.986814 16.128706 -5.460090 -0.172425  0.493148  0.318902  -2
  1  1  0.938300-14.749092 -9.711104  6.820797 -0.286345 -0.326565  0.777192  -4
  1  1  0.938300  9.990141  1.401162 17.433305  0.129792  0.065906  0.887706  -1
  1  1  0.938300-10.486274  8.389635 14.930559 -0.185433  0.018118  0.871039  -1
  1  1  0.938300 -4.449759 -5.367601 15.770082 -0.160386 -0.058430  1.040415  -1
  1  1  0.938300-13.771534  8.915596-27.261683 -0.332632  0.329819 -0.289991  -3
  1  1  0.938300-10.588374  0.657909 -6.761261 -0.220322  0.018413  0.230972  -2
  1  1  0.938300 -5.196679  1.534061 -2.681236 -0.056158  0.066555  0.228603  -6
  1  1  0.938300 -6.523348 -2.530809 23.055461 -0.064080 -0.018788  1.144802  -1
  1  1  0.938300  8.936882 -9.631837-15.289751  0.130813 -0.194169  0.209175  -3
  1  1  0.938300  6.525346  7.401152  9.024090  0.240086  0.211541  0.675455  -5
  1  1  0.938300 18.716352 -0.006107  5.395415  0.421432  0.104172  0.661004  -4
  1  1  0.938300  9.620510 15.714626-10.364034  0.249926  0.391716  0.159874  -4
  1  1  0.938300 -0.589574 11.603199 19.314682  0.021962  0.138558  1.077448  -1
  1  1  0.938300-19.290127-16.925260  8.051739 -0.410624 -0.306534  0.718923  -2
  1  1  0.938300  6.017426-16.216454-21.551467  0.068403 -0.227220 -0.074447  -3
  1  1  0.938300  3.374735 -3.225348 15.681254  0.196466 -0.094206  0.867140  -2
  1  1  0.938300  4.579680 -9.807960 16.427961  0.148221 -0.256569  0.909675  -2
  1  1  0.938300 -3.491302  4.837763 16.362818  0.006116  0.093138  0.950075  -1
  1  1  0.938300  9.634821 -5.420788 20.976118  0.099632 -0.116457  0.926438  -1
  1  1  0.938300 10.115129  0.742566 14.595735  0.096636 -0.042378  0.712497  -1
  1  1  0.938300  4.552174 20.859148 -0.646595  0.260304  0.683941  0.552916  -4
  1  1  0.938300 22.063671 22.423774 -5.134963  0.483514  0.514276  0.335490  -2
  1  1  0.938300 -3.743026 -1.962107 23.784113 -0.074856 -0.085354  1.096863  -1
  1  1  0.938300  3.050039  1.726626 17.328300  0.001023  0.038826  0.850430  -8
  1  1  0.938300-13.876720-10.090998 18.179616 -0.366409 -0.134780  0.914823  -3
  1  1  0.938300 19.005959-11.399892 -9.914819  0.349275 -0.188629  0.225076  -3
  1  0  0.938300 -2.937461-24.360042 16.633497 -0.127046 -0.565540  0.966884  -4
  1  1  0.938300 -9.178503 -2.554027 21.503568 -0.130846 -0.031565  1.012522  -1
  1  0  0.938300 -7.962884  5.571311-12.734437 -0.191689  0.276036  0.168566  -3
  1  1  0.938300 17.998579 -1.628632  9.350503  0.321779 -0.068356  0.761767  -6
  1  1  0.938300 -7.790605 13.622958 20.225816 -0.185338  0.336113  1.165248  -3
  1  1  0.938300  5.323863-12.089899 14.638285  0.060933 -0.201739  0.985456  -6
  1  1  0.938300 -8.690382 -4.043765 14.235483 -0.033307 -0.055146  0.834420  -1
  1  1  0.938300 -9.460581 25.654251 -0.552670 -0.163831  0.462272  0.523371  -2
  1  1  0.938300  1.853561-14.322989 16.126199  0.084120 -0.181193  0.900419  -1
  1  0  0.938300  8.118500 23.326543  5.601896  0.251761  0.494715  0.617461  -4
  1  1  0.938300  7.753431-19.351420  5.260559  0.089219 -0.328115  0.585566  -2
  1  1  0.938300  3.689153 -2.221955 15.522643  0.021383 -0.089362  1.033307  -1
  1  1  0.938300 -5.751031  7.747053 12.898605 -0.083484  0.187241  0.875102  -2
  1  1  0.938300  7.506955 -5.203842  8.056253  0.166885 -0.153024  0.559334  -3
  1  1  0.938300 -4.206399  8.963341 -7.189389 -0.128389  0.180348  0.240593  -4
  1  1  0.938300 15.378993-11.046393 -4.031245  0.251561 -0.281488  0.489280  -2
  1  1  0.938300 10.025664  1.548196 20.301905  0.161153 -0.042963  0.992227  -1
  1  1  0.938300-10.900419  9.664064-18.686499 -0.231986  0.253382  0.120151  -2
  1  1  0.938300 -2.279295-11.303620-13.310400  0.102421 -0.158292  0.208315  -3
  1  1  0.938300-24.748511  2.739196-10.925965 -0.461705  0.159695  0.168497  -3
  1  1  0.938300 25.503773 -6.696241 -2.021434  0.504002 -0.158739  0.486143  -4
  1  1  0.938300 15.288255  2.015878  6.741895  0.326992  0.015208  0.774284  -2
  1  1  0.938300-12.219457 -5.967299 -2.738474 -0.155416 -0.184883  0.428160  -4
  1  1  0.938300  4.793393 -4.299850 15.303446  0.075141  0.004948  1.045992  -4
  1  1  0.938300-11.140604-11.761776 11.952811 -0.098272 -0.156674  0.730558  -7
  1  1  0.938300 11.095278 26.895601  3.577303  0.206150  0.522380  0.687178  -2
  1  1  0.938300  6.718901 12.114794 25.756024  0.132798  0.157055  1.036445  -1
  1  0  0.938300-13.294488  6.468133  7.667319 -0.271529  0.159740  0.635568  -8
  1  1  0.938300 -0.726240-21.265950  9.892033 -0.052518 -0.400855  0.635044  -7
  1  1  0.938300  4.360823-21.420875 -8.041918  0.126680 -0.462080  0.279620  -2
  1  1  0.938300-14.621485-22.524527  5.832821 -0.287215 -0.414999  0.598038  -2
  1  1  0.938300  3.933789 10.710896 18.595683  0.020692  0.133493  0.876766  -1
  1  1  0.938300 -4.053499-17.502351 -5.878952 -0.093319 -0.324855  0.399537  -5
  1  1  0.938300 -3.494249 -1.569515  4.962587 -0.022513 -0.014101  0.601946  -3
  1  1  0.938300  3.883503 11.293973 11.066905  0.120497  0.400008  0.869376  -3
  1  0  0.938300 -7.371252 -5.360218 10.499645 -0.269524 -0.239539  0.812540  -5
  1  1  0.938300  8.721373  4.791933 19.941002  0.019687  0.019214  0.892408  -1
  1  0  0.938300-12.819554  6.797611 23.535552 -0.413841  0.256450  1.108606  -4
  1  0  0.938300  5.674021 12.125479-11.276932  0.030678  0.201611  0.132909  -2
  1  0  0.938300  9.594681  0.982373-10.988808  0.184481 -0.028839  0.268227  -3
  1  0  0.938300 11.167133 -5.612798  9.695392  0.258874 -0.116542  0.707907  -7
  1  0  0.938300 10.850234  4.891905 17.974686  0.187489  0.021730  0.862549  -1
  1  0  0.938300 12.813764 -3.513411  3.331678  0.200065 -0.137545  0.531779  -3
  1  0  0.938300  8.989084  4.038074 14.400520  0.166624  0.053666  1.144477  -2
  1  0  0.938300  0.615950  9.695079 14.843314  0.085707  0.092736  0.937611  -1
  1  0  0.938300 -6.121453  9.718226  9.725400 -0.068767  0.253042  0.801060  -8
  1  0  0.938300 -0.608566  0.427305 13.278535  0.174530  0.059046  0.768516  -1
  1  0  0.938300-29.299201  0.573518 10.428047 -0.627640 -0.030225  0.929537  -2
  1  0  0.938300 11.420708 16.451436  1.661734  0.148066  0.378151  0.569309  -3
  1  0  0.938300  0.254179 -5.781073  4.091468 -0.036436 -0.016240  0.535656  -4
  1  0  0.938300-22.544465  5.979544  9.729874 -0.340141  0.092637  0.572480  -5
  1  0  0.938300  2.679014-10.467697 12.621535  0.068695 -0.131393  0.761522  -1
  1  1  0.938300 10.512403 11.268786 16.098557  0.134871  0.217669  0.793608  -3
  1  0  0.938300-18.697777 -7.941471 10.320074 -0.354161 -0.097432  0.718482  -4
  1  0  0.938300 10.352865-17.683236  2.294129  0.261160 -0.296153  0.580449  -4
  1  0  0.938300  4.005501-20.182351 -4.470651  0.092741 -0.468477  0.393299  -5
  1  0  0.938300 13.884229 -5.851813 15.972052  0.117825 -0.101008  0.785725  -1
  1  0  0.938300  4.341415 -2.192705 10.533307  0.129124 -0.057522  0.755203 -11
  1  0  0.938300  2.832346 -5.889188 -0.894272  0.130582 -0.079537  0.432859  -6
  1  1  0.938300  3.252096 -0.491804  2.560071 -0.084513  0.045347  0.487122  -5
  1  0  0.938300 -2.653081 -6.339456 17.295043 -0.132576 -0.047794  0.861293  -1
  1  0  0.938300 -1.674602  3.258805  1.532600 -0.085853 -0.003548  0.407760  -1
  1  0  0.938300 14.756964-21.997503  5.587365  0.301462 -0.572229  0.682154  -3
  1  0  0.938300  6.544701  5.182405 15.792474 -0.012994  0.104602  0.830460  -1
  1  0  0.938300  3.980819 10.348094 20.879881  0.095573  0.032000  0.825554  -1
  1  0  0.938300  1.229571 12.563741  8.441406  0.019355  0.155138  0.568106  -2
  1  0  0.938300  2.362399  3.355202 13.642550  0.048654  0.148904  0.901405  -1
  1  0  0.938300  5.549738 -4.820141 22.433535  0.093231 -0.185978  0.909200  -1
  1  0  0.938300 -6.269086-18.284365  6.866390 -0.065089 -0.243423  0.583182  -2
  1  0  0.938300  0.957159-23.183258  4.781916  0.022801 -0.516735  0.483868  -4
  1  0  0.938300  2.515966 14.807754 12.171213  0.047211  0.489490  0.939848  -3
  1  0  0.938300 10.960111  0.711782 17.149832  0.126127 -0.003317  1.137891  -1
  1  1  0.938300-34.479066  3.531704 -4.446576 -0.748701  0.095449  0.387105  -2
  1  0  0.938300 -6.742636 -9.546656  2.757983 -0.170871 -0.094591  0.382859  -3
  1  0  0.938300 15.543903 15.472669 -8.508928  0.220123  0.251752  0.290246  -2
  1  0  0.938300 19.161190 -8.249536 15.562759  0.398798 -0.296709  1.012574  -3
  1  0  0.938300 -7.609077 -3.425602 17.631848  0.028618 -0.072647  1.005544  -1
  1  0  0.938300 -1.157434-13.421516-12.638996 -0.018425 -0.312188  0.020013  -3
  1  0  0.938300 -2.149253-10.476068 14.759176  0.043000 -0.213811  0.980856  -1
  1  0  0.938300 12.949475  7.176228 -8.888698  0.126983  0.070182  0.153664  -2
  1  0  0.938300-17.245410  2.133041  3.502011 -0.338616  0.003776  0.601399  -4
  1  0  0.938300 -7.732559 -2.190669 19.863119 -0.079775 -0.135944  1.023096  -1
  1  0  0.938300  6.531501-13.636677-11.232914  0.122254 -0.264399  0.114554  -5
  1  0  0.938300-12.151653  4.101741  2.781724 -0.135653  0.154698  0.520934  -3
  1  0  0.938300  0.484230  7.653067 16.785573 -0.022974  0.143091  1.199603  -6
  1  0  0.938300-19.827039-11.739886 13.815098 -0.449344 -0.231184  0.930378  -5
  1  0  0.938300 -3.209508  8.170894 21.085476 -0.045140  0.174873  0.910958  -1
  1  0  0.938300 26.307690 -4.002191 -0.125476  0.610803 -0.121501  0.379825  -4
  1  0  0.938300  9.156082 15.140636 -5.249709  0.370366  0.398773  0.302111  -4
  1  0  0.938300 18.723307 -5.995221 23.907729  0.576531 -0.260047  1.741733  -4
  1  0  0.938300  6.654297  0.137610  9.868756  0.050668 -0.010565  0.657644  -1
  1  0  0.938300-11.294473 -5.837734 13.241308 -0.219166 -0.073597  0.730704  -1
  1  0  0.938300 -1.124380 11.292167  6.844709 -0.041443  0.313803  0.620131  -3
  1  0  0.938300-15.292360  8.146694 -5.684056 -0.370085  0.224871  0.313676  -5
  1  0  0.938300  9.242629 17.039672 -4.134752  0.160061  0.334239  0.304796  -2
  1  0  0.938300-12.012213  3.166750  1.262075 -0.351542  0.088993  0.550913  -5
  1  0  0.938300 -4.529308 14.271973 21.653140  0.006733  0.265718  0.951859  -1
  1  1  0.938300-22.885527  4.775579  7.648278 -0.411690 -0.008470  0.704191  -2
  1  0  0.938300 -1.200403 18.674032 -2.870140 -0.026704  0.215767  0.417596  -2
  1  0  0.938300 -8.479475 -9.935467 -3.587124 -0.202150 -0.119789  0.258313  -3
  1  0  0.938300 12.689667  5.667748 -4.727400  0.197228  0.062222  0.371300  -3
  1  0  0.938300 -7.337965 12.822498 14.536031 -0.023661  0.161876  0.855459  -1
  1  0  0.938300 -5.825789 12.861222 12.730124 -0.051954  0.124988  0.768390  -5
  1  0  0.938300 -7.367968  6.632938 13.651180 -0.005256  0.020834  0.699652  -1
  1  0  0.938300-12.651141  5.853273  3.301087 -0.234764  0.060802  0.440831  -2
  1  0  0.938300 -3.914676 -3.712438 -9.627054 -0.148960 -0.111982  0.364020  -2
  1  0  0.938300  8.127814 -2.969636 19.475182  0.221573 -0.067508  0.919339  -1
  1  0  0.938300 17.082112 -7.671622 14.050589  0.285524 -0.150275  0.795762  -2
  1  0  0.938300 -3.814739 -3.148090 13.041771 -0.091444 -0.128155  0.937245  -2
  1  0  0.938300-15.140644 10.594632 16.142960 -0.279070  0.082796  0.788030  -2
  1  0  0.938300  2.885679 -2.987823-12.648356  0.179690 -0.072276  0.164807  -4
  1  0  0.938300 -1.227017-12.949694 21.770062  0.016841 -0.183591  1.038556  -1
  1  0  0.938300 -5.667642  2.040751 -9.401171 -0.058148 -0.040865  0.208775  -3
  1  0  0.938300-14.169861  1.529742 -8.720019 -0.206054 -0.024002  0.285939  -3
  1  0  0.938300 14.540281  2.164185 14.080083  0.253237  0.104769  0.926430  -4
  1  0  0.938300  0.651057  9.467467 20.923634 -0.058079  0.106223  0.798176  -1
  1  0  0.938300 -0.658813  0.757038 12.663239  0.046667  0.113352  0.857987  -1
  1  0  0.938300 18.310331-19.722393  1.041632  0.319624 -0.401052  0.475455  -3
  1  0  0.938300 16.925061-11.296416 -0.672416  0.360231 -0.217187  0.593409  -2
  1  0  0.938300 -1.108450  8.759715 17.346175  0.035358  0.018773  1.065384  -1
  1  0  0.938300  3.600446  4.569343 -2.536149  0.095818  0.114364  0.423166  -3
  1  0  0.938300 -7.069102 -8.721003 21.384390 -0.134564 -0.039513  1.109873  -1
  1  0  0.938300  5.108589-15.489383 -1.361109  0.091919 -0.393800  0.321654  -7
  1  0  0.938300  2.552877  0.535571  6.901472 -0.057370 -0.024387  0.578325  -1
  1  0  0.938300 -0.811134-10.448900 -7.340557 -0.090985 -0.343335  0.291904  -4
  1  0  0.938300  1.446382 -3.767502  6.557804  0.132946 -0.096372  0.686022  -8
  1  0  0.938300-10.599498 -4.487321 19.088558 -0.171128  0.003637  0.819776  -1
  1  0  0.938300  5.031380 -3.145363  6.545129  0.066685  0.031490  0.623591  -6
  1  1  0.938300  2.135316 11.776216 10.158221  0.037736  0.107149  0.628264  -4
  1  0  0.938300  8.206709  4.481802 14.246225  0.018519  0.169300  0.920982  -3
  1  0  0.938300-16.122574 -5.396633 -1.885998 -0.372244  0.038340  0.411151  -2
  1  0  0.938300 -8.600113 -3.313810  9.509093 -0.183632 -0.040642  0.605598  -1
  1  0  0.938300 -9.826808 -6.874685  9.662696 -0.040216 -0.192885  0.689948  -2
  1  0  0.938300 -6.458562 -3.998845 -7.508248 -0.162890 -0.039680  0.187179  -5
  1  1  0.938300  3.561004 11.124590 -8.508131  0.093363  0.028947  0.227418  -2
  1  0  0.938300 -3.896277 22.148212 -3.811934 -0.059699  0.391694  0.376366  -3
  1  1  0.938300  6.749829  0.205123  2.421174  0.071030 -0.052051  0.463562  -1
  1  0  0.938300 -8.601022-11.839789  0.101113 -0.220984 -0.380405  0.506759  -3
  1  0  0.938300 24.461372 10.522414 10.379430  0.413666  0.250842  0.808394  -2
  1  0  0.938300-13.212302 27.123161  3.021094 -0.275963  0.740570  0.612315  -6
  1  0  0.938300  7.826460 24.783708-18.264270  0.112757  0.409179  0.062511  -2
  1  0  0.938300 -0.512378 10.425759 19.952617  0.039718  0.069275  0.935472  -1
  1  0  0.938300 -6.862931 -4.596616 17.124793 -0.173407 -0.084478  0.874300  -7
  1  0  0.938300 -3.106726  0.302917  0.822097 -0.090312  0.250106  0.392374  -2
  1  0  0.938300  7.677772  2.850782 -7.342328  0.096398 -0.047324  0.191811  -2
  1  0  0.938300 -8.658843  2.085803 21.120496 -0.042580  0.004656  0.952909  -2
  1  0  0.938300 -4.978306-14.423678 23.749185 -0.048505 -0.193919  1.035583  -1
  1  0  0.938300  2.165818 -2.953393  8.928543  0.101701 -0.034257  0.574196  -1
  1  0  0.938300 10.809961 15.004379-18.747277  0.183723  0.351426 -0.040116  -4
  1  0  0.938300 -8.470202 -3.529557 -9.727126 -0.285769 -0.046715  0.190359  -4
  1  0  0.938300 20.416536 14.679663-11.611995  0.604821  0.329733  0.192173  -3
  1  0  0.938300  8.116434 -1.733258 18.017521  0.074570  0.027156  0.846552  -1
  1  0  0.938300-11.007229 14.153170  7.201590 -0.306663  0.202943  0.678044  -3
  1  1  0.938300 -4.355255-12.561545-12.804220 -0.017603 -0.168666  0.130382  -3
  1  0  0.938300 -9.969653-18.182910  7.541205 -0.253154 -0.337374  0.645576  -2