  1  1  0.938300 -7.814171 12.383549-19.583664 -0.259520  0.350717 -0.041792   2
  1  1  0.938300 19.819256-22.122784  0.821541  0.370362 -0.465353  0.526808   3
  1  1  0.938300 -9.435390 -7.361971 -2.073255 -0.023166 -0.100090  0.391957   3
  1  1  0.938300  8.393388  9.908367 -3.718116  0.181043  0.089293  0.397030   4
  1  1  0.938300  4.634472-18.355098 -4.980242  0.085100 -0.403542  0.330860   4
  1  1  0.938300 -3.444616 10.705210-21.763251 -0.009789  0.157568 -0.028377   1
  1  1  0.938300 -4.704140 -1.475674  0.724640 -0.185148 -0.079502  0.553293   5
  1  1  0.938300-16.653615  0.588279-18.709487 -0.297149  0.003944  0.151035   2
  1  1  0.938300-20.494269 -6.624602 -3.862354 -0.366116 -0.138304  0.375334   7
  1  1  0.938300 -5.378754 -3.634491 -9.112920 -0.121188  0.029435  0.117947   3
  1  1  0.938300  7.552696  4.556957-15.310956  0.025261  0.110765  0.013580   1
  1  1  0.938300 -4.831672 -2.746116-20.857405  0.007739 -0.125130 -0.164466   2
  1  1  0.938300-17.490259 -3.746505 -3.948601 -0.236953 -0.017055  0.322962   4
  1  1  0.938300-30.919265-14.034341 -5.131436 -0.705744 -0.387667  0.352266   2
  1  1  0.938300-20.155725-11.287251 -1.415343 -0.358139 -0.276431  0.426143   3
  1  1  0.938300  3.564007 11.891059-22.321256  0.032573  0.153177 -0.104572   1
  1  1  0.938300 -6.967245  3.233678  1.157576 -0.131504  0.067037  0.510786   4
  1  0  0.938300 10.839325 15.563580 13.684826  0.123713  0.259666  0.816809   7
  1  1  0.938300 20.816751-21.425807  4.543495  0.396105 -0.444980  0.638672   3
  1  1  0.938300 -2.110735 11.642028-11.409369 -0.120395  0.151885  0.186151   5
  1  1  0.938300  1.993198  7.216758-15.373807 -0.003456  0.119008 -0.038603   1
  1  1  0.938300  0.205560 14.183649 10.914701 -0.077371  0.199385  0.730983   4
  1  0  0.938300 31.201323 -8.193833  5.647346  0.923477 -0.252037  0.740017   4
  1  1  0.938300 12.666351 -0.331660 16.471007  0.278866 -0.011843  0.960711   3
  1  1  0.938300  0.332280-19.602564  7.705802  0.018116 -0.291200  0.552010   4
  1  1  0.938300 -2.721181-10.931005-16.473886  0.001958 -0.159978  0.038810   1
  1  1  0.938300 11.951943 -4.095194-11.857675  0.185756  0.022500  0.097627   4
  1  1  0.938300  7.160028  6.155556 -6.691949  0.177878  0.268330  0.389418   2
  1  1  0.938300 10.617664-23.604446 15.576030  0.173043 -0.507322  1.048001   5
  1  1  0.938300  7.161530 13.678272-15.089322  0.259287  0.238741  0.066688   3
  1  1  0.938300 12.300247 -4.640866-17.704787  0.241209 -0.055056 -0.052740   1
  1  1  0.938300  5.856507 -8.159789-21.198379 -0.009551 -0.158751 -0.045002   1
  1  1  0.938300-13.801885  1.256405-24.363112 -0.227134  0.010606 -0.180901   3
  1  1  0.938300 18.680227 19.862941 -1.841928  0.338521  0.406475  0.436521   4
  1  0  0.938300 14.795002 -1.160906 18.997309  0.263260 -0.012747  0.820171   4
  1  1  0.938300  7.448494  7.143736-16.393898  0.176559  0.148708  0.140265   1
  1  1  0.938300 -9.006067  2.145627-16.757360 -0.040686  0.038244  0.072619   1
  1  1  0.938300 18.422408-21.467997 -4.136318  0.360497 -0.528191  0.426699   2
  1  1  0.938300  9.473824 -0.347648 19.995138  0.234116  0.066192  0.917496   2
  1  1  0.938300-10.308874 -8.691715-24.943909 -0.181561 -0.105913 -0.055301   1
  1  1  0.938300 -9.363991 -9.423829-16.768034 -0.085443 -0.135063  0.023670   1
  1  1  0.938300-10.830826 -6.264280-16.990794 -0.113347 -0.002770  0.001607   1
  1  1  0.938300  9.447315  5.170239-18.081189  0.145648 -0.045941  0.124670   2
  1  1  0.938300  6.788114 10.955571 -6.160989  0.221868  0.284056  0.346895   4
  1  1  0.938300 -5.548287 -4.114085 -9.195512  0.003628  0.008900  0.218259   1
  1  1  0.938300  3.506331-16.012274-18.436831  0.041651 -0.250004  0.020801   1
  1  1  0.938300 16.097039 -2.262195-16.871668  0.323400 -0.014278  0.134577   2
  1  1  0.938300 17.366902  1.687628  7.543391  0.305416  0.115969  0.608237   3
  1  0  0.938300  8.386900 31.943041-13.271984  0.170397  0.684573  0.131902   4
  1  1  0.938300 -8.740761  6.654344  9.315649 -0.042470  0.112628  0.568625   2
  1  1  0.938300 -5.513883 -0.895855-16.521823  0.028544 -0.042841  0.061152   1
  1  1  0.938300  8.739049 20.659837 -2.146261  0.072086  0.387843  0.452043   4
  1  1  0.938300-11.058583  3.457224 -9.254681 -0.133507  0.016225  0.196922   3
  1  1  0.938300 -3.911493 14.843719 15.840290 -0.090200  0.273424  0.893823   5
  1  1  0.938300 12.378665 16.232957  0.596061  0.183201  0.397169  0.407788   2
  1  1  0.938300 -4.812526  6.769411-16.815071 -0.088414  0.017729  0.036336   1
  1  1  0.938300-11.312638 -2.028739-23.852916 -0.154334  0.024188 -0.019402   1
  1  1  0.938300 15.480299 -7.357575 11.457615  0.483072 -0.137453  0.833985   3
  1  1  0.938300 10.332112  7.034541-15.365231  0.132901  0.016506  0.002725   1
  1  1  0.938300 10.583638 -3.720075  4.662630  0.138784 -0.044481  0.527579   2
  1  1  0.938300  1.539419  6.027604-11.939753 -0.016818  0.008015  0.112101   1
  1  1  0.938300 -4.346171  0.597454-14.053890  0.031204  0.102559  0.158972   2
  1  1  0.938300 -8.997946  6.900398-15.719261 -0.107455  0.024261  0.052170   3
  1  1  0.938300 -3.518669 20.545792 -9.830668 -0.157269  0.380336  0.217900   2
  1  1  0.938300-11.430216  4.342873 -7.258441 -0.244038  0.017590  0.271606   4
  1  1  0.938300-13.924701 -1.478451-23.060199 -0.152656 -0.034327 -0.053663   1
  1  1  0.938300  7.287982  3.922095  6.706104  0.104984  0.112035  0.567340   3
  1  1  0.938300-10.074100 -3.778351-13.471969 -0.074276 -0.052287  0.094623   1
  1  1  0.938300 -7.927873 16.575434  6.013420 -0.186147  0.368363  0.590374   2
  1  1  0.938300-14.123982  3.880810 -2.847888 -0.310335  0.049034  0.470210   7
  1  1  0.938300 -1.362536-12.310252-18.811041 -0.049419 -0.125731  0.135605   1
  1  1  0.938300  4.549329  8.094260-18.766366  0.091959  0.013167  0.099575   1
  1  1  0.938300-26.022807  9.406864  9.682367 -0.488796  0.153670  0.785760   2
  1  1  0.938300-14.420381 12.704952 10.796501 -0.395932  0.314069  0.806417   6
  1  1  0.938300-10.077512-12.247121 -5.816915 -0.221997 -0.294886  0.293996   5
  1  1  0.938300  2.309765  8.897682-15.944893 -0.042346  0.100606  0.096012   1
  1  1  0.938300  4.528071  8.858595  8.357795  0.068766  0.246208  0.732473   3
  1  1  0.938300 16.638786-10.427272-18.583763  0.205900 -0.166127  0.099756   2
  1  1  0.938300 -7.548279  5.252748-22.381648 -0.129540  0.114699 -0.090981   2
  1  0  0.938300-11.803747  2.301611 -4.304082 -0.274835  0.052787  0.414897   3
  1  0  0.938300 14.550758  3.466581-12.193818  0.246298  0.053737  0.161351   1
  1  0  0.938300-12.982792 -8.320789  7.603523 -0.205117 -0.084908  0.648288   3
  1  0  0.938300 11.234245 11.513107  4.832904  0.155591  0.165397  0.465417   2
  1  0  0.938300-22.734855-17.444450  3.507659 -0.535681 -0.284187  0.545799   2
  1  0  0.938300 -0.618599 -5.392958 12.021962 -0.061092 -0.079931  0.820188   6
  1  0  0.938300  1.561315-11.702925-15.599396  0.064724 -0.136050  0.056152   1
  1  0  0.938300-17.201908-11.398640  6.038123 -0.472574 -0.283487  0.689882   8
  1  0  0.938300 -1.718080 -0.910955 -3.283529  0.008604  0.090149  0.281609   6
  1  0  0.938300 15.074319  7.425052  6.277029  0.466285  0.095511  0.771303   7
  1  0  0.938300-11.288133  6.466859  5.409796 -0.357746  0.094522  0.708050   6
  1  0  0.938300 -6.205393  0.284954-16.094556 -0.023602  0.059559 -0.066345   1
  1  0  0.938300 15.274390-21.067631-11.741697  0.387083 -0.577916  0.202649   2
  1  0  0.938300 -9.325910-10.255257-13.887032 -0.152927 -0.155183  0.137292   2
  1  0  0.938300 20.156144 28.345276-21.251072  0.503042  0.662930  0.002660   3
  1  0  0.938300 13.024361 27.084932  7.084424  0.401602  0.544057  0.811845   4
  1  0  0.938300 14.998615 -1.270177-24.229911  0.215045  0.005712 -0.120309   1
  1  0  0.938300  4.522644 -2.434499 -8.630168 -0.025484 -0.038236  0.335728   1
  1  0  0.938300 -4.519165 13.393002-21.992498 -0.056065  0.141605 -0.033403   1
  1  0  0.938300 -9.438311  6.586929-15.054437 -0.192029  0.000529  0.020057   1
  1  0  0.938300 -4.879767 -1.983687  0.509968 -0.109995 -0.021888  0.621947   3
  1  0  0.938300 -1.381779 -8.538949-21.766332 -0.018507 -0.033580 -0.056064   1
  1  0  0.938300 -7.962281 -9.083934 -1.661276 -0.088347 -0.191618  0.353931   3
  1  0  0.938300-12.355118  0.703445  2.786739 -0.309827 -0.091904  0.467313   5
  1  0  0.938300-12.371761 17.032440 12.964410 -0.344389  0.354046  0.750224   3
  1  0  0.938300 19.303005 -6.176281  3.014311  0.382676 -0.190203  0.414753   3
  1  0  0.938300  4.689031 -5.579945-12.158032  0.081030 -0.116578  0.114297   1
  1  0  0.938300  6.646423 19.666690  1.397065  0.026233  0.376306  0.411456   2
  1  0  0.938300 22.541878 -5.686561 -0.335997  0.336622 -0.124515  0.416767   3
  1  0  0.938300  9.077728 -1.575409-18.997539  0.135960  0.115204  0.002408   4
  1  0  0.938300-14.325962 -5.735338 10.790374 -0.405063 -0.131229  0.616351   2
  1  0  0.938300  4.934584  6.148266-15.537918  0.048710  0.104862  0.081286   1
  1  0  0.938300 12.623992  6.157856  7.635998  0.128056  0.203868  0.668339   3
  1  0  0.938300-16.284156  8.339407-12.538047 -0.368813  0.236766  0.104987   3
  1  0  0.938300 -2.826250  2.625963 -8.357964 -0.162922  0.128240  0.232688   3
  1  0  0.938300 13.001459 14.103051 14.960293  0.248630  0.152512  0.787557   3
  1  0  0.938300  8.181062  2.544774-21.596390  0.085291  0.077245 -0.057701   1
  1  1  0.938300-19.307261  3.519126  6.703839 -0.390393  0.114522  0.646726   4
  1  0  0.938300-13.957288-16.242710 -1.175723 -0.228055 -0.236869  0.401271   5
  1  0  0.938300-11.209698 -7.781530 14.086996 -0.190904 -0.168359  0.708458   5
  1  0  0.938300 -0.207595  7.346302 -4.364288 -0.058900  0.104649  0.293360   4
  1  0  0.938300  2.964140 -0.716876-11.273712  0.142446  0.029464  0.234952   1
  1  0  0.938300  1.810108-13.026506  5.710501  0.007026 -0.296123  0.608143  10
  1  0  0.938300  1.962174  4.504859  5.528808 -0.116802 -0.046132  0.466411   6
  1  0  0.938300  2.283674 -2.872771 10.649771  0.143506  0.014735  0.754178   7
  1  0  0.938300 -8.581404-14.763643-24.017567 -0.199283 -0.269876 -0.158353   3
  1  0  0.938300  7.831744 -4.613735-17.476991  0.080510  0.067372 -0.053639   1
  1  0  0.938300-18.618250 -1.549742  1.293406 -0.405851  0.006308  0.570371   5
  1  0  0.938300  5.796154 -6.696446-27.092263  0.032091 -0.029709 -0.153976   1
  1  0  0.938300 -2.421615 -0.992034-23.297573 -0.013093 -0.017006 -0.061063   1
  1  0  0.938300-11.972515 -1.621131  5.029996 -0.118397 -0.100321  0.529793   3
  1  0  0.938300 -2.319743  1.303087-12.633035 -0.127448  0.116243  0.084404   1
  1  0  0.938300  6.895578 11.950127  8.894946  0.123789  0.330137  0.861318   2
  1  0  0.938300 -9.412834 -5.443965 15.280332 -0.225489 -0.141971  0.995693   6
  1  0  0.938300 -6.152079 -8.358103 -8.779640 -0.093885 -0.261214  0.207024   3
  1  0  0.938300  4.179359  5.870504 11.134281  0.061970  0.042041  0.585536   4
  1  0  0.938300 -0.471441-10.511076-12.500630 -0.091747 -0.222306  0.151812   1
  1  0  0.938300  2.032918 12.026525 -3.139001  0.017370  0.437039  0.416950   2
  1  0  0.938300 -1.565288-15.647606-18.079249  0.015702 -0.162940  0.028983   5
  1  0  0.938300  3.138950  2.342202-13.884311  0.017176 -0.010229  0.085620   2
  1  0  0.938300  4.701295  3.847604-13.275645  0.314386  0.093285  0.069067   4
  1  0  0.938300 -2.446206 -2.898706-24.232412  0.034257 -0.110136 -0.005038   1
  1  0  0.938300-19.987851  9.033695  8.938408 -0.440261  0.285986  0.584242   2
  1  0  0.938300 -7.743440 -5.073343-18.532096 -0.051436 -0.164330 -0.004642   2
  1  0  0.938300 12.486701 -9.193548  0.034408  0.204507 -0.083546  0.510432   6
  1  0  0.938300 -6.684961  5.892753 11.204738 -0.154160  0.286461  0.809659   5
  1  0  0.938300  7.581794 -2.697894-21.974477  0.036253 -0.091465 -0.013841   1
  1  0  0.938300  8.593142 16.027853-11.996919  0.175338  0.241627  0.106028   3
  1  0  0.938300  0.194998  2.368724 18.641882 -0.115800  0.059105  0.923145   4
  1  0  0.938300 -0.566104 -6.325352 -4.784153 -0.188590 -0.148433  0.349962   4
  1  0  0.938300-16.456924 -7.128786  6.240362 -0.264508 -0.172774  0.687063   2
  1  0  0.938300 -1.625432  8.259653-15.840888 -0.036088  0.193792 -0.040644   1
  1  0  0.938300  5.809378  2.580046 -8.301029  0.170954 -0.056346  0.305021   3
  1  0  0.938300 16.741942-11.709571  1.103965  0.361827 -0.176412  0.471986   4
  1  0  0.938300 -2.602559  5.603786  8.141676 -0.081036  0.199207  0.791872   7
  1  1  0.938300  5.616689  8.207691 -9.049667  0.125166  0.169502  0.247817   5
  1  0  0.938300 -4.936594 12.183428-12.742183 -0.054062  0.215924  0.062340   1
  1  0  0.938300-16.450386 -9.342768 -6.044309 -0.168027 -0.176775  0.401615   2
  1  0  0.938300  2.004291 -4.801693 -6.489855  0.026470  0.002112  0.188229   6
  1  0  0.938300  1.568370 -7.798188 10.373887  0.131330 -0.131843  0.628156   5
  1  0  0.938300-10.861170 13.270932 -1.234707 -0.101830  0.294108  0.450345   2
  1  0  0.938300  7.048192 -9.419751-14.418486  0.077927 -0.122632  0.040880   1
  1  0  0.938300 -6.532779 -7.415556 -7.017169 -0.165617 -0.090990  0.320551   1
  1  0  0.938300 -9.814139  2.083947-17.663970 -0.196167 -0.100613  0.114365   2
  1  0  0.938300  1.274747-11.952305-19.528404 -0.051126 -0.111890  0.127021   1
  1  0  0.938300  7.628858-23.427487  9.617329  0.156086 -0.391750  0.628862   2
  1  0  0.938300  8.637617 -4.225151-21.415302  0.047530  0.016150  0.012302   1
  1  1  0.938300  9.997238  4.227335  4.990328  0.127947 -0.048800  0.486884   2
  1  0  0.938300 -2.973207 10.043517-11.421835 -0.152951  0.184342  0.197097   4
  1  0  0.938300  2.282971-10.401705  3.303734  0.081620 -0.369436  0.386107   5
  1  0  0.938300 14.986476  3.551078-14.218236  0.190711  0.134947  0.098023   6
  1  0  0.938300  5.688774 -0.819471 -8.572067 -0.017151 -0.068553  0.306435   1
  1  0  0.938300-14.102209  5.251198 -4.109653 -0.398091  0.019907  0.376972   5
  1  0  0.938300 -3.325567-10.439223 -1.843362  0.048625 -0.137645  0.403980   6
  1  0  0.938300 20.159575 -1.571939 -7.292116  0.520418 -0.073617  0.211784   5
  1  1  0.938300  0.614838 22.963354 -3.397240  0.042622  0.388989  0.326943   3
  1  0  0.938300 -2.449929 -5.707027-15.677220 -0.165761 -0.113370 -0.019302   1
  1  0  0.938300-12.043638-11.160870 -4.717268 -0.385437 -0.285455  0.211916   2
  1  0  0.938300 -6.869138-10.538173-15.319084 -0.110520 -0.088447  0.123240   1
  1  0  0.938300 -9.752754 24.989088-10.101643 -0.279265  0.513442  0.235860   4
  1  0  0.938300  1.731727 -3.134530-10.751928  0.021073  0.000535  0.245876   1
  1  0  0.938300 24.428856 15.017989-11.446817  0.722560  0.260145  0.315643   2
  1  0  0.938300  3.039424 15.706599  1.160250  0.015112  0.209398  0.483272   5
  1  0  0.938300 16.065961  2.168473  9.021688  0.155492  0.044678  0.631292   3
  1  0  0.938300 -8.587150  0.989307 -5.639028 -0.070403  0.125960  0.366019   3
  1  0  0.938300  0.613403-10.036985 -3.115379 -0.095797 -0.220769  0.323968   3
  1  0  0.938300  2.942737  5.664114-16.049158  0.125037  0.102667  0.021775   1
  1  0  0.938300-17.873558 -4.806518-12.844710 -0.369476 -0.128866  0.176536   3
  1  0  0.938300  7.475553-16.586445  5.654798  0.153084 -0.260771  0.514805   5
  1  0  0.938300 17.511093 25.294292  6.261997  0.408970  0.640405  0.722283   5
  1  0  0.938300 -4.137917  8.355864-24.738390 -0.011908  0.063926 -0.159620   1
  1  0  0.938300  0.616038  0.854018 -7.737696  0.069197  0.031016  0.266934   1
  1  0  0.938300-13.572423  3.654401-19.380058 -0.100146  0.031697  0.000001   1
  1  0  0.938300 12.622899 14.004478 10.745503  0.285716  0.153406  0.700149   6
  1  0  0.938300 -5.182188-17.527340 -7.876611 -0.068769 -0.253210  0.312262   3
  1  1  0.938300-15.072746 -5.156213 18.140640 -0.407426 -0.073020  0.892015   2
  1  0  0.938300  4.758097  3.388074 -7.519241  0.126749  0.090992  0.194232   1
  1  0  0.938300  5.544269  7.269612-17.686885  0.069698  0.003296  0.105375   1
  1  1  0.938300 -7.027354 14.769364-15.751414 -0.042690  0.264118  0.080888  -3
  1  0  0.938300 -1.973979 -3.074942  9.846800 -0.001275  0.035780  0.742342  -2
  1  1  0.938300 -9.244785-13.247159  3.709882 -0.170127 -0.249802  0.611530  -6
  1  1  0.938300  6.647691  0.058489 24.190967  0.081439  0.042979  1.101213  -1
  1  0  0.938300 21.400067  0.814864 -6.707091  0.620628  0.041221  0.297696  -4
  1  1  0.938300 -0.563431  9.912265  4.497984 -0.100837  0.275870  0.671850  -7
  1  1  0.938300 -6.958602  2.317970 -6.661389 -0.303764  0.172302  0.146142  -7
  1  1  0.938300 -0.578521 13.580485  4.631385 -0.027256  0.284937  0.663567  -2
  1  1  0.938300  2.012364 -0.868819 23.246735  0.075146 -0.068472  1.115332  -1
  1  1  0.938300-18.852424  3.243275-14.752332 -0.352314  0.053911  0.124752  -6
  1  1  0.938300 -3.112060 20.677363 -3.437474 -0.109988  0.379921  0.481395  -3
  1  0  0.938300 -7.555952 25.792147-13.218395 -0.273171  0.650206 -0.005913  -3
  1  1  0.938300-22.886868 11.750608 -4.119232 -0.549986  0.127337  0.495347  -2
  1  0  0.938300 -2.251309-18.202165  1.257509 -0.075852 -0.325717  0.370480  -1
  1  1  0.938300 -0.218887  9.815962  8.355675  0.000099  0.179324  0.676511  -3
  1  1  0.938300  8.798573 -9.041269 18.564894  0.149657 -0.106336  1.095386  -1
  1  1  0.938300-11.364282 -0.886177 16.135835 -0.082290 -0.000778  0.705108  -1
  1  1  0.938300 -4.036040  6.068225-10.278190 -0.156616  0.154235  0.283374  -3
  1  1  0.938300 -1.468247 -1.534559 23.507217  0.015149 -0.012817  1.264283  -1
  1  1  0.938300 -2.279072  1.108196 -7.131783 -0.030986  0.045625  0.348426  -2
  1  1  0.938300 22.940734  5.306056 11.218814  0.454021  0.039644  0.831131  -4
  1  1  0.938300  1.891534 20.400950 -8.124405 -0.075788  0.547603  0.284302  -3
  1  0  0.938300 -0.181705  4.357431-15.542607  0.093192  0.052697  0.042830  -4
  1  1  0.938300 -3.864560  2.369418 14.895046  0.058467 -0.015056  0.957974  -1
  1  1  0.938300  3.128367-23.867135 -4.134145  0.028228 -0.381186  0.411792  -2
  1  1  0.938300 11.694874  9.512422 -7.605752  0.106338  0.130932  0.292737  -3
  1  1  0.938300 -1.153468-16.681950 -1.476835 -0.150825 -0.224841  0.366857  -5
  1  1  0.938300  8.971039  6.010571-11.983665  0.230468  0.096056  0.009962  -6
  1  1  0.938300  0.724221 12.758564 13.134230  0.067865  0.161149  0.817076  -1
  1  1  0.938300-14.058443  4.810815 -0.072779 -0.301172  0.191766  0.447858  -3
  1  1  0.938300  4.623851 -1.837911 11.013110  0.256078  0.021271  0.840436  -5
  1  1  0.938300 -6.919355 -8.634292-11.944442 -0.235025 -0.118347  0.061445  -5
  1  1  0.938300 10.793725 -4.548593  5.025218  0.249418  0.032907  0.594013  -4
  1  1  0.938300 -2.911782  3.516921  8.146983 -0.089424  0.007186  0.540099  -1
  1  1  0.938300-12.257103-13.105660 -5.755433 -0.300126 -0.321434  0.358206  -3
  1  1  0.938300 -6.258523  7.246058 13.652284 -0.090837  0.123520  0.825922  -1
  1  1  0.938300-18.543996 -5.006007  7.723040 -0.358964 -0.054366  0.737935  -3
  1  1  0.938300 -7.249361 14.104316-12.376495 -0.113530  0.226070  0.214688  -5
  1  1  0.938300 -1.366716  7.077364 12.286539 -0.010152  0.059300  0.735510  -1
  1  1  0.938300  4.035375 -2.717932 -5.508076 -0.016752 -0.151827  0.309990  -3
  1  1  0.938300 -3.939623 -5.022163 14.661604 -0.022354 -0.139232  0.866782  -1
  1  1  0.938300 32.788804-10.479531 10.337957  0.743230 -0.220020  0.891104  -4
  1  1  0.938300 18.798565 20.201166  5.598877  0.390618  0.414085  0.633046  -2
  1  1  0.938300 -7.847613  3.032558 17.090942 -0.001961  0.040111  0.736088  -1
  1  1  0.938300-14.694014-14.039221 11.860459 -0.211377 -0.197917  0.685967  -3
  1  1  0.938300 -8.925018 15.635101-13.708441 -0.100062  0.341870  0.108096 -10
  1  1  0.938300-13.267463  0.254453  6.984070 -0.293773  0.150607  0.638896  -3
  1  1  0.938300-17.198488 -5.638821  3.955182 -0.392612 -0.145752  0.650651  -8
  1  1  0.938300 -9.755416  3.666257 20.112990 -0.093239  0.102178  0.880056  -1
  1  1  0.938300 12.640634-24.833176 -1.235593  0.263461 -0.504485  0.539322  -2
  1  1  0.938300  5.605656 -7.280904 -1.809203  0.061591 -0.185049  0.479009  -5
  1  1  0.938300 22.890415 -0.272777  9.621256  0.546441  0.016591  0.850702  -2
  1  1  0.938300-15.706844  1.685601 17.619521 -0.331889  0.183595  0.958499  -4
  1  1  0.938300 -3.088914 -5.865138 15.166160 -0.023995 -0.165289  0.734646  -1
  1  1  0.938300 -3.498504 11.652170 -8.830617 -0.041622  0.309838  0.300092  -2
  1  1  0.938300 12.738942 -6.373535-13.513818  0.141434 -0.050857  0.146058  -6
  1  1  0.938300 -2.170814 11.747231 -7.772605 -0.121482  0.193855  0.228589  -4
  1  1  0.938300  4.023103-22.178471-15.052460  0.084280 -0.408591  0.155144  -6
  1  1  0.938300 -2.255252-11.239039 17.040174 -0.172221 -0.069181  0.941593  -1
  1  1  0.938300 -6.821210  8.540177  1.160635 -0.245665  0.226665  0.596497  -3
  1  1  0.938300 -5.655820  6.133995-20.145666 -0.117275  0.053404 -0.025249 -10
  1  1  0.938300 19.073406-10.132515  0.787705  0.336754 -0.101165  0.431350  -3
  1  1  0.938300-11.304712  8.206002 -2.200131 -0.300146  0.080292  0.474700  -6
  1  1  0.938300 -2.025964  0.234510 11.654237 -0.089995 -0.169275  0.769446  -1
  1  1  0.938300-14.212644  9.443376  0.068807 -0.212483  0.270899  0.545795  -2
  1  1  0.938300 -1.191929  3.369274  4.374012 -0.050000  0.144509  0.471103  -2
  1  1  0.938300 -2.562894  0.450570 -8.159614  0.006943 -0.046735  0.337971  -2
  1  1  0.938300  0.804503-18.705665 17.693161  0.029238 -0.337053  0.872865  -2
  1  1  0.938300  3.194673 -4.054082 19.167881 -0.004156 -0.139314  0.945062  -1
  1  1  0.938300 12.438781-10.106005  0.723026  0.194488 -0.171738  0.416578  -2
  1  1  0.938300 -3.896855  6.407508  8.052209 -0.059463  0.223783  0.758415  -4
  1  1  0.938300 24.014158  0.539384  0.449812  0.503331  0.000744  0.666742  -2
  1  1  0.938300 -5.892062  7.400572 15.440192 -0.193485  0.185758  0.926558  -3
  1  1  0.938300  5.553279 -4.745050 15.607871 -0.063569 -0.149388  0.832267  -1
  1  1  0.938300 15.047796 20.675149  6.742856  0.313712  0.451888  0.764391  -2
  1  1  0.938300-10.758280  5.921852 25.163762 -0.205457  0.095831  1.082345  -1
  1  1  0.938300 -1.963212 -4.414131 10.824977 -0.022333 -0.001397  0.732333  -3
  1  1  0.938300 -5.664831 -1.514319  5.620302 -0.115742 -0.031327  0.559398  -5
  1  1  0.938300  4.237473 -0.352162 24.945590  0.118212 -0.038048  1.095374  -1
  1  0  0.938300 -4.522102-17.359905 -0.871131 -0.197340 -0.451223  0.399870  -4
  1  0  0.938300  8.641731 15.155481 -8.214576  0.345985  0.326395  0.273017  -6
  1  0  0.938300 -0.528599 11.014965 -7.243656 -0.070286  0.281978  0.322648  -5
  1  0  0.938300 -5.557417 18.161087-18.102821 -0.038018  0.381496  0.044933  -4
  1  0  0.938300  5.805226  3.288325 26.980910  0.042304  0.108064  1.224829  -1
  1  0  0.938300  9.205917-16.682516 -4.527869  0.271691 -0.246780  0.311889  -9
  1  0  0.938300 10.884919  0.659965 20.966690  0.096875 -0.066620  0.829536  -1
  1  0  0.938300 -0.513963  7.413937 17.417932 -0.083701  0.097556  1.081204  -1
  1  0  0.938300  9.315253  5.725827  1.251118  0.058331  0.197171  0.420072  -4
  1  0  0.938300 -9.677993  3.438311 24.843570 -0.110982  0.023127  1.038835  -1
  1  0  0.938300  1.325100-13.326198 -0.778528 -0.153617 -0.286137  0.482926  -8
  1  0  0.938300-13.499145  4.957089  9.714234 -0.277111  0.069288  0.610743  -2
  1  0  0.938300-17.184736 -6.887024 11.152424 -0.276386 -0.111746  0.798470  -3
  1  0  0.938300 11.838333 -7.688898 13.587582  0.371985 -0.229415  1.038508  -5
  1  0  0.938300  8.277318  0.798561 21.175660  0.242593  0.214805  1.207855  -2
  1  0  0.938300  9.383246-15.427567 12.390817  0.229563 -0.215806  0.771943  -5
  1  0  0.938300-11.675362  5.061164  0.047680 -0.192441  0.027234  0.432835  -3
  1  1  0.938300  3.262431 -6.414796 -9.677712  0.003055 -0.281181  0.222685  -8
  1  1  0.938300 12.053438  7.697784 13.922131  0.262273  0.087274  0.967527  -3
  1  0  0.938300 -4.818139-14.012361 13.997671 -0.048608 -0.210816  0.650642  -1
  1  0  0.938300 -2.619161-19.269493  0.237797 -0.129193 -0.441282  0.424435  -3
  1  0  0.938300 -7.048721 12.695684 -3.859165 -0.238254  0.137878  0.351311  -6
  1  0  0.938300  0.127866 -4.735667 -4.628802 -0.081077 -0.259678  0.281738  -4
  1  0  0.938300 -8.937972 10.453140  6.603554 -0.173978  0.182669  0.556129  -4
  1  0  0.938300  6.541239 -0.205145 14.949245  0.154427 -0.095160  0.684723  -1
  1  0  0.938300 -7.140408 11.227143 -1.314946 -0.102878  0.179686  0.306899  -4
  1  0  0.938300  9.419878 -1.666702  7.192830  0.116384 -0.068122  0.615907  -2
  1  0  0.938300 -2.649824 14.146269 12.171882 -0.062095  0.145072  0.704834  -5
  1  0  0.938300  3.795462  4.357180 20.172873  0.095148  0.068745  1.051702  -1
  1  0  0.938300  5.822795 -3.908634 16.411944  0.127797 -0.096105  0.866159  -1
  1  0  0.938300 10.311508  8.156463 19.090572  0.056499  0.104536  0.801808  -1
  1  1  0.938300 -0.339398 -4.275625  4.847557 -0.071585 -0.159750  0.449657  -5
  1  0  0.938300  6.767553  5.205203 -9.266445  0.001256  0.042738  0.192970  -4
  1  1  0.938300-15.914456  4.501556 11.518696 -0.416491  0.147071  0.872194  -2
  1  0  0.938300  4.308223 11.281017 17.503144  0.045561  0.159929  0.996202  -1
  1  0  0.938300 11.156228-15.193203 -3.199177  0.213076 -0.500926  0.345428  -4
  1  0  0.938300-14.873252  2.616148 -7.363111 -0.341989 -0.092546  0.311554  -6
  1  0  0.938300-11.811546  0.587977-11.219410 -0.222533 -0.001112  0.235939  -7
  1  0  0.938300  6.399301-15.899413  3.769958  0.027837 -0.218195  0.558087  -3
  1  0  0.938300 13.183012 -3.339846 16.397017  0.200644 -0.016293  0.976632  -1
  1  0  0.938300 -8.950602 -9.485057 -0.541233 -0.132399 -0.119342  0.348649  -5
  1  0  0.938300 17.244449  6.256953 12.406019  0.289501  0.151186  0.894136  -2
  1  0  0.938300-18.272452  4.553384-14.812464 -0.271488  0.011760  0.182641  -2
  1  0  0.938300 -8.118364  3.570369 17.207773  0.026541 -0.050781  0.822998  -1
  1  0  0.938300  1.956531 -1.593794 25.605073  0.014450 -0.052357  0.951950  -1
  1  0  0.938300  1.552912 -2.093224 22.080876  0.132775 -0.017649  0.903491  -1
  1  0  0.938300 -5.930219 -5.167990 -8.704991 -0.220007 -0.110925  0.160238  -5
  1  0  0.938300 -5.120600  0.976926 -4.218690 -0.081970 -0.043646  0.323596  -2
  1  0  0.938300 -7.478003  4.678388 -8.447027 -0.200547 -0.025999  0.150633  -6
  1  0  0.938300 -9.284182 -6.174173 19.658404 -0.165767 -0.089690  0.962139  -1
  1  0  0.938300  1.810192 -2.969531  7.772804  0.058223  0.066621  0.675648  -7
  1  0  0.938300  3.032010 -2.641355 23.820868  0.102795 -0.013580  1.050155  -1
  1  0  0.938300  5.956500 12.866023 20.805267  0.216020  0.153709  0.960614  -2
  1  0  0.938300  5.721757 -6.217058  1.768289  0.241805 -0.216541  0.542999  -4
  1  0  0.938300  4.401805  6.153383 15.923433  0.144073  0.234524  0.906644  -1
  1  1  0.938300 -3.517876-16.477324 -3.529682 -0.001594 -0.369064  0.412162  -5
  1  0  0.938300  8.113108  5.845284  7.899033  0.230678 -0.025588  0.797751  -6
  1  0  0.938300  0.035273 -1.422523  9.966454 -0.004928 -0.042126  0.965440  -5
  1  0  0.938300 -9.911318 17.178725 -3.777753 -0.348508  0.182126  0.375853  -2
  1  0  0.938300  7.270747 -2.144952 18.286783 -0.007010  0.029533  1.065090  -1
  1  0  0.938300-16.644471 13.098592 22.061008 -0.380506  0.277208  1.197979  -6
  1  0  0.938300  8.979824 -9.741687 19.001395  0.204880 -0.188139  0.890401  -2
  1  0  0.938300-22.108011  1.285928 19.579683 -0.535618  0.098120  1.164489  -5
  1  0  0.938300 -5.827492 11.631982-13.068181 -0.134971  0.276724  0.164987  -7
  1  0  0.938300 -6.634839 -1.213798 10.361297 -0.041731 -0.015373  0.549476  -1
  1  0  0.938300 -7.133778-14.310327 17.599008 -0.012081 -0.258743  0.930941  -2
  1  0  0.938300  8.515463  2.283287  5.783012  0.069268  0.024349  0.622857  -4
  1  0  0.938300 16.263002  3.938447-13.772928  0.220322 -0.029433  0.204831  -2
  1  0  0.938300 -6.342286-15.459725 21.960012 -0.197227 -0.239972  1.114747  -3
  1  0  0.938300 -8.708117-10.298078 20.860870 -0.077986 -0.101872  0.970980  -1
  1  0  0.938300  9.226252-17.454248 -2.293112  0.247423 -0.300360  0.343174  -3
  1  1  0.938300  0.272187 15.949008 21.928324  0.134181  0.393294  1.175688  -5
  1  0  0.938300  3.043834  2.597050  3.389345  0.180240  0.029682  0.490153  -6
  1  0  0.938300  5.565547 -4.127718 10.719457  0.104419 -0.133237  0.732061  -1
  1  0  0.938300 -5.099454 -4.309709 18.152062 -0.008676 -0.153204  0.937472  -1
  1  1  0.938300  0.260602 22.702825 -2.961211 -0.099080  0.520579  0.305450  -5
  1  0  0.938300-10.992592  1.968376 -7.921409 -0.281789 -0.058987  0.276829 -11
  1  0  0.938300-15.108703-12.207640  6.209831 -0.325112 -0.156225  0.527709  -5
  1  0  0.938300-17.281444 15.239129 -6.563921 -0.378541  0.322872  0.360922  -4
  1  0  0.938300 -3.646556  0.889005 13.365599 -0.184650  0.046930  0.887621  -1
  1  0  0.938300  5.655992  7.843474  2.538016  0.050944  0.189359  0.583793  -5
  1  0  0.938300  5.693321-26.795734  8.776278  0.059030 -0.587467  0.671429  -3
  1  0  0.938300  8.850800 -8.685247 16.891180  0.219787 -0.116332  0.849981  -5
  1  0  0.938300 -9.323242  0.240889 12.309448 -0.239187  0.078587  0.932801  -7
  1  0  0.938300  4.607561 -4.544232 17.406348  0.140916  0.107802  0.859766  -1
  1  0  0.938300 -1.690097-15.038612 21.176297  0.026921 -0.208690  1.132451  -1
  1  0  0.938300 -2.550530-20.360181  7.211211  0.060570 -0.360674  0.621251  -2
  1  0  0.938300 -2.202769-11.154563 -0.741185 -0.104690 -0.253999  0.304740  -6
  1  0  0.938300  5.288035  4.316790 11.702155  0.111876  0.124342  0.989988  -2
  1  0  0.938300  9.369885-12.172613  9.970743  0.249125 -0.198524  0.789767  -1
  1  0  0.938300 -6.792911-13.325194-14.297436 -0.035166 -0.110213  0.091201  -3
  1  0  0.938300 15.865969 11.863420  0.191585  0.335262  0.303965  0.479143  -3
  1  0  0.938300-14.007934 -2.576071  0.005760 -0.239870  0.051864  0.507054  -3
  1  0  0.938300-14.634567 18.132894  2.227661 -0.324939  0.453677  0.538583  -4
  1  0  0.938300 -2.742422 -2.680138 30.972633 -0.008127  0.000704  1.268749  -1
  1  0  0.938300  9.789745-13.685979 13.017236  0.053337 -0.259486  0.833114  -3
  1  0  0.938300  8.190070  5.380824 11.966608  0.075008  0.245610  0.703765  -4
  1  0  0.938300 -8.086550-13.582778 10.421417 -0.180608 -0.140965  0.673255  -2
  1  0  0.938300  7.793234-13.669854-14.211344  0.164181 -0.353445  0.193527  -2
  1  0  0.938300  4.444380 -1.005638 10.399940 -0.048959 -0.036859  0.608966  -1
  1  0  0.938300  1.105265 18.381585  5.577044 -0.003989  0.269356  0.658729  -6
  1  0  0.938300  6.516076-35.547340 11.992547  0.266133 -0.934247  1.028239  -3
  1  0  0.938300  1.933720 13.242192  4.547171 -0.021142  0.224698  0.588524  -4
  1  0  0.938300 -6.548637-23.882209  4.470472 -0.105460 -0.445058  0.784408  -2
  1  0  0.938300 10.790318 -0.192565 13.683953  0.270798 -0.029080  0.702387  -1
  1  0  0.938300 -7.563601 -7.917841 14.079328 -0.168699 -0.293648  1.118730  -6
  1  1  0.938300  0.266792 -4.300482 -7.428241 -0.115943 -0.142140  0.237744 -10
  1  0  0.938300  5.211782 -8.125395 -1.850937  0.086163 -0.073251  0.413989  -2
  1  0  0.938300  3.566828-10.771719 -1.995279  0.004189 -0.101668  0.375033  -5
  1  0  0.938300 -4.183360  5.539186 21.912495 -0.091581  0.175259  0.859538  -1
  1  0  0.938300-20.864279  2.522460 -0.039892 -0.641786 -0.026146  0.572584  -4
  1  0  0.938300 15.815820  9.150883 15.296763  0.197236  0.133300  0.760849  -2
  1  0  0.938300  6.036640  5.135831 11.540667  0.047760  0.079757  0.879962  -2
  1  0  0.938300-10.792964 12.831645 -9.863670 -0.171210  0.239012  0.245121  -4
  1  0  0.938300 -5.898512  7.185366 21.878790 -0.188580  0.070896  0.903043  -1
  1  0  0.938300  4.433951 14.065089 -4.002793  0.137452  0.241593  0.402241  -5
  1  0  0.938300 -4.101579 -0.364867-12.015017 -0.047774  0.116973  0.146160  -4
  1  0  0.938300 14.019854  1.016890 -2.074819  0.199972  0.160488  0.360588  -2