  1  1  0.938300 -7.891159  2.683634-19.347038 -0.079456 -0.091664 -0.036718   1
  1  1  0.938300 14.830046-10.146505  7.041035  0.314840 -0.098185  0.591045   4
  1  0  0.938300  6.019627-13.757120-11.622232  0.155792 -0.387681  0.136914   4
  1  1  0.938300-10.121321  5.881975-20.323428 -0.191195  0.072333 -0.078924   1
  1  1  0.938300 -9.623209-12.536125 -9.805410 -0.270304 -0.156416  0.188771   6
  1  1  0.938300 -7.184938 -2.657664-10.998139 -0.157498 -0.046061  0.276544   1
  1  1  0.938300  2.562317  0.402845-26.766950  0.097350  0.111293 -0.201492   1
  1  1  0.938300  9.579432  3.438424 -4.520184  0.135725  0.125307  0.248667   4
  1  1  0.938300 -3.482245  1.701140 -1.422220 -0.206141 -0.007809  0.300008   5
  1  1  0.938300-11.370799-11.138930 -2.214308 -0.323488 -0.160328  0.546067   2
  1  1  0.938300  4.673945  2.259307-18.880241  0.011087  0.047868 -0.100888   1
  1  1  0.938300 -0.655311-10.214885 11.242061  0.096289 -0.127665  0.781087   3
  1  1  0.938300 11.175698 -9.211174  3.994003  0.219852 -0.170205  0.542353   3
  1  1  0.938300 -1.583877  8.272040  9.182261  0.053801  0.200259  0.540928   2
  1  1  0.938300 -5.843468 11.842685-13.017220 -0.025858  0.142112  0.133244   7
  1  1  0.938300 -6.917532 -7.918164-11.668330 -0.105088 -0.052935  0.198266   1
  1  1  0.938300  4.132882 -0.613714 -4.416140  0.066403  0.082723  0.349811   3
  1  1  0.938300  6.378098 -1.632315-21.964535  0.066926  0.020000 -0.091023   1
  1  1  0.938300  0.145131 -0.393525 -4.453134 -0.010435 -0.038713  0.322564   5
  1  1  0.938300-16.596929 13.961248 24.608427 -0.307412  0.388034  1.347011   5
  1  1  0.938300  3.963211 -2.611487-12.263701  0.124769 -0.020257  0.232179   1
  1  1  0.938300  0.688513 -3.155497-17.064390 -0.006824 -0.047080  0.176394   1
  1  1  0.938300 -0.556185-10.525755-14.137942 -0.029748 -0.158514  0.141657   1
  1  1  0.938300 -1.289259-18.849596 -6.215529 -0.136584 -0.426556  0.312179   2
  1  1  0.938300  5.915279 -5.418839  1.640021  0.026975 -0.067025  0.457161   3
  1  1  0.938300 13.323408 -1.176988-13.550301  0.246040 -0.011094  0.228817   1
  1  1  0.938300-15.134300-25.205654 -6.493017 -0.256923 -0.494801  0.365147   3
  1  1  0.938300 10.417206 13.929518  2.757943  0.162171  0.379489  0.623207   4
  1  1  0.938300-11.988711  8.626838  5.507355 -0.216149  0.249661  0.597126   7
  1  1  0.938300 -9.116442-21.816505 -6.384945 -0.227364 -0.641583  0.397651   4
  1  1  0.938300  0.445180 -0.582522-26.912421  0.065050 -0.029917 -0.100912   1
  1  1  0.938300 -9.430609  1.413316-12.756962 -0.178546 -0.116520  0.182363   2
  1  1  0.938300 13.367861  3.810172 10.261923  0.153534  0.008629  0.765723   2
  1  1  0.938300 -1.967998  5.197500  4.194171 -0.050412  0.042521  0.471556   3
  1  1  0.938300-10.205299 13.411454 15.122187 -0.172334  0.297583  0.868812   6
  1  1  0.938300 -5.666405  5.310428-10.509017  0.052114  0.054310  0.257354   1
  1  1  0.938300 -4.961025  4.642352-12.743220 -0.105609  0.289582  0.024321   2
  1  1  0.938300 -5.237190-13.588888  3.161941 -0.091301 -0.349707  0.454430   7
  1  0  0.938300-20.644251 -5.784879 19.191506 -0.439437 -0.211352  1.109404   4
  1  1  0.938300 -2.021131 -4.326094-18.454084 -0.087463 -0.087865  0.072811   6
  1  1  0.938300 -3.475455 -9.715273-10.898972 -0.007315 -0.102199  0.222555   1
  1  1  0.938300  5.919331 22.785188 10.532950  0.224367  0.542725  0.725800   3
  1  1  0.938300 -2.327208  9.522181-19.988457  0.064585  0.144254 -0.027337   1
  1  1  0.938300  1.394138 -3.702323-14.175941 -0.141175 -0.063364  0.068879   1
  1  1  0.938300-11.191534 -8.534297 -4.839525 -0.327670 -0.109403  0.277717   3
  1  1  0.938300  3.340242  3.150429-15.572127  0.134294  0.020045  0.114667   1
  1  1  0.938300-12.072161 -1.199225-15.595322 -0.150860 -0.166504  0.153690   2
  1  1  0.938300 12.239809  1.837515 10.716562  0.267352  0.191074  0.776586   4
  1  0  0.938300  9.463274-14.265903  8.707854  0.204406 -0.388095  0.855693   5
  1  1  0.938300-10.740815  3.309632-13.402534 -0.127723 -0.012619  0.069712   1
  1  1  0.938300  4.653091  3.967963 -8.934278  0.024955  0.038086  0.276343   1
  1  1  0.938300  6.295463 -6.363145-10.137540 -0.059812 -0.034813  0.257481   1
  1  1  0.938300  1.268442-14.436772 -4.601008 -0.056933 -0.236927  0.313632  10
  1  0  0.938300 -3.901895 14.675414 -1.062440 -0.038863  0.354374  0.443608  11
  1  0  0.938300-11.120737  3.878321  7.492204 -0.160560  0.084144  0.622404   5
  1  1  0.938300  5.149280  5.924940-19.934618  0.084364  0.160959  0.100260   1
  1  1  0.938300 19.735868  5.492808 -5.241870  0.367257  0.034624  0.325665   2
  1  1  0.938300-20.151212 22.372593 10.497546 -0.441293  0.472119  0.814697   2
  1  1  0.938300  2.932304 -8.287203-10.637910 -0.031069 -0.137812  0.267149   2
  1  1  0.938300 -1.879998 14.443538 -9.660272 -0.062938  0.277234  0.263209   7
  1  1  0.938300 -1.064276 12.201769-18.471410 -0.058742  0.110558  0.028298   1
  1  1  0.938300-10.999409 -3.845983 -5.418716 -0.258511 -0.144238  0.332814  11
  1  1  0.938300 26.167179 14.671912  2.005003  0.479731  0.390818  0.624423   2
  1  1  0.938300 -1.468306-20.160165 -3.126669 -0.152392 -0.334881  0.330916   3
  1  1  0.938300-13.250173-11.229040 13.393082 -0.199515 -0.267570  0.879738   7
  1  1  0.938300 -9.010979 -8.287984-13.321053 -0.172157 -0.106890  0.072683   1
  1  1  0.938300  3.984905-14.673905-15.670709  0.063446 -0.253706  0.174835   1
  1  1  0.938300 -1.917656-14.506721 -3.008250  0.054768 -0.266295  0.329172  10
  1  1  0.938300 19.451456 -2.801684 -1.239233  0.456962 -0.156922  0.486746   8
  1  1  0.938300 -2.380308-12.606458 -9.099132 -0.172050 -0.204190  0.266760   6
  1  1  0.938300 -1.366763 10.230952-20.360363 -0.009529  0.180040 -0.054528   1
  1  1  0.938300  5.140726  2.269286 -2.041803  0.174871  0.042310  0.526321   5
  1  1  0.938300 -0.255316 -9.794945 -1.758477 -0.039244 -0.304530  0.365103   3
  1  1  0.938300 -4.672025  1.455060-24.967565  0.013502  0.019812 -0.075849   1
  1  1  0.938300 10.736540 -5.113214 13.808887  0.173134 -0.193048  0.900024   4
  1  1  0.938300  1.330102 -7.439838-19.067733  0.053494  0.024741  0.074153   1
  1  1  0.938300-24.414961  3.089828 -9.132772 -0.376400  0.064083  0.243453   2
  1  1  0.938300 11.008569-16.859279  5.724357  0.252565 -0.428075  0.619122   4
  1  1  0.938300 -9.789802 11.131168  1.629196 -0.222046  0.233868  0.469743   5
  1  0  0.938300-12.784955  0.433826-12.790926 -0.240535  0.008428  0.159725   6
  1  0  0.938300  2.062084  0.074763-14.171497  0.040315  0.032595  0.107711   1
  1  0  0.938300  2.363879 -1.051855-10.916498 -0.036331 -0.007602  0.227126   4
  1  0  0.938300  3.625987-14.487098 -7.318354  0.130926 -0.189192  0.191447   5
  1  0  0.938300 15.624032-10.236410  3.975029  0.383202 -0.220585  0.566610   3
  1  0  0.938300 24.972987 -3.880152-17.588493  0.540712  0.006446 -0.043465   2
  1  0  0.938300  4.218795 -8.715178-12.426436 -0.004345 -0.057923  0.195276   1
  1  0  0.938300 13.789683 -1.578157-14.475401  0.196770  0.003528  0.081704   1
  1  0  0.938300 -1.065458-12.671572 -3.595311 -0.199453 -0.389686  0.441357   4
  1  0  0.938300  3.549882  5.289304 -4.883294  0.045175  0.080002  0.380211   7
  1  0  0.938300 -0.948741  8.036553-14.002535 -0.126085  0.199498  0.217037   2
  1  0  0.938300 -1.909713  5.999929-13.360482 -0.066769  0.187072  0.088252   1
  1  0  0.938300  4.398656-14.223948 10.760691  0.028183 -0.183144  0.632933   4
  1  0  0.938300  3.370130 14.924499 10.616322  0.118513  0.221292  0.799555   4
  1  1  0.938300 -4.152204 -3.256297  1.019016 -0.002370 -0.038956  0.556356   9
  1  0  0.938300 16.151263 21.511745  2.034280  0.292130  0.399473  0.543733   3
  1  0  0.938300 -0.902011 13.040340-21.132388  0.114444  0.209561  0.024228   1
  1  0  0.938300  7.461135-19.883993-14.472515  0.066886 -0.405262  0.114423   2
  1  0  0.938300  9.942811 -6.579917  1.388489  0.153495 -0.055929  0.566578   5
  1  0  0.938300 -5.185525-16.084838-13.110771 -0.075791 -0.249435  0.208059   4
  1  0  0.938300  2.471082-15.673188-15.829205 -0.016302 -0.208797  0.135663   3
  1  0  0.938300 -1.270371  9.850468-19.395739 -0.065783  0.187873  0.135481   1
  1  0  0.938300  1.047127  6.743822-17.385368  0.041671  0.050936  0.176079   1
  1  0  0.938300 -5.729491  9.645526-14.038629 -0.114197  0.119353  0.084546   5
  1  0  0.938300  9.747686  7.028062 -8.286492  0.294185  0.043175  0.231123   4
  1  0  0.938300  6.551884  0.293531-19.884216  0.312604 -0.003777 -0.079741   1
  1  0  0.938300 -5.724021 -8.595858-23.430231 -0.063250 -0.058720  0.004385   1
  1  0  0.938300 -5.424606  8.223155  5.433681 -0.070045  0.021639  0.591585   7
  1  0  0.938300 -0.661803 -9.769350-18.708536  0.080190 -0.141425  0.019335   1
  1  0  0.938300-19.841099 -8.201073 -2.031258 -0.359829 -0.220788  0.360073   5
  1  0  0.938300  7.280545-17.101297  5.368809  0.106784 -0.382328  0.684666   6
  1  0  0.938300  1.065171  3.961076-23.457530 -0.013434  0.144995  0.007076   1
  1  0  0.938300 13.961478  1.891945 15.004645  0.525425 -0.062871  1.028692   6
  1  0  0.938300 11.151581  3.772230-23.206228  0.126843  0.042383  0.003112   1
  1  0  0.938300 -2.229465 11.285973-12.997992 -0.120106  0.212455  0.030983   2
  1  0  0.938300 19.274419 -4.199630 -7.133557  0.312184 -0.123602  0.317500   6
  1  0  0.938300 -1.875030  0.502905-13.416763 -0.083474  0.033949  0.197992   1
  1  1  0.938300  0.558384-18.264088  3.969757  0.095546 -0.354796  0.472781   3
  1  0  0.938300 13.194660  3.442357  4.202170  0.252902  0.052018  0.574015   2
  1  0  0.938300 -3.336826 11.309177-14.221781 -0.037065  0.122458  0.123393   1
  1  0  0.938300  1.506553-20.923750 -4.543026 -0.061391 -0.367226  0.323263   5
  1  0  0.938300 11.083734  3.886824-14.412556  0.180082  0.146052  0.210112   1
  1  0  0.938300 24.293648 12.692764  5.542476  0.513860  0.184192  0.702126   6
  1  0  0.938300 -2.075628-22.932941  3.886745 -0.161136 -0.540331  0.632933   2
  1  0  0.938300-11.965762  2.489496 -3.376823 -0.189180  0.038727  0.309149   4
  1  0  0.938300-15.691773  2.752087-16.137379 -0.311490 -0.082341 -0.002828   2
  1  0  0.938300  1.181745  5.994447-16.380417  0.066730  0.104220  0.057548   1
  1  0  0.938300 14.704499-18.925463 -6.092909  0.282942 -0.277988  0.283758   2
  1  0  0.938300 30.375036  0.195402  4.805190  0.610368 -0.021159  0.602408   2
  1  0  0.938300  4.376019  5.143156 -3.390353  0.105033 -0.007359  0.371951   6
  1  0  0.938300 -4.489360 -5.754419 16.314176 -0.025187 -0.038459  0.872470   3
  1  0  0.938300 -7.032845 -3.448809-16.742703 -0.066430 -0.147699 -0.021384   1
  1  0  0.938300 19.314933 -8.216914  3.347672  0.513454 -0.328940  0.576762   3
  1  0  0.938300 17.192186 -5.034463 -3.223630  0.316699 -0.049816  0.312632   2
  1  0  0.938300 -0.582927  6.180076 -6.443949  0.070674  0.088926  0.366534   2
  1  0  0.938300  1.377549 -1.259369  5.507975  0.090845  0.043330  0.649246   2
  1  0  0.938300 -0.900194 -7.777913-20.324947  0.014626  0.030759 -0.024599   1
  1  0  0.938300  7.183273-17.940267 -3.493304  0.234842 -0.334812  0.385250   4
  1  0  0.938300  4.220364-31.717599 -2.578269  0.194880 -0.723625  0.499126   7
  1  0  0.938300 17.738437-21.216543 15.433931  0.343909 -0.394535  0.887929   2
  1  0  0.938300 -0.381377-14.221678 -7.366638 -0.081216 -0.505914  0.259771   3
  1  0  0.938300 -3.244485  7.338850-16.324518 -0.080413  0.186258  0.175694   1
  1  0  0.938300 -5.051742 12.530732-23.155463 -0.013801  0.172751 -0.064264   2
  1  0  0.938300  4.515564  2.701204  2.647674  0.195202  0.062365  0.503878   5
  1  0  0.938300 -2.483294  7.145409  3.941351 -0.015552  0.089178  0.607968  10
  1  0  0.938300  4.030588-25.703725  3.983347  0.125668 -0.527203  0.610541   8
  1  0  0.938300 12.011710 -1.791098-14.726275  0.233018  0.091647  0.070217   1
  1  0  0.938300 -2.799379  8.172962-18.783707  0.001088  0.062269 -0.004935   3
  1  0  0.938300  1.036127-11.910113 22.409285  0.177175 -0.332861  1.180986   5
  1  0  0.938300 -5.593515 -6.861920 11.204874 -0.003946 -0.138764  0.727068  15
  1  0  0.938300  7.660587  5.918931-10.221872  0.181578  0.189326  0.235304   5
  1  0  0.938300 -6.606889 -4.037009-14.788857  0.037056 -0.123473  0.192439   1
  1  0  0.938300 21.654252  5.879237  5.586276  0.410471  0.105844  0.681778   4
  1  0  0.938300  3.678122-18.230554-20.848381  0.076610 -0.295349  0.019872   1
  1  0  0.938300 -4.770067 17.868440-14.023566 -0.093779  0.227258  0.109879   2
  1  0  0.938300-16.136375  6.094480-10.356860 -0.293887  0.080173  0.199566   7
  1  0  0.938300  1.910647 -8.952679-16.755375  0.053828 -0.176903  0.119346   1
  1  0  0.938300-18.415076  3.773006 -4.209312 -0.286648  0.154445  0.446850   2
  1  0  0.938300  5.453689  0.690777 -4.269917  0.095651 -0.039751  0.319727   5
  1  0  0.938300-24.373824 15.003189  9.670794 -0.571110  0.281302  0.716584   2
  1  0  0.938300  8.782165-13.426726 -8.830656  0.145059 -0.228909  0.152090   4
  1  0  0.938300  4.150147 12.440049-11.041910  0.016967  0.148949  0.204210   1
  1  0  0.938300 -0.871318 -5.717919 13.953178 -0.015323  0.015260  0.854961   2
  1  0  0.938300 -4.560901 -1.157706  8.142075 -0.073461  0.099909  0.688011   2
  1  0  0.938300 -1.717902  7.713167-28.758704 -0.005624  0.047553 -0.175521   2
  1  0  0.938300 -5.024156 19.043408  3.503100 -0.271991  0.530507  0.625885   5
  1  0  0.938300 -2.817437 -6.168369-18.978513 -0.088722 -0.096145  0.083811   1
  1  0  0.938300 -0.067519  1.721533  4.116229 -0.179650  0.083612  0.538089   6
  1  0  0.938300-10.318480 -0.194146 21.583361 -0.274669  0.072197  1.006758   2
  1  0  0.938300 22.019745  1.607982  2.619117  0.454670  0.046490  0.588686   2
  1  0  0.938300 -7.515995  9.891784 -6.413171 -0.070625  0.107563  0.330349   5
  1  0  0.938300  4.564548 -2.816724-18.866978  0.042573  0.087425 -0.083399   1
  1  0  0.938300  1.578548 -8.942175-14.149949  0.177035 -0.035662 -0.024806   4
  1  0  0.938300-12.528522  0.551434 26.987617 -0.332732 -0.089900  1.272696   6
  1  0  0.938300 20.980478 10.857470 14.333163  0.264005  0.214349  0.808244   2
  1  0  0.938300 -7.330485 -0.560538-12.152310 -0.092644  0.084013  0.244874   1
  1  0  0.938300  0.443294  5.300503-17.662913  0.073860  0.188813  0.193873   1
  1  0  0.938300  5.082262 -3.515997-10.846483  0.095625 -0.138385  0.279961   4
  1  1  0.938300  1.628483  8.596720  6.987462  0.101473  0.142710  0.655941   4
  1  0  0.938300-10.812082-11.307474-26.938691 -0.273969 -0.221513 -0.232636   2
  1  0  0.938300  9.826435  3.820847-14.203003  0.039530  0.041196  0.116984   3
  1  0  0.938300  0.274929 10.583796-15.365961  0.004883  0.243477  0.014039   1
  1  0  0.938300 -5.717951  6.717361-13.402366  0.002281  0.140691 -0.029515   1
  1  0  0.938300 -0.418860 -8.936208 -7.863735 -0.000915 -0.280057  0.122365   4
  1  0  0.938300 -5.551922  9.568640  6.079422 -0.079761  0.135922  0.600091   5
  1  0  0.938300 -7.910587 -9.078750-19.455066 -0.150592 -0.168357 -0.049755   1
  1  0  0.938300 -2.309072-11.069191-17.538335 -0.071808 -0.087517  0.113968   1
  1  0  0.938300  3.926175-12.937852-10.181329  0.137538 -0.338360  0.212612   2
  1  0  0.938300  4.481440  0.454810  0.046278  0.161750 -0.118797  0.503019   3
  1  0  0.938300  5.247039-13.249647  6.391555  0.146678 -0.292581  0.646657   2
  1  0  0.938300 -2.121067 18.927887-13.859804 -0.006571  0.446842  0.094072   4
  1  0  0.938300  5.134650  1.884533-18.403097 -0.032070 -0.043154 -0.011005   1
  1  0  0.938300  8.041949-10.949050 13.808906  0.047162 -0.138867  0.694524   2
  1  0  0.938300  5.458367-12.190872  5.993900  0.058100 -0.406268  0.586504   2
  1  0  0.938300 -2.744277-14.850952-13.795611 -0.106447 -0.251828  0.227635   3
  1  0  0.938300-18.851972 -9.152965 -5.685373 -0.456380 -0.213761  0.308187   6
  1  0  0.938300 -5.732365  7.672538-23.655529 -0.109896  0.196537 -0.063311   1
  1  0  0.938300  6.199990 -7.600917  3.912246 -0.011481 -0.172574  0.577781   5
  1  1  0.938300 -1.497883  8.950150  8.109782 -0.097085  0.104966  0.593458  -4
  1  1  0.938300 21.538377  7.226988  3.653510  0.415230  0.119686  0.611290  -5
  1  1  0.938300  1.712214 15.270346 16.611174  0.106065  0.239448  0.968871  -6
  1  1  0.938300 -9.526933 -3.772742 22.164559 -0.144041 -0.034213  1.079617  -1
  1  1  0.938300 -8.669274 27.676731 -4.629481 -0.146722  0.502414  0.360323  -2
  1  1  0.938300 -2.739053 17.633591  4.437669 -0.025488  0.431313  0.537407  -3
  1  1  0.938300 10.649877 10.043285 -2.909689  0.197329  0.254377  0.347972  -8
  1  1  0.938300-10.912775-10.405705  2.298819 -0.295966 -0.256661  0.568150  -4
  1  1  0.938300 12.103749  2.531065 17.747682  0.101276  0.150076  0.840464  -1
  1  1  0.938300-10.891639-15.660320-13.507539 -0.172032 -0.191602  0.158671  -2
  1  1  0.938300-10.093729-10.367256-20.205367 -0.257082 -0.112429 -0.107216  -5
  1  1  0.938300 -1.775832 -6.051610 16.658560 -0.023312  0.079751  0.815177  -1
  1  1  0.938300 -6.593295 -4.274409 16.997999 -0.085669  0.021552  0.871628  -1
  1  1  0.938300  5.383176 -9.416506 18.376105  0.001830 -0.179244  1.083058  -1
  1  1  0.938300-17.063585 -0.548680 -4.371589 -0.255076 -0.050394  0.382520  -3
  1  1  0.938300  5.325185-14.739026-11.949994  0.086952 -0.167391  0.128273  -3
  1  1  0.938300  9.329433  0.774462  7.395118  0.058542  0.082576  0.592679  -5
  1  1  0.938300-21.867099 16.105970-19.683275 -0.501939  0.305743  0.012309  -3
  1  1  0.938300-10.635003 -4.995541 11.898594 -0.224816 -0.051184  0.777615  -1
  1  1  0.938300 -5.731554 -7.479595 19.285398 -0.031596 -0.057565  1.119757  -1
  1  1  0.938300-11.522939 -2.469095 17.348563 -0.084472 -0.042457  0.978885  -1
  1  1  0.938300 17.085650 -9.375358 -5.379501  0.480617 -0.244809  0.388427  -3
  1  1  0.938300 19.246647 -1.638413 18.435818  0.332452  0.001721  1.013905  -5
  1  1  0.938300 -0.528298 -9.056586 20.432527  0.026591 -0.122778  0.890420  -1
  1  1  0.938300-32.697492 11.773356  8.709595 -0.865967  0.353365  0.852066  -5
  1  1  0.938300 -1.305158 11.646567 -1.142423 -0.077796  0.289774  0.427807  -5
  1  1  0.938300 -2.915711 -8.090626-14.278745  0.036820 -0.130700  0.037296  -4
  1  0  0.938300-19.932053 -9.391382  0.581912 -0.336053 -0.118368  0.420633  -5
  1  1  0.938300 -1.331218  5.178331 15.173579 -0.002091  0.155489  0.748179  -1
  1  1  0.938300  5.394536  3.240029 11.051660  0.153304  0.071056  0.799425  -1
  1  1  0.938300  8.108787 -7.618136 15.439565  0.189401 -0.089307  1.005293  -1
  1  1  0.938300-15.735425  3.812685 -3.052330 -0.433056  0.023109  0.426737  -2
  1  1  0.938300 14.111883  8.358027 21.145494  0.222078  0.074206  0.983904  -1
  1  1  0.938300  4.611593  0.047034 26.030501 -0.002159 -0.008945  1.096209  -1
  1  1  0.938300 -1.519944-12.178653-12.558885 -0.110258 -0.253054  0.191126  -5
  1  1  0.938300-23.454702 -9.466714 13.706713 -0.470477 -0.328480  0.874651  -8
  1  1  0.938300  5.597474-22.311042  4.379014  0.103481 -0.340443  0.612278  -2
  1  1  0.938300 -6.338013-14.471006  1.127458 -0.107100 -0.184923  0.489344  -5
  1  1  0.938300 -6.971408 -6.125015 15.309021 -0.098489 -0.113512  0.729546  -1
  1  1  0.938300  8.782961  1.755629 19.917997  0.143006 -0.058276  1.102791  -1
  1  1  0.938300  1.101108-13.341323 -0.987254 -0.088526 -0.348912  0.481225  -2
  1  1  0.938300 -5.284335 -1.498529 21.184833 -0.107878  0.086798  1.155794  -9
  1  1  0.938300 -0.682537  5.261328 10.403990 -0.087657 -0.041038  0.701823  -1
  1  1  0.938300 -7.834190 -2.583122 21.896305 -0.007118 -0.011555  0.991034  -1
  1  1  0.938300 -0.306237 25.065167 -8.747955 -0.080549  0.631530  0.299920  -2
  1  1  0.938300 18.506187 -2.827527  3.371592  0.330192 -0.108334  0.602104  -9
  1  1  0.938300  8.104284  4.359738  8.928214  0.140595  0.188465  0.764514  -9
  1  1  0.938300-16.264471-12.064542 -0.742854 -0.282849 -0.190478  0.401946  -4
  1  1  0.938300  1.757860 -0.236734  7.422305 -0.049805  0.003707  0.540463  -1
  1  1  0.938300 22.884473-12.897196  8.144963  0.382159 -0.209299  0.689546  -2
  1  1  0.938300 -2.729673 11.199320 11.019149  0.006981  0.143625  0.690677  -3
  1  1  0.938300 -7.483063 -0.159425 -9.306941 -0.214917  0.008464  0.226425  -6
  1  0  0.938300-14.109196 -9.035448 15.264463 -0.244988 -0.283167  0.984476 -15
  1  1  0.938300 -4.359781  9.218151 23.557121  0.038992  0.077118  1.100617  -1
  1  0  0.938300 -8.732645  2.733028-11.663193 -0.168195  0.117988  0.094715  -3
  1  1  0.938300 -5.317316-20.056909 -2.482132 -0.096879 -0.369698  0.417256  -4
  1  1  0.938300 -8.962063-22.710432 24.513919 -0.197882 -0.468059  1.370803  -3
  1  1  0.938300 -1.735952 -2.072489  9.423317 -0.039070  0.073865  0.566375  -1
  1  1  0.938300 -2.257887 -3.642503 20.407398  0.011952 -0.052778  0.804888  -1
  1  1  0.938300 -7.418782 13.607706  4.260709 -0.130844  0.264775  0.542922  -4
  1  1  0.938300  9.372250  2.272840 -5.740024  0.143548  0.049972  0.296172  -8
  1  1  0.938300-17.268158 -8.381289 -6.774891 -0.361378 -0.182348  0.144655  -6
  1  1  0.938300 -3.943411 -0.572862 12.697607 -0.065731 -0.222574  0.859414  -2
  1  1  0.938300  9.592457 -5.689287 23.787553  0.173500 -0.016651  1.196124  -1
  1  1  0.938300 -1.657178 11.076213  4.799064 -0.211828  0.295007  0.676708  -5
  1  1  0.938300 -1.313004 22.070423-13.983685 -0.096549  0.445553  0.119402  -2
  1  1  0.938300  7.749131  8.559978  4.994894  0.026791  0.104860  0.494785  -2
  1  1  0.938300 17.777211 24.375238 -8.598182  0.442595  0.522119  0.258031  -7
  1  1  0.938300 -2.627461  6.249039 13.848363 -0.000689  0.191035  0.669276  -1
  1  1  0.938300  1.329745  2.930754  6.576693 -0.001170 -0.007480  0.593399  -4
  1  1  0.938300-15.500317 -9.651247 13.063825 -0.177000 -0.146257  0.752536  -2
  1  1  0.938300 14.558986 20.886987-10.348321  0.360858  0.403155  0.165517  -3
  1  0  0.938300  7.098901 -1.843285 -1.449534  0.089210  0.034659  0.487467  -4
  1  1  0.938300 -3.513516-14.823773 13.617684 -0.049601 -0.208150  0.820305  -1
  1  1  0.938300-16.287911-29.312371 -5.578964 -0.378778 -0.762575  0.363099  -3
  1  1  0.938300-15.627070  7.152403  2.110267 -0.273578  0.038302  0.492601  -3
  1  1  0.938300 13.976600  7.335719 20.017572  0.223181  0.048148  1.015094  -3
  1  1  0.938300-17.233287 10.112166 21.288099 -0.400106  0.237761  1.233821  -3
  1  1  0.938300  2.661819 -3.753405 23.066825  0.041347 -0.042244  1.159479  -1
  1  1  0.938300-11.970297  4.995524  9.978312 -0.105084  0.164133  0.698633  -9
  1  0  0.938300 -0.203416  8.284898  8.548437 -0.086023 -0.004123  0.582984  -4
  1  0  0.938300 -5.084572-25.485736  1.037221  0.013006 -0.737225  0.498413  -7
  1  0  0.938300  0.785755 -5.651515  4.157924  0.056089 -0.016058  0.513157  -3
  1  0  0.938300  3.072157  7.130287 23.481011  0.065749  0.087897  0.997592  -1
  1  0  0.938300 -0.545982-13.841983  1.843328 -0.064553 -0.291761  0.448841  -8
  1  0  0.938300 -6.437457-18.586891 -4.528471 -0.164809 -0.389270  0.315812  -4
  1  0  0.938300  8.035627 -9.518405  9.556820  0.129112 -0.207620  0.757390  -1
  1  1  0.938300-13.041091 -5.681533 -8.065464 -0.321103 -0.171216  0.381961  -2
  1  0  0.938300 -0.425541 -3.597854 17.138518  0.018792  0.022420  0.878783  -1
  1  0  0.938300 22.712853  3.121906 -6.237836  0.425990 -0.004899  0.354997  -4
  1  0  0.938300 18.559394 11.460660 -5.453138  0.468180  0.306209  0.258542  -3
  1  0  0.938300 -1.625966 -2.921782 17.287033 -0.064815  0.094906  0.855559  -1
  1  0  0.938300  1.679141-25.351786 12.092729  0.027100 -0.551063  0.910637  -6
  1  0  0.938300 -3.079390  0.125694 14.166725  0.082540  0.066099  0.739723  -1
  1  0  0.938300  8.033350  5.922493  1.705966  0.026712  0.059370  0.361740  -2
  1  0  0.938300  2.131086 -2.195970 13.425662  0.015114 -0.200660  0.789565  -1
  1  0  0.938300  5.667231 19.721955 -2.326212  0.005295  0.365534  0.521142  -3
  1  0  0.938300  4.669903  1.783830 19.007502  0.089585  0.084644  0.970488  -3
  1  0  0.938300  2.642444  0.345932 11.959118  0.131004 -0.136626  0.765258  -1
  1  0  0.938300 -7.987905  7.386828 11.692403 -0.035778  0.226816  0.745498  -3
  1  0  0.938300 -4.778192  9.214592 23.486321 -0.057061  0.208143  1.076015  -1
  1  0  0.938300 10.403476 -2.333000 13.212788  0.065429 -0.046859  0.875356  -2
  1  0  0.938300 23.397498  9.495296-14.590431  0.505312  0.290692  0.228505  -3
  1  0  0.938300  0.772969  3.041533 13.244788  0.003205  0.124523  0.846485  -1
  1  0  0.938300 -8.066938 -0.512246 20.171198 -0.071919  0.070952  1.039294  -1
  1  0  0.938300  2.039946  0.748674  5.788658  0.021939 -0.097809  0.651134  -6
  1  0  0.938300 -4.584898 -6.946762 -2.992886 -0.005035 -0.222428  0.399202  -7
  1  0  0.938300 -1.927513  2.170635  5.472514 -0.025923 -0.066528  0.624500  -2
  1  0  0.938300-10.997705  9.529390 12.942879 -0.136344  0.068166  0.675937  -1
  1  0  0.938300  3.338100 -3.058698  0.642892  0.121861 -0.014210  0.545244  -9
  1  0  0.938300-10.711418  6.153366  1.489595 -0.053904 -0.039387  0.411956  -3
  1  0  0.938300 14.384519  7.752360 13.063779  0.214744  0.201582  0.924237  -3
  1  0  0.938300  8.191080  7.603962 -4.258384  0.214956  0.191286  0.256174  -6
  1  0  0.938300  9.270153  1.075420 21.117668  0.086563  0.045073  0.842092  -1
  1  0  0.938300 -0.341905 25.108222  6.053597  0.011590  0.440726  0.658217  -3
  1  0  0.938300-15.254261 14.832901  1.042108 -0.362831  0.301515  0.554432  -4
  1  0  0.938300 11.064305 -6.153864 17.936560  0.144786 -0.232387  1.042611  -4
  1  0  0.938300  0.315182  4.920576 16.285765  0.069934  0.101744  0.653145  -1
  1  0  0.938300 -1.066494  0.942195 14.025628 -0.113551 -0.142254  0.981838  -1
  1  0  0.938300-10.127462 24.934571 -2.158580 -0.121192  0.611487  0.434116  -5
  1  1  0.938300-32.384742 10.047309 10.249752 -0.674890  0.204910  0.802657  -2
  1  0  0.938300-11.736679 -6.476979 -3.766002 -0.122888 -0.093361  0.356258  -6
  1  0  0.938300 -6.244672 19.147018 -5.715120 -0.208588  0.404227  0.446746  -2
  1  0  0.938300-10.550451  1.248613 17.834035 -0.109075  0.090204  1.019784  -1
  1  0  0.938300 15.534712  1.476859 -8.359097  0.265147  0.128289  0.237807  -4
  1  1  0.938300 11.941348  1.303773  8.232953  0.175983  0.056833  0.606054  -5
  1  0  0.938300 12.296972 10.143709 -7.513003  0.228935  0.090322  0.276577  -5
  1  0  0.938300  3.619777 15.974437 -3.943691  0.121973  0.392949  0.390851  -7
  1  0  0.938300-13.112770 -7.793108 20.639647 -0.170147 -0.149375  0.904151  -1
  1  0  0.938300 15.927130 -6.080651 16.467815  0.358660 -0.100936  0.918285  -3
  1  0  0.938300  6.080898  2.494367 -8.928957  0.242033  0.177390  0.219519  -8
  1  0  0.938300-12.950338  5.174696  0.157099 -0.175120  0.171702  0.361980 -12
  1  1  0.938300  1.158049 15.855562-11.120724 -0.094930  0.288307  0.209433  -5
  1  0  0.938300  7.703534  1.858511 15.421545  0.131669 -0.005635  0.664029  -1
  1  0  0.938300 -2.989506 13.817901 -9.844819  0.101598  0.223520  0.178476  -4
  1  0  0.938300-10.646290-12.047936  0.024467 -0.153710 -0.193373  0.397124  -2
  1  0  0.938300 -4.380505 -7.192349 17.997504 -0.083666 -0.128853  0.924471  -1
  1  0  0.938300  5.228211  4.258730 -0.277953  0.132279  0.194906  0.391109  -6
  1  0  0.938300 -1.980461 -3.000129 14.546036 -0.033870 -0.057329  0.629178  -1
  1  0  0.938300 -1.527297  0.388042 17.699748 -0.083595  0.098580  1.111027  -3
  1  0  0.938300 -9.421642 13.937920 12.017355 -0.139802  0.204168  0.769410  -2
  1  0  0.938300 15.459897 20.687015 -5.634381  0.293273  0.460800  0.420000  -6
  1  0  0.938300 -7.101012 -3.742041 17.276910 -0.063725 -0.106581  0.730320  -1
  1  0  0.938300  1.037770 12.267991 11.499149 -0.019633  0.147936  0.614476  -1
  1  0  0.938300  9.897357  2.964663 -4.565430  0.241894  0.121766  0.371900  -6
  1  0  0.938300 -7.481097  9.781801 15.542255 -0.111538  0.093051  0.962058  -1
  1  0  0.938300 -2.769942 -4.580154-20.564512 -0.061155 -0.140306  0.080493  -2
  1  0  0.938300 15.654163  4.018447  9.962112  0.219739 -0.051277  0.588942  -2
  1  0  0.938300  6.120327 -9.525763  9.783666  0.104648 -0.151052  0.620320  -1
  1  0  0.938300 -8.990829 21.020657  1.953847 -0.235372  0.370265  0.560067  -2
  1  0  0.938300 -5.948884 -1.724441  1.011542 -0.178016  0.011454  0.467143  -3
  1  0  0.938300-22.873289 -0.663980 -4.038362 -0.339915  0.076914  0.406757  -2
  1  0  0.938300-10.918336  9.197855-10.288975 -0.129623  0.185991  0.158405 -10
  1  0  0.938300  1.727932 -6.761327 10.910933  0.089199 -0.083820  0.652265  -1
  1  0  0.938300 21.419457 -9.330160  1.101454  0.403993 -0.283635  0.602295  -3
  1  0  0.938300 -6.583693  8.307174 12.391782 -0.126004  0.009528  0.876678  -8
  1  0  0.938300  8.155008-11.762620 19.608607  0.086084 -0.082903  0.898717  -3
  1  0  0.938300 12.516360-27.246793 -1.629321  0.184173 -0.643603  0.512535  -6
  1  0  0.938300 -2.142667  3.474448 23.593317 -0.052344  0.090126  1.079541  -1
  1  0  0.938300 -2.767347  6.612953  3.442660 -0.090463  0.084081  0.452554  -5
  1  0  0.938300  1.301158 10.921072-13.228704  0.077460  0.125016  0.092441  -5
  1  0  0.938300-11.329735 -8.927667 -9.779840 -0.136753 -0.075449  0.266114  -2
  1  1  0.938300 -2.545057 24.953325 -0.052050  0.009412  0.572259  0.618295  -5
  1  0  0.938300  5.575548 13.001879  5.327697  0.040207  0.122491  0.492745  -2
  1  0  0.938300  1.160069 14.332077  8.920241  0.046305  0.142431  0.646130  -7
  1  0  0.938300  5.788452  8.164062  9.079777  0.087662  0.021893  0.619002  -1
  1  0  0.938300-14.844420 -2.824082 -0.053793 -0.382711 -0.030731  0.549921  -6
  1  0  0.938300 11.791006 27.973167-13.146091  0.275085  0.684640  0.219152  -8
  1  0  0.938300 -0.581736 -1.952579 12.605691 -0.093437  0.046460  0.807069  -1
  1  0  0.938300  7.899181  9.370124 -9.345215  0.055668  0.250347  0.147092  -5
  1  0  0.938300  1.406472  7.891234  2.351646 -0.002382  0.110952  0.499518  -4
  1  0  0.938300 -2.015900-12.668550 17.654586  0.011209 -0.151530  0.835694  -3
  1  0  0.938300 10.929979-10.489307 13.991159  0.198201 -0.155970  0.836116  -2
  1  0  0.938300 -6.127825  6.076656 12.452455 -0.185531  0.029413  0.820154  -1
  1  0  0.938300  5.041144 -8.357881 13.643380  0.160801 -0.162290  0.812717  -2
  1  0  0.938300 -4.658117  2.979526 -0.878859 -0.110673  0.045696  0.476542  -3
  1  0  0.938300 27.552401  6.407431  2.921185  0.632624  0.209017  0.575802  -3
  1  1  0.938300 -4.988537 -8.209503  0.204530 -0.152976 -0.250670  0.537396  -4
  1  0  0.938300 -1.590612 -0.530994 11.710586 -0.085690 -0.008789  0.680705  -1
  1  0  0.938300  2.445429 21.065016  8.209369 -0.070730  0.399585  0.757268  -3
  1  0  0.938300  6.690089 -1.836802 15.813291  0.100695  0.105073  0.843210  -2
  1  0  0.938300 -4.578268 10.139122 15.328211  0.019211  0.141932  0.715770  -3
  1  0  0.938300 -0.469832-14.719007 10.113259 -0.071493 -0.421137  0.786275  -4
  1  0  0.938300  0.054192  5.362826 19.148083 -0.020844  0.099773  0.883952  -1
  1  0  0.938300  4.996285 -7.169755-10.519916 -0.024390 -0.033837  0.120482  -4
  1  0  0.938300  3.235641  7.669958  0.994807  0.067736  0.321160  0.475726  -3
  1  0  0.938300 -6.561901 21.615183 -6.664750 -0.065468  0.383460  0.359089  -2
  1  1  0.938300-10.117105  0.576270  7.770678 -0.133410  0.022390  0.620403  -4
  1  0  0.938300 10.506465 -0.688042 17.538079  0.164770  0.110100  0.820267  -1
  1  0  0.938300 -0.945304 -6.935613 15.866260  0.041389 -0.048685  0.830763  -1
  1  0  0.938300-26.806855 27.234341  5.374156 -0.755092  0.851575  0.814973  -6
  1  0  0.938300 -5.594960 -5.137456 13.007997  0.050355 -0.038058  0.673727  -1
  1  0  0.938300  9.639146-16.311427  5.930117  0.212218 -0.223793  0.546973  -4
  1  0  0.938300  7.474470 -6.294171 26.306129  0.055252 -0.040099  1.166545  -1
  1  0  0.938300  1.866048  0.083832  8.511377  0.070185 -0.105132  0.652531 -10
  1  1  0.938300-16.350083-24.143073-15.149809 -0.316864 -0.532760  0.120786  -6
  1  0  0.938300  8.002799 -2.085454 21.730244  0.035352 -0.002921  0.972636  -1