  1  1  0.938300  2.914285  5.045607-14.925921  0.013137  0.115254  0.070584   1
  1  1  0.938300 -4.627435 -2.229179-13.526735 -0.163673 -0.029051  0.055306   2
  1  1  0.938300 -4.044430 -3.364091-14.130769 -0.062441 -0.106175  0.242319   1
  1  1  0.938300 -9.113697  2.640567  1.473195 -0.203440  0.014708  0.422501   2
  1  0  0.938300 -1.634298  1.184035-14.469057  0.029968  0.007217  0.044262   2
  1  1  0.938300 -1.332467  3.610455-12.813907 -0.089055 -0.006592  0.058064   1
  1  1  0.938300 -1.288530  0.322008-12.685507 -0.005296  0.121711  0.240692   1
  1  1  0.938300 11.687910  6.658672 -5.666658  0.311942  0.251018  0.229507   3
  1  1  0.938300  9.090029 14.526921  0.232921  0.243347  0.386134  0.613205   2
  1  1  0.938300  0.418682 -5.070626-11.566818  0.054100 -0.025460 -0.011739   1
  1  1  0.938300 11.716872 11.845812 13.442573  0.187548  0.230981  0.847172   2
  1  0  0.938300  1.312358 10.406921  3.979435  0.034706  0.167343  0.542622   6
  1  1  0.938300 14.607739  6.300834  8.673321  0.309433  0.075945  0.593613   5
  1  1  0.938300-14.197908 -6.385505 13.181980 -0.179076 -0.046189  0.753328   6
  1  1  0.938300  9.399596 -3.371114-16.439818  0.082646 -0.166548  0.114128   2
  1  0  0.938300 -6.178556 -6.250603-12.375090 -0.171693 -0.059601  0.230299   1
  1  1  0.938300 17.028943 -1.561561  0.061484  0.357587  0.012133  0.479951   4
  1  1  0.938300  6.767113  4.651660-15.133168  0.135020  0.111297  0.013504   1
  1  1  0.938300-14.162179 -0.399785-10.648189 -0.199352  0.055299  0.182817   6
  1  1  0.938300  4.344278-19.357965-10.596304 -0.047064 -0.350337  0.194857   3
  1  1  0.938300  0.695648 -0.612574 -8.963034 -0.078824  0.021107  0.272305   1
  1  0  0.938300 10.147202-10.347148-20.144221  0.239658 -0.380617 -0.003077   3
  1  1  0.938300 22.137604  9.087938-18.928956  0.475323  0.137142 -0.052061   3
  1  1  0.938300-14.997141 -8.917267-11.112535 -0.265550 -0.054266  0.249615   4
  1  1  0.938300 15.156475 -6.126940 21.258029  0.255513 -0.120042  1.090292   2
  1  1  0.938300  0.440443  6.595313 -8.713562 -0.014909  0.106753  0.118331   1
  1  1  0.938300 -7.465008 17.715865 12.920456 -0.238300  0.309929  0.764763   4
  1  0  0.938300 11.145848-23.203231-11.532365  0.307115 -0.508397  0.297575   2
  1  1  0.938300-11.438687  9.842834  6.588652 -0.330839  0.308706  0.793049   6
  1  1  0.938300 10.410269 18.254428 -6.854376  0.359308  0.455027  0.254460   3
  1  1  0.938300-14.185127  2.241053-21.806335 -0.227018  0.066158 -0.134049   1
  1  1  0.938300  6.915772-10.771302  6.026438  0.007063 -0.227343  0.558198   3
  1  1  0.938300 -7.716288 -7.946172-18.796409 -0.139585 -0.058507  0.072317   1
  1  1  0.938300 10.287313  1.208667 -6.007523  0.132546 -0.107020  0.294218   6
  1  1  0.938300 14.643199 -2.042392 -4.619909  0.210832 -0.081475  0.299590   2
  1  1  0.938300  8.829261  0.658579-17.593705  0.215266  0.012167 -0.023267   1
  1  1  0.938300-10.466523 12.438335 -2.049039 -0.116588  0.197806  0.358478   4
  1  1  0.938300 -2.765656 13.625443 -6.577900 -0.086114  0.487773  0.418760   5
  1  1  0.938300 -2.946854-10.629327-17.965378 -0.088323 -0.058011  0.108366   1
  1  1  0.938300 11.237183 -1.808153 19.696954  0.218717 -0.028462  1.179666   4
  1  1  0.938300  1.694548 -1.522825-17.606868 -0.096506  0.024593  0.133421   1
  1  1  0.938300 -4.339235  7.887187 16.959499 -0.045595  0.289994  0.931621   7
  1  0  0.938300  3.632761 -4.636310  6.720383  0.187663 -0.166674  0.783404   2
  1  1  0.938300  0.458194-18.384609  4.643406  0.037508 -0.340165  0.434788   2
  1  1  0.938300 -9.033123 -5.697168  0.411425 -0.087566 -0.070857  0.420002   6
  1  1  0.938300 -5.591310 -5.191756-18.197653 -0.106187 -0.156701  0.047116   1
  1  1  0.938300-12.426375-14.185988 -6.640454 -0.160715 -0.289509  0.246014   3
  1  1  0.938300  4.013251-10.192607  5.973467  0.128373 -0.190440  0.578039   6
  1  1  0.938300 -1.798970 15.873579  8.866875 -0.002649  0.223343  0.632895   5
  1  1  0.938300  5.448389-13.769712 15.205115 -0.006083 -0.139120  0.840865   2
  1  1  0.938300 -1.854553  4.607445-13.108842  0.148696  0.083060  0.111519   1
  1  1  0.938300  3.887468-16.343484  5.065169  0.234282 -0.337670  0.576303   3
  1  1  0.938300-16.288948  1.219634  9.452309 -0.182707  0.066977  0.654501   7
  1  1  0.938300 18.076877 21.313122-18.864051  0.330818  0.454917  0.077736   2
  1  1  0.938300  2.422507 13.293464 -8.889205 -0.146802  0.190273  0.279203   4
  1  1  0.938300 -5.985278 -4.795737-13.734233 -0.132700 -0.038581  0.234840   1
  1  1  0.938300 -0.062116  2.743986 -1.008988  0.057267  0.035114  0.422595   2
  1  1  0.938300 -6.790340 -4.181715  3.174047 -0.174262 -0.130077  0.567662   3
  1  1  0.938300 -0.641213 -9.324459  5.830500  0.039100 -0.330385  0.714531   8
  1  1  0.938300-11.755974  1.444119 18.869518 -0.157273 -0.125971  1.047497   4
  1  1  0.938300 -4.836897 13.391010-18.096206  0.021031  0.200735 -0.011015   1
  1  1  0.938300  7.443145 -9.980147-11.581980  0.231271 -0.318920  0.027300   2
  1  1  0.938300 12.326319 -8.805229 -8.670012  0.236018 -0.353458  0.174942   3
  1  1  0.938300  1.070201 -8.582181  6.690666 -0.091461 -0.254923  0.692383   7
  1  1  0.938300-14.691691  8.885085  5.338344 -0.172896  0.174030  0.548136   2
  1  1  0.938300 -9.576425  3.330270-16.653359 -0.068008  0.064256 -0.068290   1
  1  1  0.938300 27.867230  6.212535 10.996601  0.591740  0.093716  0.921934   4
  1  1  0.938300  7.529631  5.081185 -8.335772  0.071852  0.123189  0.163810   8
  1  1  0.938300-17.306025  2.191074-20.923199 -0.226094  0.021584  0.014851   1
  1  1  0.938300 21.668669  8.983853 -4.122679  0.454354  0.190357  0.496124   3
  1  0  0.938300 10.076831  2.837702 -3.027082  0.273559  0.080499  0.403665   1
  1  0  0.938300 -1.322730 10.002159  1.667803 -0.052536  0.148962  0.615364   5
  1  1  0.938300  9.368357 -0.868934-14.686321  0.351866  0.019987  0.123034   2
  1  1  0.938300  2.693664  5.486276-16.155729  0.028727 -0.043825  0.112073   1
  1  1  0.938300 13.157780-13.415507-17.157702  0.275375 -0.154154  0.074975   2
  1  1  0.938300  2.673866 -4.858752-26.528514  0.081108  0.000779 -0.128286   1
  1  1  0.938300 -3.693018-15.323100  5.761192 -0.113521 -0.166311  0.602151   6
  1  1  0.938300-13.935176 -0.604317 21.104362 -0.322685  0.022918  1.019220   3
  1  1  0.938300 -0.251134 -2.187925 -9.604772 -0.013689  0.083079  0.172703   7
  1  0  0.938300 11.277348 -8.789779 -6.045771  0.182451 -0.299270  0.305440   2
  1  0  0.938300 -3.858485  6.341689-19.420300 -0.058883 -0.042256  0.005422   1
  1  0  0.938300  0.441653-14.238297 12.548592  0.112131 -0.244980  0.844462   2
  1  0  0.938300  9.004156 25.265734 -6.706268  0.226423  0.395549  0.349935   2
  1  0  0.938300  8.437788  2.256722-13.312707  0.281701  0.152410  0.014194   3
  1  0  0.938300 -1.464910  2.252650  2.064940 -0.075635  0.116787  0.506508   4
  1  0  0.938300-11.301274  3.313407-22.227345 -0.199249  0.072547 -0.038393   1
  1  0  0.938300-22.901447-18.794395 -3.184394 -0.534885 -0.296723  0.426508   2
  1  0  0.938300 -8.585397  8.662584-19.067154 -0.090352  0.134079  0.157387   1
  1  0  0.938300 -8.452288 -8.588377 -5.748118 -0.035832 -0.190831  0.260137   3
  1  0  0.938300-20.509754  8.597569  0.306535 -0.474639  0.236513  0.492991   2
  1  0  0.938300  2.017508-10.357430-21.053238  0.016740 -0.063565 -0.007181   1
  1  0  0.938300-19.713688  5.140216 21.931671 -0.407970 -0.007425  1.167137   3
  1  0  0.938300 19.980862 -9.877252 -4.970221  0.521535 -0.281243  0.410316   5
  1  0  0.938300 -7.197422 -7.993707-10.462988 -0.195460 -0.301504  0.270377   2
  1  0  0.938300 -4.104948 -7.880803-18.067932  0.075558 -0.060167 -0.070603   1
  1  0  0.938300 -1.649093 -3.073164-14.611097 -0.195049 -0.097584  0.093788   1
  1  0  0.938300-22.604447  3.756009 12.338093 -0.502534  0.012861  0.949177   3
  1  0  0.938300 18.891950  5.572499 17.059953  0.313437  0.106878  0.957977   2
  1  0  0.938300  9.175657 -7.812875-12.713347  0.212908 -0.089662  0.131014   2
  1  0  0.938300 -5.855157 24.244939  5.109299 -0.170561  0.491387  0.582627   4
  1  0  0.938300 -2.920807  2.461716-15.369003  0.053825 -0.080073 -0.014042   1
  1  1  0.938300 14.144874 -4.057195-27.834589  0.368626 -0.127377 -0.292226   4
  1  0  0.938300 -1.809165 12.293414-15.052444  0.008700  0.227231  0.108278   1
  1  0  0.938300 25.114461 -4.875036-10.316686  0.560176  0.017843  0.182378   3
  1  0  0.938300 11.235678 -2.469692 11.552882  0.202237  0.097292  0.888536   3
  1  0  0.938300  2.606089 -2.723430 -8.584231 -0.060771 -0.023831  0.339052   1
  1  0  0.938300  6.068812-10.495425 -4.124551  0.014698 -0.089084  0.337322   4
  1  1  0.938300  3.947251  6.400176 13.523155  0.160128  0.183563  0.721968   4
  1  0  0.938300 -5.026829  6.277916-14.330592 -0.112964  0.222517  0.069690   1
  1  0  0.938300  3.645859 -6.177474  0.886011 -0.004980 -0.083378  0.463223   5
  1  0  0.938300  7.010660  9.742641-18.505022 -0.007967  0.201048  0.105200   1
  1  0  0.938300-19.067098  1.769153  0.411518 -0.312226  0.087366  0.496876   3
  1  0  0.938300 11.237146 10.146779-23.067599  0.163567  0.175580 -0.077983   3
  1  0  0.938300-22.485894 12.801134 -2.429312 -0.555453  0.314592  0.542530   8
  1  0  0.938300 -8.245302  5.014864 -0.386945 -0.101419 -0.054259  0.448894   6
  1  0  0.938300 -4.705636 -5.597590 -7.756415  0.002815 -0.078963  0.351838   1
  1  0  0.938300 -8.501930 -5.707354-22.991466 -0.156212 -0.036494 -0.108170   1
  1  0  0.938300-13.072450-10.432060 -2.951045 -0.148428 -0.185525  0.437374   6
  1  0  0.938300  7.262711 -2.279392 -0.612770  0.140172 -0.133395  0.486004   6
  1  0  0.938300 24.838091 -7.559459 -1.698262  0.455255 -0.247969  0.446251   8
  1  1  0.938300 -1.041057 -9.702506 11.553710  0.047290 -0.196328  0.717849   2
  1  0  0.938300  9.776977  6.100718  9.504646  0.262331  0.206430  0.820510   3
  1  0  0.938300 -0.581751 -6.513276 -8.485550 -0.179662 -0.077710  0.118649   6
  1  0  0.938300  1.291196 -4.583659-17.265456  0.036300 -0.128310 -0.092959   1
  1  0  0.938300 15.841907  4.186211 20.758015  0.226912  0.153127  1.008185   3
  1  0  0.938300 -1.281643 -4.338056-12.382648 -0.084361 -0.044026  0.302184   1
  1  0  0.938300 19.981631 11.267123-10.145378  0.373748  0.258168  0.265126   5
  1  0  0.938300 -6.607971-12.552428  9.872756 -0.147798 -0.162114  0.744692   5
  1  0  0.938300 -5.823048  6.772539-15.441970 -0.143811  0.144248 -0.045692   1
  1  0  0.938300  6.410598 -5.594968-22.930468  0.068195 -0.040449 -0.082251   1
  1  0  0.938300  3.823019  4.696921-15.849074  0.072592  0.028440 -0.073674   1
  1  0  0.938300  7.895494-14.879267-17.985113  0.181805 -0.270233 -0.036161   5
  1  0  0.938300  2.748087  9.945575  1.788876  0.096936  0.007718  0.413573   8
  1  0  0.938300  7.393530 11.265186  0.501726  0.235035  0.123182  0.530178   4
  1  0  0.938300-17.493417-11.805060 19.167947 -0.282574 -0.234993  0.962450   6
  1  0  0.938300 -0.135045 -0.383397-13.026929 -0.017715 -0.076697  0.071649   1
  1  0  0.938300 -8.180955  6.460016-11.975904 -0.174470  0.062751  0.176312   4
  1  0  0.938300 -0.030525 -8.581937 -3.700264 -0.027780 -0.158278  0.454158   1
  1  0  0.938300 12.799189 -7.368520 -6.044173  0.108029 -0.150871  0.245536   3
  1  0  0.938300 -2.079024-14.071716  5.406292 -0.024387 -0.269190  0.632790   6
  1  0  0.938300 -4.634795 11.608513-13.370014  0.018090  0.007639  0.053644   1
  1  0  0.938300 -6.116467-21.162143-23.014489 -0.135366 -0.355157 -0.100112   2
  1  0  0.938300 -3.914787  1.634645  0.159646 -0.079163  0.057098  0.304724   2
  1  0  0.938300  3.302696  1.374613  4.323345  0.040840 -0.000049  0.625952   6
  1  0  0.938300 -7.666649  1.234400-20.831405 -0.153384  0.056008 -0.083023   1
  1  1  0.938300  0.865947 -3.553970 -2.496401  0.048707 -0.188056  0.280934   2
  1  0  0.938300 19.258996  1.392789 11.749983  0.330804  0.017097  0.892126   2
  1  0  0.938300 -2.536553-15.418464  5.220389  0.103255 -0.443841  0.657366   4
  1  1  0.938300 -9.400583 -1.768114 -3.095069 -0.134074  0.127547  0.392746   3
  1  1  0.938300 10.131534-10.577455  6.525851  0.206922 -0.256967  0.542521   8
  1  0  0.938300  9.690535 -9.460318-14.863674  0.148735 -0.136771  0.094618   1
  1  0  0.938300-17.726884  1.536724-18.240155 -0.392135  0.027376  0.191051   3
  1  0  0.938300 -1.659687 -1.562524 -9.814223  0.157475 -0.008386  0.136137   8
  1  0  0.938300  9.135819 -2.741796 -2.482917  0.112628  0.111752  0.312164   5
  1  0  0.938300 13.743235 -9.453336-10.128471  0.457941 -0.188635  0.228843   5
  1  0  0.938300 13.173274  8.031566-14.207638  0.110557  0.143368  0.174212   1
  1  0  0.938300-23.132797-12.488677 10.817916 -0.656419 -0.292669  0.914754   8
  1  0  0.938300 -3.827677-36.732985 -7.419237 -0.162661 -0.950710  0.422936   3
  1  0  0.938300  1.350638  3.842111-19.491420  0.008718  0.091488 -0.070515   5
  1  1  0.938300 -4.956398  8.348205-12.626706 -0.020666  0.060112  0.137331   8
  1  0  0.938300  6.760381  6.524508 -8.666897  0.182725  0.204081  0.170472   1
  1  0  0.938300  8.229965 -4.851954 -4.852589  0.103530 -0.160688  0.240814   2
  1  1  0.938300 -8.291449-12.396617-16.523118 -0.141896 -0.359289  0.083555   4
  1  0  0.938300 -3.560813 -9.905229  9.729216 -0.087308 -0.094143  0.632323   2
  1  0  0.938300 -4.928936 -1.218012 12.179127 -0.058384 -0.095638  0.608248   5
  1  0  0.938300 -4.322075  9.041929-18.674271 -0.153513  0.153349  0.142660   3
  1  1  0.938300-24.957923 19.160766 -5.248561 -0.988802  0.600904  0.324436   3
  1  0  0.938300 -1.459292  0.229516-18.892826 -0.129722 -0.054551 -0.050904   3
  1  0  0.938300  8.501277  7.733144 -3.201065  0.255249  0.080007  0.311498   5
  1  0  0.938300  3.462555 20.519664 21.815746  0.101195  0.371865  1.172274   2
  1  0  0.938300 -6.502752  5.669748-20.018750 -0.046455  0.150980  0.119223   1
  1  0  0.938300 -3.924065 -0.281325-17.647951  0.069704 -0.034173  0.035539   1
  1  0  0.938300  9.770019  2.800788-16.997236  0.160213  0.080507  0.108214   4
  1  0  0.938300 -2.267636-22.139490 -5.618955  0.000965 -0.434327  0.301000   2
  1  0  0.938300 16.692732 -7.906775-11.508423  0.301572 -0.155510  0.263520   6
  1  0  0.938300 -0.634948 -7.644312-11.190334 -0.060593 -0.054834  0.109288   1
  1  0  0.938300 -2.829735 -6.594300  0.605934  0.055096 -0.133448  0.414186   4
  1  0  0.938300-10.582492-19.603199  1.551073 -0.194109 -0.456067  0.463409   9
  1  0  0.938300-11.147473  0.973486  7.417976 -0.177302 -0.011480  0.669991   3
  1  0  0.938300 -2.716715 12.604286  1.244563 -0.023734  0.286099  0.472173   7
  1  0  0.938300 11.106505 -0.787155-17.148518  0.116452  0.126597  0.116213   1
  1  1  0.938300  7.054409  4.378353 -4.600681  0.250851  0.273189  0.382513  11
  1  0  0.938300 -3.769981 20.166100 10.226975 -0.027056  0.339986  0.707344   3
  1  0  0.938300 -1.132821-13.759604 -3.475324 -0.066930 -0.294371  0.429270   7
  1  0  0.938300-16.533288 18.663802-12.516547 -0.338648  0.426762  0.164659   6
  1  0  0.938300  0.690411 -7.481453-23.312676 -0.009188  0.007994 -0.084938   1
  1  0  0.938300 20.023304-14.360318-16.279199  0.408409 -0.170779  0.111778   3
  1  0  0.938300 -4.576400-10.736442  4.384378 -0.173870 -0.148827  0.522194   3
  1  0  0.938300-16.085029 11.026144 -6.239098 -0.289563  0.166912  0.361857   2
  1  0  0.938300  8.513245 -3.855119  5.240403  0.274445 -0.032272  0.648409   5
  1  0  0.938300-17.114925 -6.511052-21.606182 -0.434929 -0.176124 -0.255595   2
  1  0  0.938300 -9.979515  7.623960 15.156785 -0.166445  0.236587  0.997347   6
  1  0  0.938300  7.436504  8.344146-13.939288  0.132738  0.161713  0.135144   5
  1  0  0.938300 -2.158646  5.043157-12.453550 -0.103966 -0.016662  0.138412   1
  1  0  0.938300  7.035024-13.320788  1.864042  0.172265 -0.246577  0.538418   5
  1  0  0.938300 -2.134659-13.068822-16.192015  0.011181 -0.220827  0.112085   1
  1  0  0.938300 -4.337935 14.337435 -4.636836  0.001301  0.178765  0.396912   5
  1  1  0.938300 -0.640020-21.246074 17.269499 -0.078964 -0.461473  1.186964  -6
  1  1  0.938300 15.302790 14.688571  3.258118  0.336422  0.495431  0.710718  -3
  1  1  0.938300 -4.455897 17.190544  2.685464 -0.164346  0.250836  0.467507  -6
  1  1  0.938300 10.794851  1.449457 19.225494  0.135901  0.059249  1.012005  -1
  1  1  0.938300 -9.117370 -9.691639 -0.388097 -0.120567 -0.175655  0.472704  -5
  1  1  0.938300-14.905660 -6.548149 -0.666993 -0.224634 -0.191036  0.415469  -7
  1  1  0.938300  3.370338  4.190547-10.878669  0.180175  0.048375  0.205234  -3
  1  1  0.938300 -5.864574 -8.174083-20.017278 -0.229794 -0.243684  0.122430  -2
  1  1  0.938300 -8.574688 10.052225 17.486965 -0.206883  0.158385  1.015054  -1
  1  1  0.938300 -2.352478  1.721940 17.650598  0.027303  0.077301  0.841792  -1
  1  1  0.938300-14.906586  2.052386  0.519015 -0.429978  0.181145  0.690594  -3
  1  1  0.938300-24.417766  3.050992 -1.491553 -0.599332  0.119247  0.445146  -4
  1  1  0.938300  3.996478 -2.610361 13.238286  0.101284 -0.048345  0.869021  -1
  1  1  0.938300 12.131340 -4.610756 24.836909  0.234117 -0.054619  1.066895  -1
  1  1  0.938300  1.094667 -0.828829 27.001492  0.023528  0.019863  1.051475  -1
  1  1  0.938300 13.016312-13.597585  4.051241  0.190307 -0.240634  0.638508  -2
  1  1  0.938300 -5.244905  9.459659-10.697429 -0.118400  0.190250  0.078441  -8
  1  1  0.938300 -5.856988-15.547114-10.779434 -0.152932 -0.307327  0.223109  -4
  1  1  0.938300 -4.244667 -1.903211 12.674423 -0.069615 -0.149056  0.945727  -1
  1  1  0.938300 -7.033554-12.789168  2.479865 -0.100761 -0.240831  0.517759  -4
  1  1  0.938300 15.919792 14.517437-12.827716  0.316958  0.304209  0.145579  -4
  1  1  0.938300 12.388531 20.072749 -6.877636  0.188549  0.488730  0.291624  -4
  1  1  0.938300  9.665147 -9.608683 18.494760  0.201711 -0.146283  0.985417  -1
  1  1  0.938300 -1.950014  3.197745 17.013130 -0.089342 -0.073562  0.789479  -1
  1  1  0.938300 -2.683613-24.621317 -1.604362 -0.182415 -0.547039  0.468045  -3
  1  1  0.938300  7.418477 -8.909326  3.171844  0.077412 -0.105662  0.621439  -2
  1  0  0.938300 14.960887  8.165998 12.235161  0.344325  0.118475  0.694419  -6
  1  1  0.938300  3.027828 -4.471541 14.430686  0.043198  0.043224  0.679571  -1
  1  0  0.938300-16.685102-10.350616  9.432848 -0.277254 -0.231098  0.630418  -1
  1  1  0.938300-11.994189 -4.527680-17.062905 -0.335259 -0.054343  0.112682  -2
  1  1  0.938300 10.526519-16.947056 20.328673  0.217964 -0.342509  1.172639  -6
  1  1  0.938300-20.617999  7.250723-16.221939 -0.422812  0.118972  0.066562  -5
  1  0  0.938300 -2.376923  4.910106 -2.022220 -0.096228  0.018038  0.403879  -8
  1  1  0.938300  4.960220  5.493059 20.781751  0.106153  0.099494  0.830140  -1
  1  0  0.938300  2.781197 -4.611292-24.014928  0.103751 -0.119182 -0.123386  -3
  1  1  0.938300  1.715445  0.138962-21.226910  0.059789 -0.114378 -0.007311  -2
  1  1  0.938300 11.240568 -1.267463  7.817030  0.362870 -0.140856  0.624064  -4
  1  0  0.938300-14.383499 -0.870426  2.178844 -0.233278  0.077869  0.449957  -5
  1  1  0.938300  0.836177  5.620514 13.120775  0.114559  0.103800  0.875341  -1
  1  1  0.938300 -2.894055  3.247656 25.289363 -0.014547  0.018140  1.087253  -1
  1  1  0.938300-11.912221 -6.329080-11.373261 -0.312152 -0.013482  0.318165  -4
  1  1  0.938300 22.832310  9.614680 -6.601317  0.503775  0.216618  0.329062  -4
  1  1  0.938300  7.123528 -3.873388  5.694427  0.123056 -0.021392  0.478124  -2
  1  1  0.938300 -9.026449 -3.164336 15.087499 -0.103699 -0.073597  0.948465  -1
  1  1  0.938300 12.719130 -0.896799 -3.610098  0.228683 -0.002087  0.371755  -4
  1  1  0.938300  4.525018 -3.535836-16.562059 -0.039312 -0.104280  0.118104  -2
  1  1  0.938300-10.887235 -0.257970 17.809602 -0.068916  0.056187  0.802764  -1
  1  1  0.938300-13.429144  6.608674-21.648829 -0.234382  0.082576  0.042196  -4
  1  1  0.938300  2.329541  9.193512 19.895899 -0.012161  0.086025  0.843605  -1
  1  1  0.938300  7.083982 14.458354 -7.705312  0.078980  0.202675  0.188533  -6
  1  1  0.938300 15.556007  1.476075 -4.027641  0.415712 -0.007302  0.360577  -5
  1  1  0.938300 13.667414  4.385905 -3.845173  0.283813  0.132344  0.448372  -4
  1  1  0.938300 -3.806852  6.544412  7.072864 -0.068010  0.006338  0.551739  -1
  1  1  0.938300 -0.959019 -9.407847 18.835789 -0.047479 -0.091753  0.774648  -1
  1  1  0.938300-10.942142  2.263996 16.538781 -0.122366  0.134000  0.883073  -3
  1  1  0.938300 14.964376  1.609699 17.345895  0.213356 -0.070645  0.899214  -2
  1  1  0.938300 21.083223-10.131843  9.528831  0.353899 -0.240760  0.773248  -3
  1  1  0.938300  0.251069-10.765842 -9.389786  0.042491 -0.239858  0.171641  -6
  1  1  0.938300  1.531263  4.243069  7.112655  0.017509  0.106163  0.650675  -1
  1  1  0.938300  7.749154  6.943549 12.081961  0.032014  0.022121  0.719002  -2
  1  1  0.938300 -3.980564 28.682181 -9.236954 -0.030191  0.620940  0.224848  -3
  1  1  0.938300  0.949903  8.565349  7.364528 -0.021302 -0.001596  0.530366  -1
  1  1  0.938300  7.545133 22.149477-10.641442  0.128642  0.480157  0.273464  -3
  1  1  0.938300 -2.789911 -9.491136 12.648431 -0.126107 -0.179996  0.733973  -1
  1  1  0.938300 14.373562  1.444777 -6.648224  0.435058  0.066899  0.245078  -5
  1  1  0.938300-10.927515  0.611974 11.821193 -0.164776  0.017473  0.652292  -3
  1  1  0.938300 -8.343831-16.076985 -1.559770 -0.193838 -0.314809  0.421523  -3
  1  1  0.938300  3.633948 28.544707 -0.741909  0.083973  0.503594  0.520023  -2
  1  0  0.938300 23.028796-18.556726  5.760354  0.444773 -0.325099  0.657167  -3
  1  1  0.938300 11.159155  4.763118 -0.084121  0.329888  0.015486  0.438894  -7
  1  1  0.938300-11.629988  2.648051 13.107917 -0.155708  0.087999  0.690141  -1
  1  1  0.938300  4.178587 -6.822498 17.983877  0.110798 -0.045981  0.969194  -1
  1  1  0.938300 -7.040739 -3.216237 -6.361761 -0.105018  0.011160  0.240318  -8
  1  1  0.938300  8.824080  4.053160 23.513493  0.231780  0.052912  0.984236  -1
  1  0  0.938300 -6.032631-10.269780 -5.718388 -0.105094 -0.240618  0.416837  -3
  1  1  0.938300 10.848675  5.945525 14.286090  0.155727  0.029480  0.931669  -2
  1  1  0.938300  2.823348 12.629155 12.099602  0.103733  0.213546  0.784969  -3
  1  1  0.938300  4.714906  3.480906 -5.910707  0.032576  0.090234  0.175673  -4
  1  1  0.938300 -0.163403  9.378352 11.638519 -0.001463  0.159375  0.853861  -1
  1  0  0.938300-12.065808 11.366622  3.636209 -0.276797  0.099192  0.487793  -2
  1  0  0.938300 -8.623661  2.825780 20.272507  0.010622  0.037645  1.062237  -1
  1  0  0.938300 11.487436  0.783397  1.183299  0.068018  0.045070  0.405704  -4
  1  0  0.938300  1.143634 -2.906938 -3.246951  0.136220 -0.089379  0.374694  -3
  1  0  0.938300  8.846863 -3.884336 24.295022  0.103845 -0.117440  1.089707  -1
  1  0  0.938300 11.984227  4.235154  1.846428  0.205022  0.185165  0.553516  -5
  1  0  0.938300 -2.439672 13.118295 10.543592 -0.044663  0.092163  0.709501  -4
  1  0  0.938300 -4.494411-10.684267  2.640705 -0.146024 -0.181752  0.696812  -3
  1  0  0.938300 13.831477-18.209651-10.788794  0.410855 -0.471933  0.274633  -5
  1  0  0.938300 -6.551841  5.734999  2.295660 -0.053351  0.112103  0.452084  -1
  1  0  0.938300-11.425138-18.786953 -9.983751 -0.225741 -0.354283  0.194862  -6
  1  0  0.938300  7.415285  0.957364 -6.668194  0.004803 -0.133246  0.309948  -2
  1  0  0.938300-17.128849 -1.921820  5.663888 -0.376735  0.088343  0.595798  -3
  1  0  0.938300-14.513426  8.538508 -6.869536 -0.296767  0.057033  0.264435  -4
  1  0  0.938300-11.499219 -1.315267 23.631951 -0.178971 -0.065912  0.958090  -1
  1  0  0.938300 -4.472841  5.868690 10.809529  0.035112  0.120870  0.672598  -1
  1  1  0.938300 -0.749417  1.958482  5.825306 -0.060133 -0.064592  0.581341  -8
  1  0  0.938300-11.789502  5.977552  9.305276 -0.213180  0.023426  0.722674  -3
  1  0  0.938300  0.313784  5.855604 16.332530  0.076003  0.243229  0.883023  -2
  1  0  0.938300 -3.658811  6.054586 11.499315 -0.078078  0.000955  0.781280  -1
  1  0  0.938300 -2.548749-16.370031  2.674213 -0.056398 -0.419601  0.490886  -4
  1  0  0.938300 -3.409090 23.660013-19.862744  0.012896  0.529616  0.073816  -6
  1  0  0.938300 -6.519222  8.180545 -4.959581 -0.232551  0.041736  0.403472  -4
  1  0  0.938300-20.193332 -5.766261-12.548112 -0.371623 -0.038163  0.140499  -2
  1  0  0.938300 -1.687741 14.363876 17.789015 -0.024822  0.231016  0.761582  -1
  1  0  0.938300-10.150375 -2.674985  1.845208 -0.185855 -0.015901  0.604384  -4
  1  0  0.938300  2.180200  2.186627 15.417802  0.024983  0.135090  0.808986  -4
  1  0  0.938300  6.500223 -5.751262 11.912834  0.118416 -0.051225  0.874704  -1
  1  0  0.938300  7.448849 16.239711  7.287624  0.051304  0.374229  0.598989  -3
  1  0  0.938300 -1.326825 -0.176139 18.896157  0.006233  0.098709  1.023451  -1
  1  0  0.938300-14.229086  1.504723-13.030018 -0.312974  0.070211  0.075675  -5
  1  0  0.938300  4.704341  9.001540 -6.576268 -0.011612  0.231463  0.297972  -4
  1  0  0.938300  3.850559 19.289689 -3.728863  0.151259  0.330785  0.341070  -2
  1  0  0.938300 23.282198 21.997218  2.530762  0.619142  0.404997  0.650921  -2
  1  0  0.938300  2.943411 12.865759 20.641618  0.047798  0.279832  0.945713  -1
  1  0  0.938300-15.831433-11.976923 -7.132558 -0.234625 -0.276132  0.320414  -8
  1  0  0.938300 -1.595246 -9.908101  9.643241 -0.085342 -0.236446  0.863210  -4
  1  0  0.938300  1.769964  7.412987  4.297755  0.025514  0.189118  0.588350  -6
  1  0  0.938300 -4.786448 -8.716712-12.252901 -0.089975 -0.265091  0.105415  -7
  1  0  0.938300  6.699350 12.021231 14.766412  0.171771  0.171630  0.768666  -1
  1  0  0.938300 -6.932013-11.853510 -6.397196 -0.195433 -0.256799  0.433904  -3
  1  0  0.938300 -7.534920 -3.980547-16.412084 -0.101788  0.013111  0.219217  -3
  1  0  0.938300 18.665535 -8.051994 -4.781297  0.267514 -0.117853  0.371878  -5
  1  0  0.938300 -1.269690 15.229267 15.254700 -0.025132  0.230622  1.001448  -5
  1  0  0.938300  0.778124 14.569168 25.570600  0.030021  0.185100  1.112037  -1
  1  0  0.938300 27.116942  0.252981 11.423005  0.695527  0.066569  0.822179  -6
  1  0  0.938300 -9.084097  7.116578 16.572472 -0.085771  0.193987  0.907259  -1
  1  0  0.938300 10.267401  5.754253 -8.479696  0.382742  0.085109  0.192265  -4
  1  0  0.938300-12.783901  8.462301  7.858070 -0.456415  0.206560  0.680905  -2
  1  0  0.938300 19.501091  2.099792 -1.855452  0.349728  0.017557  0.370141  -2
  1  0  0.938300 -4.091168-11.789482  3.459158 -0.067000 -0.179365  0.561956  -2
  1  0  0.938300  9.019677 -4.618510  9.157778  0.011145 -0.106286  0.651778  -2
  1  0  0.938300 -6.308550 -2.837023 11.520740 -0.247137 -0.025703  0.781555  -3
  1  1  0.938300 32.058216 12.249470  5.955255  0.760039  0.389168  0.870021  -3
  1  0  0.938300-21.602289 -4.359372 19.429924 -0.554833 -0.032481  1.154235  -1
  1  0  0.938300 -2.148127 -8.295056 11.705156 -0.086021 -0.085547  0.729419  -1
  1  0  0.938300 -5.897106 11.536269 -9.466686 -0.293717  0.288646  0.155087  -6
  1  0  0.938300 -2.495184  7.016711  6.956379  0.026806  0.123010  0.759273  -2
  1  0  0.938300  6.873975-11.818320  7.064031  0.191029 -0.232433  0.633509  -4
  1  0  0.938300 10.451428  7.674825-12.781522  0.259631  0.254109  0.110682  -2
  1  0  0.938300  5.530059-13.435477  5.482680  0.141234 -0.201797  0.671588  -2
  1  0  0.938300 -7.500515 23.986075  4.931230 -0.287054  0.425515  0.600933  -5
  1  0  0.938300 -6.607236-28.952138 -9.646564 -0.076541 -0.674659  0.211028  -2
  1  0  0.938300 -1.124180  1.684775 -1.456991  0.001567 -0.026616  0.461393  -8
  1  0  0.938300  8.823882  2.358971 20.367592  0.243545  0.025038  0.994980  -1
  1  0  0.938300 23.993640 10.974207 -3.423799  0.526935  0.172041  0.412176  -3
  1  0  0.938300 -2.560901  1.034088 -5.574132 -0.113786  0.044929  0.274453  -3
  1  1  0.938300 10.457517 -7.468785  9.920346  0.173964 -0.192317  0.645479  -4
  1  0  0.938300-16.397390  8.273096-12.812497 -0.228558  0.089640  0.109091  -2
  1  0  0.938300  8.166970 -2.481650 19.609967  0.099428  0.029147  0.984821  -1
  1  0  0.938300 -5.517689 -6.510073 -2.502892 -0.022726 -0.078798  0.330112  -4
  1  0  0.938300-16.779275-14.073321 -9.771051 -0.263814 -0.292173  0.233697 -10
  1  0  0.938300-17.464991  4.733372  1.726223 -0.326453  0.018374  0.451805  -5
  1  0  0.938300-12.724539 -2.825304 11.859720 -0.332057 -0.006875  0.918829  -2
  1  0  0.938300-10.086726  0.541059  8.364445 -0.118372 -0.046226  0.587592  -1
  1  0  0.938300 -2.703074-16.896311 19.191453  0.025874 -0.269773  1.036220  -2
  1  0  0.938300 12.344854  1.477221  6.158775  0.145498  0.071767  0.537705  -5
  1  0  0.938300 -5.429143-12.407241  3.969706 -0.041850 -0.277504  0.460714  -7
  1  0  0.938300  4.938740  7.151045  5.120476  0.203753  0.168575  0.523146  -3
  1  0  0.938300 -8.818592  6.264992 15.679219 -0.133564  0.002793  0.803672  -1
  1  0  0.938300 12.686875  3.160315 11.548324  0.300326  0.204554  0.720620  -4
  1  0  0.938300 17.516582 -1.264762 -8.763121  0.285715 -0.040807  0.235028  -3
  1  0  0.938300 10.877855 10.542061  2.440357  0.167620  0.341936  0.640816  -3
  1  0  0.938300  6.910761  1.552682  6.164310  0.169297 -0.019591  0.644669  -5
  1  0  0.938300 -6.407684  6.545933 22.622502 -0.083759  0.009672  0.884605  -1
  1  0  0.938300  0.308890 22.552993 11.738374 -0.032557  0.438518  0.878784  -4
  1  0  0.938300  0.847991  6.611900 10.258688 -0.079204  0.093830  0.568356  -1
  1  0  0.938300  7.253488 -1.720383 18.057071  0.165007 -0.045416  0.684141  -1
  1  1  0.938300-14.643437  1.817707  8.335753 -0.327744  0.158213  0.756298  -9
  1  0  0.938300 11.408074  4.809671 19.807141  0.149550  0.129620  0.884066  -1
  1  0  0.938300 -0.626480-10.776510 17.990846 -0.095372 -0.180808  0.874541  -1
  1  0  0.938300  3.747888 -3.907490 18.354555 -0.044578  0.013137  0.985847  -1
  1  0  0.938300-10.880548  2.266198  6.144503 -0.101208  0.065323  0.696132  -3
  1  0  0.938300-29.410906 -0.090553 18.302562 -0.631930  0.060350  1.090913  -2
  1  0  0.938300  2.374354  1.320037 12.634150  0.034443  0.109622  0.723311  -1
  1  0  0.938300 -5.116013 -1.215104 19.598685 -0.125507 -0.053864  0.886115  -1
  1  1  0.938300 11.588727 18.181392 -4.254285  0.217015  0.425382  0.281597  -7
  1  0  0.938300-30.424799 -8.384981 -1.191957 -0.649315 -0.200436  0.553605  -4
  1  0  0.938300-21.481698  6.821116 13.283967 -0.438770  0.136569  0.910712  -4
  1  0  0.938300  3.695529-11.212443 18.153956  0.005276 -0.192837  1.070377  -1
  1  0  0.938300 -9.507372  6.386676 20.478232 -0.089535 -0.011042  1.073202  -1
  1  0  0.938300  7.767655  3.744067 23.189942  0.090799  0.044852  1.176365  -4
  1  0  0.938300-21.423711  3.130948 13.475068 -0.390942  0.178795  0.925204  -2
  1  0  0.938300 -4.522702 -7.798194  1.038894 -0.029801 -0.080825  0.525119  -2
  1  0  0.938300-10.351158 -3.451261 15.652300 -0.212016  0.014707  0.922275  -1
  1  0  0.938300  1.367670 -1.278721 26.903977  0.034497  0.067687  1.104242  -1
  1  0  0.938300 -4.520954 13.469950-10.656223 -0.126428  0.135660  0.293607  -2
  1  0  0.938300  7.722429 -1.769504 22.932281  0.166791  0.009642  1.194367  -3
  1  0  0.938300 -2.118674  3.837421 15.796408 -0.003837 -0.056748  0.815767  -1
  1  0  0.938300  5.194581 -0.111705 30.364455  0.147068  0.035856  1.205678  -1
  1  1  0.938300 -7.980263  2.695663 26.998314 -0.106401  0.095770  1.316478  -5
  1  0  0.938300-12.059366  7.146557 -5.079774 -0.104597  0.202870  0.374973  -2
  1  0  0.938300-16.619607 -2.117062 -2.968784 -0.249968  0.046770  0.396175  -7
  1  0  0.938300 -3.622200 -8.555577 29.087889 -0.016137 -0.193127  1.226412  -2
  1  0  0.938300  8.260751  5.626159 23.379956  0.104481 -0.003065  1.002932  -1
  1  0  0.938300-13.569809 10.359518-14.523463 -0.374686  0.309251 -0.017920 -10
  1  0  0.938300  0.083323  3.280424 27.133194 -0.008906 -0.004387  1.093258  -1
  1  0  0.938300 10.378546 -9.926382 -6.906375  0.139083 -0.210165  0.370165  -3