  1  1  0.938300  7.627605  1.896635-17.233435  0.085775 -0.039704  0.169658   1
  1  1  0.938300-11.263172  1.580618-16.495312 -0.037251 -0.002589  0.116183   1
  1  1  0.938300 -1.686755  5.353135  0.032642 -0.096441  0.078389  0.324508   4
  1  1  0.938300  8.073714  6.243552-17.284446  0.104059 -0.019405  0.030399   1
  1  1  0.938300  0.799467  6.851617  2.806479  0.179396  0.080388  0.443097   5
  1  1  0.938300  0.567511 -6.458129-17.896220  0.023958 -0.168594 -0.028549   1
  1  1  0.938300-17.131261-18.956382 -0.571337 -0.394568 -0.407286  0.567537   3
  1  1  0.938300-15.303128 -9.386412 -7.102406 -0.236993 -0.087786  0.210864   2
  1  1  0.938300 -3.891634 -3.290043-22.424764 -0.148425 -0.124068  0.021817   2
  1  1  0.938300-19.438204 -7.578145-22.810176 -0.390361 -0.221120 -0.015163   2
  1  1  0.938300  0.168994  6.418219 -7.931228 -0.086499  0.174021  0.230285   1
  1  1  0.938300 -6.336249  2.537847-20.878498  0.004945  0.109428  0.005726   1
  1  1  0.938300  5.672964 -7.937290 14.254818  0.086326 -0.080676  0.828128   3
  1  1  0.938300 12.211661  4.689587 -2.253658  0.220388  0.177335  0.427994   4
  1  1  0.938300 -8.618194-12.321341  4.944427 -0.232836 -0.150578  0.575353   6
  1  1  0.938300 -2.565452 -3.999525-27.814042 -0.052244 -0.088951 -0.188028   1
  1  1  0.938300 -1.430030-11.599006 -3.282490  0.080959 -0.257458  0.318598   4
  1  1  0.938300 12.426124 -3.336241 -4.637495  0.427958 -0.027353  0.314649   4
  1  1  0.938300-13.022669 24.022378 17.480225 -0.181263  0.623604  1.043687   5
  1  1  0.938300 -0.948693 14.698684-21.210108  0.108058  0.369352 -0.014154   3
  1  1  0.938300 15.184026 -1.757576-18.223649  0.211140  0.011365  0.009008   1
  1  1  0.938300-14.223797 -1.913362 22.640238 -0.180343 -0.011369  0.988037   3
  1  1  0.938300  0.756742-17.486383 17.483549  0.041948 -0.281929  0.815974   3
  1  1  0.938300  0.852421 -6.330369  3.481394  0.159508 -0.139277  0.498875   3
  1  1  0.938300 -5.348111-15.747924  7.971970 -0.265628 -0.270967  0.709044   4
  1  1  0.938300  3.998371  4.462682-26.586280  0.051595  0.032199 -0.087294   1
  1  0  0.938300 11.830248 -2.522463 10.374573  0.327588 -0.043015  0.871419   6
  1  1  0.938300 -9.220795 -2.337614 -2.176285 -0.055675 -0.067806  0.446941   6
  1  1  0.938300  9.760847  1.221444-10.344444  0.143248  0.056052  0.238711   1
  1  1  0.938300 -1.951641-11.819641  4.772714 -0.047881 -0.243119  0.590149   4
  1  0  0.938300  0.746674-12.897436 -3.751200  0.165394 -0.277008  0.422281   2
  1  1  0.938300 -0.901201 11.911991-17.964469  0.097733  0.167176  0.020409   1
  1  1  0.938300 -0.207913 15.274843  1.163023  0.083191  0.395472  0.547245   9
  1  1  0.938300 18.454249  0.828909 -4.814584  0.503742 -0.089625  0.309654   5
  1  1  0.938300  5.021582 -8.103827-13.900029  0.075585 -0.073132  0.027631   5
  1  1  0.938300 -1.678242 10.033039-19.764761 -0.075828  0.090935  0.032537   1
  1  1  0.938300 -6.201977 15.517663-17.620866 -0.114504  0.273355 -0.027251   3
  1  1  0.938300  8.183212-13.086100 -6.894023  0.149060 -0.252929  0.250370   3
  1  1  0.938300 -9.802111  0.795199-13.712724 -0.202022  0.286502  0.110267   6
  1  0  0.938300 18.229250 -2.380523  5.409738  0.327792  0.002579  0.578173   3
  1  1  0.938300 -0.565148  7.550879-14.232285 -0.082508  0.121366  0.189526   1
  1  1  0.938300  5.512030 19.040508 14.483175  0.210768  0.539791  1.064471   8
  1  1  0.938300 -1.843156 21.033299  2.700652 -0.061180  0.564872  0.688701   5
  1  1  0.938300  3.468741  4.942198-13.490287  0.017491 -0.017605  0.072353   1
  1  1  0.938300-10.353092  6.524218-16.027554 -0.103728 -0.032615  0.121555   2
  1  1  0.938300 -3.996918  3.860779-17.545599 -0.052066  0.005410  0.097837   1
  1  1  0.938300 -0.621443 -4.072125  0.644619 -0.108903 -0.088163  0.474086   6
  1  1  0.938300 -0.457922  0.890666-14.669797  0.019388  0.067141  0.118953   2
  1  1  0.938300  3.631503  9.706462  6.589108 -0.039708  0.118782  0.611279   2
  1  1  0.938300 12.050719  8.530546-18.585186  0.139379  0.102233  0.109025   1
  1  1  0.938300 -5.014746  1.300718-25.663719 -0.033276  0.030615 -0.043594   1
  1  1  0.938300 -8.894289-15.559468  0.948172 -0.174070 -0.349276  0.445993   5
  1  1  0.938300-11.677026  4.697648-10.796976 -0.174592  0.161065  0.094671   6
  1  1  0.938300 15.669540  0.212909-13.373632  0.395769  0.029378  0.119920   3
  1  1  0.938300-25.992257-12.215014  4.404435 -0.445978 -0.241260  0.580827   2
  1  1  0.938300  8.571244 -2.506152-14.898076  0.165643  0.065647  0.033173   1
  1  1  0.938300 -9.566523-10.106738-21.035937 -0.203608 -0.241591  0.039055   2
  1  0  0.938300  2.340287 17.720393 17.300805  0.024776  0.271800  0.816729   4
  1  1  0.938300  4.341340-20.516836 17.573884  0.016250 -0.332328  0.976656   2
  1  1  0.938300 -1.388514  6.861903-19.553772 -0.054985  0.005013 -0.019578   1
  1  1  0.938300 -1.928970 12.553493-16.140773  0.021148  0.193128 -0.039814   1
  1  1  0.938300 -4.981256 -9.575162  4.972975 -0.114398 -0.165796  0.533867   4
  1  1  0.938300-23.628371  0.476629-11.616202 -0.596735 -0.075646  0.044408   5
  1  1  0.938300 -5.157124-13.881544 10.220406 -0.010645 -0.190055  0.704358   3
  1  1  0.938300  6.774244 -1.152866-16.217268  0.072807 -0.000207 -0.095350   6
  1  1  0.938300 10.425656 -3.187210 -7.033252  0.155791  0.054362  0.368641   1
  1  1  0.938300  0.498456 -5.255226 -6.872247  0.082273 -0.047876  0.290144   6
  1  1  0.938300-21.016389 13.881852 -5.715388 -0.450975  0.339767  0.276336   4
  1  1  0.938300-19.084284  5.724056  2.274497 -0.397282  0.081183  0.484358   9
  1  1  0.938300 -9.772180  2.743745  6.853450 -0.363256  0.081765  0.632536   5
  1  1  0.938300 -1.265357 -9.925366-21.838266 -0.001586 -0.093542 -0.023654   1
  1  1  0.938300 21.518855 -5.126716-17.884496  0.340405 -0.120971 -0.040460   2
  1  1  0.938300 -8.315815-16.351840  8.430824 -0.179995 -0.441944  0.700056   4
  1  1  0.938300 -3.132825 -0.349065 -2.988983 -0.070179 -0.044563  0.365950   7
  1  1  0.938300  5.310638-23.185871 17.869528  0.089160 -0.418981  0.880161   2
  1  1  0.938300 -7.219060  4.646309-12.648953 -0.026106  0.070678  0.241896   1
  1  1  0.938300 14.453992 -2.352956  0.961315  0.152508  0.005098  0.426967   3
  1  1  0.938300 -8.109325-11.530221  9.759556 -0.214137 -0.239737  0.755758   5
  1  1  0.938300  3.979887  9.955765-10.118974 -0.020036  0.245377  0.137049   7
  1  0  0.938300  7.428710  4.696702 -4.337806  0.211188 -0.089325  0.334879   5
  1  0  0.938300 -3.475823 -9.873701-12.614895 -0.053500 -0.116604  0.186322   1
  1  0  0.938300  7.106886 10.873210  0.289620  0.136900  0.263026  0.316903   2
  1  0  0.938300 -3.204849  6.919833 -5.661410 -0.197239  0.051968  0.259158   3
  1  0  0.938300 12.092297  1.598160  6.029168  0.306303  0.096109  0.699907   4
  1  0  0.938300  3.922150 -3.179271 15.763665  0.146816  0.065839  0.860295   3
  1  0  0.938300  5.963484  9.614517-17.615644  0.035874  0.212007  0.140928   1
  1  0  0.938300  6.529429 -3.697590 -8.107971  0.027333 -0.038720  0.311459   1
  1  0  0.938300-16.722899-17.406212  7.953852 -0.236777 -0.346415  0.651152   4
  1  0  0.938300 21.266049 24.787799  5.688545  0.398789  0.646644  0.679638   5
  1  0  0.938300  9.246506 -2.069305-17.735180  0.086853 -0.013944  0.129038   1
  1  0  0.938300  1.698460  4.809202-17.031320  0.053024  0.131089  0.086517   1
  1  0  0.938300 18.981539 -6.087906 -0.595878  0.355724 -0.180840  0.561032   7
  1  0  0.938300 -4.113452  5.052278  4.404282 -0.175015 -0.025624  0.470563  11
  1  0  0.938300 -9.360698  3.842077-18.201545 -0.195000 -0.119145  0.093459   2
  1  0  0.938300-12.139860 -5.691048 -4.016718 -0.286187 -0.187950  0.262569   6
  1  0  0.938300  1.910470  4.979535-17.123814 -0.016041  0.156626  0.049723   1
  1  0  0.938300 11.667766  6.364371  5.065752  0.195805  0.119052  0.539229   4
  1  0  0.938300  4.975270  3.716120-12.753454  0.053771 -0.103185  0.178193   1
  1  0  0.938300  2.108300 -2.792299-17.151715  0.076999  0.147937 -0.060421   3
  1  0  0.938300 12.104953-15.451084-11.307744  0.113748 -0.344872  0.185724   3
  1  0  0.938300 12.841006  5.534663-17.462405  0.282087  0.068262  0.054818   1
  1  0  0.938300 12.002756  4.454801-25.164936  0.148968  0.051448 -0.118984   1
  1  0  0.938300  4.471977 23.162176  0.479961  0.076993  0.441427  0.538380   2
  1  1  0.938300 11.916218-11.574878-13.468403  0.143328 -0.129170  0.105081   2
  1  0  0.938300  1.686265-16.485133-18.958532  0.078138 -0.228671 -0.075068   2
  1  0  0.938300 -0.440020 -4.497286-12.636733  0.057848 -0.109455  0.102860   1
  1  0  0.938300 12.466426  1.797339 -3.301052  0.231662  0.009074  0.342746   4
  1  0  0.938300 18.114032-13.904611  5.443132  0.370804 -0.185339  0.479610   2
  1  0  0.938300 -5.110602  1.081354 -0.577605 -0.040759 -0.029007  0.399018   3
  1  0  0.938300  5.366630  0.306315  3.381651  0.090479  0.059224  0.402623   7
  1  0  0.938300  0.005513 -9.188496-18.219041  0.102320 -0.128390 -0.104759   1
  1  0  0.938300 -8.177238-31.884326-14.937622 -0.298223 -0.835985  0.101049   2
  1  0  0.938300 -5.838320 -6.851926-27.188355 -0.096197 -0.044253 -0.091803   1
  1  0  0.938300  1.518778 12.479623-12.388538 -0.048695  0.307972  0.081830   3
  1  0  0.938300 10.177275 -1.095890  0.385893  0.194121 -0.151482  0.440463   4
  1  0  0.938300-21.683267  0.765906-14.480104 -0.406254 -0.088305  0.057986   2
  1  0  0.938300 -0.514679  5.898163 -9.506612 -0.123904  0.066237  0.114623   7
  1  0  0.938300 -8.432487-18.264793  0.166097 -0.270443 -0.342113  0.347825   7
  1  0  0.938300 -5.082742-10.755527 -1.540812 -0.148784 -0.452258  0.425955  11
  1  0  0.938300  1.075714 23.670833 -7.882243  0.089659  0.741981  0.218957   6
  1  0  0.938300 -4.048516  5.666702-11.669077  0.034050  0.072220  0.290671   1
  1  0  0.938300 -0.311523  3.688051 12.272956 -0.025789  0.154313  0.877525   5
  1  0  0.938300  9.483646 25.259705 -3.405677  0.237282  0.541377  0.559101   3
  1  0  0.938300 -6.635579 -7.515429-10.160807 -0.026416 -0.052802  0.223414   4
  1  0  0.938300  3.049783  6.730718-15.496232 -0.022190  0.213845  0.171937   2
  1  0  0.938300-14.081271 11.081412-21.710745 -0.205330  0.175182 -0.014405   1
  1  0  0.938300-17.553077  9.935898 -6.649134 -0.239742  0.192563  0.277967   2
  1  0  0.938300  8.048865 -6.613049 -4.419692  0.061175 -0.041624  0.282738   3
  1  0  0.938300-10.446680 -3.962687-11.245651 -0.252512 -0.015369  0.201337   3
  1  0  0.938300 -8.845079 -9.414656 12.165128 -0.103820 -0.180229  0.967469   2
  1  0  0.938300  9.903238 -9.586919-21.134473  0.214415 -0.138615 -0.068840   1
  1  0  0.938300  3.053784 10.879265 22.337121  0.068575  0.079942  0.979393   3
  1  0  0.938300-12.546726-10.105561-13.839363 -0.120208 -0.151111  0.131607   2
  1  0  0.938300-14.649162 17.768071 -8.055568 -0.234514  0.307597  0.284094   3
  1  0  0.938300 -5.898080 18.555065 17.749846 -0.140973  0.580764  1.165243   4
  1  0  0.938300  4.703797 13.597464-19.986686  0.075631  0.256350 -0.030600   1
  1  0  0.938300  0.647073 23.490067  0.044076  0.077717  0.378317  0.472520   2
  1  0  0.938300 16.483997  1.610859-10.401858  0.405175 -0.064759  0.063600   5
  1  0  0.938300 -9.146034  7.649885-17.492813 -0.151853  0.087129  0.173753   1
  1  0  0.938300  3.626118-10.234948-20.171976  0.048368 -0.075463  0.046445   1
  1  0  0.938300 -0.748662 -6.177143-12.530438 -0.052137 -0.166955  0.089471   1
  1  0  0.938300 -1.199536-11.032920  7.842521 -0.068607 -0.220342  0.611983   5
  1  0  0.938300  3.877343 10.909908 25.704921 -0.016567  0.214750  1.040578   4
  1  0  0.938300  1.436050 -3.692612 19.715603  0.148734 -0.137360  0.904444   3
  1  0  0.938300  6.483973  9.046632 -3.376175  0.198700  0.184498  0.479423   5
  1  0  0.938300 -1.745695  1.948105-21.566113 -0.069120  0.073509  0.084387   1
  1  0  0.938300 -6.534460  5.255738  4.990283 -0.133573  0.027896  0.555148   3
  1  0  0.938300 -5.655689 -3.637232-10.225563  0.033928  0.027698  0.249778   5
  1  0  0.938300 18.106983-15.022871-14.685546  0.326452 -0.270026  0.072385   2
  1  0  0.938300-14.827388  9.633079  9.502977 -0.326162  0.161289  0.630481   2
  1  0  0.938300 -0.216772  5.661297-24.078122  0.050324  0.161875 -0.008827   1
  1  0  0.938300 -3.274170 -5.289744  1.529644 -0.174137 -0.146050  0.393929   2
  1  0  0.938300 -4.105812  6.436163 -3.558990 -0.000376  0.142465  0.277862   3
  1  0  0.938300 12.568057 12.578460-10.342751  0.331644  0.199731  0.158686   2
  1  0  0.938300  6.307244 17.850827  0.177486  0.277271  0.309901  0.366912   2
  1  0  0.938300  5.474340 -6.818237-15.603071  0.069091 -0.164224  0.025358   1
  1  0  0.938300 26.511688 -1.354029 -3.427109  0.525597  0.111134  0.465232   4
  1  0  0.938300-13.347571 -3.369416 -0.919669 -0.366706 -0.127540  0.524699   6
  1  0  0.938300  7.650562  8.273676 -9.701045  0.176586  0.164698  0.194843   4
  1  0  0.938300-12.993116  0.653309  5.720161 -0.218771  0.077286  0.501942   3
  1  0  0.938300  7.221133  7.478932-18.964536  0.116983  0.035381 -0.032568   1
  1  0  0.938300 16.098213 -6.682711 -8.391425  0.351288 -0.141637  0.180496   2
  1  0  0.938300 14.849518-10.026423 -9.280584  0.216250 -0.247341  0.244730   3
  1  0  0.938300  0.960318 -7.349674 -7.343891 -0.055730 -0.153062  0.276579   4
  1  0  0.938300 11.616845  5.434998  4.614158  0.122669  0.052860  0.481449   5
  1  0  0.938300 16.982037  1.774080-13.435729  0.271451  0.036521  0.130156   2
  1  1  0.938300-10.882679-18.986416  7.701913 -0.272016 -0.396548  0.753724   4
  1  0  0.938300  9.285443 20.170497-10.524462  0.160476  0.412600  0.340272   2
  1  0  0.938300 -3.709087 -5.086254 -0.727360 -0.013664 -0.063094  0.450629   5
  1  0  0.938300-21.473462 -2.196970-10.983102 -0.639434  0.104114  0.216192   5
  1  0  0.938300 -1.806864 -1.927146-18.475726 -0.062618  0.082892  0.015819   1
  1  0  0.938300  4.474935 15.336789  3.142125  0.080398  0.168922  0.489056   4
  1  0  0.938300-11.695702  9.818513 -5.425725 -0.240032  0.222812  0.472270   3
  1  0  0.938300 -3.621083 -4.346637  2.591724 -0.063888 -0.204745  0.466112   7
  1  0  0.938300  5.482233-14.539140 -2.852281 -0.041485 -0.259890  0.298721   4
  1  0  0.938300 -7.272592  2.650704-19.513567  0.065599 -0.046923  0.037481   1
  1  0  0.938300  1.691527 16.270361  8.044559 -0.010494  0.280975  0.535234   6
  1  0  0.938300-10.517437 -0.491380 -5.308235 -0.168251 -0.018191  0.338462   4
  1  0  0.938300  2.843924 14.979581 18.739691  0.107226  0.331526  1.202391   7
  1  0  0.938300-12.832376 -9.263699  7.796788 -0.198444 -0.208370  0.607709   5
  1  0  0.938300-11.020461 13.750476-21.766229 -0.220749  0.487396 -0.079906   2
  1  0  0.938300-11.580144 -1.954678  7.254832 -0.176233  0.020301  0.564392   5
  1  0  0.938300 14.269796 -6.706418 -3.073578  0.250832 -0.022737  0.321014   2
  1  0  0.938300  2.893542-10.846527-11.061678  0.245162 -0.292282  0.190155   4
  1  1  0.938300  5.960605-20.224241 10.594651  0.102767 -0.440974  0.724945   4
  1  0  0.938300  3.152442 -5.068127-29.645367  0.022204 -0.062958 -0.156464   1
  1  1  0.938300 22.340261 -9.143991 18.356556  0.513649 -0.241709  0.976228   6
  1  0  0.938300  4.940024  9.203686  3.064589  0.194620  0.089968  0.474720   6
  1  0  0.938300-13.797037  3.202503 15.467379 -0.290544  0.101327  0.961730   5
  1  0  0.938300  2.907197 -2.026616-13.407532 -0.056634  0.024867  0.210041   1
  1  0  0.938300 -4.556191 -1.779510-16.615659 -0.123508  0.121353  0.078587   1
  1  0  0.938300-15.780210-10.031982  2.831498 -0.332995 -0.197837  0.538844   2
  1  1  0.938300-19.988345 -9.934939 -8.672188 -0.373312 -0.281706  0.241380   1
  1  0  0.938300  3.094885 -5.309572  9.537775  0.034222 -0.064252  0.887615   8
  1  0  0.938300-15.112052-19.270409-20.096139 -0.314156 -0.409545 -0.003044   5
  1  0  0.938300 12.006250  5.728046-21.333608  0.085013  0.103229 -0.121708   1
  1  0  0.938300  1.601751 -6.272220-15.862607  0.096606 -0.231591  0.041404   4
  1  1  0.938300-15.335412 28.609170 -1.249245 -0.406053  0.683601  0.461543  -2
  1  1  0.938300  0.197195 10.237878 -2.560683 -0.098545  0.258384  0.201337  -5
  1  1  0.938300  0.535442 -3.205575 26.903581  0.011444  0.042899  1.118225  -2
  1  1  0.938300 11.667894  0.614941 20.939926  0.166832  0.021381  1.113853  -1
  1  1  0.938300-17.264630  8.255568 -9.090665 -0.334416  0.150824  0.151221  -9
  1  1  0.938300 13.617769 -6.625437 -0.649015  0.298020 -0.209198  0.436284  -7
  1  1  0.938300  4.782137  2.780181 15.154521  0.014194  0.044296  0.851345  -2
  1  1  0.938300  9.407876-10.154618  1.129276  0.164682 -0.235737  0.438922  -5
  1  1  0.938300 -1.294242 -1.149264 10.767644 -0.065748 -0.010916  0.648961  -1
  1  1  0.938300-17.782995 20.964939  3.525528 -0.450470  0.607829  0.608278  -5
  1  1  0.938300 -1.719715 19.054160 -1.707199  0.039272  0.597160  0.567960  -2
  1  1  0.938300  7.520020 -0.423371-13.132613  0.195884  0.082072 -0.013261 -10
  1  1  0.938300-13.474190  3.348530  6.330381 -0.258966  0.017421  0.647429  -3
  1  1  0.938300  0.592000 14.866345 19.417962  0.084874  0.194299  0.941540  -1
  1  1  0.938300 16.937601  1.260843-13.215653  0.266944  0.072519  0.098967  -5
  1  0  0.938300  9.612160  7.087953  8.968471  0.232766  0.048234  0.671607  -5
  1  1  0.938300-10.587238 -3.900199 -5.427660 -0.283445 -0.131972  0.399972  -9
  1  1  0.938300  9.710860-14.966163  1.768398  0.109682 -0.370051  0.538041  -8
  1  1  0.938300  6.769362 -1.199649 14.963269  0.003763 -0.093553  0.934283  -1
  1  1  0.938300  3.899835 25.880914  7.374470  0.136192  0.564508  0.686273  -2
  1  1  0.938300-12.322641-19.494690 15.728526 -0.302197 -0.492408  1.017735  -2
  1  1  0.938300 -1.210940 -9.673295-15.401461 -0.061452 -0.122349  0.039561  -3
  1  1  0.938300 13.277130 14.954474 12.699556  0.131602  0.280155  0.777615  -3
  1  1  0.938300  5.698897 -1.968243 16.909524  0.014326 -0.008629  1.049196  -1
  1  1  0.938300 17.926012 -0.537314 11.134270  0.250554 -0.068289  0.684002  -2
  1  1  0.938300 -6.121308 -3.073255  4.743736 -0.125554 -0.070100  0.542302  -7
  1  1  0.938300  8.329832 10.337051 20.859968  0.187094  0.161449  1.148512  -1
  1  1  0.938300 11.344487  5.117789 14.744601  0.208644  0.034211  0.750993  -3
  1  1  0.938300  3.949845 10.001316 18.069412  0.070129  0.051869  0.890517  -1
  1  1  0.938300 15.688047 16.096913 -7.661611  0.310071  0.521247  0.363626  -4
  1  1  0.938300  0.213080 18.448287  5.718502  0.059507  0.280464  0.476140  -4
  1  1  0.938300 11.363141  5.228752 13.209862  0.131293  0.050455  0.871042  -1
  1  1  0.938300 14.482678  3.691351-14.598811  0.326963  0.052238  0.150917  -4
  1  1  0.938300  2.015503 -7.115642 11.364604  0.014438 -0.052277  0.658087  -1
  1  1  0.938300-11.638319 12.411150 22.905143 -0.248130  0.277641  1.317324  -4
  1  1  0.938300 -4.897959 11.321630  7.086259 -0.008248  0.187280  0.540491  -2
  1  1  0.938300 -9.616484-13.190417 -0.192920 -0.264971 -0.288914  0.468721  -3
  1  1  0.938300 -2.224820 -0.655290  7.153497 -0.034877  0.134803  0.571631  -6
  1  1  0.938300 -4.021389 -9.071482 21.064775 -0.145817 -0.132724  0.986036  -1
  1  1  0.938300 17.391201  4.164454-15.115522  0.343815  0.013017  0.034209  -4
  1  1  0.938300 -7.144241  1.520754 11.839621 -0.070034  0.121396  0.749330  -2
  1  1  0.938300  5.866878 15.310779 20.644587  0.080547  0.340094  1.310069  -3
  1  1  0.938300 -3.130300  1.857978  3.581958 -0.109092  0.102536  0.494086  -4
  1  1  0.938300 -0.735731-11.848591 23.313016 -0.002258 -0.173119  0.999148  -1
  1  1  0.938300-13.152256  0.160658  6.032444 -0.205502 -0.102461  0.673421  -2
  1  1  0.938300 -5.125978 13.091845 -0.640783 -0.137809  0.357464  0.484763  -5
  1  1  0.938300  2.338261 -5.109547  6.787682 -0.040264 -0.200085  0.657545  -5
  1  1  0.938300 -4.878971-12.536461 20.041580 -0.146307 -0.164803  0.955942  -1
  1  1  0.938300 -7.945678  8.069890 18.112977 -0.050693  0.023644  0.799173  -1
  1  1  0.938300 26.299473-15.835196-12.378679  0.654412 -0.423644  0.158017  -3
  1  0  0.938300  3.681615  0.368041 12.144289  0.121105  0.083871  0.768674  -2
  1  1  0.938300  6.100269-11.393627-26.172978  0.183413 -0.211413 -0.163783  -2
  1  0  0.938300 -3.465806-18.470138  8.702242 -0.100683 -0.350237  0.767381  -6
  1  1  0.938300 -4.289136  4.090833 25.844388  0.018742  0.046849  0.986943  -1
  1  1  0.938300  0.589866  7.495246 13.186982  0.058713  0.106401  0.965776  -1
  1  1  0.938300 -1.405764 20.489258 -5.080753 -0.099510  0.483780  0.461202  -2
  1  1  0.938300  5.983252 -6.317991  1.384673  0.261438 -0.172598  0.634697  -6
  1  1  0.938300  7.606279-24.849638 -8.578376  0.136404 -0.494714  0.341970  -6
  1  1  0.938300  9.003932 10.295658 19.531894  0.179249  0.217152  0.949600  -1
  1  1  0.938300  3.773326-26.283648  4.802738  0.112020 -0.661681  0.780938  -4
  1  1  0.938300 -1.864449  0.734068  1.826718  0.023118  0.124350  0.434833  -6
  1  1  0.938300-20.697861  3.188444-10.218512 -0.547858  0.054867  0.227982  -7
  1  1  0.938300 -3.409982  8.999009 -1.816718 -0.097119  0.298163  0.295693  -4
  1  1  0.938300 -4.586358  0.685479 24.942805 -0.056514  0.016509  1.056501  -1
  1  1  0.938300  5.037411 19.971033-11.468056 -0.023670  0.409006  0.175980  -3
  1  1  0.938300  1.311017  2.093338 14.904810 -0.047299  0.060512  0.931911  -1
  1  1  0.938300 26.455637-11.027240  6.326001  0.477322 -0.291491  0.624446  -2
  1  1  0.938300 -2.317869-21.598621 -7.836394 -0.062657 -0.402430  0.184204  -2
  1  0  0.938300  1.330352 -5.911035 14.570168 -0.048262 -0.062148  1.025183  -1
  1  1  0.938300 14.744325-11.262102 16.751136  0.221570 -0.225076  0.885994  -3
  1  1  0.938300  7.078202 -2.154639  3.744983  0.192624  0.077600  0.605994  -7
  1  1  0.938300 -5.178666 11.589525 -0.335194 -0.123306  0.171755  0.422726  -4
  1  1  0.938300  1.354296 -2.770201 -3.590154  0.151013 -0.036235  0.337258  -5
  1  1  0.938300  8.817840 -3.387506 24.681554  0.058934 -0.071314  1.132684  -1
  1  1  0.938300 16.552081  6.033656 16.794469  0.251777  0.166842  0.981839  -5
  1  1  0.938300 -7.311354-18.266074 -1.465434 -0.234141 -0.327388  0.454383  -3
  1  1  0.938300-10.290006  4.445306  4.500676 -0.075773  0.031263  0.602639  -2
  1  1  0.938300 -3.284705  7.962774  0.819601 -0.131494  0.201955  0.545379  -2
  1  1  0.938300  7.480220  5.892127 16.248774  0.171269  0.125986  0.952526  -1
  1  0  0.938300  1.765905 -8.353423 17.446984  0.021019 -0.055914  0.845898  -1
  1  0  0.938300 16.013336 26.307982  5.856727  0.466523  0.652541  0.715462  -3
  1  0  0.938300 11.539057 -6.186192 11.486853  0.170015 -0.123948  0.819911  -2
  1  0  0.938300  0.034440  4.545580 18.506696 -0.010759 -0.042427  1.061159  -1
  1  0  0.938300  4.460352 -3.700538 15.823330 -0.046650 -0.036747  0.807141  -1
  1  0  0.938300  4.354767  8.985681  5.325072  0.054831  0.129443  0.744711  -8
  1  0  0.938300 -5.130889-17.038200  1.744518 -0.107545 -0.264892  0.586939  -5
  1  0  0.938300-11.013994  2.213734  3.926874 -0.213941 -0.013008  0.523219  -2
  1  0  0.938300 -2.360921-10.414079  3.416042 -0.076718 -0.119913  0.582490  -6
  1  0  0.938300 -1.202803  0.709676 17.126614  0.043287  0.016267  0.870038  -1
  1  0  0.938300  7.307542-12.854347  7.743335  0.027672 -0.298837  0.653413  -8
  1  0  0.938300 -5.289626 -3.939820  7.950832 -0.107040  0.061747  0.580922  -8
  1  0  0.938300 -0.114565  7.514516 -1.491909 -0.005665  0.063157  0.455453  -4
  1  0  0.938300-10.520131-10.873390 -9.637699 -0.118969 -0.226378  0.251904  -3
  1  0  0.938300 -3.860172 12.366918 17.332153 -0.012202  0.107320  0.882169  -1
  1  0  0.938300  5.288468 -2.272066 16.413157  0.210695 -0.161124  0.953156  -2
  1  0  0.938300 -8.191129 -1.938956 -0.247344 -0.218191 -0.017728  0.357529  -5
  1  0  0.938300-24.097868-13.385823 -2.898975 -0.667078 -0.494529  0.413781  -7
  1  0  0.938300 -4.905494 -5.156314 19.175792  0.069675 -0.056290  0.976442  -1
  1  0  0.938300  9.518495  9.176027 13.316262  0.068426  0.126074  0.674266  -1
  1  0  0.938300  4.152564  3.409711  0.004143 -0.007562 -0.055211  0.403745  -3
  1  0  0.938300 11.304467  2.881406-11.402033  0.136811 -0.006778  0.127831  -8
  1  0  0.938300 16.304998 -2.490827  0.000552  0.247992 -0.064254  0.486400  -4
  1  0  0.938300 10.296163 16.964893 -9.106074  0.165185  0.234726  0.193817  -3
  1  0  0.938300 -4.292683  6.890996 16.987021 -0.062282 -0.031399  0.867690  -1
  1  0  0.938300 -1.480188 -5.315298 13.559056 -0.040663 -0.023946  0.867932  -2
  1  0  0.938300  5.633833  0.941011 12.617632  0.174702 -0.034332  0.834215  -1
  1  0  0.938300 -2.278396 -5.126432  3.249768 -0.141262  0.008328  0.583903  -7
  1  0  0.938300 17.999626 -2.179068 -3.878367  0.255777  0.063001  0.376473  -4
  1  0  0.938300 -0.689777  3.905490 15.632602 -0.036489 -0.069515  1.045966  -1
  1  0  0.938300-23.959358-18.578287-10.621969 -0.589385 -0.387851  0.272717  -3
  1  0  0.938300 -7.042484-17.149667-18.868283 -0.213566 -0.348786 -0.026657  -4
  1  0  0.938300  0.937697 21.664192 11.142362  0.104674  0.417893  0.759520  -3
  1  0  0.938300 -2.623129 -8.770758  2.568720  0.137327 -0.298194  0.531394  -4
  1  0  0.938300  9.023631  7.445398 12.458771  0.161683  0.127990  0.678786  -1
  1  0  0.938300-11.315702 -6.829496 11.190520 -0.199848 -0.079203  0.695377  -1
  1  0  0.938300  4.169172  3.951905 21.611334  0.140646 -0.004168  0.969553  -4
  1  0  0.938300 -2.965384 -8.686470 12.096707  0.037670 -0.003938  0.854984  -3
  1  0  0.938300  2.756004 -7.306482 -5.332896  0.031931 -0.176809  0.294939  -5
  1  0  0.938300 -7.796032  0.544453 14.459491 -0.195850  0.077468  0.716336  -1
  1  0  0.938300 -0.290197 11.272558 -9.921322 -0.119622  0.256309  0.104784  -5
  1  0  0.938300  1.729493 -9.846852-17.525051  0.102479 -0.050185  0.088387  -2
  1  0  0.938300 13.072969  8.588743-14.758976  0.163204  0.200767  0.148229  -5
  1  0  0.938300 -8.845561  2.151486-17.960259 -0.067844  0.111428  0.120949  -3
  1  0  0.938300 -4.902651  8.984652 17.110475 -0.106411  0.000818  0.954792  -1
  1  0  0.938300  3.152479 -0.620005-14.415392 -0.036396 -0.021979  0.009973  -7
  1  0  0.938300 13.726614  7.970537 16.003446  0.288959  0.171980  0.958979  -2
  1  0  0.938300 -7.746084 -6.976977 15.604038 -0.151068 -0.186059  0.825555  -1
  1  0  0.938300 12.291820-18.592045 -7.082985  0.299133 -0.274267  0.376320  -2
  1  0  0.938300 -4.433634-10.686057 20.038620 -0.020006 -0.144025  0.987867  -1
  1  0  0.938300  8.995475 16.725451 -5.230884  0.241846  0.347196  0.253659  -3
  1  0  0.938300 -6.605056  0.029420 14.901910 -0.115903  0.037024  0.755487  -1
  1  0  0.938300 -7.050277-15.279659 26.576873 -0.208639 -0.351166  1.272884  -2
  1  0  0.938300 13.601664-10.674009 12.361760  0.258076 -0.111958  0.753142  -5
  1  0  0.938300 14.641121  7.248862  3.897628  0.299029  0.139723  0.614126  -2
  1  0  0.938300-11.958218 12.743411  2.703900 -0.244972  0.227348  0.489537  -9
  1  0  0.938300 -0.584270 14.551756  6.976981 -0.082179  0.122666  0.638003  -2
  1  0  0.938300 15.246031 17.578889-10.902650  0.261597  0.498071  0.248342  -6
  1  0  0.938300-12.183105 -3.054123  5.889114 -0.148913 -0.048543  0.580744  -2
  1  0  0.938300 11.470800 -5.347894  8.626790  0.259638 -0.039291  0.685864  -1
  1  0  0.938300 26.119055  3.973636 -6.737473  0.575660  0.032381  0.285388  -4
  1  1  0.938300 -6.050192 -3.015902 19.083318 -0.147111  0.085769  0.878666  -5
  1  0  0.938300 -6.637087 31.397625-12.032033 -0.148214  0.617436  0.227095  -2
  1  0  0.938300-15.659803 -3.618457 11.721386 -0.264906 -0.203381  0.791313  -5
  1  0  0.938300 -5.593146 -1.468985  8.602704 -0.082394  0.099420  0.600665  -1
  1  0  0.938300-16.043725  5.706840  3.867908 -0.349889  0.084233  0.614260  -6
  1  0  0.938300 -3.643133  6.017657 -4.060447 -0.093423  0.084375  0.247653  -4
  1  0  0.938300-27.559141 -7.859176 -0.305490 -0.543968 -0.109917  0.533528  -2
  1  0  0.938300-13.176857 15.053113 -7.325206 -0.271690  0.328365  0.175768  -4
  1  0  0.938300  6.104686 -2.323187  7.009267  0.052868  0.015886  0.504282  -1
  1  0  0.938300  8.644685-13.375287 -8.989015  0.072929 -0.346837  0.148830  -4
  1  0  0.938300 -4.473817 -6.801482 -7.194183 -0.108591 -0.126377  0.404699  -3
  1  0  0.938300 -3.415009 -3.095402 23.344623 -0.050080 -0.012610  1.126209  -2
  1  0  0.938300-21.050266 -3.859651  1.843573 -0.315826 -0.113148  0.386634  -6
  1  0  0.938300 -0.671619-10.950105 25.207637 -0.088793 -0.183327  0.974115  -1
  1  1  0.938300 -4.457337-17.257133 -9.687303 -0.018138 -0.380645  0.326737  -5
  1  0  0.938300 11.842691 -1.780012 11.306739  0.244043  0.074178  0.679339  -2
  1  0  0.938300 15.519460  2.964533 -0.904143  0.246862  0.028069  0.435675  -3
  1  0  0.938300-20.717260  5.200812 11.931235 -0.320643  0.232058  0.795009  -3
  1  0  0.938300  4.899386  8.166519 18.542748 -0.001558  0.046701  0.946276  -1
  1  0  0.938300 -7.592575 28.578428 -8.278172 -0.291584  0.625138  0.342136  -2
  1  0  0.938300 -3.643998 11.607283  3.713432 -0.078609  0.194408  0.462498  -4
  1  0  0.938300 10.481165  3.682350 18.714185  0.084288  0.157324  0.907390  -1
  1  0  0.938300-23.374026 -0.957490-13.178323 -0.392012 -0.007972  0.238550  -3
  1  0  0.938300 -5.060004 -3.001564 21.264304 -0.015542 -0.039178  0.840186  -1
  1  0  0.938300 -7.219091 -8.159961 -2.092943 -0.002205 -0.219729  0.392067  -4
  1  0  0.938300 18.762694-10.836352 10.681412  0.475525 -0.133204  0.946107  -5
  1  0  0.938300  0.405875 -7.491059 10.222689  0.008777 -0.087952  0.715653  -3
  1  0  0.938300-24.563879 12.426586 11.591470 -0.481078  0.181953  0.802625  -3
  1  0  0.938300 -6.391865  4.949222 17.168334 -0.085383  0.156747  1.015562  -1
  1  0  0.938300 -7.896205 -0.609435  7.882051 -0.074183  0.002675  0.474054  -1
  1  0  0.938300-16.266664 -6.863675 -3.369641 -0.282340 -0.244382  0.265640  -2
  1  0  0.938300-12.058517-20.347113-10.778316 -0.247887 -0.454467  0.312781  -3
  1  0  0.938300  7.250488 11.146157  6.460702  0.048162  0.202041  0.560537  -5
  1  0  0.938300 -5.006404-10.104469 10.977270  0.021800 -0.191088  0.768307  -1
  1  0  0.938300 -3.481147-25.548334  8.708960 -0.154025 -0.714412  0.813212  -5
  1  0  0.938300-12.566333 14.768698  3.524023 -0.158860  0.326069  0.557381  -4
  1  0  0.938300  5.425603-15.886832 -6.111701  0.120746 -0.161259  0.378988  -5
  1  0  0.938300 -3.033897  0.422679 -1.816778 -0.164495  0.101158  0.484161  -2
  1  0  0.938300  1.161953-11.029383 12.876674  0.028857 -0.137060  0.639396  -1
  1  0  0.938300-10.581334-16.367805 -6.916085 -0.366626 -0.352766  0.273191  -5
  1  0  0.938300-13.938560 -4.621240  5.655708 -0.184892  0.033181  0.644621  -3
  1  0  0.938300 -2.675367-19.645918-10.668106 -0.124693 -0.424093  0.188320  -5
  1  0  0.938300 20.288753 24.946306 13.231360  0.458251  0.510496  0.868430  -3
  1  0  0.938300 -3.525366-11.299997 17.576758 -0.114584 -0.092093  0.766627  -1
  1  0  0.938300 -4.272391-19.328059 -9.504579 -0.005415 -0.479799  0.167311  -5
  1  1  0.938300 -3.776854  6.584527 13.908861  0.029484  0.012749  0.809140  -2
  1  0  0.938300  7.117629  4.703319  5.351268 -0.018052  0.112506  0.528277  -2
  1  0  0.938300 -2.480975  3.169530 17.042605 -0.005349  0.115220  1.177585  -1
  1  0  0.938300-12.975605 -5.714349 14.238884 -0.157747 -0.108033  0.867676  -1
  1  0  0.938300  2.960708-13.397089  2.534299 -0.019043 -0.150458  0.510030  -2
  1  0  0.938300 -3.473449  2.399318 16.188360  0.061701  0.127437  0.853017  -1
  1  0  0.938300 -6.408757-18.024677 -4.070556 -0.096036 -0.451079  0.379110  -5
  1  0  0.938300  7.764635 -4.813475 25.917399  0.167407 -0.015736  1.119476  -1
  1  0  0.938300  1.117611 -0.508311 14.918853 -0.013598  0.074827  1.099418  -1
  1  0  0.938300 10.592054 11.106270 21.690612  0.115181  0.243534  1.015706  -4
  1  0  0.938300-20.186637 -6.605692  2.774849 -0.335672 -0.134448  0.546779  -2
  1  0  0.938300 11.871631-13.733290-17.468994  0.206995 -0.218093  0.110541  -6