  1  1  0.938300  2.937621  3.188271-30.372044  0.044281  0.010229  0.086649   1
  1  1  0.938300-10.332622-11.951344-31.500697 -0.070831 -0.108056  0.118073   1
  1  1  0.938300 31.182694 22.214916-17.710832  0.393451  0.245658  0.339592   3
  1  1  0.938300-26.461054-31.608497  4.232991 -0.364712 -0.367311  0.511877   2
  1  1  0.938300  6.161342-51.314072-22.280384  0.045233 -0.627498  0.215062   2
  1  1  0.938300 -7.152550 -8.683911-36.236811 -0.026719 -0.083857 -0.026356   1
  1  1  0.938300 10.164501-20.219898 24.687791  0.095988 -0.196174  0.821125   3
  1  1  0.938300 -7.279144 21.671808 -3.751760 -0.116790  0.240435  0.384758   5
  1  1  0.938300-16.897890 -4.215910 22.086922 -0.195552 -0.092190  0.792711   5
  1  1  0.938300  0.982677  9.691475 17.120762  0.056787  0.158882  0.674433   7
  1  1  0.938300 24.810681-34.034027 10.414865  0.291054 -0.483865  0.664309   3
  1  1  0.938300 16.525815 -5.345891-38.508291  0.107844 -0.076756 -0.006153   1
  1  1  0.938300-28.193549 -7.092453-21.609304 -0.332115 -0.108815  0.161284   3
  1  1  0.938300-22.520575 28.142941-17.875710 -0.289533  0.330406  0.303747   4
  1  1  0.938300 -4.903061 40.732059 -6.261580 -0.062608  0.409234  0.411262   2
  1  1  0.938300 -3.972496-15.605610-25.531173 -0.032106 -0.155301  0.232584   1
  1  1  0.938300 12.359324  2.275724-41.680083  0.100706  0.027218 -0.097796   1
  1  1  0.938300 11.884907-11.263653-36.151236  0.174598 -0.113441 -0.027244   1
  1  1  0.938300-13.532471 10.883355 16.700214 -0.178524  0.082054  0.719290   4
  1  1  0.938300 21.035452-10.468098 29.582764  0.235089 -0.169572  0.932226   3
  1  1  0.938300 35.326462-20.978982-25.431136  0.423636 -0.249111  0.199937   3
  1  1  0.938300-21.700197 34.224578 -2.244747 -0.263086  0.377728  0.484632   6
  1  1  0.938300  8.103617 -9.257963-29.140825  0.031647 -0.086177  0.181475   1
  1  1  0.938300 -8.283582-22.716903 10.038087 -0.093010 -0.266372  0.634147   4
  1  1  0.938300 -5.326895-15.346073 18.080503 -0.081477 -0.081369  0.744863   5
  1  1  0.938300 19.830243 12.649849-25.342723  0.189100  0.108512  0.209791   1
  1  1  0.938300 36.265291-37.697363  2.798833  0.490486 -0.423745  0.544996   3
  1  1  0.938300 19.785620 13.676276-12.091755  0.176912  0.096915  0.367124   3
  1  1  0.938300-48.931784-17.057246 -7.856156 -0.597150 -0.203227  0.357262   3
  1  1  0.938300 26.752982-15.130126-25.724292  0.293375 -0.192335  0.124293   2
  1  1  0.938300  9.361095 42.770575-15.963488  0.117980  0.563663  0.257702   2
  1  1  0.938300 -7.305326 46.530046 -5.673356 -0.091673  0.565973  0.442283   5
  1  1  0.938300-20.049569-11.829221 26.362912 -0.230899 -0.160728  0.958722   6
  1  1  0.938300  2.378804-30.012030-40.942234 -0.033318 -0.326549 -0.057045   2
  1  1  0.938300  9.474137  3.644469-19.124129  0.072251  0.019152  0.124671   5
  1  1  0.938300 18.754925 15.038378-32.398286  0.197572  0.111054  0.063073   1
  1  1  0.938300 15.464806  7.345178-37.863920  0.113051  0.079922  0.002052   1
  1  1  0.938300 -7.092036 -9.509819  6.120137 -0.021353 -0.077442  0.435627   4
  1  1  0.938300 -2.446454 24.267496-43.769562 -0.020544  0.269736 -0.054860   3
  1  1  0.938300 10.623200  2.192368-38.702593  0.062014  0.006788  0.000004   1
  1  1  0.938300 18.831112  8.213432-39.017155  0.174492  0.102521 -0.029881   1
  1  1  0.938300 -8.631218  0.299771-23.781444 -0.045512  0.059861  0.149601   3
  1  1  0.938300 16.341060 27.253017 -6.386612  0.185165  0.236215  0.398282   4
  1  1  0.938300 14.931808 13.895314-18.149522  0.148389  0.154684  0.263494   3
  1  1  0.938300-12.919656 20.290994-14.458937 -0.155469  0.234448  0.267019   4
  1  1  0.938300-19.998298-23.729179 15.490835 -0.173464 -0.302995  0.709070   3
  1  1  0.938300 -7.483065  1.675137 -0.323340 -0.079663  0.071423  0.373161   3
  1  1  0.938300-12.805117 13.100510 29.490473 -0.135161  0.137009  0.781559   3
  1  1  0.938300-20.813286 13.716354-17.987503 -0.236594  0.093166  0.316368   2
  1  1  0.938300 -8.032107 32.121958 32.859039 -0.018695  0.419016  1.064653   5
  1  1  0.938300-22.314885 43.722819  8.823254 -0.264959  0.559913  0.660422   2
  1  1  0.938300 51.886945 -4.317125-13.784372  0.799316 -0.079154  0.378797   2
  1  1  0.938300 17.233422-28.055631 -8.886340  0.249888 -0.331494  0.347564   6
  1  1  0.938300 12.328747 -6.861160-38.807587  0.183411 -0.026029  0.006657   2
  1  1  0.938300 33.632642-16.535961-29.148964  0.403793 -0.185629  0.153630   5
  1  1  0.938300-14.504799 14.564260-13.148877 -0.128191  0.155911  0.261014   3
  1  1  0.938300 16.114203-14.372708-30.497614  0.241421 -0.121143  0.058535   2
  1  1  0.938300 -3.124585 12.413862-18.674204 -0.002965  0.167453  0.210975   4
  1  1  0.938300 -8.050328  9.182760 18.124158 -0.039964  0.164265  0.727493   3
  1  1  0.938300  8.851318  0.979618 -5.023195  0.114296 -0.025169  0.408594   5
  1  1  0.938300  2.488195 10.082623-23.637342  0.077992  0.067692  0.196153   1
  1  1  0.938300  3.561847-13.901923-32.811341  0.027323 -0.152753  0.100839   1
  1  1  0.938300  7.846000 26.350255 26.461682  0.078386  0.248428  0.815253   3
  1  1  0.938300 -9.898845-13.099628-23.655475 -0.132795 -0.168108  0.205165   2
  1  1  0.938300-14.177710  6.398482-20.423496 -0.175624  0.035597  0.148310   4
  1  1  0.938300  0.558800 18.027618 15.755688 -0.057924  0.192587  0.663801   2
  1  0  0.938300 11.046498-19.966393-12.301683  0.150994 -0.244293  0.292817   6
  1  1  0.938300 22.283475-18.107191 -6.354083  0.256146 -0.248628  0.300004   2
  1  1  0.938300 14.357425-11.405352-26.350579  0.216939 -0.092935  0.090641   4
  1  1  0.938300-26.640157  9.487991 10.117503 -0.393618  0.135992  0.685047   8
  1  1  0.938300-30.007715 10.913272  5.154565 -0.343620  0.188297  0.566890   3
  1  1  0.938300-20.787457-17.460342 44.390254 -0.226624 -0.214325  1.175033   4
  1  1  0.938300 -1.090238-24.872101-23.574419  0.009561 -0.238454  0.139969   1
  1  1  0.938300 -1.420134  1.623008-26.745353 -0.032106 -0.048860  0.048007   5
  1  1  0.938300-13.663116  2.415370-24.595410 -0.132120  0.070203  0.115282   5
  1  1  0.938300 15.244459 15.909271 29.314979  0.221425  0.125674  0.969278   3
  1  1  0.938300 36.788607 15.014024 -6.580378  0.408299  0.147560  0.387667   5
  1  1  0.938300-31.061792  6.368106  4.721086 -0.283076  0.058430  0.518786   4
  1  1  0.938300 -1.977976 -4.012982-28.686928 -0.016442  0.039296  0.091563   3
  1  1  0.938300-11.226114  2.118142 24.868226 -0.118053 -0.013209  0.847853   5
  1  0  0.938300-10.282329 11.639342 17.642466 -0.079087  0.116469  0.748392   2
  1  0  0.938300  3.659122 15.896281 -1.077243 -0.010943  0.085862  0.483675   5
  1  0  0.938300-31.941219 -8.971503 17.610222 -0.321959 -0.045407  0.649912   3
  1  0  0.938300-14.874915 28.701476-22.154625 -0.251701  0.367688  0.114034   7
  1  0  0.938300-15.673353 21.932066  0.728810 -0.223406  0.205270  0.450891   6
  1  0  0.938300-16.893983-18.137953-25.755964 -0.202841 -0.126879  0.165056   2
  1  0  0.938300-36.314404-15.630938 -1.563162 -0.409342 -0.133630  0.427368   4
  1  0  0.938300 -8.631760  5.999622 47.057182 -0.060241  0.090794  1.117145   2
  1  0  0.938300 35.929979-17.064484  2.868695  0.396182 -0.211716  0.599524   2
  1  0  0.938300-30.329711-30.722986-16.953721 -0.416327 -0.376801  0.333329   5
  1  0  0.938300-22.414906 14.937482-12.709057 -0.179711  0.230463  0.305397   2
  1  0  0.938300 26.517481-11.913230 47.249396  0.293639 -0.125586  1.214402   5
  1  0  0.938300  9.733314-12.492042 31.798778  0.011925 -0.128191  0.840133   2
  1  0  0.938300 -1.556441 -0.689780  9.623671  0.005717 -0.052209  0.563837   3
  1  0  0.938300 21.045820 -0.985199 -3.592377  0.233214 -0.072213  0.380630   2
  1  0  0.938300  4.500303  1.082055-20.643984  0.082557  0.055009  0.218859   2
  1  0  0.938300 -9.131083 -8.555866 44.020184 -0.134167 -0.064981  1.130902   2
  1  0  0.938300 11.962236-33.762316-18.332093  0.151396 -0.381380  0.173237   5
  1  0  0.938300  2.347411  2.777945-12.143127  0.040308  0.042999  0.365884   2
  1  1  0.938300-37.330354  9.431878  2.314313 -0.362648  0.078966  0.481910   3
  1  0  0.938300  6.440726 -4.641831  2.405667  0.068218  0.020559  0.509128   2
  1  0  0.938300-23.279971 14.661405  8.704333 -0.190219  0.174124  0.615046   3
  1  0  0.938300 17.417604 12.436800-10.723856  0.218312  0.074800  0.348694   4
  1  1  0.938300 15.066238 -1.265176 23.958813  0.095547  0.036827  0.800780   6
  1  0  0.938300  7.889572  6.987040 -8.844703  0.065425  0.117007  0.296323   4
  1  0  0.938300  9.576748-31.921514-17.387019  0.061260 -0.306182  0.273843   2
  1  0  0.938300 -7.377664  9.783458  7.780508 -0.052192  0.028716  0.568364   4
  1  0  0.938300  1.436476  7.574757-16.053713  0.071669  0.135771  0.223800   3
  1  0  0.938300-14.672332-52.738007 -6.048120 -0.221339 -0.671612  0.468362   2
  1  0  0.938300 10.298059-23.917162 13.855588  0.054515 -0.294550  0.685490   2
  1  0  0.938300-17.933056 18.090764  5.396471 -0.181614  0.124634  0.509740   3
  1  0  0.938300 13.705721 44.959954-14.383289  0.190623  0.522284  0.335261   6
  1  0  0.938300  7.230592-31.563812-22.806135  0.122609 -0.354862  0.177406   4
  1  0  0.938300 -6.948515-10.550535 13.203395 -0.062306 -0.086847  0.635930   3
  1  0  0.938300-30.867058 -4.761924-20.924043 -0.289806 -0.035060  0.239292   2
  1  0  0.938300 -5.128391  2.792546-37.492182 -0.073962  0.059215 -0.042446   1
  1  0  0.938300  1.010731 38.236423  6.642969  0.013899  0.475847  0.522578   2
  1  0  0.938300  2.894791-19.170496-26.106520  0.046070 -0.113018  0.167419   4
  1  0  0.938300 -5.113283 -1.453852 33.663391  0.015168  0.009155  0.894288   3
  1  0  0.938300  3.023054-27.295930  9.321965  0.009975 -0.204116  0.540391   2
  1  0  0.938300 23.219923  5.998135-25.092567  0.285120  0.110236  0.120603   2
  1  0  0.938300 10.246898 15.852195-24.075749  0.100514  0.058535  0.205312   1
  1  0  0.938300 25.102557-46.802078 -0.380712  0.294775 -0.522373  0.476835   2
  1  0  0.938300 -1.039593  5.601168  5.317197  0.001472  0.064595  0.453572   3
  1  0  0.938300 35.100952  2.617283-16.028198  0.406116  0.044559  0.231328   2
  1  0  0.938300 26.600546 28.474141-18.549773  0.335274  0.372903  0.210408   3
  1  0  0.938300 -1.011445 12.746345-18.521904 -0.088760  0.092937  0.248123   1
  1  0  0.938300 -9.893790  8.677757-12.284444 -0.122286  0.107206  0.357944   3
  1  0  0.938300-15.525896 -3.321611 15.834951 -0.063776  0.021332  0.602614   3
  1  0  0.938300-21.109476 -3.692975-23.221655 -0.201831 -0.049250  0.183027   1
  1  0  0.938300 40.397893-29.903035  7.667343  0.459217 -0.312513  0.605780   2
  1  0  0.938300-14.333378  8.165289-36.322749 -0.181747  0.087681 -0.020155   5
  1  0  0.938300-16.410947-21.564515-13.045119 -0.134686 -0.204704  0.289177   4
  1  0  0.938300 56.696036-13.501442  2.154637  0.733705 -0.160089  0.593429   3
  1  0  0.938300-15.058769 -0.929854-17.894273 -0.175870  0.039110  0.208476   5
  1  0  0.938300-31.322789 -8.945807  2.005455 -0.314028 -0.068269  0.505511   2
  1  0  0.938300 26.036562 20.429572-23.438316  0.319263  0.227962  0.176982   6
  1  0  0.938300  5.490536 17.663138-18.789215  0.008265  0.185869  0.160141   2
  1  0  0.938300-49.708911 -4.751831 -5.975499 -0.705569 -0.069697  0.393406   5
  1  0  0.938300 13.291912-11.491513-27.521426  0.141991 -0.068570  0.088688   1
  1  0  0.938300-38.461633-14.749473-16.328296 -0.394754 -0.206757  0.293521   2
  1  0  0.938300-38.992579 -5.070774  6.539895 -0.453254 -0.121494  0.635981   5
  1  0  0.938300-37.844580-16.977310-27.034468 -0.395300 -0.218997  0.118477   3
  1  0  0.938300  0.348928 24.225819-19.314381 -0.023087  0.249388  0.186405   3
  1  0  0.938300-17.558228-18.994889  3.442107 -0.189163 -0.208767  0.497950   6
  1  0  0.938300 -1.074520 -6.352348 -6.574794 -0.016841 -0.076849  0.394722   1
  1  0  0.938300-23.107886-22.498881-27.134174 -0.223231 -0.264185  0.112265   4
  1  0  0.938300 26.506789 -4.910876 25.994995  0.354103 -0.060385  0.992003   4
  1  0  0.938300  3.419293  7.927019-42.084714 -0.014602  0.116013 -0.015691   1
  1  0  0.938300 33.740768-29.353225  2.489923  0.384295 -0.307650  0.507105   2
  1  0  0.938300  5.917738 28.839020 -1.458082  0.048920  0.288576  0.431309   2
  1  0  0.938300  8.863249 22.878075-16.588767  0.144030  0.195756  0.243785   6
  1  0  0.938300-12.722546-25.462855-16.861915 -0.184276 -0.304091  0.318159   5
  1  0  0.938300  8.090968  8.863337 15.272589  0.058131  0.121129  0.707330   4
  1  0  0.938300-27.230164 15.761363 30.255075 -0.300964  0.217830  1.002250   5
  1  0  0.938300-14.847038  2.082659-30.536366 -0.203078  0.078275  0.048268   1
  1  0  0.938300  0.451298 -8.908651 -9.479881  0.119036 -0.035589  0.292335   5
  1  0  0.938300 -7.294702-20.119372-25.039700 -0.087934 -0.177757  0.081858   9
  1  0  0.938300 12.065328  2.704971-14.963786  0.141708 -0.028807  0.258233   3
  1  0  0.938300-13.624958  6.908138-12.892801 -0.159731  0.106088  0.339073   1
  1  0  0.938300  8.642039 52.934687-13.580247  0.159979  0.686169  0.348076   2
  1  0  0.938300 -3.881706 -3.271610-20.270504 -0.061070 -0.036714  0.209377   3
  1  0  0.938300-25.152511 -6.118519 -4.100824 -0.237621 -0.061847  0.347976   7
  1  0  0.938300 33.134071 -4.391760 18.059197  0.441153 -0.076248  0.696517   2
  1  0  0.938300 -7.354027-20.237703-18.208794 -0.099468 -0.297687  0.170905   4
  1  0  0.938300-13.962398-34.335409-13.330327 -0.093546 -0.407916  0.320502   2
  1  0  0.938300 21.950536 13.975024-10.524515  0.244227  0.174257  0.361946   4
  1  1  0.938300-22.993053-12.572948  1.631267 -0.248484 -0.136637  0.440480   4
  1  0  0.938300  3.625477 11.164772  3.633166  0.110646  0.166295  0.457268   4
  1  0  0.938300-27.730461-38.301998 15.095480 -0.387012 -0.504752  0.715338   4
  1  0  0.938300 29.738155 -5.536465-17.323169  0.295876 -0.022612  0.231095   2
  1  0  0.938300 22.448791 38.460994  8.901560  0.309701  0.489096  0.678025   3
  1  0  0.938300  5.808236 37.153824  1.241620  0.090856  0.408703  0.483581   3
  1  0  0.938300-12.026734 -3.872031 14.378539 -0.100491 -0.016509  0.614557   5
  1  0  0.938300 15.113847 30.395954  2.459157  0.192750  0.401334  0.471686   4
  1  0  0.938300-11.558750-18.833262 18.002751 -0.199707 -0.189821  0.659124   4
  1  0  0.938300  8.121279  1.988744-33.251179 -0.024446  0.029540  0.073148   1
  1  0  0.938300 36.594349-10.512768-20.841593  0.487429 -0.124597  0.243496   3
  1  0  0.938300 20.937614 16.401123-14.393786  0.207098  0.206543  0.291527  10
  1  0  0.938300 -8.911126  8.317445  5.114478 -0.178027  0.125348  0.545958   5
  1  0  0.938300-10.253893 -8.382392-40.038766 -0.121380 -0.003079 -0.085650   1
  1  0  0.938300 19.835330  1.731409-23.215174  0.305088  0.068448  0.181557   3
  1  0  0.938300 35.159826 13.738310 32.492715  0.418547  0.163826  1.008763   3
  1  0  0.938300-18.428686 14.778192 -9.096350 -0.145632  0.072454  0.369427   2
  1  0  0.938300 10.109161  8.111463-33.038517  0.136512  0.067511  0.001807   1
  1  0  0.938300 10.988156 -4.646896-33.160735  0.088784 -0.087636  0.066132   1
  1  0  0.938300-22.037290 -9.362246 27.910170 -0.209847 -0.079292  0.861208   5
  1  0  0.938300-14.352888 -7.661509 18.401175 -0.135588 -0.042527  0.665609   6
  1  0  0.938300  8.730925-20.813585-35.284332  0.088216 -0.250832 -0.003807   1
  1  0  0.938300-12.723811 14.686014-14.128243 -0.053981  0.132126  0.283670   6
  1  0  0.938300 -4.944081 13.905971-34.371837 -0.070452  0.147930  0.033559   1
  1  0  0.938300-28.632648  3.888600 12.457788 -0.394951  0.024943  0.731965   5
  1  0  0.938300 19.725746-31.265744 22.241227  0.241127 -0.356748  0.798920   3
  1  0  0.938300  6.947964  9.962262-13.924946  0.106518  0.060415  0.255057   2
  1  0  0.938300 11.700798 -0.663454  8.067019  0.195419 -0.013042  0.562046   2
  1  0  0.938300-11.274717 32.016716-12.111160 -0.167745  0.413948  0.235184   3
  1  0  0.938300 27.489056  5.809574  6.426068  0.380081  0.051179  0.656687   7
  1  1  0.938300 46.048438  4.853199 -6.167120  0.524498  0.031371  0.437467  -3
  1  1  0.938300-12.835577-32.513866 -2.438596 -0.154752 -0.410274  0.426362  -4
  1  1  0.938300-36.750567-29.988106 -6.388740 -0.461908 -0.446510  0.405992  -3
  1  1  0.938300 18.289900  8.467721 21.201971  0.108208  0.114385  0.696186  -2
  1  1  0.938300  3.523137 14.530690 38.830364 -0.015435  0.179439  0.999370  -2
  1  1  0.938300 16.745926 15.938999 30.387481  0.226132  0.167559  0.947735  -5
  1  0  0.938300  2.115490-21.571592 13.894500 -0.025601 -0.272319  0.639250  -3
  1  0  0.938300 10.230262 13.349802 -0.218203  0.069055  0.165490  0.401548  -6
  1  1  0.938300 -1.827273-22.310542  2.138384 -0.052162 -0.314900  0.507271  -4
  1  1  0.938300-23.107098-20.785285 29.883429 -0.314140 -0.295642  0.939667  -8
  1  1  0.938300  4.521049  7.167059 22.805224  0.059107  0.114038  0.740283  -2
  1  1  0.938300-10.466021  9.013635 37.425545 -0.092060  0.039530  1.031240  -3
  1  1  0.938300 -0.997926 -8.742720 23.536077 -0.033008 -0.037296  0.723142  -1
  1  0  0.938300-16.206508 44.075070-19.229358 -0.174968  0.502281  0.211224  -2
  1  1  0.938300  7.410060  1.999633 21.224331  0.038145 -0.041505  0.693451  -5
  1  1  0.938300 27.674546-11.977140 16.176644  0.266137 -0.094066  0.686778  -4
  1  1  0.938300-17.250050 22.006562 -7.182954 -0.133351  0.236839  0.396301  -3
  1  1  0.938300-10.456156 23.446344-34.137528 -0.165972  0.257090  0.027767  -5
  1  1  0.938300-10.133416 -9.050680 35.026479 -0.116870 -0.059017  0.922667  -1
  1  1  0.938300  0.683209  5.362696 31.467126  0.093243  0.041948  0.989835  -1
  1  1  0.938300 40.241540 21.751084 -5.370328  0.494081  0.328949  0.436476  -6
  1  1  0.938300 13.262219 -4.772322  1.038136  0.044386 -0.116009  0.442615  -4
  1  1  0.938300  9.410415  6.909434 21.591969  0.056196  0.049621  0.752164  -1
  1  1  0.938300 -3.342829 -4.276451 36.512945 -0.064286 -0.000393  0.928577  -1
  1  1  0.938300 -9.211645  6.999497 22.212795 -0.010989  0.038934  0.763801  -1
  1  0  0.938300-26.401343  7.084763  5.039715 -0.326240  0.071695  0.524559 -10
  1  1  0.938300-28.788384 -8.937847 18.007413 -0.341901 -0.039934  0.751235  -5
  1  0  0.938300 22.229870-25.436659 10.319266  0.307389 -0.291883  0.591036  -7
  1  1  0.938300-12.881214 -8.910718-33.516086 -0.116807 -0.111990 -0.059602  -4
  1  0  0.938300 -8.315325  7.198170 10.341978 -0.066438  0.060789  0.568439  -7
  1  1  0.938300 21.257596-23.433105 34.153415  0.339697 -0.297808  1.046302  -2
  1  1  0.938300 44.965011 15.521756-22.604181  0.545049  0.152759  0.190008  -2
  1  1  0.938300 17.442793 29.342356-14.469357  0.197596  0.351852  0.316595  -4
  1  1  0.938300-28.870273-29.219831 -7.538604 -0.356551 -0.341569  0.437620  -4
  1  1  0.938300 -5.643643-23.128822 -3.457859 -0.054468 -0.238393  0.435819  -8
  1  1  0.938300-12.115995 35.176338 41.757775 -0.113801  0.453124  1.189697  -2
  1  1  0.938300 16.817930  3.736008 36.693587  0.158535 -0.020763  0.971617  -5
  1  1  0.938300 17.328435-28.095331-33.241676  0.179748 -0.320041  0.064120  -2
  1  1  0.938300  4.038263-26.220403 21.139119  0.060342 -0.293443  0.697900  -2
  1  1  0.938300 -1.422343-28.794914 20.806226 -0.000799 -0.330089  0.702535  -2
  1  1  0.938300 17.512688-10.991426 30.306570  0.199521 -0.063145  0.804164  -5
  1  1  0.938300-26.500729-15.464794  4.136275 -0.304116 -0.222032  0.543691  -5
  1  1  0.938300-10.403865-10.894729-22.037456 -0.065333 -0.142186  0.130426  -3
  1  1  0.938300  4.031864-20.894049 38.862183  0.050229 -0.236743  1.003888  -1
  1  1  0.938300 -5.759556-15.777499  9.897464 -0.130101 -0.176059  0.671026  -5
  1  1  0.938300-14.035668 26.718551 -1.855892 -0.076616  0.261242  0.444850  -2
  1  1  0.938300 18.961039-33.621548 20.891230  0.163529 -0.363944  0.746720  -5
  1  1  0.938300 20.436229 11.913752 16.304777  0.159987  0.090804  0.650157  -3
  1  1  0.938300 -4.682405 -9.045559 33.981110  0.059574 -0.031712  0.927218  -1
  1  1  0.938300 12.036842 -5.055229 27.351921  0.079484 -0.024632  0.739136  -4
  1  1  0.938300  5.843444 20.038261-17.940443  0.068735  0.134832  0.250730  -2
  1  1  0.938300 21.736449 -4.447378 35.957247  0.242537 -0.040716  0.918016  -2
  1  1  0.938300 -2.197640 -8.130619-37.499497  0.020772 -0.051396 -0.023742  -5
  1  1  0.938300 16.282135-28.582847-40.003857  0.231035 -0.343864 -0.015261  -4
  1  1  0.938300  8.981884  3.706847 13.980606  0.208337  0.086094  0.549014  -3
  1  1  0.938300 -2.541293 23.242878 30.848020  0.007842  0.191241  0.955473  -2
  1  1  0.938300 12.591380-22.255815-19.880727  0.145999 -0.240149  0.169389  -5
  1  1  0.938300-16.247007 -4.648362 -9.556139 -0.260018 -0.048853  0.318490  -2
  1  1  0.938300  9.401370-11.366779 42.728348  0.111244 -0.088516  1.049130  -1
  1  1  0.938300 11.805821 17.216684 14.707901  0.101463  0.239937  0.673721  -2
  1  1  0.938300  2.503750 10.970872 26.408634  0.011359  0.041536  0.742222  -1
  1  1  0.938300  6.534337-27.189994  6.312840  0.054167 -0.337782  0.600865  -4
  1  1  0.938300-20.666770  3.863050 30.907339 -0.237747  0.081708  0.867970  -4
  1  1  0.938300  2.782457 13.607902 20.758420  0.039692  0.182580  0.720452  -2
  1  1  0.938300-36.157965  5.338137  0.350533 -0.454240 -0.009481  0.489038  -2
  1  1  0.938300 -0.777679 -7.646452 27.293416 -0.068790 -0.116146  0.843661  -1
  1  0  0.938300 22.979080  0.646421  0.661633  0.224322 -0.068066  0.522534  -3
  1  1  0.938300 10.857981  2.401613 28.267509  0.083977  0.100039  0.807651  -1
  1  1  0.938300  9.462483-12.010887 24.173701  0.058741 -0.102136  0.711509  -1
  1  1  0.938300-22.895136 12.847624 -4.566522 -0.296237  0.156689  0.366907  -2
  1  1  0.938300 -9.318415-39.856004-12.847769 -0.097270 -0.510650  0.351048  -3
  1  1  0.938300 16.111164-33.051980 19.556872  0.225131 -0.413889  0.853606  -5
  1  1  0.938300 -3.043987-24.889382-27.513635 -0.041615 -0.342345  0.015499  -6
  1  1  0.938300-45.362944 -4.172252 11.312056 -0.571271 -0.069029  0.732303  -4
  1  1  0.938300-35.494570  9.210617 14.708468 -0.413319  0.040452  0.720991  -2
  1  1  0.938300 14.939778  5.857614 27.315658  0.119538  0.128591  0.780065  -2
  1  1  0.938300  5.021208 10.505843 19.531942 -0.023525  0.171700  0.756573  -5
  1  1  0.938300 -6.955124 34.453915-14.317583 -0.105843  0.358810  0.279030  -3
  1  1  0.938300-28.408573-20.065243-23.366973 -0.363401 -0.285787  0.251883  -3
  1  0  0.938300 25.359942-33.006378-21.341729  0.358662 -0.385150  0.166538  -4
  1  0  0.938300 16.036117-17.033189-13.324719  0.177894 -0.169809  0.271657  -7
  1  0  0.938300  5.123558 14.615129 -6.434915  0.084536  0.151925  0.389237  -4
  1  0  0.938300-24.940712 -6.087346 30.117384 -0.253959 -0.010476  0.860523  -3
  1  0  0.938300 34.177232-19.062525 -3.957361  0.352096 -0.276282  0.403375  -3
  1  0  0.938300-10.568012-20.285405 33.571877 -0.105652 -0.167794  0.916006  -1
  1  0  0.938300-35.866275 26.117009-20.482733 -0.438246  0.383096  0.204409  -5
  1  0  0.938300 14.948486 16.962007 -9.880861  0.114433  0.121791  0.310122  -6
  1  0  0.938300-24.724916  9.534128 -3.675022 -0.284940  0.086708  0.454892  -4
  1  0  0.938300 13.744087  0.401087-23.115379  0.124079 -0.026769  0.099574  -5
  1  0  0.938300 -6.687045  3.796571 21.470028 -0.065621 -0.020560  0.754903  -2
  1  0  0.938300-36.575962 37.225321 -0.137024 -0.404298  0.482939  0.531547  -3
  1  0  0.938300 19.055192-21.071578  7.283994  0.184100 -0.276685  0.562374  -3
  1  0  0.938300 11.137942 28.772682 -9.010519  0.117868  0.297922  0.353451  -6
  1  0  0.938300 18.936835-20.637392 12.008360  0.188666 -0.253412  0.639306  -2
  1  0  0.938300 -8.983651 14.041193 42.664761 -0.082786  0.182199  1.123667  -2
  1  1  0.938300 17.304662 -9.645248 12.961889  0.165600 -0.152531  0.670494  -8
  1  0  0.938300  3.807769-12.001946 44.901456  0.137831 -0.149305  1.188620  -2
  1  0  0.938300 11.814100  3.655625 19.753632  0.126200  0.049928  0.647122  -5
  1  0  0.938300 -5.179798 22.068482 13.625417 -0.030433  0.209285  0.527967  -3
  1  0  0.938300 16.812042-26.491837 20.872627  0.157982 -0.306476  0.760705  -2
  1  0  0.938300  1.581749 -2.271505-54.636036  0.041870 -0.029395 -0.282578  -2
  1  0  0.938300-27.474336 -5.043383 36.824065 -0.351345 -0.063835  0.971174  -2
  1  0  0.938300  1.815081  4.609707-18.323935 -0.034602  0.010909  0.272755  -7
  1  0  0.938300-14.046759-16.651864 -3.647776 -0.088243 -0.189284  0.375087  -5
  1  0  0.938300 -1.049597 25.133975 33.294648 -0.026013  0.363037  1.044798  -4
  1  0  0.938300-18.270484 13.461725 -0.149864 -0.239377  0.108042  0.494627  -4
  1  0  0.938300 -2.186799 -3.465012 21.601646 -0.023039 -0.026063  0.706063  -3
  1  0  0.938300 -0.980857  2.168998 28.597414 -0.026309 -0.020812  0.887820  -8
  1  0  0.938300  7.103132 15.298630 33.801973  0.017326  0.163685  0.892587  -1
  1  0  0.938300  0.038222-29.589667-12.460576 -0.047539 -0.275775  0.297597  -6
  1  0  0.938300  7.961576  2.218071-18.392437  0.066869 -0.042700  0.246478  -6
  1  0  0.938300 17.920191-14.885005 37.150113  0.160107 -0.135324  1.046086  -1
  1  0  0.938300-10.470879-12.744266 13.417807 -0.110963 -0.068032  0.587790  -1
  1  0  0.938300-21.110178  1.185787  7.452526 -0.302622 -0.059851  0.551317  -2
  1  0  0.938300  5.418223 29.262824 -4.738063  0.063061  0.358251  0.401151  -7
  1  1  0.938300-20.600395-29.405228 24.774839 -0.333059 -0.372404  0.893085  -4
  1  0  0.938300 11.592772  4.734370 37.461489  0.091130  0.130265  1.004576  -1
  1  0  0.938300 14.326088-13.276294 48.230345  0.194147 -0.104758  1.201884  -2
  1  0  0.938300  8.217479 14.854706 -0.207389  0.051787  0.150581  0.366608 -11
  1  0  0.938300  5.330217 13.696422 -5.004397  0.115447  0.120639  0.353827  -3
  1  0  0.938300  1.747167 32.174102 -9.229492  0.023082  0.397069  0.382670  -4
  1  0  0.938300  8.927941-10.339267  3.684221  0.122241 -0.139933  0.472359  -4
  1  0  0.938300 -6.006050 -2.114637 24.061397  0.010071  0.024140  0.789911  -1
  1  0  0.938300 -8.314405 10.284426 28.694485 -0.024036  0.133549  0.804947  -1
  1  0  0.938300 22.496167 -3.178582 17.403193  0.172908 -0.048726  0.668543  -4
  1  0  0.938300 30.093230 11.977474 -7.957382  0.290293  0.143063  0.395245  -3
  1  0  0.938300  6.915765-23.772841 12.657565  0.025019 -0.273162  0.539698  -4
  1  0  0.938300 -1.641974  2.862576 14.368643 -0.009999  0.096700  0.645528  -4
  1  0  0.938300  8.772953  9.145932 27.142563  0.005784  0.024180  0.793952  -1
  1  0  0.938300 22.377428  4.696987  8.834549  0.267214  0.061261  0.584311  -5
  1  0  0.938300-33.335296-14.619889-29.492217 -0.441645 -0.150012  0.144634  -4
  1  0  0.938300 26.852798 20.193338-10.160640  0.327157  0.247702  0.325424  -9
  1  0  0.938300 18.689624  4.331416-16.582267  0.185279  0.092718  0.221282  -7
  1  0  0.938300  5.682390 -2.300635 23.465892  0.108422 -0.036290  0.756265  -1
  1  0  0.938300-32.451471 10.316440 22.010595 -0.369885  0.167182  0.787533  -4
  1  0  0.938300-52.967855 21.775083  0.054571 -0.951062  0.355384  0.664285  -5
  1  0  0.938300  6.432135-11.677290 -1.676702  0.013904 -0.109067  0.456858  -7
  1  1  0.938300 28.934257-35.786873-24.428445  0.328975 -0.451027  0.163855  -4
  1  0  0.938300  6.032016-11.100798 -5.557921  0.092389 -0.087035  0.328503  -1
  1  1  0.938300 10.659714  0.259820 27.737689  0.149717 -0.012023  0.934680  -3
  1  0  0.938300 -1.454915-27.087911 22.582059 -0.016628 -0.284074  0.793720  -2
  1  0  0.938300 10.182249 -6.020487  3.853984  0.086606 -0.093978  0.531276  -2
  1  0  0.938300-12.059460-17.612201 22.828592 -0.066829 -0.171473  0.820865  -3
  1  0  0.938300-26.401922-14.977664-10.357019 -0.332299 -0.169932  0.352988  -2
  1  0  0.938300-35.480404  2.274771 -1.341341 -0.407071  0.001698  0.427263  -6
  1  0  0.938300 -0.224965 -3.027608 30.224388  0.109266 -0.051071  0.849977  -2
  1  0  0.938300-36.379448-11.052561-11.041072 -0.460292 -0.200380  0.311613  -4
  1  0  0.938300 38.981827-32.460977  1.671574  0.497765 -0.410777  0.586039  -7
  1  0  0.938300 15.887821  0.197275 50.784574  0.315106  0.094404  1.603381 -11
  1  0  0.938300-21.478465  0.002517-46.953311 -0.226770  0.057080 -0.249056  -3
  1  0  0.938300  6.384081 12.115926 -7.781927  0.071109  0.149032  0.334320  -2
  1  0  0.938300-23.687551 35.457516 35.729567 -0.357400  0.421948  1.156935  -3
  1  0  0.938300-22.178491 14.376359 -2.755009 -0.217018  0.139928  0.457682  -2
  1  0  0.938300 21.547097  0.957524 -2.543161  0.216660  0.013987  0.403757  -3
  1  0  0.938300 -7.423799  6.868327 -2.427891 -0.123638  0.157431  0.418973  -4
  1  0  0.938300-25.176844-22.101467 -7.403276 -0.263243 -0.217655  0.334552  -4
  1  0  0.938300 22.819438 24.228827 16.032898  0.244879  0.294335  0.699263  -4
  1  0  0.938300 18.508963 15.684648-14.758985  0.105265  0.220127  0.228254  -2
  1  0  0.938300  1.012844 30.000860 -7.534007  0.038205  0.356248  0.369178  -4
  1  0  0.938300-10.994687 -3.795506 25.196555 -0.183262  0.013483  0.824595  -3
  1  0  0.938300 -4.409674 25.189913 40.040472 -0.013030  0.297985  1.022251  -4
  1  1  0.938300 12.510014-20.544768-19.918868  0.116193 -0.286146  0.150458  -5
  1  0  0.938300  1.315068-14.826749-32.258623  0.049162 -0.212984  0.068654  -5
  1  0  0.938300 11.605461 49.357440 20.868692  0.094437  0.622974  0.856911  -4
  1  0  0.938300-28.747332 14.215283-22.784994 -0.293618  0.160795  0.160994  -7
  1  0  0.938300-17.374957 11.605226 10.932855 -0.198234  0.074103  0.596501  -4
  1  0  0.938300 -4.313908 24.252094  6.722148 -0.090242  0.297291  0.580422  -3
  1  0  0.938300-28.330308-35.860745 19.063192 -0.346936 -0.488391  0.808626  -4
  1  0  0.938300 -0.824273-35.768049  9.467975  0.052374 -0.398424  0.575546  -6
  1  0  0.938300 -3.013589-11.533458-31.846244 -0.050796 -0.042125  0.031920  -7
  1  0  0.938300 20.065728 21.964150-18.194214  0.245431  0.270110  0.198756  -4
  1  0  0.938300 39.508380 -9.115814 34.381427  0.487543 -0.130443  1.079758  -4
  1  0  0.938300-11.584220-20.583891 -4.538900 -0.141033 -0.185528  0.343262  -3
  1  0  0.938300  3.433895 28.211291 31.753203  0.032746  0.245266  0.891030  -2
  1  0  0.938300  6.684754 -2.768462 33.187720 -0.021990 -0.026758  0.909763  -1
  1  0  0.938300  4.647090 33.713898 -9.285817  0.006463  0.357624  0.364878  -2
  1  0  0.938300-30.467419-29.359530 -0.027097 -0.339526 -0.299693  0.457320  -4
  1  0  0.938300  1.096342 -0.442458 23.906528 -0.046727  0.032027  0.718681  -1
  1  0  0.938300  0.775511 14.931588  1.964847 -0.039554  0.162433  0.451481  -5
  1  0  0.938300  5.247171-27.193062-14.574078  0.124944 -0.252152  0.275754  -5
  1  0  0.938300 17.493040 19.343400 17.189016  0.209350  0.206959  0.688981  -3
  1  0  0.938300 22.916721  3.293539-18.942656  0.214844  0.006510  0.256335  -4
  1  0  0.938300 -7.801758 -0.497539 43.896797 -0.044780 -0.116846  1.159535  -4
  1  0  0.938300 20.913621 -7.688345-12.477067  0.237974 -0.044636  0.242134  -2
  1  0  0.938300  2.268353 15.345355-12.003948 -0.000000  0.090429  0.269012  -4
  1  1  0.938300 12.352370 22.889154 20.526767  0.098997  0.252516  0.824655  -3
  1  0  0.938300 -0.496700 30.441812 29.506736  0.039253  0.352651  0.839128  -2
  1  0  0.938300-26.882059-21.593168 13.196953 -0.259211 -0.254683  0.580102  -7
  1  0  0.938300-11.063878 -4.994833  1.438885 -0.097154 -0.020194  0.497560  -2
  1  0  0.938300 21.943220 31.927837 14.002026  0.335439  0.423906  0.686451  -4
  1  0  0.938300-34.514544  6.623753-16.593278 -0.387829  0.010759  0.268360  -7
  1  0  0.938300-31.633476 -5.613871-20.557824 -0.353909 -0.065981  0.234952  -4
  1  1  0.938300 26.379786  8.653825 14.714228  0.310364  0.080140  0.637176  -7
  1  0  0.938300-10.476312-11.455531 22.506268 -0.076528 -0.090172  0.690271  -1
  1  0  0.938300  5.053593 18.854426-49.544850 -0.004761  0.217038 -0.177575  -3
  1  0  0.938300 -9.015945  5.226064-21.135355 -0.106024  0.110258  0.180283  -4
  1  0  0.938300-18.920892 32.468718 25.623345 -0.165158  0.345167  0.779896  -2