  1  1  0.938300 -4.666892  5.689698-32.117031  0.016976  0.020058  0.041772   1
  1  1  0.938300 -7.525709 -1.688227-25.049707 -0.021059 -0.003747  0.205587   1
  1  0  0.938300  2.508137 16.061238  1.862337 -0.014328  0.135143  0.459804   6
  1  1  0.938300 29.182141  5.949295  9.901987  0.342457  0.017244  0.535970   3
  1  1  0.938300-10.258821  7.779334  3.203178 -0.079981  0.144890  0.458007   7
  1  1  0.938300 14.951386  8.920019-40.418497  0.128946  0.047629 -0.049913   1
  1  1  0.938300 -3.108741  6.223914  2.084360 -0.000473  0.003307  0.455170   7
  1  1  0.938300 12.978275 19.946800-16.775514  0.153435  0.227461  0.244005   3
  1  1  0.938300 -0.102197-21.548802 44.483717  0.032121 -0.264188  1.265820   6
  1  1  0.938300 20.284626-26.074404  9.474288  0.195924 -0.284355  0.651958   2
  1  1  0.938300 17.579785 14.509267 -9.521454  0.194057  0.202056  0.321564   6
  1  1  0.938300-12.943247-26.291894-19.818656 -0.139058 -0.288388  0.222626   3
  1  1  0.938300 30.631635  6.515952 -3.427798  0.264662  0.105175  0.423996   2
  1  1  0.938300 22.758022 -5.505919-27.944916  0.242480 -0.033456  0.053336   2
  1  1  0.938300 30.960980 14.254629-30.706371  0.327315  0.196879  0.046773   2
  1  1  0.938300-34.674813 10.083427-11.522252 -0.440225  0.111688  0.397834   1
  1  1  0.938300  1.435193 15.843314 28.664387  0.026392  0.153646  0.952192   6
  1  0  0.938300 -6.978042 28.515660 12.810027 -0.070245  0.266950  0.621150   9
  1  1  0.938300  7.280040  5.448981 -2.235053  0.068046  0.076516  0.422403   7
  1  1  0.938300 -5.225343 18.737923  5.780814 -0.001830  0.122873  0.454371   5
  1  1  0.938300 14.812203-21.422646-22.974385  0.151113 -0.275778  0.164916   2
  1  1  0.938300-20.019935  2.816792-27.536298 -0.193305  0.035529  0.107807   4
  1  0  0.938300 -6.676055-31.816661-32.760423 -0.059613 -0.497494  0.047847   3
  1  1  0.938300-12.645110  9.048740-37.981469 -0.145079  0.055961 -0.032663   1
  1  1  0.938300-27.870926 41.404229  3.548085 -0.324950  0.541004  0.555755   5
  1  1  0.938300 21.276388  0.100105 10.449974  0.225113 -0.054121  0.573704   2
  1  1  0.938300 16.055549  2.359456-26.845693  0.117685 -0.027397  0.147099   4
  1  1  0.938300 22.946636 -8.718290-34.030647  0.200088 -0.100647  0.035845   1
  1  1  0.938300-55.385670 -6.077637 10.487445 -0.826649 -0.053216  0.736232   3
  1  0  0.938300 -1.921972-34.200351 -8.169467  0.037843 -0.376484  0.365076   4
  1  0  0.938300 14.297981-34.265134 29.871336  0.219186 -0.460224  0.994438   3
  1  1  0.938300-17.952988 34.451717 29.407903 -0.223931  0.531579  1.019204   5
  1  1  0.938300 -3.743592 21.624459-31.243763 -0.005359  0.225679  0.066467   3
  1  1  0.938300-12.130018 12.071867-13.444817 -0.147246  0.134745  0.331366   6
  1  1  0.938300-13.717691 28.037478 31.764192 -0.210530  0.309218  0.900628   3
  1  1  0.938300-14.051892-12.330726-37.408117 -0.117878 -0.157264  0.003466   1
  1  0  0.938300 -2.882983 -5.282810-29.423142 -0.127048 -0.050000  0.119832   2
  1  1  0.938300-25.961430-46.945249  5.193909 -0.421372 -0.630265  0.705648   4
  1  1  0.938300 11.284022-18.377296-23.356161  0.038282 -0.178734  0.192786   4
  1  1  0.938300  9.941785 -1.721006-34.658599  0.023864 -0.078146  0.020711   1
  1  1  0.938300 19.566917-10.595584-14.198664  0.171217 -0.081224  0.272985   2
  1  1  0.938300  9.395303-17.475535 11.067369  0.091284 -0.198139  0.571088   3
  1  1  0.938300 -5.248479-25.429157 -8.306109 -0.108013 -0.204319  0.339685   4
  1  1  0.938300  8.649197 11.239462-16.478007  0.058533  0.088100  0.264329   1
  1  1  0.938300  4.752881  5.536132  6.205991  0.088642  0.089822  0.520157   4
  1  1  0.938300  3.914058  6.035807-25.442192  0.033458  0.000534  0.146275   1
  1  1  0.938300 19.536675 18.633592 20.252200  0.248744  0.193107  0.700480   2
  1  1  0.938300-43.629168  1.190928-21.499125 -0.557313  0.050100  0.180369   3
  1  1  0.938300  7.044987-18.099834-24.701694  0.098777 -0.242799  0.121159   2
  1  1  0.938300  0.182303 33.749462-19.421780  0.054264  0.367218  0.219746   3
  1  1  0.938300 15.088797 10.633836-19.099253  0.160004  0.146611  0.242593   1
  1  1  0.938300-24.784301 13.359204-10.164848 -0.305344  0.192736  0.347781   5
  1  1  0.938300 -2.895634 -4.450301 31.471895 -0.073035 -0.099568  0.802420   5
  1  1  0.938300-15.034897-14.809606-20.387813 -0.199335 -0.119388  0.202112   4
  1  1  0.938300-24.375222-20.388349 17.769293 -0.274190 -0.272346  0.726555   5
  1  0  0.938300-14.676368-19.841858 -9.331163 -0.151871 -0.199924  0.355310   3
  1  1  0.938300  8.653057 39.925405-35.718225  0.123618  0.520598 -0.001884   4
  1  1  0.938300 12.982206-22.940413-21.404060  0.116847 -0.260430  0.188693   2
  1  1  0.938300-30.156441 39.477620  5.120366 -0.436779  0.516157  0.583099   4
  1  1  0.938300 19.906366 33.355970 -5.853742  0.206208  0.338255  0.365740   3
  1  1  0.938300 -9.515272 -9.786117 -1.490312 -0.145467 -0.079765  0.455041   4
  1  1  0.938300  7.811541  6.000569-18.645623  0.059241  0.053473  0.193553   1
  1  1  0.938300 24.503031 -3.500323 -5.251574  0.359881 -0.073025  0.393781   5
  1  1  0.938300-12.283326  7.331082 -6.065477 -0.171984  0.094983  0.393704   4
  1  1  0.938300-30.954521 -8.872730 15.712079 -0.307258 -0.083037  0.691481   4
  1  0  0.938300-31.073599 14.703382  3.594145 -0.342002  0.237326  0.494518   2
  1  1  0.938300-10.066868 32.737071 16.638226 -0.131211  0.415229  0.779014   6
  1  1  0.938300 20.896243 25.082037  2.465775  0.266864  0.297861  0.485770   4
  1  1  0.938300-15.683332 -2.067180 14.987959 -0.160437 -0.027882  0.704764   2
  1  1  0.938300  2.562231 38.947585 29.568402  0.033147  0.448562  0.925369   6
  1  1  0.938300-46.104445 21.103292-13.870838 -0.636617  0.328093  0.338893   2
  1  1  0.938300  0.971754  1.806209-27.250207  0.055396 -0.044956  0.074957   1
  1  1  0.938300 -3.293636-36.298737  4.868405 -0.049877 -0.480904  0.519515   3
  1  1  0.938300  5.570723-45.570974  9.379784  0.038549 -0.560411  0.624746   3
  1  1  0.938300-23.134058-15.650707-19.376545 -0.305048 -0.241846  0.183956   3
  1  1  0.938300-45.868862-15.798107 20.066287 -0.550618 -0.166541  0.782121   3
  1  1  0.938300-25.634573 46.633101-15.315571 -0.308399  0.536401  0.314175   2
  1  1  0.938300 20.210531-19.824146 37.469447  0.234929 -0.173613  0.987330   5
  1  1  0.938300 19.479618 15.265869 27.429784  0.187726  0.161698  0.810679   2
  1  0  0.938300-13.435426 30.169341  8.890582 -0.142040  0.266920  0.592527   3
  1  0  0.938300  3.807746  1.327437-48.831510  0.081915  0.032187 -0.190506   3
  1  0  0.938300-26.605861  4.832156-25.914177 -0.270468  0.099075  0.106972   6
  1  0  0.938300 15.144032 13.259240-33.384606  0.194088  0.150576  0.076103   5
  1  0  0.938300  2.715796 24.961317 20.614718  0.055941  0.299843  0.813835   5
  1  0  0.938300  3.872734  7.240401-14.670976  0.014010  0.047342  0.310442   2
  1  0  0.938300 15.352317  4.380028-14.246536  0.174565  0.001479  0.237968   2
  1  0  0.938300 -4.271173  5.983959-28.696320 -0.005603  0.021946  0.092003   3
  1  0  0.938300 -4.080135  8.077833-39.615471  0.021263  0.060772  0.016650   1
  1  0  0.938300  7.334970 10.848867-25.620983  0.078736  0.088508  0.145017   1
  1  0  0.938300-19.133035 -3.292918 33.390484 -0.153429  0.013560  0.991014   3
  1  0  0.938300  0.947264 22.932796  7.975664  0.051670  0.199360  0.571694   3
  1  0  0.938300  5.063678-19.668260-16.399428  0.030947 -0.186647  0.269578   1
  1  0  0.938300 -3.625647 -9.899075-22.194974 -0.028242 -0.082386  0.180954   3
  1  0  0.938300 -1.636000  8.084636-15.748136  0.000727  0.068748  0.212848   4
  1  0  0.938300  8.016406 -6.525763 42.796296  0.143966 -0.085975  1.158075   6
  1  1  0.938300 10.546493-14.014629  1.270347  0.137391 -0.146930  0.523552   1
  1  0  0.938300 11.399209-27.551899-12.833278  0.161410 -0.310334  0.225089   5
  1  0  0.938300 26.950110  0.665804  3.692177  0.296208  0.070174  0.501219   5
  1  0  0.938300 -7.220704 20.722766  7.488905 -0.001969  0.195362  0.582622   2
  1  0  0.938300-13.385325 44.654948  2.569877 -0.150018  0.470539  0.513757   3
  1  1  0.938300 48.455953-11.996485 -4.589739  0.619584 -0.194673  0.422401   4
  1  0  0.938300-26.267285-29.602034-19.863534 -0.339265 -0.366222  0.179539   6
  1  0  0.938300 13.459680 49.460783  2.236454  0.209163  0.625847  0.535990   5
  1  0  0.938300 -4.245815 -8.415585  5.263627  0.023132 -0.113555  0.469809   6
  1  0  0.938300 39.433735 -0.594529 26.583262  0.460454  0.001031  0.824177   2
  1  0  0.938300 12.344902 19.059239 26.150222  0.124545  0.179167  0.798614   4
  1  0  0.938300-31.575578  0.658456 17.341585 -0.435083  0.042428  0.700358   4
  1  0  0.938300 -3.834413  5.204567-29.362948  0.028465  0.043172  0.077591   1
  1  0  0.938300  5.883476  3.328797-36.434727  0.043459  0.119182  0.047228   1
  1  0  0.938300 -4.332917 33.446542 -2.947600 -0.003944  0.390122  0.447236   3
  1  0  0.938300  4.981953 -0.804083-41.765912  0.071348  0.063811 -0.116114   1
  1  0  0.938300 18.606929 -1.354934-23.991035  0.190634 -0.033702  0.144574   7
  1  0  0.938300 27.113821-12.040025  5.830905  0.278866 -0.160646  0.600452   7
  1  0  0.938300-30.003105  9.881565 22.230721 -0.261846  0.107937  0.784796   3
  1  0  0.938300-11.202903-10.154369-13.281794 -0.155341 -0.152869  0.262417   2
  1  0  0.938300 24.672860-22.038256  2.724194  0.288771 -0.252643  0.485032   2
  1  0  0.938300 36.221246-12.628756 10.135263  0.428618 -0.227182  0.612264   2
  1  0  0.938300 -4.236088-24.028753 12.858065 -0.029203 -0.207862  0.596816   6
  1  0  0.938300 13.060495-11.064410-35.735330  0.128680 -0.142070 -0.083393   7
  1  0  0.938300 12.368905 -4.862772  7.532739  0.121856 -0.054328  0.589734   4
  1  0  0.938300  7.479847  2.540697-36.345719  0.050784  0.064119 -0.058283   1
  1  0  0.938300  7.431693 -8.761723-32.396206  0.087595 -0.049126  0.027507   1
  1  0  0.938300  4.800613 24.598096 18.406700  0.092804  0.218033  0.689033   4
  1  0  0.938300-12.849533 -7.410851-28.573853 -0.185929 -0.111411  0.104080   2
  1  0  0.938300-14.268380-32.440697 13.732287 -0.191267 -0.410951  0.694244   3
  1  0  0.938300 -1.224388 18.608077-35.713569 -0.052210  0.128744  0.000665   1
  1  0  0.938300-17.266747-38.806792 -7.982422 -0.169873 -0.450135  0.354256   3
  1  0  0.938300-14.399781  4.314556-24.490191 -0.277668  0.069966  0.134355   2
  1  0  0.938300 -4.620198 -5.487308-17.248758 -0.133231 -0.088593  0.237024   1
  1  1  0.938300 -9.216948-26.926064-22.832989 -0.058618 -0.280445  0.154792   6
  1  0  0.938300 -1.568290-16.943327-36.831967  0.038947 -0.217111 -0.022321   2
  1  0  0.938300 -9.847240 13.346960-33.216430 -0.155263  0.205481  0.000614   2
  1  0  0.938300 20.217510 -4.056225-20.702572  0.225924 -0.010827  0.157383   6
  1  0  0.938300 31.666319-30.549080-23.530875  0.335281 -0.307186  0.179674   2
  1  0  0.938300-27.838625-25.547725-21.602766 -0.330311 -0.257437  0.241621   9
  1  0  0.938300-31.757557 12.150858-31.958582 -0.334373  0.110534  0.110532   2
  1  0  0.938300  8.325572-13.128398  3.749770  0.144523 -0.100954  0.512626   7
  1  0  0.938300-11.974126-13.705920  1.280413 -0.108850 -0.172630  0.484025   4
  1  0  0.938300  9.358769-23.205221-31.979687  0.103793 -0.200584  0.053949   2
  1  0  0.938300-10.430636 25.803047 27.220570 -0.072397  0.300618  0.915364   6
  1  0  0.938300 15.016596-10.993549-34.939751  0.126093 -0.080036  0.088717   1
  1  0  0.938300-21.301311 22.920218 -3.042717 -0.210935  0.265159  0.377337   5
  1  0  0.938300 25.553167-24.576484-23.684834  0.310955 -0.296183  0.165910   3
  1  1  0.938300 17.780967 16.765077  9.123584  0.138696  0.131915  0.548526   4
  1  0  0.938300-30.346555-27.715938 -5.777651 -0.308868 -0.355046  0.376414   3
  1  0  0.938300  2.233742  7.175630 -4.286979 -0.043656  0.064270  0.386223   2
  1  0  0.938300-32.715216-27.362084  0.030057 -0.480941 -0.284416  0.534855   3
  1  1  0.938300  6.901354-44.035281-42.070274  0.124315 -0.656381 -0.131021   4
  1  0  0.938300 33.405921 16.117197 -0.052331  0.309444  0.150009  0.457068   2
  1  0  0.938300 24.058832  7.121237-14.446621  0.289208  0.101394  0.276930   4
  1  0  0.938300 -9.356541 22.869291-33.792967 -0.117465  0.207652  0.038600   1
  1  0  0.938300 32.900002-29.277766-25.533086  0.384923 -0.287923  0.158161   3
  1  0  0.938300  6.937983-18.423991-22.584190  0.011764 -0.098177  0.159017   4
  1  0  0.938300 13.218692 15.135467-38.376247  0.123068  0.207183  0.006261   1
  1  0  0.938300-20.654123  0.012030 30.224241 -0.165558  0.065034  0.896294   5
  1  0  0.938300-13.282230 -1.080344-16.451382 -0.119284 -0.035332  0.283168   1
  1  0  0.938300 16.224993 -8.712458  2.135594  0.136280 -0.111968  0.463884   8
  1  0  0.938300  2.828595 13.855982 -1.168738  0.065141  0.197746  0.389869   6
  1  0  0.938300 -0.146904 28.658351-19.223772  0.042833  0.291914  0.251742   5
  1  0  0.938300  3.479480 11.242624 -6.643739 -0.026291  0.123618  0.323524   5
  1  0  0.938300  2.642359-14.891294-31.253585  0.037143 -0.192314 -0.010985   1
  1  0  0.938300 19.511546-18.491274-25.351900  0.237632 -0.191207  0.130452   3
  1  0  0.938300  8.079330 23.333618-15.152285  0.080073  0.194273  0.233536   3
  1  0  0.938300 11.918412 -5.929295 37.298309  0.138758 -0.111473  1.037375   3
  1  0  0.938300-35.547174 23.606977 12.887931 -0.368186  0.274377  0.603417   2
  1  0  0.938300-14.355103-12.291693-10.796538 -0.202530 -0.084371  0.379437   2
  1  0  0.938300  0.588882  6.662643 25.469396  0.070827  0.052652  0.711912   3
  1  0  0.938300-29.957410-12.166372 12.691676 -0.238818 -0.138733  0.607749   6
  1  0  0.938300 30.426925 24.609926-11.572878  0.349471  0.342988  0.339118   3
  1  0  0.938300-12.965257 14.882199-37.886737 -0.090814  0.128127 -0.074616   2
  1  0  0.938300-20.762692  2.147113 30.264921 -0.220528  0.083578  0.853296   2
  1  0  0.938300-47.572588-27.616833 -9.153824 -0.589187 -0.382304  0.414178   3
  1  0  0.938300-32.793938 -8.465291-22.549081 -0.445017 -0.068419  0.144090   4
  1  0  0.938300-13.944028  2.783149-24.348872 -0.173085 -0.051589  0.113977   1
  1  0  0.938300  7.400105 -3.558526-23.901696  0.081076 -0.057770  0.119846   5
  1  0  0.938300 42.719514 -3.197744 -2.727696  0.662602  0.010255  0.502729   5
  1  0  0.938300  9.630737  1.259881-25.594937  0.127226  0.016896  0.198990   4
  1  0  0.938300 11.981718 -3.449708 -7.544823  0.235705 -0.043160  0.401882   6
  1  0  0.938300 33.673003 -2.353148 27.299565  0.363060  0.021818  0.848069   4
  1  0  0.938300 10.536299-34.897873-13.211193  0.139232 -0.312647  0.326569   4
  1  0  0.938300 -0.838888-41.900478  4.284440  0.042149 -0.474287  0.550599   3
  1  1  0.938300 40.507813-27.360552 -9.929045  0.498302 -0.356392  0.420339   7
  1  0  0.938300  5.496021  6.493920 -1.026019  0.111558  0.029053  0.459434   1
  1  0  0.938300 17.007445 11.682973-14.719410  0.113749  0.112554  0.323050   5
  1  0  0.938300 16.523391  2.293123-28.227028  0.167844  0.093821  0.098025   4
  1  0  0.938300 17.949610 25.618681-37.190957  0.234996  0.410553 -0.009154   3
  1  0  0.938300  2.898356 15.279740-22.856230  0.022630  0.155612  0.118654   6
  1  0  0.938300  8.409992 26.914045-26.706623  0.194846  0.355406  0.110750  10
  1  1  0.938300 11.454652 21.682591 14.757006  0.069132  0.199252  0.641446   2
  1  0  0.938300  8.676862 19.402889  5.371753  0.112774  0.273821  0.457558   3
  1  0  0.938300 20.600311  8.345158 -2.841733  0.228971  0.086978  0.344703   2
  1  0  0.938300-30.396262-15.819521-11.383671 -0.294007 -0.103455  0.327020   2
  1  0  0.938300  0.977867 -0.630789-27.903854 -0.010139 -0.073864  0.169655   1
  1  0  0.938300  8.605155 29.220395 33.732143  0.117160  0.397619  1.068845   3
  1  0  0.938300 23.275886 -6.677481-26.715638  0.283190  0.005812  0.064642   7
  1  0  0.938300 35.454121-11.499608-39.905060  0.568563 -0.132334 -0.080839   2
  1  0  0.938300 -1.931706 -9.931852 30.311753 -0.056499 -0.154500  0.945017   4
  1  1  0.938300 25.499549-11.722166 36.261457  0.268756 -0.189539  1.082390  -3
  1  1  0.938300-18.554614  0.138195 -7.028750 -0.187051  0.024735  0.414201  -3
  1  1  0.938300 -0.530847 26.922526 -2.446260 -0.032977  0.233480  0.426416  -3
  1  1  0.938300 15.078922  1.476498 20.966471  0.153744  0.071715  0.692339  -1
  1  1  0.938300 15.911148-22.206242 41.507127  0.163640 -0.220027  1.068818  -1
  1  1  0.938300 20.542090 36.618059 17.175461  0.290076  0.454471  0.759811  -8
  1  1  0.938300-36.863097 16.908862 19.518742 -0.459352  0.150033  0.760033  -2
  1  1  0.938300  1.195338-36.319575 18.771841 -0.031015 -0.452569  0.779268  -4
  1  1  0.938300 22.855677  4.926454 16.201348  0.304299  0.030322  0.732181  -6
  1  1  0.938300  3.433944 17.151720 18.109463  0.033249  0.127054  0.647947  -3
  1  1  0.938300 -7.817632  6.703482-14.417436 -0.108107  0.047139  0.255457  -2
  1  1  0.938300-36.400911 10.930009 22.784843 -0.384286  0.123861  0.778749  -4
  1  0  0.938300 22.818624-37.353258 17.376710  0.345188 -0.480842  0.799581  -7
  1  1  0.938300 17.842890 34.921438 28.014455  0.246689  0.377289  0.877305  -4
  1  1  0.938300-24.212155  3.994215  5.794187 -0.304979  0.112874  0.562432  -5
  1  1  0.938300 -9.614146 12.090729-23.924984 -0.043670  0.089730  0.162337  -3
  1  1  0.938300-10.958254 -5.460309 23.008658 -0.179473 -0.044694  0.713147 -10
  1  1  0.938300 18.060822-17.424773 -8.979322  0.164946 -0.219208  0.302160  -4
  1  1  0.938300 23.488005-42.888650-12.756587  0.356752 -0.624093  0.352237  -4
  1  1  0.938300  4.691776-25.508335 17.683504  0.138052 -0.322767  0.775224 -11
  1  0  0.938300 32.957310  6.737372-21.114082  0.435716  0.031384  0.164906  -3
  1  1  0.938300 -1.748089 19.610646  7.989458 -0.032927  0.151251  0.521211  -2
  1  1  0.938300-11.681306  4.629248 19.275236 -0.086463  0.026361  0.670640  -1
  1  1  0.938300 -2.513475  0.643317 24.250428 -0.002260 -0.001535  0.730035  -1
  1  0  0.938300 -9.749527 -9.355701-14.151841 -0.098649 -0.100799  0.340908  -4
  1  1  0.938300-16.486537-25.044170 38.682480 -0.188456 -0.274308  1.088563  -5
  1  0  0.938300 46.894182  5.020542  4.401643  0.693349  0.038567  0.677318  -5
  1  1  0.938300 16.419821  8.892789 14.663967  0.139563  0.106235  0.644342  -3
  1  0  0.938300 12.489631 18.513784 -2.824124  0.097971  0.238680  0.425281  -5
  1  1  0.938300 14.455482 23.848366 -1.714122  0.207001  0.255497  0.477790  -4
  1  1  0.938300 -7.306438-44.454928 10.970823 -0.095339 -0.472566  0.652118  -2
  1  1  0.938300 17.120730-10.635525 41.852836  0.204231 -0.151268  1.146581  -1
  1  1  0.938300 16.938688  0.018873 -0.109409  0.137139  0.087758  0.501531  -4
  1  1  0.938300  6.699369-15.693968 22.859834  0.071438 -0.098424  0.671628  -1
  1  1  0.938300  4.541270 -8.813042 10.751994  0.052428 -0.109212  0.593839  -4
  1  1  0.938300-19.391074-18.999507-20.301075 -0.185110 -0.187157  0.217405  -3
  1  1  0.938300-22.122378 -5.344389 16.179470 -0.286262 -0.109913  0.639875  -5
  1  0  0.938300 22.537615 -0.129617-18.420436  0.202727 -0.015835  0.158563 -10
  1  1  0.938300 23.081859 11.667781  3.476808  0.206619  0.141464  0.474822  -3
  1  1  0.938300 -2.785482 -2.377248 -5.428911 -0.036186 -0.065057  0.337512  -7
  1  1  0.938300 12.731958  8.065900 20.208852  0.096918  0.152385  0.792815  -4
  1  1  0.938300-23.375298 26.459585-13.494252 -0.260367  0.296384  0.288992  -4
  1  1  0.938300 -2.547034-13.934067  4.971829 -0.103319 -0.192415  0.508323  -4
  1  1  0.938300 11.056521 16.488232 30.629878  0.085139  0.193427  0.806687  -1
  1  1  0.938300  2.947324 15.580727 38.088606  0.033769  0.091477  1.047839  -1
  1  1  0.938300 10.536568  0.089127 28.676800  0.069839  0.036471  0.841455  -3
  1  1  0.938300  7.146526-13.355731-23.616671  0.058442 -0.082944  0.176241  -4
  1  1  0.938300 -3.690099-29.488426 22.481677  0.015803 -0.299125  0.763852  -2
  1  1  0.938300 33.001578-40.827031-31.140228  0.398792 -0.494735  0.113005  -3
  1  1  0.938300 20.563590 -0.074289-35.000302  0.196170  0.081065  0.036989  -6
  1  1  0.938300-52.255773  2.200486 -9.011710 -0.605187  0.058540  0.402910  -6
  1  1  0.938300-23.632876 42.253958 -5.688493 -0.236296  0.489905  0.442762  -4
  1  1  0.938300  6.103981 -5.986876  9.988165  0.017689 -0.054346  0.579685  -6
  1  1  0.938300 -4.618024 22.413921 18.485364 -0.044054  0.195268  0.659287  -3
  1  1  0.938300  6.605550-18.427832  8.714068  0.123904 -0.161728  0.554534  -2
  1  1  0.938300 27.740652-12.975534 21.117764  0.326537 -0.172278  0.844588  -2
  1  1  0.938300  7.557126 32.177446 42.960427  0.115830  0.410017  1.178428  -3
  1  1  0.938300 37.281915  8.122537 -2.341579  0.412751  0.128922  0.354066  -7
  1  1  0.938300  1.423057 10.772831 29.531789 -0.062196  0.110448  0.853047  -1
  1  1  0.938300 30.881812-24.889749-27.147786  0.375109 -0.266466  0.059780  -4
  1  1  0.938300  7.618540 37.234144  7.917006  0.095020  0.387252  0.575752 -10
  1  1  0.938300 -2.115212  7.071878 -3.011296 -0.072277  0.124033  0.416907  -7
  1  1  0.938300  2.670646 -9.239645 -2.410387  0.034283 -0.043479  0.474380  -5
  1  1  0.938300-39.737697-29.391730 -6.265078 -0.471927 -0.364124  0.464429  -2
  1  1  0.938300-21.224769  7.482032  8.401866 -0.209831  0.131816  0.619148  -3
  1  1  0.938300  0.605739 30.007486 14.242002  0.009557  0.304448  0.634230  -7
  1  1  0.938300 22.188198 -0.579017 11.110495  0.252644 -0.074201  0.568169  -3
  1  1  0.938300  9.090492 16.677014-12.537408  0.087543  0.227481  0.283822  -7
  1  1  0.938300-40.716659 18.971584-12.211157 -0.552917  0.236884  0.347358  -4
  1  1  0.938300 21.535816  0.880119 11.483396  0.162053 -0.032811  0.553916  -4
  1  1  0.938300-22.365643 19.224354 15.027424 -0.214047  0.225466  0.686323  -7
  1  0  0.938300-12.491365  8.261129 12.078577 -0.152428  0.054699  0.656272  -2
  1  1  0.938300 12.907064 11.457628 38.304485  0.219498  0.038785  1.075179  -2
  1  1  0.938300-35.481024  4.831511 15.741293 -0.433020  0.063912  0.699425  -3
  1  1  0.938300 11.624215 27.273108  8.903687  0.087164  0.295579  0.611186  -3
  1  1  0.938300-41.230434 -8.221893 24.472951 -0.510737 -0.087228  0.939096  -5
  1  1  0.938300-33.317331 10.711344 11.379799 -0.324220  0.145894  0.627530  -3
  1  1  0.938300 -8.135773  2.405885 21.745480 -0.113897  0.035449  0.714877  -3
  1  1  0.938300-26.121809  0.153561 16.474367 -0.282801  0.050902  0.695030  -3
  1  1  0.938300 33.781882-20.528708-10.330985  0.332432 -0.234692  0.358071  -3
  1  0  0.938300-20.631683 16.959643 17.054669 -0.224526  0.148718  0.661426  -6
  1  0  0.938300 18.628487 12.097428 28.880475  0.133742  0.190803  0.791180  -3
  1  0  0.938300 20.970944 29.647329 -9.543197  0.239350  0.356863  0.346690  -5
  1  0  0.938300-22.198753 -4.286542 21.086900 -0.195803 -0.098006  0.736789  -2
  1  0  0.938300-15.249118 25.736001  1.580906 -0.178866  0.261712  0.452403  -5
  1  0  0.938300-30.705260 -2.927643 19.675674 -0.299000  0.002382  0.724945  -6
  1  0  0.938300 -2.664205 26.485388 -0.956784 -0.102273  0.352264  0.463701  -7
  1  1  0.938300 18.445297-19.708599 13.504667  0.177026 -0.205175  0.618012  -3
  1  0  0.938300 10.644443-15.645616 29.206430  0.072364 -0.105041  0.890740  -1
  1  0  0.938300 26.343329 -2.686754 -2.018077  0.268661 -0.055126  0.440031  -4
  1  0  0.938300-17.895364  2.293591-18.912605 -0.188914  0.032588  0.168148  -7
  1  0  0.938300 13.907243-19.544325 15.930595  0.145247 -0.165281  0.647666  -5
  1  0  0.938300 10.862777-10.991079-24.116237  0.105895 -0.114736  0.210945  -4
  1  0  0.938300  3.512506  9.836245 26.540656  0.074975  0.148370  0.856770  -1
  1  0  0.938300  4.624165 -4.161906 -8.288280  0.060691 -0.069521  0.357598  -5
  1  0  0.938300  6.622206 -7.701568  9.657555  0.079757 -0.011012  0.563399  -2
  1  0  0.938300  0.230735 -6.712650-19.322844  0.061732 -0.072549  0.246923  -6
  1  0  0.938300-15.042700-27.698846 29.376272 -0.126923 -0.299263  0.826473  -2
  1  0  0.938300-13.315252-10.122865 20.395038 -0.169744 -0.086715  0.806692  -4
  1  0  0.938300 11.456082-25.122365 21.614122  0.088469 -0.347636  0.744429  -4
  1  0  0.938300  4.934116 17.762999-12.336378  0.037257  0.167470  0.309999  -2
  1  0  0.938300 29.884491 -4.705535  8.226013  0.258509 -0.104658  0.540798  -5
  1  0  0.938300 17.380828  0.995023  0.793966  0.115852 -0.023813  0.420176  -4
  1  0  0.938300 13.387680-17.702691-22.322717  0.210336 -0.153436  0.173618  -3
  1  0  0.938300 -2.503052-24.509326 -5.339660  0.023972 -0.282982  0.405504  -5
  1  0  0.938300 26.029075 -5.104492-10.463541  0.272914 -0.057388  0.345599  -5
  1  1  0.938300  5.012712-16.678145-10.086601  0.043572 -0.239384  0.325555  -3
  1  0  0.938300 14.650254  2.186299 22.224436  0.093984  0.089011  0.792019  -3
  1  0  0.938300 -7.402200 11.380881-16.653633 -0.079645  0.051539  0.221448  -3
  1  0  0.938300 -9.796584  4.235613 22.654158 -0.057580  0.013476  0.708177  -3
  1  0  0.938300 14.375226  3.499979 -2.427230  0.183729  0.073840  0.381135  -6
  1  0  0.938300-11.294242 -0.103306-25.498446 -0.053855  0.002599  0.120096  -4
  1  0  0.938300 26.654226  7.352648  4.181879  0.296157  0.070679  0.506796  -2
  1  0  0.938300-14.222551  9.189220 -5.508066 -0.075997  0.133985  0.387663  -4
  1  0  0.938300-43.388316-13.374120  5.681668 -0.542492 -0.112609  0.624262  -5
  1  0  0.938300 33.222449  8.686668-15.495933  0.447474  0.167034  0.275313  -4
  1  0  0.938300 11.976420 -5.980709 33.619788  0.139652  0.009787  0.904071  -5
  1  0  0.938300  7.153753  3.664590 31.463487  0.078481 -0.001340  0.804915  -2
  1  0  0.938300 36.144426-22.847155  7.487545  0.441998 -0.331291  0.715701  -2
  1  0  0.938300 12.262093-17.226916 17.359716  0.108879 -0.154305  0.629919  -4
  1  0  0.938300-33.122847 -4.741538  1.219352 -0.369179 -0.027634  0.447926  -6
  1  0  0.938300-22.408642-25.760760-18.447942 -0.261615 -0.206421  0.245700  -4
  1  1  0.938300-36.664276 17.256662  2.306384 -0.408127  0.153354  0.516713  -3
  1  0  0.938300 23.527914 -0.496531 -1.239127  0.248122 -0.005624  0.381815  -4
  1  0  0.938300-18.347436-27.643758  5.562165 -0.203698 -0.354699  0.478258  -2
  1  0  0.938300 -2.413511 23.459297-27.334980  0.033604  0.191724  0.167087  -6
  1  0  0.938300  4.016190-22.428619-28.669152 -0.043479 -0.262312  0.073051  -6
  1  0  0.938300-35.583911-14.100450 15.261542 -0.378083 -0.161990  0.679349  -7
  1  0  0.938300 -1.934836  3.480309 -2.841810  0.067163  0.040357  0.362372  -2
  1  0  0.938300  7.703845-22.513387-26.221159  0.045009 -0.186864  0.125694  -3
  1  0  0.938300 12.694321-26.902702 -7.213948  0.123900 -0.223171  0.352521  -4
  1  0  0.938300-31.764010-10.123020  4.421694 -0.351494 -0.100351  0.533747  -5
  1  0  0.938300-20.477863 26.820622-13.429669 -0.186153  0.290771  0.308357  -2
  1  0  0.938300 23.713002  4.228374 -8.876465  0.277347  0.066527  0.337047  -3
  1  0  0.938300-20.158107 -7.074238 27.094947 -0.240999 -0.060801  0.875659  -2
  1  0  0.938300 -5.801695-22.064630 -3.124063 -0.056556 -0.200822  0.493042  -3
  1  0  0.938300  8.523369-18.191300 32.753188  0.027486 -0.158244  0.874428  -4
  1  0  0.938300-22.901130 -3.899427 34.577300 -0.172397  0.018992  0.917196  -2
  1  0  0.938300-10.678458  7.134624 20.623690 -0.091836  0.064462  0.740432  -1
  1  1  0.938300-21.915869 -5.539985 11.262467 -0.294168 -0.099343  0.631691  -4
  1  0  0.938300 12.877556-16.070899 20.071444  0.121233 -0.198176  0.787063  -6
  1  0  0.938300-45.198179 -7.232545  4.803133 -0.523385 -0.086310  0.612538  -2
  1  1  0.938300-12.258386-19.966166 -4.148809 -0.118474 -0.208719  0.393959  -6
  1  0  0.938300 16.456323  9.994529 17.443969  0.188269  0.094229  0.710797  -2
  1  0  0.938300 -2.005108-19.890584-38.390025 -0.013870 -0.265931 -0.009560  -7
  1  0  0.938300  6.474622 11.772839 43.003196  0.054683  0.126777  1.079113  -1
  1  0  0.938300  6.759655-11.106118 13.070327  0.013679 -0.132347  0.606939  -3
  1  0  0.938300-15.872119  4.803551-22.781570 -0.151411  0.041038  0.190810  -4
  1  0  0.938300  5.759700 13.604645 26.152514  0.000420  0.049109  0.753911  -4
  1  0  0.938300 -9.685687-19.927786 10.192984 -0.107033 -0.289338  0.616237  -3
  1  0  0.938300-22.499881  9.614728 -4.782008 -0.205707  0.092293  0.373603  -7
  1  0  0.938300  7.079699 31.181816 37.195657  0.105236  0.389372  1.025210  -3
  1  0  0.938300 -6.073103-18.804789 36.768861 -0.069619 -0.143525  0.916034  -2
  1  0  0.938300 -1.664081 11.059556 39.115481 -0.063870  0.067285  1.005380  -1
  1  0  0.938300  5.755417  1.741925 28.441289  0.147983  0.018153  0.862174  -2
  1  0  0.938300-29.341062 16.650861 18.194167 -0.277290  0.141849  0.651785  -3
  1  0  0.938300  4.681335 10.114281 25.413266 -0.029639  0.147805  0.739178  -1
  1  0  0.938300-24.504461 21.148626 10.244031 -0.248860  0.239430  0.603503  -4
  1  0  0.938300 -9.761740-27.891218 -4.112152 -0.016884 -0.318885  0.420365  -2
  1  0  0.938300-38.714169-17.681310  2.742219 -0.447405 -0.208152  0.523877  -4
  1  0  0.938300 -8.039706  3.901240 43.277099 -0.096942 -0.042664  1.045115  -1
  1  0  0.938300 33.501721 19.836153 36.592939  0.488738  0.212315  1.080906  -4
  1  0  0.938300 11.042058 52.360606 26.288919  0.131141  0.732285  1.042898  -4
  1  0  0.938300 -8.278840  7.422600 28.898443 -0.073414  0.050717  0.809992  -1
  1  0  0.938300-13.999618 19.975265  4.109463 -0.138821  0.212657  0.484316  -6
  1  0  0.938300-23.802642-31.475065-10.223450 -0.250059 -0.345882  0.343275  -4
  1  1  0.938300 29.996721  6.939025 -5.328526  0.375350  0.128735  0.415217  -8
  1  0  0.938300 19.966487-10.616103 26.263373  0.214504 -0.127160  0.772540  -3
  1  0  0.938300  5.981488 -8.771327 24.951392  0.086060 -0.003117  0.638630  -1
  1  0  0.938300 -7.237553  4.295424 34.893343 -0.041739 -0.019267  0.942515  -1
  1  0  0.938300 -7.179247 -2.978710 46.925835 -0.063758 -0.032487  1.039367  -1
  1  0  0.938300 -5.598297 52.406718 19.402959 -0.038835  0.690356  0.870959  -5
  1  0  0.938300 -6.207505 10.434697 26.204200 -0.134338  0.129803  0.698510  -2
  1  0  0.938300 -8.956913  1.303392 42.784241 -0.132158 -0.037505  1.035869  -2
  1  0  0.938300-15.327336 15.325095 15.483756 -0.203074  0.193014  0.719420  -6
  1  0  0.938300 -7.373983 25.240529 21.079822 -0.127907  0.304357  0.761128  -6
  1  0  0.938300-10.586134-32.830386  8.474723 -0.124362 -0.334037  0.585734  -4
  1  0  0.938300  0.220136 -5.272263-14.680865 -0.014487  0.005136  0.294793  -2
  1  1  0.938300 26.694028 15.185219  1.023274  0.401390  0.209697  0.472854  -3
  1  0  0.938300-10.715693 12.500343 35.317491 -0.078544  0.161073  0.939402  -1
  1  0  0.938300 39.024298-22.477022-31.571977  0.579597 -0.250764  0.105977  -4
  1  1  0.938300  5.810298 24.126827-28.496672  0.017800  0.282805  0.131334  -4
  1  0  0.938300 13.838610 16.832158 15.024779  0.189066  0.120391  0.635056 -11
  1  0  0.938300  0.840938-12.760008 25.937266  0.015002 -0.149653  0.821403  -1
  1  0  0.938300-10.730860-12.832541 33.334112 -0.105172 -0.177554  0.977394  -1
  1  0  0.938300-12.303837 10.917819 19.759109 -0.138752  0.079565  0.699771  -3
  1  0  0.938300 -4.027178 17.918960-13.057901 -0.043874  0.141264  0.262517  -5
  1  0  0.938300 24.244666 -4.544917 25.125705  0.275341 -0.052265  0.817738  -2
  1  0  0.938300 13.106374 -8.112779 36.149324  0.122354 -0.078737  1.003138  -1
  1  0  0.938300  0.978172-23.973202-11.781585  0.086245 -0.342677  0.351288  -3
  1  0  0.938300  5.256995-16.929462 21.699278  0.028515 -0.177379  0.697715  -4
  1  0  0.938300  7.080430 14.706302 17.183807  0.063130  0.162232  0.573627  -2
  1  0  0.938300 -2.648373  3.050560 32.166549 -0.004102  0.060742  0.849607  -2
  1  0  0.938300  4.928069 21.921043 44.392436  0.026631  0.282656  1.125498  -3
  1  0  0.938300 14.286209 34.948615 -7.617332  0.238366  0.504599  0.385749  -5
  1  0  0.938300 -9.778365 33.392867-16.637891 -0.145117  0.398751  0.256166  -5
  1  0  0.938300 19.271616-11.790429 -1.184740  0.160321 -0.136257  0.360305  -3