  1  1  0.938300 16.187960-28.456604 25.838913  0.238180 -0.298707  0.890488   2
  1  1  0.938300-10.728044 26.647035 -2.783143 -0.119000  0.201119  0.427669   5
  1  0  0.938300-13.248535 23.214921 -0.287524 -0.104797  0.243295  0.398865   5
  1  1  0.938300 14.226617 -0.394381-18.917605  0.092618 -0.053037  0.188148   1
  1  1  0.938300-31.364514  9.508204 19.406575 -0.416216  0.037720  0.767014   4
  1  1  0.938300  6.582132 11.684603-10.537169  0.070697  0.171890  0.283614   3
  1  1  0.938300-33.847159-22.030072-10.654645 -0.428986 -0.219755  0.308784   6
  1  1  0.938300 21.164383  5.533228 23.845072  0.136826  0.050599  0.760216   5
  1  1  0.938300-35.903831 15.475539-38.971196 -0.437042  0.179704 -0.066523   4
  1  1  0.938300 43.378214 10.073096  5.136346  0.571386  0.138853  0.561684   2
  1  1  0.938300-21.451303-16.899617 13.091031 -0.308279 -0.149849  0.672655   4
  1  1  0.938300  4.129534 19.499080-19.516776  0.045806  0.167945  0.174573   3
  1  1  0.938300 -3.121723 21.175956-25.943762 -0.009094  0.218718  0.117440   1
  1  1  0.938300 22.101853 26.784696 -9.671642  0.298051  0.321628  0.341760   8
  1  1  0.938300 24.906331-29.797338-16.717088  0.229707 -0.326035  0.284089   2
  1  1  0.938300 29.501528-16.822712  3.195606  0.396734 -0.208314  0.540206   4
  1  1  0.938300 24.296377 30.994771 -0.137145  0.256608  0.446815  0.531028   2
  1  1  0.938300-22.850819-21.744930 -0.576945 -0.244709 -0.290737  0.462411   3
  1  1  0.938300-15.104116  4.894839-12.381089 -0.125488  0.061239  0.276814   4
  1  1  0.938300 -0.489863 10.726657-36.611303 -0.004065  0.056109  0.010932   1
  1  1  0.938300  6.164066 17.112931-41.600903  0.062819  0.172642 -0.049629   1
  1  1  0.938300-31.432142 -3.955589 28.299017 -0.378484 -0.086465  0.897419   6
  1  1  0.938300-16.665801  9.738611  8.885839 -0.179091  0.090427  0.540551   8
  1  1  0.938300 -4.262873  5.981785-13.358917 -0.032201  0.058358  0.297863   4
  1  1  0.938300 24.499040 -0.376407 10.926299  0.292944  0.025742  0.592712   5
  1  1  0.938300-31.582525-26.568568 11.949027 -0.331895 -0.350252  0.625204   3
  1  1  0.938300-30.786003 30.794193 -5.911313 -0.434461  0.400261  0.399365   7
  1  1  0.938300  3.595995-12.148006  2.273123  0.011038 -0.115504  0.473648   8
  1  1  0.938300  0.665959 48.564516 -6.801500  0.023226  0.569280  0.374158   4
  1  1  0.938300 25.810378  3.808310-21.637025  0.228584  0.129737  0.193642   2
  1  1  0.938300-11.936847  0.089614 -2.469790 -0.112860  0.002281  0.400378   2
  1  1  0.938300 32.872282-50.797864 -1.967282  0.412467 -0.707731  0.535026   3
  1  1  0.938300-11.046609  9.713060-18.230113 -0.176365  0.104191  0.233045   3
  1  1  0.938300 25.741772 -7.028313  0.709435  0.238278 -0.039987  0.401940   2
  1  1  0.938300 11.398040 -6.603328 -3.691903  0.107546  0.010452  0.429820   4
  1  1  0.938300 17.994495 -7.372770-28.964942  0.182360 -0.107298  0.027224   1
  1  1  0.938300-43.483984-36.600186  8.946624 -0.647757 -0.504269  0.710018   3
  1  1  0.938300 29.361098 12.849951 -4.859074  0.267602  0.108703  0.421372   4
  1  1  0.938300-11.029862-17.318984 31.395493 -0.186589 -0.162966  0.954174   3
  1  1  0.938300 -3.966415-13.223055-36.028902 -0.082382 -0.092574 -0.038433   1
  1  1  0.938300 34.598679-30.495165  8.290282  0.377155 -0.408142  0.614305   3
  1  1  0.938300 22.352537 18.361041  5.392864  0.171318  0.192782  0.509799   3
  1  1  0.938300-35.065610 -5.211394 31.530725 -0.550465 -0.090015  0.990985   4
  1  1  0.938300  3.275157 17.322215-24.003803  0.052473  0.136207  0.119119   1
  1  1  0.938300 -8.100429 -6.240448-40.900744 -0.098398 -0.033414 -0.086229   1
  1  1  0.938300-15.128075-25.541061 13.853395 -0.246789 -0.245325  0.625770   3
  1  1  0.938300  7.390611 13.376629-21.481036  0.016839  0.185012  0.178990   2
  1  1  0.938300  6.698525 17.470726-20.512724  0.121547  0.184991  0.277614   1
  1  1  0.938300 19.007950  8.586435 24.840454  0.144472  0.059574  0.860104   3
  1  1  0.938300-24.202920 33.300778 -8.284415 -0.241678  0.425074  0.345594   2
  1  1  0.938300 -7.527455-12.704614-32.567402 -0.065885 -0.089057  0.084153   1
  1  1  0.938300 18.312728  2.470257 -2.878732  0.182470  0.020428  0.391695   3
  1  1  0.938300 -6.798615  3.514433-36.929907 -0.092084  0.028786  0.040257   1
  1  1  0.938300 13.245668 23.944576-34.416642  0.130118  0.302388  0.027480   2
  1  1  0.938300 -7.573423 23.159731-44.423752 -0.113528  0.277698 -0.149795   2
  1  1  0.938300-35.898757 -5.661266 30.609769 -0.443427 -0.032829  0.884324   2
  1  1  0.938300-27.517383-14.744550  0.861666 -0.270505 -0.170198  0.385024   3
  1  1  0.938300-41.371398  4.206376 -8.193618 -0.513084  0.108461  0.361585   2
  1  1  0.938300 13.625929  4.504373-38.685816  0.164388 -0.027529 -0.052094   2
  1  1  0.938300 -1.807350-13.022208-12.832272 -0.088633 -0.256243  0.290777   4
  1  1  0.938300 27.635488-16.755916 25.480819  0.239666 -0.190174  0.804748   2
  1  1  0.938300 -7.178770 25.164580-18.483417 -0.134285  0.359327  0.279635   2
  1  1  0.938300 15.202046  3.945948-16.439106  0.173766  0.039827  0.212555   3
  1  1  0.938300 31.627790 12.249428 11.596582  0.388536  0.089034  0.618715   6
  1  1  0.938300 -1.333783 19.181085 24.532205  0.014074  0.174629  0.779656   9
  1  1  0.938300 15.262009-15.059187-32.709937  0.148024 -0.141522  0.025965   1
  1  1  0.938300  1.381012-21.010196-23.368209 -0.005591 -0.206524  0.213988   2
  1  1  0.938300  8.343675-28.315316-44.877259  0.126104 -0.324170 -0.134988   2
  1  1  0.938300 29.244062 30.904302 26.109782  0.426793  0.366945  0.983592   5
  1  1  0.938300-14.388085 17.005818-23.246055 -0.156553  0.218156  0.147676   5
  1  1  0.938300 38.013529-11.448121  5.455835  0.526821 -0.196921  0.546583   2
  1  1  0.938300-23.024317 15.333933-26.191777 -0.360921  0.206281  0.129886   3
  1  1  0.938300 40.217572-26.901702 -7.245189  0.593796 -0.313792  0.369168   6
  1  1  0.938300 16.046988-31.101191 -7.151918  0.169371 -0.407540  0.437032   3
  1  1  0.938300 -6.212761 -0.655398-19.115470 -0.090015  0.071367  0.180157   1
  1  1  0.938300 20.077023 36.899952-13.749313  0.264883  0.491334  0.250318   4
  1  1  0.938300 27.343939-18.781258 17.539932  0.310733 -0.205758  0.671954   3
  1  0  0.938300 16.938331-15.021476  2.360974  0.264380 -0.209547  0.492889   4
  1  1  0.938300 16.572530 -6.307018  2.359803  0.247053 -0.105762  0.461398   4
  1  0  0.938300-14.502130-23.539435-19.748433 -0.210130 -0.259006  0.191372   4
  1  0  0.938300-14.077386 12.567839-32.612625 -0.172196  0.107283  0.032941   1
  1  1  0.938300  0.345809-50.800165 29.980752 -0.009775 -0.664459  0.996571   2
  1  0  0.938300 -6.160415-41.338148  8.796605 -0.030508 -0.418553  0.604330   2
  1  0  0.938300-27.155303-14.022851  5.480489 -0.304790 -0.185988  0.547851   5
  1  0  0.938300-44.968919-23.149607 -1.313021 -0.527701 -0.227629  0.516799   2
  1  0  0.938300-20.302202 10.442310-28.834706 -0.264243  0.167573  0.143892   1
  1  0  0.938300-27.906390-38.879685-16.540221 -0.306010 -0.489782  0.294161   3
  1  0  0.938300 -5.185297 49.669901 24.283234 -0.068749  0.625343  0.916499   3
  1  0  0.938300 -9.948139 -7.252413-36.312243 -0.088730 -0.008321  0.069342   1
  1  0  0.938300 -6.468696 -3.505687-33.778925 -0.055604  0.025720  0.107563   1
  1  0  0.938300  6.298255 16.583998-19.469727  0.108855  0.210481  0.228004   1
  1  0  0.938300-21.419953 -9.505961-29.444071 -0.245191 -0.147423  0.044473   6
  1  0  0.938300-15.114418 11.284057 37.872559 -0.143246  0.072927  1.050174   2
  1  0  0.938300-36.782428  1.019699  9.227249 -0.422556 -0.018753  0.583638   7
  1  0  0.938300  2.132516-12.062615-32.563671  0.021175 -0.068558  0.092941   2
  1  0  0.938300-23.681603 23.233949-10.632919 -0.234869  0.297473  0.282088   2
  1  0  0.938300 -0.419413-10.575241-26.916018  0.063429 -0.073215  0.114916   1
  1  0  0.938300-22.958596 -7.613542 -2.600206 -0.263286 -0.093803  0.424301   6
  1  0  0.938300 17.608754 -4.981524 39.520477  0.204759 -0.082151  1.063562   4
  1  0  0.938300-26.871881-15.510846 -9.014810 -0.260478 -0.140726  0.309645   3
  1  0  0.938300 -7.366526 40.791603  9.222656 -0.094180  0.536912  0.646975   3
  1  0  0.938300 20.560778 -4.588103 16.478337  0.241915 -0.067781  0.686359  10
  1  0  0.938300-30.706936  0.692037 11.149114 -0.397018 -0.004389  0.554961   3
  1  0  0.938300-10.282408-12.988393 37.381888 -0.099134 -0.133289  0.937924   5
  1  0  0.938300-12.628144 32.910909 19.109531 -0.134499  0.340768  0.729677   5
  1  0  0.938300 11.586545  7.708139-45.903296  0.181563  0.040011 -0.163395   3
  1  0  0.938300-28.022740 -5.311825-14.517358 -0.260848 -0.059150  0.292335   8
  1  0  0.938300  4.700511  8.452887-23.450243  0.002343  0.099002  0.153007   3
  1  0  0.938300  7.598273-23.007240  4.937412  0.108338 -0.188883  0.508256   2
  1  0  0.938300  5.346321-12.475975-32.643221 -0.023502 -0.086911  0.067940   1
  1  0  0.938300 -8.128897 -2.133091-34.353862 -0.062325 -0.087412  0.051502   1
  1  0  0.938300 20.387652 30.026746 18.412633  0.327991  0.335907  0.805612   2
  1  0  0.938300 -3.089977 -9.887794 30.109586  0.006365 -0.096706  0.894030   4
  1  0  0.938300 -6.423026-22.308704 27.881510 -0.065962 -0.332529  0.833074   5
  1  0  0.938300-32.933798-18.780197-32.250520 -0.352080 -0.194144  0.062803   3
  1  0  0.938300  1.491273 -2.318713-30.916890  0.010943  0.019961  0.162061   4
  1  0  0.938300 19.940449-41.328160 23.225369  0.228257 -0.562307  0.913667   6
  1  0  0.938300  9.811294 -6.868105 21.726112  0.039515 -0.080080  0.755119   6
  1  0  0.938300-10.427348 14.994130-31.723702 -0.084783  0.149528  0.098627   1
  1  0  0.938300  5.222977 23.301674  2.251345  0.044899  0.212757  0.473532   8
  1  0  0.938300 14.865405-12.655355-28.741056  0.132227 -0.204621  0.173510   1
  1  1  0.938300-23.000162-26.015573-15.167599 -0.300468 -0.242138  0.253780   3
  1  0  0.938300 12.843886 -6.400421 39.448903  0.131204 -0.098625  1.117209   6
  1  0  0.938300 32.729914  5.506428 -1.198128  0.297441  0.022341  0.449146   4
  1  0  0.938300  1.017202  4.274820  4.047433  0.072599  0.041590  0.478491   2
  1  0  0.938300 12.871036 -8.546017-37.304367  0.081229 -0.094596 -0.026725   1
  1  0  0.938300-12.059995 17.082399-32.385778 -0.184780  0.157747  0.026888   3
  1  1  0.938300  1.800350-24.759512 -4.674618  0.069910 -0.241713  0.420148   6
  1  0  0.938300 12.066851-49.279808 -4.377703  0.155550 -0.634522  0.483740   8
  1  0  0.938300  7.859263 17.653658-18.991829  0.077313  0.216100  0.187664   4
  1  0  0.938300 26.091090 -0.409998 -9.908329  0.247185 -0.037482  0.281677   3
  1  0  0.938300  4.220914  9.701242-25.401291  0.035496  0.029898  0.131371   1
  1  0  0.938300 -1.693803-24.615637  3.530652 -0.003827 -0.208146  0.461128   6
  1  0  0.938300  3.932609 -7.231745 17.269260  0.053734 -0.121247  0.666046   4
  1  0  0.938300 -6.894565 13.243000-41.395596 -0.146830  0.103097 -0.084206   4
  1  0  0.938300  1.136446 -7.981961-21.053512 -0.009168 -0.077612  0.153562   1
  1  0  0.938300  4.105614  9.082587-36.591734 -0.006181  0.091813 -0.011809   1
  1  1  0.938300-31.025734 12.508620 21.980398 -0.366662  0.099906  0.792252   4
  1  0  0.938300  0.524208 -1.661903-13.540685  0.046524 -0.022775  0.255724   5
  1  0  0.938300 34.287444-31.046990 12.403851  0.440458 -0.379879  0.735620   7
  1  0  0.938300  0.758714  9.878196-40.398976  0.036922  0.049280  0.009955   1
  1  0  0.938300 -5.287667  5.130070 10.884969 -0.034271 -0.002395  0.549425   7
  1  0  0.938300 25.161680 13.008145  1.210111  0.247923  0.163232  0.463798   6
  1  0  0.938300 14.678315 20.048159 38.606750  0.192893  0.313818  0.979041   3
  1  0  0.938300-22.455578-30.671792-10.705535 -0.191214 -0.401089  0.358808   5
  1  0  0.938300 -8.150792 -0.161761-21.863522 -0.129941  0.027674  0.159373   1
  1  0  0.938300 18.478104 -8.709176  3.136209  0.194373 -0.118903  0.561627   4
  1  0  0.938300 -8.304442-27.960101  3.596995 -0.131832 -0.357807  0.496906   2
  1  0  0.938300-28.507615  9.665565-40.086230 -0.342514  0.123634  0.003032   3
  1  0  0.938300  9.431808-33.495626-35.235693  0.117766 -0.384880  0.067417   2
  1  0  0.938300-19.280389  3.779725-44.860404 -0.184497  0.054466 -0.098526   1
  1  0  0.938300-15.431318  2.145819 -8.217484 -0.174924  0.067131  0.326640   2
  1  0  0.938300 -0.078445 -2.605286-31.811414 -0.100388  0.018126  0.107520   1
  1  0  0.938300 -8.282992-20.595252 -6.675799 -0.073672 -0.136253  0.370039   3
  1  0  0.938300 -9.700044 28.279869-19.079278 -0.146481  0.300546  0.218630   2
  1  0  0.938300  7.748400-43.892804-39.598604  0.134774 -0.539946 -0.055851   2
  1  0  0.938300 -9.676360 13.051825-32.484734 -0.150699  0.131023 -0.005129   2
  1  0  0.938300 22.997771-10.885926-36.489403  0.329665 -0.135159 -0.083354   2
  1  0  0.938300-15.208285 14.599262 -3.263453 -0.117661  0.108981  0.388283   5
  1  0  0.938300 -4.021401 12.069583 18.434563 -0.108433  0.128689  0.624304   5
  1  0  0.938300 13.804085  1.965029-35.791001  0.160625  0.024043  0.003680   1
  1  0  0.938300-10.464607-35.099453  9.858482 -0.141826 -0.388987  0.528795   4
  1  0  0.938300 14.056459-11.593396  7.042154  0.127683 -0.071302  0.559556   4
  1  0  0.938300 24.947579 15.052813-40.668443  0.237421  0.212411 -0.054693   3
  1  0  0.938300 -0.392004-35.091802-13.159903  0.007136 -0.337005  0.292405   2
  1  0  0.938300 -8.002895 -3.587076-43.076741 -0.137241 -0.009074 -0.201315   2
  1  0  0.938300-10.162629 20.366452-11.654323 -0.124566  0.181454  0.263302  11
  1  0  0.938300 19.830062-27.635644  1.962352  0.262762 -0.261920  0.524423   3
  1  0  0.938300  4.517262-21.994416  3.553236  0.013446 -0.280626  0.548071   3
  1  0  0.938300 -2.343875-33.250346-10.234492 -0.069961 -0.366490  0.365829   4
  1  0  0.938300  0.846714-19.750628-23.243699  0.002027 -0.261654  0.119235   3
  1  0  0.938300-19.588306 15.498644 16.888663 -0.147759  0.090042  0.655124   2
  1  0  0.938300-29.920845 -2.080856  3.239643 -0.269707 -0.041842  0.457335   2
  1  0  0.938300-30.710306  1.536863  4.663559 -0.315432  0.074119  0.498858  10
  1  0  0.938300 34.304138 22.671240  7.931476  0.378208  0.252968  0.595055   3
  1  0  0.938300 -1.400320  4.422704 -6.785404 -0.052958  0.064508  0.343892   4
  1  0  0.938300-34.846854 -0.759215 -6.011213 -0.369448  0.022956  0.364636   2
  1  0  0.938300 37.197273 19.214280 20.468589  0.440537  0.277491  0.774520   5
  1  0  0.938300-15.269569-23.562970  1.081966 -0.165736 -0.269504  0.499810   2
  1  0  0.938300  7.270104  9.016847-29.791967 -0.011440  0.096858  0.093642   1
  1  0  0.938300 21.966632-17.422354-22.028143  0.202495 -0.139287  0.219070   2
  1  0  0.938300-29.062608 35.377848  0.230822 -0.329922  0.511462  0.531756   6
  1  0  0.938300  0.235915 -3.963246-25.820276  0.018867 -0.068039  0.154580   1
  1  0  0.938300-16.166726  5.481794-41.430080 -0.157163  0.064892 -0.075526   1
  1  0  0.938300  5.970357 -8.983788 -3.378598  0.057903 -0.044190  0.400299   2
  1  0  0.938300 -2.780412  7.956157-20.785940 -0.072465  0.130895  0.156432   3
  1  0  0.938300 -0.572151 18.295191 24.806188 -0.074366  0.185112  0.732885   3
  1  0  0.938300 -1.811332 13.989097 19.919453 -0.034474  0.157921  0.734050   6
  1  0  0.938300 -1.522418 14.902657-29.585368 -0.056132  0.160941  0.165601   2
  1  0  0.938300-10.667317-16.076507-29.431210 -0.169749 -0.169413  0.036170   3
  1  0  0.938300 -2.829339 -0.165641-45.207277  0.006376 -0.007769 -0.152135   1
  1  0  0.938300 31.149525 15.656081  0.604168  0.336228  0.121211  0.452578   4
  1  0  0.938300 15.124596-26.638952  0.376540  0.227502 -0.339928  0.475657   4
  1  0  0.938300 17.999679-18.633633-11.830981  0.150715 -0.189819  0.337699   3
  1  0  0.938300 14.887944 15.895107 -4.508620  0.200294  0.173489  0.405601   3
  1  0  0.938300 31.384309  1.008308-20.039153  0.343051 -0.025082  0.198511   2
  1  0  0.938300-17.806127 -6.935357 -1.204678 -0.203577 -0.063366  0.424880   6
  1  1  0.938300-16.747266-33.941790 19.312465 -0.272483 -0.430137  0.728366  -2
  1  1  0.938300 -5.451182-20.345849 33.520325 -0.088950 -0.314813  0.908107  -5
  1  1  0.938300-23.509284  0.539202-28.123360 -0.356108 -0.013153  0.140765  -4
  1  0  0.938300-11.670218 29.772185-12.146384 -0.111333  0.273117  0.313044  -2
  1  1  0.938300 -2.828625  3.422117 32.869764  0.058498 -0.057846  0.843635  -1
  1  1  0.938300  3.023059-15.132455-12.513851  0.004795 -0.204925  0.243621  -6
  1  1  0.938300 -4.960320-38.316088-12.855543 -0.098784 -0.469227  0.364525  -4
  1  1  0.938300  3.461614 29.316734  9.395598 -0.018464  0.290573  0.588516  -4
  1  0  0.938300-22.518412-10.246950-26.952152 -0.199465 -0.091170  0.153860  -3
  1  1  0.938300  3.764472-35.035899 -5.890082  0.107527 -0.388775  0.381253  -6
  1  1  0.938300  5.852150 10.263232 39.194196  0.008765  0.097667  1.057539  -1
  1  1  0.938300 21.390231  0.953138-29.057682  0.224513  0.016700  0.140866  -4
  1  1  0.938300 26.743517 -1.304872 30.705794  0.274579 -0.062975  0.908176  -1
  1  1  0.938300  5.433717 10.594078 30.886060  0.001732  0.098139  0.881464  -1
  1  1  0.938300 33.493499-16.564405  5.967548  0.328753 -0.221912  0.548154  -4
  1  1  0.938300 15.587078-19.174214 37.291395  0.161508 -0.224047  1.072650  -1
  1  1  0.938300-10.400403-11.734755 27.233335 -0.102048 -0.142999  0.814416  -1
  1  1  0.938300-18.424851-15.412152 18.842301 -0.239466 -0.229359  0.752067  -6
  1  1  0.938300-11.981257 -5.616621 31.853596 -0.108831 -0.104782  0.840043  -1
  1  1  0.938300 -1.850366-33.737705 -8.905851 -0.099343 -0.423772  0.397495  -2
  1  1  0.938300-30.541900 28.968015  3.472933 -0.304858  0.360677  0.555287  -7
  1  1  0.938300-35.133046  2.693696 38.768270 -0.402177  0.031662  1.145606  -2
  1  1  0.938300  2.222077 -8.998742 30.466312  0.058884 -0.020552  0.854999  -6
  1  1  0.938300  2.276296-23.609713 34.555985  0.022996 -0.220073  0.940333  -1
  1  1  0.938300-19.863958-20.149784  3.771226 -0.221079 -0.187581  0.547021  -3
  1  1  0.938300 -4.822390 -2.780798  8.185671 -0.047936 -0.038448  0.559422  -5
  1  1  0.938300-32.041371 22.502591  9.105224 -0.310193  0.320678  0.620951  -2
  1  1  0.938300-54.422090 -7.677397 21.026041 -0.852142 -0.142866  0.965763  -3
  1  1  0.938300  8.207841  6.357640 24.688712  0.101712  0.045073  0.807849  -1
  1  1  0.938300  6.895577 10.891240 30.278957 -0.006576  0.075906  0.855579  -1
  1  1  0.938300  3.968138-17.209682 -8.427239  0.033044 -0.147466  0.409263  -5
  1  1  0.938300  3.821182 27.929015-13.259636  0.043807  0.335441  0.297028  -6
  1  1  0.938300 51.276236-12.913505-21.788068  0.609873 -0.197175  0.251799  -2
  1  1  0.938300 -2.096161  9.228407 -9.346812 -0.053508  0.106767  0.356128  -3
  1  1  0.938300-18.252485 -1.623616 20.118444 -0.208506 -0.040981  0.736313  -3
  1  1  0.938300 -2.998488 20.128378 21.553393 -0.063627  0.184996  0.743846  -2
  1  1  0.938300  2.591483-10.934879 19.758889  0.008772 -0.114157  0.735120  -1
  1  1  0.938300-23.075493 -9.393559-20.329951 -0.180327 -0.129889  0.218216  -2
  1  0  0.938300-38.606126-17.561930 -9.223083 -0.505889 -0.196458  0.351942  -4
  1  1  0.938300 -2.074734 -1.347579  9.673353 -0.016586 -0.006532  0.527121  -4
  1  1  0.938300 26.788377 -2.841766 -8.207191  0.314257 -0.017263  0.369463  -3
  1  1  0.938300 16.595088 31.766167 25.220876  0.209055  0.352863  0.886030  -2
  1  1  0.938300-34.616011-12.613952-16.538838 -0.367725 -0.198241  0.306577  -2
  1  1  0.938300  3.683481-22.439325 20.792323  0.049136 -0.202004  0.724553  -1
  1  1  0.938300 -6.216890  9.799373-32.281599 -0.076060  0.115693 -0.000406  -6
  1  1  0.938300 20.540669  8.141388 13.868493  0.178585  0.065628  0.561942  -8
  1  1  0.938300 -4.452564-44.768773 27.984612 -0.090572 -0.497120  0.902128  -3
  1  1  0.938300-21.896151 21.701006 12.495917 -0.196361  0.159500  0.624000  -2
  1  1  0.938300 14.181052 41.232043 -2.764508  0.175048  0.484106  0.455313  -3
  1  1  0.938300 -4.291680 -7.085511 10.883074 -0.028704 -0.036947  0.507250  -3
  1  1  0.938300-23.272070  4.090981-27.486133 -0.204371  0.002674  0.127464  -2
  1  1  0.938300 42.845697-16.018976 -0.160179  0.543339 -0.177852  0.441133  -3
  1  1  0.938300 16.048010 10.478092 28.846012  0.194263  0.099701  0.892619  -1
  1  1  0.938300 -4.752233 16.876624 29.402065 -0.098654  0.165598  0.832254  -1
  1  1  0.938300  6.666799-48.153418 16.848762  0.076790 -0.568302  0.819291  -3
  1  1  0.938300  4.155553 10.303829 36.899020  0.068609  0.137290  1.040984  -1
  1  1  0.938300-21.535015-13.711768 10.023479 -0.235396 -0.157355  0.573927  -4
  1  1  0.938300  6.474585-25.121347 10.755487  0.086316 -0.245060  0.595932  -3
  1  1  0.938300-29.070340 -8.679263  7.329891 -0.329133 -0.078788  0.563234  -2
  1  1  0.938300 -9.178058-27.034751 -1.665986 -0.064001 -0.291277  0.421987  -2
  1  1  0.938300 -4.246515 17.976905 37.471037 -0.043423  0.178363  1.035961  -2
  1  1  0.938300 -7.989007 17.905168 12.337049 -0.054524  0.179900  0.618448  -3
  1  0  0.938300 30.262935  7.657586-17.661430  0.345666  0.069568  0.272237  -7
  1  1  0.938300 11.330338-21.905892 12.832533  0.106003 -0.259430  0.571134  -3
  1  0  0.938300-15.688767 -3.548867 31.199964 -0.111154 -0.029238  0.851254  -8
  1  1  0.938300  7.821596  7.951975 -0.547983  0.015155  0.071344  0.420221  -7
  1  1  0.938300-27.029892 43.489387-15.124823 -0.394593  0.561779  0.379077  -2
  1  1  0.938300 29.793778-13.724531 18.886379  0.296856 -0.137330  0.743512  -5
  1  1  0.938300 -9.777764-15.775193 30.474884 -0.109691 -0.180264  0.912009  -1
  1  1  0.938300  2.516250 -8.890300-21.065707  0.078352 -0.130954  0.121191 -11
  1  1  0.938300-37.652491 19.091880-33.948781 -0.442610  0.256554  0.033132  -3
  1  1  0.938300  8.063440-16.917089  6.746337  0.076534 -0.108426  0.511926  -6
  1  1  0.938300 13.991587-33.233766  2.759493  0.207455 -0.424887  0.541776  -2
  1  1  0.938300  5.182791 -2.340922 29.733024  0.102552 -0.005058  0.923252  -1
  1  1  0.938300-12.485625 15.871912 28.570317 -0.111057  0.121758  0.827538  -1
  1  1  0.938300 -8.095740  6.678924  0.584965 -0.089966  0.051678  0.424509  -2
  1  0  0.938300 12.901895 44.908021 14.949828  0.128037  0.600729  0.748245  -6
  1  1  0.938300  1.982320 14.845538 42.277852  0.048421  0.139847  1.022240  -1
  1  1  0.938300 19.676930 32.810145 41.872131  0.232734  0.422298  1.140710  -3
  1  0  0.938300-32.486838-31.805885 15.786024 -0.432815 -0.387018  0.714135  -2
  1  0  0.938300 11.877798 -6.468118 31.374272  0.120119 -0.012309  0.929986  -1
  1  0  0.938300 13.328034  4.946654 26.843981  0.125391 -0.057857  0.773561  -2
  1  0  0.938300-41.828815 -5.185475  0.682781 -0.517770 -0.038116  0.532440  -3
  1  0  0.938300 28.360683 34.080558 -6.759804  0.317363  0.379108  0.393131  -3
  1  0  0.938300 35.752057-13.262096 24.405535  0.414474 -0.195200  0.761049  -4
  1  0  0.938300 26.341555 -2.944141-17.725639  0.243366 -0.013105  0.187302  -3
  1  0  0.938300-18.835240  4.633527-23.415091 -0.212017 -0.008974  0.078643  -2
  1  0  0.938300 -0.100481 -3.422597 -9.008013 -0.058787  0.033144  0.286588  -4
  1  0  0.938300 11.890323-18.072837 29.653322  0.063704 -0.199434  0.880960  -1
  1  0  0.938300 15.412357 -0.958811 32.836288  0.098083 -0.077539  0.894828  -1
  1  0  0.938300-15.697068 47.375661 14.333854 -0.164602  0.543084  0.717830  -3
  1  0  0.938300-37.116460 17.205891 23.466105 -0.437741  0.222946  0.892913  -2
  1  0  0.938300-12.711631  3.929288 17.566775 -0.099812 -0.001709  0.568312  -7
  1  0  0.938300 14.135045 12.519840 18.796895  0.235947  0.128874  0.660629  -4
  1  0  0.938300 -3.321111 25.131273-18.808138 -0.021999  0.237533  0.166857  -5
  1  0  0.938300-21.975572  6.236651 10.203804 -0.263367  0.066796  0.531272  -2
  1  0  0.938300  2.117183 -9.248962-22.068071  0.006516 -0.098266  0.186258  -4
  1  0  0.938300-10.083436  2.046285 25.668250 -0.068422 -0.013047  0.721376  -1
  1  0  0.938300  4.386329  2.287702 33.066104 -0.053232 -0.020424  0.819861  -1
  1  0  0.938300-10.552061-14.641067-46.269648 -0.101717 -0.198093 -0.122270  -7
  1  0  0.938300  2.328186 12.420613 18.047065 -0.001028  0.099399  0.633730  -1
  1  0  0.938300  2.247365 -1.190199 25.969208  0.052257  0.041203  0.814007  -2
  1  0  0.938300 22.692260-16.507618 -7.173343  0.221078 -0.186424  0.361652  -3
  1  1  0.938300 -6.712249-10.584826 -1.916450 -0.092398 -0.135196  0.370809  -4
  1  0  0.938300 45.207652 -2.859141  4.466036  0.518164 -0.060269  0.580632  -2
  1  0  0.938300  0.836984 -1.066415 27.741912  0.076877  0.016345  0.718242  -7
  1  0  0.938300  4.917784 16.436708-18.747940 -0.009863  0.219302  0.189070  -9
  1  0  0.938300 27.910283 13.732773 11.703134  0.269778  0.082749  0.590447  -6
  1  0  0.938300  8.966355 -0.629583 32.154089  0.083263  0.037710  0.841772  -1
  1  0  0.938300  8.257797 -8.603160 34.673846  0.006786 -0.085902  0.868594  -1
  1  0  0.938300 18.392056 -9.118021 28.576596  0.203605 -0.112784  0.859537  -2
  1  0  0.938300 -2.729917-26.449056 -2.715719  0.004951 -0.198883  0.436237  -5
  1  0  0.938300-10.507847 -8.971972-47.526190 -0.162689 -0.058723 -0.174574  -5
  1  0  0.938300  8.503259 -4.620091 -6.259893  0.097226 -0.128621  0.413489  -3
  1  0  0.938300-14.546308 32.594496 22.615480 -0.213182  0.372625  0.817393  -5
  1  0  0.938300 -1.405559-13.162290-10.506157 -0.088105 -0.151644  0.304282  -4
  1  0  0.938300-10.016675-33.287508  9.658971 -0.094812 -0.399762  0.613807  -6
  1  0  0.938300-33.168246 27.308602 -0.083901 -0.307646  0.303312  0.492352  -2
  1  0  0.938300 -1.101713 -1.673744 -8.658663 -0.024283 -0.036942  0.254252  -3
  1  0  0.938300 -9.631652-13.308943  0.145502 -0.061824 -0.110602  0.381036  -2
  1  0  0.938300  5.232471 -5.920196 32.349363  0.011974 -0.143520  0.937282  -1
  1  0  0.938300 10.754726 -1.285590 18.256672  0.109521 -0.070302  0.592766  -1
  1  0  0.938300 -4.605440  8.000453-43.700132 -0.066332  0.129328 -0.040682  -3
  1  0  0.938300-17.134349-10.329266-22.966503 -0.151543 -0.062215  0.179233  -3
  1  0  0.938300-10.202585 -9.357531 23.488451 -0.183218 -0.113552  0.773012  -4
  1  0  0.938300-29.945045 -9.905661  5.848057 -0.289603 -0.026960  0.474566  -3
  1  0  0.938300  5.306655 -6.708100-39.893524  0.070824 -0.109926 -0.050019  -4
  1  0  0.938300-13.344166-11.593929-21.694278 -0.119338 -0.170722  0.221778  -5
  1  0  0.938300-10.361499-16.902247  7.654807 -0.114392 -0.234010  0.547456  -3
  1  0  0.938300 -3.940809  3.234955 23.095649 -0.100958  0.124907  0.785021  -5
  1  0  0.938300-12.957183 15.468890 -9.715902 -0.154101  0.101823  0.426480  -3
  1  0  0.938300  4.245668 15.322393-11.018907  0.066038  0.233543  0.273915  -6
  1  0  0.938300 36.969782-29.151259 11.491594  0.515869 -0.353321  0.782804  -6
  1  0  0.938300  1.937223 11.710973 20.477745  0.006226  0.064504  0.641291  -1
  1  0  0.938300-13.330677 16.618098 19.911383 -0.168664  0.102285  0.733318  -4
  1  0  0.938300 10.073410  5.214532 16.997111  0.164905  0.076973  0.661514  -3
  1  0  0.938300  7.253304-32.379144 22.971882  0.132928 -0.373996  0.759711  -2
  1  0  0.938300-17.447023 31.401293  2.410785 -0.153709  0.400928  0.551707  -4
  1  0  0.938300 -4.094660 -7.430678 24.934038 -0.082779 -0.121857  0.833952  -1
  1  0  0.938300-10.650178  7.165077 27.398405 -0.178285  0.056060  0.827469  -1
  1  0  0.938300-18.788362 37.968709-11.458292 -0.198363  0.480321  0.322559  -4
  1  0  0.938300-19.775106 12.299403 33.539667 -0.271516  0.072923  0.892402  -3
  1  0  0.938300  9.934577-11.386676 35.790501  0.088003 -0.132039  1.057895  -1
  1  0  0.938300-33.121273-13.596003 22.210004 -0.339925 -0.144707  0.775084  -2
  1  0  0.938300 17.060868 16.387720  4.687098  0.195370  0.129490  0.437654  -4
  1  0  0.938300 -7.134234-14.034337  9.770647 -0.110293 -0.128631  0.613598  -5
  1  0  0.938300-14.732791 16.232869 13.409376 -0.164474  0.230001  0.633666  -5
  1  0  0.938300-26.269107  4.174613 -4.313156 -0.268365  0.004743  0.396132  -4
  1  0  0.938300 -9.722542  3.641168 31.800034 -0.122247  0.046306  0.948154  -1
  1  0  0.938300  9.745586 19.624492 14.421853  0.130996  0.168419  0.559822  -8
  1  0  0.938300 26.986892 21.871021  9.175274  0.251122  0.258573  0.546890  -3
  1  0  0.938300  4.729254 -1.837314 23.209191  0.012824  0.023802  0.649632  -1
  1  0  0.938300-14.813265 40.018734  3.908052 -0.137466  0.442042  0.554608  -3
  1  0  0.938300 -8.866029  9.756203 42.748587 -0.041742  0.129920  1.042675  -1
  1  0  0.938300-13.548343  0.264079 37.008158 -0.128116  0.040761  1.079019  -1
  1  0  0.938300 10.648556 11.752821-12.857204  0.110837  0.136147  0.309571  -7
  1  0  0.938300 -4.038052-16.204708 12.064222 -0.050258 -0.184753  0.624707  -2
  1  0  0.938300 -3.864779  0.046140 34.708310 -0.059122  0.082169  0.917205  -2
  1  0  0.938300-16.709195 13.772015 -6.334261 -0.152672  0.136606  0.335691  -6
  1  0  0.938300-12.830518-27.212558 -1.353085 -0.240776 -0.261083  0.496293  -2
  1  0  0.938300-17.781161 -0.307024  1.133273 -0.238224  0.042013  0.453000  -7
  1  0  0.938300  3.519024-20.660535 30.110952  0.131543 -0.197237  0.867578  -5
  1  0  0.938300 17.663581 14.630899-24.621936  0.158558  0.083320  0.117781  -3
  1  0  0.938300 11.704122 21.683375-16.373243  0.161882  0.260781  0.293880  -3
  1  0  0.938300 -3.775506 34.554215  8.484937 -0.162379  0.408217  0.592594  -5
  1  0  0.938300  5.317670 41.375247 10.900740  0.117874  0.469604  0.609501  -5
  1  0  0.938300 23.867220  7.164236 23.788653  0.266638  0.117861  0.814883  -9
  1  0  0.938300  2.168353  6.525320-10.088868  0.064336  0.083306  0.345439  -4
  1  0  0.938300-19.085932 -5.509798 -6.747870 -0.170367 -0.102386  0.430471  -2
  1  0  0.938300  3.571667-16.691418 -6.917519 -0.011218 -0.215485  0.390223  -7
  1  0  0.938300-32.634450 -8.898447-41.088080 -0.350402 -0.093752 -0.010386  -2
  1  0  0.938300-16.452459 37.942665-10.843292 -0.207540  0.434124  0.367555  -2
  1  0  0.938300-17.155620-33.393668 21.153422 -0.174278 -0.391091  0.749883  -7
  1  0  0.938300 16.811126 12.685480-22.380097  0.258324  0.107915  0.142306  -2
  1  0  0.938300 28.948462 39.552096 -9.234490  0.434270  0.570113  0.423148  -3
  1  0  0.938300  9.445859 -2.721595  9.953043  0.088686 -0.088588  0.517166  -1
  1  0  0.938300  0.295318 13.767175-19.148722  0.023929  0.116482  0.127662  -8
  1  1  0.938300 17.725839-33.428268 -7.407632  0.237416 -0.357921  0.386966  -6
  1  1  0.938300 15.114498-12.659166-21.411185  0.117144 -0.165983  0.104154  -6
  1  0  0.938300-12.299415 10.569559 33.280912 -0.109529  0.075771  0.966655  -1
  1  0  0.938300  9.753415-21.898288-41.021899  0.092833 -0.318829 -0.032830  -4
  1  0  0.938300 12.795346  8.914597 34.233785  0.110805  0.163861  0.912245  -1
  1  0  0.938300 -1.830173-13.387548 19.686837  0.033624 -0.086202  0.724310  -3
  1  0  0.938300 -1.255948  4.823461 -1.170523 -0.038866  0.019283  0.445950  -4
  1  0  0.938300 -5.468825 32.069884 15.189179 -0.047555  0.332543  0.630013  -6
  1  0  0.938300 14.066116-14.234148 21.375323  0.096183 -0.157475  0.670398  -2
  1  0  0.938300 -3.927454 16.078781 28.053334  0.015741  0.156805  0.807962  -3
  1  0  0.938300-38.039072  1.809156-11.495066 -0.416001  0.106896  0.357816  -4
  1  0  0.938300 17.349208  0.225370 -5.371514  0.170962 -0.008287  0.379316  -4
  1  0  0.938300  8.635701 -1.453952 19.842847  0.081903  0.080103  0.651717  -1
  1  0  0.938300 23.095338 10.283517-23.774349  0.273625  0.160971  0.113198  -3
  1  0  0.938300  9.514667 26.839481 26.356293  0.078341  0.259304  0.776920  -3
  1  0  0.938300  0.349543 51.566560 -4.821133  0.017018  0.636984  0.412020  -6
  1  0  0.938300-18.530816 -9.632066  2.208793 -0.273571 -0.145720  0.427941  -2
  1  0  0.938300-10.734355 22.338373 -5.742253 -0.088668  0.245578  0.356584  -3
  1  1  0.938300 -2.695782-21.599768 25.274160 -0.033505 -0.193000  0.731192  -3
  1  0  0.938300 38.650398  0.828941  5.459555  0.444444 -0.025449  0.533954  -5