  1  1  0.938300 -9.178647 14.016421-40.598374 -0.152971  0.149085 -0.067747   2
  1  1  0.938300 18.301196  8.661988-21.503705  0.192664  0.087856  0.158553   2
  1  1  0.938300 52.390115 28.160504  7.781370  0.815663  0.371554  0.751953   3
  1  1  0.938300-11.362279 24.754283 -8.597536 -0.160354  0.277997  0.361221   5
  1  1  0.938300 -2.050296 14.802753-41.897664 -0.000295  0.125686 -0.041788   1
  1  1  0.938300-30.505066  5.159464 -1.960541 -0.312195  0.027128  0.455455   3
  1  1  0.938300-19.345191 19.577348 37.273846 -0.224354  0.249341  1.151616   4
  1  1  0.938300 14.405627  6.780909 26.224696  0.141749  0.126487  0.776077   6
  1  1  0.938300 -3.724699 52.626337 -7.350755 -0.038923  0.663832  0.429584   4
  1  1  0.938300 -8.658173 23.799667  6.852867 -0.103305  0.167024  0.500434   2
  1  1  0.938300 41.597303 29.201590  6.076403  0.559986  0.404056  0.636341   2
  1  1  0.938300 16.173075 24.425666 12.319244  0.168851  0.324549  0.673676   5
  1  1  0.938300 12.370359  3.796879 14.305399  0.130089  0.077585  0.701989   8
  1  1  0.938300 19.239366-21.800770 -4.805469  0.219146 -0.236505  0.397080   6
  1  1  0.938300-15.257234-17.487338-36.061229 -0.172411 -0.231595  0.064769   2
  1  1  0.938300 -7.163753 15.298092-19.190544 -0.123440  0.146543  0.159040   3
  1  1  0.938300 11.185649 20.503914  4.872057  0.188699  0.198917  0.474982   3
  1  1  0.938300 22.529047 26.729489-13.210280  0.296375  0.271875  0.328574   3
  1  1  0.938300-19.873546 -2.607533  0.128210 -0.235529  0.032913  0.483715   3
  1  1  0.938300-16.952858-27.441902  7.541777 -0.134329 -0.249878  0.536057   3
  1  0  0.938300-10.799276  9.620266-19.319573 -0.138309  0.185330  0.230324   1
  1  1  0.938300 16.194526  7.756172-12.771065  0.198505  0.083530  0.351678   2
  1  1  0.938300 28.321195 -4.561604-12.876231  0.264298 -0.061969  0.278224   3
  1  1  0.938300 -4.781405 -8.845756 19.690188  0.014764 -0.103901  0.676550   6
  1  1  0.938300-11.126818-14.350306-10.892405 -0.142316 -0.145274  0.292222   2
  1  0  0.938300 -0.599443 32.693200 20.365161 -0.017440  0.354187  0.771908   4
  1  1  0.938300-16.500052 -3.476601 14.445174 -0.169733  0.004589  0.671306   3
  1  1  0.938300 14.764137 -7.644261  2.500073  0.192791 -0.058090  0.457469   2
  1  1  0.938300 28.721302  6.476536-13.357999  0.314057  0.158936  0.295891   2
  1  1  0.938300  8.771117  5.924247 15.863887  0.087547  0.073522  0.704849   4
  1  1  0.938300 16.127393-14.872175 -5.343323  0.272903 -0.182199  0.454706   2
  1  1  0.938300 -5.814787 -8.358620-22.059613 -0.079510 -0.101726  0.197864   1
  1  1  0.938300 -2.334412  6.313917  3.688834 -0.080218  0.043997  0.460844   3
  1  0  0.938300 -3.931425-32.693607 15.396403 -0.035657 -0.373212  0.670868   3
  1  1  0.938300-28.305525-20.975328 21.839424 -0.328280 -0.327143  0.818980   6
  1  1  0.938300  3.141875 -4.462788-34.938954  0.031240 -0.064506 -0.091453   1
  1  1  0.938300 -5.362553 36.385298-32.034967 -0.044118  0.387912  0.081875   2
  1  1  0.938300 27.991925-40.314947 12.200798  0.303268 -0.441660  0.670105   3
  1  1  0.938300  3.637995-27.990559  6.591192  0.021044 -0.256851  0.484254   2
  1  1  0.938300 32.489670-29.837529-21.198352  0.398784 -0.336910  0.165551   8
  1  1  0.938300-14.903077-37.351862 29.309604 -0.180339 -0.429313  0.891965   4
  1  1  0.938300 10.446906-23.719737 14.064137  0.068375 -0.243455  0.603238   3
  1  1  0.938300 -7.515603  3.944878-37.329389  0.005560  0.058091 -0.034164   1
  1  1  0.938300 16.546817 10.962039  1.454740  0.171705  0.097790  0.454171   4
  1  1  0.938300 14.519376 21.571699-14.599264  0.146171  0.244571  0.308362   6
  1  1  0.938300-15.171981  9.360490-35.336426 -0.135962  0.149150  0.048438   1
  1  1  0.938300-38.022311-14.473091-15.796112 -0.414325 -0.142144  0.330295   2
  1  1  0.938300-37.750995 23.895154  4.932479 -0.466997  0.252689  0.590528   3
  1  1  0.938300 16.250633-28.385772  9.333405  0.184209 -0.401531  0.592125  10
  1  1  0.938300-24.241721 15.199050 27.429618 -0.280147  0.135058  0.930542   3
  1  1  0.938300-19.381840  2.172157-22.817618 -0.221065 -0.028184  0.151445   3
  1  1  0.938300-10.122670 19.203315 -1.134052 -0.092781  0.175903  0.404534   3
  1  1  0.938300 -3.587043 -0.297809 21.637225  0.011697 -0.065823  0.804057   2
  1  1  0.938300-29.773173  0.652225 18.844181 -0.334214  0.047853  0.786165   3
  1  1  0.938300 -1.453858 11.178623  7.402589  0.083600  0.083463  0.532402   6
  1  1  0.938300 17.487604-35.757902 27.580346  0.171606 -0.494674  0.959067   3
  1  1  0.938300 -5.593196 10.881021 -1.580745 -0.109758  0.129700  0.448478   3
  1  1  0.938300  9.573102-18.792802-32.443705  0.045906 -0.230187  0.015515   4
  1  1  0.938300 24.673084 26.196291 23.569888  0.274974  0.302131  0.785918   3
  1  1  0.938300-11.421104-11.168339-19.570989 -0.067106 -0.121442  0.235611   1
  1  1  0.938300 18.371003 -2.230255-24.324523  0.192133 -0.023057  0.149250   1
  1  0  0.938300 42.147554  2.149020-15.930447  0.684700  0.043507  0.314853   3
  1  1  0.938300  9.132548 12.071435-34.086486  0.114477  0.179474 -0.012929   2
  1  1  0.938300  5.150918-23.267272-26.088826  0.034012 -0.321383  0.093848   6
  1  1  0.938300 -2.019765 12.138407 39.680619 -0.000906  0.169952  0.984021   3
  1  1  0.938300-40.031080 12.459716-13.128630 -0.425539  0.218647  0.316048   2
  1  1  0.938300 -0.394465  3.174793 34.541385 -0.064540 -0.010437  0.903179   3
  1  1  0.938300 13.827531 -6.319548-29.706603  0.165426 -0.054944  0.055446   1
  1  1  0.938300 16.405988 16.314204-24.414814  0.187831  0.140279  0.132524   1
  1  1  0.938300 23.526532-11.425971 -0.134007  0.271567 -0.126911  0.499631   5
  1  1  0.938300 10.293329  7.784222  0.637941  0.095436  0.085482  0.454354   6
  1  1  0.938300-10.134232  1.436581-27.039235 -0.133197  0.118753  0.146582   1
  1  1  0.938300 26.363443-26.350754-13.466069  0.319738 -0.288780  0.344609   2
  1  1  0.938300-16.952103-25.169247 29.845781 -0.188946 -0.259745  0.853280   2
  1  1  0.938300-21.223727-40.125430-37.022138 -0.280420 -0.492673 -0.031155   2
  1  1  0.938300 31.271861  8.784400  0.609920  0.328695  0.049708  0.408998   3
  1  1  0.938300-16.843690 41.786407 -6.949551 -0.198010  0.522343  0.352539   3
  1  1  0.938300 30.837157-18.402787-15.130011  0.392274 -0.196796  0.313589   2
  1  1  0.938300 11.504110 -9.575102-31.640420  0.154650 -0.090380  0.093710   3
  1  0  0.938300  2.645165 31.205163-26.262948  0.047986  0.329684  0.105815   2
  1  0  0.938300 11.772861 17.482793-41.978491  0.081836  0.157917 -0.060972   1
  1  0  0.938300 21.143885  1.697770-25.175758  0.232332  0.029672  0.116648   2
  1  0  0.938300 28.120196  4.443624-41.728173  0.335327  0.024951 -0.071717   8
  1  0  0.938300  1.127292 12.624904-10.722314  0.038171  0.085115  0.305843   4
  1  0  0.938300-13.868776-22.723298-10.588513 -0.121309 -0.284040  0.271163   3
  1  0  0.938300  5.704684 -5.278553-26.629296  0.053457 -0.032638  0.067159   3
  1  0  0.938300 17.074371 39.044411-20.204035  0.220402  0.452856  0.266712   2
  1  0  0.938300  0.960032 35.001175  0.514533  0.065961  0.327627  0.489739   2
  1  0  0.938300-14.708717-14.617666 -3.349323 -0.142120 -0.115924  0.361159   4
  1  0  0.938300 38.980721 -2.925453 -4.884520  0.488209 -0.049567  0.477661   4
  1  0  0.938300-12.867498-12.120002 -0.744356 -0.138123 -0.147319  0.417472   5
  1  0  0.938300 22.316867 23.938301 -3.168223  0.301259  0.377382  0.501645   3
  1  0  0.938300  6.711319 10.966904-22.779024 -0.015655  0.124495  0.216450   1
  1  0  0.938300-38.137239-13.604633 -7.501761 -0.392140 -0.180455  0.402020   5
  1  0  0.938300  1.978433  2.197474-35.175903 -0.038051  0.075740 -0.044912   1
  1  0  0.938300  5.359383-15.633321-35.031072  0.069326 -0.119551  0.001641   1
  1  0  0.938300-45.232028 31.241489 19.006311 -0.562222  0.388425  0.825352   3
  1  0  0.938300 -0.065732  1.201878-27.131293  0.057751  0.024039  0.201920   1
  1  0  0.938300-18.790889 24.544878  7.013402 -0.185973  0.269477  0.536668   4
  1  0  0.938300 24.929376  7.559020-13.539503  0.235800  0.110951  0.252463   5
  1  0  0.938300-10.903375-11.630547  5.157172 -0.090786 -0.124827  0.516599   2
  1  0  0.938300 -4.778304 11.584851 17.788704 -0.161768  0.054558  0.708594   3
  1  0  0.938300-11.359963 -5.755849-18.774612 -0.211042 -0.078631  0.224013   3
  1  0  0.938300 -9.651537  6.736870-11.279878 -0.109895  0.060824  0.364212   1
  1  0  0.938300  9.992664 -7.291417  0.112601  0.022165 -0.051086  0.421851   4
  1  0  0.938300 17.035778-11.003791-39.979871  0.209990 -0.125279 -0.147406   2
  1  1  0.938300 34.622454  5.797318-10.692950  0.380641 -0.005511  0.342368   3
  1  0  0.938300-12.605074-26.606065 -7.337004 -0.075511 -0.295227  0.370585   2
  1  0  0.938300-14.358199-10.242056 -8.974579 -0.098460 -0.107654  0.297869   8
  1  0  0.938300-36.137152-11.242312 18.285828 -0.351993 -0.147095  0.707187   3
  1  0  0.938300 36.706490-25.351046-13.891423  0.479615 -0.370749  0.297609   2
  1  0  0.938300-18.537309  1.697953 12.224634 -0.240065  0.106096  0.672793   5
  1  0  0.938300  5.843203 -8.548281  2.306476  0.051554 -0.065734  0.386569  12
  1  0  0.938300-38.688814-23.849029 12.961752 -0.416731 -0.235435  0.698713   2
  1  0  0.938300 -2.738363 -6.574992-10.394422 -0.025380 -0.005379  0.319284   4
  1  0  0.938300-14.560469  0.926206-26.868217 -0.134940  0.040877  0.126386   1
  1  0  0.938300 15.271685-30.035356  0.343040  0.154720 -0.310555  0.430704   5
  1  0  0.938300-23.914849  3.422277  7.439632 -0.331674  0.134156  0.550400   5
  1  0  0.938300 49.701572 -2.466744 19.069075  0.657210 -0.087922  0.850545   3
  1  0  0.938300-20.870525  6.500276 -3.798808 -0.171599  0.077773  0.459442   2
  1  1  0.938300-20.045760-13.423732-28.781516 -0.237207 -0.171213  0.071627   1
  1  0  0.938300-19.166191 -7.025645  0.923232 -0.194957 -0.067438  0.461991   3
  1  1  0.938300-23.161699-10.407942 -5.170064 -0.235918 -0.106225  0.302050   6
  1  0  0.938300 -6.588985-12.935178-21.693699 -0.113526 -0.169623  0.172960   4
  1  0  0.938300 36.701861 -3.574231  7.416491  0.448452 -0.074186  0.578091   2
  1  0  0.938300-13.083034-27.817150-28.320716 -0.103903 -0.283013  0.147963   2
  1  0  0.938300 28.461473 20.738090 15.444660  0.284782  0.216322  0.755432   3
  1  0  0.938300  9.400242  9.303034-29.145767  0.142603  0.047408  0.081111   3
  1  0  0.938300-10.478967-12.336513-18.019097 -0.179543 -0.045276  0.238735   4
  1  0  0.938300 17.851845 -8.658799 -4.710678  0.234467 -0.148847  0.372919   5
  1  0  0.938300-12.779188 -1.276580-26.261110 -0.155204 -0.009860  0.217373   1
  1  0  0.938300 -6.473281  9.042858 22.239220 -0.056295  0.091452  0.793641   5
  1  0  0.938300 29.310010 10.371193 21.340830  0.330191  0.172802  0.783466   4
  1  0  0.938300 31.096465 -4.425282 17.542401  0.382623 -0.033472  0.740475   5
  1  0  0.938300 -7.363691 -4.630118-31.178312 -0.071062 -0.092647  0.155720   3
  1  0  0.938300  2.144431  3.641333-48.036790  0.017420  0.053547 -0.138026   1
  1  0  0.938300  7.943921 -0.155810-30.691237  0.097408 -0.043180  0.157209   1
  1  0  0.938300  0.174416 23.854839 21.501524  0.007821  0.197113  0.719487   5
  1  0  0.938300 28.936217-19.077569  2.281966  0.344609 -0.229322  0.531145   7
  1  0  0.938300-25.228099  7.404098-12.197376 -0.271049 -0.011654  0.289278   7
  1  0  0.938300 -1.793000 12.672246-41.208143 -0.063987  0.065056 -0.040711   1
  1  0  0.938300 26.585510 25.544749 14.912318  0.396218  0.262101  0.693532   5
  1  0  0.938300-50.824432 -8.279368-30.162892 -0.642103 -0.146901  0.083304   4
  1  0  0.938300 13.770731-15.896806-14.507848  0.201074 -0.237514  0.273174   2
  1  1  0.938300 10.149520  9.610278-24.592583  0.074591  0.050091  0.170807   3
  1  0  0.938300 -9.898122 13.962155-19.856750 -0.067685  0.175859  0.260826   1
  1  0  0.938300-30.631533  7.836560-20.508615 -0.290536  0.027777  0.170590   2
  1  0  0.938300-26.454068 13.895037-10.013093 -0.273616  0.092603  0.310178   4
  1  0  0.938300 -8.796731-17.131344 19.605403 -0.042184 -0.136618  0.677237   4
  1  0  0.938300 -1.473395 -7.327740-43.613202 -0.036611 -0.095725 -0.041697   1
  1  0  0.938300 17.511279  7.168220 -5.609558  0.237281  0.095466  0.343547   2
  1  0  0.938300 -7.168028  5.983132 -6.607273 -0.098561  0.069271  0.361446   5
  1  0  0.938300 12.285596 -0.118177 10.281576  0.134917  0.054232  0.568151   4
  1  0  0.938300-13.926700 -2.575100-21.488718 -0.216538 -0.021832  0.189999   5
  1  0  0.938300 -7.844492-12.277846 -5.577519 -0.023925 -0.061012  0.358847   7
  1  0  0.938300  9.191426 -5.444904  2.880624  0.149959 -0.058380  0.524052   3
  1  0  0.938300  8.757524 40.496484 31.488230  0.064354  0.460223  0.926372   2
  1  0  0.938300 31.522875  7.307086-18.989243  0.327340  0.097827  0.280545   4
  1  0  0.938300-21.782564 18.403922  2.575158 -0.239306  0.233377  0.431924   3
  1  0  0.938300-29.244710 23.639760  6.981000 -0.312744  0.245441  0.602689   5
  1  0  0.938300 -3.821321-14.181985-37.094542 -0.058358 -0.180436 -0.048559   1
  1  0  0.938300 10.205729 -8.032637-34.152268  0.026213 -0.112323  0.032142   1
  1  0  0.938300-30.733237 10.786496 -5.992397 -0.301092  0.046091  0.382614   2
  1  0  0.938300-25.485295  7.300742 -5.059811 -0.222401  0.149822  0.378380   4
  1  0  0.938300 -6.735964 -0.386646-36.511777  0.022987  0.002923  0.012069   1
  1  0  0.938300  1.412281-32.917552 20.151084 -0.053578 -0.368642  0.797627   5
  1  1  0.938300 18.733100 -7.905826 22.079520  0.198432 -0.082376  0.718226   7
  1  0  0.938300 20.117436  0.158362  9.588457  0.257607 -0.054466  0.610114   7
  1  0  0.938300-19.256537  7.929833-20.081651 -0.165049  0.047906  0.180119   3
  1  0  0.938300 -9.197980-16.927230-34.178747 -0.098213 -0.226024  0.037303   3
  1  0  0.938300 22.523647 -3.005743-25.435292  0.235831 -0.058748  0.117567   1
  1  0  0.938300 32.679896  1.506330  5.154565  0.332840  0.052057  0.525084   4
  1  0  0.938300-31.751049  4.829298 -2.636262 -0.247957  0.053745  0.387586   3
  1  0  0.938300 24.397100-11.054078 40.709877  0.379103 -0.168246  1.220297   5
  1  0  0.938300 38.234538  1.997454 -4.448106  0.379281  0.052710  0.341594   3
  1  0  0.938300 35.230530-27.722339 21.189249  0.479136 -0.310984  0.866008   3
  1  0  0.938300-13.757731  6.758501-18.499423 -0.052076 -0.009109  0.194328   4
  1  0  0.938300  4.948287 -0.062437 27.310216  0.014964  0.061685  0.828709   7
  1  0  0.938300 32.388012 27.971138-23.187470  0.392953  0.345712  0.189896   4
  1  0  0.938300 14.018706 -8.916635-19.932813  0.166412 -0.063425  0.144937   2
  1  0  0.938300 -9.515549 -6.608877 -1.322615 -0.130868  0.010303  0.409370   2
  1  0  0.938300  3.327874 11.597625 17.205531 -0.037160  0.117943  0.634079   4
  1  0  0.938300-17.236171 -9.273947 21.410085 -0.111775 -0.054394  0.636719   2
  1  0  0.938300 15.209037  8.623632-35.184121  0.110727  0.032667 -0.015225   3
  1  0  0.938300-10.331003  4.449300-35.033679 -0.058005 -0.016506 -0.015044   2
  1  0  0.938300 19.506093 34.600621-26.153202  0.199441  0.395542  0.126070   4
  1  0  0.938300-18.501423 21.965077  0.643300 -0.308010  0.236923  0.540720  10
  1  0  0.938300-23.028716  5.718810 -2.730952 -0.177368 -0.005580  0.414038   2
  1  0  0.938300 17.862967-38.717458-18.373318  0.180384 -0.515951  0.269363   4
  1  0  0.938300  5.028052  8.808439 20.384427  0.030907  0.079330  0.769221   4
  1  0  0.938300 16.076150 -8.165285-15.847863  0.270210 -0.119115  0.268541   2
  1  0  0.938300 13.060257 35.585653 -4.527821  0.089800  0.380019  0.394946   4
  1  0  0.938300-27.595775  5.923939-18.691280 -0.212823  0.078979  0.248980   6
  1  0  0.938300  6.686890 11.354665-32.296193  0.018039  0.119044 -0.045033   7
  1  0  0.938300 -2.993621 47.304563 -3.290112 -0.013872  0.523267  0.426762   3
  1  0  0.938300  3.883909-10.560861 -7.487278  0.098841 -0.069902  0.367079   4
  1  0  0.938300 20.454688  2.514516 -1.898604  0.203853 -0.022438  0.406648   3
  1  1  0.938300  0.628724-11.526737-33.489265  0.023245 -0.027397  0.024507  -5
  1  1  0.938300 15.396745-20.137470 37.197713  0.183788 -0.167189  1.007291  -1
  1  0  0.938300-18.960068 -4.657734-11.331632 -0.236596 -0.059248  0.290429  -8
  1  1  0.938300-15.935085 10.774363 -5.877442 -0.098864  0.092290  0.364113  -4
  1  1  0.938300  1.642625-18.000663 32.201119  0.042199 -0.230627  0.896565  -1
  1  1  0.938300 46.540272 13.616879  2.521969  0.617953  0.186802  0.631991  -4
  1  1  0.938300-23.524432 -3.430781 15.834900 -0.248339 -0.001969  0.717525  -4
  1  1  0.938300-16.127751  7.239019  1.250162 -0.188851  0.050446  0.433020  -4
  1  1  0.938300-24.956835 22.394263-23.892887 -0.290443  0.265808  0.206024  -2
  1  1  0.938300  8.611404  6.032707-27.246677  0.112537  0.005457  0.076152  -4
  1  1  0.938300-15.132315 35.104678  2.084097 -0.135117  0.494139  0.512814  -2
  1  1  0.938300 33.236479-35.490942 -7.257496  0.436228 -0.440611  0.471446  -3
  1  1  0.938300 -8.098771 -3.389337-21.652834 -0.182406  0.000890  0.193902  -6
  1  1  0.938300  9.241565 12.174136 33.168224  0.121468  0.194303  0.907459  -1
  1  1  0.938300  9.330360 15.703681 26.091173  0.082418  0.254819  0.765498  -4
  1  1  0.938300 17.591378 12.870677 36.255870  0.200647  0.138510  0.983907  -2
  1  1  0.938300 -8.108121 15.199598 27.878794 -0.136232  0.201166  0.876004  -5
  1  1  0.938300 -6.925091  1.044560 37.582717 -0.018093  0.018882  0.924861  -3
  1  1  0.938300  5.586025  2.483906 40.659349  0.047615 -0.036379  1.038403  -6
  1  1  0.938300 11.514972 37.338109 16.422772  0.118212  0.479930  0.827281  -5
  1  1  0.938300 -2.619090-20.320447 32.932678 -0.011407 -0.185427  0.962615  -1
  1  1  0.938300 -2.575313 40.064725 18.155786 -0.013922  0.456563  0.717334  -5
  1  1  0.938300-14.525835-16.322676-12.065463 -0.154792 -0.219687  0.275456  -4
  1  1  0.938300 -1.399730 29.928426 24.725327 -0.054851  0.313894  0.769570  -2
  1  0  0.938300 38.005112  0.144797 -5.360232  0.390865  0.059242  0.397330  -3
  1  1  0.938300 -6.092990 -1.555925 12.850048 -0.053110  0.063686  0.652997  -4
  1  1  0.938300 -3.252727 -7.616993 19.074396 -0.099605 -0.034835  0.694080  -3
  1  1  0.938300-45.886105 38.479333 -4.359514 -0.619432  0.545448  0.504599  -4
  1  1  0.938300 -1.393353 -6.364006 33.195502  0.054942 -0.102184  1.024772  -2
  1  1  0.938300-20.237864  5.398532  8.467017 -0.222459  0.133168  0.520348  -4
  1  1  0.938300-17.873976 31.782955-23.730476 -0.173901  0.377701  0.126553  -5
  1  1  0.938300-24.755928  7.650157 -0.635020 -0.211432  0.043014  0.480432  -6
  1  1  0.938300  8.840014 10.365411 14.143934  0.043548  0.187313  0.605085  -3
  1  1  0.938300 -8.794457 11.083611 20.164756 -0.184294  0.154935  0.701705  -1
  1  1  0.938300  9.649003-33.020252 26.246615  0.158557 -0.400968  0.895114  -4
  1  1  0.938300  8.358254  6.874504 26.069418  0.081046  0.104193  0.814643  -2
  1  1  0.938300-24.677640 -0.427770 -2.068952 -0.334355  0.004684  0.390417  -5
  1  1  0.938300-24.892574-13.607950  2.320993 -0.249740 -0.093332  0.479915  -6
  1  1  0.938300  2.837859 -4.741591 17.302921  0.031278 -0.075085  0.727443  -3
  1  1  0.938300-30.454423 -9.081689 16.600296 -0.319290 -0.045892  0.654365  -3
  1  1  0.938300 -5.430918 -1.146633 32.852506 -0.000893  0.019053  0.976316  -1
  1  1  0.938300 27.768532 -7.791740 15.250629  0.375643 -0.086543  0.601127  -4
  1  1  0.938300  5.660915-14.028449 19.614275  0.095922 -0.125827  0.672238  -5
  1  1  0.938300 -2.322442-39.475084 21.349833 -0.038193 -0.438297  0.746760  -2
  1  1  0.938300  9.268928-26.756130  6.599402  0.060599 -0.285478  0.582288  -7
  1  1  0.938300 17.853639-27.446990 28.492135  0.218526 -0.303652  0.908904  -3
  1  1  0.938300-24.454104 13.779712 24.619529 -0.240399  0.142609  0.796722  -2
  1  1  0.938300  4.790583 20.328434-15.103834  0.113174  0.184741  0.259235  -5
  1  1  0.938300-30.932506 20.893978 10.031978 -0.323000  0.246943  0.605041  -4
  1  1  0.938300-15.294022  2.130217 16.839020 -0.161676 -0.024120  0.696121  -3
  1  1  0.938300  6.873590 -7.479908 17.616091  0.034956 -0.003878  0.656966  -1
  1  1  0.938300-16.579009-40.280242-14.862467 -0.172813 -0.446037  0.323725  -2
  1  1  0.938300-38.518116-22.233066 17.543380 -0.469782 -0.343653  0.790947  -3
  1  1  0.938300 31.226508-16.014131 33.037519  0.412056 -0.129193  0.975743  -2
  1  1  0.938300-18.372457 18.868036-38.237900 -0.299067  0.219146 -0.002961  -2
  1  1  0.938300 47.581509 -7.553987 15.195648  0.568938 -0.090680  0.728955  -3
  1  1  0.938300  2.237398 -9.137835 19.910281  0.080952 -0.082712  0.662593  -2
  1  0  0.938300 -9.500412 13.983008-17.178802 -0.093286  0.157491  0.240797  -3
  1  1  0.938300 27.507869 -2.617645-27.004207  0.294265 -0.004688  0.126141  -2
  1  0  0.938300-13.324992-18.500942-28.800445 -0.133997 -0.120169  0.081387  -6
  1  1  0.938300 21.410012  1.082923 21.587144  0.245037 -0.026907  0.811988  -4
  1  1  0.938300  3.108934 29.103302 -5.447198 -0.007836  0.319248  0.425613  -5
  1  1  0.938300-17.636661  8.351967 -0.606537 -0.162208  0.047172  0.468119  -6
  1  1  0.938300  0.650854-52.631109  8.778744  0.030058 -0.742541  0.667710  -3
  1  1  0.938300  6.237123 16.215327-19.446051  0.100398  0.132842  0.280187  -3
  1  1  0.938300-29.499041-25.666699 -6.526755 -0.305221 -0.257522  0.384175  -3
  1  1  0.938300 -2.848632 -2.713926 28.939750 -0.062120 -0.073525  0.808571  -1
  1  1  0.938300-35.558448  2.481986  9.696445 -0.435367  0.108294  0.629019  -2
  1  0  0.938300-17.283120-38.972012 13.576231 -0.258954 -0.527663  0.743267  -7
  1  1  0.938300-11.896057-14.741661-14.245055 -0.072346 -0.143863  0.309127  -5
  1  1  0.938300  4.028938-39.716528 30.147827  0.047789 -0.506320  0.980429  -5
  1  1  0.938300 -7.126325 -0.304910-24.349815 -0.137513  0.025035  0.138238  -3
  1  1  0.938300 -4.610208  8.527048 -9.344548 -0.018183  0.089832  0.274521  -7
  1  1  0.938300  2.367376-16.229166 -7.340910 -0.007456 -0.185725  0.394852  -2
  1  1  0.938300-10.917654-22.455504 -6.499800 -0.174040 -0.267100  0.322924  -2
  1  1  0.938300 41.776780-20.766731 -5.908200  0.555441 -0.253293  0.409214  -5
  1  1  0.938300-19.377818  0.667650 34.278653 -0.178885 -0.001675  0.993017  -1
  1  1  0.938300  9.463641 26.259401 15.343152  0.042735  0.407483  0.691764  -3
  1  1  0.938300 47.357426  7.506798  4.630159  0.619147  0.083616  0.568482  -2
  1  0  0.938300-18.396121 -7.943023  4.009984 -0.152975 -0.076442  0.482500  -6
  1  0  0.938300 18.407882 12.422932-23.319369  0.153762  0.183645  0.172658  -4
  1  0  0.938300-20.327904  1.003885 30.173164 -0.189417 -0.010320  0.805068  -4
  1  0  0.938300  9.987567  5.258905 26.734242  0.093349  0.044133  0.779611  -1
  1  0  0.938300 -8.145659-34.307661-25.557815 -0.148980 -0.400890  0.102155  -3
  1  0  0.938300-38.541686-11.100516  3.973012 -0.390352 -0.083508  0.516243  -2
  1  0  0.938300 26.162157-21.176040  3.304146  0.273758 -0.223587  0.457711  -6
  1  0  0.938300-33.235148-23.674235  0.706521 -0.359531 -0.290127  0.442580  -3
  1  0  0.938300 -6.492268  1.985507-25.305719 -0.078475  0.050861  0.199308  -5
  1  0  0.938300-33.952354 21.021863 28.942780 -0.466434  0.240349  0.960351  -3
  1  0  0.938300 -9.033061-17.387588-38.379016 -0.114187 -0.264859 -0.013481  -4
  1  0  0.938300-21.514654 -5.231204 23.680496 -0.274074 -0.014775  0.797115  -4
  1  0  0.938300 -1.353292 30.862729 14.936065  0.005931  0.318788  0.700995  -4
  1  0  0.938300  5.192548-14.582971 28.696318  0.108794 -0.076145  0.772693  -4
  1  0  0.938300-11.381647-39.017478 21.241830 -0.077002 -0.450231  0.751489  -3
  1  0  0.938300-20.013450-14.858166 22.305265 -0.243365 -0.139959  0.819379  -2
  1  0  0.938300  9.019000 23.810125-13.290752  0.094981  0.263913  0.239629  -4
  1  0  0.938300 19.863905-20.008319-19.270427  0.246257 -0.150616  0.209552  -5
  1  0  0.938300 33.899944 -8.492043 37.119366  0.424223 -0.190077  1.071699  -2
  1  0  0.938300-20.262749 -2.001927  9.683989 -0.211746  0.009757  0.532289  -1
  1  0  0.938300 -8.364272  8.571679 31.480312 -0.094569  0.072990  0.890747  -2
  1  0  0.938300 16.196845 -4.386352 25.211650  0.210458 -0.045812  0.763793  -6
  1  0  0.938300  7.512881 13.977344 19.925489  0.133225  0.060682  0.717784  -6
  1  0  0.938300 17.077492-17.513229 33.200772  0.157305 -0.227618  0.899617  -2
  1  0  0.938300-23.598026-22.275686-33.953998 -0.319615 -0.297822  0.041763  -4
  1  0  0.938300 -7.195910-20.261932 -1.899014 -0.089594 -0.257830  0.476842  -6
  1  0  0.938300 12.061843 10.835322 23.263148  0.073227  0.035655  0.717758  -1
  1  0  0.938300-15.829211 -4.112209-17.914453 -0.167680 -0.092251  0.209460  -7
  1  0  0.938300 12.830415 -2.528843 38.462962  0.107371 -0.091721  1.052636  -1
  1  0  0.938300 -4.616579 -0.330781 22.083124 -0.020754  0.007957  0.727091  -1
  1  1  0.938300-20.158812  5.124061-18.820879 -0.256136  0.028588  0.252507  -3
  1  0  0.938300-20.628927 -5.978943 28.757476 -0.260356 -0.002010  0.980483  -3
  1  0  0.938300-15.997667 31.586879  2.359882 -0.201384  0.306131  0.497236  -4
  1  0  0.938300 30.876828-16.661386 27.622155  0.380979 -0.169001  0.936665  -6
  1  0  0.938300 -4.787042 -2.803724 10.107140 -0.101299  0.012131  0.538366  -3
  1  0  0.938300-16.768859-22.876488  3.108405 -0.144410 -0.220982  0.482679  -2
  1  0  0.938300 19.395462-11.763484 29.877160  0.169980 -0.131492  0.776294  -3
  1  0  0.938300 38.525250  3.973703  8.810735  0.430944  0.101422  0.550971  -2
  1  0  0.938300  4.267764 11.326896 12.608671  0.026743  0.014953  0.555818  -1
  1  0  0.938300 -3.940908-12.664532 -7.068336 -0.070946 -0.134752  0.328285  -4
  1  0  0.938300  4.558471 -5.428002 42.531333  0.063594 -0.045206  1.100424  -1
  1  1  0.938300 23.520377-49.891593-16.674893  0.269884 -0.744722  0.315638  -6
  1  0  0.938300 -0.234499-24.174764 22.952286  0.033818 -0.351498  0.834823  -5
  1  0  0.938300-18.544208 42.818766 37.517082 -0.243316  0.518732  1.129742  -4
  1  0  0.938300-40.383315 -4.375191 -1.399609 -0.542565 -0.074167  0.499269  -2
  1  0  0.938300 24.819366 13.207512 -7.219754  0.204647  0.133191  0.396149  -3
  1  0  0.938300 29.881899 -7.493650-24.881022  0.298983 -0.096064  0.133457  -3
  1  0  0.938300-17.905854 -2.870434 28.278527 -0.197400 -0.083409  0.933637  -5
  1  0  0.938300-10.386684-38.343746 12.779403 -0.129383 -0.461750  0.677503  -5
  1  0  0.938300 22.954240  7.165553-18.947986  0.246797  0.014603  0.203661  -3
  1  0  0.938300 11.728979-37.916152 24.110438  0.092886 -0.455360  0.878011  -4
  1  0  0.938300-12.736951  1.691322-35.582590 -0.201054  0.046585 -0.030131  -6
  1  1  0.938300  0.002261  2.137157 22.660035 -0.048863 -0.041366  0.830249  -3
  1  0  0.938300-24.371103  7.559354 27.040355 -0.362130  0.071553  0.842956  -4
  1  0  0.938300-17.171608 -7.794905 32.043636 -0.150053 -0.072236  0.826756  -1
  1  0  0.938300 -4.041956  4.957279  2.046561 -0.042161  0.033921  0.401784  -3
  1  0  0.938300 -0.760879  4.640472 20.082063  0.062062 -0.008460  0.737814  -5
  1  0  0.938300  6.305844 40.363580-14.101004  0.095384  0.508232  0.314968  -4
  1  0  0.938300 29.410778 20.939611 13.201144  0.307820  0.200473  0.603345  -6
  1  0  0.938300 26.216636 14.468015-30.828487  0.290463  0.129120  0.087399  -3
  1  0  0.938300-39.914871 -1.604960 10.996652 -0.446588 -0.033517  0.591781  -6
  1  0  0.938300 31.718857-26.542702 34.152633  0.398586 -0.355713  1.100611  -6
  1  0  0.938300  0.403418 -8.170015 43.980631 -0.016198 -0.038139  1.081659  -1
  1  0  0.938300 15.505373-28.643778 17.256701  0.205731 -0.273244  0.717728  -3
  1  0  0.938300-39.050096  9.274560 15.595574 -0.456756  0.160631  0.736615  -2
  1  0  0.938300-23.836184 -2.457472 27.464459 -0.235178 -0.030691  0.862939  -7
  1  0  0.938300 38.863220 -2.974292-20.727614  0.513106 -0.075567  0.191170  -4
  1  0  0.938300-17.217767 13.283894 -4.103546 -0.200236  0.093500  0.414451  -4
  1  0  0.938300 -7.238727-40.285754-22.876936 -0.110045 -0.499600  0.252263  -4
  1  0  0.938300 -4.047021 18.135747 37.978052 -0.055175  0.211349  0.937955  -1
  1  0  0.938300 -5.276959  1.826112 33.517516 -0.062013 -0.025576  0.822762  -1
  1  0  0.938300-21.344138-39.107141 13.094327 -0.201649 -0.489944  0.671916  -3
  1  0  0.938300-19.443053  7.368975 -3.563667 -0.242950  0.124303  0.501485  -4
  1  0  0.938300 -1.490535 12.111939  4.245915 -0.068302  0.120281  0.560137  -8
  1  0  0.938300 19.621764  0.959645-20.771747  0.154869  0.031494  0.210881  -3
  1  0  0.938300-13.734449 31.634627 10.396254 -0.122272  0.393950  0.614469  -3
  1  0  0.938300 13.039544-19.474187 41.682885  0.159598 -0.184775  1.192793  -4
  1  0  0.938300-14.926843 16.633586-22.698556 -0.164754  0.166394  0.120340  -6
  1  0  0.938300 24.301696  4.330995 -5.361275  0.376642  0.019984  0.411258  -6
  1  0  0.938300 10.873682  5.210085 28.387590  0.031385  0.057719  0.725064  -1
  1  0  0.938300 35.923806 25.077199  5.000192  0.396869  0.233456  0.567160  -4
  1  1  0.938300 -9.377510 -8.551507 12.236543 -0.076165 -0.101043  0.661389  -2
  1  0  0.938300-30.702660 37.690042-12.959476 -0.304616  0.458777  0.344692  -3
  1  0  0.938300-12.408897  1.907559 33.068388 -0.105725  0.079684  1.036296  -1
  1  0  0.938300  8.570938 34.937636 -8.572606  0.038921  0.401068  0.379133  -6
  1  0  0.938300 30.376107 -1.646478  2.953650  0.342584 -0.007531  0.482106  -3
  1  0  0.938300 14.891060 -2.306557-45.250260  0.283481 -0.102951 -0.201092  -4
  1  0  0.938300-41.503696  9.897769  5.549959 -0.473930  0.107355  0.599331  -2
  1  0  0.938300-33.283494-23.030182 -0.375441 -0.458244 -0.277979  0.526663  -4
  1  0  0.938300 -1.437111  6.790985 34.236926 -0.046242  0.152952  0.978180  -1
  1  0  0.938300 12.804376 -3.816311 25.251827  0.086481 -0.032642  0.659863  -3
  1  0  0.938300  4.544478  0.883796  9.396838  0.054952  0.011439  0.563860  -5
  1  0  0.938300  0.283813 19.669805 -2.550614  0.016863  0.221732  0.393863  -4
  1  0  0.938300 14.285931  5.479509  9.299043  0.155151  0.018649  0.584240  -7
  1  0  0.938300 -9.683588  0.500903 29.036332 -0.073389 -0.028831  0.825216  -1
  1  0  0.938300-18.184583  0.243007 10.015111 -0.206881  0.105652  0.595955  -5
  1  0  0.938300 26.758475 32.724202 18.665811  0.291022  0.378584  0.711810  -5
  1  0  0.938300-10.086857 24.476679 16.729666 -0.043257  0.290270  0.703050  -3
  1  0  0.938300 25.783855-17.261944 19.760392  0.222743 -0.226880  0.742429  -2
  1  1  0.938300  4.812743-36.779744  3.098164  0.078793 -0.372392  0.554911  -3
  1  0  0.938300 18.376046 12.277827-33.480267  0.210347  0.120089  0.070609  -5
  1  0  0.938300 11.456722 18.262651 25.943069  0.129342  0.122559  0.784825  -4
  1  0  0.938300-15.240495 -8.145771 -2.057804 -0.181783 -0.038381  0.402337  -1
  1  0  0.938300-41.979179-28.958769 -6.255325 -0.487445 -0.414568  0.442312  -4
  1  0  0.938300  0.353905 15.349020 34.201418 -0.024924  0.096406  0.840239  -1
  1  0  0.938300 24.935988-20.760230 -5.212219  0.225494 -0.224404  0.402235  -3
  1  0  0.938300  6.684394 19.997812-12.200462  0.019879  0.234487  0.337288  -3
  1  0  0.938300-11.881224  6.010277 15.482708 -0.035554  0.052990  0.578114  -2
  1  0  0.938300  4.415119 23.082478 20.231471 -0.013628  0.229993  0.810903  -5
  1  0  0.938300 26.025500 32.538697 32.422038  0.403603  0.508423  1.033294  -2
  1  0  0.938300-13.807724-14.524898 16.342253 -0.118602 -0.120603  0.660862  -3
  1  0  0.938300 14.815642-19.740971 31.712905  0.073457 -0.258106  0.894972  -2
  1  0  0.938300  9.899474-12.766040 33.608217  0.078310 -0.169526  0.828139  -1
  1  0  0.938300  2.104591 15.727216-14.648323  0.071264  0.161268  0.284185  -6
  1  0  0.938300 13.980476 -0.978128-12.283839  0.108034 -0.012005  0.297403  -3
  1  0  0.938300-41.059944 -4.271758-23.709401 -0.463083 -0.025738  0.125057  -4
  1  0  0.938300-17.548778  8.722627-27.392940 -0.243858  0.064685  0.129105  -8
  1  0  0.938300 -5.081485 -7.559929 26.286952 -0.077091 -0.099681  0.837458  -2