  1  1  0.938300 -2.028995  4.431624-23.564997 -0.060206 -0.023322  0.186997   1
  1  1  0.938300  9.271296 15.940083-33.156666  0.060610  0.129042  0.073322   1
  1  1  0.938300 -9.136258 -7.346421-11.510112 -0.091858 -0.099597  0.338394   3
  1  1  0.938300 12.008580 28.710872 11.497033  0.141857  0.280372  0.599823   2
  1  1  0.938300-10.788914-21.114101 19.242136 -0.124171 -0.210968  0.692615   4
  1  1  0.938300  5.120689-12.682159-11.719293  0.049907 -0.094200  0.279824   3
  1  1  0.938300  1.556516-30.075723-30.191920  0.046443 -0.347121  0.047493   2
  1  1  0.938300  0.495690  0.649110-38.747378  0.010719  0.004426 -0.060701   1
  1  1  0.938300  1.366751-35.273699 11.254172 -0.034943 -0.352492  0.630978   3
  1  1  0.938300 29.640983  1.688190 22.706740  0.293899  0.033956  0.812897   5
  1  1  0.938300 10.839834-14.325958-43.359200  0.117292 -0.156358 -0.034717   1
  1  1  0.938300 45.980654 -7.979209 22.341315  0.729413 -0.154717  0.991673   4
  1  1  0.938300  3.186155-21.125494 -5.567492  0.010841 -0.154846  0.421234   2
  1  1  0.938300 21.612145 20.873181 20.059837  0.208293  0.205138  0.688248   6
  1  1  0.938300-47.190595 30.379210 -0.822864 -0.768734  0.564931  0.621643   5
  1  1  0.938300  8.575138-16.113879-36.531911  0.099584 -0.112207 -0.000597   1
  1  0  0.938300  0.088037 16.798451-15.267283  0.039375  0.171140  0.211042   6
  1  1  0.938300  0.381827-16.963300-21.375336 -0.029710 -0.150614  0.212022   2
  1  1  0.938300 12.178448 -2.763194-15.129958  0.142513 -0.030088  0.296958   2
  1  1  0.938300 -0.791533-18.594907-35.229597 -0.062466 -0.158757 -0.015830   1
  1  1  0.938300 -4.991966 37.692438 -2.685360 -0.014781  0.407049  0.406831   2
  1  1  0.938300 -0.870901-15.002576-38.367977  0.078208 -0.179795 -0.017358   3
  1  1  0.938300 20.002115-12.848959-14.035219  0.173735 -0.166113  0.278250   4
  1  1  0.938300  3.709064 21.939649  6.907272  0.055415  0.289894  0.522650   4
  1  1  0.938300-19.641344 19.065421-15.609526 -0.190087  0.243569  0.219390   3
  1  1  0.938300 -3.062926 -2.614876-29.242525 -0.093022 -0.017825  0.075208   1
  1  1  0.938300-11.492048-18.176966 35.015243 -0.135346 -0.196657  0.961033   3
  1  1  0.938300-30.715724  1.374800-20.183280 -0.299336  0.046119  0.167723   2
  1  1  0.938300-13.822820 16.562200 34.612765 -0.201916  0.218353  0.961329   4
  1  1  0.938300-11.782249-29.254104  4.353649 -0.179183 -0.377058  0.572818   5
  1  1  0.938300 -6.577349 -9.284864-35.441728 -0.077174 -0.150400  0.000470   1
  1  1  0.938300-17.986983 32.011492-14.991142 -0.171816  0.285506  0.276381   2
  1  1  0.938300 -4.111998-14.804749 -3.411345 -0.015490 -0.098070  0.382326   3
  1  1  0.938300  7.247942-30.979045 20.752231  0.119271 -0.380782  0.739541  12
  1  1  0.938300 -2.423380 -9.631809-16.817956  0.015483 -0.057782  0.231881   3
  1  1  0.938300-15.170106  2.241803-33.622514 -0.159615  0.020645  0.042382   1
  1  1  0.938300  5.726080 17.991130-28.161165  0.034346  0.223276  0.090444   2
  1  1  0.938300 -1.777067-18.934394 23.879228 -0.034953 -0.191779  0.793606   4
  1  1  0.938300-27.120655 18.030638-28.062222 -0.375870  0.234474  0.040577   2
  1  0  0.938300 26.281950 28.333977 15.695217  0.230734  0.318417  0.643594   2
  1  1  0.938300-31.019517-23.511936  4.138963 -0.390622 -0.296275  0.580950   3
  1  1  0.938300-24.922091 -6.848769 20.918483 -0.268295 -0.119487  0.760599   4
  1  1  0.938300 -4.994336  7.669555 15.298749 -0.085576  0.033107  0.590401   5
  1  1  0.938300-16.397221 26.922732 12.422706 -0.141327  0.386782  0.692814   7
  1  1  0.938300 39.951303 20.803973  3.064707  0.474669  0.307397  0.560644   6
  1  1  0.938300-44.341994  3.907542-27.106274 -0.547277  0.010735  0.135224   2
  1  1  0.938300 23.544657  7.494825 18.606172  0.272610  0.146764  0.623545   2
  1  0  0.938300-24.273914-24.981841 11.182683 -0.304108 -0.245024  0.620353   2
  1  1  0.938300  7.483986 40.485953  0.654236  0.108721  0.465084  0.542400   2
  1  1  0.938300  4.775206 15.059794  4.773097  0.055073  0.204325  0.429375   4
  1  1  0.938300 19.578644-19.674263 21.916642  0.192142 -0.258855  0.752509   3
  1  1  0.938300  5.782736 -1.218300 -8.198415  0.079078 -0.098403  0.297636   4
  1  1  0.938300-27.997757  0.184123 -7.580868 -0.318770 -0.048045  0.333974   3
  1  1  0.938300 -7.040056 -9.511333-34.265568 -0.085636 -0.062708  0.087862   3
  1  1  0.938300 -1.479513  8.631016-37.092749 -0.036308  0.050156 -0.039715   1
  1  1  0.938300 -7.676031 -4.555201-26.994124 -0.078657 -0.020583  0.064561   1
  1  1  0.938300 35.210454 -4.332947  0.988217  0.360065 -0.041532  0.476033   4
  1  1  0.938300-18.265497-35.947539-20.052867 -0.209959 -0.467369  0.177158   6
  1  1  0.938300 -4.127181  2.518628-36.803875 -0.050447  0.031656 -0.063676   1
  1  1  0.938300 39.780645  5.446609 10.904324  0.473216  0.119372  0.647445   3
  1  0  0.938300 12.792112 14.707621-18.877815  0.164929  0.145617  0.179358   5
  1  1  0.938300 18.363877  3.932652 15.915696  0.177920  0.008691  0.738432   3
  1  1  0.938300 66.354993 17.986858  1.650443  1.033484  0.298072  0.676771   3
  1  1  0.938300 20.439320 -3.857144 19.634700  0.227936 -0.043699  0.686806   2
  1  1  0.938300 10.731372  8.669480-18.844990  0.120290  0.182410  0.156801   2
  1  1  0.938300 -7.934161  1.722399-37.625684 -0.046582  0.000035 -0.077113   1
  1  1  0.938300  8.479413-21.841313  8.910622  0.095383 -0.162188  0.521657   3
  1  1  0.938300 -2.147354 26.335828 20.859572  0.039448  0.303287  0.840142   4
  1  1  0.938300-16.129210 -4.748375  9.291764 -0.106992  0.015739  0.620953   3
  1  1  0.938300 -1.015472-11.024620 -4.895830  0.025420 -0.182100  0.378052   3
  1  1  0.938300  8.524172 34.097604 15.135382  0.119355  0.399760  0.747545   5
  1  1  0.938300  8.643995-13.685018-30.715299  0.139295 -0.176152  0.062619   1
  1  1  0.938300-11.934969-15.912813 31.009626 -0.093647 -0.148523  0.872075   5
  1  0  0.938300-12.253406  9.079439  3.532499 -0.077169  0.009582  0.543021   2
  1  1  0.938300 -7.146848-14.835370-10.127278 -0.075727 -0.205328  0.336494   7
  1  1  0.938300 -1.236202-20.344263 -2.620347 -0.003517 -0.164119  0.447109   2
  1  1  0.938300 16.108217-46.743733  9.067086  0.159382 -0.551915  0.672573   3
  1  1  0.938300-22.643027 -6.160334 30.119795 -0.205641 -0.054539  0.934835   6
  1  1  0.938300-24.196479-22.197362-25.326325 -0.200205 -0.218956  0.135769   2
  1  0  0.938300 -8.214487 -4.031647-30.566201 -0.090265 -0.000514 -0.008218   2
  1  0  0.938300-12.539806 -3.301146-32.115078 -0.193442 -0.061920  0.089208   1
  1  0  0.938300 -0.634513-15.934121-21.462320  0.019249 -0.214651  0.126872   3
  1  0  0.938300  4.602758 35.304616 -4.372236  0.009064  0.379640  0.402343   6
  1  1  0.938300-24.616506-30.689260-10.278906 -0.345798 -0.426986  0.302285   5
  1  0  0.938300 -3.029456 30.906895 29.410933 -0.078010  0.357212  0.910267   6
  1  0  0.938300-18.685713-24.318342-23.118213 -0.263423 -0.273782  0.128666   5
  1  0  0.938300 -4.471597 -3.303622-38.200642 -0.089821  0.029425  0.007028   1
  1  0  0.938300-22.157864-25.542161-15.987965 -0.301242 -0.283511  0.229533   7
  1  0  0.938300 -4.526346-15.662061-32.871398 -0.042951 -0.064694  0.040599   2
  1  0  0.938300  5.711958 29.029639 -1.592657  0.026765  0.322332  0.481027   5
  1  0  0.938300 -2.603836 -7.282505-26.457327  0.037188 -0.084244  0.157078   1
  1  0  0.938300-12.579606 14.504133-33.460251 -0.102689  0.194281  0.004951   1
  1  0  0.938300 10.822755 21.634711 -2.291980  0.115118  0.301519  0.463338   8
  1  0  0.938300 21.593511-14.195765-35.666755  0.270328 -0.156077 -0.023443   2
  1  0  0.938300 -7.792849  0.060202 23.266079 -0.058188  0.070109  0.816973   4
  1  0  0.938300-23.291242 -7.682851-20.478816 -0.205303 -0.092210  0.240641   1
  1  0  0.938300 19.083679  4.936259  6.684259  0.180235 -0.017767  0.577585   6
  1  0  0.938300 -1.253117 -9.314314 -3.744406  0.070498 -0.072818  0.470817   3
  1  0  0.938300 10.511739 -2.698243 20.251397  0.113928 -0.073873  0.703964   3
  1  0  0.938300 -0.431884-23.952576-32.362743 -0.046404 -0.205795  0.082616   1
  1  0  0.938300 32.382207-11.621512 17.508193  0.338373 -0.115416  0.741649   3
  1  0  0.938300 13.677228 -9.919920-28.767339  0.132403 -0.143170  0.064331   2
  1  0  0.938300 -2.527861 28.362836-22.363168 -0.073301  0.278733  0.205326   4
  1  0  0.938300  4.530569 24.996282  4.892347  0.026049  0.281046  0.556070   3
  1  0  0.938300  5.574073  0.315754-16.883473  0.096241  0.015981  0.232586   1
  1  0  0.938300  2.842728-12.701872  8.925312  0.074480 -0.138583  0.483526   2
  1  0  0.938300 -6.735465-10.437292 18.152836 -0.126617 -0.039194  0.743917   4
  1  0  0.938300-47.812630 17.298549 23.853367 -0.618838  0.197922  0.873611   2
  1  0  0.938300 -4.500726-14.192603  5.820215 -0.105570 -0.247693  0.568146   3
  1  0  0.938300 24.192032 -0.734825-23.924775  0.197188 -0.047429  0.145477   5
  1  0  0.938300 -9.248249 -8.342719-29.663944 -0.103658 -0.115894  0.165784   1
  1  1  0.938300-21.684086 -9.185524 13.313382 -0.243399 -0.073260  0.666286   5
  1  0  0.938300 -9.586671  4.418490 26.708266 -0.081134 -0.019794  0.734661   2
  1  0  0.938300 -3.154791  3.340845-34.178794 -0.063119  0.085274  0.039049   1
  1  0  0.938300  2.977375  1.152314 -6.470488  0.025569  0.057008  0.391909   3
  1  0  0.938300 15.649838 -3.096549-23.812443  0.105504 -0.058079  0.134771   2
  1  1  0.938300-11.468955 14.297569 33.504591 -0.122199  0.139391  0.975870   4
  1  0  0.938300  7.761708 21.811786-23.711025  0.125066  0.263013  0.131341   2
  1  0  0.938300 -2.091556 32.381974-35.239030 -0.044015  0.389550  0.033878   2
  1  0  0.938300-16.009898 18.993437  2.877806 -0.242914  0.120973  0.503002   3
  1  0  0.938300 -3.088517 -5.234132 -0.635063  0.046864 -0.019721  0.440603   2
  1  0  0.938300  5.059296  3.169815 21.673115  0.028606  0.028097  0.726714   7
  1  0  0.938300  4.984748 -5.553319-15.779917  0.110010 -0.056507  0.260621   1
  1  0  0.938300 16.665113 12.957846-31.863851  0.187211  0.176708  0.054774   1
  1  0  0.938300-14.426666 -2.315375-20.731109 -0.160397 -0.017738  0.198339   8
  1  0  0.938300 12.088046-43.965765  6.917030  0.107432 -0.546007  0.633757   2
  1  0  0.938300 -9.165934 17.463286-20.311617 -0.073542  0.140968  0.274858   3
  1  0  0.938300 -7.762735 11.821738-48.396211 -0.226188  0.126735 -0.216463   4
  1  0  0.938300 -9.716899 11.463444-11.984557 -0.060525  0.084663  0.272193   1
  1  0  0.938300 -2.962618  4.652092-37.386113 -0.011336 -0.025984  0.041221   1
  1  0  0.938300  9.388133  1.776656-53.904869  0.090143  0.018071 -0.214905   1
  1  0  0.938300 -2.279436 -1.473466 -8.658217 -0.060624 -0.016542  0.322581   4
  1  0  0.938300-17.333861-22.904299 -8.047538 -0.187241 -0.256075  0.404124   8
  1  0  0.938300-14.327879 18.538849 11.707970 -0.064233  0.238619  0.582387   5
  1  0  0.938300 -0.143456-37.209906 22.481793  0.001736 -0.409084  0.822385   2
  1  0  0.938300-20.824794-14.249727 -2.367576 -0.258917 -0.125132  0.419893   2
  1  0  0.938300  4.080992  3.798493-38.453703 -0.031132  0.031158  0.002220   1
  1  0  0.938300-19.518452-38.010515 -7.851916 -0.296202 -0.398924  0.366813   2
  1  0  0.938300  3.716398 -4.299981 -3.793275 -0.034496 -0.054347  0.418186   4
  1  0  0.938300 27.108938 -7.952665-16.074551  0.318530 -0.175073  0.242940  11
  1  0  0.938300-11.255055 -0.996170-18.370920 -0.099106 -0.029247  0.201420   1
  1  1  0.938300-15.373845-27.332106-14.901672 -0.210950 -0.387567  0.234935   3
  1  0  0.938300-26.190884-29.596287-28.156295 -0.259870 -0.367869  0.140688   2
  1  0  0.938300 21.746383 39.075998 17.334311  0.319514  0.507424  0.737617   5
  1  0  0.938300 13.372382-15.599166-25.227489  0.101618 -0.117682  0.126151   4
  1  0  0.938300  1.701136 -9.239217-36.224332 -0.048292 -0.164482  0.012263   2
  1  0  0.938300-25.785665 10.661174-30.982794 -0.339077  0.047149  0.062174   5
  1  0  0.938300 -1.112499 42.687436 -7.901051  0.019895  0.478987  0.377229   3
  1  0  0.938300 22.173448-16.856623  2.339448  0.248372 -0.142037  0.480249   7
  1  0  0.938300 16.199051 23.788339-13.271936  0.166175  0.301513  0.283937   5
  1  1  0.938300 15.995632-27.673378 25.443917  0.228255 -0.355444  0.882727   2
  1  0  0.938300-19.571806 -1.261935-16.246737 -0.134589 -0.025918  0.213595   2
  1  0  0.938300-21.905538  4.840169  5.111744 -0.213816  0.023389  0.483586   4
  1  0  0.938300 -6.926970 26.348668 11.295204 -0.097113  0.267336  0.536267   8
  1  0  0.938300-13.825658-27.766357 23.481867 -0.101443 -0.323198  0.702204   2
  1  0  0.938300 -5.032067-36.267733 17.604765 -0.046058 -0.331508  0.667413   2
  1  0  0.938300-13.722138 -4.940599 -2.871252 -0.116656 -0.091343  0.359450   7
  1  0  0.938300 33.314028 -4.923964 12.456561  0.324416 -0.003256  0.654326   4
  1  0  0.938300 31.690365  3.618205 22.159058  0.370659  0.028269  0.870231   8
  1  0  0.938300 -0.742182 -6.622680-27.183701 -0.003292 -0.121900  0.007212   4
  1  0  0.938300  6.098584  9.344810-35.632022  0.125018  0.053407  0.006870   1
  1  0  0.938300 26.064306-27.087651 17.469618  0.309506 -0.240954  0.686162   4
  1  0  0.938300 -7.774366-14.120809 40.950975 -0.073791 -0.128812  1.038825   4
  1  0  0.938300 27.257174 -1.969963-15.338378  0.312591 -0.055314  0.281015   4
  1  0  0.938300 -4.348907 11.570821 10.315509 -0.060044  0.087766  0.589338   5
  1  0  0.938300  6.178905-12.676421 10.215910  0.085295 -0.106546  0.511927   4
  1  0  0.938300-41.040372-13.614737-24.956314 -0.501366 -0.106058  0.172967   4
  1  0  0.938300 12.859932 21.155116 -6.295720  0.161710  0.203217  0.459510   6
  1  0  0.938300 23.055795 14.161382  6.559665  0.295097  0.195084  0.586593   2
  1  0  0.938300 -6.341212-13.530825-17.679514 -0.078201 -0.118638  0.236213   2
  1  0  0.938300 22.291559 17.788830-25.862710  0.312696  0.216015  0.150159   4
  1  0  0.938300 -0.180587  2.243031-24.915167  0.037743 -0.024166  0.182049   1
  1  0  0.938300 -8.477318  1.140537-14.059123 -0.158976  0.065828  0.312933   4
  1  0  0.938300-22.417551  7.150252  8.260654 -0.267733  0.028051  0.540511   4
  1  0  0.938300 -5.400765 21.593220 -1.540875 -0.092586  0.158883  0.445696   3
  1  0  0.938300 18.205959-34.350878-10.807596  0.249875 -0.395395  0.311029   2
  1  0  0.938300 12.256187-13.486554  9.120920  0.082414 -0.058500  0.469550   6
  1  0  0.938300-14.310521-12.044944-12.095256 -0.246539 -0.115582  0.252371   2
  1  0  0.938300 34.503065 -3.680326 -8.816097  0.375385 -0.097323  0.388225   4
  1  0  0.938300-13.599986 -6.751067-29.957618 -0.173157 -0.080887  0.112314   1
  1  0  0.938300 -6.048787-27.971404-12.033875 -0.062707 -0.301040  0.324737   6
  1  0  0.938300 13.142812 13.396326-25.266406  0.128224  0.193630  0.076980   2
  1  0  0.938300-18.590333-18.118632-19.012152 -0.276392 -0.153635  0.223965   7
  1  0  0.938300-48.627658-13.186051 31.917878 -0.641779 -0.134920  1.032732   3
  1  0  0.938300  6.361236 -1.482364-21.313274  0.093000 -0.034883  0.154366   5
  1  0  0.938300 13.240114 30.343040-20.555046  0.192972  0.286407  0.191726   2
  1  0  0.938300  2.534003 37.972585 17.243425  0.083284  0.391962  0.699035   2
  1  0  0.938300 11.307589 38.281137  1.798233  0.126506  0.467265  0.473764   3
  1  0  0.938300-20.432874-46.838167 -6.477346 -0.246292 -0.541499  0.408337   2
  1  0  0.938300  1.364800 18.127417  0.196556 -0.008747  0.232338  0.418386   4
  1  0  0.938300  6.756144  8.499564-22.257283  0.060326  0.056002  0.175351   2
  1  0  0.938300 36.927716-19.401447-12.171903  0.483241 -0.173796  0.311733   3
  1  0  0.938300 34.282354 18.522812 -0.496765  0.408116  0.184886  0.436776   2
  1  0  0.938300 21.698218 22.174671 -9.073093  0.231959  0.214679  0.408369   7
  1  0  0.938300-14.002878-12.889423  9.369791 -0.179463 -0.135984  0.528977   8
  1  0  0.938300-23.409066 -4.991357 -2.790780 -0.199799 -0.052689  0.422627   2
  1  0  0.938300 -0.937656-41.493479  6.941328  0.015491 -0.409546  0.581255   4
  1  1  0.938300-20.988379 -6.293538 -1.015725 -0.118960 -0.020183  0.423527  -3
  1  1  0.938300-17.950875-17.426562 -3.707277 -0.150555 -0.146562  0.349617  -4
  1  0  0.938300-35.617581-12.341953 19.380528 -0.398000 -0.079292  0.691186  -3
  1  1  0.938300 22.155838 -5.556479  5.715202  0.206044 -0.075299  0.552151  -3
  1  1  0.938300  8.555195 35.160945 -2.238073  0.116894  0.402060  0.462250  -2
  1  1  0.938300 -0.370951-12.021201 18.477332 -0.039477 -0.127549  0.688749  -3
  1  1  0.938300 26.572264 25.534800-36.243549  0.361356  0.417818 -0.017012  -3
  1  1  0.938300-18.339455 19.704211 28.129804 -0.208707  0.166399  0.773150  -2
  1  1  0.938300 -2.209732 13.430995 15.122704  0.055939  0.140188  0.616750  -2
  1  1  0.938300-28.988635 19.245111 -3.014210 -0.311621  0.205680  0.401043  -6
  1  1  0.938300 25.084523 35.703815 24.982651  0.269865  0.403522  0.818394  -2
  1  1  0.938300-20.680435  6.003164  6.509019 -0.234502  0.059362  0.597380  -7
  1  1  0.938300-10.351778-17.608305  2.324930 -0.152321 -0.196145  0.499356  -6
  1  1  0.938300-23.809164 10.052624 15.462970 -0.234960  0.071211  0.652890  -2
  1  1  0.938300 45.650252 21.800020  9.459386  0.538398  0.204807  0.648874  -2
  1  1  0.938300  7.907057 14.343080  4.229465  0.006417  0.102825  0.451006  -3
  1  1  0.938300 32.036179  1.987751-18.562636  0.430676  0.011307  0.214783  -6
  1  0  0.938300 29.999042 34.851038 10.545963  0.346607  0.396100  0.692826  -5
  1  0  0.938300-34.101120 17.647970 17.640490 -0.412572  0.205559  0.764622  -4
  1  1  0.938300 12.220112 22.304904-48.821109  0.184977  0.269462 -0.218899  -5
  1  1  0.938300 23.204854 14.478864  4.110888  0.308818  0.130677  0.514460  -3
  1  1  0.938300 29.269203 30.800139 29.728067  0.362962  0.366583  1.011717  -2
  1  1  0.938300 21.330916 -1.679037  6.089695  0.253846 -0.016188  0.558420  -3
  1  1  0.938300 10.558165-12.334840-11.858076  0.135652 -0.168966  0.311419  -4
  1  1  0.938300 22.257074 -3.386812 -0.389160  0.195443 -0.074970  0.450192  -5
  1  1  0.938300 40.285063-16.219284 30.067312  0.457734 -0.178842  0.952683  -2
  1  1  0.938300 -1.892544 11.975604  1.022156 -0.048246  0.136937  0.421050  -4
  1  1  0.938300-11.923862 15.190403-29.545056 -0.072083  0.205338  0.047756  -4
  1  1  0.938300  9.010412 19.924738  2.191223  0.102167  0.215684  0.499669  -3
  1  1  0.938300 14.724450  0.056825 36.414279  0.122926  0.012732  1.065517  -1
  1  1  0.938300 14.892133 18.709085-10.695269  0.093965  0.199090  0.337234  -6
  1  1  0.938300 10.190783-11.897472 39.767827  0.133251 -0.166308  1.043519  -3
  1  1  0.938300 14.953223-34.413461 33.151903  0.184614 -0.429601  1.068234  -4
  1  1  0.938300  0.444191 -9.949491 43.007330 -0.003428 -0.123874  1.048500  -1
  1  1  0.938300  1.849597 18.978618 38.882348  0.050856  0.185113  0.976923  -1
  1  1  0.938300 -4.916674  6.201644 36.710125 -0.055162 -0.015573  0.902471  -1
  1  1  0.938300  1.666987 38.984004 -9.773607 -0.005833  0.520739  0.414503  -2
  1  1  0.938300-36.802154 17.724060  0.116801 -0.425188  0.233892  0.448413  -6
  1  1  0.938300 11.069189  1.542608 34.231288  0.047397  0.009583  0.945855  -1
  1  1  0.938300 13.554422 31.641616  5.163147  0.159254  0.402427  0.552760  -4
  1  1  0.938300 23.913531-16.737337 -5.347220  0.316321 -0.239421  0.449899  -4
  1  1  0.938300-16.581068  6.399882-18.574950 -0.163490  0.077139  0.125065  -4
  1  1  0.938300-16.134507 -0.976089 36.342148 -0.142893 -0.044149  1.067370  -2
  1  1  0.938300 -4.458109 -2.297783 17.822533 -0.022696 -0.042002  0.550066  -1
  1  1  0.938300 18.302840 10.562133 28.726560  0.145195  0.078456  0.825463  -2
  1  1  0.938300 -2.321705-28.591523 29.095872 -0.017795 -0.318380  0.947799  -4
  1  1  0.938300-18.858922 13.508288 27.295494 -0.209390  0.198323  0.831863  -5
  1  1  0.938300  4.718257-29.895398  5.660100  0.088771 -0.381277  0.483203  -3
  1  1  0.938300-12.855116-11.837245 32.826891 -0.162966 -0.059650  0.920926  -3
  1  1  0.938300  5.845764  2.794974-22.792278  0.049027 -0.009848  0.188271  -5
  1  1  0.938300 -0.138544-21.106229 27.219887 -0.000027 -0.254485  0.820715  -3
  1  1  0.938300  9.553101 -7.597572 26.136835  0.117809 -0.129217  0.898615  -3
  1  1  0.938300-12.650753-19.937789 -5.370191 -0.097311 -0.225300  0.433155  -4
  1  1  0.938300-28.065281-32.427696 15.750508 -0.364672 -0.418029  0.784676  -2
  1  1  0.938300 26.256789 45.824352-30.769812  0.323858  0.694420  0.092931  -4
  1  1  0.938300 -0.433767  1.042908 32.839246  0.021631  0.013843  0.996514  -1
  1  1  0.938300 10.236066 -3.803101  3.383821  0.111543  0.005013  0.476199  -4
  1  1  0.938300 16.488223-10.698800 32.150852  0.138438 -0.036404  0.843400  -1
  1  1  0.938300 13.686021-19.082815-19.504219  0.152104 -0.166814  0.170869  -2
  1  1  0.938300  3.989398-21.060930 -0.784644  0.049825 -0.276849  0.472560  -2
  1  1  0.938300-15.869872  3.482567-24.442177 -0.116836  0.106107  0.149402  -9
  1  1  0.938300 -9.265863-12.130732-35.959121 -0.079621 -0.097766 -0.020894  -4
  1  1  0.938300 40.520127 -9.982336 -1.078235  0.416403 -0.111490  0.458370  -3
  1  1  0.938300  7.501217 19.924977 41.917169  0.049550  0.192135  1.057945  -1
  1  1  0.938300 -7.726294  8.714728  4.786174 -0.065396  0.133374  0.480268  -4
  1  1  0.938300  2.522117 30.378119-23.024361  0.031297  0.298311  0.205998  -3
  1  0  0.938300-30.352533 -5.732706  9.744487 -0.352823 -0.074962  0.637085  -8
  1  1  0.938300  7.084928  8.728282  3.409014  0.106699  0.050630  0.398318  -1
  1  1  0.938300 26.045351 26.680726 34.528159  0.273949  0.390846  1.026755  -2
  1  1  0.938300-25.776797  6.228749 19.615241 -0.262803  0.100759  0.720278  -2
  1  1  0.938300  6.279286  6.369099 14.828333  0.126622  0.062054  0.627800  -1
  1  1  0.938300 33.742215 -6.627848-14.156601  0.410308 -0.031885  0.330274  -4
  1  1  0.938300-33.218275 -7.749764 -0.786219 -0.363656 -0.091477  0.446100  -2
  1  1  0.938300 -9.334261-19.256385 -1.990478 -0.126357 -0.175552  0.409556  -3
  1  1  0.938300  3.122909-21.140395 35.722354  0.009041 -0.260161  1.003430  -1
  1  1  0.938300-27.618480-24.276764 -6.051150 -0.279516 -0.236196  0.422847  -4
  1  1  0.938300 -7.920957  7.001202 26.142279 -0.127728  0.093960  0.750133  -1
  1  1  0.938300-28.503941 -6.495460 -6.654581 -0.340804 -0.125228  0.329933  -4
  1  1  0.938300  6.855028-11.500219 37.668296  0.036404 -0.120487  0.901242  -1
  1  0  0.938300 27.904188  5.118968 41.676889  0.294707  0.050606  1.052518  -1
  1  0  0.938300 39.883954  1.316780 25.979487  0.483083  0.054220  0.892076  -7
  1  0  0.938300 -0.992176 18.183144 22.292977 -0.053752  0.154333  0.730227  -4
  1  0  0.938300-27.188074  6.063565-12.808195 -0.263029  0.045742  0.339934  -3
  1  0  0.938300-12.790977 -5.464861 32.002908 -0.190269 -0.073282  0.956941  -1
  1  0  0.938300  2.555122 12.819823 37.914571  0.065081  0.070975  0.974839  -1
  1  0  0.938300 -2.178951 -3.924006-25.371792  0.016483 -0.059013  0.129180  -3
  1  1  0.938300 -4.376600 51.996811-11.815634 -0.052708  0.651380  0.353492  -3
  1  0  0.938300 -5.472861 -5.695404 35.502573 -0.002248 -0.061185  0.905012  -1
  1  0  0.938300 -2.141770 17.348049-18.104149 -0.038284  0.168045  0.282111  -3
  1  0  0.938300  1.971472-29.988464 -9.737900 -0.005898 -0.312132  0.399086  -2
  1  0  0.938300 -2.459664 -6.926673 -2.852792 -0.061654 -0.061913  0.484060  -5
  1  0  0.938300-10.483046  8.389216 37.844348 -0.068331  0.053674  1.007941  -1
  1  0  0.938300 -3.702783 -6.285538 10.586940 -0.008481 -0.073779  0.608373  -2
  1  0  0.938300-34.546357 -4.503345  1.003674 -0.317393 -0.007427  0.477341  -2
  1  0  0.938300 14.147789-19.508892 17.952031  0.088670 -0.208935  0.693307  -3
  1  0  0.938300-34.575637-20.274948 20.758980 -0.343714 -0.222026  0.715813  -5
  1  0  0.938300 -8.535068 10.309645  6.006348 -0.106515  0.114344  0.515147  -7
  1  0  0.938300 19.576400 23.467804 30.698304  0.237198  0.191700  0.908137  -2
  1  0  0.938300 -7.730454 16.143685 34.361851 -0.092219  0.243980  0.933529  -2
  1  0  0.938300  2.451671  6.907683 29.666407  0.056557  0.109413  0.921485  -5
  1  0  0.938300 21.876308-35.070936 -8.795587  0.271314 -0.451945  0.407711  -4
  1  1  0.938300-18.106180 19.679424 -5.977013 -0.200284  0.213199  0.378699  -5
  1  0  0.938300 -2.889923 16.522773 11.418925 -0.037504  0.200201  0.598082  -6
  1  0  0.938300  2.226277 -0.332215 33.902567 -0.000602 -0.071763  0.936082  -1
  1  0  0.938300 23.427518  3.600232 12.883278  0.239804  0.042860  0.673808  -2
  1  0  0.938300-18.884314 12.096624 -4.914694 -0.167677  0.098657  0.405928  -3
  1  0  0.938300-13.594315 19.700411 15.325349 -0.185850  0.211121  0.653155  -9
  1  0  0.938300 -9.455065 -9.727152 10.954124 -0.093060 -0.119977  0.558061  -1
  1  0  0.938300 -3.458347-17.647487 28.749376 -0.069197 -0.167620  0.746363  -1
  1  0  0.938300 15.025871-13.460769-39.660871  0.173844 -0.148441 -0.088658  -4
  1  0  0.938300 -9.671330 -8.463240-12.609982 -0.134105 -0.039893  0.255372  -4
  1  0  0.938300-13.407512  3.241388 25.265925 -0.119919 -0.004324  0.757469  -2
  1  0  0.938300 20.302209-18.402547-38.188747  0.292192 -0.154892 -0.054857  -7
  1  0  0.938300-13.652237  4.039168 36.626361 -0.177639  0.033187  1.049969  -1
  1  1  0.938300  8.341552 13.458066 -8.147155  0.133643  0.206205  0.325424  -6
  1  0  0.938300 29.463991 20.776158 16.800737  0.416707  0.244116  0.746802  -5
  1  0  0.938300 -7.261915 -0.365289 20.356525 -0.029630 -0.002234  0.619727  -2
  1  0  0.938300-32.828346  6.734316 35.182486 -0.343492  0.062886  0.972023  -2
  1  0  0.938300  3.075158 14.563642 12.848964 -0.035746  0.172129  0.615956  -2
  1  0  0.938300  4.161161 -2.228058 27.157671  0.045873  0.024770  0.735839  -1
  1  0  0.938300 17.341548 42.498341  5.099614  0.203124  0.544710  0.628734  -3
  1  0  0.938300 42.689088 26.213357 22.566159  0.546169  0.347860  0.844465  -3
  1  0  0.938300 -0.310167  1.399201-26.068627 -0.101565  0.000758  0.142067  -4
  1  0  0.938300-22.032888 38.449854-11.021574 -0.215653  0.413340  0.358377  -5
  1  1  0.938300  1.026843 27.330457 38.369523 -0.019933  0.445528  1.149684  -8
  1  0  0.938300 -0.806439-20.992612 49.060235  0.054243 -0.242461  1.238783  -3
  1  0  0.938300 23.640662-18.082109-20.126904  0.250124 -0.210692  0.179358  -4
  1  0  0.938300 -7.856554-27.571709 16.882151 -0.058637 -0.365054  0.647904  -3
  1  0  0.938300-19.149604-16.634517 28.197315 -0.127046 -0.242370  0.811062  -3
  1  0  0.938300 10.962500-21.608905-29.013651  0.117633 -0.239488  0.078326  -4
  1  0  0.938300 43.241231 17.529299  7.907772  0.559653  0.149592  0.630887  -2
  1  0  0.938300-37.267269 -6.455797-13.651697 -0.440214 -0.075367  0.285494  -4
  1  0  0.938300 50.369050-24.360394  2.529042  0.609982 -0.349964  0.590638  -5
  1  0  0.938300-10.295424  4.745504-20.906671 -0.070340  0.085635  0.216882  -4
  1  0  0.938300-42.804907-32.748522  9.369427 -0.586685 -0.465740  0.757475  -3
  1  0  0.938300-15.714439-12.023243 10.551172 -0.181849 -0.113587  0.637677  -4
  1  0  0.938300-11.302894-13.299882 28.646927 -0.121185 -0.116139  0.901322  -1
  1  0  0.938300-29.947481 21.547038-19.018834 -0.347690  0.309143  0.293685  -4
  1  0  0.938300-22.199170 13.375237 23.752267 -0.148929  0.124556  0.736216  -2
  1  0  0.938300  0.192479-22.033946 -1.427501  0.075960 -0.274700  0.485836  -3
  1  0  0.938300 -5.943197  1.369946-41.850401 -0.090828 -0.023718 -0.053360  -2
  1  0  0.938300 16.038659 -3.277256  8.340126  0.098400 -0.035455  0.551357  -4
  1  1  0.938300 36.851207 22.112036 -8.024937  0.521300  0.231305  0.384251  -5
  1  0  0.938300-37.815040 22.550570 17.428417 -0.486867  0.314887  0.756866  -2
  1  0  0.938300-25.130909-15.311911 10.836584 -0.219612 -0.166572  0.542122  -2
  1  0  0.938300 12.597258-17.609440  0.951070  0.097514 -0.142049  0.452036  -2
  1  0  0.938300-30.188881 41.028830  7.953143 -0.319584  0.425142  0.601961  -2
  1  0  0.938300 -1.486414 -7.098918  2.597513 -0.003670 -0.017189  0.456906  -6
  1  0  0.938300-13.017953-25.445541 24.319085 -0.197037 -0.233328  0.804295  -4
  1  0  0.938300 11.932139  9.647572  1.263323  0.137175  0.090255  0.491077  -3
  1  0  0.938300-17.504707-18.411417 27.500074 -0.160326 -0.187444  0.825189  -1
  1  0  0.938300 -2.625501 12.313383-46.237886  0.009161  0.154227 -0.134532  -9
  1  0  0.938300 21.209579-28.968732  3.281785  0.180282 -0.252313  0.488745  -2
  1  0  0.938300  4.747530 -7.197038 39.503905  0.014998 -0.057922  0.944682  -1
  1  0  0.938300-21.193148 26.686273-34.399856 -0.254058  0.246143  0.011806  -3
  1  0  0.938300 -8.322987 10.687455-26.542783 -0.158690  0.048218  0.100886  -4
  1  0  0.938300 -5.202823  7.555099 30.901866 -0.111817 -0.017854  0.881945  -1
  1  1  0.938300 14.291230-14.643886  4.603931  0.173216 -0.142807  0.484450  -3
  1  0  0.938300  0.112062-13.692476  8.949056  0.007666 -0.067758  0.540745  -5
  1  0  0.938300 16.367455  3.014429 11.325728  0.131691  0.051690  0.622745  -4
  1  0  0.938300 28.331479  6.133352-32.727457  0.322842  0.078473  0.011583  -3
  1  1  0.938300-12.333022 15.865328 34.656900 -0.196686  0.239481  0.978861  -5
  1  0  0.938300-20.739450-13.415844 10.711830 -0.247937 -0.110242  0.547781  -3
  1  0  0.938300 38.596748 10.579897  5.432764  0.435009  0.192862  0.485418  -3
  1  0  0.938300-29.765049-15.973265-22.884301 -0.296247 -0.195615  0.172663  -2
  1  0  0.938300 51.818229 -4.891383 10.065143  0.685720 -0.003362  0.729256  -3
  1  0  0.938300 34.567076-18.061499 29.556588  0.412096 -0.160039  0.986621  -5
  1  0  0.938300-21.787748 16.192806  1.695578 -0.235790  0.255078  0.447319  -5
  1  0  0.938300 -5.738498 15.314773 32.363869 -0.067309  0.227903  1.023275  -1
  1  0  0.938300 -9.599843 -8.736404  6.953807 -0.063663 -0.035481  0.507894  -3
  1  0  0.938300-10.303419 13.681961-18.047811 -0.173707  0.205976  0.203431  -3
  1  0  0.938300-10.625049-10.949483 37.186656 -0.084645 -0.040609  0.988530  -1
  1  0  0.938300 30.408412-12.998153 12.815855  0.435458 -0.164261  0.614452  -5
  1  0  0.938300 10.750073-10.524904  6.752946  0.093759 -0.119305  0.499989  -1
  1  0  0.938300-18.320096-25.790786  0.548145 -0.258764 -0.339214  0.522237  -2
  1  0  0.938300-20.614391-14.239123 -4.079829 -0.214331 -0.096023  0.374423  -4
  1  0  0.938300 16.753026-32.112920 -5.783827  0.178414 -0.374063  0.420728  -8
  1  0  0.938300-18.945543 38.278178-20.110134 -0.245251  0.495356  0.223112  -3
  1  0  0.938300  4.004929 -5.691890 13.149933  0.075875 -0.018098  0.581853  -4
  1  0  0.938300-16.016933  3.393455 26.671940 -0.176156 -0.005828  0.878818  -4
  1  0  0.938300-31.849853  0.956846-12.119662 -0.413391 -0.039095  0.316990  -2
  1  0  0.938300 -8.194812 24.138104 12.267165 -0.026940  0.272355  0.640548  -6
  1  0  0.938300 18.299260-15.057104-20.113582  0.260844 -0.164588  0.158781  -4
  1  0  0.938300 -5.245935 25.871663 11.066754 -0.072485  0.272206  0.618747  -3
  1  1  0.938300 30.210826 -8.794105 -4.526085  0.351313 -0.143393  0.378733  -3
  1  0  0.938300  8.398520  2.527971 14.155704  0.066114  0.043440  0.521267  -3
  1  0  0.938300 -3.037184 20.443890-29.885527 -0.023748  0.215921  0.048061  -4
  1  0  0.938300-34.871968 34.554861  4.493019 -0.520815  0.500875  0.693076  -7
  1  0  0.938300  9.938849 -3.083337 41.250333  0.143704  0.001979  1.053646  -1
  1  0  0.938300 31.137880  5.114440 13.998382  0.311449  0.002745  0.629640  -4
  1  0  0.938300-27.045747-29.102785 -5.987478 -0.310497 -0.352277  0.444591  -2
  1  0  0.938300 11.105595 28.711307 17.106898  0.182604  0.349765  0.764361  -8
  1  0  0.938300 21.447375-22.104481 -7.100114  0.184536 -0.213270  0.354474  -3
  1  0  0.938300 14.702492 -0.689920-21.163738  0.142384  0.023141  0.205620  -6
  1  0  0.938300 -9.037298  9.343402 17.185221 -0.103763  0.096823  0.699293  -3
  1  0  0.938300 -9.896634-15.624135  6.569610 -0.162930 -0.113524  0.493177  -3
  1  0  0.938300 16.755035 12.214559-27.683123  0.175023  0.113007  0.081510  -8