  1  0  0.938300 16.105414 -9.685920  6.143984  0.174052 -0.014450  0.460367   3
  1  1  0.938300-16.355186-16.217105 18.246287 -0.227451 -0.136930  0.726553   8
  1  1  0.938300 33.932859 22.156423-25.741078  0.375340  0.246582  0.134000   3
  1  1  0.938300-14.872449  4.909952-31.137953 -0.105047  0.019488  0.115069   1
  1  1  0.938300-24.476091 33.684016  1.120687 -0.247963  0.405117  0.468182   4
  1  1  0.938300-34.416981-24.286917-14.566534 -0.352982 -0.283215  0.268509   2
  1  1  0.938300  4.621039 -1.895088 -5.048046  0.022645  0.039452  0.412723   4
  1  1  0.938300 -0.572926-15.791860 -9.749122  0.041370 -0.154632  0.315164   8
  1  1  0.938300 15.895998-19.029909-20.753483  0.152924 -0.187350  0.199535  10
  1  1  0.938300  6.939973  8.255282-37.612151  0.123195  0.067691  0.021995   1
  1  1  0.938300 33.776365 -7.085381 12.290151  0.439153 -0.101727  0.591645   2
  1  0  0.938300  9.459011-26.713324-19.967310  0.058434 -0.251553  0.277297   3
  1  1  0.938300 27.731194 19.471683 -2.440315  0.313587  0.161081  0.400447   3
  1  1  0.938300 -6.776158 47.862306  8.897256 -0.084527  0.537889  0.607684   3
  1  1  0.938300-18.664823 17.550650  8.305018 -0.182111  0.189121  0.527463   2
  1  1  0.938300 25.619593 39.400122 -5.092640  0.298485  0.540712  0.401932   3
  1  1  0.938300 16.103932-32.045966 -6.261490  0.121908 -0.323449  0.363504   2
  1  1  0.938300  8.250562 -4.488999 -9.104829  0.059159 -0.001648  0.402328   2
  1  1  0.938300 -9.226930-27.378869-30.734235 -0.166906 -0.272693  0.072317   1
  1  1  0.938300  3.437722  7.156539-19.559756  0.137756  0.055929  0.184929   2
  1  1  0.938300 18.143599 -1.534431 23.123870  0.210205 -0.065087  0.710764   2
  1  1  0.938300 -3.780176 -9.005737 24.321984 -0.058528 -0.109508  0.730236   7
  1  1  0.938300-12.858808 17.216531 32.243966 -0.142402  0.159778  0.925123   3
  1  1  0.938300 -4.954366 41.560755 -1.443706 -0.032083  0.414364  0.452809   4
  1  1  0.938300-12.607946-30.864899 -1.375229 -0.076095 -0.288166  0.439252   3
  1  0  0.938300  8.269809 16.307328-35.986727  0.082858  0.211391 -0.000337   3
  1  1  0.938300  7.274755 24.790364 -7.755104  0.032655  0.271242  0.362768   2
  1  1  0.938300  2.708960-43.694705 18.998747  0.037536 -0.528126  0.769830   6
  1  1  0.938300-15.842450 -5.337295  9.064731 -0.282865 -0.052732  0.598707   6
  1  1  0.938300-13.994615  4.271356 -8.167522 -0.122936  0.030129  0.321649   3
  1  1  0.938300 15.433449  5.006879 16.601535  0.110465  0.078432  0.649370   3
  1  1  0.938300 19.981404  9.911858-20.601705  0.199975  0.156719  0.150996   1
  1  1  0.938300  6.359367-19.232142 20.535038  0.140902 -0.220142  0.718612   3
  1  1  0.938300-19.464370  6.772331-32.677895 -0.213719  0.086987  0.055959   6
  1  1  0.938300  8.854774-22.477050  8.512303  0.079110 -0.241330  0.539478   2
  1  1  0.938300-24.573363 31.847710 35.664146 -0.310773  0.429490  1.147072   2
  1  1  0.938300 -0.045034 10.321679  5.906516  0.041016  0.095981  0.485996   4
  1  1  0.938300 15.134103-28.044309 -3.541986  0.189635 -0.314060  0.402343   3
  1  1  0.938300  0.318147-14.439659-32.797020 -0.024502 -0.174598  0.054956   1
  1  1  0.938300 42.212291 -1.825984  0.767809  0.525673 -0.013519  0.471957   2
  1  1  0.938300 18.701462 29.349301-40.016406  0.209885  0.377035 -0.060432   2
  1  1  0.938300 19.821739  4.141819 -2.240857  0.216224  0.001377  0.412940   6
  1  1  0.938300-12.442557-27.738205  5.282545 -0.080005 -0.254227  0.508412   4
  1  1  0.938300  4.872999-14.763884 24.474452  0.063541 -0.214728  0.744067   4
  1  1  0.938300 -9.065023-26.911495 21.826857 -0.091983 -0.336994  0.852103  11
  1  1  0.938300-13.945702 19.859592-29.749226 -0.184627  0.159114  0.097799   3
  1  1  0.938300-10.297194 43.844805-10.939388 -0.206201  0.597818  0.333775   5
  1  1  0.938300 20.372162 -7.186739 36.824552  0.174646 -0.084093  1.023617   2
  1  1  0.938300 27.694351-33.565681-37.840366  0.345918 -0.381658  0.022976   2
  1  1  0.938300 -3.278717-22.683264 16.571953 -0.031141 -0.268069  0.634798   2
  1  1  0.938300  6.709951 -2.610013-17.421155  0.069399  0.027142  0.265851   1
  1  1  0.938300 25.446082  7.801743-25.138295  0.355729  0.083091  0.128446   4
  1  1  0.938300  0.647094 12.811565-17.014657  0.072331  0.104233  0.229824   1
  1  1  0.938300 15.399986 -9.630328-11.849699  0.164543 -0.118693  0.279708   2
  1  1  0.938300 -4.848902-14.739166-22.530567 -0.053960 -0.187139  0.166638   1
  1  1  0.938300 -4.127981 -4.779896-31.970678 -0.037811 -0.023936 -0.046047   1
  1  1  0.938300 -0.546942-20.009246-21.616323 -0.010753 -0.148514  0.231742   1
  1  1  0.938300 14.397953 17.768581 15.561753  0.093172  0.200745  0.640796   3
  1  1  0.938300  1.446041 -8.625724 26.164407  0.053057 -0.111805  0.805833   5
  1  1  0.938300 -1.286923 -6.381504 18.970305 -0.038052 -0.086607  0.681149   5
  1  1  0.938300-18.183964 34.045798 20.107209 -0.217583  0.384555  0.799026   2
  1  1  0.938300-14.896791-30.305464  6.540389 -0.178605 -0.343746  0.591419   2
  1  1  0.938300-42.201331 10.770379 16.062447 -0.435840  0.134820  0.696932   3
  1  1  0.938300-43.273612 24.751152-16.141143 -0.605298  0.332115  0.362933   3
  1  1  0.938300-14.956694  5.451136-17.812670 -0.095067  0.016310  0.233543   1
  1  1  0.938300-17.920434  7.953635-23.063830 -0.189521  0.099833  0.155565   1
  1  1  0.938300 -0.610136  2.541085-21.326950  0.020763  0.026891  0.186618   4
  1  1  0.938300 18.116499  1.781168-20.180430  0.216921 -0.082115  0.239242   1
  1  1  0.938300  4.185357-46.453699  2.303582  0.063700 -0.625351  0.575904   5
  1  1  0.938300 -1.099334-21.886509 -9.677287 -0.038585 -0.272248  0.396494   6
  1  1  0.938300  1.579015 18.274121 -6.341192 -0.009804  0.206661  0.411784   2
  1  1  0.938300 35.715868  7.278518 17.500577  0.447073  0.091151  0.713506   3
  1  1  0.938300 46.017735-12.921755 13.544372  0.553114 -0.209573  0.754188   4
  1  1  0.938300-11.127678  1.337052-33.759592 -0.065386  0.035344 -0.016626   2
  1  1  0.938300 -6.882508 12.002791-32.635744 -0.096326  0.165548  0.016407   1
  1  1  0.938300 20.811119 16.997808-25.466985  0.191346  0.247795  0.106618   2
  1  1  0.938300  4.517300 -1.832709-34.353482 -0.020163  0.034884 -0.008653   1
  1  1  0.938300  7.399563 -4.340294-23.478510  0.114024 -0.082173  0.140483   1
  1  1  0.938300 -7.147461 -5.016448 -8.949929 -0.067551 -0.032916  0.281123   3
  1  0  0.938300-19.622197-10.427704 32.995224 -0.201428 -0.225386  1.007977   3
  1  0  0.938300-21.592116  5.652501-30.560239 -0.257464  0.015754  0.047049   2
  1  0  0.938300 -7.947369 35.174788 24.656497 -0.072682  0.587043  0.994197   7
  1  0  0.938300-36.361226 30.952236  6.229030 -0.471886  0.381021  0.556801   3
  1  1  0.938300  4.203478-28.671115-28.087340  0.043522 -0.338731  0.087822   1
  1  0  0.938300 -9.798309  1.682997-35.270644 -0.033572  0.067734  0.019473   1
  1  0  0.938300 24.237326 21.992692 15.469259  0.263612  0.221886  0.749930   4
  1  0  0.938300 -1.355328 -4.489000-27.729597  0.068982 -0.037286  0.108552   1
  1  0  0.938300 -1.834498  6.234011-24.685668  0.013868  0.122114  0.143549   1
  1  0  0.938300 11.072834 -2.180834-12.440974  0.083153  0.019062  0.277535   2
  1  0  0.938300  5.966476-18.831348 14.643161  0.069135 -0.271944  0.616528   2
  1  0  0.938300  1.534181-20.242020  3.638573  0.054927 -0.059310  0.472270   2
  1  0  0.938300-15.569567-10.302174-32.798430 -0.106300 -0.150465  0.073991   1
  1  0  0.938300 15.241617 -8.417902-21.661986  0.181201 -0.124130  0.200075   4
  1  0  0.938300-23.486287 17.715616 22.443948 -0.226807  0.219165  0.811787   5
  1  0  0.938300-11.755924 16.278694  0.190021 -0.139964  0.182608  0.474310   3
  1  0  0.938300 -6.895812 -5.120435-13.624327 -0.101894  0.010358  0.212720   2
  1  0  0.938300 36.785046  6.808568-19.728291  0.419051  0.082912  0.228805   6
  1  0  0.938300 18.741966-10.559406 18.602835  0.135450 -0.108015  0.656134   4
  1  0  0.938300 -5.084654 -8.494585  3.986229  0.013051 -0.049438  0.555846   7
  1  0  0.938300  2.364952 31.612162-30.208091 -0.029680  0.376889  0.055656   6
  1  0  0.938300  8.374049 17.505507 -8.536663  0.053947  0.166979  0.361477   3
  1  0  0.938300  9.944443  0.283443-14.191055  0.042635 -0.024490  0.272539   1
  1  0  0.938300 28.839002-21.238044 -4.976556  0.433285 -0.240188  0.426917   9
  1  0  0.938300-15.706240 -6.121864  8.625021 -0.085352 -0.010798  0.518508   2
  1  0  0.938300 -4.013679-14.491476-20.114923 -0.034108 -0.206223  0.227356   3
  1  0  0.938300  0.493652-10.751264-25.604216  0.019469 -0.174825  0.187746   1
  1  0  0.938300  4.642558  0.953300 23.750396  0.058444 -0.049263  0.830687   7
  1  0  0.938300 13.070986 12.035201-24.027132  0.210545  0.166233  0.218213   2
  1  0  0.938300-17.486126 10.206697-27.891975 -0.250307  0.164451  0.188720   3
  1  0  0.938300-10.963363  5.001894-12.637026 -0.077108  0.065293  0.256302   4
  1  0  0.938300-18.575411  0.542860 40.955574 -0.223558  0.004846  1.110430   3
  1  0  0.938300-10.479408 -1.511873-23.759703 -0.055820 -0.044083  0.111268   3
  1  0  0.938300 -5.029421  4.062881 -6.264052  0.006345  0.096046  0.340971   4
  1  0  0.938300 -3.271859-10.934133-37.902321 -0.068046 -0.045636 -0.042942   1
  1  0  0.938300 11.438838-18.347539-17.043723  0.063766 -0.149577  0.249743   9
  1  0  0.938300 32.695398-11.747437 20.588098  0.358703 -0.098943  0.701801   2
  1  0  0.938300-29.434565 -3.122405-27.450140 -0.297019 -0.059605  0.152020   1
  1  0  0.938300  5.912366  9.990052 -4.929938  0.059289  0.136998  0.362935   2
  1  0  0.938300-19.403233-15.972222-12.451435 -0.119643 -0.149621  0.344807   2
  1  0  0.938300  8.945251 11.402614-14.155239  0.077379  0.054430  0.320824   3
  1  0  0.938300 -5.962770-22.453546-26.849148 -0.071609 -0.195372  0.162061   1
  1  0  0.938300  4.199043 22.720298-38.931699  0.134885  0.293201 -0.102973   3
  1  0  0.938300 34.831522  2.470528  7.181038  0.376578 -0.000827  0.610760   2
  1  0  0.938300 50.892692-10.771031  4.439364  0.653977 -0.077831  0.590961   2
  1  0  0.938300-21.445711 10.054602 -4.658611 -0.275415  0.165781  0.468977   3
  1  0  0.938300-16.323492 -3.843129-33.495703 -0.165441 -0.102030  0.102519   2
  1  0  0.938300  4.422310  3.508919-14.490185  0.047966  0.088582  0.211614  10
  1  0  0.938300  2.579334 14.146557 31.219551  0.029733  0.118542  0.935439   4
  1  0  0.938300  3.280238  7.462440-24.330772  0.007914  0.051377  0.202554   2
  1  0  0.938300-31.853736 -5.186301 24.934951 -0.380559 -0.011950  0.814521   3
  1  0  0.938300-20.149902 12.783133-24.392043 -0.201701  0.107435  0.203441   1
  1  0  0.938300 41.572603-17.248183  5.808449  0.493940 -0.276361  0.576861   4
  1  0  0.938300  6.432213 17.371007-18.064825  0.028983  0.146109  0.166803   7
  1  0  0.938300 -7.576727-18.531124-43.984578 -0.169299 -0.201910 -0.146767   3
  1  0  0.938300 -7.424573 -3.085502-37.751629  0.005318  0.018206 -0.010890   1
  1  0  0.938300  8.239841 34.227721 30.798319  0.118038  0.437175  0.896094   3
  1  0  0.938300-10.514380-16.272433-22.806335 -0.185385 -0.235230  0.214415   5
  1  0  0.938300 -4.151740-11.797521-34.376956 -0.018157 -0.200422  0.074815   2
  1  0  0.938300  0.178291 -8.616851-13.581828  0.053073 -0.080490  0.294040   7
  1  0  0.938300 12.402612-37.305326  2.202516  0.109322 -0.449709  0.543008   4
  1  1  0.938300 -4.882718  2.594599-21.744350 -0.069059  0.111816  0.190765   1
  1  1  0.938300-29.186621 16.660102-16.056680 -0.364586  0.213598  0.285673   8
  1  0  0.938300  0.617904 11.178924 26.205724 -0.051201  0.062140  0.781971   6
  1  0  0.938300 16.649989 10.439886-26.193776  0.168027  0.146518  0.137712   1
  1  0  0.938300-15.010003-16.503663-16.909237 -0.181735 -0.171491  0.302414   4
  1  0  0.938300 23.546542-27.029852-40.618076  0.336000 -0.397532 -0.061707   4
  1  0  0.938300 -5.411018  9.514642-29.959211 -0.100970  0.131844  0.041618   1
  1  0  0.938300 30.115223 -3.078080-29.428936  0.295237 -0.052472  0.076727   3
  1  0  0.938300 -6.390886-14.899281 -0.323552 -0.067003 -0.110870  0.474783   4
  1  0  0.938300 -6.611497-23.725119-10.262788 -0.054940 -0.239966  0.343017   2
  1  0  0.938300  9.667642 -7.314907 20.166705  0.132927 -0.052491  0.738351   8
  1  0  0.938300 24.474827 24.046896-33.535489  0.275792  0.272420  0.083871   3
  1  0  0.938300 15.016971 18.107638  9.016306  0.143148  0.173611  0.536656   4
  1  0  0.938300 12.291071  7.452947 41.706488  0.162062  0.054470  1.149781   3
  1  0  0.938300 -0.226660 15.337953-31.824126  0.026837  0.116403  0.079246   1
  1  0  0.938300-12.315959-21.888134 36.557831 -0.121539 -0.264656  1.143812   5
  1  0  0.938300-17.795652-14.092333 -2.492571 -0.178919 -0.220547  0.457727   2
  1  0  0.938300 -4.453510-12.185415 24.027724  0.015312 -0.119609  0.808212   5
  1  0  0.938300  5.538614-21.900150-32.797833  0.074773 -0.282525  0.029181   2
  1  0  0.938300 15.226479 18.535679  4.646224  0.156481  0.150347  0.518201   3
  1  0  0.938300 15.878447 12.950115-33.225876  0.149101  0.114117  0.077771   1
  1  0  0.938300  5.679210  2.606741-16.497704 -0.003425  0.043424  0.261669   2
  1  0  0.938300 -2.132589 12.505914-28.511323  0.029320  0.134861  0.072057   1
  1  0  0.938300 14.842887 31.679779  5.142480  0.210064  0.349424  0.503741   4
  1  1  0.938300 -7.887716-17.733750-39.822615 -0.081185 -0.196240 -0.109731   2
  1  0  0.938300 -2.473263-27.367703-14.996407 -0.016096 -0.358480  0.250564   2
  1  0  0.938300-12.010154 -1.005179 16.177154 -0.195658  0.017748  0.567890   7
  1  0  0.938300 -2.860676  6.128154 -3.330551 -0.032152  0.032083  0.413598   5
  1  0  0.938300 18.128787-16.234465-38.426138  0.166606 -0.183895  0.025580   1
  1  0  0.938300  2.563884 -2.389548 -4.107366 -0.006076 -0.031935  0.367310   3
  1  0  0.938300 18.124532 26.616755-17.428378  0.224656  0.244628  0.248418   2
  1  0  0.938300 19.488503 17.256776  9.139222  0.216072  0.139891  0.592080   8
  1  0  0.938300-34.124432 -6.380836-27.088771 -0.327938 -0.116252  0.124044   2
  1  0  0.938300  5.582342 26.916556 -3.546761  0.060280  0.290863  0.459815   3
  1  0  0.938300-14.845107 -0.417804  8.179855 -0.181023 -0.024137  0.588626   5
  1  0  0.938300 37.215696 -2.080133-32.414063  0.430239 -0.023694  0.103057   2
  1  0  0.938300 19.227797-21.029838  6.381678  0.213222 -0.131696  0.593987   3
  1  0  0.938300  3.424282-18.391170 32.623499  0.026339 -0.259988  0.899455   4
  1  0  0.938300  0.071696 -7.447643-37.623149 -0.027198 -0.057766 -0.054887   1
  1  0  0.938300 35.834284-17.898964  3.982904  0.392815 -0.181953  0.556421   4
  1  0  0.938300 -0.681424  5.054357 -1.596931  0.013936  0.092819  0.403664   2
  1  0  0.938300  1.156802 -3.203209 -2.775874  0.043198 -0.033953  0.325822   4
  1  0  0.938300  1.029682  0.632116 -6.834568 -0.046481  0.006574  0.337680   4
  1  0  0.938300  2.825992-30.538181 18.389439  0.038299 -0.297809  0.745245   3
  1  0  0.938300 -2.620813 23.732316-13.654031  0.031851  0.266328  0.259304   6
  1  0  0.938300 -6.548378  3.537679-24.779223 -0.098020 -0.007391  0.198405   1
  1  0  0.938300-15.694897-20.188410 42.452411 -0.188041 -0.247354  1.118114   5
  1  0  0.938300 -1.401371  0.198420-21.712532 -0.020337 -0.042644  0.179943   2
  1  0  0.938300-30.208784-13.771726  1.466254 -0.258610 -0.177557  0.517892   4
  1  1  0.938300 25.000226 11.704857-33.256811  0.260116  0.171089  0.060505   2
  1  0  0.938300  7.426018 -7.254435-41.723575  0.076920 -0.128253 -0.042302   1
  1  0  0.938300 -7.971867 24.587011-17.165353 -0.159220  0.310400  0.245008   3
  1  0  0.938300-12.212984 21.121474-26.392299 -0.159784  0.270736  0.128863   8
  1  0  0.938300 17.329326 -4.699860 -4.450572  0.198273 -0.097000  0.378417   4
  1  0  0.938300  7.058864 16.018652 26.542948  0.113005  0.206614  0.854792   3
  1  0  0.938300-19.213362-15.536096  7.917433 -0.168850 -0.164963  0.509393   3
  1  0  0.938300-20.511030  3.056987-12.750257 -0.170465  0.060559  0.351230   4
  1  1  0.938300 -7.918191 34.086958 -2.686221 -0.121247  0.407795  0.442052  -2
  1  1  0.938300  8.886484 -4.090197  9.218403  0.083183 -0.022608  0.635659  -7
  1  1  0.938300 21.641054-32.532861  8.322214  0.228227 -0.400727  0.605709  -3
  1  1  0.938300  0.224693 -8.247522 35.032008  0.058466 -0.027003  0.920184  -1
  1  1  0.938300-10.554846 -2.792818 35.603955 -0.078614 -0.006567  0.926466  -1
  1  1  0.938300  2.983197-17.701190  1.482528  0.011633 -0.169222  0.442842  -3
  1  1  0.938300-21.879446-16.490684 35.148000 -0.248113 -0.195265  1.085426  -2
  1  1  0.938300  0.224713 17.543898 12.913138  0.045383  0.207102  0.629962  -5
  1  1  0.938300 -5.586729 33.485277 32.724858 -0.102710  0.344597  0.962011  -3
  1  1  0.938300 -4.784468 -9.285099 21.588131 -0.013454 -0.137723  0.773956  -1
  1  1  0.938300-16.605993-28.506852 29.373158 -0.240365 -0.364862  1.004077  -2
  1  1  0.938300 -7.628942 40.788410  1.394857 -0.138133  0.448220  0.491391  -3
  1  1  0.938300 10.425315  6.972234-26.793753  0.125524  0.058316  0.192433  -6
  1  1  0.938300-22.334386 42.889203  7.169518 -0.320443  0.535467  0.622454  -2
  1  1  0.938300 35.053674-18.774220-19.509133  0.445510 -0.267055  0.226920  -7
  1  1  0.938300 47.162573 14.063559 18.546127  0.734416  0.225483  0.902972  -6
  1  1  0.938300-28.126113-17.009597  0.380789 -0.248727 -0.190403  0.445297  -3
  1  1  0.938300  2.432145 -5.763042 11.302957  0.020447 -0.085937  0.588601  -6
  1  1  0.938300  4.003642 -3.697610-19.476688  0.052994 -0.106536  0.209422  -3
  1  1  0.938300 12.202897-26.762488-15.124715  0.141227 -0.283548  0.315845  -3
  1  1  0.938300 35.560087 22.814672 16.023210  0.416775  0.214255  0.710540  -6
  1  1  0.938300 13.435777 -6.308978-22.251321  0.146089 -0.035796  0.227209  -3
  1  1  0.938300-10.930930 39.659220 -5.368863 -0.126574  0.454710  0.406894  -3
  1  1  0.938300 15.308475-11.227954 17.254879  0.178784 -0.023334  0.687300  -3
  1  1  0.938300  3.966991  9.944049 30.751348  0.064576  0.058054  0.770958  -1
  1  1  0.938300  3.870860-10.556249-13.257625  0.048293 -0.147591  0.375949  -3
  1  1  0.938300 26.626912  6.281636 18.865930  0.284859 -0.008014  0.711855  -6
  1  1  0.938300 21.330442-13.595347-13.033875  0.252413 -0.162015  0.245365  -2
  1  1  0.938300 10.331662 -8.004242 35.253558  0.027384 -0.052272  0.925104  -1
  1  1  0.938300 16.740244-19.281561  2.919989  0.174312 -0.196222  0.481547  -3
  1  1  0.938300 -6.208502 19.701507 10.193951 -0.035923  0.242533  0.571770  -7
  1  1  0.938300  7.682857 -9.553656 35.167248  0.073632 -0.056373  0.940802  -1
  1  1  0.938300  1.109493 44.870184 10.589395  0.047415  0.489574  0.646727  -6
  1  1  0.938300 34.719329 22.461226 -1.409991  0.473822  0.248026  0.489230  -2
  1  1  0.938300 -5.605184 24.410119-17.640889 -0.051832  0.344571  0.219628  -2
  1  1  0.938300 12.027253 10.051005 33.188499  0.060489  0.144341  0.848327  -1
  1  1  0.938300 11.224277 31.122970 29.548844  0.193982  0.405373  1.012515  -6
  1  1  0.938300 15.328154 15.374062-16.738559  0.195640  0.180477  0.288576  -4
  1  1  0.938300 -9.334624 32.464258-21.626078 -0.081773  0.358906  0.220151  -2
  1  1  0.938300 21.743426-32.114976  3.023749  0.177648 -0.365558  0.483612  -3
  1  0  0.938300-12.566164 -3.305748 -5.572042 -0.149748 -0.028669  0.457650  -9
  1  1  0.938300  9.623200  4.383008 15.909545  0.103168  0.084570  0.647423  -2
  1  1  0.938300-46.357724  5.780695 24.699938 -0.582396 -0.011215  0.890532  -2
  1  1  0.938300  3.425569 12.767641 35.183284  0.049714  0.128467  0.948682  -1
  1  1  0.938300  2.934651 12.146686 15.334755  0.010117  0.200167  0.627799  -3
  1  1  0.938300 -7.330340-14.857072-10.716896 -0.077407 -0.284846  0.295240  -5
  1  1  0.938300-11.917636 -3.090058 -1.914059 -0.103631 -0.077132  0.371810  -3
  1  1  0.938300 -2.202044-26.066260 12.151517 -0.026511 -0.305500  0.710442  -2
  1  1  0.938300  2.969772 -0.225577 30.479674 -0.028659  0.003627  0.787757  -1
  1  1  0.938300-27.427931 12.489180-36.426318 -0.317473  0.109783 -0.045692  -8
  1  1  0.938300-12.035149-25.728341  6.272524 -0.139702 -0.282507  0.551809  -3
  1  1  0.938300 27.533488 16.235293 26.682708  0.337888  0.126265  0.864573  -2
  1  1  0.938300 -2.954307 -3.776031 29.687685 -0.057016 -0.056768  0.870268  -3
  1  1  0.938300  0.885811  9.634115 25.801446 -0.001797  0.082335  0.770840  -1
  1  1  0.938300-32.416401-42.245587-13.058021 -0.424763 -0.596092  0.350209  -3
  1  1  0.938300  7.931264 -0.608885 32.341870  0.004239  0.021467  0.833591  -2
  1  1  0.938300-36.105050-18.269459-12.211252 -0.388230 -0.202312  0.307149  -3
  1  1  0.938300 33.170462 12.932751  5.523470  0.335256  0.116088  0.549945  -2
  1  1  0.938300  6.899050-15.316592 -3.956989  0.041818 -0.139022  0.384959  -5
  1  1  0.938300-31.303009-35.389724 -9.913040 -0.320837 -0.392956  0.354765  -2
  1  1  0.938300 28.562625-18.159171 11.459108  0.298894 -0.203143  0.612918  -4
  1  1  0.938300  5.753837  8.860442-14.941932  0.020327  0.049867  0.245840  -4
  1  1  0.938300 22.802481  9.982807  9.332719  0.194548  0.167664  0.616035  -4
  1  1  0.938300-18.118544-11.601009 -2.480516 -0.226710 -0.100444  0.418435  -2
  1  0  0.938300 17.424557 -2.298706  8.618787  0.102849 -0.010368  0.579168  -2
  1  1  0.938300 11.601311-10.603930 35.972614  0.080287 -0.146743  1.025661  -1
  1  1  0.938300 24.502544 23.102953 21.111094  0.285208  0.278190  0.780911  -2
  1  1  0.938300  6.192937  9.593772 46.451751  0.112455  0.117431  1.097315  -1
  1  1  0.938300 13.323596-32.584902 19.784212  0.220872 -0.367899  0.755726  -2
  1  1  0.938300 28.052532-22.671665  3.718407  0.360992 -0.323435  0.527043  -2
  1  1  0.938300-12.143110  6.144133 34.228730 -0.111213  0.042154  0.995655  -1
  1  1  0.938300-42.365682 -8.484883 11.915627 -0.489210 -0.103553  0.666650  -6
  1  1  0.938300  3.426339 16.359220  9.603340  0.099026  0.154404  0.623366  -4
  1  1  0.938300 10.923303  5.767950 32.402491  0.063988  0.041165  0.836416  -1
  1  1  0.938300 39.256391  1.320901 27.813603  0.581326 -0.027466  1.034834  -4
  1  0  0.938300 -0.106289 26.860429 -9.382195 -0.027816  0.288097  0.257087  -2
  1  0  0.938300-22.292369-11.491970-40.513636 -0.251161 -0.076127 -0.075994  -8
  1  1  0.938300-37.707307 22.363382-36.354711 -0.471098  0.341863 -0.045147  -3
  1  1  0.938300 -7.416930 50.269384-10.597385 -0.070786  0.728746  0.391700  -3
  1  0  0.938300-14.683199 -0.290463-31.949901 -0.237595  0.024540  0.050044  -4
  1  0  0.938300-10.430493 -0.338166 -4.141636 -0.185430 -0.076772  0.420625  -5
  1  0  0.938300-10.695716-15.555487 21.059940 -0.110001 -0.228502  0.734464  -3
  1  0  0.938300 21.978786  8.287562 11.670413  0.245122 -0.009860  0.607729  -3
  1  1  0.938300-23.917759-32.355510-31.768444 -0.314892 -0.376858  0.025515  -4
  1  0  0.938300-14.544027-10.244666 35.741766 -0.133682 -0.121949  1.041428  -3
  1  0  0.938300-13.628322-28.293383-25.166246 -0.159939 -0.352060  0.189845  -5
  1  0  0.938300 -9.875564-12.354720 13.815480 -0.137748 -0.209598  0.642351  -5
  1  1  0.938300  0.942533  7.115694 34.279769 -0.024916  0.124561  0.859900  -3
  1  0  0.938300  1.993547  9.136122-16.974010 -0.025039  0.030401  0.244519  -3
  1  0  0.938300 18.789866-21.577841  6.636138  0.141323 -0.184488  0.487968  -2
  1  0  0.938300  3.380719 17.318990-30.656210  0.063740  0.212064  0.065590  -5
  1  0  0.938300-19.322002  7.691996 40.277792 -0.163970  0.119986  1.080879  -1
  1  0  0.938300 40.765817-22.246083 -0.181310  0.633536 -0.240091  0.537740  -3
  1  0  0.938300  6.196942-14.469502 39.664769  0.152815 -0.162513  1.016573  -2
  1  0  0.938300 14.319314 -0.516720 21.736144  0.035027 -0.041967  0.696050  -3
  1  0  0.938300  9.811625-27.258401 31.625765  0.117691 -0.309883  1.005735  -3
  1  1  0.938300 -1.201442 35.227656-26.544001 -0.018921  0.452482  0.179241  -3
  1  0  0.938300 24.230305-15.978515 14.780978  0.250798 -0.261199  0.635199  -2
  1  0  0.938300 -5.470810-10.779551 23.812289 -0.059068 -0.169359  0.837705  -2
  1  0  0.938300  9.416511 29.694310 23.779671  0.084794  0.438898  0.888410 -10
  1  0  0.938300  4.560569 -4.000754-20.306565  0.034266 -0.071253  0.254972  -6
  1  0  0.938300  7.523813 14.589429 48.989437  0.064639  0.169239  1.124178  -1
  1  0  0.938300 24.475323 -9.123095 34.267917  0.286705 -0.064679  1.003297  -2
  1  0  0.938300 49.645392  3.605399-28.986949  0.632513  0.076241  0.124852  -2
  1  0  0.938300-16.625134 -5.694782 14.226327 -0.169485 -0.066562  0.646774  -1
  1  1  0.938300 -1.838648-10.238239 16.676478 -0.028994 -0.129804  0.653098  -3
  1  0  0.938300-53.635451 13.640928 15.585486 -0.768774  0.284692  0.885606  -3
  1  0  0.938300  4.047094-20.156451  3.659821  0.047104 -0.153968  0.467894  -4
  1  0  0.938300  0.272352  9.356346 27.629194  0.057584  0.149502  0.792630  -1
  1  0  0.938300 -4.485982  0.789595  5.017395 -0.004353  0.025222  0.445825  -2
  1  0  0.938300 -7.948444 -0.631356 13.773298 -0.092723  0.082859  0.587494  -9
  1  0  0.938300  4.699429 33.130243  3.537303  0.128959  0.388360  0.518352  -3
  1  0  0.938300 -7.323680-11.655172 32.481200 -0.124719 -0.063788  0.910897  -1
  1  0  0.938300 15.704033 -7.318670 24.796198  0.156017 -0.115367  0.683963  -1
  1  0  0.938300  3.904271-11.458580 25.224353 -0.003795 -0.130899  0.679418  -1
  1  0  0.938300 26.826824-35.396898-15.399050  0.273325 -0.356218  0.298709  -2
  1  0  0.938300-36.946740 19.429524 14.328928 -0.485964  0.195960  0.710250  -5
  1  0  0.938300 10.546052 19.509206 27.570441  0.099030  0.179732  0.902057  -2
  1  0  0.938300 -8.608685 15.501041 20.255966 -0.047019  0.088549  0.659820  -2
  1  0  0.938300 10.065639  4.474265 17.484401  0.047278  0.016916  0.677396  -7
  1  1  0.938300  0.900630 23.189092 -6.463053  0.012563  0.191661  0.352640  -3
  1  0  0.938300-23.420549  8.778668 14.696270 -0.262775  0.089581  0.721893  -4
  1  1  0.938300 27.201199 22.355852-17.432520  0.305737  0.262110  0.190740  -7
  1  0  0.938300 -2.728766  3.499008 14.884846 -0.059147  0.064841  0.623330  -2
  1  0  0.938300-40.069867  7.846265 13.989925 -0.537893  0.138683  0.715524  -3
  1  0  0.938300-14.103318 34.993130-25.361244 -0.131143  0.404100  0.120239  -3
  1  0  0.938300 -5.746176-22.804731 -6.975457 -0.063968 -0.243823  0.376901  -2
  1  0  0.938300 12.693521  3.634382 31.315196  0.213235  0.076254  0.786182  -2
  1  0  0.938300-42.053875  4.147974-18.749730 -0.471870  0.040703  0.172288  -2
  1  0  0.938300 17.227084 18.067876 -0.109653  0.139241  0.197905  0.387034  -6
  1  0  0.938300-21.846954 32.341737 -4.818129 -0.214931  0.290313  0.381164  -2
  1  0  0.938300  5.757275 -4.430090 22.643765  0.034135 -0.019670  0.661211  -1
  1  0  0.938300-13.232632  2.749596 29.248499 -0.129528 -0.024096  0.731935  -1
  1  0  0.938300  4.540524 32.140635 23.355837  0.086069  0.290430  0.789788  -2
  1  0  0.938300 14.257134-21.612595-19.730054  0.191652 -0.222078  0.244896  -4
  1  0  0.938300-31.183387-27.429101 -5.111538 -0.394592 -0.368425  0.448845  -4
  1  0  0.938300-18.465929  0.480346-31.050570 -0.248674 -0.013130  0.025027  -4
  1  0  0.938300  9.031803-15.261159 25.922925  0.112450 -0.201968  0.813990  -2
  1  0  0.938300 -2.015467-19.010715 31.846352  0.012123 -0.211167  0.935118  -2
  1  0  0.938300 19.005729 15.119001 15.268149  0.244641  0.277073  0.625738  -2
  1  0  0.938300 16.839078-21.774104 30.280500  0.180020 -0.230851  0.869345  -4
  1  0  0.938300 -8.744429 -6.249616 16.171172 -0.051011 -0.121051  0.680655  -4
  1  0  0.938300-18.371740 13.981187  4.581501 -0.183930  0.146842  0.587037  -2
  1  1  0.938300-20.352743  0.669101  9.047972 -0.197465  0.015112  0.568308  -6
  1  0  0.938300 10.519066  1.828818  1.767916  0.117071 -0.026571  0.443430  -9
  1  0  0.938300 21.385789 28.384922 -3.251615  0.242060  0.373412  0.424319  -5
  1  0  0.938300 42.661087 14.821257 20.949739  0.551364  0.126955  0.837678  -5
  1  0  0.938300-31.541846-14.357118 -4.676418 -0.280717 -0.121433  0.403999  -3
  1  0  0.938300-21.321311 13.791581-19.133111 -0.214594  0.119340  0.259480  -2
  1  0  0.938300 -0.930969  3.293525 18.391314  0.028622  0.070271  0.673652  -1
  1  0  0.938300 -1.649679  0.361953 17.380479 -0.006914 -0.043003  0.607561  -6
  1  0  0.938300 -9.571337  8.597378  0.156654 -0.059745  0.113383  0.490449  -7
  1  0  0.938300-10.252798  5.633888 34.152135 -0.087646  0.029184  0.894001  -5
  1  0  0.938300  3.951935-21.747847 14.537612 -0.016768 -0.231537  0.637282  -2
  1  0  0.938300 -0.929503-40.297522 13.629623  0.018809 -0.431175  0.673635  -5
  1  0  0.938300-17.894558 -4.438585 18.851351 -0.110014 -0.034852  0.650205  -3
  1  0  0.938300 14.368828  0.060925 -5.844316  0.187460 -0.000157  0.364706  -4
  1  0  0.938300 -6.424098 14.175673-24.227748 -0.053216  0.119262  0.098151  -3
  1  0  0.938300 -6.205107 14.425884 31.462681 -0.055739  0.085394  0.882322  -2
  1  0  0.938300  7.970233-24.284583-18.700990  0.000038 -0.286543  0.192807  -4
  1  0  0.938300 28.258930 -4.525247 -1.715182  0.234468 -0.038528  0.467780  -2
  1  0  0.938300 10.992744 41.174021 15.207200  0.182038  0.425780  0.670386  -3
  1  0  0.938300 22.985369  6.452481 25.322504  0.299032  0.080090  0.930119  -7
  1  0  0.938300 -7.036040 28.047037-11.833505 -0.060440  0.351809  0.298759  -3
  1  0  0.938300 31.749814-19.942903 27.113001  0.440719 -0.268930  0.965564  -2
  1  0  0.938300-32.794289-16.328306 -9.651012 -0.317453 -0.228327  0.372609  -2
  1  0  0.938300-46.581815  9.036722 10.594869 -0.692713  0.205526  0.764235  -4
  1  0  0.938300 13.182904 11.522860-15.042452  0.081852  0.123657  0.234945  -3
  1  0  0.938300  8.824405  2.212829 28.206266  0.030737 -0.009410  0.747523  -1
  1  0  0.938300-39.559631-25.812095-23.486905 -0.565614 -0.284844  0.126529  -3
  1  0  0.938300-21.569823-16.929577 14.013388 -0.157539 -0.200706  0.604523  -2
  1  0  0.938300  9.065113  1.864161 17.298662  0.011231  0.015306  0.650357  -3
  1  0  0.938300-23.778363 -2.725584  1.189288 -0.251477 -0.105635  0.503723  -3
  1  0  0.938300 35.087359 -9.393839 26.403754  0.473214 -0.144340  0.817819  -3
  1  0  0.938300-13.403408  1.992855 -7.325962 -0.092309  0.048973  0.340185  -3
  1  0  0.938300  2.650538-11.491743 32.514567  0.109365 -0.089735  0.949599  -1
  1  0  0.938300-21.551101 22.529014 12.748790 -0.371769  0.233135  0.641119  -2
  1  0  0.938300-42.085468-21.580344-22.316659 -0.478428 -0.260436  0.184695  -2
  1  0  0.938300 -0.602407-23.829439  2.137890 -0.025039 -0.173624  0.486321  -5
  1  0  0.938300-22.824197  2.258871 22.626996 -0.268808  0.034393  0.784549  -4
  1  0  0.938300 14.618579-28.054009-43.684124  0.197255 -0.340993 -0.183171  -3
  1  0  0.938300 10.704965  3.332591-14.692254  0.012853  0.006644  0.298949  -2
  1  0  0.938300 38.973961-33.397119 15.026572  0.531816 -0.406091  0.761040  -3
  1  0  0.938300 -1.112806 12.975124 22.759300  0.004791  0.062075  0.763985  -2
  1  0  0.938300  4.949841-30.478807 19.629048  0.055941 -0.332804  0.697466  -2
  1  0  0.938300 -8.062570-29.989047 -5.925888 -0.022920 -0.357008  0.409720  -2
  1  0  0.938300 35.905562-12.028813-12.756163  0.366608 -0.075583  0.299336  -2
  1  0  0.938300-16.996324  5.020181 31.811950 -0.149634 -0.035077  0.886004  -1
  1  0  0.938300 15.578908 24.655405 12.904552  0.137277  0.204469  0.677308  -2
  1  0  0.938300 -6.472088 19.648106  7.661514 -0.100144  0.170290  0.556808  -3
  1  0  0.938300 39.899315 -1.694461-19.214737  0.467285  0.034901  0.239524  -2
  1  0  0.938300-11.206299 -9.957526  9.654913 -0.055677 -0.129032  0.523966  -6
  1  0  0.938300 19.325048 27.282529 37.078135  0.371002  0.352933  1.192390  -3
  1  0  0.938300 -6.193435 27.679437 38.706432 -0.097851  0.410192  1.146675  -4
  1  0  0.938300  0.970042-21.652644 38.092927  0.041606 -0.195267  0.981691  -1
  1  0  0.938300-49.595033-10.873022 18.525479 -0.631906 -0.074619  0.802708  -2
  1  0  0.938300-38.180747-25.940796-35.182450 -0.439470 -0.333954  0.028936  -3