  1  1  0.938300 -0.125591 -0.092942  0.418971   5
  1  1  0.938300 -0.093768  0.206922  0.142404   3
  1  1  0.938300 -0.197295 -0.034051  0.302711   4
  1  1  0.938300  0.093937 -0.042573  0.256518   5
  1  1  0.938300  0.004261 -0.270442  0.246246   4
  1  1  0.938300  0.074311  0.078255  0.333507   1
  1  1  0.938300 -0.316289 -0.015867  0.688284   2
  1  1  0.938300  0.016754 -0.207600  0.388156   4
  1  1  0.938300  0.210341 -0.072027  0.439339   3
  1  1  0.938300  0.009459 -0.002876  0.347385   3
  1  1  0.938300  0.461279 -0.044920  0.564464   3
  1  1  0.938300 -0.133041 -0.175845  0.032367   2
  1  1  0.938300 -0.160711  0.132949  0.300827   2
  1  1  0.938300 -0.084026  0.047821  0.158966   4
  1  1  0.938300  0.217876 -0.248065  0.475396   3
  1  1  0.938300  0.016609 -0.153962  0.208734   2
  1  1  0.938300 -0.051938  0.141562  0.086490   2
  1  1  0.938300  0.093069  0.014682  0.170816   5
  1  1  0.938300  0.175215 -0.009828  0.165957   4
  1  1  0.938300  0.138161  0.125651  0.258495   4
  1  1  0.938300  0.422976  0.210846  0.201221   3
  1  1  0.938300  0.020306  0.037337  0.184702   1
  1  1  0.938300 -0.319464 -0.456238  0.503151   4
  1  1  0.938300  0.232584  0.143481  0.588655   3
  1  1  0.938300  0.065309  0.098161  0.703152   3
  1  1  0.938300 -0.122330  0.164755  0.328294   3
  1  1  0.938300  0.040399 -0.032261  0.089720   1
  1  1  0.938300  0.372393  0.122146  0.389225   9
  1  1  0.938300 -0.047833  0.059809  0.041479   1
  1  1  0.938300 -0.336157 -0.211542  0.109916   4
  1  1  0.938300  0.090871  0.706304  0.219059   4
  1  1  0.938300 -0.186979 -0.292590  0.591573   7
  1  1  0.938300  0.245377 -0.125573  0.293423   2
  1  1  0.938300  0.153704 -0.012453  0.046194   5
  1  1  0.938300 -0.090279  0.119574  0.241015   4
  1  1  0.938300 -0.225136  0.255055  0.044365   5
  1  1  0.938300 -0.344320  0.345101  0.750249   5
  1  1  0.938300  0.200065 -0.321067  0.576537   2
  1  1  0.938300  0.464653 -0.328503  0.165603   3
  1  1  0.938300 -0.120728  0.328261  0.358338   2
  1  1  0.938300 -0.301565 -0.287464  0.291424   4
  1  1  0.938300 -0.622177  0.072893  0.618509   3
  1  1  0.938300 -0.183993 -0.068088  0.475176   3
  1  1  0.938300 -0.179086  0.034429  0.343265   4
  1  1  0.938300 -0.223451 -0.373366  0.524369   5
  1  1  0.938300  0.163849  0.286886  0.284975   2
  1  1  0.938300 -0.013423  0.007160  0.097113   1
  1  1  0.938300  0.022404  0.043976  0.188914   1
  1  1  0.938300  0.280645 -0.098030  0.541597   3
  1  1  0.938300 -0.186855  0.045876  0.383053   4
  1  1  0.938300 -0.145463 -0.151463 -0.089185   7
  1  1  0.938300  0.287860  0.001490  0.345691   2
  1  1  0.938300  0.050306 -0.066660  0.028732   1
  1  1  0.938300  0.118552 -0.099037  0.143998   4
  1  1  0.938300 -0.146832  0.126045  0.086187   6
  1  1  0.938300 -0.093245 -0.015003  0.089563   3
  1  1  0.938300 -0.306566 -0.206747  0.169284   8
  1  1  0.938300 -0.028326 -0.018009  0.023289   1
  1  1  0.938300  0.227911 -0.105671  0.446508   4
  1  1  0.938300  0.005355 -0.269729  0.096059   2
  1  1  0.938300  0.056613  0.128817  0.282349   2
  1  1  0.938300  0.072069 -0.118015  0.122137   6
  1  1  0.938300  0.391909  0.114970  0.529295   9
  1  1  0.938300 -0.000219  0.098151  0.317278   3
  1  1  0.938300  0.048117  0.055914  0.090693   1
  1  1  0.938300 -0.012998 -0.095688  0.340254   3
  1  1  0.938300 -0.121237  0.108691  0.535752   3
  1  0  0.938300 -0.078738  0.091720  0.475834   7
  1  1  0.938300 -0.271026  0.035419  0.083334   2
  1  1  0.938300 -0.080154 -0.333235  0.579196   7
  1  1  0.938300 -0.298091 -0.039103  0.346085   3
  1  1  0.938300  0.173130 -0.135455  0.335072   4
  1  1  0.938300 -0.175144  0.056173  0.213144   1
  1  1  0.938300 -0.059385 -0.326134  0.637155   2
  1  1  0.938300 -0.221604  0.277600  0.289641   4
  1  1  0.938300  0.362407 -0.231645  0.392505   3
  1  1  0.938300  0.379535  0.015764  0.208703   4
  1  1  0.938300 -0.400121  0.516692  0.501407   2
  1  1  0.938300 -0.036958  0.004546  0.157255   6
  1  0  0.938300  0.244762  0.094006  0.438939   6
  1  0  0.938300 -0.355858 -0.040003  0.177242   6
  1  0  0.938300 -0.069865 -0.226925  0.312182   3
  1  0  0.938300  0.040664 -0.178084 -0.005733   1
  1  0  0.938300 -0.070558 -0.257767  0.136961   2
  1  0  0.938300 -0.046659  0.136386  0.090365   1
  1  0  0.938300  0.277336 -0.318858  0.377781   3
  1  0  0.938300  0.280093 -0.230431  0.462510   2
  1  0  0.938300  0.376277  0.162716  0.409666   3
  1  0  0.938300  0.190034  0.250662  0.422394   4
  1  0  0.938300  0.044448  0.365178  0.193990   3
  1  0  0.938300  0.088511 -0.141041  0.385868   2
  1  0  0.938300 -0.109655  0.187027  0.249051   4
  1  0  0.938300 -0.051238 -0.167047  0.354971   7
  1  0  0.938300  0.036642 -0.274366  0.242112   4
  1  0  0.938300 -0.002037  0.001169 -0.103872   1
  1  0  0.938300 -0.189782 -0.003912  0.230076   2
  1  0  0.938300  0.075182 -0.033124  0.322118   5
  1  0  0.938300 -0.093867  0.159714  0.125201   4
  1  0  0.938300 -0.274736  0.364011  0.104388   6
  1  0  0.938300 -0.196269  0.025562  0.590307   5
  1  0  0.938300  0.131722 -0.208014  0.505832   4
  1  0  0.938300 -0.089875 -0.077900  0.437379   1
  1  0  0.938300  0.127670 -0.082204  0.315463   1
  1  0  0.938300 -0.223000 -0.132992  0.323638   4
  1  0  0.938300  0.161559  0.432606  0.765335   3
  1  0  0.938300  0.191117  0.133008 -0.093746   1
  1  0  0.938300  0.020726  0.273989  0.202352   5
  1  0  0.938300 -0.085752  0.255853  0.211792   3
  1  0  0.938300 -0.165768  0.071950  0.479620   6
  1  0  0.938300 -0.082319 -0.297343  0.258641   3
  1  0  0.938300 -0.189726  0.190361  0.458371   4
  1  0  0.938300 -0.181079 -0.114522  0.227782   3
  1  0  0.938300  0.020325 -0.111059  0.335951   3
  1  0  0.938300  0.094278 -0.058193  0.275970   4
  1  0  0.938300 -0.067058 -0.264231  0.169633   2
  1  0  0.938300  0.048786 -0.008065  0.312665   4
  1  0  0.938300 -0.046148  0.269785  0.128011   3
  1  0  0.938300 -0.116655 -0.029784  0.264647   2
  1  0  0.938300 -0.098109 -0.029450  0.053314   2
  1  0  0.938300  0.435979  0.101153  0.163194   9
  1  0  0.938300 -0.313564 -0.128356  0.110763   3
  1  0  0.938300 -0.174241  0.035016  0.021256   2
  1  0  0.938300  0.025168  0.091379  0.197776   1
  1  0  0.938300 -0.073840 -0.205242  0.413992   5
  1  0  0.938300  0.224465 -0.088952  0.082536   6
  1  0  0.938300 -0.145180 -0.075227  0.240542   1
  1  0  0.938300  0.144223 -0.046902  0.125194   5
  1  0  0.938300  0.083705 -0.000371  0.084468   1
  1  0  0.938300  0.144969 -0.020644  0.099240   1
  1  0  0.938300 -0.081182  0.343550  0.321265   2
  1  0  0.938300  0.030234 -0.101577  0.099198   3
  1  0  0.938300  0.247837  0.106586  0.079580   2
  1  0  0.938300 -0.388545 -0.010051  0.276531   2
  1  1  0.938300  0.251393  0.168636  0.519365   6
  1  0  0.938300  0.080903 -0.052779  0.054792   1
  1  0  0.938300  0.137822  0.232665 -0.008037   2
  1  0  0.938300 -0.065737  0.290426  0.517553   6
  1  0  0.938300 -0.001210  0.025794  0.098069   1
  1  0  0.938300 -0.148563  0.128701  0.172790   2
  1  0  0.938300 -0.198850  0.053370 -0.147815   2
  1  0  0.938300 -0.013644  0.062288  0.110438   1
  1  0  0.938300 -0.112838  0.293516  0.452244   3
  1  0  0.938300  0.048218 -0.156068  0.504646   4
  1  0  0.938300 -0.205859  0.128018  0.414489   4
  1  0  0.938300  0.070504  0.243724  0.205563   7
  1  0  0.938300 -0.248476 -0.177846  0.092592   4
  1  0  0.938300 -0.044123 -0.140393  0.158767   2
  1  0  0.938300 -0.009144 -0.025026 -0.052836   1
  1  0  0.938300 -0.030297 -0.099641  0.342009   6
  1  0  0.938300 -0.413204 -0.089999  0.427845   2
  1  0  0.938300  0.184712  0.084974  0.441718   2
  1  0  0.938300 -0.153503 -0.045890  0.191114   1
  1  0  0.938300  0.260788 -0.187330  0.423166   4
  1  0  0.938300  0.146350  0.167558  0.484323   5
  1  0  0.938300  0.192760  0.164192  0.265899   2
  1  0  0.938300  0.212791 -0.038349  0.533767   2
  1  0  0.938300 -0.307454  0.317319  0.478650   4
  1  0  0.938300 -0.184104  0.199231  0.266221   7
  1  0  0.938300 -0.153316  0.095847  0.572864   5
  1  0  0.938300 -0.137158  0.008068  0.349895   5
  1  0  0.938300 -0.131638  0.127971  0.276893   2
  1  0  0.938300 -0.127808 -0.051329  0.697530   2
  1  0  0.938300 -0.016175  0.071441  0.374335   4
  1  0  0.938300  0.249600  0.191548  0.003405   2
  1  0  0.938300  0.143836 -0.119960  0.205821   4
  1  0  0.938300 -0.063779 -0.136483  0.245480   3
  1  0  0.938300  0.049425 -0.452902  0.486732   2
  1  0  0.938300 -0.001839  0.168910  0.280318   3
  1  0  0.938300 -0.023716 -0.099564 -0.053089   1
  1  0  0.938300  0.198750  0.052231  0.384084   4
  1  0  0.938300  0.274223 -0.222129  0.546053   2
  1  0  0.938300  0.150337 -0.122571  0.261549   9
  1  0  0.938300  0.060965 -0.078771  0.160200   2
  1  0  0.938300 -0.000592 -0.142769  0.349458   7
  1  0  0.938300  0.247169  0.166698  0.266142   4
  1  0  0.938300  0.208496  0.072925  0.436785   4
  1  0  0.938300 -0.201178  0.053899  0.419048   4
  1  0  0.938300  0.137255  0.365609  0.422430   3
  1  0  0.938300  0.407323 -0.222499  0.269381   5
  1  0  0.938300  0.290643 -0.012739  0.356192   4
  1  0  0.938300 -0.000682  0.175558  0.053993   3
  1  0  0.938300 -0.156321 -0.100208  0.163279   3
  1  0  0.938300 -0.029378  0.053407  0.449170   3
  1  0  0.938300  0.238937 -0.272962 -0.031814   3
  1  0  0.938300 -0.374371  0.055785  0.104193   4
  1  0  0.938300 -0.024090 -0.048219  0.175991   1
  1  0  0.938300 -0.145199 -0.057159  0.438899   5
  1  0  0.938300  0.048017 -0.008796  0.249148   2
  1  0  0.938300 -0.004579  0.118314 -0.019526   3
  1  0  0.938300  0.087079  0.031830 -0.120222   1
  1  0  0.938300  0.191125 -0.068832  0.155292   3
  1  0  0.938300  0.157866  0.482263  0.185006   4
  1  0  0.938300 -0.076453  0.072895  0.473513   3
  1  0  0.938300  0.143483 -0.185315  0.237346   2
  1  1  0.938300  0.127587  0.024152  0.293622   4
  1  0  0.938300  0.271846 -0.047353 -0.306169   3
  1  0  0.938300 -0.043406  0.025969  0.574895   2
  1  1  0.938300 -0.045192 -0.149072  0.568581  -1
  1  1  0.938300  0.277854 -0.247517  0.094986  -3
  1  1  0.938300  0.391954  0.175778  0.758873  -4
  1  1  0.938300 -0.006863  0.211411  0.536611  -4
  1  1  0.938300 -0.209181  0.328024  0.262486  -4
  1  1  0.938300 -0.016311  0.521278  0.379193  -6
  1  1  0.938300  0.267112 -0.193431  0.401125  -6
  1  1  0.938300  0.019763 -0.103582  0.034416  -4
  1  1  0.938300  0.180099  0.143643  0.709217  -1
  1  1  0.938300 -0.142834  0.202484  0.395784  -3
  1  1  0.938300  0.055325 -0.383968  0.574337  -3
  1  1  0.938300 -0.079821  0.116270  0.351499  -5
  1  1  0.938300  0.259790 -0.101615  0.158605  -3
  1  1  0.938300 -0.021638 -0.182575  0.872912  -2
  1  1  0.938300 -0.255137  0.249830  0.396370  -6
  1  1  0.938300 -0.050796  0.000639  0.443679  -5
  1  1  0.938300  0.422362 -0.190305  0.516754  -6
  1  1  0.938300 -0.238347  0.485145  0.233170 -10
  1  1  0.938300  0.052159 -0.161125  0.277763  -2
  1  1  0.938300 -0.063453  0.035508  0.657805  -2
  1  1  0.938300 -0.178315 -0.070367  0.358436  -2
  1  1  0.938300 -0.083671  0.210171  0.439200  -5
  1  1  0.938300  0.179558  0.172240  0.378051  -6
  1  1  0.938300 -0.180487 -0.419323  0.593744  -3
  1  1  0.938300 -0.347345 -0.063270  0.218880  -3
  1  1  0.938300 -0.051636  0.192267  0.250345  -3
  1  1  0.938300  0.162133  0.068236  0.740105  -2
  1  1  0.938300 -0.185619  0.189140  0.335873  -3
  1  1  0.938300 -0.068475  0.189467  0.639796  -3
  1  1  0.938300 -0.011284  0.265175  0.764914 -10
  1  1  0.938300  0.480899 -0.021129  0.177866  -5
  1  1  0.938300 -0.202088 -0.033914  0.602951  -2
  1  1  0.938300 -0.281344 -0.115769  0.521873  -4
  1  1  0.938300  0.182581 -0.009921  0.304304  -3
  1  1  0.938300 -0.019931  0.089728  0.262602  -2
  1  1  0.938300  0.186434  0.141488  0.372031  -4
  1  1  0.938300  0.180481  0.163951  0.609510  -3
  1  1  0.938300 -0.369464 -0.201635  0.404928  -3
  1  1  0.938300 -0.249860  0.180008  0.374194  -5
  1  1  0.938300 -0.127235 -0.215587  0.490513  -3
  1  1  0.938300  0.150332 -0.151558  0.014856  -3
  1  1  0.938300  0.013245  0.251325  0.422640  -2
  1  1  0.938300  0.083832 -0.147252  0.334075  -4
  1  1  0.938300 -0.127532  0.105311  0.592540  -3
  1  1  0.938300 -0.526674  0.068338 -0.186450  -6
  1  1  0.938300 -0.144894  0.036502  0.657040  -1
  1  1  0.938300  0.288030 -0.439255  0.529986  -3
  1  1  0.938300 -0.321405  0.423435  0.389861  -2
  1  1  0.938300 -0.131451 -0.306659  0.517144  -3
  1  1  0.938300 -0.289079 -0.058472  0.499393  -8
  1  1  0.938300  0.086149 -0.459209  0.705324  -4
  1  1  0.938300  0.100092 -0.009484  0.841319  -1
  1  1  0.938300  0.022084 -0.077351  0.357965  -3
  1  1  0.938300 -0.246054  0.403446  0.662763  -3
  1  1  0.938300 -0.042500  0.045470  0.605857  -4
  1  1  0.938300 -0.039286 -0.134867  0.587718  -2
  1  1  0.938300  0.769028  0.048813  0.722716  -2
  1  1  0.938300  0.168692  0.171950  0.305899  -5
  1  1  0.938300  0.095679 -0.080269  0.695933  -1
  1  1  0.938300  0.335838  0.169777 -0.020531  -3
  1  1  0.938300 -0.160901  0.058216  0.035118  -3
  1  1  0.938300  0.139698  0.382364  0.650107  -5
  1  1  0.938300  0.022532 -0.005012  0.298849  -3
  1  1  0.938300  0.103658 -0.217450  0.292154  -3
  1  1  0.938300 -0.022906  0.113597  0.188199  -7
  1  1  0.938300  0.297615 -0.127026  0.270882  -6
  1  1  0.938300  0.057251  0.135896  0.172994  -6
  1  1  0.938300  0.121345  0.307142  0.345225  -2
  1  1  0.938300 -0.289873  0.084954  0.280025  -2
  1  1  0.938300  0.096823  0.108787  0.708455  -1
  1  1  0.938300 -0.482300  0.160473  0.488879  -2
  1  1  0.938300  0.008399 -0.093438  0.112850  -4
  1  1  0.938300 -0.083450  0.042866  0.672325  -2
  1  1  0.938300 -0.270364 -0.030524  0.296235  -3
  1  1  0.938300  0.034617  0.265049  0.178313  -3
  1  1  0.938300 -0.109026  0.146555  0.614953  -5
  1  1  0.938300 -0.054429  0.135050  0.592215  -1
  1  1  0.938300  0.121055  0.097219  0.347320  -2
  1  1  0.938300  0.118369 -0.013703  0.361451  -3
  1  0  0.938300  0.111866 -0.110885  0.507121  -2
  1  0  0.938300 -0.143029 -0.067181  0.204778  -3
  1  0  0.938300 -0.118468  0.040175  0.417410  -6
  1  0  0.938300  0.042876 -0.205566  0.271778  -3
  1  0  0.938300  0.152099 -0.010318  0.645901  -1
  1  0  0.938300  0.118537 -0.143689  0.646987  -2
  1  0  0.938300 -0.179578 -0.012602  0.529949  -3
  1  0  0.938300  0.099333 -0.005356  0.526128  -2
  1  0  0.938300 -0.157610 -0.183358  0.524519  -3
  1  0  0.938300 -0.280911 -0.179896  0.412198  -2
  1  0  0.938300 -0.245066  0.194316  0.473378  -2
  1  0  0.938300  0.008254  0.075245  0.699171  -2
  1  0  0.938300  0.172549 -0.083279  0.845936  -2
  1  0  0.938300  0.047157 -0.039542  0.495544  -3
  1  0  0.938300  0.004656  0.050735  0.564752  -1
  1  0  0.938300 -0.293019 -0.082223  0.555730  -4
  1  0  0.938300 -0.016559  0.369307  0.254551  -4
  1  0  0.938300 -0.046586 -0.184953  0.528176  -4
  1  0  0.938300 -0.117383 -0.011113  0.236849  -4
  1  0  0.938300 -0.160471  0.050513  0.565048  -2
  1  0  0.938300 -0.174720 -0.050257  0.638081  -4
  1  0  0.938300 -0.108802 -0.023500  0.128658  -2
  1  0  0.938300  0.183710  0.030810  0.500118  -6
  1  0  0.938300 -0.293777 -0.206717  0.275539  -2
  1  0  0.938300 -0.081995 -0.171604  0.795530  -3
  1  0  0.938300 -0.009392  0.152992  0.357653  -2
  1  0  0.938300 -0.087724 -0.076933  0.676938  -3
  1  0  0.938300 -0.155249  0.128335  0.304108  -8
  1  0  0.938300  0.005540  0.169668  0.162869  -3
  1  0  0.938300 -0.186060  0.019022  0.482454  -5
  1  0  0.938300 -0.116910  0.068732  0.283085  -2
  1  0  0.938300  0.046182 -0.185947  0.375577  -2
  1  0  0.938300  0.219346 -0.210655  0.457225  -5
  1  0  0.938300  0.023793 -0.127590  0.650690  -5
  1  0  0.938300 -0.399085 -0.402394  0.379680  -3
  1  0  0.938300 -0.306002  0.175483  0.475452  -7
  1  0  0.938300  0.209374  0.359364  0.241776  -2
  1  0  0.938300 -0.212266  0.000954  0.454696  -7
  1  0  0.938300  0.009032 -0.019324  0.682735  -1
  1  0  0.938300  0.136552 -0.213341  0.653016  -1
  1  0  0.938300 -0.073270 -0.245344  0.140356  -4
  1  0  0.938300  0.176158 -0.318448  0.672882  -2
  1  0  0.938300 -0.130459  0.440374  0.459364  -3
  1  0  0.938300 -0.104244  0.053964  0.424230  -4
  1  0  0.938300 -0.104134  0.363471  0.125775  -4
  1  0  0.938300  0.019085 -0.252297  0.528657  -4
  1  0  0.938300  0.098937  0.304523  0.244071  -2
  1  0  0.938300  0.002770 -0.028485  0.895939  -2
  1  0  0.938300  0.353015  0.071698  0.394561  -9
  1  0  0.938300  0.008865  0.124716  0.657711  -1
  1  0  0.938300  0.076494 -0.150523  0.220163  -3
  1  0  0.938300 -0.146680 -0.423942  0.340702  -3
  1  0  0.938300 -0.189263 -0.044182  0.357969  -2
  1  0  0.938300 -0.203742  0.322427  0.579858  -4
  1  0  0.938300 -0.047442  0.089587  0.362897  -1
  1  0  0.938300  0.099336 -0.018876  0.472504  -1
  1  0  0.938300  0.436094 -0.048074  0.472247  -2
  1  0  0.938300 -0.462346  0.651731  0.805010  -3
  1  0  0.938300  0.237730  0.130430  0.297044  -3
  1  0  0.938300  0.051817 -0.077598  0.502660  -6
  1  0  0.938300  0.372049 -0.316791  0.834070  -2
  1  0  0.938300  0.125232  0.115120  0.382997  -4
  1  0  0.938300 -0.052734 -0.027412  0.779452  -2
  1  0  0.938300  0.189726  0.120720  0.776707  -2
  1  0  0.938300 -0.086732 -0.068453  0.654358  -2
  1  0  0.938300 -0.079859 -0.023697  0.502304  -6
  1  0  0.938300 -0.006390  0.140876  0.481775  -2
  1  0  0.938300 -0.086334  0.086870  0.821067  -3
  1  0  0.938300  0.136994  0.226256  0.619690 -11
  1  0  0.938300 -0.091620 -0.077224  0.515954  -1
  1  0  0.938300 -0.014261  0.194476  0.221087  -3
  1  0  0.938300 -0.160438  0.124863  0.294604  -4
  1  0  0.938300  0.010934  0.028447  0.416999  -4
  1  0  0.938300  0.034375 -0.184140  0.723541  -2
  1  0  0.938300 -0.065673 -0.054978  0.807648  -2
  1  0  0.938300  0.088389 -0.503061  0.113965  -3
  1  0  0.938300  0.169018 -0.022548  0.335622  -3
  1  0  0.938300 -0.062898  0.222889  0.136710  -4
  1  0  0.938300  0.109549  0.184647  0.093258  -3
  1  0  0.938300 -0.115149  0.066951  0.508779  -3
  1  0  0.938300 -0.013610 -0.121316  0.526480  -2
  1  0  0.938300  0.021714  0.053286  0.914889  -1
  1  0  0.938300 -0.112966  0.215941  0.513586  -6
  1  0  0.938300 -0.276693  0.139535  0.511684  -2
  1  0  0.938300 -0.091537  0.156142  0.644287  -2
  1  0  0.938300  0.116854 -0.000298  0.352154  -3
  1  0  0.938300  0.021735  0.017310  0.400581  -6
  1  0  0.938300  0.012389 -0.409439  0.488440  -4
  1  0  0.938300  0.296125  0.082547  0.394551  -2
  1  0  0.938300  0.006667  0.268136  0.682206  -3
  1  0  0.938300  0.020850 -0.096588  0.309455  -1
  1  0  0.938300  0.221608  0.513580  0.640460  -5
  1  0  0.938300 -0.096693 -0.048087  0.680727  -1
  1  0  0.938300 -0.211607  0.222131  0.321491  -6
  1  0  0.938300  0.133512 -0.022211  0.711924  -1
  1  0  0.938300  0.014289 -0.081087  0.474604  -3
  1  0  0.938300 -0.066399  0.133963  0.740997  -4
  1  0  0.938300  0.276858 -0.368374  0.329009  -2
  1  0  0.938300  0.169595  0.099466  0.619113  -3
  1  0  0.938300  0.047324  0.142691  0.541638  -5
  1  0  0.938300 -0.114333  0.223116  0.537386  -2
  1  0  0.938300 -0.228706 -0.090147 -0.159836  -4
  1  0  0.938300 -0.227420  0.126790  0.820241  -3
  1  0  0.938300 -0.022017 -0.309699  0.445096  -4
  1  0  0.938300 -0.014857 -0.082354  0.400047  -2
  1  0  0.938300 -0.085902  0.298048  0.382073  -3
  1  0  0.938300 -0.291410  0.038230  0.309533  -5
  1  0  0.938300  0.063181  0.067560  0.490933  -4
  1  0  0.938300  0.068105  0.149992  0.898746  -1
  1  0  0.938300  0.325617 -0.388649  0.474070  -3
  1  0  0.938300  0.000800 -0.258135  0.555314  -5
  1  0  0.938300 -0.005969 -0.011235  0.460222  -4
  1  0  0.938300 -0.252769 -0.107859  0.339285  -3
  1  0  0.938300 -0.132276 -0.031333  0.562104  -1
  1  0  0.938300  0.094617  0.085536  0.295123  -5
  1  0  0.938300 -0.066058 -0.130175  0.235407  -3
  1  0  0.938300 -0.017641 -0.061553  0.412497  -4
  1  0  0.938300  0.038528  0.059209  0.391290  -3