  1  1  0.938300  0.088661  0.067735  0.140485   1
  1  1  0.938300 -0.264581  0.405531  0.574593   6
  1  1  0.938300 -0.289455  0.054072  0.123989   2
  1  1  0.938300  0.046657 -0.106138  0.607351   5
  1  1  0.938300  0.079330  0.043268  0.100302   3
  1  1  0.938300 -0.071571 -0.371328  0.351377   2
  1  1  0.938300  0.338091  0.040669  1.036159   4
  1  1  0.938300  0.418131  0.007420  0.258253   3
  1  1  0.938300 -0.002459 -0.031520  0.297724   2
  1  1  0.938300  0.005961 -0.263830  0.197562   2
  1  1  0.938300  0.095078 -0.090521  0.063388   3
  1  1  0.938300 -0.136286  0.431186  0.024617   2
  1  1  0.938300  0.177896 -0.114362  0.498331   4
  1  1  0.938300 -0.183553  0.362654  0.128081   2
  1  1  0.938300 -0.156236  0.134376  0.328151   2
  1  1  0.938300 -0.164176  0.192669  0.197214   5
  1  1  0.938300 -0.231612  0.021491  0.056976   3
  1  1  0.938300 -0.201370 -0.107801  0.302345   7
  1  1  0.938300  0.315024 -0.043862  0.351926   3
  1  1  0.938300 -0.379434 -0.015513  0.423791   4
  1  1  0.938300 -0.114501  0.230369  0.464471   7
  1  1  0.938300  0.240417 -0.046216  0.412623   2
  1  1  0.938300  0.074665 -0.175320  0.157842   1
  1  1  0.938300 -0.020405 -0.031428  0.115630   6
  1  1  0.938300  0.053910  0.058025  0.068033   2
  1  1  0.938300  0.300629 -0.044668  0.532037   5
  1  1  0.938300 -0.201762 -0.109326  0.250674   2
  1  1  0.938300 -0.104104 -0.028810  0.014673   1
  1  1  0.938300  0.354577  0.214000  0.483534   3
  1  1  0.938300  0.276782 -0.043722  0.365795   3
  1  1  0.938300  0.048120 -0.137313  0.716767   4
  1  1  0.938300  0.210780 -0.090350  0.296491   4
  1  1  0.938300  0.164073 -0.014141  0.239224   3
  1  1  0.938300 -0.186570  0.088241  0.417847   9
  1  1  0.938300  0.162526  0.026578 -0.025046   1
  1  1  0.938300 -0.040707  0.126384  0.031681   1
  1  1  0.938300 -0.114901 -0.035210  0.462601   3
  1  1  0.938300  0.130636  0.151837  0.075202   1
  1  1  0.938300  0.254078 -0.050613 -0.150283   2
  1  1  0.938300  0.074068  0.016772  0.137856   4
  1  1  0.938300  0.122375  0.093790 -0.060446   1
  1  1  0.938300  0.071502 -0.021084  0.359945   3
  1  1  0.938300  0.186744 -0.194690  0.562512  10
  1  1  0.938300 -0.114715 -0.010801  0.415872   7
  1  1  0.938300  0.094929 -0.088086  0.093145   4
  1  1  0.938300 -0.153299 -0.321205  0.260382   2
  1  1  0.938300 -0.017930 -0.379225  0.357022   8
  1  1  0.938300 -0.146522  0.030193  0.238967   1
  1  1  0.938300 -0.224873 -0.168975 -0.042022   2
  1  1  0.938300  0.117977 -0.333171  0.623800   3
  1  1  0.938300  0.097571  0.210555  0.153096   3
  1  1  0.938300  0.002582  0.184661  0.383613   3
  1  1  0.938300 -0.323061  0.043903  0.189789   3
  1  1  0.938300 -0.049181 -0.120481  0.413965   2
  1  1  0.938300  0.107410  0.171041  0.754148   6
  1  1  0.938300 -0.070451 -0.405594  0.595208   4
  1  1  0.938300  0.140294  0.129462  0.332444   2
  1  1  0.938300  0.354706 -0.350977  0.502681   7
  1  1  0.938300  0.230048 -0.302917 -0.142950   3
  1  1  0.938300  0.219143  0.117408  0.395211   4
  1  1  0.938300 -0.101714 -0.089476  0.109125   1
  1  1  0.938300 -0.079122  0.492569  0.455512   3
  1  1  0.938300  0.005303  0.190728  0.017418   2
  1  1  0.938300 -0.077092 -0.018293  0.261598   1
  1  1  0.938300  0.313119  0.192528  0.274934   3
  1  1  0.938300  0.117783 -0.119674  0.760047   2
  1  1  0.938300  0.173909  0.147112  0.207663   4
  1  1  0.938300  0.146128  0.049240  0.300070   4
  1  1  0.938300  0.177119  0.326113 -0.007311   2
  1  0  0.938300 -0.336919  0.212835 -0.195625   3
  1  1  0.938300 -0.010322  0.180399 -0.034320   1
  1  1  0.938300 -0.068985  0.217523  0.543208   4
  1  1  0.938300  0.158564  0.120422  0.364858   3
  1  1  0.938300  0.060598 -0.046502  0.643458   2
  1  1  0.938300 -0.156819  0.034324  0.232508   1
  1  1  0.938300  0.093589 -0.066646  0.148954   1
  1  1  0.938300 -0.113174  0.228525  0.092124   3
  1  1  0.938300 -0.048347  0.328887  0.185043   5
  1  1  0.938300  0.237976 -0.019004  0.095796   2
  1  0  0.938300 -0.497637  0.322112  0.219039   3
  1  0  0.938300 -0.022544  0.128620 -0.000364   1
  1  0  0.938300  0.202875  0.316718 -0.098204   3
  1  0  0.938300 -0.076284 -0.109259  0.379547   4
  1  0  0.938300 -0.045890  0.183315  0.097820   6
  1  0  0.938300 -0.014999  0.332401  0.110182   2
  1  0  0.938300  0.142624  0.087979  0.034725   1
  1  0  0.938300  0.032612  0.078602  0.397035   5
  1  0  0.938300 -0.079574 -0.087353  0.272125   3
  1  0  0.938300 -0.232468 -0.110630  0.504074   2
  1  0  0.938300 -0.163066 -0.220336  0.813155   5
  1  0  0.938300 -0.162255 -0.026723  0.272333   7
  1  0  0.938300  0.275328 -0.224476  0.020977   8
  1  0  0.938300 -0.072909 -0.103132  0.164723   5
  1  0  0.938300 -0.080635  0.102250  0.106980   3
  1  0  0.938300  0.108976  0.156602  0.053145   1
  1  0  0.938300  0.084307 -0.091273  0.223057   3
  1  0  0.938300  0.221204 -0.073497  0.393614   4
  1  0  0.938300 -0.268397 -0.055396  0.430150   9
  1  0  0.938300 -0.052734 -0.037549  0.362400   5
  1  1  0.938300  0.042555  0.253877  0.063990   3
  1  0  0.938300  0.201668 -0.021176  0.034394   1
  1  0  0.938300 -0.357414 -0.057264  0.600785   5
  1  0  0.938300  0.017055  0.060430  0.350781   4
  1  0  0.938300 -0.036363 -0.319599  0.097267   6
  1  0  0.938300 -0.014124 -0.001905  0.059455   2
  1  0  0.938300 -0.082719 -0.066797  0.501940   5
  1  0  0.938300 -0.095887 -0.045362  0.525387   4
  1  0  0.938300 -0.146630  0.124387  0.261933   5
  1  0  0.938300 -0.117135  0.145986  0.320167   2
  1  0  0.938300  0.141694  0.114294 -0.099210   3
  1  0  0.938300  0.233914 -0.001802  0.294365   4
  1  0  0.938300 -0.044479 -0.077071  0.511900   2
  1  0  0.938300  0.148677  0.022499  0.235973   3
  1  0  0.938300 -0.154889 -0.165605  0.447144   4
  1  0  0.938300  0.009497 -0.083832 -0.091148   1
  1  0  0.938300 -0.186553  0.033435  0.329318   2
  1  0  0.938300 -0.103887 -0.184288 -0.007290   4
  1  0  0.938300 -0.134057 -0.040141  0.342689   4
  1  0  0.938300 -0.295722 -0.080812  0.531574   7
  1  0  0.938300  0.363119  0.226653  0.562046   3
  1  0  0.938300 -0.201235  0.585417  0.413858   4
  1  0  0.938300  0.280213 -0.311626  0.578904   6
  1  0  0.938300 -0.068614  0.020767  0.164677   1
  1  0  0.938300 -0.898235 -0.109678  0.108079   4
  1  0  0.938300 -0.091871 -0.160770  0.231717   1
  1  0  0.938300  0.206088  0.081928  0.143309   2
  1  0  0.938300 -0.050248  0.345374  0.488352   3
  1  0  0.938300 -0.226707  0.042694  0.831202   6
  1  0  0.938300 -0.202174  0.092347 -0.089377   8
  1  0  0.938300 -0.217538 -0.223792  0.643485   6
  1  0  0.938300  0.526212  0.033627  0.808069   3
  1  0  0.938300  0.128869  0.035478  0.207655   5
  1  0  0.938300 -0.088943 -0.044901  0.361697   2
  1  0  0.938300  0.332488  0.298878  0.538961   2
  1  0  0.938300 -0.016689  0.071821  0.407091   4
  1  0  0.938300 -0.226640 -0.006326  0.314915   4
  1  0  0.938300  0.413456  0.053192  0.209310   7
  1  0  0.938300 -0.297000 -0.133427  0.023306   5
  1  0  0.938300  0.180930  0.052802  0.273400   5
  1  0  0.938300  0.437471  0.286598  0.790422   3
  1  0  0.938300  0.126009 -0.121504  0.215957   5
  1  0  0.938300  0.152657 -0.072418  0.590969   6
  1  0  0.938300  0.280841 -0.323850  0.566828   3
  1  0  0.938300  0.197865 -0.087453  0.353387   4
  1  0  0.938300  0.017428 -0.010435 -0.044072   1
  1  0  0.938300  0.256557 -0.141561  0.176782   3
  1  0  0.938300  0.139004 -0.103232  0.013713  10
  1  0  0.938300  0.038406 -0.086029  0.429357   4
  1  0  0.938300 -0.149629 -0.152387  0.308069   5
  1  0  0.938300  0.104757  0.081028  0.501484   2
  1  0  0.938300 -0.032598  0.655774  0.465078   6
  1  0  0.938300 -0.130964  0.239833  0.635706   3
  1  0  0.938300 -0.130441  0.194703  0.049560   1
  1  0  0.938300 -0.280501  0.107098  0.271104   3
  1  0  0.938300  0.153706 -0.132239  0.695170   4
  1  0  0.938300 -0.115828  0.104234  0.313239   3
  1  0  0.938300  0.235501  0.177983  0.418270   5
  1  0  0.938300  0.090958 -0.189021  0.104911   6
  1  0  0.938300  0.072703  0.127040  0.523206   3
  1  0  0.938300  0.313693 -0.318233  0.258179   2
  1  0  0.938300  0.306501 -0.222471  0.078227   3
  1  0  0.938300 -0.462771 -0.270943  0.180230   2
  1  0  0.938300 -0.264716  0.001453  0.159958   7
  1  0  0.938300 -0.122807 -0.105444 -0.075365   1
  1  0  0.938300 -0.305612 -0.100043  0.078355   7
  1  0  0.938300 -0.126625  0.124659  0.181522   4
  1  0  0.938300  0.035480  0.249413  0.184882   6
  1  0  0.938300  0.181287  0.107673  0.469645   3
  1  0  0.938300 -0.304468  0.189808  0.389027   4
  1  0  0.938300  0.118565 -0.198379  0.351886   4
  1  1  0.938300  0.096260  0.162799  0.203527   3
  1  0  0.938300 -0.109105  0.139975  0.037072   2
  1  0  0.938300 -0.203974  0.094872  0.106144   4
  1  0  0.938300  0.086222 -0.029630  0.071945   1
  1  0  0.938300  0.141983  0.435533  0.573780   5
  1  0  0.938300  0.071632  0.047527  0.298769   3
  1  0  0.938300  0.232261 -0.083014  0.316138   2
  1  0  0.938300  0.028977  0.006925  0.361953   2
  1  0  0.938300 -0.150616  0.111106 -0.018553   1
  1  0  0.938300  0.118143  0.161919  0.456604   3
  1  0  0.938300 -0.145957  0.137418  0.018417   1
  1  0  0.938300 -0.107184 -0.015539 -0.079629   1
  1  0  0.938300 -0.183512  0.204144  0.595982   3
  1  0  0.938300 -0.016391  0.086733  0.115642   3
  1  0  0.938300 -0.036434  0.102662  0.045809   1
  1  0  0.938300 -0.090961 -0.277157  0.803947   9
  1  0  0.938300  0.256502  0.079692  0.129546   2
  1  0  0.938300  0.115655  0.273093  0.566058   3
  1  0  0.938300  0.336896  0.047013 -0.059985   2
  1  0  0.938300  0.001945 -0.223129  0.532294   2
  1  0  0.938300 -0.050980 -0.154166  0.193957   2
  1  1  0.938300 -0.079467  0.182910  0.206168   6
  1  0  0.938300  0.204526  0.100355  0.746020   3
  1  0  0.938300 -0.278425 -0.116268  0.406913   3
  1  0  0.938300  0.007645  0.071966  0.451371   7
  1  0  0.938300 -0.124248  0.079488  0.301852   2
  1  0  0.938300  0.035091  0.024480  0.330038   5
  1  1  0.938300  0.220000 -0.219374  0.620965  -5
  1  1  0.938300 -0.146731 -0.155837  0.711066  -5
  1  1  0.938300  0.146288 -0.390403  0.711411  -3
  1  1  0.938300 -0.131323  0.570813  0.449844  -3
  1  1  0.938300 -0.207901  0.252374  0.729640  -3
  1  1  0.938300  0.331625 -0.159677  0.402089  -2
  1  1  0.938300  0.210894 -0.296773  0.521201  -3
  1  1  0.938300 -0.017942  0.082071  0.754443  -1
  1  1  0.938300 -0.332621  0.236979  0.611820  -2
  1  1  0.938300 -0.107232 -0.407286  0.321608  -4
  1  1  0.938300 -0.157127  0.031876  0.686674  -1
  1  1  0.938300  0.009909  0.020652  0.415304  -2
  1  1  0.938300  0.080739  0.088565  0.156188  -3
  1  1  0.938300  0.005264  0.523050  0.373888  -3
  1  1  0.938300 -0.155521 -0.269616  0.436885  -2
  1  1  0.938300 -0.202100  0.068592  0.590755  -3
  1  1  0.938300  0.076144  0.152470  0.577580  -1
  1  1  0.938300 -0.124047  0.216505  0.326898  -4
  1  1  0.938300  0.291395  0.249863  0.261866  -2
  1  1  0.938300 -0.246304 -0.203541  0.316082  -3
  1  0  0.938300  0.281139  0.268265  0.257339  -7
  1  1  0.938300 -0.067568  0.019528  0.581989  -1
  1  1  0.938300  0.001285  0.014187  0.220747  -7
  1  1  0.938300 -0.108441 -0.151981  0.291139  -7
  1  1  0.938300 -0.235736  0.010445  0.524546  -2
  1  1  0.938300 -0.354520  0.001683  0.320878  -2
  1  1  0.938300  0.115571  0.083170  0.343161  -5
  1  1  0.938300 -0.079174  0.078168  0.614097  -1
  1  1  0.938300  0.107561  0.015391  0.414453  -3
  1  1  0.938300 -0.026223  0.200862  0.146064  -5
  1  1  0.938300  0.151453  0.005844  0.201712  -3
  1  1  0.938300 -0.343292 -0.058495  0.611358  -2
  1  1  0.938300  0.114579 -0.382965  0.086115  -3
  1  1  0.938300  0.285669  0.051196  0.282289  -4
  1  1  0.938300  0.021594  0.014297  0.693600  -2
  1  1  0.938300  0.091068 -0.140082  0.472429  -6
  1  1  0.938300  0.393121  0.059367  0.729661  -4
  1  1  0.938300  0.539053  0.117774  0.506638  -6
  1  1  0.938300  0.264252  0.115864  0.452297  -4
  1  1  0.938300 -0.338984 -0.153491  0.086981  -3
  1  1  0.938300  0.018765  0.074010  0.571399  -3
  1  1  0.938300 -0.216168  0.024454  0.355319  -4
  1  1  0.938300  0.247949 -0.044517  0.626034  -1
  1  1  0.938300 -0.007332  0.015143  0.514036  -4
  1  1  0.938300 -0.134741  0.568623  0.307121  -2
  1  1  0.938300 -0.051720  0.489784  0.187099  -2
  1  1  0.938300  0.306968  0.080729  0.519003  -2
  1  1  0.938300 -0.249887 -0.044487  0.553814  -3
  1  1  0.938300  0.110707 -0.097395  0.495591  -1
  1  1  0.938300 -0.000409  0.034586  0.268991  -2
  1  0  0.938300  0.100770  0.024707  0.486644  -5
  1  1  0.938300 -0.096375 -0.000912  0.402921  -1
  1  1  0.938300  0.243234  0.006683  0.360401  -2
  1  1  0.938300  0.192747 -0.119640  0.580547  -2
  1  1  0.938300 -0.077539 -0.016666  0.328063  -8
  1  1  0.938300  0.289801 -0.140429  0.409966  -4
  1  1  0.938300  0.126725  0.191290  0.777226  -2
  1  1  0.938300  0.014726 -0.189602  0.686113  -4
  1  1  0.938300 -0.020301  0.253419  0.559192  -2
  1  1  0.938300 -0.012846 -0.380054  0.623627  -2
  1  1  0.938300  0.410770 -0.069248  0.129716  -5
  1  1  0.938300  0.138430 -0.084328  0.528078  -4
  1  1  0.938300  0.191112  0.070222  0.311498  -4
  1  1  0.938300 -0.077958 -0.019091  0.572113  -1
  1  1  0.938300 -0.111866  0.076988  0.478757  -1
  1  1  0.938300 -0.058016 -0.156657  0.326159  -2
  1  1  0.938300 -0.083730 -0.028305  0.447523  -6
  1  1  0.938300  0.103907  0.060446  0.688493  -1
  1  1  0.938300 -0.187830 -0.407985  0.200834  -3
  1  1  0.938300  0.135964  0.281826  0.160530  -2
  1  1  0.938300  0.171056  0.217329  0.366899  -3
  1  1  0.938300  0.082359  0.078857  0.727899  -2
  1  1  0.938300 -0.113471 -0.193140  0.683725  -3
  1  1  0.938300 -0.430993  0.050130  0.294163  -4
  1  1  0.938300 -0.200966  0.494792  0.289485  -3
  1  1  0.938300 -0.257380  0.267067  0.472339  -3
  1  1  0.938300 -0.185227  0.297163  0.213746  -4
  1  1  0.938300 -0.179520 -0.227083  0.218284  -2
  1  1  0.938300 -0.162948 -0.012363  0.575731  -5
  1  0  0.938300  0.036970  0.071942  0.682974  -1
  1  0  0.938300 -0.160873 -0.119207  0.635121  -2
  1  0  0.938300  0.152825  0.155363  0.238835  -5
  1  0  0.938300 -0.131385  0.280238  0.127970  -6
  1  0  0.938300  0.052468 -0.000257  0.677362  -1
  1  0  0.938300  0.047411 -0.084561  0.233091  -7
  1  0  0.938300 -0.114702 -0.262932  0.145149  -2
  1  0  0.938300  0.037166 -0.009831  0.804023  -1
  1  0  0.938300 -0.158810  0.134130  0.765742  -1
  1  0  0.938300  0.023051  0.003267  0.293638  -5
  1  0  0.938300  0.032232 -0.104741  0.434503  -3
  1  0  0.938300 -0.076927  0.064698  0.476926  -6
  1  0  0.938300  0.005142 -0.052983  0.299244  -1
  1  0  0.938300 -0.043428 -0.032611  0.550238  -1
  1  0  0.938300  0.046582 -0.008124  0.243294  -5
  1  0  0.938300  0.067382 -0.073814 -0.031896 -11
  1  0  0.938300  0.319962 -0.032003  0.460896  -5
  1  0  0.938300 -0.026042 -0.143143  0.501636  -5
  1  0  0.938300  0.350429  0.379569  0.464222  -2
  1  0  0.938300 -0.183382 -0.199696  0.127954  -7
  1  0  0.938300  0.020724 -0.141227  0.367934  -4
  1  0  0.938300 -0.039885 -0.051290  0.109307  -3
  1  0  0.938300  0.143454 -0.153147  0.389475  -2
  1  0  0.938300  0.346559 -0.422274  0.505797  -2
  1  0  0.938300 -0.160575  0.347790  0.299142  -2
  1  0  0.938300  0.273153 -0.404437  0.280529  -5
  1  0  0.938300  0.182648 -0.227707  0.370313 -11
  1  0  0.938300 -0.010824 -0.081513  0.624242  -2
  1  0  0.938300  0.057808 -0.064181  0.588890  -1
  1  0  0.938300 -0.134794  0.070084  0.249877  -6
  1  0  0.938300 -0.218781 -0.203747  0.748335  -3
  1  0  0.938300  0.113098  0.030466  0.516687  -7
  1  0  0.938300  0.593654 -0.024748  0.310282  -7
  1  0  0.938300 -0.263184  0.132536 -0.046150  -2
  1  0  0.938300 -0.353500  0.087536  0.433280  -2
  1  0  0.938300  0.221495  0.441532  0.385956  -2
  1  0  0.938300  0.027163  0.096539  0.662793  -1
  1  0  0.938300 -0.135464 -0.100731  0.097650  -7
  1  0  0.938300 -0.345351 -0.130305  0.147891  -7
  1  0  0.938300 -0.102945 -0.306399  0.534732  -4
  1  0  0.938300 -0.107370  0.079864  0.639450  -1
  1  0  0.938300 -0.185165  0.148379  0.798118  -1
  1  0  0.938300  0.073961  0.278195  0.342975  -5
  1  0  0.938300 -0.331316 -0.103144  0.241747  -7
  1  0  0.938300 -0.080857  0.269511  0.559134  -2
  1  0  0.938300  0.200787  0.231281  0.862274  -4
  1  0  0.938300  0.350586 -0.165480  0.621609  -4
  1  0  0.938300  0.308340 -0.211592  0.407327  -5
  1  0  0.938300  0.054198  0.201094  0.417677  -4
  1  0  0.938300 -0.010492  0.158059  0.482950  -1
  1  0  0.938300 -0.308019 -0.298494  0.405303  -2
  1  0  0.938300 -0.302795 -0.363446  0.612884  -2
  1  0  0.938300 -0.317387 -0.126670  0.176868  -2
  1  0  0.938300 -0.347177 -0.085673  0.446401  -2
  1  0  0.938300  0.041048 -0.159226  0.118864  -3
  1  0  0.938300 -0.077137  0.063710  0.096652  -7
  1  0  0.938300 -0.126119  0.018561  0.539429  -1
  1  0  0.938300 -0.046317  0.118951  0.404939  -1
  1  0  0.938300  0.071845  0.472467  0.332498  -5
  1  0  0.938300 -0.354389  0.067149  0.167834  -2
  1  0  0.938300 -0.002309  0.033332  0.458369 -10
  1  0  0.938300  0.026505  0.114146  0.751994  -1
  1  0  0.938300 -0.156821  0.165198  0.441036  -1
  1  0  0.938300 -0.052301  0.000420  0.850429  -1
  1  0  0.938300 -0.260556 -0.118952  0.303163  -4
  1  0  0.938300  0.034474 -0.106496  0.581786  -1
  1  0  0.938300  0.309030  0.151509  0.049612 -10
  1  0  0.938300 -0.244175  0.016256  0.054967  -3
  1  0  0.938300  0.085946  0.185611  0.302067  -3
  1  0  0.938300  0.040039 -0.102591  0.412500  -1
  1  0  0.938300 -0.088188 -0.128286  0.808939  -1
  1  0  0.938300  0.095495 -0.286025 -0.046134  -5
  1  0  0.938300 -0.054750  0.116125  0.402672  -7
  1  0  0.938300  0.051030 -0.030680  0.495977  -3
  1  0  0.938300 -0.320423 -0.045208  0.665818  -2
  1  0  0.938300 -0.349082 -0.038142  0.205048  -4
  1  0  0.938300 -0.089062  0.099741  0.706053  -2
  1  0  0.938300  0.047355  0.144098  0.514981  -5
  1  0  0.938300 -0.123505  0.043862  0.568349  -2
  1  0  0.938300  0.487797 -0.091098  0.775905  -3
  1  0  0.938300 -0.053996  0.105986  0.384725  -3
  1  0  0.938300 -0.192712 -0.279653  0.310343  -4
  1  0  0.938300 -0.037109  0.106532  0.640621  -1
  1  0  0.938300  0.116586 -0.037622  0.382502  -2
  1  0  0.938300 -0.597666 -0.124350  0.453647  -3
  1  0  0.938300  0.126124  0.132897  0.341504  -3
  1  0  0.938300 -0.086303  0.122791  0.370482  -3
  1  0  0.938300 -0.099411 -0.184855  0.366120  -8
  1  0  0.938300 -0.009832 -0.101397  0.346993  -3
  1  0  0.938300  0.016893  0.091453  0.548053  -5
  1  0  0.938300  0.224849 -0.282863  0.516966  -3
  1  0  0.938300  0.151086 -0.427637  0.616005  -6
  1  0  0.938300 -0.158450  0.007889  0.381258  -2
  1  0  0.938300 -0.030830  0.205675  0.484460  -3
  1  0  0.938300  0.014131  0.034368  0.821421  -2
  1  0  0.938300  0.046583 -0.130279  0.138825  -5
  1  0  0.938300  0.011428  0.030968  0.352441  -4
  1  0  0.938300  0.047906 -0.296851  0.544807  -2
  1  0  0.938300 -0.205828  0.004543  0.440849  -1
  1  0  0.938300 -0.206568  0.110454  0.086137  -4
  1  0  0.938300 -0.302953  0.036367  0.613204  -3
  1  0  0.938300 -0.027069  0.062334  0.458346  -4
  1  0  0.938300 -0.512323  0.304973  0.522997  -5
  1  0  0.938300  0.252317  0.328364  0.522346  -5
  1  0  0.938300  0.081119  0.162200  0.324714  -7
  1  0  0.938300 -0.049938 -0.021619  0.150904  -5
  1  0  0.938300 -0.150409  0.297471  0.214361  -2
  1  0  0.938300  0.202241  0.065120 -0.061468  -6
  1  0  0.938300  0.457735  0.056578  0.348136  -5
  1  0  0.938300 -0.023662  0.424197  0.443592  -4
  1  0  0.938300 -0.457061 -0.377166  0.677024  -7
  1  0  0.938300 -0.037835  0.039891  0.728557  -1
  1  0  0.938300  0.047578 -0.315600  0.574555  -3
  1  0  0.938300  0.644731 -0.021947  0.335134  -6
  1  0  0.938300 -0.114799  0.093044  0.836591  -1
  1  0  0.938300  0.105989  0.010705  0.720240  -1
  1  0  0.938300  0.420056 -0.081747  0.395861  -2
  1  0  0.938300 -0.002708 -0.439073  0.304572  -3