  1  1  0.938300  0.016475  0.117852  0.061355   1
  1  1  0.938300  0.019789  0.120857  0.036018   1
  1  1  0.938300 -0.171163 -0.276825  0.251035   4
  1  1  0.938300 -0.003210 -0.035473  0.240618   1
  1  1  0.938300  0.204244 -0.032211  0.386973   4
  1  1  0.938300 -0.093952  0.043316  0.107645   1
  1  1  0.938300 -0.003072 -0.108440  0.319538   4
  1  1  0.938300 -0.105032 -0.489997  0.519450   3
  1  1  0.938300 -0.328235 -0.115709  0.078809   7
  1  1  0.938300 -0.027382  0.142648  0.365165   2
  1  1  0.938300  0.071272 -0.863292  0.161562   4
  1  1  0.938300  0.194022  0.104872 -0.052688   6
  1  1  0.938300 -0.294675  0.040997  0.268212   2
  1  1  0.938300  0.026639  0.021441  0.253830   2
  1  1  0.938300  0.190808  0.089761  0.361932   3
  1  1  0.938300 -0.239985 -0.487497  0.804717   6
  1  1  0.938300 -0.183969 -0.162553  0.443038   7
  1  1  0.938300  0.269165 -0.173310  0.785156   3
  1  1  0.938300 -0.028827  0.052962  0.071851   1
  1  1  0.938300  0.046865 -0.153678  0.129328   1
  1  1  0.938300 -0.075130  0.016762 -0.083745   1
  1  1  0.938300 -0.050307  0.048494  0.470638   2
  1  1  0.938300 -0.354073  0.435704  0.662468   6
  1  1  0.938300 -0.196263 -0.427633  0.446524   3
  1  1  0.938300  0.071178 -0.444596  0.143004   3
  1  1  0.938300 -0.349892  0.125600  0.123047   2
  1  1  0.938300 -0.191116 -0.349884  0.493292   2
  1  1  0.938300 -0.070096  0.001954  0.084266   1
  1  1  0.938300 -0.109326  0.173090 -0.035890   1
  1  1  0.938300 -0.218809  0.179806  0.172981   4
  1  1  0.938300 -0.092471 -0.171847  0.145191   2
  1  1  0.938300 -0.325543 -0.220361  0.215799   2
  1  1  0.938300 -0.327000 -0.206712  0.610050   4
  1  1  0.938300  0.069605 -0.005988  0.000481   1
  1  1  0.938300 -0.221593 -0.053721  0.840648   3
  1  1  0.938300 -0.544091  0.009451  0.784498   5
  1  1  0.938300 -0.352626  0.057602  0.220692   3
  1  1  0.938300  0.150398 -0.044006  0.027476   1
  1  1  0.938300  0.323197  0.244011  0.086385   4
  1  1  0.938300  0.107223  0.144170  0.315759   2
  1  1  0.938300 -0.018250  0.105726  0.354739   1
  1  1  0.938300  0.183437 -0.032433  0.003692   1
  1  1  0.938300 -0.077652 -0.214052  0.386006   4
  1  1  0.938300  0.188167 -0.060558  0.457577   2
  1  1  0.938300  0.384388  0.149152 -0.152608   2
  1  1  0.938300 -0.092862 -0.058974  0.456435   6
  1  1  0.938300  0.085268  0.040419  0.536512   4
  1  1  0.938300  0.047063  0.306289  0.191257   2
  1  1  0.938300  0.199510  0.111141  0.700968   3
  1  1  0.938300  0.177112 -0.292429  0.512876   2
  1  1  0.938300 -0.045917 -0.227896  0.269816   3
  1  1  0.938300  0.152909  0.121919  0.268542   4
  1  1  0.938300  0.174913  0.171379 -0.069822   2
  1  1  0.938300 -0.289642  0.484963  0.000616   2
  1  1  0.938300 -0.036769  0.040231  0.347477   4
  1  1  0.938300 -0.283259 -0.131403  0.193434   2
  1  1  0.938300 -0.099469 -0.199917  0.520360   4
  1  1  0.938300 -0.355400  0.057689  0.693368   3
  1  1  0.938300  0.002427  0.316934  0.164131   4
  1  1  0.938300 -0.135614  0.175412  0.445508   4
  1  1  0.938300 -0.095200  0.073839  0.252859   1
  1  1  0.938300  0.286366 -0.028388 -0.053297   2
  1  1  0.938300  0.050969  0.311386  0.337337   4
  1  1  0.938300 -0.156485  0.203810  0.005442   3
  1  1  0.938300  0.059617  0.165925  0.085455   1
  1  1  0.938300 -0.033969 -0.029464  0.273540   1
  1  1  0.938300 -0.168594  0.435141  0.385464   3
  1  1  0.938300  0.070842 -0.093365  0.115358   3
  1  1  0.938300  0.074679  0.043268  0.396388   6
  1  1  0.938300 -0.044906  0.270666  0.424565   4
  1  1  0.938300  0.097249  0.179854  0.256459   1
  1  1  0.938300  0.170299  0.387252  0.754418   3
  1  1  0.938300 -0.297659  0.340422 -0.018597   2
  1  1  0.938300 -0.078704  0.125711  0.432415   5
  1  1  0.938300  0.174355 -0.343793  0.367166   2
  1  1  0.938300  0.013343 -0.146663  0.291145   3
  1  1  0.938300 -0.027168  0.182466  0.699510   5
  1  1  0.938300 -0.050946 -0.061108  0.213115   1
  1  1  0.938300  0.230147  0.329194  0.162442   2
  1  0  0.938300  0.260094 -0.008027  0.311817   2
  1  0  0.938300 -0.487483  0.313937  0.164614   3
  1  0  0.938300  0.127185 -0.243655  0.229582   2
  1  0  0.938300 -0.011255 -0.042060  0.315717   5
  1  0  0.938300 -0.028547  0.219880  0.263836   3
  1  0  0.938300  0.156923  0.028332  0.776150   3
  1  0  0.938300  0.013218 -0.222630  0.466293   4
  1  0  0.938300  0.023510 -0.144949  0.431205   3
  1  0  0.938300 -0.153002  0.041557  0.379102   2
  1  0  0.938300 -0.049278  0.212802  0.118418   2
  1  0  0.938300  0.148654  0.093360 -0.126894   2
  1  0  0.938300  0.099053 -0.060368  0.189090   2
  1  0  0.938300 -0.073288  0.005532  0.277666   2
  1  0  0.938300  0.048297  0.150680  0.510275   3
  1  0  0.938300  0.272241 -0.320604  0.306080   2
  1  0  0.938300 -0.055149  0.028396  0.750527   4
  1  0  0.938300  0.011335  0.013623 -0.040372   1
  1  0  0.938300 -0.059205 -0.123367  0.461548   3
  1  0  0.938300 -0.176096  0.023417 -0.017280   1
  1  0  0.938300  0.119284 -0.151158  0.269104   7
  1  0  0.938300  0.170496 -0.222036  0.769613   4
  1  0  0.938300  0.231675  0.102799  0.710489   3
  1  0  0.938300  0.034887  0.105414  0.230707   2
  1  0  0.938300  0.007803  0.123474  0.342372   6
  1  0  0.938300 -0.045589 -0.009521  0.823768   3
  1  0  0.938300  0.105058 -0.063730  0.114497   1
  1  0  0.938300 -0.029833  0.040405  0.059588   1
  1  0  0.938300 -0.134756  0.111439  0.316977   7
  1  0  0.938300  0.019547 -0.076377 -0.022654   1
  1  0  0.938300 -0.191941 -0.202205  0.697929   2
  1  0  0.938300  0.119759 -0.167842  0.048135   3
  1  0  0.938300  0.026924 -0.331085 -0.017078   2
  1  0  0.938300  0.466169  0.162606  0.087404   3
  1  0  0.938300 -0.076073  0.019552 -0.018908   2
  1  0  0.938300  0.130350  0.032647  0.375222   5
  1  0  0.938300 -0.204721  0.230776  0.071232   4
  1  0  0.938300  0.043988 -0.002471  0.251211   1
  1  0  0.938300  0.088366 -0.013786  0.349289   5
  1  0  0.938300 -0.009019 -0.242516  0.309014   3
  1  0  0.938300  0.050290  0.201168  0.349705   3
  1  0  0.938300 -0.038323 -0.044897  0.329597   4
  1  0  0.938300  0.113270 -0.091357  0.042997   1
  1  0  0.938300 -0.043544 -0.194817 -0.002228   1
  1  0  0.938300 -0.158991  0.273406  0.223885   3
  1  0  0.938300 -0.029568 -0.030017 -0.077355   1
  1  0  0.938300 -0.105166  0.358811  0.350885   2
  1  0  0.938300 -0.023718  0.044678  0.404187   2
  1  0  0.938300 -0.152730 -0.025225  0.475197   3
  1  0  0.938300  0.090111  0.007576  0.536653   3
  1  0  0.938300  0.224237 -0.246899  0.246381   5
  1  0  0.938300 -0.392055 -0.362467  0.150353   3
  1  0  0.938300  0.028436  0.000208  0.662273   3
  1  0  0.938300 -0.414805  0.215212  0.782299   4
  1  0  0.938300  0.059799  0.168603  0.472873   8
  1  0  0.938300  0.523212  0.332520  0.241368   4
  1  0  0.938300  0.059603  0.109041  0.003007   1
  1  0  0.938300  0.432086 -0.098276  0.390291   2
  1  0  0.938300  0.116215 -0.003080  0.184161   1
  1  0  0.938300  0.318038 -0.025151  0.149015   5
  1  0  0.938300 -0.033995 -0.063852  0.168397   2
  1  0  0.938300 -0.244929  0.036626  0.244209   5
  1  0  0.938300 -0.215366  0.023799  0.489093   5
  1  0  0.938300 -0.144453 -0.043697  0.384727   2
  1  0  0.938300 -0.407056  0.078942  0.390018   5
  1  0  0.938300  0.134873  0.134512  0.256223   4
  1  0  0.938300 -0.096973  0.074659  0.309928   4
  1  0  0.938300 -0.164640 -0.369913  0.459565   2
  1  0  0.938300  0.087416 -0.082784  0.013533   3
  1  0  0.938300 -0.041876  0.008480  0.529859   8
  1  0  0.938300  0.399825  0.148873  0.200774   5
  1  0  0.938300  0.148512 -0.125913  0.103538   3
  1  0  0.938300 -0.054138 -0.007472  0.124789   1
  1  0  0.938300 -0.152887 -0.053521  0.645548   3
  1  0  0.938300 -0.110872  0.050678  0.208493   3
  1  0  0.938300  0.155266 -0.107354  0.206886   5
  1  0  0.938300 -0.042750  0.046813  0.005993   2
  1  0  0.938300  0.056406 -0.301242  0.417143   3
  1  0  0.938300 -0.134541  0.295185  0.839657   4
  1  0  0.938300  0.065794 -0.156479  0.186518   1
  1  0  0.938300  0.161619 -0.177809  0.527457   2
  1  0  0.938300  0.114698  0.078323  0.344996   2
  1  0  0.938300 -0.106848 -0.211483  0.222015   3
  1  0  0.938300  0.416362 -0.267579  0.392285   2
  1  0  0.938300  0.162790  0.285996  0.593698   4
  1  0  0.938300  0.047722  0.175768  0.261496   4
  1  0  0.938300  0.248671 -0.203485  0.195837   7
  1  0  0.938300  0.028085  0.025969  0.080248   1
  1  0  0.938300  0.236667  0.093751  0.128165   2
  1  0  0.938300  0.365553  0.156761  0.309195   3
  1  0  0.938300  0.027776 -0.155702  0.180054   1
  1  0  0.938300 -0.301990 -0.392054  0.230063   2
  1  0  0.938300 -0.185838 -0.088226  0.009502   1
  1  0  0.938300  0.230719  0.141505  0.579384   7
  1  0  0.938300  0.041987 -0.155102  0.124395   7
  1  0  0.938300  0.004853 -0.408270  0.458534   2
  1  0  0.938300  0.119685 -0.198719  0.271289   2
  1  0  0.938300 -0.356272 -0.349521  0.180095   2
  1  0  0.938300 -0.106987  0.291169  0.121913   3
  1  0  0.938300  0.119023 -0.021833  0.008456   1
  1  0  0.938300  0.058199 -0.086839 -0.133684   1
  1  0  0.938300  0.091323 -0.112523  0.287021   3
  1  0  0.938300 -0.273311  0.021711  0.424929   4
  1  0  0.938300  0.000201 -0.110848  0.012144   3
  1  0  0.938300  0.334573  0.118799  0.493680   3
  1  0  0.938300  0.468466 -0.139597  0.395142   5
  1  0  0.938300  0.198937 -0.041956  0.079428   3
  1  0  0.938300 -0.298837  0.090519  0.406825   3
  1  0  0.938300 -0.279011 -0.122707  0.244445   2
  1  0  0.938300 -0.128518  0.010336  0.037974   2
  1  0  0.938300 -0.229334  0.128645  0.096251   2
  1  0  0.938300  0.235002 -0.025335  0.533115   2
  1  0  0.938300  0.103112 -0.072887  0.157743   3
  1  0  0.938300  0.062217  0.057541  0.363144   3
  1  0  0.938300  0.162896  0.354088  0.093526   2
  1  0  0.938300 -0.016891  0.077008  0.382071   4
  1  0  0.938300 -0.100949  0.047276  0.049760   5
  1  0  0.938300 -0.147542  0.019815  0.060434   3
  1  0  0.938300  0.341860 -0.180167  0.134500   5
  1  1  0.938300  0.087507 -0.225600  0.228544  -2
  1  1  0.938300 -0.043706 -0.037534  0.141040  -6
  1  1  0.938300  0.001435  0.580059  0.649511  -4
  1  1  0.938300  0.084999 -0.031355  0.883765  -1
  1  1  0.938300  0.019823  0.104263  0.228839  -3
  1  1  0.938300 -0.049076  0.278279  0.672022  -4
  1  1  0.938300 -0.179094 -0.224232  0.960927  -3
  1  1  0.938300  0.199822  0.073770 -0.058265  -3
  1  1  0.938300  0.532329  0.104202  0.218550  -4
  1  1  0.938300 -0.487000  0.168069  0.146834  -3
  1  1  0.938300 -0.191123  0.143485  0.761589  -5
  1  1  0.938300 -0.034834  0.176314  0.649802  -1
  1  1  0.938300  0.048134 -0.051289  0.602897  -6
  1  1  0.938300  0.201774 -0.502666  0.412480  -2
  1  1  0.938300  0.082269 -0.050153  0.233672  -4
  1  1  0.938300 -0.137037 -0.028276  0.934340  -1
  1  1  0.938300  0.116586  0.171380  0.495563  -2
  1  1  0.938300  0.248978  0.341858  0.040903  -3
  1  1  0.938300  0.025687  0.267195 -0.085131  -3
  1  1  0.938300 -0.243137  0.156149  0.306510  -5
  1  1  0.938300  0.186210  0.329519  0.356160  -3
  1  1  0.938300  0.115998 -0.322832  0.031557  -2
  1  1  0.938300 -0.243903 -0.164917  0.638381  -5
  1  1  0.938300  0.124668  0.278703  0.619788  -7
  1  1  0.938300  0.193281 -0.247255  0.341310  -8
  1  1  0.938300 -0.057106  0.091244  0.311360  -4
  1  1  0.938300 -0.009446  0.072207  0.351072  -2
  1  1  0.938300  0.095719  0.380350  0.273759  -3
  1  1  0.938300  0.118783 -0.383082  0.783579  -2
  1  1  0.938300  0.073209  0.414776  0.448735  -4
  1  1  0.938300  0.266163 -0.232971  0.147955  -3
  1  1  0.938300  0.003462 -0.453813  0.501931  -3
  1  1  0.938300 -0.021327 -0.044227  0.473730  -3
  1  1  0.938300 -0.271849  0.108818  0.555583  -5
  1  1  0.938300 -0.181246  0.280419  0.574551  -2
  1  1  0.938300  0.163008 -0.088491  0.477263  -2
  1  1  0.938300  0.038097 -0.467157  0.344280  -2
  1  1  0.938300  0.013110 -0.248401  0.622289  -3
  1  1  0.938300  0.151262  0.110255  0.636682  -4
  1  1  0.938300 -0.166475 -0.410655  0.231549  -4
  1  1  0.938300  0.248546 -0.251068  0.269295  -4
  1  1  0.938300  0.064423 -0.227254  0.239155  -2
  1  1  0.938300  0.006455 -0.291508  0.123851  -2
  1  1  0.938300  0.233308 -0.212303  0.216468  -7
  1  1  0.938300  0.097160  0.222730  0.535451  -6
  1  1  0.938300  0.177111  0.002676  0.323273  -4
  1  1  0.938300 -0.094754  0.274443  0.373928  -2
  1  1  0.938300  0.013310  0.096425  0.407485  -3
  1  1  0.938300 -0.049601  0.096107  0.599226  -1
  1  1  0.938300 -0.109863 -0.007853  0.527192  -6
  1  1  0.938300 -0.120037 -0.252842  0.577294  -2
  1  1  0.938300  0.010299 -0.053396  0.440217  -2
  1  1  0.938300 -0.002477 -0.254039  0.448212  -2
  1  1  0.938300 -0.362509 -0.059218  0.515740  -6
  1  1  0.938300 -0.317608 -0.000806  0.386285  -4
  1  1  0.938300 -0.011661  0.174213  0.025389  -4
  1  1  0.938300 -0.136235 -0.000906  0.570694  -2
  1  1  0.938300 -0.067609  0.006435  0.500803  -4
  1  1  0.938300  0.479419  0.078394  0.131126  -3
  1  1  0.938300 -0.034248 -0.031556  0.745605  -1
  1  1  0.938300  0.058533  0.111325 -0.097377  -6
  1  1  0.938300  0.123497  0.186891  0.714185  -1
  1  1  0.938300 -0.352244  0.212142  0.353311  -3
  1  1  0.938300 -0.057853 -0.118920  0.418281  -3
  1  1  0.938300 -0.011837 -0.035450  0.647534  -1
  1  1  0.938300  0.463842 -0.319484  0.011104  -5
  1  1  0.938300 -0.236432  0.194013  0.672707  -2
  1  1  0.938300 -0.031914 -0.085420  0.193559  -5
  1  1  0.938300 -0.077991  0.005363  0.650538  -2
  1  1  0.938300  0.092927 -0.391944  0.263065  -3
  1  1  0.938300 -0.032524  0.127734  0.274329  -4
  1  1  0.938300  0.083691 -0.293441  0.280441  -4
  1  1  0.938300  0.161026  0.140139  0.645229  -1
  1  1  0.938300  0.023099  0.004907  0.359116  -3
  1  1  0.938300  0.343001  0.411316  0.084179  -5
  1  1  0.938300  0.025795 -0.057101 -0.015134  -5
  1  1  0.938300  0.008374  0.059348  0.579368  -5
  1  1  0.938300  0.065441  0.119878  0.454248  -4
  1  1  0.938300  0.134540 -0.018337  0.693784  -4
  1  0  0.938300 -0.007969  0.191519  0.363450  -2
  1  0  0.938300 -0.430520 -0.225657  0.135264  -5
  1  0  0.938300  0.000048  0.003242  0.559878  -1
  1  0  0.938300  0.076517  0.145481  0.864430  -1
  1  0  0.938300  0.436654 -0.130962  0.862344  -2
  1  0  0.938300 -0.400643 -0.051259  0.353456  -3
  1  0  0.938300 -0.036497  0.190139  0.755975  -1
  1  0  0.938300  0.143905 -0.001819  0.769204  -1
  1  0  0.938300  0.106103 -0.008885  0.415875  -5
  1  0  0.938300 -0.054606  0.146459  0.199692  -3
  1  0  0.938300 -0.019662 -0.158863  0.254544 -10
  1  0  0.938300  0.302990  0.294760  0.445426  -6
  1  0  0.938300 -0.127389  0.240767  0.564705  -4
  1  0  0.938300  0.180676  0.083911  0.619836  -1
  1  0  0.938300  0.160980 -0.075813  0.812529  -2
  1  0  0.938300  0.093636 -0.143233  0.156603  -5
  1  0  0.938300  0.155461  0.124406  0.621660  -9
  1  0  0.938300  0.170347 -0.177286  0.286627  -3
  1  0  0.938300 -0.083646  0.036575  0.818699  -1
  1  0  0.938300 -0.152339 -0.068726  0.310279  -3
  1  0  0.938300 -0.233775  0.196677  0.536523  -2
  1  0  0.938300  0.336813  0.015531  0.566370  -2
  1  0  0.938300  0.092432  0.169262  0.320411  -3
  1  0  0.938300  0.208470 -0.089073  0.194734  -9
  1  0  0.938300 -0.299529 -0.268607  0.163996  -3
  1  0  0.938300  0.004603 -0.233142  0.042675  -5
  1  0  0.938300  0.160940 -0.148021  0.564478  -2
  1  0  0.938300 -0.068622 -0.172945  0.370249  -5
  1  0  0.938300  0.215909  0.309600  0.611602  -2
  1  0  0.938300 -0.001428 -0.051502  0.322741  -1
  1  0  0.938300 -0.045114 -0.069919  0.525917  -1
  1  0  0.938300 -0.109346  0.237211  0.500963  -2
  1  0  0.938300 -0.073988 -0.354641  0.271619  -5
  1  0  0.938300  0.090363  0.047776  0.524604  -2
  1  0  0.938300 -0.311817 -0.034285  0.476089  -3
  1  0  0.938300 -0.046943 -0.035443  0.474290  -8
  1  0  0.938300 -0.147291 -0.159573 -0.049845  -3
  1  0  0.938300 -0.016754  0.018528  0.840004  -1
  1  0  0.938300  0.006611  0.157877  0.647881  -1
  1  0  0.938300 -0.088816 -0.064673  0.849491  -1
  1  0  0.938300 -0.258759 -0.036656  1.052715  -3
  1  0  0.938300  0.027231 -0.044624  0.686148  -3
  1  0  0.938300 -0.130515 -0.169786  0.429585  -3
  1  0  0.938300 -0.130506 -0.147373  0.722303  -2
  1  0  0.938300  0.072176 -0.260181  0.562170  -2
  1  0  0.938300 -0.140527  0.323302  0.465659  -3
  1  0  0.938300  0.072309  0.127510  0.537067  -2
  1  0  0.938300 -0.219208 -0.189592  0.560444  -4
  1  0  0.938300 -0.532995  0.296447  0.751092  -2
  1  0  0.938300 -0.083281 -0.029446  0.505274  -5
  1  0  0.938300 -0.519074 -0.178836  0.487079  -2
  1  0  0.938300 -0.115522  0.196978  0.256677  -4
  1  0  0.938300  0.057892  0.108109  0.520137  -1
  1  0  0.938300 -0.215033  0.009823  0.711279  -1
  1  0  0.938300 -0.089188  0.134714 -0.086827  -3
  1  0  0.938300  0.105073  0.030858  0.385005  -4
  1  0  0.938300 -0.207537  0.227982  0.607281  -3
  1  0  0.938300  0.100936 -0.051061  0.239769  -4
  1  0  0.938300  0.267581  0.346450  0.294551  -3
  1  0  0.938300  0.166915  0.357056  0.395786  -3
  1  0  0.938300  0.066380  0.098606  0.579012  -1
  1  0  0.938300  0.022702 -0.113944 -0.061062  -4
  1  0  0.938300  0.067296 -0.168505  0.661500  -1
  1  0  0.938300 -0.271099 -0.206273  0.494170  -5
  1  0  0.938300 -0.105834 -0.071854  0.682472  -1
  1  0  0.938300  0.127039  0.155220  0.483912  -2
  1  0  0.938300 -0.017747 -0.116442  0.481694  -1
  1  0  0.938300  0.087059  0.099972  0.520773  -4
  1  0  0.938300  0.066499  0.128780  0.408811  -4
  1  0  0.938300  0.142815 -0.143322  0.331261  -6
  1  0  0.938300 -0.297953  0.112210  0.338941  -2
  1  0  0.938300 -0.467584  0.171451  0.056183  -5
  1  0  0.938300  0.161668  0.087940  0.563085  -1
  1  0  0.938300 -0.058510  0.129406  0.549715  -3
  1  0  0.938300  0.119495 -0.159471  1.069114  -4
  1  0  0.938300 -0.008632 -0.005038  0.725432  -1
  1  0  0.938300 -0.003471  0.349066  0.508524  -2
  1  0  0.938300  0.466115  0.154285  0.394022  -2
  1  0  0.938300 -0.098841  0.250704  0.108443  -3
  1  0  0.938300  0.100062  0.575831  0.354885  -4
  1  0  0.938300 -0.048263  0.235933  0.590060  -3
  1  0  0.938300  0.034063  0.113952  0.463648  -5
  1  0  0.938300 -0.084691  0.188995  0.428532  -3
  1  0  0.938300  0.092450  0.203702  0.552195  -5
  1  0  0.938300 -0.052585  0.088695  0.493100  -2
  1  0  0.938300  0.455716 -0.011046  0.279447  -7
  1  0  0.938300 -0.016051  0.273752  0.172058  -3
  1  0  0.938300 -0.020042  0.212982  0.450973  -3
  1  0  0.938300  0.056247  0.296436 -0.003765  -4
  1  0  0.938300 -0.264104 -0.224577  1.065990  -5
  1  0  0.938300  0.084565 -0.168628  0.250419  -7
  1  0  0.938300  0.111172  0.279017  0.477123  -2
  1  0  0.938300 -0.079630  0.093554  0.739956  -1
  1  0  0.938300 -0.095867 -0.039575  0.041449  -3
  1  0  0.938300 -0.096289  0.022280  0.372743  -5
  1  0  0.938300  0.036560 -0.185578  0.496319  -2
  1  0  0.938300 -0.165842 -0.068078  0.523352  -2
  1  0  0.938300 -0.122308  0.017542  0.425950  -3
  1  0  0.938300 -0.268114 -0.127350  0.435699  -5
  1  0  0.938300 -0.120890 -0.210644  0.806312  -2
  1  0  0.938300 -0.004736  0.192706  0.435338  -5
  1  0  0.938300  0.249375  0.066905  0.272224  -5
  1  0  0.938300  0.176995 -0.177657  0.793666  -1
  1  0  0.938300 -0.419355  0.261332  0.262060  -5
  1  0  0.938300  0.309688  0.074436  0.791547  -6
  1  0  0.938300 -0.278322 -0.620526  0.576750  -2
  1  0  0.938300 -0.143145 -0.173285  0.177084  -5
  1  0  0.938300  0.002726 -0.208843  0.289420  -3
  1  0  0.938300  0.153651 -0.076072  0.615487  -5
  1  0  0.938300 -0.198083 -0.186648  0.361998  -2
  1  0  0.938300 -0.150326 -0.128419  0.505541  -4
  1  0  0.938300 -0.014769  0.227916  0.716961  -1
  1  0  0.938300  0.163674  0.078381  0.710343  -4
  1  0  0.938300 -0.086387 -0.046730  0.773737  -1
  1  0  0.938300 -0.125482  0.058287  0.621520  -2
  1  0  0.938300  0.010386  0.453515  0.430624  -5
  1  0  0.938300 -0.044080  0.107443  0.519208  -2
  1  0  0.938300 -0.152969 -0.037137  0.293456  -8