  1  1  0.938300 -0.073953 -0.067641 -0.051424   1
  1  1  0.938300  0.254705  0.353128  0.497048   2
  1  1  0.938300 -0.555546 -0.057939  0.285290   7
  1  1  0.938300  0.009631  0.320417  0.363475   8
  1  1  0.938300 -0.555260 -0.377569  0.294418   4
  1  1  0.938300 -0.139042 -0.249238  0.020684   2
  1  1  0.938300  0.134890  0.275609  0.796396   4
  1  1  0.938300  0.306739  0.207660  0.106596   5
  1  1  0.938300  0.056165 -0.588828  0.315750   3
  1  1  0.938300  0.155262 -0.435407 -0.037671   3
  1  1  0.938300  0.026095 -0.131287  0.306276   2
  1  1  0.938300 -0.211984  0.166950  0.289040   3
  1  1  0.938300  0.122212 -0.139768  0.078851   1
  1  1  0.938300 -0.539804  0.387387  0.491183   6
  1  1  0.938300  0.154242 -0.020109  0.615993   2
  1  1  0.938300 -0.009812 -0.142231 -0.019517   1
  1  1  0.938300  0.267675  0.408056  0.058653   3
  1  1  0.938300  0.247593 -0.168526  0.196453   4
  1  1  0.938300 -0.010325  0.079095  0.493381   2
  1  1  0.938300 -0.063977 -0.067748  0.185547   3
  1  1  0.938300 -0.033082  0.178852  0.074141   2
  1  1  0.938300  0.381873  0.054020  0.345831   2
  1  1  0.938300  0.101009  0.097902  0.016910   1
  1  1  0.938300 -0.104447 -0.200300  0.616803   4
  1  1  0.938300  0.074425 -0.108974  0.525626   3
  1  1  0.938300  0.120226  0.148187  0.319345   5
  1  1  0.938300 -0.138049  0.100453  0.374841   2
  1  1  0.938300  0.059979  0.148944  0.069575   4
  1  1  0.938300 -0.065174 -0.181562  0.276881   5
  1  1  0.938300  0.094772  0.297802  0.475632   3
  1  1  0.938300  0.574685 -0.193837  0.194661   3
  1  1  0.938300 -0.286516  0.156700  0.486230   6
  1  1  0.938300 -0.147169  0.034422  0.149614   1
  1  1  0.938300 -0.337069  0.156446  0.487775   5
  1  1  0.938300  0.040999  0.091939  0.346516   5
  1  1  0.938300  0.170327 -0.050092 -0.067338   1
  1  1  0.938300  0.298717  0.174055  0.530903   5
  1  1  0.938300 -0.145715 -0.124420  0.167715   4
  1  1  0.938300  0.187709  0.111680  0.786766   4
  1  1  0.938300  0.353601  0.049566  0.479632   4
  1  1  0.938300 -0.048093  0.011212  0.436747   2
  1  1  0.938300  0.089361  0.437463  0.168072   2
  1  1  0.938300 -0.078591  0.201952  0.327201   3
  1  1  0.938300 -0.177764  0.125399  0.120349   2
  1  1  0.938300  0.119776 -0.355701  0.542806   3
  1  1  0.938300 -0.051267 -0.075171  0.147641   1
  1  1  0.938300 -0.373513 -0.218784  0.214958   3
  1  1  0.938300  0.121398  0.027802  0.094255   3
  1  1  0.938300 -0.283266 -0.071258  0.326245   2
  1  1  0.938300 -0.522435  0.351069  0.506017   3
  1  1  0.938300  0.266201 -0.073452  0.207773   2
  1  1  0.938300  0.076506  0.385742  0.167557   8
  1  1  0.938300  0.037913 -0.170127  0.197103   7
  1  1  0.938300 -0.183461  0.055051  0.245623   2
  1  1  0.938300 -0.057072  0.213633  0.591680   3
  1  1  0.938300 -0.048502  0.077316 -0.008511   1
  1  1  0.938300  0.001217  0.079452  0.055288   2
  1  1  0.938300 -0.393598  0.106492  0.453409   3
  1  1  0.938300  0.032061  0.145576  0.323717   5
  1  1  0.938300 -0.273440  0.110551  0.299604   4
  1  1  0.938300 -0.190770 -0.175079  0.339780   5
  1  1  0.938300 -0.253245  0.057006  0.084682   2
  1  1  0.938300  0.258074 -0.217779  0.351512   4
  1  1  0.938300 -0.018711  0.011158 -0.082917   1
  1  1  0.938300  0.129805 -0.081255  0.357708   4
  1  1  0.938300 -0.105582 -0.342298  0.303085   3
  1  1  0.938300  0.043277 -0.094539 -0.042814  10
  1  1  0.938300  0.044314  0.350081  0.341201   7
  1  1  0.938300 -0.104196 -0.052674  0.025222   1
  1  1  0.938300  0.040689 -0.042686  0.316943   8
  1  1  0.938300  0.140303  0.134947  0.090116   3
  1  1  0.938300 -0.071358  0.151979  0.267976   3
  1  1  0.938300  0.190784 -0.031893  0.446484   6
  1  1  0.938300  0.326305 -0.090590  0.872774  10
  1  1  0.938300 -0.180345  0.101812  0.167485   7
  1  1  0.938300  0.294071 -0.224921  0.342427   3
  1  1  0.938300 -0.089095  0.002747  0.088614   1
  1  1  0.938300 -0.169916 -0.161123  0.654435   3
  1  0  0.938300 -0.076337  0.173488  0.198653   6
  1  0  0.938300 -0.028423 -0.016161  0.177850   2
  1  0  0.938300 -0.153215  0.525808  0.416603   5
  1  0  0.938300 -0.180377 -0.070444  0.332554   2
  1  0  0.938300 -0.261063 -0.247774  0.088351   6
  1  0  0.938300  0.247508  0.144483  0.323881   5
  1  0  0.938300  0.163135  0.213483  0.314299   6
  1  0  0.938300 -0.126237  0.123429  0.306788   6
  1  0  0.938300  0.031224 -0.440719  0.147758   6
  1  0  0.938300  0.338469 -0.118550  0.311916   3
  1  0  0.938300  0.020218 -0.016227 -0.043212   6
  1  0  0.938300 -0.216332  0.103999  0.314253   5
  1  0  0.938300 -0.033190 -0.494676  0.412471   3
  1  0  0.938300 -0.209893 -0.186786  0.179526   2
  1  0  0.938300  0.289503 -0.208826  0.235835   8
  1  0  0.938300  0.058423 -0.259730  0.319779   3
  1  0  0.938300 -0.039237  0.031096  0.018874   1
  1  0  0.938300  0.256629  0.162295  0.662941   8
  1  0  0.938300 -0.121412 -0.209514  0.344543   3
  1  0  0.938300  0.313938 -0.153208  0.147150   2
  1  0  0.938300  0.111781  0.334339  0.149710   6
  1  0  0.938300 -0.242065  0.417989  0.488922   2
  1  0  0.938300  0.100872 -0.224344  0.279632   2
  1  0  0.938300 -0.203542 -0.065165  0.250482   2
  1  0  0.938300  0.022671 -0.321153  0.146707   4
  1  0  0.938300  0.063294 -0.003107  0.823328   4
  1  0  0.938300 -0.128000 -0.052519  0.395599   8
  1  0  0.938300  0.113330  0.348632  0.276656   5
  1  0  0.938300  0.104493  0.008348  0.470182   2
  1  0  0.938300 -0.140224 -0.065612  0.290083   7
  1  0  0.938300  0.095504 -0.714415  0.496542   2
  1  0  0.938300 -0.190609 -0.067604  0.093976   8
  1  0  0.938300  0.070343 -0.217240  0.279396   3
  1  0  0.938300  0.163297 -0.171100  0.046362   3
  1  0  0.938300 -0.050775  0.604666  0.156577   3
  1  0  0.938300  0.059170 -0.178976  0.325460   3
  1  0  0.938300 -0.132568  0.077987  0.691794   2
  1  0  0.938300 -0.040752  0.123329  0.383542   6
  1  0  0.938300 -0.272580 -0.159115  0.681680   2
  1  0  0.938300 -0.098850  0.247765  0.314898   5
  1  0  0.938300 -0.360608  0.187687  0.324558   4
  1  0  0.938300 -0.259424  0.118109  0.176215   5
  1  0  0.938300  0.364493  0.066238  0.184214   2
  1  0  0.938300  0.081200 -0.375927  0.507462   4
  1  0  0.938300  0.340789  0.070426  0.263117   4
  1  0  0.938300  0.043321  0.121496  0.353538   3
  1  0  0.938300 -0.052870 -0.037827  0.123627   1
  1  0  0.938300 -0.044683  0.069097  0.013725   1
  1  0  0.938300 -0.029544  0.113403  0.246487   9
  1  0  0.938300 -0.154114  0.087847  0.164486   1
  1  0  0.938300 -0.058074  0.116695  0.129724   2
  1  0  0.938300 -0.140536  0.083488  0.488678   6
  1  0  0.938300 -0.338269  0.252846  0.246357   3
  1  0  0.938300 -0.144313 -0.277869  0.180566   3
  1  0  0.938300  0.172158 -0.352895  0.581896   7
  1  0  0.938300 -0.191003  0.179598  0.027054   2
  1  0  0.938300  0.130332 -0.203883  0.341117   3
  1  0  0.938300  0.039166 -0.231093  0.640546   4
  1  0  0.938300  0.293114 -0.448961  0.604541   3
  1  0  0.938300  0.090352  0.116143  0.441704   8
  1  0  0.938300 -0.099446  0.153919  0.001422   1
  1  0  0.938300 -0.309748  0.487713  0.485211   4
  1  0  0.938300  0.298764  0.143592  0.505288   2
  1  0  0.938300  0.085265 -0.067297  0.501842   4
  1  0  0.938300  0.598239  0.254420  0.139993   2
  1  0  0.938300 -0.021617  0.050552  0.377505   3
  1  0  0.938300  0.230589  0.235268  0.564407   5
  1  0  0.938300 -0.219708 -0.006454  0.144541   5
  1  0  0.938300 -0.092319  0.067601  0.496344   2
  1  0  0.938300 -0.143925 -0.186057  0.235093   6
  1  0  0.938300  0.204532  0.021177 -0.074270   1
  1  0  0.938300  0.014007 -0.336178  0.566637   3
  1  0  0.938300 -0.067923  0.203339  0.414912   2
  1  0  0.938300  0.030966 -0.279557  0.346619   3
  1  0  0.938300  0.185620 -0.011092  0.535031   3
  1  0  0.938300  0.029346  0.050733  0.377784   3
  1  0  0.938300  0.135372  0.250785  0.177669   3
  1  0  0.938300  0.240714 -0.064419  0.539458   4
  1  0  0.938300  0.099795  0.093369  0.251056   2
  1  0  0.938300  0.250914  0.213699  0.296419   2
  1  0  0.938300 -0.157203 -0.141255  0.568256   4
  1  0  0.938300  0.006138 -0.018382  0.057660   1
  1  0  0.938300  0.016907 -0.154790  0.562696   3
  1  0  0.938300 -0.216715  0.125101 -0.108769   2
  1  0  0.938300  0.332648  0.335733  0.019526   2
  1  0  0.938300  0.202621 -0.408080  0.381677   6
  1  0  0.938300  0.173862  0.180406  0.464047   5
  1  0  0.938300  0.025831  0.274732  0.555952   4
  1  0  0.938300 -0.118609 -0.348891  0.721641   4
  1  0  0.938300 -0.282188 -0.298022  0.398511   3
  1  0  0.938300 -0.063392 -0.209780  0.345757   5
  1  0  0.938300 -0.024978 -0.196300  0.284294   3
  1  0  0.938300 -0.285856 -0.421649  0.203577   4
  1  0  0.938300 -0.010170  0.207815  0.280447   4
  1  0  0.938300 -0.441434  0.346146  0.388898   6
  1  0  0.938300 -0.127624 -0.067783  0.340830   4
  1  0  0.938300 -0.002290 -0.201628 -0.201980   2
  1  0  0.938300 -0.192049 -0.422458  0.387025   3
  1  0  0.938300  0.131474  0.128897  0.244251   3
  1  0  0.938300 -0.009287  0.161681  0.782323   3
  1  0  0.938300  0.303992  0.099038  0.182996   5
  1  0  0.938300 -0.217395  0.317814  0.664452   2
  1  0  0.938300  0.354951 -0.101996 -0.127023   3
  1  0  0.938300  0.301939 -0.049629  0.052984   2
  1  0  0.938300 -0.109989 -0.378522  0.420831   3
  1  0  0.938300 -0.082408 -0.050140  0.421650   4
  1  0  0.938300  0.306936 -0.027445  0.347574   2
  1  0  0.938300 -0.176904  0.041544  0.150348   1
  1  0  0.938300 -0.041022  0.012159  0.160369   2
  1  0  0.938300 -0.295383 -0.009791  0.504564  10
  1  0  0.938300  0.032639  0.342154  0.373640   7
  1  0  0.938300 -0.136605  0.199779  0.709019   4
  1  0  0.938300  0.145162 -0.156559  0.031026   2
  1  0  0.938300  0.119578  0.089560  0.207897   7
  1  0  0.938300  0.104729  0.009169  0.042647   3
  1  0  0.938300 -0.102152 -0.371288  0.367776   3
  1  0  0.938300  0.389881 -0.659566  0.738809   8
  1  0  0.938300  0.000260 -0.294830  0.213978   5
  1  0  0.938300 -0.154313  0.059179  0.402544   2
  1  1  0.938300 -0.083951  0.291861 -0.069037  -3
  1  1  0.938300 -0.102216  0.193780  0.375629  -6
  1  0  0.938300 -0.010774 -0.113208  0.273755  -6
  1  1  0.938300  0.105305 -0.072258  0.273915  -6
  1  1  0.938300 -0.028208  0.110445  0.567187  -1
  1  1  0.938300 -0.208219 -0.188500  0.261111  -2
  1  1  0.938300  0.036322  0.030419  0.160422  -7
  1  1  0.938300  0.102523  0.153757  0.529922  -4
  1  1  0.938300 -0.123109  0.025688  0.582117  -3
  1  1  0.938300  0.018245 -0.034535  0.631206  -2
  1  1  0.938300  0.243529  0.383377  0.231808  -3
  1  1  0.938300 -0.109718 -0.366672  0.177244  -5
  1  1  0.938300 -0.494471  0.246276  0.691707  -2
  1  1  0.938300 -0.243488  0.160774  0.543393  -2
  1  1  0.938300 -0.023955 -0.269669  0.666772  -5
  1  1  0.938300 -0.026026 -0.039552  0.802798  -1
  1  1  0.938300 -0.268493 -0.424316  0.380661  -2
  1  1  0.938300 -0.010883  0.128909  0.478967  -4
  1  1  0.938300  0.113477  0.167396  0.271193  -2
  1  1  0.938300  0.012497  0.306045  0.419788  -4
  1  1  0.938300  0.113453  0.271391  0.595832  -7
  1  1  0.938300 -0.195159 -0.090459  0.238115  -4
  1  1  0.938300  0.008856  0.030759 -0.109198 -10
  1  1  0.938300 -0.078599 -0.065237  0.538157  -3
  1  1  0.938300  0.331453 -0.026214  0.679311  -2
  1  1  0.938300  0.164576  0.103751  0.613169  -1
  1  1  0.938300  0.024747  0.045311  0.435086  -3
  1  1  0.938300 -0.005004  0.392233  0.270399  -4
  1  1  0.938300  0.115934 -0.011315  0.224980  -2
  1  1  0.938300  0.007131  0.188555  0.213751  -2
  1  1  0.938300 -0.117316 -0.152613  0.284932  -4
  1  1  0.938300  0.299497 -0.037865  0.514287  -3
  1  1  0.938300  0.154818  0.229305  0.251497  -5
  1  1  0.938300 -0.257968  0.361277  0.410060  -2
  1  1  0.938300  0.187677  0.092711  0.355846  -3
  1  1  0.938300 -0.175256 -0.150741  0.378770  -6
  1  1  0.938300  0.013704  0.274733  0.514405  -3
  1  1  0.938300  0.240849  0.023139  0.151397  -3
  1  1  0.938300  0.161654 -0.143186  0.364978  -6
  1  1  0.938300 -0.185856 -0.204440  0.889763  -2
  1  1  0.938300  0.130580  0.223390  0.437680  -3
  1  1  0.938300  0.354971 -0.000495  0.414465  -2
  1  1  0.938300 -0.059666  0.050437  0.434006  -3
  1  1  0.938300 -0.378991 -0.443397  0.435863  -4
  1  1  0.938300 -0.008359 -0.255212  0.409998  -3
  1  1  0.938300  0.190125  0.131233  0.193285  -2
  1  1  0.938300  0.215928 -0.094994  0.544034  -3
  1  1  0.938300  0.221140  0.076765  0.254244  -5
  1  1  0.938300  0.051797  0.323892  0.592354  -3
  1  1  0.938300  0.151572 -0.364652  0.038817  -4
  1  1  0.938300 -0.024761  0.202728  0.610366  -2
  1  1  0.938300 -0.048788 -0.051731 -0.003420  -4
  1  1  0.938300  0.020002  0.146748  0.257768  -4
  1  1  0.938300  0.009600 -0.192761  0.653769  -1
  1  1  0.938300  0.428447  0.278730  0.294456  -3
  1  1  0.938300 -0.083565  0.370333 -0.142973  -3
  1  1  0.938300 -0.053206 -0.182915  0.475460  -4
  1  1  0.938300 -0.151623  0.027878  0.699593  -1
  1  1  0.938300 -0.131657 -0.016974  0.075417  -5
  1  1  0.938300 -0.063935 -0.283204  0.401991  -2
  1  0  0.938300 -0.347813  0.063103  0.566689  -4
  1  1  0.938300 -0.195480  0.031941  0.371441  -6
  1  1  0.938300  0.093595 -0.192198  0.284019  -3
  1  1  0.938300  0.190163 -0.337066  0.109798  -2
  1  1  0.938300 -0.087259  0.085051  0.472823  -4
  1  1  0.938300  0.178233  0.035478  0.768601  -2
  1  1  0.938300  0.019387 -0.223324  0.025457  -6
  1  1  0.938300  0.184327  0.019025  0.561866  -6
  1  1  0.938300 -0.546037 -0.059974  0.436999  -2
  1  1  0.938300 -0.087782 -0.170784  0.373535  -4
  1  1  0.938300 -0.123915  0.000927  0.306698  -5
  1  1  0.938300 -0.124839 -0.011692  0.522929  -4
  1  1  0.938300  0.099119 -0.271369  0.615398  -6
  1  1  0.938300  0.076129  0.055100  0.340512  -2
  1  1  0.938300 -0.140235  0.019506  0.565737  -1
  1  1  0.938300  0.042869 -0.072098  0.734013  -2
  1  1  0.938300  0.079422 -0.023064  0.817893  -1
  1  1  0.938300 -0.066557 -0.258085  0.286345  -6
  1  1  0.938300  0.044479  0.228736  0.248294  -2
  1  0  0.938300  0.173470  0.321630  0.401373  -4
  1  1  0.938300 -0.322507 -0.047072  0.169033  -8
  1  0  0.938300  0.020193 -0.320509  0.530580  -3
  1  0  0.938300  0.157938  0.234701  0.671412  -2
  1  0  0.938300 -0.265318  0.092663  0.225110  -6
  1  0  0.938300  0.034438  0.581075  0.393127  -4
  1  0  0.938300  0.272177 -0.184044  0.129439  -2
  1  0  0.938300 -0.012003  0.380965  0.346101  -2
  1  0  0.938300  0.270500  0.074219  0.597096  -2
  1  0  0.938300  0.266427 -0.191153  0.350886  -3
  1  0  0.938300  0.093138  0.010307  0.642917  -2
  1  0  0.938300 -0.089574 -0.128506  0.336852  -5
  1  0  0.938300  0.093751  0.116796  0.523763  -2
  1  0  0.938300 -0.148268 -0.085665  0.180793  -3
  1  0  0.938300 -0.438782 -0.438132  0.515830  -3
  1  0  0.938300  0.421320 -0.257522  0.350641  -6
  1  0  0.938300 -0.354389  0.437323  0.407860  -5
  1  0  0.938300 -0.174507  0.145832  0.800847  -5
  1  0  0.938300  0.092809 -0.320082  0.412639  -4
  1  0  0.938300 -0.035571 -0.172283  0.658313  -6
  1  0  0.938300 -0.683200  0.154453  0.484035  -4
  1  0  0.938300 -0.357407 -0.115225  0.593129  -3
  1  0  0.938300 -0.129785  0.052658  0.192391  -6
  1  0  0.938300  0.188303 -0.122977  0.488630  -2
  1  0  0.938300  0.028687 -0.050330  0.809691  -1
  1  0  0.938300  0.187855  0.270591  0.160082  -2
  1  0  0.938300 -0.035719 -0.295140  0.498394  -4
  1  0  0.938300 -0.030901  0.207828  0.654720  -3
  1  0  0.938300 -0.077275 -0.135646  0.421085  -6
  1  0  0.938300  0.006553 -0.075635  0.469625  -2
  1  0  0.938300  0.127497  0.139934  0.781969  -1
  1  0  0.938300  0.068319  0.020292  0.574178  -2
  1  0  0.938300  0.140015  0.029469  0.344455  -4
  1  0  0.938300  0.117549 -0.341217  0.458443  -4
  1  0  0.938300  0.110818 -0.028489  0.028464  -5
  1  0  0.938300 -0.106060  0.288500  0.314824  -2
  1  0  0.938300 -0.161892  0.002660  0.577538  -1
  1  0  0.938300  0.334301 -0.077544  0.487961  -5
  1  0  0.938300 -0.064480 -0.090027  0.388685  -3
  1  0  0.938300  0.047449 -0.274104  0.825720  -8
  1  0  0.938300 -0.103938 -0.166684  0.031132  -4
  1  0  0.938300 -0.276550 -0.194000  0.456416  -2
  1  0  0.938300 -0.114378  0.270677  0.392653  -2
  1  0  0.938300  0.042770  0.150092  0.295444  -4
  1  0  0.938300  0.007643  0.085387  0.799034  -1
  1  0  0.938300  0.023229 -0.305646  0.143176  -5
  1  0  0.938300 -0.179297  0.278538  0.129231  -6
  1  0  0.938300 -0.053520 -0.132239  0.367569  -2
  1  0  0.938300  0.285722 -0.190722  0.329669 -10
  1  0  0.938300 -0.319174 -0.051668  0.390183  -3
  1  0  0.938300  0.056562  0.204596  0.455627  -2
  1  0  0.938300  0.038682 -0.050002  0.672262  -1
  1  0  0.938300  0.234369 -0.010085  0.453636  -2
  1  0  0.938300  0.071436  0.037445  0.193420  -4
  1  0  0.938300 -0.025235  0.079387  0.494781  -2
  1  0  0.938300 -0.000434  0.314481  0.311357  -2
  1  0  0.938300 -0.138035 -0.032948  0.574085  -1
  1  0  0.938300 -0.111790 -0.144469  0.534473  -3
  1  1  0.938300  0.277102 -0.174858  0.353530  -7
  1  0  0.938300 -0.104757  0.108430  0.461184  -5
  1  0  0.938300  0.117804  0.086737  0.367039  -5
  1  0  0.938300 -0.018445 -0.379729  0.526387  -2
  1  0  0.938300  0.064301  0.015331  0.453167  -2
  1  0  0.938300 -0.190620  0.007824  0.516047  -7
  1  0  0.938300 -0.011968 -0.272017  0.252760  -3
  1  0  0.938300  0.130456 -0.161831  0.382521  -5
  1  0  0.938300 -0.154251 -0.474751  0.294443  -3
  1  0  0.938300  0.057944 -0.091829  0.292419  -3
  1  0  0.938300 -0.390714 -0.304449  0.720041  -3
  1  0  0.938300 -0.432433 -0.426190  0.527975  -4
  1  0  0.938300  0.008909 -0.064291  0.222098  -7
  1  0  0.938300 -0.312671 -0.014431  0.608106  -7
  1  0  0.938300 -0.326153 -0.007812  0.222811  -2
  1  0  0.938300 -0.165564 -0.233840  0.870033  -5
  1  0  0.938300  0.045055  0.378992  0.026438  -3
  1  0  0.938300  0.083143 -0.073984  0.111489  -6
  1  0  0.938300 -0.228852  0.250111 -0.053929  -3
  1  0  0.938300  0.031111  0.000610  0.788511  -1
  1  0  0.938300  0.093591  0.002323  0.402775  -3
  1  0  0.938300  0.237591  0.192736  0.635062  -2
  1  0  0.938300 -0.318698 -0.221457  0.436212  -2
  1  0  0.938300 -0.217608 -0.331463  0.577288  -2
  1  0  0.938300 -0.383888  0.184311  0.379724  -3
  1  0  0.938300  0.112539 -0.343646  0.185900  -2
  1  0  0.938300 -0.095214  0.051264  0.404575  -4
  1  0  0.938300 -0.160832  0.063800  0.327088  -3
  1  0  0.938300  0.333975  0.438131  0.459020  -3
  1  0  0.938300  0.263665  0.285159  0.479392  -2
  1  0  0.938300  0.307225 -0.009078  0.507164  -5
  1  0  0.938300 -0.073962 -0.033395  1.038819  -4
  1  0  0.938300  0.410246 -0.247554  0.654715  -3
  1  0  0.938300  0.378385 -0.195377  0.593755  -2
  1  0  0.938300 -0.203970  0.175984  0.075663  -8
  1  0  0.938300 -0.223476  0.219948  0.985326  -2
  1  0  0.938300  0.123813  0.423713  0.275110  -3
  1  0  0.938300  0.072040  0.053659  0.362789  -3
  1  0  0.938300  0.011122 -0.044525  0.733181  -2
  1  0  0.938300 -0.103016 -0.073457  0.386274  -3
  1  0  0.938300 -0.183193  0.221578  0.248920  -3
  1  0  0.938300  0.620832  0.038022  0.688220  -3
  1  0  0.938300 -0.010212  0.129587 -0.033238  -5
  1  0  0.938300 -0.460450 -0.217029  0.331890  -4
  1  0  0.938300 -0.222516  0.206741  0.336887  -3
  1  0  0.938300 -0.099084 -0.118606  0.321549  -3
  1  0  0.938300 -0.049846  0.056536  0.361218  -3
  1  0  0.938300 -0.399530  0.206043  0.741611  -4
  1  0  0.938300 -0.084302  0.359606  0.412617  -3
  1  0  0.938300  0.042769  0.161445  0.590164  -3
  1  0  0.938300 -0.169011 -0.007162  0.177457  -2
  1  0  0.938300 -0.098334 -0.377165  0.538535  -5
  1  0  0.938300  0.129397  0.114200  0.380596  -2
  1  0  0.938300  0.307406 -0.084916  0.524590  -3
  1  0  0.938300 -0.278881  0.121714  0.487237  -3
  1  0  0.938300  0.032720  0.082280  0.771152  -1
  1  0  0.938300  0.227856  0.089702  0.200684  -6
  1  0  0.938300 -0.032766 -0.031833  0.731116  -1
  1  0  0.938300 -0.096055  0.181089  0.123416  -4
  1  0  0.938300 -0.063144 -0.190733  0.258065  -3