  1  1  0.938300  0.117939 -0.072720  0.093025   5
  1  1  0.938300 -0.094635 -0.057328  0.390793   2
  1  1  0.938300 -0.091717  0.311085 -0.143502   2
  1  1  0.938300 -0.163621 -0.204623  0.209987   5
  1  1  0.938300 -0.281762  0.082293  0.291593   3
  1  1  0.938300  0.241842  0.207562  0.526443   2
  1  1  0.938300  0.479414 -0.354402  0.343988   3
  1  1  0.938300  0.026534  0.272698  0.328942   4
  1  1  0.938300 -0.263772  0.059052  0.071691   2
  1  1  0.938300  0.135172 -0.183670  0.252196   3
  1  1  0.938300 -0.031300 -0.305296  0.047629   3
  1  1  0.938300  0.159491  0.352986  0.250741   3
  1  1  0.938300 -0.125109 -0.155206  0.147669   3
  1  1  0.938300 -0.137529 -0.220462  0.172307   3
  1  1  0.938300  0.085150  0.067713  0.298945   3
  1  1  0.938300  0.039501  0.131446  0.273708   1
  1  1  0.938300 -0.000541  0.202937  0.520133   9
  1  1  0.938300 -0.145122 -0.336449  0.402366   3
  1  1  0.938300 -0.106622  0.138887  0.362483   2
  1  1  0.938300 -0.164742 -0.490287  0.176845   1
  1  0  0.938300 -0.238654  0.089223  0.156056   6
  1  1  0.938300 -0.000192 -0.107478  0.105084   6
  1  1  0.938300 -0.079149 -0.416253  0.232416   3
  1  1  0.938300  0.387211 -0.114287  0.445486   4
  1  1  0.938300  0.057932  0.068396  0.355674   2
  1  1  0.938300 -0.056133  0.110955  0.587783   3
  1  1  0.938300  0.463817  0.284863  0.433261   6
  1  1  0.938300  0.137459  0.198211  0.293980   7
  1  1  0.938300  0.029476 -0.112848  0.470240  10
  1  1  0.938300  0.111150  0.300151  0.234370   6
  1  1  0.938300  0.471302 -0.123510  0.803470   3
  1  1  0.938300  0.344255  0.042488  0.401346   2
  1  1  0.938300  0.146988  0.043207  0.137425   2
  1  1  0.938300  0.129445 -0.028594 -0.087341   3
  1  1  0.938300  0.068122  0.017098  0.576804   2
  1  1  0.938300 -0.544435 -0.028045  0.556551   3
  1  1  0.938300  0.108307 -0.109581  0.082940   1
  1  1  0.938300  0.303958  0.026658  0.149302   2
  1  1  0.938300 -0.214803  0.019056  0.736450   4
  1  1  0.938300 -0.175451 -0.165987  0.062378   1
  1  1  0.938300  0.087777  0.059119  0.117949   2
  1  1  0.938300  0.327866  0.007121  0.366930   4
  1  1  0.938300 -0.042834 -0.000087  0.073917   2
  1  1  0.938300  0.006279  0.091908  0.346523   5
  1  1  0.938300  0.322346  0.282898  0.654567   4
  1  1  0.938300  0.001524  0.328522  0.486705   3
  1  1  0.938300 -0.282203  0.038418  0.111298   2
  1  1  0.938300 -0.068400  0.194751  0.206234   1
  1  1  0.938300  0.061762 -0.230128  0.312936   8
  1  1  0.938300  0.234814  0.078566 -0.167233   3
  1  1  0.938300  0.163205 -0.328333  0.421274   2
  1  1  0.938300  0.060884 -0.104123 -0.043108   1
  1  1  0.938300 -0.344682  0.256139  0.593560   3
  1  1  0.938300 -0.047173  0.176923 -0.006149   5
  1  1  0.938300 -0.053594 -0.055592  0.789755   3
  1  1  0.938300 -0.396881 -0.058678  0.606839   3
  1  0  0.938300 -0.252701  0.020277  0.422026   5
  1  1  0.938300 -0.069601  0.248566  0.138401   3
  1  1  0.938300  0.170171 -0.237884 -0.222427   4
  1  1  0.938300  0.021820  0.032701  0.035483   1
  1  1  0.938300  0.284241  0.060062  0.497677   3
  1  1  0.938300  0.066134  0.120735  0.464161   2
  1  1  0.938300 -0.131745 -0.059010  0.795464   4
  1  1  0.938300 -0.040889  0.244615  0.700973   4
  1  0  0.938300  0.520720  0.032859 -0.015139   8
  1  1  0.938300  0.132873  0.021714  0.987064   2
  1  0  0.938300 -0.174603  0.463276  0.638224   4
  1  1  0.938300 -0.050770 -0.062354 -0.025299   1
  1  1  0.938300  0.156591 -0.010944  0.316586   5
  1  1  0.938300 -0.182667 -0.120328  0.087880   1
  1  1  0.938300  0.128536  0.236792  0.373269   4
  1  1  0.938300 -0.213012 -0.201753 -0.052224   3
  1  1  0.938300  0.073546  0.072629  0.089725   1
  1  1  0.938300 -0.202644 -0.201640  0.163567   2
  1  1  0.938300 -0.034380  0.316128  0.145449   3
  1  1  0.938300 -0.114059 -0.076414  0.214393   1
  1  1  0.938300 -0.084478 -0.214422  0.154485   1
  1  1  0.938300 -0.069770  0.027548  0.510657   8
  1  1  0.938300  0.227347  0.399376  0.279135   7
  1  0  0.938300  0.309311  0.064134  0.893874   6
  1  0  0.938300  0.168484 -0.017144 -0.021423   2
  1  0  0.938300  0.165353  0.365123 -0.045541   2
  1  0  0.938300 -0.086657  0.009220  0.823088   7
  1  0  0.938300  0.218904  0.025221  0.402425   5
  1  0  0.938300 -0.241976 -0.088652  0.115767   3
  1  0  0.938300  0.052034  0.133523  0.059210   2
  1  0  0.938300  0.057060  0.013744  0.365268   5
  1  0  0.938300 -0.465271  0.232609  0.735857   3
  1  0  0.938300  0.404934  0.000471  0.313784   3
  1  0  0.938300 -0.132500 -0.077627  0.116776   4
  1  0  0.938300 -0.079225  0.070358  0.393275   2
  1  0  0.938300  0.083345  0.385844  0.305082   7
  1  0  0.938300 -0.163971  0.110741  0.849746   5
  1  0  0.938300  0.092002 -0.222758  0.309188   5
  1  0  0.938300  0.072203 -0.314123  0.111901   3
  1  0  0.938300 -0.106964  0.025368  0.043329   1
  1  0  0.938300  0.009753 -0.230170  0.247733   4
  1  0  0.938300 -0.240041 -0.179434  0.313299   4
  1  0  0.938300 -0.044263 -0.019489 -0.109409   1
  1  0  0.938300 -0.274521 -0.040381  0.137432   2
  1  0  0.938300 -0.175586  0.249446  0.299905   4
  1  0  0.938300  0.129782  0.221245 -0.204705   4
  1  0  0.938300 -0.076000  0.121842  0.062858   1
  1  0  0.938300  0.497495  0.031806  0.570650   5
  1  0  0.938300 -0.001249 -0.215859  0.695403   2
  1  0  0.938300 -0.090115 -0.007396  0.269627   5
  1  0  0.938300  0.028234  0.238127  0.727455   3
  1  0  0.938300 -0.078008 -0.029341  0.216018   2
  1  0  0.938300  0.272551  0.318002  0.307186   7
  1  0  0.938300 -0.415718  0.013737  0.108724   2
  1  0  0.938300 -0.048571 -0.184613  0.114125   4
  1  0  0.938300  0.250087 -0.341746  0.325741   6
  1  0  0.938300  0.111035 -0.032088  0.659331   6
  1  0  0.938300  0.152555 -0.033271  0.081782   1
  1  0  0.938300 -0.003238  0.146184  0.223874   5
  1  0  0.938300  0.008055 -0.159991  0.615124   6
  1  0  0.938300  0.194986  0.021596  0.195004   9
  1  0  0.938300 -0.108375 -0.095918  0.195473   5
  1  0  0.938300  0.136266 -0.302311  0.219721   3
  1  0  0.938300 -0.346597 -0.026524  0.290138   2
  1  0  0.938300 -0.159383 -0.136950  0.541982   7
  1  0  0.938300 -0.098876  0.103373  0.606808   3
  1  0  0.938300 -0.292372  0.156814  0.420823   3
  1  0  0.938300  0.018204  0.223325 -0.121470   5
  1  0  0.938300  0.028133  0.281366  0.492323   8
  1  0  0.938300  0.011232  0.358042  0.378508   4
  1  0  0.938300  0.167097 -0.715961  0.272937   3
  1  0  0.938300  0.333833 -0.024802  0.400001   5
  1  0  0.938300 -0.325507 -0.101968  0.465309   5
  1  0  0.938300  0.076848 -0.036477 -0.042062   1
  1  0  0.938300 -0.360263 -0.147912  0.088827   3
  1  0  0.938300  0.215932  0.110601  0.639702   3
  1  0  0.938300 -0.101271  0.024783  0.516512   3
  1  0  0.938300 -0.230415  0.330313 -0.074476   3
  1  0  0.938300  0.193038  0.522731  0.011282   2
  1  0  0.938300  0.002064 -0.169713  0.278521   6
  1  0  0.938300  0.139638 -0.295611  0.471570   3
  1  0  0.938300 -0.060318  0.141877  0.313029   4
  1  0  0.938300 -0.031733 -0.244436  0.808313   2
  1  0  0.938300  0.009129 -0.470866 -0.039002   2
  1  0  0.938300 -0.236379 -0.360215  0.757989   4
  1  0  0.938300 -0.021965  0.341265  0.557164   3
  1  0  0.938300 -0.026931 -0.053842  0.110415   1
  1  0  0.938300  0.269425 -0.083358  0.323899   3
  1  0  0.938300  0.539257 -0.038754  0.051247   7
  1  0  0.938300 -0.280309 -0.017624  0.410606   2
  1  0  0.938300  0.089045  0.054669  0.184242   1
  1  0  0.938300  0.151556 -0.026728  0.315698   5
  1  0  0.938300  0.054684 -0.066848  0.374597   2
  1  0  0.938300 -0.254531 -0.027392  0.425753   4
  1  0  0.938300 -0.060090  0.160753  0.284374   2
  1  0  0.938300  0.054715 -0.252640 -0.028768   4
  1  0  0.938300  0.390505  0.100093  0.764360   5
  1  0  0.938300 -0.141463  0.459184  0.527618   4
  1  0  0.938300  0.276690 -0.119696  0.228561   4
  1  0  0.938300 -0.037222  0.137033 -0.059623   1
  1  0  0.938300  0.163640 -0.102430  0.458633   5
  1  0  0.938300 -0.003424  0.028214 -0.162761   1
  1  0  0.938300 -0.077159  0.107185  0.010425   1
  1  0  0.938300 -0.282619  0.217636  0.487562   2
  1  1  0.938300 -0.288217  0.217716  0.451864   3
  1  0  0.938300  0.006279 -0.012811  0.361112   7
  1  0  0.938300  0.050490  0.066193  0.127269   6
  1  0  0.938300  0.040655  0.168864  0.424069   4
  1  0  0.938300 -0.029143 -0.450785  0.315310   4
  1  0  0.938300  0.162122 -0.072608  0.405245   4
  1  0  0.938300 -0.025073  0.304228  0.405250   2
  1  0  0.938300  0.073610 -0.016083  0.360515   6
  1  0  0.938300  0.002983  0.138887  0.125603   2
  1  0  0.938300 -0.114164 -0.155749  0.133932   1
  1  0  0.938300 -0.055418  0.286216 -0.059678   5
  1  0  0.938300 -0.068691 -0.007974  0.028864   1
  1  0  0.938300  0.396171 -0.009171  0.411344   4
  1  0  0.938300  0.000041 -0.112093  0.343723   7
  1  0  0.938300 -0.052070 -0.157449  0.184318   6
  1  0  0.938300  0.148804  0.162985  0.055005   2
  1  0  0.938300  0.000469  0.082694  0.349215   6
  1  0  0.938300 -0.396682  0.365979  0.401820   6
  1  0  0.938300  0.211843  0.020412  0.252850   6
  1  0  0.938300 -0.015439  0.137117  0.550409   3
  1  0  0.938300 -0.119235  0.071719  0.395067   2
  1  0  0.938300  0.047808 -0.073662  0.099380   1
  1  0  0.938300  0.151641  0.027424 -0.059268   1
  1  0  0.938300 -0.219056  0.094467  0.596645   3
  1  0  0.938300  0.631563 -0.066562  0.345092   4
  1  0  0.938300  0.085645  0.151762  0.291811   5
  1  0  0.938300 -0.210539  0.281884  0.254226   3
  1  0  0.938300 -0.278843 -0.051275  0.197201   3
  1  0  0.938300  0.530956  0.046774  0.277955   3
  1  0  0.938300  0.059641  0.055492  0.332652   1
  1  0  0.938300 -0.352392 -0.269916  0.079632   8
  1  0  0.938300  0.079183 -0.200756  0.449609   2
  1  0  0.938300 -0.149235  0.131521  0.451419   4
  1  0  0.938300 -0.029927  0.105317  0.134548   3
  1  0  0.938300  0.010471 -0.264219  0.430238   3
  1  0  0.938300  0.219338  0.292369  0.097167   2
  1  0  0.938300 -0.149530  0.055678  0.341809   2
  1  1  0.938300 -0.038915  0.143705  0.497196  -3
  1  1  0.938300  0.093678  0.276103  0.698942  -3
  1  1  0.938300  0.281374 -0.377424  0.421113  -3
  1  1  0.938300  0.095527  0.060994  0.427141  -3
  1  1  0.938300 -0.011322 -0.149460  0.309292  -2
  1  1  0.938300  0.359071 -0.069547  0.474389  -2
  1  1  0.938300 -0.153543 -0.053012  0.543645  -1
  1  1  0.938300 -0.233040 -0.154345  0.280599  -2
  1  1  0.938300 -0.115564 -0.474045  0.472471  -4
  1  1  0.938300 -0.059214  0.052428  0.340984  -5
  1  1  0.938300  0.088231  0.026793  0.610156  -3
  1  1  0.938300  0.213410 -0.029477  0.390588  -2
  1  1  0.938300 -0.328277  0.430578  0.345883  -5
  1  1  0.938300  0.178654  0.115036  0.556908  -7
  1  1  0.938300  0.105782  0.012459  0.093838  -4
  1  1  0.938300  0.025167 -0.003627  0.722351  -1
  1  1  0.938300 -0.039406  0.014373  0.431498  -6
  1  1  0.938300 -0.159125 -0.567138  0.142827  -3
  1  1  0.938300  0.120122 -0.121572  0.325728  -2
  1  1  0.938300  0.067530  0.270654  0.402080  -3
  1  1  0.938300  0.153957  0.312521  0.655415  -2
  1  1  0.938300  0.037275  0.085039  0.551347  -3
  1  0  0.938300 -0.044025 -0.172591  0.372372  -2
  1  1  0.938300  0.143574 -0.144912  0.774681  -3
  1  1  0.938300 -0.069968 -0.231366  0.229733  -7
  1  1  0.938300 -0.074388  0.227355  0.321217  -4
  1  1  0.938300  0.108768  0.046281  0.742057  -1
  1  1  0.938300  0.131656 -0.329072  0.089724  -5
  1  1  0.938300 -0.196343 -0.203475  0.338886  -7
  1  1  0.938300 -0.067988  0.041745  0.251654  -4
  1  1  0.938300  0.152694  0.038711  0.438597  -3
  1  1  0.938300  0.362693  0.112174  0.002640  -3
  1  1  0.938300 -0.197544 -0.056048 -0.083367  -3
  1  1  0.938300  0.089994  0.357165  0.217161  -2
  1  1  0.938300 -0.285950 -0.135339  0.056621  -2
  1  1  0.938300  0.120307 -0.289581  0.306900  -2
  1  1  0.938300 -0.162101 -0.253512  0.661656  -2
  1  1  0.938300  0.152715  0.227566  0.188332  -2
  1  1  0.938300 -0.065625 -0.067029  0.764745  -1
  1  1  0.938300 -0.293683  0.056667  0.535208  -4
  1  1  0.938300 -0.080455 -0.083468  0.367664  -2
  1  1  0.938300 -0.017105  0.375332  0.484798  -4
  1  1  0.938300 -0.059489 -0.043014  0.855169  -2
  1  1  0.938300 -0.247706 -0.314123  0.233871  -3
  1  1  0.938300 -0.215246 -0.122749  0.448205  -3
  1  1  0.938300 -0.196799  0.093262  0.650547  -1
  1  1  0.938300 -0.032922 -0.222002  0.272314  -3
  1  1  0.938300 -0.261812  0.013712  0.439827  -2
  1  1  0.938300 -0.231669  0.096326  0.533276  -6
  1  1  0.938300 -0.154166 -0.419045  0.424541  -4
  1  1  0.938300 -0.287078  0.045957  0.628398  -7
  1  1  0.938300  0.110481  0.033560  0.599944  -1
  1  1  0.938300  0.193392  0.173382  0.644144  -2
  1  1  0.938300  0.151623  0.264301  0.458278  -2
  1  1  0.938300  0.382266  0.119498  0.592888  -6
  1  1  0.938300 -0.201671 -0.099945  0.747135  -1
  1  1  0.938300  0.185142  0.025260  0.198981 -11
  1  1  0.938300 -0.245793 -0.018247  1.031014  -4
  1  1  0.938300  0.106550  0.279162  0.545142  -2
  1  1  0.938300 -0.196275 -0.338408  0.237482  -4
  1  1  0.938300 -0.168551 -0.061302  0.329716  -3
  1  1  0.938300  0.261228  0.004103  0.678580  -3
  1  1  0.938300 -0.437297 -0.258338  0.629357  -3
  1  1  0.938300 -0.157142  0.018489  0.537104  -8
  1  1  0.938300 -0.339103  0.190952  0.376873  -3
  1  1  0.938300  0.019539  0.243686 -0.061612  -3
  1  1  0.938300  0.074414 -0.074793  0.475173  -1
  1  1  0.938300 -0.015650  0.136762  0.523036  -5
  1  1  0.938300 -0.283975  0.032417  0.131433  -5
  1  1  0.938300  0.060114 -0.288248  0.402675  -5
  1  1  0.938300  0.288182 -0.084478  0.277755  -3
  1  1  0.938300  0.000699  0.146786  0.708508  -4
  1  1  0.938300 -0.055510 -0.375239  0.409536  -2
  1  1  0.938300 -0.150575  0.488903  0.430217  -5
  1  1  0.938300  0.115896  0.369794  0.142412  -3
  1  0  0.938300 -0.104684  0.122026  0.436165  -3
  1  1  0.938300  0.021955  0.120201  0.290478  -2
  1  1  0.938300  0.299403 -0.103296 -0.098773  -3
  1  1  0.938300  0.046868 -0.157982  0.439809  -5
  1  0  0.938300 -0.107348  0.114460  0.629326  -6
  1  0  0.938300 -0.395514  0.039116  0.374735  -3
  1  0  0.938300 -0.280332 -0.177355  0.500952  -2
  1  0  0.938300  0.135805  0.045223  0.313934  -7
  1  0  0.938300  0.051248 -0.353050  0.124603  -3
  1  0  0.938300  0.115300 -0.203961  0.702510  -2
  1  0  0.938300  0.032047  0.326857  0.199399  -5
  1  0  0.938300 -0.191817  0.470568  0.514506  -2
  1  0  0.938300 -0.174977 -0.129201  0.053311  -7
  1  0  0.938300  0.324638 -0.315330  0.193298  -7
  1  0  0.938300 -0.416926 -0.132834  0.746606  -8
  1  0  0.938300 -0.092038 -0.224880  0.477937  -6
  1  0  0.938300 -0.055443  0.072652  0.601398  -3
  1  0  0.938300 -0.308952  0.171692  0.490311  -5
  1  0  0.938300  0.042128  0.007511  0.392937  -1
  1  0  0.938300  0.264968 -0.105674  0.493610  -2
  1  0  0.938300 -0.162728  0.050258  0.410155  -1
  1  0  0.938300 -0.190472 -0.163614  0.405994  -4
  1  0  0.938300 -0.218831 -0.125602  0.718261  -2
  1  0  0.938300  0.301525 -0.305796  0.755771  -3
  1  1  0.938300  0.124941 -0.243285  0.763565  -3
  1  0  0.938300  0.038179  0.034195  0.686782  -1
  1  0  0.938300  0.171365  0.371718  0.417881  -8
  1  0  0.938300 -0.220581  0.062841  0.881699  -2
  1  0  0.938300  0.073822 -0.307797  0.084703  -3
  1  0  0.938300  0.041513 -0.221939  0.685150  -3
  1  0  0.938300 -0.149458  0.001878  0.520865  -3
  1  0  0.938300 -0.227272 -0.369349  0.865016  -2
  1  0  0.938300  0.262111  0.117487 -0.007568  -4
  1  0  0.938300 -0.057897 -0.027567  0.377181  -2
  1  0  0.938300  0.039973 -0.130186  0.884289  -2
  1  0  0.938300 -0.350752 -0.022147 -0.202305  -5
  1  0  0.938300 -0.252997 -0.137653  0.595488  -2
  1  0  0.938300  0.216260  0.027851  0.254986  -5
  1  0  0.938300  0.026195  0.082126 -0.164715  -7
  1  1  0.938300  0.031339  0.375355  0.199945  -2
  1  0  0.938300  0.138326  0.230982  0.250476  -5
  1  0  0.938300  0.318717 -0.382672  0.145658  -2
  1  0  0.938300  0.106474  0.040160 -0.121079  -7
  1  0  0.938300 -0.202875 -0.041713  0.428626  -8
  1  0  0.938300 -0.012294 -0.077187  0.309094  -3
  1  0  0.938300  0.018977 -0.078710  0.354889  -6
  1  0  0.938300 -0.069739  0.102261 -0.057070  -3
  1  0  0.938300 -0.030103  0.170010  0.279115  -3
  1  0  0.938300  0.145824  0.080220  0.393648  -3
  1  0  0.938300  0.070353 -0.017750  0.326238  -2
  1  0  0.938300 -0.074364 -0.214112  0.150485  -4
  1  0  0.938300 -0.003679 -0.183515  0.229957  -2
  1  0  0.938300  0.424945  0.233216  0.565884  -4
  1  0  0.938300  0.222543  0.096336  0.543906  -6
  1  0  0.938300  0.213319 -0.030902  0.687709  -5
  1  0  0.938300 -0.040692 -0.217705  0.696932  -1
  1  0  0.938300  0.127805 -0.357003  0.452092  -4
  1  0  0.938300  0.032891 -0.214809  0.477831  -5
  1  0  0.938300  0.104543 -0.025024  0.501004  -4
  1  0  0.938300  0.165642 -0.085465  0.460623  -3
  1  0  0.938300  0.000536 -0.244859  0.418179  -3
  1  0  0.938300 -0.100166  0.160917  0.387146  -4
  1  0  0.938300  0.004937 -0.113543  0.741790  -1
  1  0  0.938300  0.125454  0.125834  0.142792  -4
  1  0  0.938300  0.344056 -0.002740  0.563684  -8
  1  0  0.938300 -0.166106  0.032934  0.457334  -4
  1  0  0.938300  0.103439  0.055281  0.652701  -1
  1  0  0.938300 -0.051431 -0.010819  0.733148  -1
  1  0  0.938300  0.191157 -0.193779  0.067503  -2
  1  0  0.938300 -0.086958 -0.126345  0.393387  -2
  1  0  0.938300 -0.068052 -0.088719  0.483490  -2
  1  0  0.938300  0.079467  0.100849  0.663257  -8
  1  0  0.938300  0.013641  0.135528  0.346568  -2
  1  0  0.938300  0.015760 -0.137058  0.874090  -1
  1  0  0.938300  0.041049 -0.200836  0.351916  -3
  1  0  0.938300 -0.318993  0.454498  0.200849  -6
  1  0  0.938300 -0.135923  0.038565  0.587443  -8
  1  0  0.938300 -0.194056  0.114575  0.637738  -1
  1  0  0.938300  0.337858 -0.075980  0.138395  -3
  1  0  0.938300  0.331834 -0.096329  0.201181  -5
  1  0  0.938300  0.125370  0.208633  0.604686  -2
  1  0  0.938300 -0.167247 -0.088014  0.197646  -4
  1  0  0.938300 -0.206625  0.055038  0.296985  -6
  1  0  0.938300  0.033262  0.142636  0.683434  -1
  1  0  0.938300 -0.036815  0.002020  0.690547  -3
  1  0  0.938300  0.230227 -0.054069  0.603708  -3
  1  1  0.938300 -0.103335 -0.242540  0.088839  -6
  1  0  0.938300  0.134611  0.022247  0.469133  -3
  1  0  0.938300  0.079735 -0.177209  0.494801  -5
  1  0  0.938300 -0.238553  0.243178  0.342121  -5
  1  0  0.938300  0.179020  0.202846  0.522431  -2
  1  0  0.938300 -0.117700  0.170578  0.949180  -4
  1  0  0.938300  0.132822 -0.203189  0.416765  -6
  1  0  0.938300  0.256519 -0.249352  0.371317  -5
  1  0  0.938300 -0.093041 -0.153454  0.331780  -4
  1  0  0.938300 -0.195311  0.142492  0.342861  -3
  1  0  0.938300 -0.067427  0.417792  0.204881  -2
  1  0  0.938300  0.210966  0.504207  0.401978  -4
  1  0  0.938300 -0.021150 -0.278917  0.510437  -4
  1  0  0.938300  0.209969 -0.281335  0.252158  -2
  1  0  0.938300  0.101840 -0.055919  0.800025  -1
  1  0  0.938300 -0.248860 -0.090892  0.335507  -3
  1  0  0.938300  0.129211  0.109859  0.078118  -6
  1  0  0.938300 -0.046433 -0.298723  0.296962  -5
  1  0  0.938300  0.017184 -0.138053  0.749023  -3
  1  0  0.938300 -0.132219 -0.350082  0.840165  -2
  1  0  0.938300 -0.061968  0.179309  0.262488  -2
  1  0  0.938300  0.092781 -0.061590  0.758297  -5
  1  0  0.938300  0.126554  0.063784  0.637685  -4
  1  1  0.938300 -0.153907 -0.374408  0.383218  -5
  1  0  0.938300 -0.179375 -0.061394  0.338705  -4
  1  0  0.938300 -0.187082 -0.640472  0.522396  -8
  1  0  0.938300 -0.006717 -0.238037  0.126949  -4
  1  0  0.938300 -0.257877 -0.021790  0.556654  -2
  1  0  0.938300  0.217278 -0.056996  0.721710  -2
  1  0  0.938300  0.341962 -0.158136  0.532305  -2
  1  0  0.938300 -0.320455  0.198638  0.488953  -2
  1  0  0.938300 -0.316552 -0.167391  0.016964  -2
  1  0  0.938300  0.146011 -0.110616  0.247609  -2
  1  0  0.938300  0.083659  0.050346  0.288031  -5
  1  1  0.938300 -0.070356 -0.248892  0.319511  -4
  1  0  0.938300  0.054745  0.075798  0.587515  -1