  1  1  0.938300  0.256780  0.174090  0.657532   3
  1  1  0.938300 -0.146776 -0.066752  0.122718   8
  1  1  0.938300 -0.377925  0.146340  0.415141   6
  1  1  0.938300 -0.074054 -0.158608 -0.078158   1
  1  1  0.938300  0.086769  0.074991  0.003653   1
  1  1  0.938300  0.307037  0.457226  0.251355   2
  1  1  0.938300 -0.320949  0.171073  0.564376   4
  1  1  0.938300  0.163932 -0.026511  0.352247   2
  1  1  0.938300 -0.118539 -0.103494  0.029022   1
  1  1  0.938300  0.064361 -0.105094  0.178978  10
  1  1  0.938300 -0.234392  0.485926  0.605361   5
  1  1  0.938300 -0.283087  0.160118  0.526982   2
  1  1  0.938300  0.091943 -0.286314  0.558735   3
  1  1  0.938300  0.123006 -0.539732  0.385132   6
  1  1  0.938300 -0.065347 -0.007273 -0.035280   1
  1  1  0.938300 -0.211623 -0.508695  0.251997   2
  1  1  0.938300  0.117209  0.033830 -0.022777   1
  1  1  0.938300  0.274287 -0.082708  0.259036   3
  1  0  0.938300  0.067843 -0.245177  0.385140   3
  1  1  0.938300 -0.028366 -0.091059  0.308810   2
  1  1  0.938300  0.315394 -0.298201  0.538397   5
  1  1  0.938300  0.072718 -0.154470  0.263081   2
  1  1  0.938300 -0.022671 -0.076523  0.002174   1
  1  1  0.938300 -0.077460 -0.247466  0.368231   4
  1  1  0.938300  0.299862 -0.029663  0.152460   5
  1  1  0.938300  0.106642 -0.168037  0.494855   3
  1  1  0.938300 -0.107053 -0.418065  0.454908   4
  1  1  0.938300 -0.445120  0.201064  0.270029   2
  1  1  0.938300 -0.394390 -0.343385  0.238830   3
  1  1  0.938300 -0.118021 -0.219330  0.664684   2
  1  0  0.938300  0.113217 -0.374690  0.430410   3
  1  1  0.938300 -0.091184 -0.506909  0.120806   3
  1  1  0.938300  0.100020  0.102182  0.120857   1
  1  1  0.938300 -0.166863 -0.018562  0.248265   5
  1  1  0.938300 -0.096065 -0.002741  0.077945   1
  1  1  0.938300 -0.057154  0.214977  0.169152   2
  1  1  0.938300 -0.156470 -0.255110  0.760945   4
  1  1  0.938300  0.219609  0.114715 -0.009631   5
  1  1  0.938300  0.203716 -0.138871 -0.069231   1
  1  1  0.938300 -0.043957  0.129224  0.007631   1
  1  1  0.938300 -0.047308 -0.318603  0.365347   6
  1  1  0.938300  0.128905 -0.218292  0.606809   4
  1  1  0.938300 -0.031610  0.088610  0.573089   3
  1  1  0.938300 -0.190756  0.040035  0.649686   3
  1  1  0.938300  0.091961  0.021093  0.279543   5
  1  1  0.938300 -0.165929  0.340850  0.190484   3
  1  1  0.938300 -0.398072 -0.145195  0.531136   2
  1  1  0.938300 -0.069142 -0.068685  0.094327   5
  1  1  0.938300  0.008896  0.034864  0.299151   2
  1  1  0.938300  0.273811 -0.321982  0.095426   5
  1  1  0.938300 -0.232504 -0.248228  0.425535   2
  1  1  0.938300 -0.089632 -0.160926  0.234117   4
  1  1  0.938300  0.040677 -0.039786  0.222298   4
  1  1  0.938300 -0.203765 -0.116249  0.587415   3
  1  1  0.938300 -0.137718 -0.045506  0.244525   2
  1  1  0.938300 -0.220952 -0.076209  0.340031   3
  1  0  0.938300  0.149852 -0.013912  0.224782   7
  1  1  0.938300 -0.035080  0.110912 -0.009172   1
  1  1  0.938300  0.069368  0.577014  0.076419   5
  1  1  0.938300 -0.227910 -0.072923  0.299034   2
  1  1  0.938300  0.078297 -0.449010  0.782490   4
  1  1  0.938300 -0.133617 -0.215363  0.212889   5
  1  1  0.938300 -0.100100  0.092882  0.028007   1
  1  0  0.938300 -0.176897 -0.222265  0.301845   1
  1  1  0.938300 -0.201107 -0.001571  0.325400   4
  1  1  0.938300  0.329233 -0.146356  0.576153   5
  1  1  0.938300  0.023040  0.357766  0.283549   2
  1  1  0.938300 -0.304389 -0.123534  0.718102   3
  1  1  0.938300  0.028526 -0.050798  0.384981   1
  1  1  0.938300  0.350409 -0.039492  0.176393   2
  1  1  0.938300 -0.180479 -0.134503  0.098821   5
  1  1  0.938300  0.029947  0.049686  0.080961   1
  1  1  0.938300 -0.037324  0.052938  0.512267   4
  1  1  0.938300 -0.255482 -0.039654  0.134954   4
  1  1  0.938300  0.191511  0.178374  0.482213   3
  1  1  0.938300  0.086693  0.299321  0.573031   3
  1  1  0.938300 -0.057650 -0.176542  0.311617   2
  1  1  0.938300  0.007259 -0.402245  0.257318   2
  1  1  0.938300  0.275649  0.030254  0.387499   8
  1  0  0.938300  0.081423  0.165395  0.051630   6
  1  0  0.938300  0.042380  0.391602  0.456054   3
  1  0  0.938300 -0.367640  0.013062  0.314941   2
  1  0  0.938300 -0.207091  0.013147  0.200526   3
  1  0  0.938300 -0.014802 -0.263606  0.433494   3
  1  0  0.938300 -0.048382  0.102472  0.093735   5
  1  0  0.938300 -0.108166  0.022592  0.011731   1
  1  0  0.938300 -0.179613 -0.084599  0.334968   2
  1  0  0.938300  0.145737  0.008990  0.252766   3
  1  0  0.938300  0.146817 -0.054659  0.131196   1
  1  0  0.938300 -0.356969  0.178688  0.162444   2
  1  0  0.938300  0.040252 -0.143006  0.552351   6
  1  0  0.938300  0.114921 -0.021685  0.205160   2
  1  0  0.938300  0.023509  0.084398  0.100240   2
  1  0  0.938300 -0.354150  0.442078  0.293011   3
  1  0  0.938300 -0.045049  0.298144 -0.030765   2
  1  0  0.938300  0.495960  0.106964  0.415824   2
  1  0  0.938300 -0.355186  0.327214  0.108950   4
  1  0  0.938300  0.134434  0.082355  0.098174   1
  1  0  0.938300  0.180508 -0.282057  0.252931   3
  1  0  0.938300 -0.182579  0.187613  0.672708   3
  1  0  0.938300 -0.298978 -0.184744  0.348278   5
  1  0  0.938300  0.143135 -0.337932  0.165247   6
  1  0  0.938300  0.100601  0.003735  0.412328   2
  1  0  0.938300 -0.071328 -0.107863  0.205179   1
  1  0  0.938300  0.063209  0.170495  0.556041   4
  1  0  0.938300 -0.191005  0.258638  0.626659   4
  1  0  0.938300  0.324218 -0.030292  0.369676   3
  1  0  0.938300  0.020494 -0.219666  0.265407   2
  1  0  0.938300 -0.151332 -0.444354  0.185780   2
  1  0  0.938300  0.039247  0.158916  0.335213   2
  1  0  0.938300 -0.087064  0.134099  0.043128   2
  1  0  0.938300 -0.202617 -0.287816  0.529517   4
  1  0  0.938300  0.082164  0.068489  0.157499   1
  1  0  0.938300 -0.068109 -0.062073 -0.035196   1
  1  0  0.938300 -0.246213  0.376020  0.067404   2
  1  0  0.938300  0.463102  0.107130  0.396789   3
  1  0  0.938300  0.207953  0.405400  0.373963   6
  1  0  0.938300  0.332610  0.035081  0.042872   2
  1  0  0.938300  0.182994 -0.084293 -0.029419   1
  1  0  0.938300  0.219611  0.048329  0.435269   7
  1  0  0.938300 -0.194493  0.359152  0.365506   2
  1  0  0.938300 -0.379220  0.207021  0.432998   2
  1  0  0.938300  0.219473  0.117080  0.284468   6
  1  0  0.938300  0.012192 -0.250684  0.050411   5
  1  0  0.938300 -0.172974 -0.233694  0.203650   6
  1  0  0.938300 -0.127655 -0.448925  0.305148   5
  1  0  0.938300  0.007396  0.075972 -0.037680   1
  1  0  0.938300 -0.259039  0.204539  0.331538   4
  1  0  0.938300  0.212125 -0.220282  0.371209   3
  1  0  0.938300  0.524473 -0.262382  0.260404   3
  1  0  0.938300 -0.100601  0.126405  1.006153   4
  1  0  0.938300  0.029898 -0.021589  0.557654   3
  1  0  0.938300 -0.025280  0.147650  0.164933   1
  1  0  0.938300 -0.049294 -0.069283  0.238631   1
  1  0  0.938300  0.375233  0.039542  0.245768   2
  1  0  0.938300 -0.163677 -0.033889  0.259825   3
  1  0  0.938300 -0.104434  0.306915  0.484182   2
  1  0  0.938300  0.310008  0.054715  0.116716   7
  1  0  0.938300  0.072302 -0.004372  0.017414   2
  1  0  0.938300 -0.051992 -0.345572  0.266473   5
  1  0  0.938300 -0.082437 -0.018284  0.460071   4
  1  0  0.938300 -0.006366 -0.272566  0.108906   2
  1  0  0.938300 -0.115850  0.219922  0.266984   2
  1  0  0.938300 -0.005939  0.013107  0.382621   2
  1  0  0.938300  0.188127 -0.072704  0.007204   1
  1  0  0.938300 -0.243522 -0.320748  0.460089   6
  1  0  0.938300  0.114432 -0.134025  0.141336   8
  1  1  0.938300  0.309398 -0.570514  0.400287   7
  1  0  0.938300 -0.239863  0.383904  0.334014   3
  1  0  0.938300 -0.099366 -0.134015  0.267345   3
  1  0  0.938300 -0.079185  0.101780  0.620388   5
  1  0  0.938300 -0.146072  0.139894  0.285396   5
  1  0  0.938300 -0.211555  0.000056  0.405172   3
  1  0  0.938300 -0.319057  0.285500  0.430537   2
  1  0  0.938300  0.211131 -0.169569  0.681678   4
  1  0  0.938300 -0.062473 -0.269401  0.227223   2
  1  0  0.938300  0.027105  0.084338  0.132426   1
  1  0  0.938300 -0.102052  0.059178  0.609303   5
  1  0  0.938300 -0.065258  0.157636  0.190700   2
  1  0  0.938300 -0.227054 -0.076447  0.443406   2
  1  0  0.938300 -0.362324  0.003407  0.483757   2
  1  0  0.938300 -0.003674 -0.027549  0.295824   1
  1  0  0.938300  0.298208 -0.163908  0.301058   2
  1  0  0.938300 -0.238897  0.169657  0.249601   4
  1  1  0.938300  0.376289  0.166994  0.325061   5
  1  0  0.938300 -0.085639  0.035100  0.277840   5
  1  0  0.938300 -0.024437  0.089978  0.126467   3
  1  0  0.938300  0.315093  0.232456  0.184420   4
  1  0  0.938300  0.056306  0.092163  0.078704   1
  1  0  0.938300  0.205915 -0.074863  0.110535   3
  1  0  0.938300  0.019973  0.397760  0.700527   3
  1  0  0.938300  0.180622 -0.010953  0.087788   1
  1  0  0.938300 -0.484595  0.036005  0.505446   4
  1  0  0.938300  0.067164  0.128093  0.084514   1
  1  0  0.938300  0.072786 -0.157504  0.647426   6
  1  0  0.938300  0.444983  0.196596  0.391281   3
  1  0  0.938300 -0.341710  0.343669  0.428078   2
  1  0  0.938300 -0.056924  0.414409  0.120112   4
  1  0  0.938300  0.287871 -0.095580  0.615431   2
  1  0  0.938300  0.099286 -0.213861  0.192771   6
  1  0  0.938300 -0.358259 -0.170197  0.196762   3
  1  0  0.938300 -0.080862  0.066707  0.212583   3
  1  0  0.938300 -0.212443 -0.153966  0.582944   3
  1  0  0.938300 -0.012011  0.170670  0.136112   3
  1  0  0.938300 -0.029169 -0.186133  0.161311   6
  1  0  0.938300 -0.282323 -0.102050  0.577331   3
  1  0  0.938300 -0.079697 -0.074131 -0.136598   1
  1  0  0.938300  0.112892 -0.192783  0.449157   4
  1  0  0.938300  0.074297  0.387820  0.224645   6
  1  0  0.938300 -0.171507  0.018598  0.247486   4
  1  1  0.938300  0.219083  0.451662  0.212497   2
  1  0  0.938300  0.143639  0.343163  0.538009   3
  1  0  0.938300  0.060450  0.061338  0.086923   1
  1  0  0.938300 -0.067036 -0.214697  0.394561   6
  1  0  0.938300  0.175415 -0.165664  0.131769   1
  1  0  0.938300 -0.004997  0.097365  0.201626   1
  1  0  0.938300 -0.254175 -0.154161  0.321612   4
  1  1  0.938300 -0.072716  0.355456  0.753895  -4
  1  1  0.938300 -0.070801  0.289942  0.461501  -6
  1  1  0.938300  0.236208 -0.524785  0.374714  -3
  1  1  0.938300  0.043276 -0.318071  0.036982  -5
  1  1  0.938300  0.247596  0.018898  0.640028  -5
  1  1  0.938300 -0.006856 -0.301743  0.086520  -5
  1  1  0.938300 -0.064976 -0.029074  0.584769  -2
  1  1  0.938300  0.029118 -0.338354  0.452304  -3
  1  1  0.938300 -0.015556  0.226289  0.337975  -3
  1  1  0.938300  0.293264  0.298520  0.829977  -5
  1  1  0.938300  0.371374  0.183655  0.466936  -3
  1  1  0.938300  0.010927  0.161209  0.629889  -1
  1  1  0.938300 -0.368462 -0.011743  0.592995  -4
  1  1  0.938300 -0.316694 -0.274263  0.397467  -3
  1  1  0.938300  0.028713 -0.104984  0.677900  -4
  1  1  0.938300  0.250326 -0.055150  0.871920  -3
  1  1  0.938300 -0.206503 -0.036795  0.592400  -2
  1  1  0.938300 -0.400859  0.183270  0.401721  -2
  1  1  0.938300  0.002145  0.025950  0.142029  -3
  1  1  0.938300 -0.106104  0.172497  0.245675  -4
  1  1  0.938300 -0.102220 -0.119998  0.193220  -5
  1  1  0.938300 -0.015512  0.206962  0.542506  -2
  1  1  0.938300  0.071041 -0.252388  0.132965  -3
  1  1  0.938300  0.218005  0.251399  0.578284  -2
  1  1  0.938300 -0.435395  0.331986  0.387077  -4
  1  1  0.938300 -0.052443  0.003912  0.547350  -3
  1  1  0.938300  0.423038  0.044987  0.613822  -4
  1  1  0.938300 -0.057276 -0.110205  0.480543  -7
  1  1  0.938300 -0.078591 -0.018290 -0.002731  -2
  1  0  0.938300  0.018529  0.161281  0.094424  -5
  1  1  0.938300 -0.529652  0.233190  0.881116  -4
  1  1  0.938300 -0.035103 -0.028693  0.713178  -1
  1  1  0.938300  0.030630  0.154630  0.759881  -1
  1  1  0.938300 -0.272341  0.049194  0.141195  -3
  1  1  0.938300  0.158429  0.347806  0.568986  -2
  1  1  0.938300 -0.053139  0.012693 -0.380270  -6
  1  1  0.938300  0.098398  0.058791  0.685498  -1
  1  1  0.938300 -0.134364 -0.095151  0.528543  -2
  1  1  0.938300 -0.124475 -0.024854  0.369569  -3
  1  1  0.938300  0.035761  0.252754  0.285746  -4
  1  1  0.938300  0.054289  0.032680  0.552743  -1
  1  1  0.938300 -0.035807  0.308324  0.563450  -2
  1  1  0.938300 -0.032457 -0.288398  0.688867  -2
  1  1  0.938300  0.188688 -0.317119  0.129321  -2
  1  1  0.938300  0.128769  0.070008  0.683903  -1
  1  1  0.938300  0.038038 -0.355570  0.485385  -2
  1  1  0.938300  0.101108  0.218905  0.674664  -4
  1  1  0.938300 -0.136491  0.452790  0.177895  -3
  1  1  0.938300  0.048843 -0.178980  0.567676  -3
  1  1  0.938300 -0.299766  0.114357  0.563251  -5
  1  1  0.938300  0.212861  0.074764  0.580209  -4
  1  1  0.938300 -0.023488 -0.107277  0.513465  -1
  1  1  0.938300 -0.143651  0.286517  0.367441  -8
  1  1  0.938300 -0.383646  0.379882  0.399448  -3
  1  1  0.938300  0.451525 -0.009288  0.388061  -2
  1  1  0.938300  0.089693  0.574406  0.324720  -4
  1  1  0.938300  0.181674 -0.379334  0.123469  -5
  1  1  0.938300 -0.042429 -0.035273  0.362604  -3
  1  1  0.938300 -0.154682 -0.156178  0.383356  -4
  1  1  0.938300  0.208400  0.010782  0.567524  -1
  1  1  0.938300 -0.062766 -0.144209  0.525484  -1
  1  1  0.938300 -0.032026 -0.186806  0.559284  -1
  1  1  0.938300 -0.055216  0.146086  0.447801  -1
  1  1  0.938300 -0.270825  0.097137  0.421069  -5
  1  1  0.938300  0.038789 -0.003665  0.442510  -4
  1  1  0.938300 -0.188514  0.250859  0.107269  -2
  1  1  0.938300  0.033600  0.011340  0.185504  -3
  1  1  0.938300 -0.062120  0.066704  0.646972  -1
  1  1  0.938300 -0.171048  0.080962  0.807901  -1
  1  1  0.938300  0.021191  0.033663  0.346777  -4
  1  1  0.938300  0.533907 -0.001811  0.358007  -3
  1  1  0.938300 -0.082385  0.128505  0.416863  -4
  1  1  0.938300  0.347289  0.250011  0.329739  -2
  1  1  0.938300 -0.119536 -0.259496  0.529370  -3
  1  1  0.938300  0.111152 -0.029241  0.134241  -6
  1  1  0.938300  0.040150  0.229384  0.206421  -2
  1  1  0.938300 -0.325148  0.243602  0.475624  -4
  1  1  0.938300  0.117701 -0.083879  0.201759  -2
  1  1  0.938300 -0.276062 -0.376074  0.204876  -5
  1  0  0.938300 -0.164878  0.186663  0.672157  -8
  1  0  0.938300  0.263964 -0.199693  0.477066  -3
  1  0  0.938300 -0.052377 -0.074641  0.670413  -1
  1  0  0.938300 -0.175250  0.035651  0.724106  -4
  1  0  0.938300 -0.172813  0.214973  0.509422  -2
  1  0  0.938300 -0.082778  0.066390  0.674769  -1
  1  0  0.938300 -0.271259 -0.085926  0.376938  -2
  1  0  0.938300  0.068377  0.478126  0.796147  -3
  1  0  0.938300  0.104820  0.127842  0.350555  -5
  1  0  0.938300  0.008528 -0.278677  0.684455  -2
  1  0  0.938300 -0.023740  0.018554  0.625260  -1
  1  0  0.938300 -0.164719 -0.038282  0.346630  -3
  1  0  0.938300  0.055554 -0.014113  0.918381  -1
  1  0  0.938300  0.047378  0.195248  0.747594  -2
  1  0  0.938300 -0.200908 -0.136107  0.547799  -3
  1  0  0.938300  0.030858 -0.046884  0.784446  -4
  1  0  0.938300  0.038673  0.421145  0.533370  -5
  1  0  0.938300  0.237086 -0.083939  0.729497  -2
  1  0  0.938300  0.204558  0.299405  0.228916  -4
  1  0  0.938300 -0.110319  0.075203  0.620249  -3
  1  0  0.938300  0.389833 -0.182929  0.419500  -5
  1  0  0.938300 -0.260594 -0.163289  0.461810  -7
  1  0  0.938300  0.485359 -0.267272  0.825323  -6
  1  0  0.938300  0.162309 -0.189740  0.765129  -2
  1  0  0.938300 -0.046847 -0.143252  0.431189  -2
  1  0  0.938300  0.014785 -0.027813  0.586308  -4
  1  0  0.938300  0.021098 -0.168666  0.342714  -3
  1  0  0.938300 -0.070241 -0.074572  0.535007  -1
  1  0  0.938300  0.120850  0.296961  0.575186  -2
  1  0  0.938300 -0.046212  0.090751  0.330358  -4
  1  0  0.938300 -0.106718 -0.002313  0.864648  -1
  1  0  0.938300 -0.206462  0.295761  0.356158 -10
  1  0  0.938300 -0.035906  0.161513  0.615674  -1
  1  0  0.938300 -0.015202 -0.051017  0.488752  -3
  1  0  0.938300  0.164439  0.217879  0.131441  -4
  1  0  0.938300 -0.089061 -0.143697  0.626145  -2
  1  0  0.938300  0.161565  0.193338  0.426277  -2
  1  0  0.938300  0.084767  0.013662  0.677600  -1
  1  0  0.938300  0.197402  0.175964  0.309704  -5
  1  1  0.938300  0.080465  0.209068  0.482043  -3
  1  0  0.938300  0.103412  0.110964  0.713840  -5
  1  0  0.938300  0.114491  0.157528  0.534435  -2
  1  0  0.938300  0.013579 -0.188530  0.432386  -6
  1  0  0.938300 -0.158087  0.080403  0.624028  -1
  1  0  0.938300 -0.147809  0.406464  0.737867  -3
  1  0  0.938300  0.137680 -0.470468  0.487034  -3
  1  0  0.938300  0.055665  0.024909  0.019767  -2
  1  0  0.938300 -0.024613  0.058438  0.488725  -1
  1  0  0.938300 -0.446249 -0.105268  0.368061  -4
  1  0  0.938300 -0.034082 -0.312607  0.395146  -2
  1  0  0.938300 -0.041131  0.146462  0.115707  -3
  1  0  0.938300  0.200003 -0.002395 -0.051367  -7
  1  0  0.938300  0.163439 -0.379954  0.341901  -6
  1  0  0.938300 -0.085942 -0.201290  0.658486  -1
  1  0  0.938300  0.052222  0.251645  0.555112  -2
  1  0  0.938300  0.083238 -0.087889  0.662541  -2
  1  0  0.938300  0.587206  0.144354  0.642092  -5
  1  0  0.938300 -0.103686  0.350844  0.444362  -2
  1  0  0.938300 -0.011185  0.001330  0.341851  -3
  1  0  0.938300  0.128397 -0.136586  0.126044  -2
  1  0  0.938300 -0.180918 -0.077560  0.462530  -4
  1  0  0.938300 -0.254503 -0.363762  0.205783  -2
  1  0  0.938300  0.104949  0.080878  0.585001  -1
  1  0  0.938300 -0.029327 -0.285746  0.696823  -1
  1  0  0.938300  0.280606  0.389044  0.413559  -3
  1  0  0.938300  0.080943 -0.030316  0.273201  -3
  1  0  0.938300  0.250408 -0.213995  0.670959  -3
  1  0  0.938300 -0.247826  0.090199  0.297060  -3
  1  0  0.938300  0.037163 -0.291712  0.571514  -2
  1  0  0.938300  0.246141 -0.238494  0.883002  -3
  1  0  0.938300  0.150836 -0.406021  0.388667  -2
  1  0  0.938300 -0.027635 -0.008582  0.832032  -2
  1  0  0.938300 -0.109586 -0.223073  0.062870  -5
  1  0  0.938300 -0.244690  0.052259  0.354817  -5
  1  0  0.938300  0.035996  0.122123  0.438537  -4
  1  0  0.938300 -0.149261  0.001828  0.702405  -2
  1  0  0.938300  0.332958  0.088403  0.356457  -5
  1  0  0.938300  0.154192 -0.220820  0.054493  -5
  1  0  0.938300  0.020669  0.010060  0.059264  -3
  1  0  0.938300 -0.159578 -0.365130  0.406348  -4
  1  0  0.938300  0.142260 -0.195923  0.528961  -4
  1  0  0.938300 -0.203075  0.180041  0.451844  -5
  1  0  0.938300  0.170598 -0.392890  0.665098  -5
  1  0  0.938300 -0.075835 -0.077575  0.582007  -8
  1  0  0.938300  0.205070 -0.055449  0.096229  -5
  1  0  0.938300  0.491323 -0.091653  0.572505  -4
  1  0  0.938300 -0.076081 -0.051939  0.456393  -5
  1  0  0.938300 -0.017567 -0.112337  0.466411  -3
  1  0  0.938300  0.233841  0.122883  0.576142  -2
  1  0  0.938300  0.679107  0.061163  0.717824  -5
  1  0  0.938300  0.304088 -0.194397  0.439211  -2
  1  0  0.938300  0.038980 -0.340608  0.073814  -2
  1  0  0.938300 -0.112998 -0.149079  0.288845  -3
  1  0  0.938300 -0.116004  0.204827  0.541986  -2
  1  0  0.938300  0.169041  0.044955  0.377160  -5
  1  0  0.938300 -0.004888  0.078517  0.808825  -1
  1  0  0.938300 -0.076332  0.030753  0.692707  -2
  1  0  0.938300  0.205334  0.095477  0.211124 -11
  1  0  0.938300  0.090414  0.373982  0.375825  -3
  1  0  0.938300  0.198035 -0.309220  0.257754  -4
  1  0  0.938300 -0.107065  0.063631  0.203466  -6
  1  0  0.938300  0.076933 -0.088323  0.318064  -2
  1  0  0.938300 -0.115124  0.143653  0.164487  -2
  1  0  0.938300 -0.016201 -0.105576  0.544435  -6
  1  0  0.938300  0.047044  0.183212  0.784248  -4
  1  0  0.938300 -0.470020 -0.057518  0.763235  -2
  1  0  0.938300  0.153120 -0.336964  0.010175  -4
  1  0  0.938300  0.291321  0.157894  0.425770  -3
  1  0  0.938300  0.006723  0.089422  0.441101  -4
  1  0  0.938300 -0.198528  0.005852  0.502460  -3
  1  0  0.938300  0.055883 -0.087495  0.189693  -3
  1  0  0.938300  0.030118 -0.180437  0.218890  -3
  1  0  0.938300 -0.331227 -0.055582  0.808064  -6
  1  0  0.938300 -0.085854  0.005686  0.302065  -1
  1  0  0.938300 -0.014871 -0.079551  0.700006  -3
  1  0  0.938300 -0.200780 -0.049911  0.158687  -3
  1  0  0.938300  0.414281 -0.161936  0.299469  -2
  1  0  0.938300  0.163353 -0.040740  0.164792  -2