  1  1  0.938300  0.102137  0.128837  0.066419   1
  1  1  0.938300 -0.221370  0.298916  0.450512   4
  1  1  0.938300  0.107181 -0.011328  0.557037   5
  1  1  0.938300  0.010566  0.360933  0.165061   5
  1  1  0.938300 -0.145122 -0.356367 -0.001925   3
  1  1  0.938300  0.224832 -0.089920  0.132020   2
  1  1  0.938300  0.272363  0.232578  0.630356   3
  1  1  0.938300 -0.080334  0.115413  0.083051   1
  1  1  0.938300  0.094258 -0.152428  0.385515   5
  1  1  0.938300 -0.279387  0.192260  0.120908   3
  1  1  0.938300 -0.109441  0.008624  0.512571   2
  1  1  0.938300 -0.137593  0.044933  0.727733   5
  1  1  0.938300  0.333367  0.317493  0.232708   3
  1  1  0.938300  0.067303 -0.380298  0.169623   2
  1  1  0.938300 -0.068087  0.107118  0.170117   5
  1  1  0.938300  0.015292  0.233601  0.513712   3
  1  1  0.938300 -0.191278 -0.104505  0.197124   4
  1  1  0.938300 -0.028821 -0.044383  0.344345   5
  1  1  0.938300  0.143345 -0.436326  0.095187   3
  1  1  0.938300 -0.086106  0.090646  0.104091   1
  1  1  0.938300  0.118867 -0.173572  0.176529   1
  1  1  0.938300 -0.248053  0.053066  0.205825   6
  1  1  0.938300 -0.108671  0.120254  0.586298   6
  1  1  0.938300  0.022710  0.206292 -0.004377   5
  1  1  0.938300 -0.174062 -0.082999  0.219905   2
  1  1  0.938300 -0.246784  0.363213  0.450481   2
  1  1  0.938300  0.068782  0.228781  0.419430   6
  1  1  0.938300  0.350488 -0.353972  0.278723   2
  1  1  0.938300 -0.426330 -0.333224  0.293896   3
  1  1  0.938300 -0.163484 -0.052835  0.389298   2
  1  1  0.938300 -0.013659  0.291122  0.315227   6
  1  1  0.938300 -0.083630  0.233565  0.314693   3
  1  1  0.938300 -0.072220 -0.209171  0.407921   8
  1  1  0.938300 -0.169402  0.305975 -0.116816   3
  1  1  0.938300 -0.068840  0.323908  0.455029   3
  1  1  0.938300 -0.066143  0.251389  0.531832   2
  1  1  0.938300 -0.051261 -0.097344 -0.078251   2
  1  0  0.938300  0.334417  0.035285  0.580870   8
  1  1  0.938300  0.246727 -0.079062  0.230972   2
  1  1  0.938300 -0.287264 -0.240145  0.268074   3
  1  1  0.938300 -0.030587 -0.204479  0.069662   1
  1  1  0.938300 -0.193882  0.338210  0.172377   4
  1  1  0.938300 -0.108682  0.051007  0.030677   1
  1  1  0.938300  0.086048 -0.131308  0.520814   3
  1  1  0.938300 -0.015335  0.068356  0.101186   1
  1  1  0.938300 -0.016695 -0.017402  0.063834   2
  1  1  0.938300  0.140591  0.013157  0.403359   4
  1  1  0.938300  0.136985  0.076153  0.281323   1
  1  1  0.938300 -0.242046 -0.048273  0.411135   6
  1  1  0.938300 -0.134964 -0.092651  0.093988   1
  1  1  0.938300 -0.122030  0.004872  0.134163   1
  1  1  0.938300 -0.039040  0.243721 -0.157390   4
  1  1  0.938300 -0.566013 -0.157142  0.514396   5
  1  1  0.938300  0.421527 -0.086131  0.134373   5
  1  1  0.938300 -0.069712 -0.167688  0.591502   2
  1  1  0.938300 -0.072580 -0.295056  0.168218   2
  1  1  0.938300  0.192043  0.303562  0.459240   3
  1  1  0.938300 -0.221730 -0.094126  0.121388   2
  1  1  0.938300 -0.060323 -0.206948  0.733693   2
  1  1  0.938300  0.059042 -0.068934  0.132306   1
  1  1  0.938300  0.336301 -0.477625  0.465100   5
  1  1  0.938300  0.156823 -0.039996  0.336581   3
  1  1  0.938300 -0.041064  0.304371  0.705402   3
  1  1  0.938300  0.132994 -0.046112 -0.019971   1
  1  1  0.938300  0.020862  0.153340  0.332301   6
  1  1  0.938300 -0.151336 -0.134743  0.120945   2
  1  1  0.938300 -0.413649 -0.183880  0.529315   6
  1  1  0.938300  0.013448  0.056282  0.191894   4
  1  1  0.938300 -0.338698  0.172294  0.533509   3
  1  1  0.938300 -0.255842 -0.043006  0.202757   2
  1  1  0.938300  0.156553 -0.349510  0.223281   2
  1  1  0.938300 -0.005441  0.118801  0.144944   1
  1  1  0.938300 -0.062557  0.053345  0.160983   1
  1  1  0.938300  0.403677 -0.252752  0.212231   7
  1  1  0.938300 -0.206153  0.152371  0.582304   3
  1  1  0.938300  0.305790 -0.286374  0.678975   4
  1  1  0.938300  0.000952  0.070545  0.384886   6
  1  1  0.938300 -0.108737 -0.071019  0.091370   1
  1  1  0.938300  0.069685  0.164992  0.262368   2
  1  0  0.938300  0.142038 -0.178682  0.628169   5
  1  0  0.938300 -0.243379 -0.268633  0.311041   2
  1  0  0.938300 -0.002216  0.286208  0.479246   6
  1  1  0.938300 -0.103590  0.505043  0.226394   6
  1  0  0.938300 -0.001138 -0.052652  0.364441   2
  1  0  0.938300  0.156034 -0.056648  0.427260   6
  1  0  0.938300  0.267913 -0.116227  0.154406   5
  1  0  0.938300 -0.084847  0.020489  0.436986   2
  1  0  0.938300  0.003448 -0.085370 -0.033587   1
  1  0  0.938300 -0.045650  0.025882  0.284213   1
  1  0  0.938300  0.051141 -0.244945  0.147388   3
  1  0  0.938300  0.279748  0.226069  0.121749   2
  1  0  0.938300  0.135670 -0.280448  0.155716   3
  1  0  0.938300 -0.051772  0.089900  0.580964   2
  1  0  0.938300  0.101471  0.082140 -0.009208   1
  1  0  0.938300 -0.434858  0.287857  0.023398   7
  1  0  0.938300  0.111855  0.090904  0.444579   4
  1  0  0.938300 -0.087279  0.326831  0.105972   2
  1  1  0.938300 -0.135985  0.043624  0.224294   3
  1  0  0.938300 -0.179814 -0.072597  0.205579   2
  1  0  0.938300 -0.195002 -0.064418  0.147553   2
  1  0  0.938300  0.290176  0.136965  0.382070   2
  1  0  0.938300  0.092868  0.060328  0.619777   4
  1  0  0.938300  0.059920  0.072235  0.230341   4
  1  0  0.938300  0.220354 -0.278467  0.329398   3
  1  0  0.938300  0.135176  0.160898  0.107362   3
  1  0  0.938300  0.266403  0.373065  0.139083   2
  1  0  0.938300 -0.160414 -0.040526  0.498891   6
  1  0  0.938300 -0.013280 -0.358549  0.667435   4
  1  0  0.938300 -0.047275  0.046344 -0.119595   1
  1  0  0.938300 -0.073665 -0.078077  0.074584   2
  1  0  0.938300 -0.160861  0.080826  0.480078   3
  1  0  0.938300  0.116733 -0.344810  0.853426   4
  1  0  0.938300 -0.068527 -0.405588  0.306848   5
  1  0  0.938300  0.147780  0.241888 -0.090061   5
  1  0  0.938300 -0.047084 -0.241542  0.333224   3
  1  0  0.938300  0.157516  0.560868  0.814692   5
  1  0  0.938300  0.311285 -0.258457  0.306240   4
  1  0  0.938300  0.127591 -0.125193  0.071002   5
  1  0  0.938300  0.111695 -0.158807  0.385282   3
  1  0  0.938300 -0.111489 -0.169741 -0.039868   3
  1  0  0.938300  0.523391 -0.192899 -0.050880   2
  1  0  0.938300 -0.137927  0.135186  0.132105   3
  1  0  0.938300  0.188058  0.115801  0.637563   3
  1  0  0.938300 -0.006774 -0.012254  0.017908   3
  1  0  0.938300 -0.108362  0.038744  0.116084   3
  1  0  0.938300  0.211669 -0.036883  0.303656   4
  1  0  0.938300 -0.469975 -0.169888  0.796360   3
  1  0  0.938300 -0.197121  0.140996  0.293527   4
  1  0  0.938300 -0.082215  0.052589  0.212237   3
  1  0  0.938300 -0.058323  0.028637  0.007330   1
  1  0  0.938300 -0.032541 -0.184589  0.326624   3
  1  0  0.938300 -0.250961 -0.021126  0.377424   6
  1  0  0.938300 -0.232699  0.099863  0.326413   6
  1  0  0.938300  0.296348  0.283066  0.394423  11
  1  0  0.938300 -0.132854  0.067357  0.035617   1
  1  0  0.938300  0.039183  0.051848  0.276374   1
  1  0  0.938300  0.273501  0.184923  0.738761   4
  1  0  0.938300  0.274048  0.060819  0.530466   3
  1  0  0.938300  0.204662  0.299892  0.200830   6
  1  0  0.938300  0.305875 -0.001389  0.018894   2
  1  0  0.938300  0.072664 -0.017870  0.080689   2
  1  0  0.938300 -0.046878 -0.241962  0.711892   6
  1  0  0.938300  0.434328  0.191108  0.377248   4
  1  0  0.938300  0.104162  0.415012  0.369085   4
  1  0  0.938300 -0.119658 -0.116137  0.402509   3
  1  0  0.938300 -0.085866  0.315924  0.336684   3
  1  0  0.938300  0.194365  0.114146  0.028958   1
  1  0  0.938300 -0.232045 -0.045674  0.105012   1
  1  0  0.938300  0.125640  0.023497  0.014392   5
  1  0  0.938300 -0.092217  0.056634  0.330339   4
  1  0  0.938300  0.105139 -0.058164  0.064417   1
  1  0  0.938300 -0.177998  0.126047  0.340072   4
  1  0  0.938300 -0.150266 -0.211150  0.868035   3
  1  0  0.938300  0.071373  0.294621  0.264156   6
  1  0  0.938300  0.176872 -0.243932  0.238364   7
  1  0  0.938300 -0.035049 -0.063182  0.311271   1
  1  0  0.938300  0.040068 -0.085479  0.800880   3
  1  0  0.938300 -0.421410  0.216018  0.557211   5
  1  0  0.938300  0.140707  0.004915  0.404934   1
  1  0  0.938300  0.178290 -0.020724  0.422643   3
  1  0  0.938300  0.100936  0.124090  0.266851   5
  1  0  0.938300 -0.008564 -0.262884  0.401476   3
  1  0  0.938300  0.229293 -0.074536  0.062243   2
  1  0  0.938300  0.297958  0.380084  0.880448   6
  1  0  0.938300 -0.143836 -0.208143  0.343207   5
  1  0  0.938300  0.117890 -0.054794  0.150344   2
  1  0  0.938300 -0.074243 -0.059241  0.518777   2
  1  0  0.938300  0.119245  0.155928  0.119836   1
  1  0  0.938300 -0.250603  0.002996  0.205070   6
  1  0  0.938300 -0.135450  0.230665  0.632539   4
  1  0  0.938300 -0.373886  0.130502  0.664982   7
  1  0  0.938300  0.089304 -0.126310  0.522756   2
  1  0  0.938300  0.028721 -0.201278  0.686308   5
  1  0  0.938300 -0.029505 -0.138360  0.254547   1
  1  0  0.938300 -0.228393  0.347392  0.349448  11
  1  0  0.938300  0.019831 -0.080808  0.023174   1
  1  0  0.938300  0.233493  0.128060  0.232194   3
  1  0  0.938300 -0.115971 -0.361620  0.441261   3
  1  0  0.938300 -0.061333 -0.131836  0.080300   1
  1  0  0.938300 -0.147480  0.048637  0.228706   3
  1  0  0.938300 -0.032803  0.190446  0.409354   4
  1  0  0.938300  0.011599  0.070015  0.402066   2
  1  0  0.938300  0.239592  0.336397  0.243201   3
  1  0  0.938300 -0.080130  0.181941  0.126968   3
  1  0  0.938300  0.215901  0.018143  0.129417   2
  1  0  0.938300  0.113815  0.114616  0.590664   3
  1  0  0.938300 -0.116617  0.201361  0.468217   7
  1  0  0.938300  0.292743 -0.405312  0.396271   2
  1  0  0.938300 -0.139308  0.110468  0.202718   4
  1  0  0.938300  0.096513  0.063629  0.292760   2
  1  0  0.938300  0.062687 -0.267981  0.337005   3
  1  0  0.938300 -0.093901 -0.037653  0.982443   3
  1  0  0.938300  0.208947  0.209713  0.294734   4
  1  0  0.938300  0.027892  0.076370  0.059277   4
  1  0  0.938300 -0.161987 -0.188791  0.238643   3
  1  0  0.938300  0.178480  0.185737  0.286110   3
  1  0  0.938300 -0.062359 -0.075004  0.167863   4
  1  1  0.938300  0.097006 -0.164358  0.365250  -6
  1  1  0.938300  0.123664  0.222843  0.185416  -2
  1  1  0.938300 -0.023951 -0.240127  0.227015  -5
  1  1  0.938300  0.144909  0.010126  0.701898  -3
  1  1  0.938300  0.191026 -0.057627  0.204343  -5
  1  1  0.938300 -0.624760  0.015383  0.290442  -4
  1  1  0.938300  0.074366 -0.134659  0.475324  -3
  1  1  0.938300 -0.252857  0.436679  0.580569  -5
  1  0  0.938300 -0.090271  0.088766  0.248188  -6
  1  1  0.938300  0.102519 -0.070539  0.648247  -3
  1  1  0.938300 -0.276619  0.021561  0.544383  -2
  1  1  0.938300  0.195329 -0.363080  0.462102  -6
  1  1  0.938300 -0.174402 -0.215248  0.495901  -4
  1  1  0.938300  0.007967 -0.015660  0.390140  -5
  1  1  0.938300 -0.087769  0.090508  0.230469  -2
  1  1  0.938300 -0.364454  0.189788  0.432756  -3
  1  1  0.938300  0.105747  0.122028  0.151456  -5
  1  1  0.938300  0.161365 -0.006040  0.726398  -1
  1  1  0.938300 -0.077117  0.040291  0.394082  -4
  1  1  0.938300 -0.320496  0.367125  0.376961  -9
  1  1  0.938300 -0.038494 -0.154467  0.390354  -2
  1  1  0.938300 -0.048295 -0.477966  0.468497  -8
  1  1  0.938300  0.046581 -0.118202  0.461864  -2
  1  1  0.938300 -0.025328 -0.199964  0.501405  -1
  1  1  0.938300 -0.047563 -0.187080  0.396741  -9
  1  1  0.938300  0.127113 -0.145391  0.304458  -2
  1  1  0.938300 -0.297679  0.166983  0.498830  -3
  1  1  0.938300  0.100348 -0.184015  0.747002  -2
  1  1  0.938300  0.072721 -0.004564  0.511904  -1
  1  1  0.938300 -0.362130 -0.179625  0.064245  -3
  1  1  0.938300 -0.192925  0.010977  0.249994  -6
  1  1  0.938300  0.512751 -0.359310  0.468387  -3
  1  1  0.938300  0.286044  0.068202  0.363949  -3
  1  1  0.938300 -0.159146 -0.143593  0.534748  -2
  1  1  0.938300 -0.003058  0.258742  0.592992  -5
  1  1  0.938300  0.218258  0.210995  0.132032  -5
  1  1  0.938300  0.252598  0.006202  0.161184  -5
  1  1  0.938300  0.121166 -0.002520  0.616438  -5
  1  1  0.938300  0.077257 -0.205253  0.112406  -4
  1  1  0.938300  0.061794 -0.073939  0.348616  -2
  1  1  0.938300 -0.200327  0.044710  0.158640  -3
  1  1  0.938300 -0.091209  0.143333  0.551697  -2
  1  1  0.938300  0.199450 -0.114965  0.478581  -4
  1  1  0.938300  0.122476 -0.219502  0.400228  -2
  1  1  0.938300  0.268317 -0.175989  0.438987  -6
  1  1  0.938300  0.095394  0.012350  0.212179  -3
  1  1  0.938300  0.122632  0.311809  0.753908  -2
  1  1  0.938300  0.112837 -0.201781  0.682788  -5
  1  1  0.938300 -0.159083  0.174472  0.346792  -3
  1  1  0.938300 -0.468553  0.171963  0.170780  -2
  1  1  0.938300 -0.531264  0.363601  0.128155  -4
  1  1  0.938300  0.255016 -0.292741  0.506478  -5
  1  1  0.938300  0.051157  0.096637  0.662646  -1
  1  1  0.938300 -0.099050 -0.019979  0.768960  -3
  1  1  0.938300 -0.018763  0.036299  0.319834  -3
  1  1  0.938300  0.102851 -0.212950  0.252946  -5
  1  1  0.938300 -0.007048 -0.034321  0.597850  -1
  1  1  0.938300 -0.027647  0.179987  0.612096  -1
  1  1  0.938300 -0.028273 -0.127696  0.392879  -3
  1  1  0.938300 -0.254083 -0.001907  0.155980  -2
  1  1  0.938300 -0.116897  0.103283  0.335970  -3
  1  1  0.938300 -0.021180  0.021165  0.042656  -7
  1  1  0.938300  0.164503  0.031727  0.556568  -1
  1  1  0.938300 -0.151384  0.198926  0.229814  -2
  1  1  0.938300 -0.174807 -0.046598  0.196835  -3
  1  1  0.938300  0.268871  0.133702  0.270081  -3
  1  1  0.938300 -0.180838 -0.261025  0.216683  -2
  1  1  0.938300 -0.017336  0.036506  0.574266  -1
  1  1  0.938300 -0.276495  0.165646  0.493010  -2
  1  1  0.938300  0.218297  0.030421  0.782553  -1
  1  1  0.938300  0.000580  0.049799  0.330473  -3
  1  1  0.938300 -0.187407  0.058699  0.599898  -3
  1  1  0.938300  0.019105  0.247175  0.478137  -3
  1  1  0.938300 -0.134767  0.091889  0.483213  -1
  1  1  0.938300  0.235613  0.121896  0.428105  -4
  1  1  0.938300 -0.182063  0.061072  0.520478  -2
  1  1  0.938300  0.053528  0.140106  0.616394  -3
  1  1  0.938300 -0.232573  0.157021  0.243158  -5
  1  1  0.938300  0.303090 -0.110313  0.644055  -3
  1  0  0.938300  0.070667  0.221306  0.640399  -2
  1  0  0.938300  0.180364 -0.120363  0.062716  -4
  1  0  0.938300 -0.074835  0.041315  0.812280  -1
  1  0  0.938300  0.248938 -0.266550  0.223802  -7
  1  0  0.938300 -0.174258 -0.016075  0.249334  -3
  1  0  0.938300  0.133265 -0.001794  0.382214  -2
  1  0  0.938300 -0.062382  0.102296  0.035750  -2
  1  0  0.938300 -0.059962 -0.542520  0.304006  -2
  1  0  0.938300  0.069361 -0.298456 -0.054917  -6
  1  0  0.938300 -0.010080 -0.149866  0.275063  -7
  1  0  0.938300 -0.049506 -0.008024  0.501220  -6
  1  0  0.938300 -0.537086  0.395698  0.362790  -3
  1  0  0.938300 -0.057331  0.001442  0.526355  -2
  1  0  0.938300  0.243826  0.309201  0.530547  -2
  1  0  0.938300  0.119118  0.004180  0.649830  -4
  1  0  0.938300 -0.136687 -0.196808  0.300919  -2
  1  0  0.938300  0.387630  0.023009  0.562097  -3
  1  0  0.938300  0.077360 -0.207781  0.543904  -2
  1  0  0.938300 -0.149606 -0.042222  0.537414  -2
  1  0  0.938300  0.366733  0.256420  0.734330  -3
  1  0  0.938300  0.186496 -0.104891  0.541891  -4
  1  0  0.938300  0.210641  0.082910  0.348758  -4
  1  0  0.938300 -0.049547  0.139440  0.506058  -1
  1  0  0.938300  0.080790  0.139449  0.722982  -2
  1  0  0.938300 -0.543591 -0.169345  0.487022  -5
  1  0  0.938300 -0.158594 -0.052434  0.349442  -2
  1  0  0.938300 -0.078505  0.132244  0.463539  -3
  1  0  0.938300 -0.095413 -0.195678  0.463755  -4
  1  0  0.938300 -0.129346  0.087399  0.291762  -7
  1  0  0.938300  0.021632 -0.160791  0.424849  -1
  1  0  0.938300  0.085750 -0.086045  0.702524  -2
  1  0  0.938300  0.206999 -0.123338  0.391317  -5
  1  0  0.938300 -0.102473  0.190400  0.740981  -1
  1  0  0.938300  0.010892 -0.021930  0.262482  -2
  1  0  0.938300 -0.271374  0.116258  0.620413  -2
  1  0  0.938300  0.186182  0.085257  0.310615  -3
  1  0  0.938300 -0.004491  0.225402  0.324232  -5
  1  0  0.938300  0.208231  0.248004  0.537730  -3
  1  0  0.938300 -0.016214 -0.323839  0.196288  -8
  1  0  0.938300 -0.003785 -0.025611  0.184829  -2
  1  0  0.938300  0.086404  0.115939  0.219231  -4
  1  0  0.938300 -0.081566 -0.110118  0.640838  -6
  1  0  0.938300  0.071989 -0.052795 -0.028225  -6
  1  0  0.938300  0.104266  0.021554  0.784398  -1
  1  0  0.938300 -0.110532 -0.141292  0.499293  -4
  1  0  0.938300  0.094425 -0.136502  0.445987  -2
  1  0  0.938300  0.258213  0.119234  0.461768  -6
  1  0  0.938300  0.088877  0.330974  0.156749  -2
  1  0  0.938300  0.193432  0.027981  0.400682  -3
  1  0  0.938300  0.400478 -0.380409  0.591400  -3
  1  0  0.938300  0.082546  0.248620  0.438838  -4
  1  0  0.938300  0.155124 -0.093595  0.540242  -1
  1  0  0.938300 -0.222403  0.074441  0.517881  -2
  1  0  0.938300 -0.181497  0.004121  0.008734  -5
  1  0  0.938300  0.015776  0.289388  0.471298  -2
  1  0  0.938300  0.134303  0.129348  0.564820  -6
  1  0  0.938300 -0.062286 -0.008476  0.175430  -4
  1  0  0.938300  0.034121  0.076858  0.335495  -3
  1  0  0.938300 -0.053193  0.053451  0.447021  -1
  1  0  0.938300  0.114363  0.245626  0.459415  -4
  1  0  0.938300  0.003084  0.246410  0.389122  -7
  1  0  0.938300 -0.046962  0.016070  0.478316  -6
  1  0  0.938300  0.055690 -0.014507  0.532017  -2
  1  0  0.938300 -0.034947  0.040416  0.151867  -4
  1  0  0.938300 -0.091278 -0.080809  0.448706  -3
  1  0  0.938300 -0.060978  0.226910  0.025674  -5
  1  0  0.938300  0.037181  0.061879  0.666383  -2
  1  0  0.938300 -0.067023 -0.137849  0.479694  -1
  1  0  0.938300  0.007747 -0.471546  0.131016  -3
  1  0  0.938300  0.096871  0.321989  0.317818  -5
  1  0  0.938300 -0.552345 -0.159953  0.163431  -5
  1  0  0.938300 -0.096574  0.307832  0.424717  -7
  1  0  0.938300 -0.058243  0.164332  0.790554  -3
  1  0  0.938300  0.132764 -0.429772  0.407236  -5
  1  0  0.938300 -0.109942 -0.208755  0.843769  -2
  1  0  0.938300 -0.174946 -0.284687  0.428680  -6
  1  0  0.938300  0.096826  0.079511  0.389253  -1
  1  0  0.938300 -0.087918 -0.104232  0.303374  -6
  1  0  0.938300 -0.290132 -0.472833  0.297482  -3
  1  0  0.938300 -0.183689 -0.358766  0.414637  -4
  1  0  0.938300 -0.202072 -0.324071  0.317613  -4
  1  0  0.938300  0.018115  0.336358  0.577517  -3
  1  0  0.938300 -0.158794  0.003968  0.692888  -1
  1  0  0.938300 -0.211254  0.048526 -0.004687  -6
  1  0  0.938300 -0.041737  0.407960  0.189967  -4
  1  0  0.938300 -0.346400 -0.022794  0.509015  -7
  1  0  0.938300  0.051391 -0.167547  0.378356  -3
  1  0  0.938300  0.104379 -0.255287  0.234668  -4
  1  0  0.938300 -0.322323  0.120540  0.209519  -2
  1  0  0.938300 -0.003371 -0.122402  0.499523  -2
  1  0  0.938300  0.147325  0.086590  0.793740  -2
  1  0  0.938300  0.148089  0.081212  0.450674  -5
  1  0  0.938300  0.124293 -0.222846  0.573566 -10
  1  0  0.938300  0.038721 -0.114395  0.656217  -3
  1  0  0.938300  0.086343 -0.019929  0.756401  -2
  1  0  0.938300  0.184678  0.224607  0.580176  -2
  1  0  0.938300  0.076238 -0.124938  0.240346  -4
  1  0  0.938300 -0.031297  0.480675 -0.016069  -7
  1  0  0.938300 -0.321008  0.246225  0.341282  -4
  1  0  0.938300  0.222421  0.114705  0.329799  -3
  1  0  0.938300 -0.180264 -0.041273  0.820548  -1
  1  0  0.938300 -0.039915 -0.102654  0.524540  -2
  1  0  0.938300  0.100229 -0.192424  0.014732  -4
  1  0  0.938300  0.239484 -0.400717  0.394905  -9
  1  0  0.938300 -0.213420 -0.133706  0.795650  -4
  1  0  0.938300  0.138016 -0.226136  0.191870  -7
  1  0  0.938300 -0.007967  0.113189  0.653678  -1
  1  0  0.938300 -0.087089  0.032247  0.532327  -3
  1  0  0.938300 -0.032646  0.012503  0.451437  -8
  1  0  0.938300 -0.187432 -0.221335  0.157063  -2
  1  0  0.938300 -0.115319 -0.118860  0.333880  -2
  1  0  0.938300  0.472322  0.106136  0.458837  -2
  1  0  0.938300 -0.067208  0.107293  0.435375  -5
  1  0  0.938300  0.027448 -0.272576  0.211727  -5
  1  0  0.938300 -0.221885  0.072659  0.405909  -2
  1  0  0.938300  0.016150 -0.096318  0.334278  -3
  1  0  0.938300  0.042654  0.042976  0.781314  -2
  1  0  0.938300 -0.254259 -0.002687  0.010025  -3