  1  1  0.938300 -0.011017 -0.143569  0.077087   1
  1  1  0.938300  0.135614 -0.067700  0.178519   3
  1  1  0.938300 -0.258343 -0.342810  0.130841   2
  1  1  0.938300 -0.136080 -0.064439  0.528586   3
  1  1  0.938300 -0.131096 -0.276785  0.144719   2
  1  1  0.938300 -0.042491  0.028112  0.052435   1
  1  1  0.938300 -0.050356  0.190649  0.151484   2
  1  1  0.938300 -0.261284 -0.334777  0.151423   4
  1  1  0.938300 -0.018061  0.033504  0.011524   1
  1  1  0.938300  0.358740 -0.066927  0.640955   3
  1  1  0.938300 -0.066857 -0.035486 -0.037827   1
  1  1  0.938300 -0.135333  0.354958  0.606473   6
  1  1  0.938300 -0.149445 -0.225494  0.388811   4
  1  1  0.938300 -0.282573 -0.026496  0.046986   2
  1  1  0.938300  0.073178  0.086042  0.193716   7
  1  1  0.938300  0.016848  0.026915 -0.010205   1
  1  1  0.938300  0.374177 -0.555580  0.229675   6
  1  1  0.938300 -0.188745 -0.120142  0.104051   1
  1  1  0.938300  0.401021 -0.224200  0.312563   2
  1  1  0.938300  0.127496 -0.429362  0.151476   5
  1  1  0.938300  0.076839  0.059078  0.260194   2
  1  0  0.938300  0.008652  0.189008  0.140590   3
  1  1  0.938300 -0.054843 -0.000883 -0.106078   1
  1  1  0.938300 -0.165373  0.049242  0.077394   2
  1  1  0.938300 -0.016533  0.050096  0.062347   1
  1  1  0.938300 -0.113965 -0.015721 -0.005645   1
  1  1  0.938300  0.246531 -0.206517  0.152960   2
  1  1  0.938300 -0.030682  0.243709  0.244156   3
  1  1  0.938300 -0.039606  0.212690  0.345766   7
  1  1  0.938300 -0.095337  0.166740  0.291671   5
  1  1  0.938300  0.501871 -0.298723  0.389110   2
  1  1  0.938300  0.211903 -0.112686  0.105041   3
  1  1  0.938300  0.065258  0.026139  0.178017   2
  1  1  0.938300  0.131171 -0.316128  0.393722   2
  1  1  0.938300  0.170628 -0.091591  0.320110   2
  1  1  0.938300 -0.087515  0.065872  0.589188   2
  1  1  0.938300 -0.039561 -0.068155  0.465325   3
  1  1  0.938300  0.231388  0.298793  0.150842   5
  1  0  0.938300  0.390273 -0.014312  0.499321   4
  1  1  0.938300 -0.276404 -0.133168  0.341405   9
  1  1  0.938300 -0.100923 -0.421709  0.216355   3
  1  1  0.938300 -0.082440 -0.032234  0.223503   5
  1  1  0.938300  0.221282 -0.062323  0.149405   4
  1  1  0.938300  0.033447  0.178564  0.062460   3
  1  1  0.938300  0.959431 -0.004589  0.807723   8
  1  1  0.938300 -0.075505 -0.092630 -0.106023   1
  1  1  0.938300 -0.004136  0.135891  0.401278   3
  1  1  0.938300 -0.041204  0.199789  0.326941   3
  1  1  0.938300  0.014907  0.398116  0.779948   4
  1  1  0.938300 -0.345385 -0.063116  0.223788   5
  1  1  0.938300  0.095960 -0.088486  0.245071   5
  1  1  0.938300  0.080506  0.025594  0.237522   5
  1  1  0.938300 -0.133642 -0.195549  0.416987   2
  1  1  0.938300 -0.198505  0.308780  0.339321   3
  1  1  0.938300 -0.343731 -0.095319  0.360377   3
  1  1  0.938300  0.001118  0.064049  0.030418   1
  1  1  0.938300 -0.255190 -0.045961  0.267992   8
  1  1  0.938300  0.039942  0.515324 -0.001647   2
  1  1  0.938300  0.108852  0.311989  0.487533   3
  1  1  0.938300  0.172282  0.151916 -0.072228   3
  1  1  0.938300 -0.098709 -0.182214  0.299150   5
  1  1  0.938300 -0.043274  0.529471  0.879523   2
  1  1  0.938300 -0.116444 -0.086183  0.054564   2
  1  1  0.938300 -0.223894 -0.000921  0.203117   5
  1  1  0.938300  0.013671  0.207219  0.393390   3
  1  1  0.938300  0.138629 -0.008952  0.088283   5
  1  1  0.938300  0.078053  0.021820  0.435421   7
  1  1  0.938300 -0.311959 -0.401763  0.636043   3
  1  1  0.938300 -0.221962  0.338547  0.446573   6
  1  1  0.938300  0.054455  0.092934  0.270776   4
  1  1  0.938300 -0.067864 -0.073690  0.082761   2
  1  1  0.938300  0.041715 -0.185310  0.043299   1
  1  1  0.938300 -0.055667 -0.217724  0.659745   2
  1  1  0.938300 -0.174498  0.055552  0.265237   4
  1  1  0.938300 -0.184017  0.065387 -0.012544   1
  1  1  0.938300 -0.099194 -0.207529 -0.171154   2
  1  1  0.938300  0.353377 -0.227201  0.376749   8
  1  1  0.938300  0.177776  0.142130  0.376197   2
  1  1  0.938300 -0.020349  0.726974  0.241566   2
  1  0  0.938300  0.069689  0.052870  0.232706   2
  1  0  0.938300 -0.184489 -0.090377  0.826946   2
  1  0  0.938300 -0.122366  0.104435  0.570444   3
  1  0  0.938300  0.038096  0.122911  0.036624   8
  1  0  0.938300 -0.021403  0.390817  0.033402   2
  1  0  0.938300  0.035046 -0.079230  0.576218   4
  1  0  0.938300 -0.158615  0.191451  0.470270   2
  1  0  0.938300  0.235604  0.299627  0.332870   3
  1  0  0.938300  0.206627  0.327930  0.548505   3
  1  0  0.938300 -0.286037 -0.305965  0.309097   3
  1  0  0.938300  0.253003  0.202492  0.212098   2
  1  0  0.938300 -0.218663 -0.156792 -0.092270   2
  1  0  0.938300 -0.148809  0.346354  0.220324   3
  1  0  0.938300  0.055761 -0.365444  0.706493   3
  1  0  0.938300 -0.490833 -0.123723  0.213794   4
  1  0  0.938300 -0.009352 -0.171883  0.529642   3
  1  0  0.938300  0.034658 -0.092705  0.452203   3
  1  0  0.938300  0.025274  0.300311  0.449873   3
  1  0  0.938300  0.107225  0.050885  0.544592   4
  1  0  0.938300 -0.327084 -0.229206  0.266545   6
  1  0  0.938300  0.153574 -0.033909  0.107665   1
  1  0  0.938300 -0.068756  0.161800  0.512832   2
  1  0  0.938300 -0.031379  0.371559  0.426514   4
  1  0  0.938300  0.110138  0.085132  0.100120   2
  1  0  0.938300 -0.018791  0.342707  0.426053   4
  1  0  0.938300 -0.108721  0.063293  0.369479   3
  1  0  0.938300  0.253170 -0.197352  0.037398   2
  1  0  0.938300 -0.135271 -0.326829  0.312956   2
  1  0  0.938300  0.214548  0.047102  0.260579   2
  1  0  0.938300  0.120644 -0.013584  0.141627   6
  1  0  0.938300  0.044119 -0.000835  0.045403   1
  1  0  0.938300 -0.180190 -0.121738 -0.011920   2
  1  0  0.938300 -0.078894 -0.594553  0.205876   7
  1  0  0.938300  0.007267  0.047512  0.335295   6
  1  0  0.938300  0.040092  0.100203  0.207192   3
  1  0  0.938300 -0.135584  0.029699  0.378193   2
  1  0  0.938300  0.168255 -0.043410  0.209883   2
  1  0  0.938300 -0.185235 -0.057450  0.410377   4
  1  0  0.938300  0.386700  0.082782  0.420247   2
  1  0  0.938300  0.217252  0.016945  0.514545   3
  1  0  0.938300 -0.173924 -0.135212 -0.114601   2
  1  0  0.938300 -0.082323 -0.071057  0.222604   4
  1  0  0.938300  0.226402 -0.054226  0.225488   5
  1  0  0.938300  0.251533  0.120496  0.376913   6
  1  0  0.938300  0.261087  0.098815  0.441252   5
  1  0  0.938300 -0.406254  0.116616  0.423925   2
  1  0  0.938300  0.231109 -0.139089  0.159933   2
  1  0  0.938300 -0.271969 -0.070326  0.628007   5
  1  0  0.938300 -0.474449 -0.101397  0.399540   3
  1  0  0.938300 -0.082810  0.280641  0.120915   6
  1  0  0.938300  0.167557  0.428640  0.594842   2
  1  0  0.938300 -0.266572  0.013028  0.104265   2
  1  0  0.938300  0.414034 -0.244920 -0.031917   2
  1  0  0.938300  0.002148 -0.089824  0.375161   3
  1  0  0.938300 -0.399328  0.132154  0.157772   5
  1  0  0.938300  0.037537 -0.180736  0.275263   5
  1  0  0.938300 -0.471474 -0.247719  0.047165   5
  1  0  0.938300 -0.089710 -0.147701  0.059402   2
  1  0  0.938300 -0.012709 -0.176341  0.340304   3
  1  0  0.938300  0.115618  0.195698  0.165311   1
  1  0  0.938300  0.227030  0.000434  0.113280   3
  1  0  0.938300  0.199695 -0.166046  0.352092   4
  1  0  0.938300  0.289532 -0.023318  0.143632   2
  1  0  0.938300 -0.020511 -0.155619  0.119611   1
  1  0  0.938300 -0.099823 -0.144412  0.449331   3
  1  0  0.938300 -0.064683 -0.255795 -0.076296   4
  1  0  0.938300  0.142004  0.043534  0.311913   2
  1  0  0.938300  0.110694 -0.077627  0.410974   4
  1  0  0.938300 -0.120241  0.065354  0.366546   2
  1  0  0.938300  0.134643 -0.045966  0.024441   1
  1  0  0.938300  0.055890 -0.139578  0.354046   4
  1  0  0.938300 -0.411477  0.212204  0.263198   5
  1  0  0.938300  0.156308 -0.305010  0.677968   6
  1  0  0.938300 -0.047613 -0.677510  0.832426   3
  1  0  0.938300 -0.102680 -0.110769  0.275272   2
  1  0  0.938300 -0.163943 -0.226563  0.426197   7
  1  0  0.938300  0.210578 -0.037571  0.139751   6
  1  0  0.938300 -0.232668  0.254958  0.894944   4
  1  0  0.938300  0.352879  0.135189  0.576485   5
  1  0  0.938300  0.198118  0.027398  0.541666   4
  1  0  0.938300 -0.393911  0.048227  0.482563   7
  1  0  0.938300  0.358714 -0.173656  0.474290   4
  1  0  0.938300  0.036133  0.288119  0.123562   3
  1  0  0.938300 -0.035608  0.037007  0.044625   1
  1  0  0.938300  0.533352  0.247788 -0.077461   4
  1  0  0.938300 -0.162059  0.022171  0.100858   1
  1  0  0.938300  0.141012  0.016573  0.642599   3
  1  0  0.938300  0.095007 -0.012350  0.391528   6
  1  0  0.938300  0.285088 -0.135325  0.154198   2
  1  0  0.938300  0.049857 -0.042858  0.260897   4
  1  0  0.938300 -0.010436 -0.085371  0.083993   1
  1  0  0.938300 -0.299511  0.025012  0.333902   5
  1  0  0.938300 -0.235934 -0.121970  0.368256   4
  1  0  0.938300 -0.087580 -0.312385  0.596060   2
  1  0  0.938300 -0.082313  0.457150  0.536359   3
  1  0  0.938300  0.028690  0.062896  0.087719   3
  1  0  0.938300 -0.099201  0.157268  0.078890   1
  1  0  0.938300 -0.014348 -0.013123  0.248673   2
  1  0  0.938300 -0.133348  0.034226  0.300358   4
  1  0  0.938300  0.022072  0.363480  0.593196   3
  1  0  0.938300 -0.094618  0.475184  0.636806   2
  1  0  0.938300 -0.144424 -0.290531  0.054777   2
  1  0  0.938300 -0.092325 -0.137774  1.113507   7
  1  0  0.938300 -0.049485  0.063479 -0.008373   5
  1  0  0.938300  0.130064 -0.147378 -0.056188   6
  1  0  0.938300  0.018210 -0.123009  0.074938   1
  1  0  0.938300 -0.352892 -0.253617  0.271169   5
  1  0  0.938300  0.046909  0.189477  0.458572   3
  1  0  0.938300 -0.151535  0.007665  0.330019   5
  1  0  0.938300 -0.016086 -0.014062  0.047451   1
  1  0  0.938300 -0.282431 -0.083289  0.183110   2
  1  0  0.938300 -0.115800  0.022363  0.252344   3
  1  0  0.938300 -0.189205 -0.332428  0.602437   2
  1  0  0.938300  0.037915 -0.122459  0.505737   4
  1  0  0.938300  0.185377  0.127824 -0.003477   4
  1  0  0.938300 -0.044843  0.350423  0.381144   2
  1  0  0.938300 -0.257243  0.055593  0.463462   3
  1  0  0.938300  0.036096 -0.022482 -0.056698   3
  1  1  0.938300 -0.274899 -0.184719  0.311728  -4
  1  1  0.938300 -0.200104  0.228030  0.565290  -2
  1  1  0.938300 -0.042024  0.073570  0.446972  -3
  1  1  0.938300 -0.074977  0.005168  0.394353  -2
  1  1  0.938300  0.080399 -0.052312  0.772073  -1
  1  1  0.938300 -0.081255 -0.102462  0.371002  -3
  1  1  0.938300 -0.055080 -0.004094  0.302263  -4
  1  1  0.938300 -0.023474  0.419654  0.625063  -2
  1  1  0.938300 -0.067329  0.249631  0.581656  -4
  1  1  0.938300  0.269025 -0.101616  0.325871  -3
  1  1  0.938300 -0.131976  0.077037  0.376127  -2
  1  1  0.938300  0.136182  0.110658  0.543794  -3
  1  1  0.938300  0.159769  0.115693  0.352524  -3
  1  1  0.938300  0.097284 -0.092507  0.391142  -2
  1  1  0.938300  0.292719  0.315600  0.521840  -5
  1  1  0.938300  0.071886  0.174880  0.737386  -1
  1  1  0.938300 -0.242438  0.261800  0.202358  -3
  1  1  0.938300 -0.081421 -0.098145  0.332443  -5
  1  1  0.938300 -0.039515  0.164315  0.537882  -3
  1  1  0.938300 -0.095377  0.128991  0.507979  -3
  1  1  0.938300 -0.173298  0.065608  0.798159  -5
  1  1  0.938300  0.087346 -0.571838  0.310693  -8
  1  1  0.938300  0.182631  0.565480  0.201487  -3
  1  1  0.938300 -0.151993  0.139857  0.271573  -4
  1  1  0.938300 -0.086024 -0.072166  0.754586  -1
  1  1  0.938300  0.016723  0.265421  0.295823  -3
  1  1  0.938300  0.153293 -0.226260  0.238768  -9
  1  1  0.938300 -0.226726 -0.313353  0.559089  -3
  1  1  0.938300  0.476749  0.119200  0.376884  -2
  1  1  0.938300 -0.199517  0.190171  0.502948  -8
  1  1  0.938300 -0.157328  0.006268  0.519296  -8
  1  1  0.938300 -0.429149  0.225628  0.479092  -3
  1  1  0.938300 -0.196601 -0.124524  0.394272  -3
  1  1  0.938300 -0.145832  0.001869  0.606664  -1
  1  1  0.938300 -0.535839 -0.231450  0.773461  -5
  1  1  0.938300 -0.162567 -0.310054  0.623355  -2
  1  1  0.938300  0.054276  0.037114  0.708229  -1
  1  1  0.938300 -0.226106  0.006369  0.467368  -1
  1  1  0.938300  0.004564  0.005567  0.787223  -1
  1  1  0.938300 -0.024030 -0.242343  0.414595  -3
  1  1  0.938300  0.110690 -0.177240 -0.210311  -3
  1  1  0.938300 -0.174633 -0.173182  0.631125  -2
  1  1  0.938300  0.169287  0.209527  0.187185  -2
  1  1  0.938300 -0.036362  0.397196  0.176149  -3
  1  1  0.938300 -0.290817  0.046203  0.454280  -3
  1  1  0.938300 -0.261058 -0.091996  0.634954  -3
  1  1  0.938300  0.056806 -0.027203  0.800581  -6
  1  1  0.938300  0.352100  0.477612  0.421091  -2
  1  1  0.938300  0.190115 -0.022880  0.399233  -3
  1  1  0.938300 -0.105020  0.072976  0.611425  -1
  1  1  0.938300 -0.075688 -0.033372  0.603918  -1
  1  1  0.938300 -0.090776 -0.407656  0.602025  -2
  1  1  0.938300 -0.031533 -0.163910  0.663159  -1
  1  1  0.938300 -0.183650  0.134537  0.553550  -5
  1  1  0.938300 -0.233472 -0.017318  0.172225  -3
  1  1  0.938300  0.453711 -0.003582  0.416989  -5
  1  0  0.938300  0.236979  0.145484  0.082714  -4
  1  1  0.938300  0.099862  0.054907  0.272960  -5
  1  1  0.938300  0.150675  0.011584  0.670450  -2
  1  1  0.938300 -0.018894  0.142720  0.789487  -1
  1  1  0.938300 -0.144179  0.206891  0.563352  -2
  1  1  0.938300  0.012099  0.178034  0.770044  -1
  1  1  0.938300 -0.008443  0.030460  0.665374  -1
  1  1  0.938300 -0.046782  0.189906  0.154086  -2
  1  1  0.938300  0.071232  0.224621  0.178232  -4
  1  1  0.938300 -0.232630 -0.171143  0.385292  -5
  1  1  0.938300 -0.386334  0.180458  0.176760  -3
  1  1  0.938300  0.119548  0.056631  0.755966  -1
  1  1  0.938300 -0.245610 -0.558506  0.775346  -6
  1  1  0.938300 -0.117393 -0.224756  0.679258  -5
  1  1  0.938300  0.558399  0.042130  0.491445  -2
  1  1  0.938300  0.157294 -0.161197  0.780086  -3
  1  1  0.938300  0.112198  0.119671  0.385714  -5
  1  1  0.938300 -0.095590 -0.203274  0.415600  -3
  1  1  0.938300  0.037813  0.065482  0.815631  -1
  1  1  0.938300  0.267198  0.134681  0.130232  -4
  1  1  0.938300 -0.128739  0.148102  0.037314  -4
  1  1  0.938300 -0.114245 -0.159164  0.354786  -3
  1  1  0.938300  0.083538  0.335660  0.316643  -5
  1  0  0.938300  0.077535 -0.241661  0.085728  -2
  1  0  0.938300 -0.146594 -0.075956  0.781990  -1
  1  0  0.938300  0.183068  0.034407  0.601152  -1
  1  0  0.938300 -0.026709  0.376800  0.872301  -6
  1  0  0.938300  0.252130 -0.036550  0.203419  -5
  1  0  0.938300 -0.112172 -0.224826  0.257637  -7
  1  0  0.938300  0.166058 -0.163482  0.593842  -2
  1  0  0.938300  0.352617  0.487475  0.498747  -7
  1  0  0.938300 -0.080046  0.069056  0.818074  -2
  1  0  0.938300 -0.009999 -0.081775  0.717564  -1
  1  0  0.938300  0.374655  0.177674  0.460328  -3
  1  0  0.938300 -0.143630  0.296699  0.528339  -2
  1  0  0.938300  0.235884  0.186855  0.708409  -2
  1  0  0.938300  0.289899  0.115284  0.481104  -4
  1  0  0.938300  0.025386 -0.158272  0.084127  -3
  1  0  0.938300  0.290217  0.333850  0.488143  -2
  1  0  0.938300  0.086688  0.081431  0.183851  -3
  1  0  0.938300  0.154703  0.228650  0.579376  -3
  1  0  0.938300 -0.053916 -0.027212  0.297167  -3
  1  0  0.938300 -0.107708 -0.195378  0.717570  -1
  1  0  0.938300  0.011674 -0.297650  0.474360  -8
  1  0  0.938300  0.103022 -0.375831  0.610878  -3
  1  0  0.938300 -0.152367  0.351571  0.120864  -5
  1  0  0.938300  0.207260  0.103356  0.608477  -1
  1  0  0.938300  0.054754  0.250814  0.328911  -2
  1  0  0.938300  0.076371 -0.201261  0.239594  -2
  1  0  0.938300 -0.007063  0.158900  0.455578  -1
  1  0  0.938300  0.030659 -0.218531  0.613024  -3
  1  0  0.938300  0.038112 -0.139388  0.449253  -4
  1  0  0.938300  0.293641 -0.041840  0.615151  -4
  1  0  0.938300  0.214256 -0.081446  0.184973  -2
  1  0  0.938300 -0.229937 -0.159380  0.487388  -4
  1  0  0.938300  0.212702 -0.072998  0.590369  -1
  1  0  0.938300 -0.314417  0.020288  0.604161  -2
  1  0  0.938300  0.194657 -0.104715  0.659703  -4
  1  0  0.938300 -0.130955  0.144977  0.095454  -3
  1  0  0.938300 -0.265208 -0.130154  0.231017  -6
  1  0  0.938300  0.002645 -0.069629 -0.217367  -3
  1  0  0.938300 -0.028790 -0.010813  0.314790  -8
  1  0  0.938300  0.156776 -0.021781  0.520725  -4
  1  0  0.938300  0.242166  0.040342  0.386608  -2
  1  0  0.938300  0.077379 -0.117573  0.527289  -2
  1  1  0.938300 -0.078589  0.225471  0.607077  -3
  1  0  0.938300 -0.093948  0.118584  0.430343  -5
  1  0  0.938300 -0.076918 -0.010752  0.580418  -3
  1  0  0.938300 -0.022656  0.220113  0.026622  -2
  1  0  0.938300  0.215304 -0.013794  0.319461  -3
  1  0  0.938300  0.268540  0.179428  0.685502  -2
  1  0  0.938300  0.268429 -0.155350  0.190792  -4
  1  0  0.938300 -0.170386 -0.465133  0.330791  -4
  1  0  0.938300  0.005477  0.185887  0.555520  -7
  1  0  0.938300 -0.038376 -0.284291  0.504428  -3
  1  0  0.938300 -0.260309 -0.158770  0.497168  -3
  1  0  0.938300 -0.237564  0.406090  0.535463  -3
  1  0  0.938300  0.137392 -0.259918  0.001531  -4
  1  0  0.938300  0.152559 -0.055835  0.719325  -1
  1  0  0.938300 -0.094504  0.205592  0.622993  -3
  1  0  0.938300  0.189878  0.168685  0.285626  -5
  1  0  0.938300 -0.184513 -0.016882  0.163171  -2
  1  0  0.938300 -0.051239 -0.120432  0.312641  -2
  1  0  0.938300 -0.016416  0.152392  0.371939  -9
  1  0  0.938300  0.037744  0.169184  0.367608  -2
  1  0  0.938300 -0.151218 -0.029757  0.733436  -1
  1  0  0.938300  0.321840 -0.168332  0.284320  -2
  1  0  0.938300 -0.398613 -0.032134  0.024810  -4
  1  0  0.938300  0.010048 -0.062934  0.639094  -3
  1  0  0.938300 -0.365878 -0.411772  0.428769  -2
  1  0  0.938300  0.304434  0.385906  0.209448  -4
  1  0  0.938300 -0.146215 -0.170728  0.531607  -4
  1  1  0.938300  0.088386  0.172023  0.615802  -3
  1  0  0.938300 -0.007713  0.133706  0.457695  -3
  1  0  0.938300  0.069913  0.075076  0.187718  -3
  1  0  0.938300 -0.024440 -0.064564  0.939034  -1
  1  0  0.938300 -0.233266  0.339498  0.629021  -3
  1  0  0.938300 -0.252263  0.003880 -0.202719  -7
  1  0  0.938300  0.458621  0.312602  0.779251  -4
  1  0  0.938300  0.413748 -0.386328  0.561887  -2
  1  0  0.938300  0.044673  0.180461  0.722378  -1
  1  0  0.938300 -0.161794 -0.346190  0.554881  -5
  1  0  0.938300 -0.064916 -0.211678  0.489433  -5
  1  0  0.938300 -0.217485 -0.032045  0.678968  -1
  1  0  0.938300  0.105859  0.357353  0.623701  -5
  1  0  0.938300  0.097932  0.197201  0.426882  -6
  1  0  0.938300 -0.044966 -0.360563  0.056560  -3
  1  0  0.938300  0.078072 -0.184080  0.626433  -2
  1  0  0.938300 -0.440539 -0.365081  0.933285  -3
  1  0  0.938300  0.297900 -0.188606  0.411494  -5
  1  0  0.938300  0.257759  0.113205  0.599359  -4
  1  0  0.938300 -0.255335 -0.150247  0.222117  -3
  1  0  0.938300  0.067977  0.206834  0.311532  -2
  1  0  0.938300 -0.158499 -0.037002  0.572037  -2
  1  0  0.938300 -0.100309  0.052705  0.631912  -6
  1  0  0.938300  0.236629 -0.307579  0.545094  -4
  1  0  0.938300 -0.259999  0.120018  0.390834  -2
  1  0  0.938300 -0.049122  0.442429  0.430682  -2
  1  1  0.938300 -0.051980  0.098701  0.395930  -5
  1  0  0.938300 -0.029315  0.034904 -0.042199  -5
  1  0  0.938300  0.089275  0.004883  0.314971  -1
  1  0  0.938300  0.078579 -0.043436  0.310156  -6
  1  0  0.938300  0.113406 -0.103700  0.479287  -3
  1  0  0.938300 -0.067457  0.017540  0.683557  -5
  1  0  0.938300 -0.041752  0.271491  0.340222  -2
  1  0  0.938300 -0.029920 -0.250327  0.587755  -7
  1  0  0.938300 -0.109813 -0.080130  0.035597 -12
  1  0  0.938300 -0.086195  0.330270  0.494781  -2
  1  0  0.938300 -0.280749 -0.420978  0.740912  -4
  1  0  0.938300  0.166581 -0.193730  0.613207  -4
  1  0  0.938300 -0.235670  0.104711  0.309271  -3
  1  0  0.938300  0.006857 -0.060274  0.339735  -3
  1  0  0.938300 -0.167839 -0.171931  0.253757  -3
  1  0  0.938300  0.555559  0.048201  0.196158  -2
  1  0  0.938300 -0.062326 -0.245956  0.534217  -2
  1  0  0.938300  0.080546  0.144021  0.826280  -4
  1  0  0.938300  0.307793 -0.272267  0.553972  -3
  1  0  0.938300  0.095086  0.097316  0.478317  -1
  1  0  0.938300  0.156205 -0.238349  0.773268  -2
  1  0  0.938300 -0.331327 -0.371523  0.308021  -5
  1  0  0.938300 -0.212787  0.214192  0.230511  -2