  1  1  0.938300  0.270290  0.011762  0.198001   3
  1  1  0.938300 -0.117334  0.101145  0.118432   3
  1  1  0.938300  0.429465  0.029742  0.368080  12
  1  1  0.938300 -0.065342  0.129166 -0.087322   2
  1  1  0.938300  0.188575  0.316812  0.408738   2
  1  1  0.938300 -0.136374 -0.205139  0.213020   2
  1  1  0.938300  0.211695  0.214975  0.723848   8
  1  1  0.938300  0.361901 -0.205937  0.561881   2
  1  1  0.938300 -0.232608  0.215401  0.626065   3
  1  1  0.938300 -0.072512 -0.329107  0.301131   2
  1  1  0.938300 -0.040174  0.036053  0.258064   1
  1  1  0.938300  0.100349  0.126610  0.728422   6
  1  1  0.938300 -0.032630 -0.088146  0.337814   2
  1  1  0.938300 -0.125852  0.024287  0.111439   1
  1  1  0.938300  0.263000 -0.242852  0.253104   2
  1  1  0.938300 -0.086447  0.032722  0.013390   1
  1  1  0.938300  0.055238  0.156473  0.563534   6
  1  1  0.938300 -0.001322 -0.069038  0.256980   3
  1  1  0.938300 -0.084992  0.060972  0.046676   1
  1  1  0.938300  0.008183  0.164224  0.245956   1
  1  1  0.938300  0.038573  0.006280  0.597127   6
  1  1  0.938300  0.023146  0.147285  0.225417   2
  1  1  0.938300  0.213119  0.033587  0.306183   2
  1  1  0.938300  0.189258 -0.146793  0.121409   1
  1  1  0.938300 -0.062560  0.319771  0.031276   2
  1  1  0.938300  0.239535  0.522587  0.262890   5
  1  1  0.938300  0.350055  0.048561  0.080538   3
  1  1  0.938300 -0.380442  0.459974  0.220384   2
  1  1  0.938300 -0.044688 -0.144538  0.516508   6
  1  1  0.938300 -0.165404  0.123033  0.413134   9
  1  1  0.938300 -0.119538 -0.044232 -0.036986   1
  1  1  0.938300  0.120605  0.213132 -0.011433   5
  1  1  0.938300  0.082165  0.013499  0.317783   2
  1  1  0.938300  0.387707  0.086873  0.303587   3
  1  1  0.938300 -0.090632 -0.089885  0.087912   4
  1  1  0.938300 -0.110356 -0.309310 -0.081988   3
  1  1  0.938300 -0.104305 -0.190217  0.050312   2
  1  1  0.938300 -0.276878 -0.032356  0.088331   1
  1  1  0.938300 -0.194230 -0.496469  0.714314   5
  1  1  0.938300  0.063500  0.021557  0.246496   1
  1  1  0.938300 -0.069157 -0.149217 -0.121043   1
  1  1  0.938300 -0.222328 -0.094368  0.500138   4
  1  1  0.938300  0.049390 -0.135843  0.120106   5
  1  1  0.938300 -0.168319  0.088003  0.237042   2
  1  1  0.938300 -0.326361  0.216729  0.362076   4
  1  1  0.938300 -0.018429 -0.031296 -0.124938   1
  1  1  0.938300 -0.163017  0.219854  0.343472   3
  1  1  0.938300 -0.096257 -0.112977  0.128157   1
  1  1  0.938300  0.294380 -0.319584  0.397825   4
  1  1  0.938300 -0.199947  0.180229  0.480246   2
  1  1  0.938300 -0.008492 -0.004584  0.299989   3
  1  1  0.938300 -0.097594  0.023191  0.192651   1
  1  1  0.938300  0.145135  0.166375  0.346980   2
  1  1  0.938300  0.037471 -0.073041  0.252613   4
  1  1  0.938300  0.059916  0.368547  0.094251   2
  1  1  0.938300  0.049187 -0.290748  0.381162   3
  1  1  0.938300  0.290387 -0.227657  0.345943   2
  1  1  0.938300  0.148195 -0.013361  0.105529   5
  1  1  0.938300  0.098253  0.125432  0.860162   5
  1  1  0.938300  0.164294 -0.074669  0.440007   6
  1  1  0.938300 -0.316355 -0.163081  0.489959   2
  1  1  0.938300  0.218577  0.547212  0.368763   3
  1  1  0.938300 -0.237323  0.390326  0.156447   3
  1  1  0.938300  0.021535 -0.225728  0.259363   5
  1  1  0.938300  0.346687  0.289377  0.354860   3
  1  1  0.938300 -0.236681  0.328964  0.459027   2
  1  1  0.938300 -0.106674  0.009335  0.064552   1
  1  1  0.938300 -0.081050 -0.238295  0.329330   2
  1  1  0.938300  0.185677  0.030759 -0.039314   1
  1  1  0.938300 -0.236096 -0.120874  0.014469   2
  1  1  0.938300  0.149220 -0.068582  0.640474   2
  1  1  0.938300  0.084954  0.115392  0.645092   4
  1  1  0.938300  0.122184 -0.283262  0.087932   4
  1  1  0.938300 -0.099128 -0.124872  0.423932   8
  1  1  0.938300 -0.408439 -0.013584  0.802207   5
  1  1  0.938300  0.203871 -0.365179  0.330616   2
  1  1  0.938300  0.138253 -0.070780  0.086468   6
  1  1  0.938300  0.158535  0.222771  0.860832   3
  1  1  0.938300 -0.423366 -0.055024  0.838342   5
  1  0  0.938300  0.137723 -0.060620  0.280713   2
  1  0  0.938300 -0.259275 -0.228443  0.563643   3
  1  0  0.938300 -0.076296  0.118699  0.241400   1
  1  0  0.938300 -0.126189 -0.136638  0.388151   5
  1  0  0.938300 -0.390455  0.040664  0.373390   2
  1  0  0.938300 -0.220688 -0.157350 -0.029576   2
  1  0  0.938300 -0.272023  0.075307  0.216609   2
  1  0  0.938300 -0.235605  0.196817  0.575822   4
  1  0  0.938300  0.051059 -0.253770  0.447539   5
  1  0  0.938300  0.036423  0.263247  0.811642   3
  1  0  0.938300 -0.014650 -0.077093 -0.109432   6
  1  0  0.938300 -0.216112 -0.154269  0.780549   2
  1  0  0.938300  0.261290 -0.062001  0.225022   2
  1  0  0.938300 -0.094942 -0.255065  0.249903   2
  1  0  0.938300 -0.280571  0.169859  0.508193   7
  1  0  0.938300  0.295494  0.070953  0.651156   3
  1  0  0.938300  0.163359  0.047587  0.143077   2
  1  0  0.938300  0.017575 -0.184822  0.504623   6
  1  0  0.938300 -0.083944 -0.174861  0.092420   3
  1  0  0.938300  0.062648 -0.177645  0.013852   4
  1  0  0.938300 -0.036938 -0.080439  0.157563   8
  1  0  0.938300 -0.078306  0.004655 -0.011569   5
  1  0  0.938300 -0.124023 -0.162302  0.268584   4
  1  0  0.938300 -0.049334  0.008563  0.169689   4
  1  0  0.938300  0.074348  0.037381  0.295571   3
  1  0  0.938300  0.043677 -0.140561  0.306563   3
  1  0  0.938300 -0.123636  0.124796  0.690805   4
  1  0  0.938300 -0.171160 -0.274734  0.099485   3
  1  0  0.938300 -0.106176 -0.288665 -0.101170   3
  1  0  0.938300  0.367958  0.021263  0.386081   7
  1  0  0.938300  0.248436  0.102894  0.326592   3
  1  0  0.938300  0.116771  0.403747  0.362452   7
  1  0  0.938300  0.103101 -0.067462  0.522643   5
  1  0  0.938300  0.204947 -0.093132  0.646476   6
  1  0  0.938300 -0.090097 -0.177089  0.014966   4
  1  0  0.938300 -0.119472 -0.093191  0.041815   1
  1  0  0.938300  0.199434  0.030722  0.022746   1
  1  0  0.938300  0.050552  0.283474  0.220320   2
  1  0  0.938300  0.130304 -0.106385  0.188924   1
  1  0  0.938300  0.263432 -0.038311  0.097615   1
  1  0  0.938300 -0.058624 -0.259751  0.199404   2
  1  0  0.938300  0.088158  0.088130  0.738423   2
  1  0  0.938300  0.016754 -0.066307  0.369594   3
  1  0  0.938300  0.026146 -0.024351  0.080233   5
  1  0  0.938300 -0.124028  0.291966 -0.038250   2
  1  0  0.938300 -0.003619 -0.191873  0.071374   1
  1  0  0.938300 -0.356554  0.120093  0.144263   4
  1  0  0.938300 -0.465389 -0.436715  0.379163   4
  1  0  0.938300 -0.276660 -0.108056  0.334065   7
  1  0  0.938300 -0.307151  0.078026  0.009016   3
  1  0  0.938300 -0.266932 -0.245401  0.370105   5
  1  0  0.938300  0.329828  0.035644  0.333410   4
  1  0  0.938300  0.161707  0.082273  0.420520   3
  1  0  0.938300  0.030152  0.494035  1.091779   6
  1  0  0.938300 -0.362919  0.058767  0.028982   8
  1  1  0.938300 -0.074577 -0.276243  0.681887   5
  1  0  0.938300 -0.062442 -0.063771 -0.010962   6
  1  0  0.938300  0.029522  0.071447  0.082755   2
  1  0  0.938300 -0.061603  0.430194  0.108278   5
  1  0  0.938300 -0.335786 -0.105988  0.380471   3
  1  0  0.938300 -0.429307 -0.278318  0.691034   5
  1  0  0.938300  0.096346 -0.017926  0.097977   2
  1  0  0.938300  0.159215 -0.052718  0.342166   1
  1  0  0.938300  0.183759  0.231901  0.084204  11
  1  0  0.938300  0.223611  0.026107 -0.086557   1
  1  0  0.938300  0.576498  0.603494  0.504026   2
  1  0  0.938300  0.118883  0.192032  0.333843   3
  1  0  0.938300  0.057282 -0.040155  0.320718   2
  1  0  0.938300 -0.129494 -0.134016  0.171088   4
  1  0  0.938300  0.377118  0.313682  0.610877   6
  1  0  0.938300  0.094279 -0.129716  0.426486   3
  1  0  0.938300 -0.061065  0.030995  0.224488   6
  1  0  0.938300 -0.250771  0.117924  0.092283   4
  1  0  0.938300 -0.233685 -0.018708  0.499181   8
  1  0  0.938300 -0.009346 -0.158104  0.281499   5
  1  0  0.938300 -0.143048  0.039448  0.697047   5
  1  0  0.938300 -0.079284 -0.019321  0.204374   4
  1  0  0.938300 -0.069589  0.236694  0.100183   1
  1  0  0.938300  0.091083  0.096387  0.336329   4
  1  0  0.938300  0.009264 -0.077394  0.373884  11
  1  0  0.938300  0.272033 -0.249459 -0.032145   2
  1  0  0.938300 -0.286796  0.195614  0.448934   5
  1  0  0.938300  0.063231 -0.334860  0.077894   5
  1  0  0.938300 -0.309218 -0.141685  0.584677   6
  1  0  0.938300  0.134215 -0.057575  0.343780   2
  1  0  0.938300  0.164187  0.257674  0.051421   6
  1  0  0.938300 -0.193663 -0.130854  0.412308   4
  1  0  0.938300  0.111214  0.157495  0.248199   2
  1  0  0.938300  0.255319 -0.135258  0.259059   2
  1  0  0.938300  0.248661 -0.011477 -0.097585   5
  1  0  0.938300 -0.157792  0.052363  0.224855   4
  1  0  0.938300  0.284406  0.055710  0.526504   3
  1  1  0.938300 -0.167935  0.134495  0.502436   5
  1  0  0.938300  0.045730 -0.047375  0.296225   5
  1  0  0.938300 -0.288234  0.030833  0.050998   4
  1  0  0.938300  0.156217 -0.032341  0.373927   6
  1  0  0.938300 -0.085518 -0.059355  0.376580   2
  1  0  0.938300  0.548393 -0.151309  0.580361   5
  1  0  0.938300 -0.380041  0.102910  0.366086   4
  1  0  0.938300 -0.014828 -0.114362 -0.002970   1
  1  0  0.938300 -0.000281  0.272256  0.448747   4
  1  0  0.938300 -0.184208  0.180642  0.384189   4
  1  0  0.938300 -0.084754  0.182096  0.759253   4
  1  0  0.938300  0.147757  0.051820  0.028925   2
  1  0  0.938300 -0.200403 -0.207374  0.489009   7
  1  0  0.938300  0.410233  0.160545 -0.009037   2
  1  0  0.938300 -0.126543  0.043140  0.489250   4
  1  0  0.938300  0.373891  0.198252  0.593618   3
  1  0  0.938300 -0.129449  0.072814  0.622856   5
  1  0  0.938300  0.064104  0.118328  0.125917   7
  1  0  0.938300 -0.085138  0.014720  0.100536   1
  1  0  0.938300 -0.100282  0.088655  0.247165   1
  1  0  0.938300 -0.054142 -0.274788  0.119408   4
  1  0  0.938300 -0.086392 -0.138125  0.620973   7
  1  0  0.938300 -0.360335  0.070508  0.681856   5
  1  0  0.938300 -0.074065 -0.063367  0.306284   2
  1  0  0.938300  0.195488 -0.037006  0.031197   6
  1  0  0.938300  0.028421 -0.090586 -0.083293   1
  1  1  0.938300 -0.506195  0.265469  0.305677  -3
  1  1  0.938300  0.107269 -0.131593  0.445560  -2
  1  1  0.938300 -0.272893  0.067210  0.770456  -5
  1  1  0.938300  0.150899  0.223713  0.746220  -3
  1  1  0.938300 -0.291128 -0.045996  0.641236  -2
  1  1  0.938300 -0.165081  0.382534  0.456100  -3
  1  1  0.938300  0.035335  0.253648  0.533792  -2
  1  1  0.938300  0.060007 -0.067117  0.192011  -5
  1  1  0.938300  0.482238 -0.170791  0.138911  -2
  1  1  0.938300  0.000239 -0.170859  0.617124  -1
  1  1  0.938300  0.391881  0.016414  0.580887  -3
  1  1  0.938300  0.143497  0.525857  0.525796  -6
  1  1  0.938300  0.139832 -0.200960  0.528021  -4
  1  1  0.938300  0.028449 -0.174613  0.293461  -3
  1  1  0.938300 -0.130162 -0.131861  0.224107  -8
  1  1  0.938300 -0.331761  0.347854  0.750491  -8
  1  1  0.938300 -0.154714 -0.119775  0.232831  -3
  1  1  0.938300 -0.111459 -0.147136 -0.017881  -3
  1  1  0.938300 -0.012755 -0.182826 -0.109917  -2
  1  1  0.938300 -0.131809  0.426842  0.369526  -4
  1  1  0.938300 -0.030763  0.185211  0.351819  -3
  1  1  0.938300 -0.047092 -0.009976  0.789369  -1
  1  1  0.938300 -0.166733  0.013966  0.319960  -4
  1  1  0.938300  0.013257 -0.262988  0.641233  -5
  1  1  0.938300 -0.005535  0.161040  0.473770  -2
  1  1  0.938300 -0.126873 -0.279212  0.231715  -4
  1  1  0.938300 -0.061940  0.106400  0.563215  -6
  1  1  0.938300 -0.172531  0.141756  0.313138  -2
  1  1  0.938300 -0.095451  0.011902  0.218442  -7
  1  1  0.938300  0.135005  0.294131  0.632383  -5
  1  1  0.938300  0.232826  0.110063  0.268522  -3
  1  1  0.938300  0.045935  0.049845  0.209336  -4
  1  1  0.938300 -0.101188  0.011672  0.211896  -7
  1  1  0.938300  0.063801 -0.043553  0.291048  -4
  1  1  0.938300 -0.111563 -0.068603  0.487841  -4
  1  1  0.938300  0.177925  0.072631  0.373863  -2
  1  1  0.938300  0.010034 -0.133435  0.337345  -9
  1  1  0.938300 -0.013605  0.169818  0.293637  -8
  1  1  0.938300  0.144143  0.133506  0.156503  -3
  1  1  0.938300 -0.066892  0.155825  0.403794  -2
  1  1  0.938300 -0.061546  0.494323  0.268538  -5
  1  1  0.938300  0.180970 -0.332363  0.397098  -2
  1  1  0.938300  0.143382  0.085442  0.742612  -1
  1  1  0.938300  0.001983  0.290006  0.797770  -4
  1  1  0.938300  0.238181 -0.026500  0.327726  -7
  1  1  0.938300 -0.060671 -0.059187  0.417097  -7
  1  1  0.938300  0.348658  0.027590  0.381530  -5
  1  1  0.938300  0.142174  0.026919  0.353178  -2
  1  1  0.938300  0.077136  0.348467  0.263125  -2
  1  1  0.938300  0.308352 -0.140199  0.326809  -2
  1  1  0.938300  0.028477 -0.383629  0.335894  -4
  1  1  0.938300  0.487879 -0.267163  0.633038  -2
  1  1  0.938300  0.137193  0.092371  0.630035  -1
  1  1  0.938300  0.101040  0.007479  0.488238  -2
  1  1  0.938300 -0.108383 -0.044409 -0.016713  -4
  1  1  0.938300 -0.031032 -0.267726  0.359820  -2
  1  1  0.938300  0.161352  0.359813  0.085477  -7
  1  1  0.938300  0.149737  0.049159  0.164884  -5
  1  1  0.938300 -0.094260  0.110667  0.873696  -1
  1  1  0.938300  0.267970 -0.359446  0.694312  -4
  1  1  0.938300 -0.091485 -0.345106  0.409155  -5
  1  1  0.938300 -0.149087 -0.009838  0.678679  -1
  1  1  0.938300  0.051637 -0.128114  0.563139  -5
  1  1  0.938300  0.068853  0.197844  0.303885  -7
  1  1  0.938300 -0.136646 -0.097878  0.192769  -4
  1  1  0.938300 -0.278616 -0.203549  0.754546  -4
  1  1  0.938300  0.100611  0.214856  0.834758  -2
  1  1  0.938300 -0.006751 -0.345524  0.103085  -6
  1  1  0.938300  0.173778  0.062773  0.458800  -5
  1  1  0.938300 -0.008892 -0.138528  0.323179  -2
  1  1  0.938300 -0.215418  0.257844  0.110759  -6
  1  1  0.938300 -0.230950 -0.289687  0.527951  -3
  1  1  0.938300  0.079059  0.334217  0.142534  -3
  1  1  0.938300  0.307135  0.130976  0.316594  -2
  1  1  0.938300 -0.114055 -0.011790  0.720326  -7
  1  1  0.938300  0.185973  0.035919  0.736292  -5
  1  1  0.938300 -0.157268  0.160488  0.070230  -3
  1  1  0.938300 -0.475029  0.273166  0.677959  -6
  1  1  0.938300 -0.227809 -0.170330  0.123735  -3
  1  0  0.938300  0.141103  0.165530  0.445259  -2
  1  0  0.938300 -0.089912  0.312805  0.448277  -5
  1  0  0.938300  0.057554 -0.223931  0.530479 -12
  1  0  0.938300  0.022055 -0.165008  0.119948  -5
  1  0  0.938300 -0.018745  0.176014  0.374582  -6
  1  0  0.938300  0.087005 -0.249741  0.375649  -6
  1  0  0.938300  0.130519  0.154277  0.110380  -4
  1  0  0.938300  0.192001  0.201464  0.580492  -4
  1  0  0.938300 -0.042889  0.278374  0.053283  -3
  1  0  0.938300 -0.098728 -0.040268  0.478881  -3
  1  0  0.938300  0.226774 -0.139541  0.313517 -12
  1  0  0.938300 -0.056740 -0.005563  0.697385  -1
  1  0  0.938300 -0.056416 -0.252004  0.247222  -3
  1  0  0.938300 -0.108352  0.153642  0.367171  -5
  1  0  0.938300 -0.164459  0.314426  0.948033  -3
  1  0  0.938300  0.164619 -0.209767  0.446574  -3
  1  0  0.938300 -0.009576 -0.067443  0.557174  -4
  1  0  0.938300  0.149159  0.076044  0.366928  -9
  1  0  0.938300  0.232160  0.328575  0.428922  -2
  1  0  0.938300  0.012036 -0.151158 -0.213038  -6
  1  0  0.938300  0.025285 -0.101482 -0.034116  -6
  1  0  0.938300 -0.078895  0.251023  0.099867  -3
  1  0  0.938300 -0.113189 -0.147955  0.385847  -4
  1  0  0.938300  0.192740  0.107611  0.487959  -1
  1  0  0.938300 -0.196999  0.150267  0.679360  -1
  1  0  0.938300  0.250054 -0.119270  0.420170  -4
  1  0  0.938300 -0.229076 -0.191450  0.450273  -5
  1  0  0.938300 -0.146483 -0.194811  0.335011  -3
  1  0  0.938300 -0.149587  0.325961  0.612731  -9
  1  0  0.938300 -0.002229  0.303792  0.511356  -7
  1  0  0.938300  0.358406  0.359233  0.285015  -3
  1  0  0.938300  0.220269 -0.382995  0.766956  -4
  1  0  0.938300  0.072732 -0.121500  0.228341  -3
  1  0  0.938300 -0.421439 -0.328727  0.577646  -5
  1  0  0.938300 -0.258482 -0.371384  0.207525  -2
  1  0  0.938300 -0.110664 -0.045240  0.833199  -2
  1  0  0.938300  0.032960 -0.266596  0.126003  -6
  1  0  0.938300  0.219640  0.042744  0.372211  -3
  1  0  0.938300  0.263139  0.010912  0.252617  -4
  1  0  0.938300  0.263859 -0.476540  0.475738  -4
  1  0  0.938300 -0.170548  0.226412  0.458415  -5
  1  0  0.938300 -0.363400 -0.336753  0.372967  -7
  1  0  0.938300 -0.136996  0.199614  0.305855  -2
  1  0  0.938300  0.310458  0.141557  0.352511  -3
  1  0  0.938300 -0.191521  0.185080  0.520754  -3
  1  0  0.938300  0.029493  0.095472  0.378869  -5
  1  0  0.938300  0.421611 -0.146594  0.131136  -3
  1  0  0.938300 -0.432472  0.282509  0.497945  -5
  1  0  0.938300 -0.019426 -0.421997  0.950422  -2
  1  0  0.938300  0.140199  0.310956  0.506075  -3
  1  0  0.938300  0.311581  0.319049  0.403103  -3
  1  0  0.938300 -0.165444  0.371086  0.477948  -3
  1  0  0.938300 -0.132711  0.107079  0.420055  -8
  1  0  0.938300  0.109797 -0.148024  0.556171  -3
  1  0  0.938300  0.286494 -0.032236  0.244910  -6
  1  0  0.938300 -0.182485  0.245532  0.330757 -11
  1  0  0.938300 -0.258391 -0.047851  0.768355  -3
  1  0  0.938300 -0.036905  0.038385  0.680231  -1
  1  0  0.938300  0.063376 -0.056693  0.530935  -3
  1  0  0.938300  0.041434 -0.115753  0.873120  -3
  1  0  0.938300  0.065198 -0.423258  0.131692  -5
  1  0  0.938300  0.262446  0.190692  0.311867  -7
  1  0  0.938300 -0.217849 -0.041812  0.248222  -5
  1  0  0.938300 -0.084430 -0.185873  0.543212  -2
  1  0  0.938300 -0.030349 -0.136653  0.458778  -2
  1  0  0.938300 -0.280092  0.364002  0.553097  -5
  1  0  0.938300  0.075709 -0.030048  0.491869  -3
  1  0  0.938300  0.103505 -0.618464  0.657494  -3
  1  0  0.938300  0.212911 -0.045651  0.681827  -2
  1  0  0.938300 -0.034308  0.289150  0.616463  -5
  1  0  0.938300 -0.079091 -0.067245  0.770402  -1
  1  0  0.938300 -0.075722  0.037169  0.521510  -1
  1  0  0.938300 -0.039607 -0.099333  0.600040  -5
  1  0  0.938300 -0.065256  0.051313  0.915254  -1
  1  0  0.938300 -0.123884  0.088031  0.742018  -2
  1  0  0.938300  0.038108 -0.018681  0.394769  -1
  1  0  0.938300  0.023079  0.055473  0.817082  -1
  1  0  0.938300  0.209001  0.283616  0.419589  -3
  1  0  0.938300  0.242652  0.189556 -0.027569  -3
  1  0  0.938300 -0.169852 -0.005785  0.517484  -7
  1  0  0.938300  0.257414 -0.095412  0.748884  -3
  1  0  0.938300 -0.040687  0.001293  0.276486  -5
  1  0  0.938300 -0.022165 -0.008688  0.406892  -5
  1  0  0.938300 -0.259388 -0.074746  0.770427  -6
  1  0  0.938300 -0.236405 -0.029587  0.527380  -3
  1  0  0.938300  0.135313  0.073384  0.480786  -2
  1  0  0.938300  0.030625  0.453431  0.875314  -4
  1  0  0.938300 -0.182126 -0.290208  0.178328  -6
  1  0  0.938300  0.267795 -0.022153  0.502240  -3
  1  0  0.938300  0.163098 -0.025026  0.414370  -2
  1  0  0.938300 -0.071096 -0.102537  0.532410  -1
  1  0  0.938300 -0.228383  0.251820  0.478029  -2
  1  0  0.938300  0.078688 -0.037315  0.528125  -2
  1  0  0.938300 -0.043016 -0.159410  0.553111  -1
  1  0  0.938300 -0.128596 -0.411617  0.498373  -2
  1  0  0.938300 -0.056034  0.179419  0.371595  -5
  1  0  0.938300  0.339975 -0.166905  0.625866  -6
  1  0  0.938300  0.226852  0.138897  0.692433  -2
  1  0  0.938300 -0.113886 -0.501148  0.232070  -3
  1  0  0.938300 -0.027118  0.033230  0.626179  -1
  1  0  0.938300  0.174339 -0.158007  0.411346  -5
  1  0  0.938300  0.049699  0.062970  0.799961  -1
  1  0  0.938300  0.017428 -0.278801  0.174722  -5
  1  0  0.938300  0.149985  0.092611  0.667330  -4
  1  0  0.938300 -0.047264  0.034110  0.439822  -2
  1  0  0.938300  0.111984  0.219406  0.426889  -4
  1  0  0.938300  0.110278 -0.097661  0.426445  -2
  1  0  0.938300  0.126442 -0.363714  0.175535  -5
  1  0  0.938300  0.040228 -0.065682  0.654593  -2
  1  0  0.938300 -0.045378 -0.172289  0.411691  -5
  1  0  0.938300 -0.398457  0.015817  0.291224  -3
  1  0  0.938300  0.031382 -0.017490  0.346223  -3
  1  0  0.938300  0.074304  0.104703  0.788221  -1
  1  0  0.938300 -0.320874  0.052318  0.576693  -2
  1  0  0.938300  0.086255  0.026248  0.458385  -4
  1  0  0.938300 -0.020394 -0.280476  0.345858  -3
  1  0  0.938300 -0.087042  0.231352  0.775198  -2
  1  0  0.938300  0.110959 -0.048230  0.335243  -4