  1  1  0.938300 -0.172618  0.132039  0.202724   5
  1  1  0.938300  0.088978  0.236643  0.138972   2
  1  1  0.938300 -0.025509  0.018616  0.143135   1
  1  1  0.938300  0.132430  0.142785  0.461497   5
  1  1  0.938300  0.012717  0.015001  0.589665   3
  1  1  0.938300 -0.041222 -0.069416  0.635725   4
  1  1  0.938300 -0.068062  0.173530  0.513028   6
  1  1  0.938300  0.053129 -0.046037  0.327413   1
  1  1  0.938300  0.012287  0.085448  0.117309   1
  1  1  0.938300 -0.340070  0.181456  0.295698   3
  1  1  0.938300  0.072047 -0.359873  0.233506   3
  1  1  0.938300 -0.507246  0.094766  0.542915   4
  1  1  0.938300 -0.151357  0.139230  0.183024   1
  1  1  0.938300 -0.395993 -0.156835  0.378789   7
  1  1  0.938300 -0.312826  0.147480  0.391189   3
  1  1  0.938300 -0.222372 -0.527296  0.460974   3
  1  1  0.938300 -0.047523  0.047808  0.179198   3
  1  1  0.938300 -0.229681  0.128259  0.747741   2
  1  1  0.938300  0.243706 -0.146777  0.201487   3
  1  1  0.938300 -0.167994 -0.253516  0.870625   7
  1  1  0.938300  0.025318 -0.061885  0.566870   2
  1  1  0.938300  0.010544 -0.036115  0.014675   1
  1  1  0.938300  0.150472 -0.376081  0.629666   5
  1  1  0.938300  0.051092 -0.085240  0.102370   1
  1  1  0.938300  0.333546  0.155201  0.247815   2
  1  1  0.938300 -0.080234  0.124668  0.017932   1
  1  1  0.938300 -0.348546 -0.031518  0.440502   3
  1  1  0.938300  0.122001  0.233461  0.381830   5
  1  1  0.938300  0.037517  0.069936  0.163165   1
  1  1  0.938300 -0.045840 -0.130844 -0.010378   3
  1  1  0.938300 -0.176185 -0.240496  0.316579   3
  1  1  0.938300  0.035945 -0.061288  0.646345   4
  1  0  0.938300  0.208088 -0.074822  0.410834   2
  1  1  0.938300  0.083504  0.277749  0.393883   5
  1  1  0.938300  0.316367  0.433481  0.563465   3
  1  1  0.938300  0.553042  0.280148  0.496305   3
  1  1  0.938300 -0.073545  0.003033 -0.064886   1
  1  1  0.938300 -0.037938  0.331965  0.278450   5
  1  1  0.938300  0.052667  0.299271  0.395007   6
  1  1  0.938300  0.084798 -0.083793  0.128613   2
  1  1  0.938300  0.078898 -0.072443  0.379258   6
  1  1  0.938300 -0.035202  0.008658  0.099200   1
  1  1  0.938300 -0.403894 -0.087733  0.481562   4
  1  1  0.938300  0.437886  0.116350  0.633376   3
  1  1  0.938300  0.135528 -0.307487  0.099499   2
  1  1  0.938300 -0.281646  0.279332  0.285641   2
  1  1  0.938300 -0.059495 -0.076191  0.583691   4
  1  1  0.938300  0.161399 -0.323561  0.602499   6
  1  1  0.938300 -0.003183 -0.046869  0.383983   3
  1  1  0.938300  0.022336 -0.309351  0.212268   5
  1  1  0.938300 -0.140764 -0.024142  0.125301   1
  1  1  0.938300  0.192064 -0.282704  0.220638   2
  1  1  0.938300 -0.136133 -0.066647  0.638187   2
  1  1  0.938300 -0.204281 -0.053127  0.197507   3
  1  1  0.938300 -0.012837 -0.022351  0.518417   5
  1  1  0.938300 -0.236328  0.004087  0.301137   5
  1  1  0.938300 -0.107462  0.240893  0.268506   5
  1  1  0.938300  0.141096 -0.076287  0.067420   2
  1  1  0.938300 -0.044229 -0.116741 -0.003651   1
  1  1  0.938300 -0.375497  0.076493  0.075384   7
  1  1  0.938300  0.198733  0.199236  0.145469   3
  1  1  0.938300  0.153837  0.195162  0.069888   1
  1  1  0.938300 -0.030094 -0.370394  0.285750   3
  1  1  0.938300 -0.016743  0.260272  0.198587   3
  1  1  0.938300  0.059639  0.141989  0.032985   1
  1  1  0.938300  0.040806  0.174704  0.147561   7
  1  1  0.938300 -0.028342  0.118358  0.062449   1
  1  1  0.938300  0.401816  0.197158  0.406429   4
  1  1  0.938300  0.400724  0.090101  0.503055   3
  1  1  0.938300  0.290039  0.034025  0.079867   5
  1  1  0.938300 -0.030920 -0.560158  0.610966   6
  1  1  0.938300 -0.032434 -0.119739  0.303685   7
  1  1  0.938300 -0.130278 -0.253625  0.516765   2
  1  1  0.938300 -0.015854 -0.286044  0.151522   4
  1  1  0.938300 -0.044785  0.093002  0.268701   2
  1  1  0.938300  0.161234 -0.042747  0.317551   2
  1  1  0.938300 -0.295191  0.092379  0.336977   3
  1  1  0.938300  0.145330  0.054237 -0.069098   1
  1  1  0.938300  0.105147  0.107793  0.341783   5
  1  0  0.938300 -0.079844 -0.260650  0.668529   2
  1  0  0.938300 -0.114988 -0.177024  0.399683   3
  1  0  0.938300 -0.131027  0.002664  0.288808   4
  1  0  0.938300 -0.054988  0.098491  0.792459   6
  1  0  0.938300  0.050010 -0.036425  0.195082   4
  1  0  0.938300 -0.274664 -0.149809  0.318751   9
  1  0  0.938300  0.121786  0.067920  0.136277   1
  1  0  0.938300 -0.206379 -0.388203 -0.081905   2
  1  0  0.938300  0.248527 -0.148530  0.433441   4
  1  0  0.938300  0.007367  0.035191  0.220257   2
  1  0  0.938300 -0.110528  0.032641  0.106802   1
  1  0  0.938300  0.174521 -0.032940  0.153508   2
  1  0  0.938300  0.075401 -0.184026  0.561565   4
  1  0  0.938300 -0.049561  0.375609  0.284039   4
  1  0  0.938300 -0.195229  0.083242  0.506321   4
  1  0  0.938300  0.118381  0.312755  0.421409   2
  1  0  0.938300 -0.005709  0.116026  0.229806   7
  1  0  0.938300 -0.270424 -0.050561  0.394339   3
  1  0  0.938300  0.189186  0.037082  0.096758   1
  1  0  0.938300 -0.217978  0.036867 -0.011582   2
  1  0  0.938300 -0.096709 -0.255465  0.162583   3
  1  0  0.938300 -0.082940  0.076503  0.470008   2
  1  0  0.938300  0.308716 -0.232495  0.155084   3
  1  0  0.938300  0.154492 -0.187886  0.168204   2
  1  0  0.938300 -0.128254  0.133952  0.650895   5
  1  0  0.938300  0.039990 -0.165617  0.619040   3
  1  0  0.938300 -0.006874 -0.146675  0.130921   6
  1  0  0.938300  0.209401 -0.160024 -0.007367   3
  1  0  0.938300  0.031506  0.008074  0.082639   1
  1  0  0.938300  0.164288 -0.450617  0.685840   3
  1  0  0.938300  0.023091  0.704688  0.241242   6
  1  0  0.938300 -0.094199 -0.178093  0.154803   2
  1  0  0.938300 -0.193045 -0.136045  0.199151   4
  1  0  0.938300  0.127979 -0.041204  0.173381   1
  1  0  0.938300  0.459877  0.003243  0.411758   5
  1  0  0.938300 -0.130974  0.171157  0.344237   5
  1  0  0.938300 -0.084008 -0.130819  0.315690   3
  1  0  0.938300 -0.264605  0.136679  0.770597   4
  1  0  0.938300 -0.003402  0.237904 -0.132837   2
  1  0  0.938300 -0.019596  0.216069  0.266879   8
  1  0  0.938300  0.149853 -0.017134  0.400121   2
  1  0  0.938300 -0.071019 -0.079737  0.153406   1
  1  0  0.938300  0.337863 -0.187753  0.119415   2
  1  0  0.938300  0.068945 -0.122176  0.331760   3
  1  0  0.938300  0.032806 -0.061940  0.236067   1
  1  0  0.938300  0.393320  0.118464  0.401273   2
  1  0  0.938300  0.162244  0.197923  0.186483   4
  1  0  0.938300  0.369918  0.114014  0.357980   3
  1  0  0.938300  0.342778  0.002512  0.285558   7
  1  0  0.938300  0.037913 -0.123800 -0.055407   1
  1  0  0.938300  0.048129 -0.027877  0.732735   3
  1  0  0.938300  0.333657 -0.069317  0.427439   3
  1  0  0.938300 -0.053765 -0.413893  0.357542   6
  1  0  0.938300  0.000037  0.140620  0.321737   2
  1  0  0.938300 -0.052975  0.384839 -0.112295   7
  1  0  0.938300  0.109398 -0.039832  0.229924   3
  1  0  0.938300 -0.088426  0.041306 -0.183283   2
  1  0  0.938300 -0.083920 -0.148376  0.289764   2
  1  0  0.938300  0.365170 -0.134844  0.327797   5
  1  0  0.938300  0.344423  0.099000  0.238036   4
  1  0  0.938300  0.039758  0.383174  0.366257   3
  1  0  0.938300 -0.155106 -0.212706 -0.029299   2
  1  0  0.938300 -0.163458  0.199170  0.118090   2
  1  0  0.938300  0.286280  0.035990  0.411995   2
  1  0  0.938300 -0.105365 -0.138215  0.073940   2
  1  0  0.938300  0.090888  0.177632  0.034368   3
  1  0  0.938300 -0.107548 -0.176912  0.472752   3
  1  0  0.938300  0.062821 -0.073887  0.566606   6
  1  0  0.938300 -0.086635 -0.192904  0.243721   4
  1  0  0.938300 -0.213941  0.380884  0.559563   7
  1  0  0.938300  0.135246  0.167834  0.083433   1
  1  0  0.938300  0.259208 -0.152931  0.601056   3
  1  0  0.938300  0.235838 -0.268943  0.836782   6
  1  0  0.938300 -0.177764  0.493227  0.340316   3
  1  0  0.938300 -0.229788 -0.281509  0.066589   2
  1  0  0.938300 -0.125888 -0.049947  0.091289   3
  1  0  0.938300 -0.005070 -0.071527  0.082689   6
  1  0  0.938300  0.130255  0.066362  0.312732   2
  1  0  0.938300  0.471229  0.086716  0.488586   4
  1  0  0.938300  0.046367  0.135886  0.043204   4
  1  0  0.938300  0.022886  0.137243  0.539330   3
  1  0  0.938300 -0.111122 -0.139523 -0.025563   1
  1  0  0.938300  0.167390 -0.088331  0.056001   5
  1  0  0.938300  0.385683  0.205100  0.471982   2
  1  0  0.938300  0.094465  0.456225  0.149804   2
  1  0  0.938300  0.171329  0.035681  0.381091   4
  1  0  0.938300 -0.049945 -0.004063  0.120847   1
  1  0  0.938300  0.143249  0.163566  0.414452   5
  1  0  0.938300 -0.151491 -0.270268  0.539747   3
  1  0  0.938300  0.052430 -0.447018  0.557953   7
  1  0  0.938300  0.027167 -0.453231  0.560246   7
  1  0  0.938300 -0.145830 -0.099344  0.168273   1
  1  0  0.938300  0.333459 -0.106437  0.575945   2
  1  0  0.938300  0.072162 -0.130589  0.538949   4
  1  0  0.938300 -0.212017 -0.400181  0.274768   5
  1  0  0.938300 -0.151518  0.144219  0.280996   4
  1  0  0.938300  0.185795 -0.101719  0.326749   2
  1  0  0.938300 -0.197204 -0.207797  0.434415   2
  1  0  0.938300 -0.040965  0.105967  0.164349   4
  1  0  0.938300 -0.165342 -0.076978  0.400508   2
  1  0  0.938300  0.110426 -0.132853  0.562663   7
  1  0  0.938300  0.184719  0.445107  0.545855   5
  1  0  0.938300  0.186049 -0.280733  0.157235   4
  1  0  0.938300 -0.124719 -0.009824  0.304138   3
  1  0  0.938300  0.194365 -0.207410  0.010350   6
  1  0  0.938300 -0.283375 -0.255074  0.457444   3
  1  0  0.938300 -0.124331 -0.065073  0.393148   3
  1  0  0.938300  0.133146 -0.474715  0.409870   4
  1  0  0.938300  0.177707 -0.152864  0.479938   3
  1  0  0.938300 -0.186120  0.109990  0.246322   5
  1  0  0.938300 -0.074098  0.274084  0.018746   4
  1  0  0.938300 -0.242267  0.140570  0.174822   3
  1  0  0.938300  0.239980  0.182897 -0.039154   3
  1  0  0.938300 -0.102294  0.094085  0.460115   3
  1  0  0.938300 -0.038598 -0.019242 -0.206606   4
  1  0  0.938300 -0.314185 -0.144354  0.362664   2
  1  0  0.938300 -0.136273  0.061284  0.268482   2
  1  0  0.938300  0.170911  0.206143  0.353603   5
  1  1  0.938300 -0.520496  0.048671  0.448409  -5
  1  1  0.938300 -0.030183 -0.105059  0.194220  -5
  1  1  0.938300  0.046813  0.163701  0.564536  -3
  1  1  0.938300 -0.236479 -0.008363  0.150670  -6
  1  1  0.938300 -0.478707  0.175423  0.627769  -2
  1  1  0.938300 -0.028591 -0.201154  0.231102  -3
  1  1  0.938300  0.048242 -0.024760  0.826624  -1
  1  1  0.938300 -0.047810 -0.038307  0.958530  -1
  1  1  0.938300  0.197915 -0.117265  0.632022  -2
  1  1  0.938300 -0.136913  0.209822  0.450797  -2
  1  1  0.938300 -0.062033 -0.249590  0.421975  -7
  1  1  0.938300  0.285358  0.177077  0.357425  -2
  1  1  0.938300  0.116560  0.430596  0.937568  -3
  1  1  0.938300 -0.543889 -0.296777  0.068519  -4
  1  1  0.938300 -0.026659  0.293411  0.536248  -3
  1  1  0.938300  0.053401 -0.119978  0.670364  -2
  1  1  0.938300 -0.209318 -0.062311  0.425864  -3
  1  1  0.938300 -0.090076  0.371428  0.592442  -5
  1  1  0.938300 -0.325966 -0.136271  0.451975  -6
  1  1  0.938300 -0.002692 -0.127710  0.388689  -2
  1  1  0.938300 -0.183723 -0.854007  0.282578  -5
  1  1  0.938300  0.092487  0.219379  0.401585  -5
  1  1  0.938300  0.079242 -0.033172  0.482834  -1
  1  1  0.938300 -0.029739  0.596522  0.321945  -3
  1  1  0.938300  0.166234 -0.200320  0.249144  -4
  1  1  0.938300  0.074408  0.142696  0.578073  -1
  1  1  0.938300 -0.415625  0.057270  0.174532  -3
  1  1  0.938300  0.023775  0.175532  0.024849  -5
  1  1  0.938300 -0.169097 -0.003781  0.421520  -4
  1  1  0.938300  0.007440 -0.348813  0.666450  -2
  1  1  0.938300  0.166295  0.150019  0.447262  -6
  1  1  0.938300 -0.023777  0.023669  0.484881  -2
  1  1  0.938300  0.078178  0.148308  0.394577  -2
  1  1  0.938300 -0.389766 -0.244940  0.360731  -4
  1  1  0.938300  0.125134 -0.276337  0.290379  -3
  1  1  0.938300  0.003099 -0.084161  0.431589  -5
  1  1  0.938300  0.156327 -0.044952  0.734077  -1
  1  1  0.938300  0.016595  0.032818  0.767891  -7
  1  1  0.938300 -0.309638 -0.096690 -0.053882  -3
  1  1  0.938300  0.062428 -0.124617  0.500937  -1
  1  1  0.938300 -0.289038 -0.060130  0.965962  -9
  1  1  0.938300 -0.120123 -0.054181  0.371926  -5
  1  1  0.938300  0.234781  0.029828  0.378026  -5
  1  1  0.938300 -0.117087 -0.077152  0.774574  -1
  1  1  0.938300  0.286842  0.006624  0.178146  -3
  1  1  0.938300  0.110505  0.061313  0.533856  -5
  1  1  0.938300 -0.030690 -0.075256  0.835355  -1
  1  1  0.938300 -0.081518 -0.005786  0.777383  -1
  1  1  0.938300  0.063627 -0.022723  0.853159  -1
  1  1  0.938300 -0.125309  0.194250  0.665031  -2
  1  1  0.938300 -0.038899 -0.372513  0.511191  -7
  1  1  0.938300 -0.047739 -0.200792  0.185004  -3
  1  1  0.938300  0.075713  0.079271  0.527081  -1
  1  1  0.938300  0.009108  0.163078 -0.183858  -6
  1  1  0.938300  0.086396  0.038795  0.531173  -1
  1  1  0.938300  0.043842 -0.125707  0.672717  -6
  1  1  0.938300 -0.312912 -0.118738  0.776685  -2
  1  1  0.938300  0.134688  0.013783  0.658860  -1
  1  1  0.938300  0.009679 -0.254127  0.386633  -2
  1  1  0.938300 -0.149609  0.108067 -0.099869  -8
  1  1  0.938300 -0.159505 -0.044709  0.598715  -1
  1  1  0.938300  0.090944 -0.015717  0.217617  -3
  1  1  0.938300 -0.036572  0.149124  0.126496  -6
  1  1  0.938300 -0.185603 -0.114718  0.399574  -3
  1  1  0.938300  0.245783 -0.075742  0.526993  -2
  1  1  0.938300  0.293146 -0.159467  0.765150  -2
  1  1  0.938300 -0.172586  0.133686  0.200708  -6
  1  1  0.938300  0.134682  0.070411  0.667577  -1
  1  1  0.938300 -0.122447  0.023980  0.542387  -4
  1  1  0.938300  0.188752  0.060543 -0.106585  -5
  1  1  0.938300 -0.231286 -0.202674  0.203282  -6
  1  1  0.938300 -0.037400 -0.100826  0.524967  -5
  1  1  0.938300  0.031355  0.055419  0.511097  -1
  1  1  0.938300  0.006242  0.061176  0.840692  -1
  1  1  0.938300 -0.033652  0.009728  0.248292  -4
  1  1  0.938300 -0.184003  0.009668  0.265510  -4
  1  1  0.938300  0.071514 -0.291853  0.138922  -3
  1  1  0.938300  0.090673 -0.089907  0.276279  -3
  1  1  0.938300 -0.401668  0.226211  0.432909  -7
  1  0  0.938300 -0.203828  0.102604  0.428363  -3
  1  0  0.938300 -0.362533 -0.331410  0.266189  -7
  1  0  0.938300 -0.091887  0.146704  0.340798  -9
  1  0  0.938300 -0.013567 -0.154474  0.579458 -13
  1  0  0.938300 -0.037157  0.091323  0.462141  -2
  1  0  0.938300 -0.060946  0.185528  0.356795  -2
  1  0  0.938300 -0.051424 -0.126299  0.457692  -2
  1  0  0.938300 -0.150377  0.029600  0.621204  -1
  1  0  0.938300 -0.014277  0.061143  0.448646  -4
  1  0  0.938300 -0.124923  0.042255  0.207565  -3
  1  0  0.938300 -0.223511  0.119987  0.669709  -7
  1  0  0.938300  0.221242  0.097874  0.496762  -4
  1  0  0.938300 -0.168063  0.147996  0.795925  -1
  1  0  0.938300 -0.152698 -0.153555  0.896823  -4
  1  0  0.938300  0.158590  0.046682  0.147137  -4
  1  0  0.938300 -0.053273  0.017103  0.483684  -2
  1  0  0.938300 -0.113563  0.115212  0.535387  -3
  1  0  0.938300  0.081268 -0.104863  0.070212  -3
  1  0  0.938300  0.017408  0.271122  0.626259  -2
  1  0  0.938300  0.255400 -0.138683  0.469979  -3
  1  0  0.938300  0.070769 -0.088716  0.208991  -2
  1  0  0.938300 -0.128619  0.175670  0.501466  -2
  1  0  0.938300 -0.182745  0.413143  0.258155  -3
  1  0  0.938300 -0.218083  0.052708 -0.015519  -4
  1  0  0.938300  0.216315 -0.491176  0.470070  -4
  1  0  0.938300 -0.085232 -0.014622  0.793310  -2
  1  0  0.938300 -0.143210 -0.105976  0.610001  -1
  1  0  0.938300 -0.053961  0.132565  0.266004  -4
  1  0  0.938300  0.396540  0.161353  0.525299  -3
  1  0  0.938300 -0.025173 -0.036358  0.283028  -2
  1  0  0.938300 -0.194624 -0.074126  0.198892  -5
  1  0  0.938300  0.183290  0.317000  0.488652  -6
  1  0  0.938300  0.200068  0.047554  0.023262  -4
  1  0  0.938300  0.115451 -0.141977  0.851928  -5
  1  0  0.938300  0.051752  0.076788  0.275583  -2
  1  0  0.938300  0.016283  0.090131  0.375014  -4
  1  0  0.938300 -0.124613 -0.207530  0.310659  -3
  1  0  0.938300  0.303728 -0.211871  0.605700  -2
  1  0  0.938300 -0.105423  0.159522  0.208322  -4
  1  0  0.938300  0.169392  0.289384  0.004703  -3
  1  0  0.938300  0.147910 -0.050858  0.812343  -1
  1  0  0.938300  0.209064  0.183786  0.419795  -3
  1  0  0.938300  0.072029 -0.059101  0.782970  -1
  1  0  0.938300 -0.046946 -0.146982  0.310869  -3
  1  0  0.938300  0.013387 -0.014234  0.583072  -1
  1  0  0.938300 -0.355794  0.031513  0.121251  -3
  1  0  0.938300  0.082511  0.021066  0.432927  -2
  1  0  0.938300 -0.071361  0.024835  0.652911  -1
  1  0  0.938300  0.000824 -0.163746  0.557698  -2
  1  0  0.938300  0.053239 -0.070309  0.601265  -1
  1  0  0.938300  0.062413 -0.019411  0.444691  -2
  1  0  0.938300  0.027676 -0.064017  0.250218  -3
  1  0  0.938300  0.006464 -0.009740  0.575791  -6
  1  0  0.938300  0.082304 -0.410770  0.285969  -5
  1  0  0.938300  0.229784 -0.127950  0.205270  -9
  1  0  0.938300  0.179024 -0.008140  0.382105  -5
  1  0  0.938300  0.034345 -0.002549  0.622037  -2
  1  0  0.938300  0.099177 -0.053483  0.476807  -4
  1  0  0.938300  0.135235  0.164252  0.506202  -3
  1  0  0.938300 -0.226214 -0.071487  0.505201  -6
  1  0  0.938300  0.325952  0.252471  0.300564  -5
  1  0  0.938300  0.206701 -0.068877  0.304042  -3
  1  0  0.938300  0.071561 -0.047275  0.035643  -3
  1  0  0.938300 -0.011502  0.005063  0.457866  -1
  1  0  0.938300 -0.259608  0.033621  0.343001  -4
  1  0  0.938300 -0.117186  0.130908  0.132091  -6
  1  0  0.938300  0.106941  0.176662  0.142774  -4
  1  0  0.938300 -0.032395  0.198140  0.645109  -2
  1  0  0.938300 -0.234509 -0.006768  0.499324  -2
  1  0  0.938300 -0.176072  0.121619  0.424021  -2
  1  0  0.938300 -0.298427  0.158672  0.663607  -4
  1  0  0.938300 -0.286851  0.279630  0.357411  -4
  1  0  0.938300  0.070242 -0.011377  0.389823  -3
  1  0  0.938300 -0.173645  0.015035  0.681706  -1
  1  0  0.938300 -0.079299 -0.351364  0.490429  -2
  1  0  0.938300  0.141242  0.401038  0.589546  -3
  1  0  0.938300 -0.251420  0.018514  0.534953  -5
  1  0  0.938300 -0.028419  0.071677  0.485961  -2
  1  0  0.938300  0.040046  0.199242  0.278114  -3
  1  0  0.938300 -0.034494 -0.074073  0.217028  -7
  1  0  0.938300 -0.243809  0.049593  0.628370  -6
  1  0  0.938300  0.281487  0.305528  0.080507  -8
  1  0  0.938300 -0.007389  0.055314  0.489516  -1
  1  0  0.938300 -0.031311 -0.092646  0.302401  -3
  1  0  0.938300 -0.104003 -0.352208  0.140139  -2
  1  0  0.938300 -0.045945 -0.030938  0.237530  -4
  1  0  0.938300 -0.309745  0.129271  0.345990  -4
  1  0  0.938300  0.346508  0.147064  0.383145  -2
  1  0  0.938300  0.251787 -0.067914  0.342736  -4
  1  0  0.938300 -0.083982  0.495321  0.569518  -4
  1  0  0.938300  0.193247 -0.093963  0.625866  -2
  1  0  0.938300  0.022493  0.058832  0.458393  -6
  1  0  0.938300  0.081124  0.245613  0.377451  -4
  1  0  0.938300 -0.160980 -0.008010  0.424157  -3
  1  1  0.938300  0.248052  0.282994  0.287909  -5
  1  0  0.938300  0.134142  0.041953  0.098302  -3
  1  0  0.938300 -0.220029 -0.119679  0.917441  -2
  1  0  0.938300  0.165687  0.018526  0.501873  -4
  1  0  0.938300 -0.415846  0.142921  0.460327  -6
  1  0  0.938300 -0.027971  0.314661  0.425548  -3
  1  0  0.938300  0.012519 -0.196614 -0.033198  -4
  1  0  0.938300 -0.132526 -0.147551  0.417299  -2
  1  0  0.938300  0.231025 -0.355705  0.101998  -6
  1  0  0.938300 -0.160799 -0.054162  0.437033  -1
  1  0  0.938300  0.320035  0.365414  0.058537  -2
  1  0  0.938300 -0.499398 -0.089725  0.740363  -5
  1  0  0.938300 -0.025585 -0.424832  0.495945  -2
  1  0  0.938300  0.011635 -0.065029  0.643214  -1
  1  0  0.938300 -0.150282  0.388653  0.371929  -2
  1  0  0.938300  0.357668  0.202847  0.212855  -3
  1  0  0.938300 -0.361033 -0.073448  0.292255  -6
  1  0  0.938300  0.033820 -0.130969  0.525906  -3
  1  0  0.938300 -0.083073 -0.465590  0.537135  -6
  1  0  0.938300  0.043057 -0.145347  0.477869  -5
  1  0  0.938300 -0.092260 -0.057794  0.475111  -2
  1  0  0.938300 -0.004196  0.039390  0.239728  -3
  1  0  0.938300 -0.093687  0.086708  0.379806  -3
  1  0  0.938300  0.277074  0.135955  0.200557  -3