  1  1  0.938300  0.283595 -0.111570  0.480536   2
  1  1  0.938300 -0.038945  0.080114  0.476070   6
  1  1  0.938300  0.311286  0.084563  0.585766   5
  1  1  0.938300 -0.076703 -0.042919 -0.081438   1
  1  1  0.938300  0.216648 -0.194548  0.174728   5
  1  1  0.938300 -0.069039 -0.103454  0.014299   1
  1  1  0.938300 -0.063546 -0.032012 -0.074002   1
  1  1  0.938300 -0.123240  0.263851  0.922121   2
  1  0  0.938300 -0.127015  0.122758  0.855747   2
  1  1  0.938300 -0.002216 -0.022767  0.444071   7
  1  1  0.938300  0.386249 -0.190313  0.338393   2
  1  1  0.938300  0.071931 -0.049087  0.104611   2
  1  1  0.938300 -0.167108  0.060411  0.016722   1
  1  1  0.938300  0.001801  0.046390 -0.038669   2
  1  1  0.938300 -0.122361  0.494223  0.462325   3
  1  1  0.938300  0.108062 -0.217633 -0.064718   3
  1  1  0.938300  0.000710 -0.269347  0.246332   2
  1  1  0.938300  0.494561 -0.105094  0.103268   4
  1  1  0.938300 -0.010692 -0.228400  0.810328   7
  1  1  0.938300  0.052656 -0.393102  0.193627   3
  1  1  0.938300  0.061050 -0.094145  0.121197   1
  1  1  0.938300 -0.164384 -0.146522  0.476658   7
  1  1  0.938300  0.127763  0.002755  0.223454   1
  1  1  0.938300  0.112715 -0.257717  0.121941   2
  1  1  0.938300 -0.082270 -0.269099  0.048345   2
  1  1  0.938300  0.143438  0.094109  0.032146   6
  1  1  0.938300 -0.112779  0.345743  0.106308   2
  1  1  0.938300  0.150956 -0.153210  0.383972   4
  1  1  0.938300  0.391487  0.197114  0.265095   5
  1  1  0.938300 -0.551995 -0.339931  0.540612   4
  1  1  0.938300  0.296768  0.288715  0.324983   2
  1  1  0.938300 -0.003275  0.384471  0.671180   4
  1  1  0.938300 -0.038357 -0.035292  0.391146   4
  1  1  0.938300 -0.076817  0.158823  0.544157   7
  1  1  0.938300  0.245431 -0.104553  0.010647   4
  1  1  0.938300  0.094949  0.181629  0.722935   7
  1  1  0.938300 -0.289855 -0.194895  0.033635   2
  1  1  0.938300  0.366445 -0.667563  0.482337   5
  1  1  0.938300  0.160577  0.199202  0.323237   6
  1  1  0.938300  0.272514 -0.088024  0.051901   1
  1  1  0.938300  0.114552  0.017018  0.003800   1
  1  1  0.938300  0.035711 -0.040202  0.073575   3
  1  1  0.938300  0.253922 -0.275542  0.275848   3
  1  1  0.938300 -0.029956 -0.008115  0.316693   3
  1  1  0.938300  0.020199  0.003394  0.285230   1
  1  1  0.938300 -0.159167 -0.259395  0.184472   4
  1  1  0.938300 -0.032242 -0.108634  0.751848   3
  1  1  0.938300  0.083924 -0.210854  0.556951   3
  1  1  0.938300 -0.089167 -0.115936  0.577793   4
  1  1  0.938300 -0.000092  0.322026  0.473273   2
  1  1  0.938300 -0.148824 -0.183126  0.203016   2
  1  1  0.938300 -0.202614  0.224331 -0.086412   3
  1  1  0.938300 -0.251124 -0.077660  0.219979   5
  1  1  0.938300  0.446869  0.034900  0.552914   3
  1  1  0.938300 -0.204662  0.022802  0.624377   2
  1  1  0.938300 -0.160091 -0.017071  0.099033   1
  1  1  0.938300 -0.267339  0.317745  0.216224   8
  1  1  0.938300  0.105193 -0.192453  0.159760   2
  1  1  0.938300 -0.091973  0.283807  0.546440   2
  1  1  0.938300  0.087014  0.284190  0.111431   2
  1  1  0.938300 -0.240216 -0.294730  0.758505   4
  1  1  0.938300  0.044987  0.019191  0.480769   2
  1  1  0.938300 -0.048819 -0.066109  0.418987   4
  1  1  0.938300 -0.065577  0.138220  0.707771   3
  1  1  0.938300  0.407200  0.168793  0.262476   7
  1  1  0.938300 -0.082865  0.320575  0.256444   4
  1  1  0.938300 -0.211876 -0.046187  0.125999   6
  1  1  0.938300 -0.260833 -0.034515  0.275965   3
  1  1  0.938300  0.169645 -0.289884  0.072569   5
  1  1  0.938300  0.082699 -0.173706  0.270387   5
  1  1  0.938300  0.299401  0.144639  0.165123   3
  1  1  0.938300 -0.178905  0.010364 -0.016832   1
  1  1  0.938300  0.090241  0.225890  0.391231   2
  1  1  0.938300 -0.323566  0.172530  0.139318   2
  1  1  0.938300 -0.018171  0.036919  0.092167   2
  1  1  0.938300  0.019695 -0.212967  0.198748   5
  1  1  0.938300 -0.140351 -0.062010  0.164312   2
  1  1  0.938300 -0.248588 -0.075236 -0.023530   2
  1  1  0.938300  0.097230  0.327964  0.071040   4
  1  0  0.938300 -0.077801  0.244495  0.211654   2
  1  0  0.938300  0.252967 -0.034283 -0.003684   6
  1  0  0.938300 -0.180825 -0.007543  0.402134   3
  1  0  0.938300  0.091410 -0.069460  0.008889   2
  1  0  0.938300  0.458326  0.178427  0.442424   3
  1  0  0.938300 -0.314351 -0.154322  0.100673   4
  1  0  0.938300 -0.088883 -0.056377 -0.089632   1
  1  0  0.938300  0.007725 -0.118311  0.085080   3
  1  0  0.938300 -0.150859 -0.148701  0.479151   3
  1  0  0.938300  0.337381  0.101256  0.341795   2
  1  0  0.938300  0.080304  0.189697  0.802456   4
  1  0  0.938300 -0.003201  0.140297 -0.048317   2
  1  0  0.938300  0.103740 -0.261082  0.376670   3
  1  0  0.938300 -0.241600  0.007846  0.325422   2
  1  0  0.938300 -0.112760 -0.171194  0.465033   3
  1  0  0.938300 -0.024313 -0.200895  0.054441   4
  1  0  0.938300  0.369285 -0.236349  0.304411   5
  1  0  0.938300  0.100619  0.157202 -0.175696   3
  1  0  0.938300  0.107807  0.082783 -0.047916   4
  1  0  0.938300 -0.033859 -0.213966  0.258705   1
  1  0  0.938300 -0.077270 -0.091534  0.391429   4
  1  0  0.938300 -0.089821 -0.075503  0.059673   1
  1  0  0.938300  0.348443  0.196787  0.107773   6
  1  0  0.938300 -0.127364  0.070766  0.074909   1
  1  0  0.938300  0.155560  0.092496  0.240117   5
  1  0  0.938300  0.307424 -0.095158  0.143226   2
  1  0  0.938300 -0.241172 -0.107967 -0.096566   4
  1  0  0.938300  0.050614 -0.051439  0.000342   3
  1  0  0.938300  0.048870  0.025507  0.673072   2
  1  0  0.938300  0.026769 -0.148621  0.312388   4
  1  0  0.938300 -0.098784 -0.052172 -0.004247   2
  1  0  0.938300 -0.328617  0.016387  0.568670   4
  1  0  0.938300  0.197087  0.055296  0.442605   5
  1  0  0.938300 -0.032538 -0.085305  0.458390   4
  1  0  0.938300 -0.208216  0.075784  0.271163   5
  1  0  0.938300  0.224223 -0.241677  0.167608   2
  1  0  0.938300 -0.344170  0.576612  0.793036   2
  1  0  0.938300  0.121806 -0.314161  0.377342   3
  1  0  0.938300 -0.029035  0.200782  0.205711   4
  1  0  0.938300  0.069334 -0.136300  0.315659   3
  1  0  0.938300 -0.005531 -0.400709  0.110688   7
  1  0  0.938300  0.107380  0.062086  0.084218   2
  1  0  0.938300 -0.203343  0.185132  0.385993   3
  1  0  0.938300 -0.175484 -0.044167 -0.031640   5
  1  0  0.938300 -0.212214 -0.129940  0.216962   1
  1  0  0.938300 -0.102080  0.206171  0.550097   3
  1  0  0.938300 -0.315206 -0.089845  0.521982   3
  1  0  0.938300  0.035147 -0.123795  0.180396   3
  1  0  0.938300 -0.059189 -0.163419  0.333347   2
  1  0  0.938300  0.116427 -0.170223 -0.052685   2
  1  0  0.938300 -0.154882 -0.096885  0.326113   2
  1  0  0.938300 -0.197753  0.036361 -0.012772   2
  1  0  0.938300  0.124346  0.034531  0.536892   3
  1  0  0.938300  0.108700 -0.127874  0.823343   3
  1  0  0.938300  0.008153 -0.134580  0.360543   4
  1  0  0.938300  0.085254  0.176037  0.581202   3
  1  0  0.938300 -0.123226 -0.135512  0.305680   2
  1  0  0.938300 -0.549510 -0.204564  0.392529   8
  1  0  0.938300 -0.256618 -0.003522  0.269439   2
  1  0  0.938300 -0.018463  0.180768  0.398039   3
  1  0  0.938300 -0.318344  0.574578  0.571452   5
  1  0  0.938300  0.019345  0.127456  0.133388   1
  1  0  0.938300 -0.025453  0.037841 -0.005813   1
  1  0  0.938300 -0.062464  0.102256 -0.049230   1
  1  0  0.938300  0.217171 -0.028242  0.016504   4
  1  0  0.938300  0.201565 -0.038226  0.130604   1
  1  0  0.938300 -0.049507  0.033688  0.205790   3
  1  0  0.938300  0.455267 -0.030471  0.101734   6
  1  0  0.938300 -0.116975  0.159202  0.113591   3
  1  0  0.938300 -0.258339  0.118828  0.208485   6
  1  1  0.938300 -0.049069  0.697845  0.228631   6
  1  0  0.938300 -0.118036 -0.068680  0.095270   1
  1  0  0.938300 -0.060318  0.302996  0.806358   2
  1  0  0.938300 -0.132240  0.296593  0.202585   2
  1  0  0.938300 -0.180116  0.297303  0.319843   4
  1  0  0.938300  0.003698  0.079474  0.376087   2
  1  0  0.938300  0.182583 -0.274104  0.695701   4
  1  0  0.938300  0.214790  0.274346  0.398016   8
  1  0  0.938300  0.032370 -0.012882  0.426097   3
  1  0  0.938300  0.148788  0.067935  0.081218   3
  1  0  0.938300  0.151903  0.010033  0.555929   2
  1  0  0.938300  0.054605  0.092615  0.295705   2
  1  0  0.938300  0.083596  0.009438  0.641644   4
  1  0  0.938300 -0.010440  0.011854  0.102375   3
  1  0  0.938300  0.085740 -0.185401  0.203688   4
  1  0  0.938300  0.105229 -0.052832  0.002742   1
  1  0  0.938300 -0.138902  0.056294  0.351826   3
  1  0  0.938300 -0.148113  0.009527  0.054847   1
  1  0  0.938300  0.181920 -0.070541  0.060259   1
  1  0  0.938300 -0.297803 -0.127278  0.155990   3
  1  0  0.938300  0.061942 -0.231407 -0.008939   2
  1  0  0.938300 -0.194725  0.200720  0.665766   3
  1  0  0.938300  0.098275  0.330255  0.281309   4
  1  0  0.938300  0.052318 -0.138548  0.348389   4
  1  0  0.938300 -0.284941  0.086680  0.595992   4
  1  0  0.938300 -0.056566 -0.169971  0.528202   4
  1  0  0.938300 -0.102643  0.043773 -0.117389   1
  1  0  0.938300  0.349197 -0.181284  0.295439   2
  1  0  0.938300  0.221570  0.020394  0.076081   1
  1  0  0.938300  0.115434 -0.124020 -0.069884   1
  1  0  0.938300  0.067740 -0.310030  0.526122   4
  1  0  0.938300  0.240030  0.186167  0.627735   4
  1  0  0.938300  0.094637  0.230842  0.614444   5
  1  0  0.938300  0.133109  0.048649  0.556282   4
  1  0  0.938300 -0.134335  0.084974  0.292869   1
  1  0  0.938300 -0.055174 -0.092392  0.039249   1
  1  0  0.938300 -0.026278  0.223979  0.247486   2
  1  0  0.938300  0.006889 -0.142674  0.171379   1
  1  0  0.938300  0.252223 -0.274940  0.341831   2
  1  0  0.938300 -0.162677  0.258144  0.852310   4
  1  0  0.938300  0.336746 -0.219631  0.316720   2
  1  0  0.938300 -0.038151  0.012393  0.151778   1
  1  0  0.938300 -0.309831 -0.267058  0.429672   9
  1  0  0.938300 -0.043099  0.124309  0.139806   1
  1  0  0.938300  0.064244  0.158352  0.118418   3
  1  0  0.938300 -0.152483 -0.117330  0.316692   5
  1  0  0.938300 -0.379422  0.186416  0.625683   7
  1  0  0.938300 -0.306309  0.298171  0.104177   7
  1  1  0.938300  0.004699 -0.398894  0.364556  -2
  1  1  0.938300  0.272713 -0.117226  0.006101  -7
  1  1  0.938300  0.072075  0.013581  0.615648  -1
  1  1  0.938300  0.037082 -0.013002  0.228074  -6
  1  1  0.938300 -0.022443  0.356091  0.290704  -3
  1  1  0.938300  0.169003 -0.127352  0.202071  -4
  1  1  0.938300  0.143235 -0.121404  0.704766  -1
  1  1  0.938300  0.104264  0.434749 -0.012337  -8
  1  1  0.938300  0.062332 -0.003411  0.634213  -1
  1  1  0.938300  0.075675  0.043936  0.358082  -3
  1  1  0.938300 -0.092035  0.233790  0.676740  -2
  1  1  0.938300  0.115462  0.082111  0.423068  -2
  1  1  0.938300 -0.138889  0.004380  0.728428  -4
  1  1  0.938300 -0.168054  0.197972  0.503444  -2
  1  1  0.938300  0.064201 -0.388179  0.266413  -2
  1  1  0.938300  0.410607  0.170941  0.534075  -2
  1  1  0.938300  0.145559 -0.045633  0.104535  -3
  1  1  0.938300  0.235598 -0.321774  0.186263 -10
  1  1  0.938300 -0.292954 -0.076054  0.119911  -3
  1  1  0.938300  0.168631  0.294233  0.426981  -5
  1  1  0.938300  0.086973  0.155694  0.466198  -2
  1  1  0.938300  0.200425 -0.285523 -0.055302  -3
  1  1  0.938300 -0.270462 -0.085264  0.500114  -6
  1  1  0.938300  0.020110 -0.236110  0.289656  -3
  1  1  0.938300 -0.131823 -0.082363  0.501177  -4
  1  1  0.938300 -0.138748 -0.230374  0.222333  -3
  1  1  0.938300  0.009337 -0.228358  0.524728  -2
  1  1  0.938300  0.156553  0.123052  0.609391  -1
  1  1  0.938300  0.079368  0.110396  0.672547  -4
  1  1  0.938300  0.082225  0.277638  0.269284  -4
  1  1  0.938300 -0.023537 -0.059604  0.642524  -4
  1  1  0.938300  0.262606 -0.297727  0.288483  -5
  1  1  0.938300 -0.462638  0.086692  0.345358  -2
  1  1  0.938300 -0.092319  0.133414  0.598063  -1
  1  1  0.938300  0.235803 -0.091734  0.370046  -5
  1  1  0.938300 -0.115690  0.122986  0.643958  -3
  1  1  0.938300 -0.235667  0.033716  0.462936  -4
  1  1  0.938300 -0.196704 -0.110002  0.692292  -1
  1  1  0.938300 -0.025433 -0.067021  0.682463  -1
  1  1  0.938300 -0.257319 -0.026071 -0.188735  -2
  1  1  0.938300  0.387606 -0.182361  0.642695  -4
  1  1  0.938300 -0.278832  0.280174  0.440169  -2
  1  1  0.938300 -0.110764 -0.267322  0.145138  -3
  1  1  0.938300 -0.179086 -0.203510  0.397762  -4
  1  1  0.938300 -0.213196 -0.159372  0.143813  -2
  1  1  0.938300  0.062065  0.235554  0.704440  -1
  1  1  0.938300 -0.358230 -0.165441 -0.053676  -3
  1  1  0.938300  0.139077 -0.199655  0.819162  -2
  1  1  0.938300 -0.043049  0.025011  0.485478  -5
  1  1  0.938300 -0.255253 -0.072769  0.660317  -3
  1  1  0.938300 -0.205939 -0.046965  0.361537  -4
  1  1  0.938300  0.315458  0.241573  0.455081  -3
  1  1  0.938300 -0.360775  0.453602  0.050104  -3
  1  1  0.938300 -0.118144  0.307570  0.388252  -6
  1  1  0.938300 -0.060886 -0.054041  0.319794  -5
  1  1  0.938300  0.024211  0.146653  0.481009  -3
  1  1  0.938300 -0.118307 -0.096401  0.228340  -4
  1  1  0.938300 -0.275357 -0.220513  0.311225  -5
  1  1  0.938300 -0.103654  0.046935  0.538060  -1
  1  1  0.938300 -0.236112 -0.011960  0.755328  -4
  1  1  0.938300  0.058438  0.034493  0.686922  -1
  1  1  0.938300 -0.025712 -0.179024  0.266621  -4
  1  1  0.938300 -0.050889  0.196965  0.414475  -2
  1  1  0.938300 -0.041203 -0.075923  0.199615  -4
  1  1  0.938300 -0.224308  0.270849  0.435923  -2
  1  1  0.938300 -0.041868 -0.058316  0.700367  -1
  1  1  0.938300  0.145279  0.115884  0.139181  -2
  1  1  0.938300  0.588408  0.037216  0.460026  -4
  1  1  0.938300 -0.053077 -0.119060  0.861395  -1
  1  1  0.938300 -0.044895  0.030087  0.667301  -2
  1  1  0.938300 -0.232108  0.269892  0.417427  -3
  1  1  0.938300  0.014969  0.347102  0.426936  -6
  1  1  0.938300  0.032178  0.130143  0.264434  -3
  1  1  0.938300  0.011453 -0.027411  0.402262  -3
  1  1  0.938300 -0.184908 -0.354404  0.738938  -2
  1  1  0.938300  0.091019 -0.112914  0.333049  -2
  1  1  0.938300  0.162062 -0.160112  0.678713  -2
  1  1  0.938300  0.107343 -0.195074  0.272226  -3
  1  1  0.938300  0.084442  0.119269  0.058018  -4
  1  0  0.938300 -0.142316  0.079366  0.841663  -1
  1  0  0.938300 -0.229679 -0.061465  0.569661  -1
  1  0  0.938300  0.100084 -0.221137  0.356053  -2
  1  0  0.938300  0.049490  0.074699  0.528068  -1
  1  0  0.938300 -0.111002  0.062458  0.752911  -1
  1  0  0.938300  0.105422 -0.134268 -0.102655  -2
  1  0  0.938300  0.230486 -0.000148  0.179072  -2
  1  0  0.938300 -0.055971 -0.179849  0.271242  -4
  1  0  0.938300 -0.142109  0.008125  0.405121  -6
  1  0  0.938300 -0.111561  0.213345  0.822679  -2
  1  0  0.938300  0.044865 -0.068822  0.443469  -2
  1  0  0.938300  0.063016  0.254065  0.781345  -7
  1  0  0.938300 -0.190897  0.144820  0.356447  -3
  1  0  0.938300  0.059263 -0.340937  0.536336  -8
  1  0  0.938300  0.230695 -0.031082  0.573288  -3
  1  0  0.938300  0.218892  0.331421  0.162832  -5
  1  0  0.938300  0.195205 -0.328646  0.273404  -5
  1  0  0.938300  0.012852  0.074539  0.469700  -1
  1  0  0.938300 -0.163941  0.029015  0.487617  -3
  1  0  0.938300 -0.006519 -0.001165  0.595770  -3
  1  0  0.938300  0.375351 -0.197117  0.419126  -7
  1  0  0.938300  0.423631  0.287184  0.784213  -6
  1  0  0.938300  0.020691  0.114542  0.350720  -7
  1  0  0.938300  0.192961  0.013547  0.614964  -7
  1  0  0.938300  0.110844 -0.247368  0.466060  -5
  1  0  0.938300  0.099797 -0.150116  0.134180  -3
  1  0  0.938300  0.047105  0.111332  0.032625  -2
  1  0  0.938300  0.403549  0.106260  0.371343  -4
  1  0  0.938300 -0.006375 -0.109243  0.186332  -3
  1  0  0.938300  0.024196 -0.191902  0.701265  -2
  1  0  0.938300 -0.049429 -0.204035  0.174911  -5
  1  0  0.938300  0.301863  0.059894  0.444820  -2
  1  0  0.938300  0.257632 -0.200833  0.547439  -4
  1  0  0.938300 -0.061735  0.170837  0.548731  -1
  1  0  0.938300 -0.155257  0.085129  0.562509  -1
  1  0  0.938300 -0.058960 -0.116584  0.266750  -2
  1  0  0.938300  0.102249 -0.104192  0.317290  -2
  1  0  0.938300 -0.078375  0.098037  0.325216  -4
  1  0  0.938300  0.100792  0.072861  0.519041  -1
  1  0  0.938300  0.029709  0.111843  0.582892  -3
  1  0  0.938300  0.211813 -0.188423  0.580690  -4
  1  0  0.938300 -0.221605 -0.214075  0.631556  -4
  1  0  0.938300 -0.041684  0.069288  0.303989  -5
  1  0  0.938300 -0.032140 -0.565983  0.369828  -4
  1  0  0.938300 -0.118562  0.306371  0.390150  -5
  1  0  0.938300 -0.527717  0.098238  0.331614  -3
  1  0  0.938300  0.090076  0.310831  0.467348  -2
  1  0  0.938300  0.145629 -0.090871  0.573426  -5
  1  0  0.938300 -0.022799  0.143616  0.399193  -4
  1  0  0.938300  0.136413  0.075631  0.315891  -2
  1  0  0.938300 -0.354532  0.354956  0.617433 -10
  1  0  0.938300 -0.146728  0.240394  0.619717  -5
  1  0  0.938300  0.255311 -0.026135  0.354420  -5
  1  0  0.938300 -0.138115  0.454006  0.537919  -2
  1  0  0.938300 -0.126637  0.014556  0.695800  -1
  1  0  0.938300 -0.028240  0.359206  0.438807  -5
  1  0  0.938300 -0.074066  0.375978  0.494572  -5
  1  0  0.938300 -0.090067 -0.123897  0.073643  -6
  1  0  0.938300 -0.058712  0.323990  0.351396  -4
  1  0  0.938300  0.090938  0.015116  0.437798  -4
  1  0  0.938300 -0.028792 -0.104082  0.763328  -3
  1  0  0.938300  0.343477  0.078138  0.254937  -4
  1  0  0.938300 -0.388572 -0.078919  0.704881  -5
  1  0  0.938300 -0.106388 -0.086772  0.646269  -2
  1  0  0.938300  0.310514 -0.030412  0.250326  -6
  1  0  0.938300  0.311975  0.161455  0.332777  -3
  1  0  0.938300  0.127883  0.061575  0.610216  -6
  1  0  0.938300 -0.016868  0.135850  0.774069  -1
  1  0  0.938300  0.245776 -0.057023  0.290566  -5
  1  0  0.938300 -0.289463 -0.119642  0.532605  -2
  1  0  0.938300  0.014262  0.288240 -0.190870  -3
  1  0  0.938300  0.064832  0.171515  0.448978  -4
  1  0  0.938300  0.025553 -0.080423  0.302679  -5
  1  0  0.938300 -0.061321  0.203350  0.121297  -6
  1  0  0.938300  0.030076  0.186332  0.795392  -1
  1  0  0.938300  0.095470 -0.167619  0.059037  -3
  1  0  0.938300  0.357950  0.374619  0.280396  -3
  1  0  0.938300  0.084064 -0.145911  0.525786  -2
  1  0  0.938300  0.229915 -0.137271  0.425466  -2
  1  0  0.938300  0.122860 -0.090014  0.314091  -2
  1  0  0.938300  0.320975 -0.014123  0.673651  -5
  1  0  0.938300  0.265798 -0.088299  0.690153  -2
  1  0  0.938300 -0.161794 -0.040066  0.225211  -7
  1  0  0.938300  0.274850  0.065775  0.617558  -8
  1  0  0.938300  0.053713  0.056485  0.121350  -8
  1  0  0.938300 -0.188727  0.005887  0.523066  -2
  1  0  0.938300 -0.028115  0.133911  0.350255  -4
  1  0  0.938300  0.034046  0.076845  0.415309  -3
  1  0  0.938300 -0.040798  0.137731  0.489739  -2
  1  0  0.938300 -0.096046  0.113725  0.427011  -3
  1  0  0.938300 -0.009377  0.029909  0.294112  -3
  1  0  0.938300  0.178379  0.173150  0.693903  -3
  1  0  0.938300 -0.047212 -0.036825  0.523650  -1
  1  0  0.938300  0.077840  0.366785  0.594188  -2
  1  0  0.938300  0.070320  0.007695  0.754213  -1
  1  0  0.938300 -0.165724 -0.461731  0.509350  -3
  1  0  0.938300 -0.060719  0.369049  0.313689  -2
  1  0  0.938300 -0.016998  0.042421  0.390032  -1
  1  0  0.938300 -0.295951 -0.314345  0.489951  -5
  1  0  0.938300 -0.112524  0.011447  0.666507  -1
  1  0  0.938300 -0.104379  0.121258  0.328075  -3
  1  0  0.938300 -0.054471  0.095478  0.670974  -1
  1  0  0.938300 -0.281803 -0.413558  0.644220  -2
  1  0  0.938300 -0.060774 -0.001534  0.675467  -1
  1  0  0.938300 -0.064133 -0.069357  0.689719  -2
  1  0  0.938300 -0.127700  0.205552  0.632902  -3
  1  0  0.938300 -0.406964  0.137401  0.165677  -5
  1  0  0.938300  0.079988 -0.319390  0.702175  -2
  1  0  0.938300  0.195063  0.015979  1.110181  -2
  1  0  0.938300  0.263855 -0.088539  0.377776  -3
  1  0  0.938300 -0.162675  0.224851  0.291204  -6
  1  0  0.938300 -0.292414 -0.093203  0.050160  -3
  1  0  0.938300  0.195711  0.169643  0.567091  -2
  1  0  0.938300  0.180782  0.207871  0.724719  -3
  1  0  0.938300 -0.264996  0.089672  0.387996  -5
  1  0  0.938300  0.057978 -0.222847  0.247087  -2
  1  0  0.938300 -0.102730  0.059585  0.593041  -2
  1  0  0.938300 -0.121176  0.162009  0.339600  -8