  1  1  0.938300  0.591595  0.107890  0.574590   3
  1  1  0.938300 -0.002921 -0.349014  0.481457   3
  1  1  0.938300 -0.134895 -0.036712  0.075414  10
  1  1  0.938300  0.337546  0.316144  0.327901   5
  1  1  0.938300  0.063865 -0.083673 -0.028242   1
  1  1  0.938300  0.190053  0.112490  0.363275   3
  1  1  0.938300  0.100885  0.305471  0.514475   2
  1  1  0.938300  0.068302 -0.146164  0.317225   6
  1  1  0.938300 -0.221396 -0.558835  0.520717  10
  1  1  0.938300 -0.321271  0.161050  0.526371   4
  1  1  0.938300 -0.031924 -0.211055  0.221818   3
  1  1  0.938300  0.175004 -0.133512  0.072341   3
  1  1  0.938300 -0.189805 -0.008276  0.388358   6
  1  1  0.938300 -0.477976  0.121103  0.605208   2
  1  1  0.938300  0.009890  0.002457  0.235784   4
  1  1  0.938300  0.356845 -0.042533  0.736741   2
  1  1  0.938300 -0.030451  0.311850  0.195268   3
  1  1  0.938300  0.151385  0.168335  0.356129   3
  1  1  0.938300  0.449410  0.030693  0.456660   2
  1  1  0.938300  0.037915 -0.307743  0.836636   6
  1  1  0.938300  0.027081  0.029319  0.093033   2
  1  1  0.938300 -0.212951  0.225156  0.015140   6
  1  1  0.938300 -0.138647  0.259783  0.541719   2
  1  1  0.938300 -0.196678 -0.443171  0.777134   5
  1  1  0.938300 -0.150677  0.372462 -0.029915   6
  1  1  0.938300 -0.289852  0.109388  0.092233   5
  1  1  0.938300 -0.167428  0.063542  0.608609   2
  1  1  0.938300 -0.170458 -0.002305  0.547969   8
  1  1  0.938300  0.102338  0.058925  0.080367   2
  1  1  0.938300  0.161322 -0.119272  0.077519   1
  1  1  0.938300  0.004485  0.021556  0.012961   1
  1  1  0.938300 -0.012330 -0.391607  0.431932   3
  1  1  0.938300 -0.082804 -0.092437  0.124654   2
  1  1  0.938300 -0.148763 -0.137679  0.637474  14
  1  1  0.938300 -0.191644 -0.129326  0.265370   2
  1  1  0.938300  0.283924  0.235480  0.355527   2
  1  1  0.938300 -0.084323 -0.218956  0.301148   5
  1  1  0.938300 -0.079522  0.162217  0.042132   1
  1  1  0.938300  0.248747  0.601397  0.223411   2
  1  1  0.938300  0.081014 -0.074129  0.055107   3
  1  1  0.938300 -0.228366  0.019762  0.568685   5
  1  1  0.938300 -0.004860  0.103341  0.222634   3
  1  1  0.938300 -0.190442 -0.417604  0.283688   3
  1  1  0.938300 -0.159675 -0.284207  0.288825   3
  1  1  0.938300  0.220563 -0.298564  0.552944   3
  1  1  0.938300 -0.072546  0.042577 -0.032268   1
  1  1  0.938300  0.265223  0.175921  0.361836   6
  1  1  0.938300 -0.019986 -0.007452  0.903212   3
  1  1  0.938300  0.091513  0.030105  0.290588   3
  1  1  0.938300  0.004373 -0.143538  0.111145   1
  1  1  0.938300 -0.328206  0.091954  0.546467   3
  1  1  0.938300  0.003415  0.142068  0.903174   5
  1  1  0.938300 -0.104675 -0.089315  0.019102   1
  1  1  0.938300 -0.087734  0.234672  0.271928   3
  1  1  0.938300  0.133765  0.019512  0.693644   8
  1  1  0.938300  0.227325  0.176443  0.382133   8
  1  1  0.938300 -0.080521 -0.065257  0.518297   2
  1  1  0.938300 -0.208933  0.185528  0.375772   2
  1  1  0.938300 -0.092850  0.017972  0.107028   3
  1  1  0.938300 -0.344861 -0.195458 -0.247554   2
  1  1  0.938300 -0.158962 -0.142274  0.230554   2
  1  1  0.938300 -0.227481 -0.003748  0.151928   2
  1  1  0.938300  0.153293  0.418136  0.017954   7
  1  1  0.938300 -0.145268 -0.332249  0.292601   2
  1  1  0.938300  0.065957 -0.178127  0.065102   3
  1  1  0.938300  0.012401 -0.151868 -0.131148   2
  1  1  0.938300 -0.008344  0.101890  0.231056   2
  1  1  0.938300 -0.193861  0.160898  0.053560   2
  1  1  0.938300  0.207659 -0.036063  0.031313   2
  1  1  0.938300 -0.094763  0.024248  0.068157   3
  1  1  0.938300  0.094074 -0.043171 -0.007412   2
  1  1  0.938300  0.055048 -0.194241  0.102313   5
  1  1  0.938300 -0.081076 -0.168261  0.526756   3
  1  1  0.938300 -0.056018 -0.190190  0.481597   3
  1  0  0.938300  0.084983  0.176549  0.593063   7
  1  1  0.938300  0.203898  0.188210  0.090878   3
  1  0  0.938300 -0.066850 -0.325881  0.363560   5
  1  1  0.938300 -0.155020  0.091491  0.378282   5
  1  1  0.938300 -0.001631 -0.307008  0.835758   6
  1  0  0.938300  0.130079 -0.101344  0.341712   8
  1  0  0.938300  0.039157 -0.137791  0.135679   2
  1  0  0.938300 -0.025269  0.010862  0.306969   2
  1  0  0.938300  0.236850 -0.169205  0.333586   3
  1  0  0.938300  0.377538  0.072211 -0.052700   2
  1  0  0.938300 -0.085639 -0.201261 -0.065296   1
  1  0  0.938300 -0.295578 -0.050592  0.395950   3
  1  0  0.938300 -0.130072 -0.346890  0.274653   3
  1  0  0.938300 -0.047695  0.224256  0.130020   3
  1  0  0.938300 -0.153542  0.205973  0.369112   3
  1  0  0.938300 -0.101992 -0.122872  0.032731   2
  1  0  0.938300 -0.207093  0.136689  0.087391   5
  1  0  0.938300 -0.172256 -0.056473  0.117782   1
  1  0  0.938300  0.053432  0.128317  0.132009   1
  1  0  0.938300  0.126506  0.106406 -0.132979   2
  1  0  0.938300 -0.084224 -0.062521  0.056819   5
  1  0  0.938300  0.291965 -0.359289  0.443632   4
  1  0  0.938300 -0.125309  0.102315  0.693748   5
  1  0  0.938300  0.159909 -0.008178  0.243061   2
  1  0  0.938300 -0.263329 -0.343884  0.667058   7
  1  0  0.938300  0.133425  0.005626  0.537602   4
  1  0  0.938300  0.088138  0.021353  0.197322   2
  1  0  0.938300 -0.193834  0.162546  0.118162   3
  1  0  0.938300 -0.025305 -0.082010  0.585124   3
  1  0  0.938300  0.032023  0.160162  0.484025   4
  1  0  0.938300 -0.082405 -0.031231  0.155412   1
  1  0  0.938300 -0.155143  0.029597  0.682658   3
  1  0  0.938300 -0.119793  0.385426  0.304983   7
  1  0  0.938300  0.168133  0.020553 -0.049692   1
  1  0  0.938300 -0.216776 -0.407964  0.484943   6
  1  0  0.938300  0.010843 -0.227995  0.183365   6
  1  0  0.938300 -0.013380 -0.251440  0.348069   4
  1  0  0.938300  0.097298  0.087132  0.390527   4
  1  0  0.938300  0.327229 -0.082411  0.146878   4
  1  0  0.938300 -0.310393 -0.339723  0.585908   5
  1  0  0.938300  0.341954  0.280555  0.470802   4
  1  0  0.938300  0.144790 -0.128670  0.541571   5
  1  0  0.938300 -0.057173 -0.036270  0.591500   3
  1  0  0.938300  0.086526 -0.272025  0.666063   2
  1  0  0.938300 -0.087156 -0.096942  0.259650   1
  1  0  0.938300  0.258504  0.119992  0.026243   4
  1  0  0.938300  0.022130 -0.166062 -0.047684   1
  1  0  0.938300  0.004181  0.011343  0.311617   2
  1  0  0.938300 -0.009861 -0.186299  0.137736   4
  1  0  0.938300 -0.050107 -0.222551 -0.097620   5
  1  0  0.938300 -0.007519 -0.091340  0.295293   4
  1  0  0.938300 -0.430162  0.146024  0.083642   2
  1  0  0.938300 -0.084559 -0.016309 -0.001621   2
  1  0  0.938300 -0.073142  0.295484  0.471125   4
  1  0  0.938300 -0.269678  0.101533  0.153448   3
  1  0  0.938300  0.216313  0.137163  0.116549   2
  1  0  0.938300 -0.096857  0.025513 -0.053939   1
  1  0  0.938300 -0.008253  0.145951  0.201364   1
  1  0  0.938300  0.225286  0.017876  0.156930   4
  1  0  0.938300  0.296122  0.006860  0.638736   5
  1  0  0.938300 -0.070113 -0.009441  0.596476   3
  1  0  0.938300  0.346207 -0.472208  0.491987   2
  1  0  0.938300 -0.162337 -0.220786  0.098524   5
  1  0  0.938300  0.330152 -0.080341  0.065448   2
  1  0  0.938300 -0.008874 -0.118808  0.146161   5
  1  0  0.938300  0.129159  0.198578  0.101159   3
  1  0  0.938300 -0.138814  0.228966  0.008766   4
  1  0  0.938300 -0.005532  0.381666  0.212873   3
  1  0  0.938300 -0.027644 -0.078972 -0.085172   1
  1  0  0.938300 -0.152354  0.177809  0.115775   4
  1  0  0.938300  0.012906 -0.120445  0.103862   1
  1  0  0.938300 -0.198834  0.014554  0.041279   2
  1  0  0.938300 -0.073927  0.076507  0.274512   4
  1  0  0.938300  0.405155 -0.079858  0.479126   5
  1  0  0.938300  0.092753  0.084279 -0.061093  11
  1  0  0.938300  0.199943 -0.078731  0.412037   6
  1  0  0.938300  0.506298 -0.159282  0.194292   3
  1  0  0.938300 -0.010735  0.235381  0.174781   8
  1  0  0.938300  0.034226  0.166890  0.041270   1
  1  0  0.938300  0.505573  0.087983 -0.016462   5
  1  0  0.938300 -0.219578  0.052533  0.390838   3
  1  0  0.938300 -0.113104  0.049884  0.677463   6
  1  0  0.938300 -0.005765 -0.129620  0.264247   5
  1  0  0.938300 -0.156736  0.176014  0.685779   4
  1  0  0.938300  0.144016 -0.040944  0.196350   4
  1  0  0.938300 -0.094328  0.008052 -0.027489   3
  1  0  0.938300 -0.008794  0.145862  0.567073   5
  1  0  0.938300  0.204082 -0.058845  0.224838   2
  1  0  0.938300 -0.072487 -0.065446  0.251685   4
  1  0  0.938300  0.154111 -0.142014  0.008769   2
  1  0  0.938300 -0.014358 -0.219835  0.093041   2
  1  0  0.938300  0.366131 -0.266459  0.093325   2
  1  0  0.938300  0.206670 -0.128002  0.219663   4
  1  0  0.938300 -0.205349 -0.081840 -0.006990   1
  1  0  0.938300  0.272006  0.056809  0.205461   3
  1  0  0.938300  0.292684 -0.070450  0.218654   3
  1  0  0.938300 -0.272036  0.062078 -0.013554   2
  1  0  0.938300 -0.136374 -0.115705  0.477426   4
  1  0  0.938300  0.050084 -0.000057  0.287212   3
  1  0  0.938300  0.579187  0.221213  0.597505   4
  1  0  0.938300 -0.098813 -0.077844  0.097213   1
  1  0  0.938300  0.141058 -0.177498  0.227390   4
  1  0  0.938300 -0.057407  0.003671  0.141626   1
  1  0  0.938300  0.168195 -0.112495  0.598355   5
  1  0  0.938300  0.050015 -0.214605  0.804404   3
  1  0  0.938300 -0.126335  0.097192  0.382685   7
  1  0  0.938300 -0.165062 -0.147396  0.181736   3
  1  0  0.938300  0.263970  0.106152  0.480722   3
  1  0  0.938300  0.008614  0.069412  0.301040   7
  1  0  0.938300 -0.152129 -0.156706  0.493150   3
  1  0  0.938300  0.103430 -0.099132  0.195819   1
  1  0  0.938300 -0.087893 -0.030838  0.281338   3
  1  0  0.938300 -0.005229 -0.036691  0.859498   6
  1  0  0.938300 -0.152061  0.097598  0.370890   5
  1  0  0.938300  0.218561 -0.183902  0.434210   6
  1  0  0.938300 -0.246518  0.059533  0.420682   4
  1  0  0.938300 -0.111289 -0.187376  0.182619   2
  1  0  0.938300 -0.481605  0.095602  0.475013   5
  1  0  0.938300 -0.172734 -0.208803  0.399746   6
  1  1  0.938300  0.109400 -0.094369  0.580218   2
  1  0  0.938300  0.204948 -0.113537  0.498644   3
  1  0  0.938300  0.068835 -0.090770  0.199935   1
  1  0  0.938300  0.080342  0.099678  0.643130   4
  1  1  0.938300 -0.076547  0.219637  0.278912  -2
  1  1  0.938300 -0.015297  0.283870  0.205390  -2
  1  1  0.938300  0.006668  0.230083  0.071526  -6
  1  1  0.938300  0.225871  0.164873  0.614700  -5
  1  1  0.938300  0.216527  0.107450  0.205292  -5
  1  1  0.938300 -0.104431  0.129282  0.697836  -2
  1  1  0.938300  0.244185  0.107059  0.631220  -3
  1  1  0.938300 -0.587401 -0.131863  0.385349  -6
  1  1  0.938300 -0.230813 -0.269870  0.666078  -4
  1  1  0.938300 -0.017139 -0.111162  0.454907  -5
  1  1  0.938300  0.146888  0.210935  0.225492  -3
  1  1  0.938300 -0.260872  0.097690  0.662892  -6
  1  1  0.938300 -0.300996 -0.338450  0.018309  -3
  1  1  0.938300 -0.260106  0.139655  0.412740  -2
  1  1  0.938300 -0.340535  0.267406  0.546345  -3
  1  1  0.938300 -0.211874 -0.028582  0.645471  -4
  1  1  0.938300  0.155359  0.247163  0.687716  -7
  1  1  0.938300  0.011141 -0.062363  0.076794  -5
  1  1  0.938300  0.091909 -0.092547  0.643127  -2
  1  1  0.938300  0.144352  0.046840  0.580906  -2
  1  1  0.938300  0.049862 -0.158440  0.199362  -6
  1  1  0.938300 -0.234767  0.272060  0.331547  -5
  1  1  0.938300 -0.078428 -0.216536  0.352476  -5
  1  1  0.938300 -0.261757  0.114767  0.742887  -2
  1  1  0.938300  0.268727  0.211801  0.291137  -3
  1  1  0.938300 -0.095088  0.086955  0.793310  -1
  1  1  0.938300 -0.215305 -0.086046  0.721921  -1
  1  1  0.938300 -0.015057 -0.284116  0.641618  -2
  1  1  0.938300  0.325147  0.138293  0.346861  -3
  1  1  0.938300 -0.269598 -0.036359  0.305021  -5
  1  1  0.938300 -0.012895 -0.023905  0.643923  -1
  1  1  0.938300  0.299102 -0.067199  0.643688  -8
  1  1  0.938300 -0.169559  0.013612  0.460976  -4
  1  1  0.938300  0.076119  0.018365  0.723647  -3
  1  1  0.938300 -0.320687  0.220453  0.062576  -3
  1  1  0.938300  0.329456  0.054671  0.287367  -4
  1  1  0.938300 -0.214923  0.365167  0.310763  -5
  1  1  0.938300 -0.092456  0.111093  0.603963  -2
  1  1  0.938300 -0.160436  0.087021  0.618061  -2
  1  1  0.938300  0.104753  0.057719  0.534704  -1
  1  1  0.938300 -0.174426  0.229195  0.509877  -8
  1  1  0.938300 -0.170030  0.202342  0.690367  -1
  1  1  0.938300 -0.192320 -0.111238  0.049384  -3
  1  1  0.938300 -0.113184  0.031238  0.845860  -1
  1  1  0.938300  0.078380  0.044692  0.342153  -5
  1  1  0.938300  0.335125  0.615135  0.221896  -4
  1  1  0.938300  0.101802  0.153136  0.081508  -4
  1  1  0.938300  0.408465 -0.164033  0.427459  -3
  1  1  0.938300  0.308214  0.233266  0.271572  -2
  1  1  0.938300  0.094930 -0.237658  0.354056  -3
  1  1  0.938300 -0.420133 -0.254949  0.515720  -2
  1  1  0.938300  0.020805 -0.030088  0.916294  -5
  1  1  0.938300  0.010069 -0.198067  0.617312  -5
  1  1  0.938300  0.110399 -0.308765  0.675061  -2
  1  1  0.938300 -0.085716  0.097505  0.747713  -3
  1  1  0.938300  0.107618  0.123848  0.131668  -3
  1  1  0.938300 -0.389878  0.135647  0.301665  -4
  1  1  0.938300 -0.115667  0.135079  0.344242  -3
  1  1  0.938300  0.484738 -0.162871  0.694698  -2
  1  1  0.938300  0.080381 -0.022369  0.135201  -8
  1  1  0.938300 -0.019900  0.077956  0.136958  -6
  1  1  0.938300 -0.115016  0.109217  0.193651  -3
  1  1  0.938300  0.361125 -0.041204  0.465284  -4
  1  1  0.938300  0.013549 -0.032568  0.829979  -1
  1  1  0.938300  0.223683 -0.086149  0.384419  -2
  1  1  0.938300 -0.023420 -0.101251  0.299160  -4
  1  1  0.938300  0.205996  0.591585  0.370871  -4
  1  1  0.938300 -0.261314  0.052319  0.491848  -2
  1  1  0.938300  0.125801  0.186389  0.430002  -3
  1  1  0.938300  0.007049 -0.447922  0.309645  -2
  1  1  0.938300 -0.426266  0.267146 -0.007692  -3
  1  1  0.938300 -0.065089 -0.038434  0.706061  -1
  1  1  0.938300  0.013187 -0.029541  0.647717  -1
  1  1  0.938300  0.053848  0.081302  0.902143  -7
  1  1  0.938300 -0.045389  0.188392  0.511938  -1
  1  1  0.938300 -0.043029  0.386133  0.686142  -2
  1  1  0.938300  0.194939  0.047905  0.068170  -5
  1  1  0.938300  0.074508 -0.488910  0.524946  -4
  1  1  0.938300 -0.271064 -0.223305  0.153845  -2
  1  0  0.938300 -0.119135 -0.037292  0.386308  -5
  1  0  0.938300  0.084032  0.122699  0.288218  -2
  1  0  0.938300 -0.034567  0.196709  0.509033  -3
  1  0  0.938300 -0.045135  0.172726  0.611485  -2
  1  0  0.938300 -0.293195 -0.086267  0.328270  -2
  1  0  0.938300 -0.074869 -0.017836  0.830990  -1
  1  0  0.938300 -0.110794  0.020600  0.763100  -1
  1  0  0.938300 -0.115253  0.159698  0.277326  -3
  1  0  0.938300  0.029706  0.082103  0.495260  -4
  1  0  0.938300  0.355093 -0.333369 -0.023575  -5
  1  0  0.938300  0.313530  0.050587  0.456180  -3
  1  0  0.938300  0.005495 -0.002850  0.417254  -4
  1  0  0.938300  0.025922 -0.233124  0.759061  -3
  1  0  0.938300  0.237285  0.039498  0.893695  -4
  1  0  0.938300  0.252812  0.063083  0.902485  -3
  1  0  0.938300  0.157189  0.176352  0.213146  -3
  1  0  0.938300  0.026063  0.460650  0.266355  -4
  1  0  0.938300 -0.212189  0.237365  0.239052  -3
  1  0  0.938300 -0.271153 -0.121253  0.419706  -4
  1  0  0.938300  0.178605  0.010759  0.473535  -6
  1  0  0.938300  0.051044 -0.137405  0.645289  -1
  1  0  0.938300 -0.081008 -0.002945  0.553135  -3
  1  0  0.938300 -0.123360 -0.115092  0.176356  -3
  1  0  0.938300  0.132958 -0.066241  0.774488  -1
  1  0  0.938300 -0.022273  0.038886  0.374922  -2
  1  0  0.938300  0.143951 -0.165640  0.474560  -4
  1  0  0.938300  0.034018 -0.177402  0.791405  -2
  1  0  0.938300  0.191283  0.601949  0.600597  -2
  1  0  0.938300 -0.478333  0.188821  0.638260  -9
  1  0  0.938300  0.060867 -0.014883  0.761456  -1
  1  0  0.938300 -0.077992  0.165947  0.501745  -4
  1  0  0.938300 -0.046480 -0.448378  0.507681  -3
  1  0  0.938300 -0.121517 -0.054447  0.421515  -2
  1  0  0.938300  0.031539 -0.244459  0.367259  -5
  1  0  0.938300 -0.053055 -0.087488 -0.135680  -5
  1  0  0.938300  0.079319 -0.289043  0.158881  -4
  1  0  0.938300 -0.175234  0.245362  0.803625  -4
  1  0  0.938300  0.143390 -0.368333  0.045020  -5
  1  0  0.938300 -0.023721 -0.069233  0.578230  -2
  1  0  0.938300 -0.327204 -0.246180  0.446720  -4
  1  0  0.938300  0.078028  0.037614  0.423393  -1
  1  0  0.938300  0.296875 -0.031502  0.472850  -2
  1  0  0.938300 -0.253839  0.079200  0.431322  -4
  1  0  0.938300 -0.131498 -0.021840  0.222032  -8
  1  0  0.938300 -0.262379  0.064880  0.700822  -1
  1  0  0.938300  0.195831 -0.280957  0.334784  -2
  1  0  0.938300  0.017368 -0.130284  0.592299  -1
  1  0  0.938300 -0.054871 -0.123213  0.115884  -8
  1  0  0.938300 -0.016706  0.131878  0.316546  -2
  1  0  0.938300 -0.255443  0.266332  0.579621  -3
  1  0  0.938300  0.006345 -0.065665  0.097428  -2
  1  0  0.938300 -0.010407  0.113350  0.340138  -6
  1  0  0.938300  0.286831  0.030889  0.745715  -2
  1  0  0.938300  0.303632  0.037358  0.443141  -3
  1  0  0.938300  0.261949 -0.279581  0.522200  -3
  1  0  0.938300 -0.133823 -0.133817  0.498475  -1
  1  0  0.938300 -0.093303 -0.178244  0.826864  -1
  1  0  0.938300  0.407215  0.197415  0.668656  -5
  1  0  0.938300  0.118273  0.053569  0.137001  -2
  1  0  0.938300  0.137045  0.136793  0.376528  -6
  1  0  0.938300 -0.183826 -0.011846  0.832668  -3
  1  0  0.938300 -0.125057 -0.064737  0.246392  -2
  1  0  0.938300  0.164552  0.230207  0.625520  -4
  1  0  0.938300 -0.091044 -0.244585  0.513646  -4
  1  0  0.938300 -0.193337  0.053329  0.686741  -1
  1  0  0.938300 -0.149568 -0.324032  0.353790  -2
  1  0  0.938300 -0.114856  0.182091  0.248063  -5
  1  0  0.938300 -0.375952 -0.048616  0.381702  -2
  1  0  0.938300 -0.256090  0.050684  0.124419  -3
  1  0  0.938300  0.065727  0.246769  0.260202  -2
  1  0  0.938300  0.076163  0.011292 -0.111956  -2
  1  0  0.938300 -0.270812 -0.081033  0.431868  -3
  1  0  0.938300 -0.012457  0.279067  0.223703  -2
  1  0  0.938300  0.110079  0.294467  0.570032  -2
  1  0  0.938300  0.001482  0.127803  0.222630  -5
  1  0  0.938300  0.088963  0.199299  0.528306  -3
  1  0  0.938300 -0.217674 -0.287525  0.255238  -3
  1  0  0.938300 -0.027555  0.052041  0.426059  -5
  1  0  0.938300 -0.245488  0.087967  0.465761  -3
  1  0  0.938300 -0.094647 -0.001695  0.494186  -1
  1  0  0.938300 -0.136431 -0.057116  0.596925  -7
  1  0  0.938300  0.028923  0.139598  0.399717  -3
  1  0  0.938300  0.069952 -0.051496  0.574611  -1
  1  0  0.938300 -0.066224  0.341952  0.289514  -3
  1  0  0.938300 -0.409539 -0.147416  0.914812  -3
  1  0  0.938300 -0.041284 -0.088759 -0.075748  -2
  1  0  0.938300 -0.130239 -0.183470  0.213306  -3
  1  0  0.938300  0.246947  0.006974  0.029379  -4
  1  0  0.938300  0.154459 -0.008071  0.075017  -4
  1  0  0.938300  0.194926  0.237371  0.335921  -3
  1  0  0.938300 -0.059608 -0.433825  0.518836  -9
  1  0  0.938300 -0.008192 -0.430913  0.416426  -3
  1  1  0.938300  0.150051 -0.287588  0.416546  -3
  1  0  0.938300  0.130457  0.184108  0.118692  -3
  1  0  0.938300  0.098287 -0.161836  0.506433  -5
  1  0  0.938300  0.219286  0.080435  0.581669  -3
  1  0  0.938300 -0.079836 -0.238898 -0.024001  -5
  1  0  0.938300  0.644710  0.042465  0.683597  -5
  1  0  0.938300 -0.050745 -0.033662  0.610853  -1
  1  0  0.938300  0.030964 -0.005367  0.612752  -3
  1  0  0.938300  0.354683  0.050096  0.665674  -2
  1  0  0.938300 -0.052263  0.016893  0.384144  -2
  1  0  0.938300  0.064682  0.294228  0.432448  -4
  1  0  0.938300  0.009733 -0.017291  0.936581  -1
  1  0  0.938300  0.024540  0.185895  0.509243  -1
  1  0  0.938300  0.138133  0.136274  0.619505  -1
  1  0  0.938300 -0.094746 -0.025221  0.769373  -1
  1  0  0.938300  0.005222  0.230467  0.371625  -3
  1  0  0.938300 -0.097490 -0.141802  0.688261  -1
  1  0  0.938300  0.047924 -0.124701  0.554815  -4
  1  0  0.938300 -0.088582  0.260830  0.370953  -2
  1  0  0.938300 -0.129287  0.015979  0.765530  -4
  1  0  0.938300  0.069056  0.116285  0.252306  -5
  1  0  0.938300 -0.073775  0.179641  0.645551  -2
  1  0  0.938300  0.125560 -0.028036  0.692320  -1
  1  0  0.938300  0.061910 -0.268707  0.883453  -2
  1  0  0.938300  0.226134 -0.109442  0.507615  -2
  1  0  0.938300 -0.497061 -0.177186  0.267626  -7