  1  1  0.938300 -0.049071  0.066401  0.022510   7
  1  1  0.938300  0.057276 -0.136980  0.376482   4
  1  1  0.938300 -0.029213 -0.156726  0.300536   3
  1  1  0.938300  0.045723  0.053626  0.119993  10
  1  1  0.938300  0.221781 -0.204235  0.059921   2
  1  1  0.938300  0.007201  0.008413 -0.106076   1
  1  1  0.938300  0.197906  0.288075  0.136306   2
  1  1  0.938300 -0.234800  0.147971  0.408642   3
  1  1  0.938300  0.055627 -0.320063  0.652058   3
  1  1  0.938300  0.098648 -0.093800  0.077048   4
  1  1  0.938300  0.287992  0.394139  0.568083   5
  1  1  0.938300 -0.110093 -0.408568  0.421739   4
  1  1  0.938300  0.076248 -0.230235  0.229225   3
  1  1  0.938300 -0.098767  0.014627  0.081272   1
  1  1  0.938300 -0.256849 -0.083115  0.066098   1
  1  1  0.938300 -0.186334 -0.295953  0.493794   3
  1  1  0.938300  0.073119 -0.073341  0.309574   4
  1  1  0.938300  0.012242 -0.101858  0.304896   2
  1  1  0.938300 -0.083905 -0.301049  0.410435   4
  1  1  0.938300  0.013746 -0.088941  0.161290   3
  1  1  0.938300 -0.122998  0.276500  0.355282   2
  1  1  0.938300 -0.086023 -0.120497  0.465063   6
  1  1  0.938300 -0.204619  0.138669  0.489190   4
  1  1  0.938300 -0.024764 -0.025540  0.033162   1
  1  1  0.938300  0.240874  0.107171  0.052219   9
  1  1  0.938300  0.025334  0.051798  0.327062   6
  1  1  0.938300  0.067896 -0.039904  0.414077   8
  1  1  0.938300  0.045881 -0.092774  0.062029   1
  1  1  0.938300 -0.169794  0.353243  0.466503   4
  1  0  0.938300  0.158019 -0.092406  0.498669   8
  1  1  0.938300  0.052753 -0.203987  0.225994   1
  1  1  0.938300 -0.135373 -0.225499  0.355074   2
  1  0  0.938300 -0.075481 -0.227225  0.363210   4
  1  1  0.938300  0.076735 -0.186030  0.232287   2
  1  1  0.938300  0.230078 -0.165713 -0.124243   7
  1  1  0.938300  0.101002  0.224130 -0.020099   5
  1  1  0.938300 -0.086544 -0.215968  0.103955   3
  1  1  0.938300  0.152616 -0.196861  0.195779   3
  1  1  0.938300 -0.246952 -0.165009  0.744048   3
  1  1  0.938300 -0.102745  0.289781  0.427211   2
  1  1  0.938300 -0.016662  0.163269  0.014906   1
  1  1  0.938300  0.185132 -0.158395  0.238837   2
  1  1  0.938300 -0.057031 -0.021824 -0.089013   5
  1  1  0.938300  0.019479 -0.098654  0.128830   1
  1  1  0.938300  0.152778 -0.460923  0.309916   5
  1  1  0.938300 -0.022641 -0.332304  0.406635   3
  1  1  0.938300 -0.132257  0.428872  0.802331   5
  1  1  0.938300  0.034241  0.262543  0.617306   4
  1  1  0.938300 -0.429546  0.083619  0.018583   2
  1  1  0.938300 -0.256186  0.091854  0.118281   4
  1  1  0.938300  0.131868  0.179041  0.371173   8
  1  1  0.938300  0.072487 -0.382209  0.330728   2
  1  1  0.938300  0.071448 -0.064342  0.558835   3
  1  1  0.938300 -0.205764  0.096056  0.015913   2
  1  1  0.938300 -0.020035 -0.499055  0.254072   8
  1  1  0.938300  0.195932  0.157050  0.530311   6
  1  1  0.938300  0.280772  0.147269  0.685936   5
  1  1  0.938300 -0.139946 -0.064740  0.511708   5
  1  1  0.938300  0.107865  0.074543  0.009241   2
  1  1  0.938300 -0.213188  0.127687 -0.043444   3
  1  1  0.938300 -0.262144  0.203787  0.495151   5
  1  1  0.938300 -0.270894 -0.050355  0.086974   5
  1  1  0.938300 -0.211787 -0.000123  0.634146   3
  1  1  0.938300 -0.137191 -0.109275  0.275409   3
  1  1  0.938300 -0.159917 -0.132424  0.313452   2
  1  1  0.938300 -0.021281 -0.221179  0.074248   2
  1  1  0.938300 -0.266132  0.162951  0.319937   8
  1  1  0.938300 -0.005398 -0.067036  0.144212   1
  1  1  0.938300  0.065984  0.150760  0.325662   2
  1  1  0.938300 -0.234417  0.102400  0.664648   3
  1  1  0.938300  0.282854  0.213475  0.447235   7
  1  1  0.938300 -0.221960 -0.171789  0.055516   4
  1  1  0.938300  0.295780  0.067921  0.459106   6
  1  0  0.938300 -0.095140 -0.200683  0.538098   4
  1  1  0.938300 -0.004701 -0.262157  0.564283   3
  1  1  0.938300  0.211496 -0.150587  0.377507   2
  1  1  0.938300 -0.075831  0.038525  0.175424   1
  1  1  0.938300  0.102533 -0.187596  0.049634   5
  1  1  0.938300  0.228996 -0.039285  0.592333   2
  1  0  0.938300 -0.052735  0.058699  0.544154   2
  1  0  0.938300  0.046677 -0.285971  0.192560   2
  1  0  0.938300 -0.111774 -0.340418  0.044058   2
  1  0  0.938300  0.136264 -0.018755  0.254920   4
  1  0  0.938300  0.179263 -0.010295  0.562523  10
  1  0  0.938300  0.063646  0.359223  0.048961   5
  1  0  0.938300  0.101126 -0.003426  0.591166   5
  1  0  0.938300  0.077723 -0.023437  0.475030   3
  1  0  0.938300 -0.004496  0.019251  0.309628   2
  1  0  0.938300  0.320821 -0.070310  0.187319   3
  1  0  0.938300  0.187134  0.641887  0.551985   4
  1  0  0.938300 -0.047530  0.121478  0.510668   3
  1  0  0.938300 -0.077763  0.260413  0.327436   2
  1  0  0.938300 -0.004577  0.155564  0.566393   6
  1  0  0.938300 -0.018964 -0.131865  0.212604   7
  1  0  0.938300  0.160851  0.450452  0.028245   3
  1  0  0.938300 -0.234074  0.049064  0.252987   5
  1  0  0.938300 -0.012055 -0.157548  0.334260   4
  1  0  0.938300  0.055610 -0.132789  0.171417   2
  1  0  0.938300 -0.382428  0.458499  0.621086   2
  1  0  0.938300  0.086808  0.161961  0.199690   3
  1  0  0.938300 -0.013420 -0.089676  0.182642   1
  1  0  0.938300  0.047533  0.075528  0.111278   2
  1  0  0.938300  0.105206  0.236245  0.236818   2
  1  0  0.938300 -0.058022 -0.259367  0.541890   2
  1  0  0.938300  0.278124  0.053734  0.132237   2
  1  0  0.938300  0.320990  0.222994  0.421841   2
  1  0  0.938300  0.105292  0.052471  0.130322   1
  1  0  0.938300  0.231857 -0.121598  0.591438   3
  1  0  0.938300  0.010944 -0.116902  0.463603   4
  1  0  0.938300 -0.122931  0.262781  0.386448   2
  1  0  0.938300 -0.155527  0.076041  0.628847   4
  1  0  0.938300  0.067225  0.104454  0.133438   2
  1  0  0.938300  0.123790  0.111921  0.186514   1
  1  0  0.938300  0.183998  0.105703 -0.026485   1
  1  0  0.938300  0.242308  0.318197  0.470671   3
  1  0  0.938300 -0.399463 -0.003441  0.230181   2
  1  0  0.938300  0.064032 -0.490284  0.295584   3
  1  0  0.938300  0.204663 -0.185905  0.629240   8
  1  0  0.938300 -0.020332 -0.024257  0.212952   2
  1  0  0.938300  0.000723 -0.121071  0.432151   3
  1  0  0.938300  0.041093  0.043473  0.284718   3
  1  0  0.938300 -0.164269 -0.012435  0.347171   3
  1  0  0.938300 -0.032134 -0.103155  0.004852   2
  1  0  0.938300  0.266622 -0.010884  0.019270   3
  1  0  0.938300 -0.099616  0.348329  0.279099   6
  1  0  0.938300  0.161495  0.247863  0.257003   2
  1  0  0.938300 -0.064905 -0.041404  0.007729   3
  1  0  0.938300  0.119174 -0.153612  0.167341   2
  1  0  0.938300  0.070660 -0.429918  0.246728   2
  1  0  0.938300  0.307441  0.072571  0.180102  11
  1  0  0.938300  0.004308  0.046564 -0.102122   1
  1  0  0.938300  0.151777  0.448759  0.288321   4
  1  0  0.938300  0.158935  0.158303  0.425317   5
  1  0  0.938300 -0.224912 -0.290733  0.253547   2
  1  0  0.938300  0.258692 -0.237457  0.506604   3
  1  0  0.938300 -0.021760  0.227197  0.409351   3
  1  0  0.938300  0.343273  0.232576  0.023871   5
  1  0  0.938300  0.095141  0.215034  0.055529   2
  1  0  0.938300  0.245190 -0.026276  0.552490   7
  1  0  0.938300  0.115432 -0.064678  0.448939   3
  1  0  0.938300  0.429412  0.316280  0.265648   2
  1  0  0.938300 -0.050690  0.090061  0.426293   7
  1  0  0.938300  0.327910 -0.438779  0.059576   2
  1  0  0.938300  0.057452  0.078521  0.111447   3
  1  0  0.938300  0.009147  0.156555  0.017308   1
  1  0  0.938300  0.072915  0.167039  0.327950   3
  1  0  0.938300  0.140122  0.094638  0.766152   4
  1  0  0.938300  0.151457  0.125099  0.440935   6
  1  0  0.938300 -0.287629  0.181317  0.012282   2
  1  1  0.938300 -0.123280 -0.001585  0.475426  10
  1  0  0.938300 -0.106283 -0.010938  0.153035   4
  1  0  0.938300  0.058088 -0.058901  0.058966   7
  1  0  0.938300  0.491930 -0.291625  0.376984   3
  1  0  0.938300  0.308685 -0.015647  0.641538   3
  1  0  0.938300  0.100490 -0.095088  0.223746   2
  1  0  0.938300  0.310692  0.049296  0.105271   5
  1  0  0.938300 -0.157374  0.141146  0.176379   4
  1  0  0.938300  0.130520 -0.139765  0.144111   1
  1  0  0.938300  0.157044  0.206120  0.697956   2
  1  0  0.938300  0.438910  0.028755  0.396946   3
  1  0  0.938300 -0.032462  0.000458  0.181501   2
  1  0  0.938300 -0.148749 -0.409826  0.570737   3
  1  0  0.938300 -0.032205 -0.245975  0.107382   3
  1  0  0.938300  0.096856 -0.014462  0.019639   1
  1  0  0.938300 -0.080554 -0.075649  0.111259   5
  1  0  0.938300 -0.096347 -0.213798  0.232640   6
  1  0  0.938300 -0.527128  0.124426  0.709105   4
  1  0  0.938300 -0.080628  0.214711  0.272755   3
  1  1  0.938300 -0.266427  0.348096  0.055484   7
  1  0  0.938300 -0.053283 -0.050608  0.177430   4
  1  0  0.938300 -0.019716  0.312582  0.631772   3
  1  0  0.938300 -0.080942 -0.147940  0.321601   4
  1  0  0.938300 -0.500051  0.094550  0.226021   2
  1  0  0.938300 -0.059805  0.019179  0.167941   3
  1  0  0.938300 -0.024505 -0.062599  0.576657   3
  1  0  0.938300 -0.070533 -0.014113  0.027254   1
  1  0  0.938300  0.004648  0.112448  0.218220   1
  1  0  0.938300 -0.272350 -0.187481  0.463798   2
  1  0  0.938300 -0.466869 -0.238741  0.307879   6
  1  0  0.938300 -0.057838  0.293027  0.468601   4
  1  0  0.938300 -0.102289 -0.291876  0.448902   2
  1  0  0.938300  0.039954  0.051453  0.347386   6
  1  0  0.938300  0.106903 -0.177040  0.400265   3
  1  0  0.938300 -0.136061 -0.146170  0.186867   1
  1  0  0.938300  0.134171  0.372185  0.311395   2
  1  0  0.938300 -0.152034 -0.057598  0.562053   2
  1  0  0.938300 -0.206117  0.007807  0.327817   2
  1  0  0.938300  0.052936  0.073395 -0.054466   1
  1  0  0.938300 -0.033233 -0.435593  0.646609   3
  1  0  0.938300 -0.339047  0.217036  0.054006   3
  1  0  0.938300  0.156418  0.235761  0.498130   2
  1  1  0.938300  0.202107 -0.019463  0.256005   4
  1  1  0.938300 -0.222764  0.480092  0.444856   2
  1  0  0.938300 -0.031307 -0.331763  0.553970   3
  1  0  0.938300 -0.236996 -0.012593  0.315780   5
  1  0  0.938300 -0.111023 -0.313759  0.281934   5
  1  0  0.938300 -0.472229  0.085060  0.563929   9
  1  1  0.938300  0.037575 -0.008364  0.405343  -5
  1  1  0.938300  0.160086 -0.083762  0.574083  -5
  1  1  0.938300 -0.028510  0.192063  0.275581  -4
  1  1  0.938300  0.059747  0.142185  0.859181  -3
  1  1  0.938300 -0.134325  0.407475  0.876443  -6
  1  1  0.938300 -0.216654  0.117602 -0.009191  -2
  1  1  0.938300  0.072300  0.027268  0.361580  -5
  1  1  0.938300  0.166511 -0.402693  0.014980  -2
  1  1  0.938300  0.135226 -0.069993  0.728063  -3
  1  1  0.938300 -0.138174 -0.133101  0.262585  -3
  1  1  0.938300  0.091382  0.037214  0.654376  -2
  1  1  0.938300  0.104994 -0.063320  0.366891  -2
  1  1  0.938300  0.008401 -0.400590  0.461597  -4
  1  1  0.938300  0.136087  0.214942  0.335707  -2
  1  1  0.938300 -0.174578 -0.071743  0.565742  -1
  1  1  0.938300  0.229568  0.318476  0.423594  -3
  1  1  0.938300  0.339697  0.087634  0.212214  -5
  1  1  0.938300  0.471073  0.017309  0.094833  -7
  1  1  0.938300 -0.189452  0.012086  0.141365  -2
  1  1  0.938300 -0.237797  0.321765  0.423296  -4
  1  1  0.938300  0.032066 -0.114284  0.347537  -2
  1  1  0.938300 -0.002551  0.013759  0.834066  -1
  1  1  0.938300 -0.015822  0.129054  0.263745  -6
  1  1  0.938300  0.077259  0.039622  0.506708  -2
  1  1  0.938300 -0.216146 -0.211299  0.784027  -4
  1  1  0.938300  0.110292  0.373292  0.381468  -7
  1  1  0.938300  0.357616  0.006214  0.266053  -5
  1  1  0.938300 -0.270139 -0.107255  0.090977  -2
  1  1  0.938300  0.143896  0.072983  0.540787  -1
  1  1  0.938300  0.106404  0.236591  0.689086  -2
  1  1  0.938300 -0.341760  0.211093  0.002643  -2
  1  1  0.938300  0.461321 -0.165823  0.020989  -4
  1  1  0.938300  0.068661 -0.421067  0.251148  -2
  1  1  0.938300 -0.113447  0.221986  0.055791  -3
  1  1  0.938300  0.096898  0.125829  0.219917  -5
  1  1  0.938300 -0.285146  0.166009  0.154787  -2
  1  1  0.938300 -0.491541 -0.219222  0.284656  -4
  1  1  0.938300 -0.426519 -0.039887  0.381071  -6
  1  1  0.938300 -0.137086 -0.101522  0.849503  -1
  1  1  0.938300 -0.014202 -0.273142  0.294354  -2
  1  1  0.938300 -0.008441  0.044474  0.407140  -6
  1  1  0.938300  0.092527  0.101633  0.780910  -1
  1  1  0.938300  0.047329  0.114024  0.449046  -1
  1  1  0.938300  0.092976 -0.024752  0.371621  -3
  1  1  0.938300 -0.080474  0.280505  0.291001  -4
  1  1  0.938300 -0.204250  0.256049  0.815699  -3
  1  1  0.938300 -0.147418 -0.046295  0.277752  -2
  1  1  0.938300 -0.236114  0.252444  0.162653  -5
  1  1  0.938300  0.201963 -0.103966  0.148267  -3
  1  0  0.938300  0.058210  0.007072  0.524575  -4
  1  1  0.938300 -0.150512  0.281540  0.562319  -3
  1  1  0.938300 -0.016248  0.054581  0.604427  -1
  1  1  0.938300  0.075308 -0.023875  0.694090  -1
  1  0  0.938300 -0.043569 -0.046446  0.639763  -3
  1  1  0.938300  0.181021  0.013353  0.596397  -3
  1  1  0.938300  0.290899 -0.003733  0.178941  -3
  1  1  0.938300 -0.022043 -0.133714  0.265271  -7
  1  1  0.938300  0.063840 -0.040702  0.650350  -1
  1  1  0.938300  0.337021 -0.087688  0.374783  -4
  1  1  0.938300  0.359775  0.137498  0.528528  -9
  1  1  0.938300 -0.025961 -0.019524  0.341282  -1
  1  1  0.938300 -0.013787 -0.198951  0.422239  -3
  1  1  0.938300 -0.054251 -0.001668  0.629076  -2
  1  0  0.938300 -0.324857 -0.143515  0.202354  -4
  1  1  0.938300 -0.163902  0.317078  0.627665  -3
  1  1  0.938300  0.114299  0.088379  0.283263  -4
  1  1  0.938300 -0.084818  0.052449  0.460951  -1
  1  1  0.938300 -0.057256 -0.090507  0.195327  -3
  1  1  0.938300 -0.175055  0.123832  0.450900  -2
  1  1  0.938300  0.005424  0.153260  0.772557  -3
  1  1  0.938300 -0.318684  0.454184  0.394874  -6
  1  1  0.938300  0.048958  0.163917  0.465651  -1
  1  1  0.938300  0.106044  0.112176  0.685802  -1
  1  1  0.938300 -0.050213 -0.102912  0.443587  -3
  1  1  0.938300 -0.003725 -0.506590  0.695958  -2
  1  1  0.938300 -0.069546 -0.108172  0.302807  -2
  1  1  0.938300  0.191335  0.313802  0.303496  -4
  1  1  0.938300  0.242916 -0.287057  0.456554  -6
  1  1  0.938300  0.017955 -0.159467  0.607849  -1
  1  0  0.938300  0.046122  0.015769  0.290100  -3
  1  0  0.938300  0.375997 -0.000054  0.526335  -7
  1  0  0.938300 -0.107902  0.227208  0.174366  -3
  1  0  0.938300 -0.013427 -0.082416  0.102217  -3
  1  0  0.938300 -0.059142  0.273587  0.314598  -2
  1  0  0.938300 -0.071846  0.072199  0.678506  -1
  1  1  0.938300  0.106844 -0.270268  0.326599  -5
  1  0  0.938300 -0.075398  0.284926  0.282188 -12
  1  0  0.938300 -0.162924 -0.048525  0.576410  -2
  1  0  0.938300 -0.162941 -0.077019  0.183398  -5
  1  0  0.938300  0.009965  0.109604  0.269488  -5
  1  0  0.938300  0.025856  0.146496  0.300281  -8
  1  0  0.938300  0.448694 -0.114473  0.540624  -7
  1  0  0.938300  0.068463 -0.293969  0.033664  -3
  1  0  0.938300  0.265090  0.023850  0.432760  -2
  1  0  0.938300 -0.068548  0.131040  0.477792  -1
  1  0  0.938300  0.128031  0.074098  0.820092  -1
  1  0  0.938300 -0.285872  0.117614  0.539944  -3
  1  0  0.938300  0.461671  0.179322  0.622145  -2
  1  0  0.938300  0.005538 -0.029499  0.075251  -5
  1  0  0.938300 -0.224820  0.000423  0.715984  -3
  1  0  0.938300 -0.195942  0.050921  0.257562  -8
  1  0  0.938300  0.429615  0.235379  0.443399  -8
  1  0  0.938300 -0.060356  0.276569  0.689643  -3
  1  0  0.938300  0.001613 -0.109382  0.768389  -1
  1  0  0.938300 -0.233474 -0.111826  0.345258  -3
  1  0  0.938300 -0.176092 -0.285472  0.499813  -3
  1  0  0.938300 -0.125195  0.132543  0.854087  -4
  1  0  0.938300  0.021074  0.095262  0.658405  -2
  1  0  0.938300  0.024148  0.089674  0.441723  -3
  1  0  0.938300  0.112262 -0.134827  0.292737  -2
  1  0  0.938300 -0.340938 -0.094255  0.285867  -8
  1  0  0.938300  0.254365  0.040220  0.608995  -3
  1  0  0.938300 -0.370323  0.281106  0.578154  -6
  1  0  0.938300  0.024258 -0.004120  0.456029  -6
  1  0  0.938300  0.060200 -0.442140  0.730415  -5
  1  0  0.938300  0.151555 -0.136999  0.614642  -5
  1  0  0.938300 -0.186843 -0.129680  0.571236  -4
  1  0  0.938300 -0.323003  0.046321  0.656537  -9
  1  0  0.938300 -0.261714  0.261918  0.477709  -4
  1  0  0.938300  0.009487  0.452440  0.470632  -2
  1  0  0.938300 -0.181504 -0.130154  0.098021  -3
  1  0  0.938300  0.073079  0.340179  0.466775  -2
  1  0  0.938300  0.043121 -0.137846  0.445660  -4
  1  0  0.938300  0.119790  0.025042  0.813829  -1
  1  0  0.938300  0.231918 -0.082261  0.724053  -1
  1  0  0.938300  0.242716  0.131622  0.194120  -8
  1  0  0.938300  0.071995  0.133545  0.464032  -4
  1  0  0.938300  0.196645  0.002569  0.529732  -2
  1  0  0.938300 -0.209054 -0.172477  0.499117  -2
  1  0  0.938300  0.158426  0.221950 -0.087115  -6
  1  0  0.938300  0.198683 -0.034801  0.114704  -2
  1  0  0.938300  0.032387  0.451507  0.791845  -3
  1  0  0.938300  0.052413  0.236689  0.279687  -5
  1  0  0.938300 -0.062112 -0.098906  0.272553  -4
  1  0  0.938300  0.174557  0.201065  0.152379  -4
  1  0  0.938300 -0.582217  0.193215  0.281548  -3
  1  0  0.938300 -0.013829  0.253737 -0.039430  -4
  1  0  0.938300 -0.014364  0.069376  0.821826  -1
  1  0  0.938300  0.229789  0.046696  0.362083  -6
  1  0  0.938300  0.296258  0.340083  0.580495  -2
  1  0  0.938300 -0.029567 -0.018389  0.063451  -3
  1  0  0.938300  0.070508 -0.332984  0.248626  -3
  1  0  0.938300  0.113509  0.324906  0.175185  -8
  1  0  0.938300  0.177549 -0.021579  0.607941  -3
  1  1  0.938300  0.410361 -0.154069  0.600038  -2
  1  0  0.938300 -0.062322  0.095749  0.250056  -2
  1  0  0.938300  0.075028 -0.097142  0.072530  -3
  1  0  0.938300 -0.106153 -0.216921  0.144372  -2
  1  0  0.938300 -0.240566  0.302673  0.477296  -5
  1  0  0.938300  0.005614  0.276161  0.751787  -3
  1  0  0.938300  0.016981 -0.282065  0.854424  -2
  1  0  0.938300  0.383448 -0.055320  0.528288  -4
  1  0  0.938300 -0.400783 -0.088443  0.428457  -2
  1  0  0.938300  0.141679 -0.100841  0.590995  -1
  1  0  0.938300 -0.108017 -0.113700  0.526310  -2
  1  0  0.938300  0.059084  0.034352  0.526342  -2
  1  0  0.938300 -0.669313  0.123335  0.245049  -3
  1  0  0.938300  0.354052 -0.210101  0.414164  -2
  1  0  0.938300  0.124671  0.078762  0.465903 -13
  1  0  0.938300  0.119688  0.046103  0.682465  -1
  1  0  0.938300 -0.039161 -0.007816  0.649847  -5
  1  0  0.938300  0.302649  0.171132  0.236804  -6
  1  0  0.938300  0.299539 -0.679497  0.787023  -2
  1  0  0.938300 -0.361758  0.065985  0.551104  -2
  1  0  0.938300  0.138933  0.185613  0.647721  -1
  1  0  0.938300  0.438407  0.053840 -0.017906  -6
  1  0  0.938300 -0.158765  0.078645  0.683565  -1
  1  0  0.938300  0.148698  0.124603  0.245155  -3
  1  0  0.938300 -0.165340 -0.174536  0.300127  -3
  1  0  0.938300 -0.351273 -0.474138  0.524183  -4
  1  0  0.938300  0.008614  0.175187  0.531623  -2
  1  0  0.938300  0.048385 -0.089099  0.464760  -1
  1  0  0.938300  0.030072  0.123472  0.935032  -1
  1  0  0.938300  0.114196 -0.076649  0.490901  -9
  1  0  0.938300 -0.022237 -0.477087  0.563441  -4
  1  0  0.938300  0.095709 -0.019964  0.566867  -1
  1  0  0.938300 -0.375698  0.550522  0.840243  -2
  1  0  0.938300  0.067673 -0.061485  0.855441  -1
  1  0  0.938300 -0.039170 -0.104196  0.564531  -1
  1  0  0.938300  0.209399  0.081123  0.417204  -2
  1  0  0.938300 -0.081284  0.097943  0.461601  -4
  1  0  0.938300 -0.179163  0.312265  0.183731  -5
  1  0  0.938300 -0.238651  0.163395  0.206531  -5
  1  0  0.938300  0.392709  0.160812  0.705809  -4
  1  0  0.938300  0.279990  0.094259  0.645815 -10
  1  0  0.938300 -0.013950 -0.097103  0.322697  -3
  1  0  0.938300 -0.080824 -0.500012  0.640697  -3
  1  0  0.938300 -0.042607 -0.147944  0.409140  -6
  1  0  0.938300  0.165437  0.170325  0.747666  -1
  1  0  0.938300 -0.111402  0.002493  0.441251  -1
  1  0  0.938300  0.112833 -0.174957  0.315480  -6
  1  0  0.938300  0.268487 -0.190724  0.718242  -2
  1  1  0.938300  0.375802  0.102771  0.158146  -6
  1  0  0.938300  0.222604  0.051584  0.607802  -3
  1  0  0.938300 -0.236418  0.306640  0.239983  -3
  1  0  0.938300 -0.097745  0.074826  0.691621  -3
  1  0  0.938300  0.113363 -0.084802  0.181935  -4