  1  1  0.938300 -0.522969  0.283816  0.427878   2
  1  1  0.938300  0.289181  0.037988  0.491387   5
  1  1  0.938300 -0.099652 -0.074636  0.215442   4
  1  1  0.938300  0.268009 -0.050972  0.311046   2
  1  1  0.938300 -0.019354 -0.036677  0.185442   2
  1  1  0.938300  0.111957  0.478989  0.419473   5
  1  1  0.938300  0.190802  0.100897  0.215329   5
  1  1  0.938300  0.157687  0.191772  0.413002   4
  1  1  0.938300  0.102000 -0.191433  0.272502   3
  1  1  0.938300 -0.104699 -0.154813  0.227469   2
  1  1  0.938300 -0.250975  0.265174  0.388782   5
  1  1  0.938300 -0.231876 -0.300720  0.191626   2
  1  1  0.938300  0.260362  0.237858  0.275784   2
  1  1  0.938300 -0.021687  0.271819  0.025595   6
  1  1  0.938300 -0.087796  0.105005  0.211836   4
  1  1  0.938300  0.142831 -0.125325  0.117988   1
  1  1  0.938300  0.550014 -0.007520  0.927827   4
  1  1  0.938300  0.217667  0.153283  0.182854   3
  1  1  0.938300  0.243894  0.410528  0.365409   7
  1  1  0.938300  0.085475  0.046197  0.320914   4
  1  1  0.938300  0.005413  0.010663  0.185182   2
  1  1  0.938300 -0.056842 -0.008937  0.195066   4
  1  1  0.938300  0.093935  0.260734  0.476873   3
  1  1  0.938300  0.088184 -0.246548  0.438960   2
  1  1  0.938300 -0.306143  0.274449  0.444846   2
  1  1  0.938300  0.057568  0.300610  0.481185   4
  1  1  0.938300  0.385565 -0.366501  0.086252   2
  1  1  0.938300  0.131033  0.196690  0.452985   3
  1  1  0.938300  0.179616  0.002137  0.058910   3
  1  1  0.938300 -0.245908 -0.307905  0.575327   8
  1  1  0.938300  0.125601  0.049039  0.067101   1
  1  1  0.938300  0.134612 -0.152765  0.034932   1
  1  1  0.938300 -0.161921 -0.238471  0.091258   2
  1  1  0.938300 -0.103273 -0.015913  0.223449   3
  1  1  0.938300 -0.014993  0.043107  0.093712   1
  1  1  0.938300 -0.074679 -0.075229  0.685014   4
  1  1  0.938300 -0.385269 -0.220125  0.771216   3
  1  1  0.938300  0.285085 -0.225811  0.069789   3
  1  1  0.938300  0.029486  0.087430  0.323402   4
  1  1  0.938300 -0.049722 -0.097566  0.265868   3
  1  1  0.938300 -0.127881 -0.066167  0.069310   1
  1  1  0.938300  0.021553 -0.118136  0.226806   2
  1  1  0.938300 -0.174522 -0.028214  0.370569   6
  1  1  0.938300  0.144006  0.213799 -0.159166   7
  1  1  0.938300  0.011129  0.233974  0.091844   7
  1  1  0.938300  0.070195 -0.135477 -0.137711   1
  1  1  0.938300  0.197426 -0.099244  0.185186   1
  1  1  0.938300 -0.146232 -0.183788  0.202304   6
  1  1  0.938300 -0.407608 -0.333469  0.533605   2
  1  1  0.938300 -0.042757 -0.082213 -0.038294   2
  1  1  0.938300  0.000589  0.014773  0.190198   1
  1  1  0.938300  0.163189 -0.164067  0.659719   3
  1  1  0.938300 -0.144060 -0.085912  0.302611   6
  1  1  0.938300  0.094266 -0.321406 -0.028492   3
  1  1  0.938300 -0.222763 -0.128093  0.031940   2
  1  1  0.938300  0.339608  0.141372  0.720203   3
  1  1  0.938300 -0.021695  0.242431  0.446215   3
  1  1  0.938300  0.158950 -0.067578  0.522933   3
  1  1  0.938300 -0.023448 -0.056127  0.323192   3
  1  1  0.938300  0.110651  0.134072  0.546407   3
  1  1  0.938300  0.048918 -0.292130  0.482374   2
  1  1  0.938300 -0.034399  0.094433  0.344838   3
  1  1  0.938300 -0.257433 -0.065831  0.297167   4
  1  1  0.938300  0.142967 -0.050670  0.537014   3
  1  1  0.938300  0.029490  0.068069 -0.078013   3
  1  1  0.938300  0.107551  0.008394  0.264459   3
  1  1  0.938300 -0.023612 -0.213488  1.119267   4
  1  1  0.938300  0.207819 -0.425854  0.246258   3
  1  1  0.938300  0.107504 -0.375921  0.186277   6
  1  1  0.938300 -0.254428 -0.009121  0.452993   4
  1  1  0.938300 -0.053884  0.336143  0.168923   3
  1  1  0.938300 -0.244870 -0.138420 -0.016858   7
  1  1  0.938300  0.228211  0.166600 -0.007797   5
  1  1  0.938300  0.296131  0.359588  0.214797   2
  1  1  0.938300 -0.225684  0.286475  0.192203   3
  1  1  0.938300  0.106367 -0.163051  0.516579   5
  1  1  0.938300  0.219138 -0.082212  0.392256   4
  1  1  0.938300  0.079116  0.063888  0.091591   2
  1  1  0.938300  0.053375  0.022797 -0.040293   2
  1  0  0.938300 -0.094426 -0.149194  0.131238   8
  1  0  0.938300  0.024768 -0.226271  0.283560   3
  1  0  0.938300  0.321438  0.183185  0.231645   6
  1  0  0.938300 -0.068947  0.011029 -0.064785   1
  1  0  0.938300 -0.143299 -0.229567  0.615710   3
  1  0  0.938300  0.102452  0.032601  0.125047   3
  1  0  0.938300 -0.312927 -0.012763  0.619591   3
  1  0  0.938300 -0.225503  0.026166  0.178796   1
  1  0  0.938300  0.033391  0.149505  0.024155   1
  1  0  0.938300  0.209698 -0.158082  0.249663   2
  1  0  0.938300  0.305606 -0.059673  0.234206   2
  1  0  0.938300 -0.069572 -0.169818  0.369332   4
  1  0  0.938300 -0.092302  0.024618  0.097900   3
  1  0  0.938300 -0.170057 -0.025346  0.144100   2
  1  0  0.938300 -0.080886 -0.156162  0.246985   2
  1  0  0.938300 -0.119319 -0.298011  0.147850   3
  1  0  0.938300 -0.267608  0.420691  0.466995   3
  1  0  0.938300  0.023238 -0.146051  0.055863   6
  1  0  0.938300 -0.325563 -0.292467  0.339390   4
  1  0  0.938300 -0.503653  0.107308  0.327019   7
  1  0  0.938300 -0.006493  0.137152  0.037082   1
  1  0  0.938300  0.037694  0.281668  0.206793   2
  1  0  0.938300 -0.137347 -0.160004  0.211165   9
  1  0  0.938300  0.008833  0.178664 -0.003866   2
  1  0  0.938300 -0.126062 -0.050320  0.347421   3
  1  0  0.938300 -0.073539 -0.135179  0.113293   3
  1  0  0.938300 -0.043835 -0.144649  0.273695   1
  1  0  0.938300  0.288105  0.081875  0.300005   6
  1  0  0.938300  0.015814 -0.374471  0.402510   3
  1  0  0.938300  0.416480 -0.308366  0.566330   3
  1  0  0.938300  0.076376 -0.117890  0.231614   4
  1  0  0.938300  0.141135 -0.101336  0.325364   8
  1  0  0.938300 -0.224800  0.201016  0.087893   3
  1  0  0.938300 -0.012506 -0.369535  0.760697   3
  1  0  0.938300  0.129634 -0.351491  0.624300   5
  1  0  0.938300 -0.260567 -0.245937  0.462546   4
  1  0  0.938300 -0.236880 -0.063185  0.063071   2
  1  0  0.938300  0.131045  0.280317  0.351805   5
  1  0  0.938300  0.036116 -0.428388  0.313313   3
  1  0  0.938300  0.080602 -0.033093  0.098932   2
  1  0  0.938300 -0.023231  0.132930  0.287781   2
  1  0  0.938300 -0.403120 -0.322046  0.537255   3
  1  0  0.938300  0.031705 -0.182785  0.007648   1
  1  0  0.938300 -0.128533  0.042966  0.122896   4
  1  0  0.938300 -0.056373  0.243228  0.099855   2
  1  0  0.938300  0.172966 -0.017811  0.557602   5
  1  0  0.938300 -0.442117  0.162303  0.367002   4
  1  0  0.938300  0.006084  0.134507  0.024176   1
  1  0  0.938300 -0.176325  0.008785  0.198472   1
  1  0  0.938300  0.226432 -0.218519  0.468727   3
  1  0  0.938300  0.360845 -0.404806  0.415449   8
  1  0  0.938300 -0.092853 -0.005827 -0.226889   4
  1  0  0.938300  0.098892 -0.217228  0.069307   4
  1  0  0.938300  0.150950  0.049623  0.068823   1
  1  0  0.938300  0.042737 -0.192685  0.361239   2
  1  0  0.938300 -0.032071 -0.116593 -0.069847   2
  1  0  0.938300 -0.108307 -0.075170  0.441862   6
  1  0  0.938300  0.101864 -0.018253  0.266887   2
  1  1  0.938300  0.083642 -0.005403  0.168614   2
  1  0  0.938300 -0.301139 -0.242949  0.559293   5
  1  0  0.938300 -0.362997  0.349680  0.143719  10
  1  0  0.938300 -0.030323 -0.059969  0.025233   4
  1  0  0.938300 -0.039472  0.194633  0.726185   2
  1  0  0.938300 -0.045087 -0.013199  0.601368   8
  1  0  0.938300 -0.328448 -0.070751 -0.007021   3
  1  0  0.938300 -0.243144 -0.263780  0.262599   8
  1  0  0.938300 -0.154545  0.001120  0.233617   2
  1  0  0.938300  0.074469  0.011857  0.104974   3
  1  0  0.938300 -0.201300  0.047131  0.186566   2
  1  0  0.938300  0.232334  0.334037 -0.034286   2
  1  0  0.938300 -0.389846  0.107678  0.273990   5
  1  0  0.938300 -0.093660 -0.107303  0.203857   1
  1  0  0.938300 -0.166506  0.182690  0.331545   6
  1  0  0.938300 -0.389977 -0.318002  0.307098   4
  1  0  0.938300  0.049076 -0.051430  0.450669   5
  1  0  0.938300  0.132228 -0.027994  0.033595   5
  1  0  0.938300  0.069161 -0.001451  0.556391   8
  1  0  0.938300 -0.060544  0.172555  0.337088   4
  1  0  0.938300  0.177739  0.082707  0.393173   3
  1  0  0.938300 -0.085328  0.162273  0.009266   2
  1  0  0.938300 -0.172154  0.134748  0.239301   4
  1  0  0.938300  0.103735  0.116917 -0.079710   1
  1  0  0.938300  0.159562  0.215280  0.321197   3
  1  0  0.938300  0.104438 -0.112378  0.420831   5
  1  0  0.938300 -0.151432  0.108459  0.132177   2
  1  0  0.938300  0.106926  0.056744  0.402782   2
  1  0  0.938300 -0.077714  0.013639  0.357352   4
  1  0  0.938300 -0.150754 -0.049484  0.477527   2
  1  0  0.938300 -0.169108 -0.125942  0.170926   3
  1  0  0.938300  0.277973  0.119446  0.394766   5
  1  0  0.938300 -0.052681 -0.007193  0.192859   4
  1  0  0.938300 -0.026876 -0.095321  0.193518   4
  1  0  0.938300  0.148807 -0.092745  0.449674   3
  1  0  0.938300  0.169451 -0.032900  0.518175   6
  1  0  0.938300 -0.248412  0.002649  0.184119   2
  1  0  0.938300 -0.343679 -0.366264  0.026059   2
  1  0  0.938300  0.288175 -0.015114  0.078603   3
  1  0  0.938300 -0.333983  0.464939  0.310190   4
  1  0  0.938300 -0.096639 -0.198400  0.222851   4
  1  0  0.938300 -0.043175 -0.158125  0.284410   2
  1  0  0.938300  0.290269  0.131665  0.554033   6
  1  0  0.938300  0.003066 -0.274088  0.248294   2
  1  0  0.938300  0.151165 -0.071165  0.550207   4
  1  0  0.938300 -0.261248 -0.048110  0.675229   4
  1  0  0.938300  0.064047  0.421684  0.680142   5
  1  0  0.938300 -0.000575 -0.154811 -0.107022   8
  1  0  0.938300  0.267248 -0.100510  0.590544   2
  1  0  0.938300 -0.191240 -0.135801  0.320751   3
  1  0  0.938300 -0.104592  0.010590  0.595303   3
  1  0  0.938300  0.322270  0.285921  0.389515   5
  1  0  0.938300 -0.076674  0.187977  0.119780   3
  1  0  0.938300 -0.242820 -0.244355  0.273469   3
  1  0  0.938300 -0.027374 -0.236959  0.899796   4
  1  0  0.938300  0.024092  0.149635 -0.099882   1
  1  0  0.938300 -0.318568 -0.182810  0.570266   3
  1  0  0.938300  0.220192  0.055414  0.538261   3
  1  0  0.938300 -0.308113 -0.420829  0.031726   2
  1  0  0.938300  0.050827  0.151889  0.084800   1
  1  1  0.938300 -0.276462  0.266395  0.687621  -3
  1  1  0.938300 -0.047374  0.187077  0.215725  -3
  1  1  0.938300  0.038703  0.530617  0.449963  -6
  1  1  0.938300  0.300545 -0.339002  0.278475  -5
  1  1  0.938300  0.154279 -0.271177  0.393479  -8
  1  1  0.938300 -0.105497  0.282680  0.580340  -5
  1  1  0.938300 -0.043182 -0.023527  0.539552  -1
  1  1  0.938300  0.066408  0.073132  0.566956  -3
  1  1  0.938300 -0.063174 -0.075630  0.422493  -3
  1  1  0.938300 -0.065085 -0.085518  0.499654  -4
  1  1  0.938300 -0.071289 -0.094373  0.637564  -1
  1  1  0.938300  0.311647 -0.243237  0.145499  -4
  1  1  0.938300 -0.432050  0.211791  0.594783  -3
  1  1  0.938300  0.168256 -0.070735  0.764128  -1
  1  1  0.938300 -0.333132  0.312618  0.461583  -5
  1  1  0.938300 -0.067403 -0.070051  0.789521  -1
  1  1  0.938300  0.243392  0.030704  0.241141  -2
  1  1  0.938300 -0.068335 -0.039813  0.393421  -2
  1  1  0.938300  0.344668  0.056373  0.477936  -6
  1  1  0.938300  0.251848  0.077709  0.705355 -11
  1  1  0.938300  0.250253 -0.215526  0.146472  -4
  1  1  0.938300 -0.311368  0.380932  0.494947  -8
  1  1  0.938300  0.402654  0.121496  0.154110  -5
  1  1  0.938300 -0.224711  0.057235  0.420904  -2
  1  1  0.938300  0.173877  0.696325  0.266883  -4
  1  1  0.938300 -0.077708 -0.104688  0.299763  -5
  1  1  0.938300 -0.271718  0.054376  0.197184  -3
  1  1  0.938300  0.104906 -0.143064  0.280603  -2
  1  1  0.938300  0.141608 -0.205708  0.070835  -3
  1  1  0.938300  0.189650 -0.271505  0.922890  -2
  1  1  0.938300  0.158320  0.010043  0.681467  -1
  1  1  0.938300  0.015790 -0.086755  0.675022  -2
  1  1  0.938300 -0.212765 -0.066648  0.351796  -6
  1  1  0.938300  0.360170  0.116949  0.356976  -2
  1  1  0.938300  0.128100  0.198616  0.104807  -5
  1  1  0.938300  0.022340  0.053143  0.726751  -1
  1  1  0.938300  0.141077 -0.172325  0.252178  -3
  1  1  0.938300  0.070951  0.063311  0.343976  -4
  1  1  0.938300 -0.091771  0.285556  0.035264  -3
  1  1  0.938300 -0.244555 -0.321585 -0.041717  -3
  1  1  0.938300  0.006488  0.138417  0.338839  -2
  1  1  0.938300 -0.337624  0.458027  0.099999  -7
  1  1  0.938300  0.177631  0.046548  0.526897  -2
  1  1  0.938300  0.037913  0.163819  0.825611  -7
  1  1  0.938300  0.113210 -0.047683  0.292467  -2
  1  1  0.938300  0.160798 -0.015112  0.688983  -2
  1  1  0.938300 -0.277086  0.055255  0.513808  -4
  1  1  0.938300 -0.307775 -0.078227  0.579159  -8
  1  1  0.938300  0.010522  0.011002  0.301519  -9
  1  1  0.938300  0.166937 -0.105897  0.171133  -3
  1  1  0.938300 -0.670946  0.372518  0.505638  -6
  1  1  0.938300 -0.169157 -0.119613  0.322975  -8
  1  1  0.938300 -0.151368 -0.062225  0.528261  -2
  1  1  0.938300 -0.028877  0.349904  0.705118  -5
  1  1  0.938300  0.196239 -0.179100  0.093679  -8
  1  1  0.938300 -0.250823 -0.012236  0.416995  -2
  1  1  0.938300 -0.522793  0.104998  0.039751  -4
  1  1  0.938300  0.080687  0.082249  0.714421  -2
  1  1  0.938300  0.139367 -0.014658  0.253990  -5
  1  1  0.938300 -0.159174  0.010389  0.452941  -2
  1  1  0.938300  0.002107 -0.082373  0.662517  -1
  1  1  0.938300 -0.031476 -0.023249  0.431864  -2
  1  1  0.938300  0.088778  0.225301  0.423869  -4
  1  1  0.938300  0.294436 -0.079287  0.367204  -3
  1  1  0.938300 -0.222805 -0.254108  0.580476  -2
  1  1  0.938300  0.252604 -0.325463  0.200832  -5
  1  1  0.938300  0.089577  0.305102  0.403221  -2
  1  1  0.938300  0.104321  0.057532  0.751664  -1
  1  1  0.938300 -0.206318 -0.000153  0.510574  -3
  1  1  0.938300  0.232783  0.072744  0.103272  -4
  1  1  0.938300 -0.208501 -0.085574  0.325306  -3
  1  1  0.938300  0.462378 -0.017198  0.687562  -2
  1  1  0.938300 -0.099810 -0.076659 -0.019160  -4
  1  0  0.938300 -0.264657 -0.302560  0.699758  -2
  1  1  0.938300  0.139434 -0.051348  0.881396  -4
  1  1  0.938300 -0.044898 -0.005322  0.575625  -5
  1  1  0.938300 -0.361237 -0.037765  0.627434  -4
  1  1  0.938300  0.283029 -0.023072  0.673439  -4
  1  1  0.938300 -0.431473 -0.359326  0.450878  -3
  1  0  0.938300 -0.203664  0.309668  0.215919  -2
  1  0  0.938300 -0.110388  0.136110  0.526355  -1
  1  0  0.938300  0.167518  0.237307  0.538598  -2
  1  0  0.938300 -0.374954 -0.015679  0.492846  -7
  1  0  0.938300 -0.068531 -0.109008  0.691799  -1
  1  0  0.938300  0.168652 -0.129050  0.531890  -1
  1  0  0.938300 -0.080800 -0.122494  0.595888  -1
  1  0  0.938300  0.147629  0.543342  0.854277  -3
  1  0  0.938300  0.150221  0.144138  0.320425  -4
  1  0  0.938300 -0.071359  0.106615  0.780536  -5
  1  0  0.938300 -0.050987  0.203216  0.388140  -2
  1  0  0.938300 -0.187411  0.184094  0.169693  -6
  1  0  0.938300  0.090883 -0.004352  0.666284  -3
  1  0  0.938300  0.236579  0.146964  0.366498  -2
  1  0  0.938300  0.037319 -0.114638 -0.066168  -7
  1  0  0.938300 -0.009942 -0.213225  0.412727  -6
  1  0  0.938300  0.055234 -0.135047  0.759384  -2
  1  0  0.938300  0.372082 -0.027304  0.590994  -6
  1  0  0.938300 -0.128237  0.229164 -0.031802  -2
  1  0  0.938300  0.022770 -0.144873  0.445394  -4
  1  0  0.938300 -0.311831  0.480283  0.633154  -4
  1  0  0.938300  0.393972 -0.273594  0.884733  -5
  1  0  0.938300 -0.105808 -0.029833  0.098448  -5
  1  0  0.938300 -0.114102 -0.145495  0.438881  -8
  1  0  0.938300 -0.169249  0.266012  0.537218  -3
  1  0  0.938300  0.030253 -0.159455  0.313390  -2
  1  0  0.938300  0.554860  0.338821  0.273142  -8
  1  0  0.938300 -0.506466 -0.033632  0.367610  -4
  1  0  0.938300 -0.437440  0.335086  0.352570  -5
  1  0  0.938300  0.300041  0.646771  0.338927  -3
  1  0  0.938300 -0.221459 -0.112761  0.482100  -1
  1  0  0.938300  0.178729  0.030077  0.418990  -3
  1  0  0.938300 -0.390522  0.027647  0.531842  -3
  1  0  0.938300  0.056898  0.066374  0.546514  -3
  1  1  0.938300 -0.045443 -0.008037  0.322356  -3
  1  0  0.938300  0.162631 -0.200588  0.262119  -4
  1  0  0.938300  0.252003  0.104473  0.505196  -3
  1  0  0.938300  0.000939 -0.377436  0.343906  -4
  1  0  0.938300 -0.153834 -0.090589  0.635726  -1
  1  0  0.938300  0.062339  0.007875  0.317145  -2
  1  0  0.938300 -0.195156 -0.227499  0.357196  -9
  1  0  0.938300 -0.166982 -0.062870  0.336449  -4
  1  0  0.938300 -0.166867  0.066275  0.212383  -7
  1  0  0.938300  0.132667 -0.211285  0.255921  -6
  1  0  0.938300  0.091500 -0.134332  0.492610  -4
  1  0  0.938300  0.058124  0.079745  0.140241  -4
  1  0  0.938300  0.268348 -0.138779  0.216355  -3
  1  0  0.938300 -0.187405  0.064674  0.669720  -6
  1  0  0.938300  0.188226  0.140476  0.371519  -2
  1  0  0.938300  0.291571 -0.354330  0.390016  -2
  1  0  0.938300 -0.134126  0.008913  0.524264  -1
  1  0  0.938300  0.121799 -0.096883  0.506293  -1
  1  0  0.938300 -0.240133 -0.054465  0.509687  -2
  1  0  0.938300  0.028250 -0.084475  0.750645  -1
  1  0  0.938300  0.137054 -0.032027  0.368810  -5
  1  0  0.938300 -0.187316  0.002233  1.024721  -5
  1  0  0.938300 -0.057125  0.077279  0.313227  -4
  1  0  0.938300  0.057829  0.409480  0.408524  -5
  1  0  0.938300  0.317876 -0.001789  0.267322  -4
  1  0  0.938300 -0.156587  0.010543  0.770088  -1
  1  0  0.938300  0.002534  0.282801  0.322073  -3
  1  0  0.938300  0.339909 -0.384453  0.585680  -4
  1  0  0.938300  0.095155  0.106465 -0.167391  -2
  1  0  0.938300  0.045970  0.005953  0.820857  -1
  1  0  0.938300 -0.247876  0.312543  0.504225  -2
  1  0  0.938300  0.282970 -0.124553  0.232313  -3
  1  0  0.938300  0.048814 -0.069792  0.400863  -5
  1  0  0.938300  0.027281  0.058712  0.881240  -2
  1  0  0.938300 -0.309913 -0.157092  0.538002  -7
  1  0  0.938300 -0.079315  0.310293  0.028007  -2
  1  0  0.938300  0.249033  0.225216  0.617475  -2
  1  0  0.938300  0.082697  0.042816  0.811927  -2
  1  0  0.938300  0.097937 -0.243238  0.460778  -8
  1  0  0.938300  0.143836  0.201911  0.645815  -1
  1  0  0.938300 -0.229982 -0.083713  0.287437  -6
  1  0  0.938300  0.052925 -0.175681  0.268919  -9
  1  0  0.938300 -0.734054 -0.293538  0.926817  -5
  1  0  0.938300 -0.012723 -0.171915  0.610007  -1
  1  0  0.938300  0.072937 -0.082342  0.325117  -1
  1  0  0.938300 -0.324850  0.074964  0.198074  -2
  1  0  0.938300  0.139302 -0.122006  0.661350  -6
  1  0  0.938300  0.079602 -0.089361  0.504879  -5
  1  0  0.938300  0.265630 -0.276246  0.097551  -3
  1  0  0.938300  0.013236 -0.043554  0.322721  -2
  1  0  0.938300  0.380110 -0.066689  0.098616  -4
  1  0  0.938300  0.251155  0.317862  0.634648  -3
  1  0  0.938300 -0.051963 -0.237673  0.095178  -4
  1  0  0.938300  0.053909 -0.224854  0.469756  -4
  1  0  0.938300 -0.045836 -0.011181  0.323013  -3
  1  0  0.938300 -0.189782  0.139221  0.218196  -2
  1  0  0.938300 -0.300328 -0.127535  0.498782  -8
  1  0  0.938300 -0.039336  0.041723  0.554057  -1
  1  0  0.938300  0.189765 -0.027963  0.119231  -8
  1  0  0.938300 -0.184337 -0.451617  0.914632  -3
  1  0  0.938300  0.033332  0.066007  0.796646  -1
  1  0  0.938300  0.033145 -0.159037  0.676094  -2
  1  0  0.938300  0.081753  0.004846  0.492833  -5
  1  0  0.938300  0.088853 -0.228231  0.318805  -2
  1  0  0.938300 -0.167287  0.068313  0.503486  -2
  1  0  0.938300  0.006301  0.082704  0.395719  -5
  1  0  0.938300 -0.036877  0.059809  0.818885  -1
  1  0  0.938300  0.011228 -0.127881  0.218387  -4
  1  0  0.938300  0.322393  0.199060  0.350663  -4
  1  0  0.938300  0.340112  0.167397  0.594439  -2
  1  0  0.938300  0.092803  0.139941  0.370642  -3
  1  0  0.938300 -0.091251  0.224347  0.701488  -1
  1  0  0.938300 -0.545762 -0.070971  0.193495  -6
  1  0  0.938300  0.004477 -0.059023  0.278668  -5
  1  0  0.938300 -0.009123 -0.036301  0.449927  -3
  1  0  0.938300  0.234695 -0.192232  0.563111  -2
  1  0  0.938300 -0.070601  0.103879  0.272137  -5
  1  0  0.938300 -0.016559 -0.019901  0.212712  -4
  1  0  0.938300 -0.112525  0.306875  0.014739  -4
  1  0  0.938300  0.055924 -0.168557  0.726172  -2
  1  0  0.938300  0.052887  0.006480  0.657911  -1
  1  0  0.938300 -0.087860  0.191381  0.299209  -3
  1  0  0.938300 -0.335398  0.037673  0.512606  -5
  1  0  0.938300  0.079719 -0.317148  0.549741 -12