  1  1  0.938300 -0.000942 -0.086845  0.014639   3
  1  0  0.938300 -0.142244 -0.041245  0.368495   1
  1  1  0.938300 -0.254080 -0.225955  0.005808   2
  1  1  0.938300  0.496587  0.145147  0.315729   7
  1  1  0.938300  0.168869 -0.439445  0.371084   3
  1  1  0.938300  0.151810  0.225100  0.312106   3
  1  1  0.938300 -0.411059  0.367571  0.428219   4
  1  1  0.938300 -0.111390  0.008199 -0.004742   1
  1  1  0.938300  0.106590  0.044049  0.219496   3
  1  1  0.938300 -0.085967 -0.025940  0.248502   4
  1  1  0.938300  0.223856 -0.436752  0.231843   5
  1  1  0.938300 -0.143967  0.132979  0.131170   3
  1  1  0.938300 -0.129904 -0.067369 -0.036366   1
  1  1  0.938300 -0.108928  0.209954  0.801056   3
  1  1  0.938300  0.157813  0.103275  0.487822   3
  1  1  0.938300 -0.011280 -0.104453  0.262564   2
  1  1  0.938300  0.025406 -0.031084  0.205951   2
  1  1  0.938300  0.093064  0.147463 -0.063531   1
  1  1  0.938300  0.211745 -0.219449  0.237542   4
  1  1  0.938300  0.073563 -0.048312  0.380289   3
  1  1  0.938300  0.134424  0.027241  0.125453   4
  1  1  0.938300 -0.135167  0.041635  0.136210   3
  1  1  0.938300  0.120083  0.167549  0.059134   2
  1  0  0.938300  0.594080 -0.074157  0.589402   6
  1  1  0.938300 -0.171630 -0.310600  0.242673   2
  1  1  0.938300 -0.127013  0.211369  0.659432   5
  1  1  0.938300 -0.310017 -0.315422  0.143813   3
  1  1  0.938300 -0.203931 -0.031770  0.203996   3
  1  1  0.938300 -0.469103  0.506274  0.246694   6
  1  1  0.938300 -0.006883  0.016612  0.052955   1
  1  1  0.938300 -0.231703 -0.290571  0.367908   5
  1  1  0.938300  0.103165 -0.028647  0.125865   2
  1  1  0.938300 -0.138454  0.060393  0.318664   3
  1  1  0.938300  0.439582 -0.007886  0.259406   3
  1  1  0.938300  0.203077 -0.042656  0.519606   3
  1  1  0.938300  0.073039 -0.087632  0.061615   1
  1  1  0.938300 -0.040505  0.022717 -0.083131   3
  1  1  0.938300  0.157229  0.363290  0.407212   3
  1  1  0.938300  0.201976 -0.238418  0.391911   2
  1  1  0.938300  0.040467  0.187418 -0.127314   2
  1  1  0.938300 -0.080126  0.061957  0.355777   5
  1  1  0.938300  0.006748  0.165515  0.022986   1
  1  1  0.938300 -0.113502  0.024398 -0.104682   1
  1  1  0.938300 -0.001057  0.061812 -0.024941   4
  1  1  0.938300 -0.274828 -0.174840  0.035661   2
  1  1  0.938300 -0.079252 -0.061391  0.323080   2
  1  1  0.938300 -0.145651 -0.156835  0.314035   5
  1  1  0.938300 -0.067018  0.184175  0.366024   2
  1  1  0.938300 -0.143356  0.218965  0.333139   4
  1  1  0.938300 -0.198008  0.185514  0.201874   4
  1  1  0.938300 -0.035271 -0.293500  0.403405   3
  1  1  0.938300  0.036644 -0.172107  0.183405   1
  1  1  0.938300 -0.111062 -0.135873 -0.034637   5
  1  1  0.938300  0.284023  0.352161  0.475032   4
  1  1  0.938300 -0.104383  0.087267  0.449824   3
  1  1  0.938300  0.083053  0.142296  0.134484   1
  1  1  0.938300  0.051715  0.047285  0.168671   3
  1  1  0.938300 -0.038716  0.077095  0.305673   2
  1  1  0.938300  0.198258  0.133240  0.036381   4
  1  1  0.938300 -0.039276  0.415919  0.154646   4
  1  1  0.938300 -0.022236  0.139445  0.300432   2
  1  1  0.938300  0.163304 -0.077302  0.748894   3
  1  1  0.938300 -0.094325 -0.188321  0.516123   7
  1  1  0.938300  0.069409 -0.013414  0.323399   6
  1  1  0.938300 -0.150849  0.009171  0.650150   4
  1  1  0.938300 -0.120950  0.232890  0.305207   4
  1  1  0.938300 -0.073424 -0.011346  0.179158   2
  1  1  0.938300 -0.105156  0.050215  0.548325   4
  1  1  0.938300 -0.042141 -0.077722  0.338810   4
  1  1  0.938300 -0.172110  0.113985 -0.397615   4
  1  1  0.938300  0.212291 -0.184573  0.087496   2
  1  1  0.938300  0.321997  0.034311  0.456963   3
  1  1  0.938300  0.195733 -0.066893  0.395956   4
  1  1  0.938300  0.028856 -0.162749  0.254522   5
  1  1  0.938300 -0.004363 -0.025901  0.110186   3
  1  1  0.938300 -0.119615 -0.241858  0.177902   3
  1  1  0.938300 -0.113266  0.006981  0.551154   3
  1  1  0.938300 -0.124347 -0.088204  0.050609   2
  1  1  0.938300 -0.323153  0.230802 -0.095328   3
  1  0  0.938300 -0.252447 -0.125276  0.262196   2
  1  1  0.938300 -0.006158  0.121892  0.294699   8
  1  0  0.938300 -0.165444 -0.187009  0.486162   4
  1  0  0.938300 -0.212906 -0.147854  0.732905   2
  1  0  0.938300 -0.014616 -0.111350  0.166177   1
  1  0  0.938300  0.093268 -0.047932  0.090146   1
  1  0  0.938300  0.148849  0.043113  0.002793   1
  1  0  0.938300 -0.276260 -0.154048 -0.000612   3
  1  0  0.938300  0.170047 -0.076841  0.761083   7
  1  0  0.938300 -0.145950 -0.346115  0.446340   3
  1  0  0.938300 -0.094967 -0.183409  0.077390   3
  1  0  0.938300  0.262268 -0.218510  0.293914   3
  1  0  0.938300  0.122745 -0.018549  0.674325   2
  1  0  0.938300  0.138473 -0.118326  0.003768   2
  1  0  0.938300  0.085549  0.139102  0.158827   1
  1  0  0.938300 -0.141048 -0.036351  0.085320   4
  1  0  0.938300  0.231828 -0.003588  0.348992   3
  1  0  0.938300  0.067504  0.271036  0.483726   7
  1  0  0.938300 -0.233909  0.001246  0.188456   1
  1  1  0.938300  0.201555  0.258097  0.704016   5
  1  0  0.938300 -0.290676  0.168578  0.198996   3
  1  0  0.938300 -0.108469 -0.116674  0.187271   1
  1  0  0.938300  0.505460  0.303559  0.640109   6
  1  0  0.938300 -0.001942  0.120242  0.512179   3
  1  0  0.938300  0.266283 -0.150854  0.620457   4
  1  0  0.938300  0.018241 -0.174246  0.351318   5
  1  0  0.938300 -0.342690  0.138916  0.360284   2
  1  0  0.938300  0.125233  0.070089 -0.108029   1
  1  0  0.938300 -0.048470 -0.072073  0.289596   2
  1  0  0.938300 -0.320040 -0.070702 -0.058992   2
  1  0  0.938300 -0.196002  0.180156  0.512451   2
  1  0  0.938300 -0.014025  0.008612  0.377055   1
  1  0  0.938300  0.154934 -0.159004  0.241368   2
  1  0  0.938300  0.124469  0.041275 -0.029375   1
  1  0  0.938300 -0.096625 -0.041661  0.014143   1
  1  0  0.938300  0.254288 -0.043767  0.221931   2
  1  0  0.938300  0.421024 -0.207462  0.511169   5
  1  0  0.938300  0.080611 -0.232203  0.472222   5
  1  0  0.938300 -0.090273  0.381317  0.250231   7
  1  0  0.938300 -0.218490  0.023921  0.056301   3
  1  0  0.938300 -0.185912  0.141208  0.506397   3
  1  0  0.938300 -0.059425  0.000775  0.317349   2
  1  0  0.938300 -0.187305 -0.046159  0.329728   4
  1  1  0.938300  0.109655  0.162107  0.099361  10
  1  0  0.938300  0.088024 -0.025932  0.194851   1
  1  0  0.938300  0.182224  0.154662  0.378972   3
  1  0  0.938300 -0.271081  0.454081  0.353420   3
  1  0  0.938300  0.078717 -0.120519  0.246037   3
  1  0  0.938300  0.395128  0.199872  0.420028   2
  1  0  0.938300  0.041358 -0.063407 -0.028178   2
  1  0  0.938300  0.365642 -0.034614 -0.009038   5
  1  1  0.938300  0.348543 -0.231907  0.547686   5
  1  0  0.938300 -0.017814  0.138518  0.092295   2
  1  0  0.938300  0.028808 -0.105447 -0.036591   1
  1  0  0.938300 -0.338724  0.031188  0.325372   5
  1  0  0.938300  0.163728 -0.197663  0.221703   2
  1  0  0.938300 -0.402699  0.071010 -0.060843   6
  1  0  0.938300  0.216659 -0.105765  0.039882   6
  1  0  0.938300  0.181273  0.046053  0.665660   4
  1  1  0.938300  0.656482  0.103939  0.808738   8
  1  0  0.938300 -0.057594 -0.023496  0.671068   5
  1  0  0.938300  0.034386 -0.081495  0.601947   3
  1  0  0.938300 -0.001497 -0.105502  0.273549   1
  1  0  0.938300  0.184070  0.139712  0.438738   5
  1  0  0.938300  0.009519  0.019369  0.212780   1
  1  0  0.938300  0.188882  0.211899  0.267465   4
  1  0  0.938300  0.112883  0.109750  0.194810   3
  1  0  0.938300 -0.045712 -0.156763 -0.068040   2
  1  0  0.938300 -0.120241  0.310026  0.566260   4
  1  0  0.938300 -0.283869 -0.146339  0.063898   3
  1  0  0.938300 -0.107563  0.081700  0.415493   4
  1  0  0.938300 -0.126464 -0.050479  0.217573   3
  1  0  0.938300 -0.161155 -0.323302  0.375769   2
  1  0  0.938300  0.125849 -0.049718  0.645445   2
  1  0  0.938300  0.344835  0.470352  0.705764   6
  1  0  0.938300 -0.083658 -0.220015  0.443148   5
  1  0  0.938300 -0.129336 -0.275423  0.245639   8
  1  0  0.938300  0.071615  0.283331  0.386311   5
  1  0  0.938300 -0.103939  0.161907  0.333814   2
  1  0  0.938300 -0.512446  0.176602  0.426243   4
  1  0  0.938300 -0.275864 -0.379926  0.366993   4
  1  0  0.938300 -0.089470 -0.049813  0.217439   1
  1  0  0.938300  0.072687  0.149759 -0.171800   5
  1  0  0.938300  0.124960  0.274168 -0.024660   4
  1  0  0.938300 -0.082261 -0.016708  0.304825   2
  1  0  0.938300  0.064240  0.088654  0.018446   1
  1  0  0.938300  0.295392 -0.323839  0.323547   3
  1  0  0.938300 -0.171658 -0.144987  0.359178   8
  1  0  0.938300  0.019902 -0.014200  0.176516   3
  1  0  0.938300 -0.006270  0.493353 -0.087536   3
  1  0  0.938300 -0.087092 -0.300194  0.388458   7
  1  0  0.938300 -0.192739 -0.518191  0.174695   2
  1  0  0.938300 -0.095341  0.281273  0.166201   3
  1  0  0.938300 -0.105893  0.140344  0.800864   5
  1  0  0.938300 -0.283575 -0.356363  0.526824   2
  1  0  0.938300 -0.098074  0.095938 -0.055634   1
  1  0  0.938300 -0.207602 -0.297262  0.306086   4
  1  0  0.938300 -0.084790 -0.025763 -0.117632   1
  1  0  0.938300  0.099114 -0.083688  0.013480   8
  1  0  0.938300 -0.013278 -0.027866  0.000964   1
  1  0  0.938300 -0.124463 -0.161629  0.319230   4
  1  0  0.938300 -0.223339  0.198885  0.541773   5
  1  0  0.938300 -0.076642  0.033414  0.755568   3
  1  0  0.938300  0.063064  0.133915 -0.101853   1
  1  0  0.938300 -0.052804  0.134171  0.091408   3
  1  0  0.938300  0.169908 -0.221037  0.226352   2
  1  0  0.938300  0.143230 -0.070801  0.158134   3
  1  0  0.938300  0.183515 -0.062269  0.147576   1
  1  0  0.938300 -0.004656  0.057438  0.640815   4
  1  0  0.938300 -0.102358  0.057858 -0.032283   1
  1  0  0.938300  0.152887  0.177090  0.706805   2
  1  0  0.938300  0.260441 -0.068992  0.077746   2
  1  0  0.938300  0.053555 -0.344669  0.301569   4
  1  0  0.938300 -0.056979 -0.000121  0.059001   2
  1  0  0.938300 -0.012294  0.017870  0.179165   4
  1  0  0.938300 -0.094429  0.029492  0.171653   1
  1  0  0.938300  0.307641  0.151277  0.059506   2
  1  0  0.938300  0.229049  0.029978  0.407653   4
  1  1  0.938300  0.095271 -0.202721  0.194061  -3
  1  1  0.938300  0.145651 -0.100798  0.726878  -4
  1  1  0.938300  0.121459 -0.177903  0.208487  -3
  1  1  0.938300  0.211961 -0.312708  0.623237  -2
  1  1  0.938300 -0.034418  0.154589  0.519978  -6
  1  0  0.938300 -0.106234  0.012231  1.088544  -3
  1  1  0.938300 -0.303635 -0.022757  0.566002  -3
  1  1  0.938300 -0.060479  0.053448  0.224024  -2
  1  1  0.938300  0.243716 -0.210376  0.631910  -3
  1  1  0.938300  0.085658  0.091533  0.657204  -2
  1  1  0.938300  0.074868  0.315843  0.416957  -2
  1  1  0.938300 -0.061913  0.175656  0.453958  -2
  1  1  0.938300  0.018121 -0.190839  0.072414  -2
  1  1  0.938300 -0.192399 -0.484453  0.243619  -2
  1  1  0.938300  0.034595 -0.336889  0.362231  -5
  1  1  0.938300 -0.038261  0.003119  0.722132  -1
  1  1  0.938300  0.046517 -0.036934  0.730708  -2
  1  1  0.938300  0.389545 -0.189498  0.119158  -3
  1  1  0.938300  0.074226 -0.003275  0.735597  -1
  1  1  0.938300  0.022837 -0.083268  0.508411  -6
  1  1  0.938300 -0.240038  0.007596  0.756669  -2
  1  1  0.938300 -0.392528 -0.003840  0.421398  -2
  1  1  0.938300  0.072682 -0.063612  0.640103  -7
  1  1  0.938300 -0.037400 -0.103400  0.029083  -6
  1  1  0.938300  0.342011  0.188676  0.349844  -5
  1  1  0.938300 -0.185570 -0.077138  0.784496  -1
  1  1  0.938300 -0.089341  0.072718  0.787732  -1
  1  1  0.938300 -0.037180  0.030482  0.857204  -1
  1  1  0.938300 -0.026963 -0.086371  0.387576  -4
  1  1  0.938300 -0.130512  0.225506  0.607421  -3
  1  1  0.938300  0.033974 -0.060900  0.232920  -4
  1  1  0.938300 -0.156658 -0.150713  0.763555  -3
  1  1  0.938300  0.178229  0.099732  0.666416  -2
  1  1  0.938300 -0.464986 -0.182555  0.835208  -4
  1  1  0.938300 -0.088254  0.003172  0.417414  -2
  1  1  0.938300 -0.407383 -0.035659  0.326665  -4
  1  1  0.938300  0.223685  0.050593  0.072949  -3
  1  1  0.938300  0.048093  0.190380  0.694673  -2
  1  0  0.938300 -0.043194 -0.193074  0.303008  -2
  1  1  0.938300  0.172159  0.040461  0.329777  -2
  1  1  0.938300  0.245223 -0.046491  0.425515  -4
  1  1  0.938300 -0.038820 -0.171123  0.629290  -1
  1  1  0.938300  0.069224 -0.300809  0.687302  -3
  1  1  0.938300  0.096088 -0.182074  0.620305  -4
  1  1  0.938300  0.214923  0.296974  0.574219  -2
  1  1  0.938300 -0.100852 -0.126382  0.356149  -3
  1  1  0.938300  0.048284  0.014826  0.171371  -2
  1  1  0.938300  0.246502  0.103793  0.769038  -2
  1  1  0.938300 -0.410910 -0.102879  0.601687  -7
  1  1  0.938300 -0.185359 -0.035848  0.440602  -4
  1  1  0.938300 -0.067647 -0.099212  0.609537  -1
  1  1  0.938300 -0.454435  0.084037  0.415975  -2
  1  1  0.938300  0.034423  0.077069  0.480810  -4
  1  1  0.938300  0.349454  0.118882  0.385795  -3
  1  1  0.938300 -0.212710  0.051791  0.425021  -6
  1  1  0.938300 -0.131099  0.231930  0.716279  -3
  1  1  0.938300 -0.070609  0.141656  0.375456  -3
  1  1  0.938300 -0.140158  0.379014  0.365079  -5
  1  1  0.938300 -0.326661  0.005257  0.644118  -2
  1  1  0.938300  0.074069 -0.244769  0.429119  -3
  1  1  0.938300  0.229557 -0.060234  0.853625  -4
  1  1  0.938300 -0.107680  0.319665  0.537095  -4
  1  1  0.938300 -0.483537  0.183493  0.487378  -4
  1  1  0.938300  0.321127  0.239370  0.476610  -2
  1  1  0.938300 -0.002244 -0.047728  0.641745  -1
  1  1  0.938300  0.095369  0.127249  0.405501  -2
  1  1  0.938300 -0.091241 -0.138403  0.797997  -2
  1  1  0.938300 -0.300323  0.176289  0.411354  -2
  1  1  0.938300  0.051914 -0.212348  0.051452  -2
  1  1  0.938300 -0.493318 -0.020011  0.333821  -3
  1  1  0.938300 -0.100690  0.531995  0.343180  -5
  1  1  0.938300 -0.011362 -0.196488  0.211569  -3
  1  1  0.938300  0.076020  0.295411  0.232456  -3
  1  1  0.938300  0.196742  0.001321  0.750196  -1
  1  1  0.938300 -0.073881  0.106650  0.304449  -4
  1  1  0.938300 -0.097563  0.158047  0.336825  -4
  1  1  0.938300  0.401024  0.117051  0.836641  -4
  1  1  0.938300 -0.332274 -0.479523  0.287596  -2
  1  1  0.938300  0.090960  0.105266  0.875334  -1
  1  0  0.938300 -0.279990  0.075365  0.493550  -2
  1  0  0.938300  0.044475 -0.147307  0.850200  -1
  1  0  0.938300  0.371535  0.229074  0.145039  -2
  1  0  0.938300 -0.267068  0.060878  0.467806  -2
  1  0  0.938300 -0.334139 -0.292899  0.552261  -2
  1  0  0.938300 -0.131934 -0.125815  0.245239  -2
  1  0  0.938300 -0.113842  0.200490  0.721386  -3
  1  0  0.938300  0.267739  0.369789  0.513466  -2
  1  0  0.938300 -0.140293  0.254519  0.576842  -2
  1  0  0.938300 -0.233113 -0.015761  0.647499  -2
  1  0  0.938300 -0.134780  0.096699  0.317174  -3
  1  0  0.938300 -0.370880  0.116008  0.617720  -7
  1  0  0.938300  0.024344 -0.063063  0.362678  -3
  1  0  0.938300 -0.232728 -0.305915  0.753265  -8
  1  0  0.938300 -0.072803 -0.068557  0.580705  -2
  1  0  0.938300 -0.162628  0.168588  0.217728  -3
  1  0  0.938300  0.077682 -0.196566  0.494607  -4
  1  0  0.938300  0.223977 -0.129125  0.443956  -2
  1  0  0.938300 -0.314509 -0.002545  0.330658  -9
  1  0  0.938300  0.159985 -0.430771  0.562002  -2
  1  0  0.938300 -0.203291 -0.085784  0.678380  -2
  1  0  0.938300  0.197291 -0.023136  0.326623  -2
  1  0  0.938300 -0.104706  0.108712  0.562930  -5
  1  0  0.938300  0.413854  0.163496  0.566306  -3
  1  0  0.938300 -0.009671 -0.089584  0.081030  -4
  1  0  0.938300  0.071215 -0.151033  0.417035  -4
  1  0  0.938300  0.226695 -0.079285  0.478404  -3
  1  0  0.938300  0.376011  0.109364  0.432967  -2
  1  0  0.938300 -0.060358  0.091337  0.431529  -7
  1  0  0.938300  0.090306  0.224436  0.352788  -2
  1  0  0.938300  0.279678 -0.173054  0.338392  -3
  1  0  0.938300  0.001086 -0.268324  0.189599  -2
  1  0  0.938300  0.220535  0.163801  0.702445  -2
  1  0  0.938300  0.264541 -0.064840  0.391047  -6
  1  0  0.938300 -0.215029 -0.192595  0.066943  -3
  1  0  0.938300  0.015287 -0.427860  0.377595  -7
  1  0  0.938300  0.214682  0.254885  0.583761  -3
  1  0  0.938300  0.396380 -0.530280  0.581267  -6
  1  0  0.938300  0.250842  0.077549  0.075999  -2
  1  0  0.938300 -0.023927 -0.038118  0.055330  -2
  1  0  0.938300  0.215156  0.251881  0.188676  -2
  1  0  0.938300 -0.090810  0.242498  0.597983  -3
  1  0  0.938300  0.047921  0.208473  0.856213  -3
  1  0  0.938300  0.169175  0.009255  0.532821  -6
  1  0  0.938300 -0.143495  0.048216  0.642768  -1
  1  0  0.938300  0.163258 -0.043166  0.299313  -5
  1  0  0.938300 -0.033981 -0.088354  0.252334  -6
  1  0  0.938300  0.062046 -0.101599  0.507245  -2
  1  0  0.938300  0.167387 -0.071557  0.535668  -1
  1  0  0.938300  0.216601 -0.008751  0.919211  -2
  1  0  0.938300 -0.141842  0.074385  0.232386  -2
  1  0  0.938300  0.231285 -0.197515  0.463359  -3
  1  0  0.938300  0.158880  0.087748  0.270953  -4
  1  0  0.938300 -0.070149 -0.010166  0.647826  -1
  1  0  0.938300 -0.053080  0.096517  0.639644  -2
  1  0  0.938300 -0.328592  0.175189  0.275396  -2
  1  0  0.938300  0.073888 -0.278467  0.270207  -7
  1  0  0.938300  0.172809  0.175764 -0.014908  -5
  1  0  0.938300 -0.067427 -0.031619  0.419404  -1
  1  0  0.938300 -0.097799 -0.352973  0.301038  -3
  1  0  0.938300  0.282904 -0.285248  0.327106  -8
  1  0  0.938300  0.376099 -0.156395  0.318360  -9
  1  0  0.938300 -0.307062  0.297846  0.317026  -2
  1  0  0.938300 -0.067236 -0.140462  0.703926  -2
  1  0  0.938300  0.052327 -0.146326  0.507069  -2
  1  0  0.938300  0.063919 -0.004343  0.084461  -3
  1  0  0.938300  0.335551  0.095130  0.276084  -4
  1  0  0.938300  0.177709 -0.094143  0.313303  -4
  1  0  0.938300  0.135693  0.207829  0.671618  -7
  1  0  0.938300  0.204579 -0.179968  0.637086  -2
  1  0  0.938300  0.341169  0.140743  0.730994  -2
  1  0  0.938300  0.363552  0.205629  0.411653  -3
  1  0  0.938300 -0.018622 -0.084785  0.445798  -2
  1  0  0.938300 -0.073915  0.001872  0.340510  -3
  1  0  0.938300 -0.022503 -0.335343  0.257110  -2
  1  0  0.938300 -0.248869 -0.113490  0.381383  -2
  1  0  0.938300  0.238593  0.064416  0.486546  -7
  1  0  0.938300  0.074342 -0.202509 -0.007838  -5
  1  0  0.938300 -0.086770  0.096199  0.373033  -3
  1  0  0.938300 -0.168017  0.398869  0.743137  -3
  1  0  0.938300  0.064965 -0.011527  0.785276  -1
  1  0  0.938300  0.048059 -0.128649  0.817800  -1
  1  0  0.938300 -0.001135  0.058388  0.349957  -5
  1  0  0.938300  0.185860 -0.061341  0.427619  -3
  1  0  0.938300 -0.211145 -0.169730  0.329548  -2
  1  0  0.938300 -0.040333 -0.001439  0.698908  -1
  1  0  0.938300  0.124865 -0.084323  0.756136  -1
  1  0  0.938300 -0.009721 -0.042582  0.564634  -3
  1  0  0.938300 -0.158052  0.043983  0.474430  -3
  1  0  0.938300  0.080578  0.066233  0.657515  -2
  1  0  0.938300  0.267958 -0.094600  0.615339  -6
  1  0  0.938300  0.207417  0.313800  0.489233  -2
  1  0  0.938300 -0.063471 -0.018359  0.656017  -6
  1  0  0.938300  0.056556 -0.245770  0.638439  -2
  1  0  0.938300 -0.114197  0.101698  0.356469  -3
  1  0  0.938300  0.166023 -0.081045  0.477005  -6
  1  0  0.938300 -0.224650 -0.153158  0.625742  -3
  1  0  0.938300 -0.588438  0.475253  0.500001  -2
  1  0  0.938300 -0.119469 -0.041381  0.671740  -3
  1  0  0.938300  0.273788 -0.015267  0.864744  -2
  1  0  0.938300 -0.095039 -0.348668  0.232298  -4
  1  0  0.938300  0.205374  0.022512  0.423927  -3
  1  0  0.938300  0.227875  0.053103  0.400676  -2
  1  0  0.938300  0.087908 -0.431101  0.381900  -3
  1  0  0.938300 -0.327877  0.182798  0.953751  -3
  1  0  0.938300 -0.140523 -0.040767  0.882821  -1
  1  0  0.938300  0.138955  0.032752  0.371634  -5
  1  0  0.938300  0.134206 -0.056779  0.261771  -4
  1  0  0.938300 -0.133899 -0.072672  0.451905  -4
  1  0  0.938300 -0.117753  0.296246  0.889578  -4
  1  0  0.938300  0.060954 -0.017155  0.905001  -1
  1  0  0.938300 -0.044731 -0.083658  0.471700  -3
  1  0  0.938300  0.121684  0.099909  0.214397  -4
  1  0  0.938300 -0.009607 -0.015241  0.704411  -3
  1  0  0.938300 -0.040715 -0.403978  0.674929  -2
  1  0  0.938300  0.030256 -0.052851  0.307502  -2
  1  0  0.938300 -0.143184  0.143007  0.146726  -3
  1  0  0.938300  0.085940 -0.030679  0.141482  -5