  1  1  0.938300 -0.104151 -0.127316  0.240428   4
  1  1  0.938300  0.066224  0.140181  0.171027   2
  1  1  0.938300 -0.035633 -0.256200  0.248233   8
  1  1  0.938300 -0.300647 -0.012741  0.207626   4
  1  1  0.938300 -0.179291  0.020866 -0.013350   1
  1  1  0.938300 -0.309769 -0.424263  0.307565   2
  1  1  0.938300 -0.175306  0.047304  0.178743  14
  1  1  0.938300  0.037643 -0.031392  0.266320   3
  1  1  0.938300  0.258492 -0.057406  0.373982   3
  1  1  0.938300 -0.171998 -0.035301  0.122390   3
  1  1  0.938300 -0.057474  0.249189  0.414562   2
  1  0  0.938300  0.262864 -0.109417  0.468389  10
  1  1  0.938300 -0.431388  0.569261 -0.322849   4
  1  1  0.938300  0.260802 -0.324532  0.006467   7
  1  1  0.938300 -0.000865 -0.153870  0.265734   4
  1  1  0.938300  0.107222 -0.032442  0.132123   1
  1  1  0.938300 -0.164314  0.297460  0.171810   6
  1  1  0.938300  0.123774  0.230145  0.643057   4
  1  1  0.938300  0.023010  0.107292  0.362287   4
  1  1  0.938300 -0.034830 -0.051569  0.164819   1
  1  1  0.938300 -0.320087 -0.319687  0.196878   2
  1  1  0.938300  0.329967  0.351381  0.167156   2
  1  1  0.938300  0.050918 -0.191744  0.450550   2
  1  1  0.938300  0.279865  0.081344  0.364603   2
  1  1  0.938300  0.126990 -0.222602  0.334305   5
  1  1  0.938300 -0.161170  0.211116  0.199473   4
  1  1  0.938300 -0.201318  0.080219  0.616422   4
  1  1  0.938300  0.047498  0.044303  0.169950   2
  1  1  0.938300  0.196735 -0.304285  0.630517   3
  1  1  0.938300 -0.105596  0.037631  0.132098   1
  1  1  0.938300  0.222803  0.045304  0.508635   3
  1  1  0.938300 -0.009046 -0.134735  0.684299   3
  1  1  0.938300  0.091468  0.082328  0.277593   3
  1  1  0.938300 -0.117134  0.211477  0.194332   2
  1  1  0.938300 -0.155382 -0.185463  0.443823   2
  1  1  0.938300 -0.008166  0.475391  0.377740   2
  1  1  0.938300  0.189387  0.120567  0.538770   4
  1  1  0.938300 -0.071738 -0.013585  0.191416   4
  1  1  0.938300  0.066390 -0.008146  0.518875   8
  1  1  0.938300  0.047079  0.194707  0.045686   1
  1  1  0.938300 -0.049539  0.056014  0.425491   2
  1  1  0.938300  0.051795  0.198564 -0.098983   2
  1  0  0.938300  0.016949 -0.187571  0.197387   5
  1  1  0.938300 -0.028019 -0.025479  0.047499   2
  1  1  0.938300  0.137771 -0.113767  0.116238   4
  1  1  0.938300 -0.030630  0.313027  0.365607   3
  1  1  0.938300 -0.319343 -0.096306  0.233454   2
  1  1  0.938300  0.129267 -0.386387  0.183875   5
  1  1  0.938300  0.146885  0.092445  0.221423   3
  1  1  0.938300 -0.260077 -0.352261  0.152342   9
  1  1  0.938300  0.296598 -0.244270  0.573047   3
  1  1  0.938300 -0.037231 -0.068433 -0.027421   1
  1  1  0.938300  0.143712  0.061524  0.375058   4
  1  1  0.938300 -0.026322  0.086826  0.130717   2
  1  1  0.938300  0.436454 -0.219608  0.568789   2
  1  1  0.938300  0.171365  0.161475  0.339625   6
  1  1  0.938300  0.254345 -0.260460  0.399338   2
  1  1  0.938300 -0.089953 -0.092144  0.439390   4
  1  1  0.938300 -0.037347 -0.161057 -0.000220   1
  1  1  0.938300  0.034454  0.118475  0.222496   6
  1  1  0.938300  0.520714  0.022595  0.245212   3
  1  1  0.938300  0.318310  0.107305  0.146427   2
  1  1  0.938300  0.086958  0.097387  0.151037   1
  1  1  0.938300  0.299497 -0.213512  0.239639   6
  1  1  0.938300 -0.199834  0.015654  0.127303   2
  1  1  0.938300 -0.525449  0.201561  0.381861   3
  1  1  0.938300  0.023477 -0.175003  0.447878   2
  1  1  0.938300  0.043305  0.066637  0.556065   4
  1  1  0.938300 -0.260477  0.273187  0.544225   2
  1  0  0.938300  0.048919  0.270668  0.598019   3
  1  1  0.938300 -0.190151 -0.003259  0.036936   1
  1  1  0.938300  0.357954  0.095016  0.359688   7
  1  1  0.938300 -0.113289  0.093268  0.242189   1
  1  1  0.938300 -0.112472 -0.017520 -0.021795   1
  1  1  0.938300 -0.057324  0.149565  0.466198   3
  1  1  0.938300 -0.027029  0.176377  0.115520   2
  1  1  0.938300 -0.001519 -0.067327  0.036862   1
  1  1  0.938300 -0.118004 -0.042153  0.423100   7
  1  1  0.938300  0.238609  0.194336  0.030554   4
  1  0  0.938300 -0.149943 -0.347848  0.030647   7
  1  0  0.938300 -0.286421 -0.088798  0.714594   5
  1  0  0.938300  0.360529 -0.372535  0.030480   3
  1  0  0.938300  0.486067  0.026323  0.425335   2
  1  0  0.938300 -0.011871 -0.397806  0.426274   3
  1  0  0.938300  0.090509  0.010857  0.312497   3
  1  0  0.938300 -0.044868 -0.344253  0.098012   3
  1  0  0.938300  0.036428  0.053255  0.270393   2
  1  0  0.938300  0.183332 -0.175096  0.245629   4
  1  0  0.938300  0.094227 -0.121450  0.119688   1
  1  0  0.938300  0.042917  0.179965  0.092140   3
  1  0  0.938300  0.000444  0.108477  0.373078   3
  1  0  0.938300 -0.237296  0.347639  0.432687   4
  1  0  0.938300 -0.014445  0.133738  0.433975   7
  1  0  0.938300  0.097191 -0.166412 -0.004696   1
  1  0  0.938300 -0.398136 -0.339914  0.031376   2
  1  0  0.938300 -0.034755  0.234418  0.659997   3
  1  0  0.938300 -0.080404 -0.023182  0.629128   5
  1  0  0.938300  0.579874  0.283952  0.743736   6
  1  0  0.938300  0.068945 -0.095145  0.130729   1
  1  0  0.938300  0.098486  0.121226 -0.108614   1
  1  0  0.938300  0.215191 -0.189181  0.186952   4
  1  0  0.938300  0.027660  0.251056  0.148305   3
  1  0  0.938300  0.317047 -0.148522 -0.015875   6
  1  0  0.938300  0.153422  0.106435 -0.002418   3
  1  0  0.938300 -0.103784  0.180556  0.349803   5
  1  0  0.938300 -0.276385 -0.134523  0.453395   5
  1  0  0.938300 -0.282219  0.082247  0.575917   6
  1  0  0.938300  0.098437  0.200941  0.338839   2
  1  0  0.938300 -0.032571 -0.037086  0.374675   2
  1  0  0.938300  0.234646 -0.127641  0.339115   2
  1  0  0.938300  0.006601  0.078511  0.452081   3
  1  0  0.938300 -0.236577 -0.286722  0.595410   4
  1  0  0.938300  0.396066 -0.160937  0.258135   9
  1  0  0.938300 -0.151549 -0.433771  0.570965   2
  1  0  0.938300  0.230597 -0.048098  0.668532   5
  1  0  0.938300  0.094396 -0.111265  0.270308   3
  1  0  0.938300 -0.200684  0.214244  0.578760   4
  1  0  0.938300 -0.187767  0.134187  0.299212   3
  1  0  0.938300 -0.036970  0.215070  0.374106   3
  1  0  0.938300 -0.273276  0.086856  0.296637   4
  1  0  0.938300  0.254159 -0.421820 -0.050256   5
  1  0  0.938300  0.287548  0.214374  0.737406   6
  1  0  0.938300  0.017428  0.068093  0.298013   6
  1  0  0.938300 -0.003645 -0.158559  0.039282   1
  1  0  0.938300  0.178790  0.011055  0.061635   4
  1  0  0.938300 -0.122243 -0.143564  0.291018   2
  1  0  0.938300  0.008982 -0.187921  0.328266   4
  1  0  0.938300 -0.186222 -0.025181  0.523617   3
  1  0  0.938300  0.014308 -0.109644 -0.143676   4
  1  0  0.938300  0.050046 -0.217907  0.082135   1
  1  0  0.938300  0.075700 -0.105146  0.097479   2
  1  1  0.938300 -0.416707 -0.192754  0.678246   3
  1  0  0.938300  0.665525 -0.271589  0.161503   3
  1  0  0.938300  0.105387 -0.023373  0.358517   3
  1  0  0.938300 -0.335949 -0.097109  0.455534   3
  1  0  0.938300  0.263138 -0.063743  0.272931   7
  1  0  0.938300 -0.260695  0.082068  0.227542   3
  1  0  0.938300  0.167124  0.135082  0.364138   3
  1  0  0.938300  0.069156  0.246388  0.151955   2
  1  0  0.938300  0.120009 -0.076107  0.181075   1
  1  0  0.938300 -0.180072 -0.041560  0.259693   3
  1  0  0.938300  0.019860  0.442039  0.001585   3
  1  0  0.938300 -0.138395 -0.140734  0.043000   1
  1  0  0.938300 -0.098069  0.166039  0.526263   5
  1  0  0.938300  0.081514 -0.405780  0.468493   4
  1  0  0.938300 -0.075330  0.010290  0.058365   1
  1  0  0.938300 -0.208620  0.112611  0.092161   5
  1  0  0.938300 -0.137368 -0.172639  0.459531   3
  1  0  0.938300 -0.180871 -0.205430  0.314595   2
  1  0  0.938300  0.084998 -0.230815  0.364095   2
  1  0  0.938300 -0.017623  0.272076  0.182003   3
  1  0  0.938300  0.006518 -0.099628 -0.057884   1
  1  0  0.938300  0.139447 -0.019028  0.471159   8
  1  0  0.938300 -0.008151  0.432690  0.381981   4
  1  0  0.938300 -0.016157 -0.182350  0.478920   5
  1  0  0.938300  0.067626  0.129906  0.160176   1
  1  0  0.938300 -0.367835  0.093394  0.734486   6
  1  0  0.938300  0.151355 -0.303487  0.164983   2
  1  0  0.938300  0.376754  0.205628  0.311486   2
  1  0  0.938300  0.069547 -0.187225  0.379862   4
  1  0  0.938300 -0.286889 -0.054285  0.668177   4
  1  0  0.938300  0.134492  0.464126  0.170455   6
  1  0  0.938300 -0.243255 -0.003760  0.211073   2
  1  0  0.938300  0.346945  0.111338  0.493236   3
  1  0  0.938300 -0.110938 -0.129543  0.207937   3
  1  0  0.938300  0.172429 -0.174293  0.429206   6
  1  0  0.938300  0.173588 -0.086639  0.267271   2
  1  0  0.938300 -0.264330  0.255176  0.334791   4
  1  0  0.938300  0.085634 -0.103418  0.044077   1
  1  0  0.938300 -0.374103  0.003485  0.325728   2
  1  0  0.938300  0.055939 -0.004779  0.265371   3
  1  0  0.938300  0.420914 -0.316746  0.461136   4
  1  0  0.938300 -0.115345 -0.050574  0.307880   4
  1  0  0.938300  0.240185  0.271652  0.145870   2
  1  0  0.938300 -0.145067  0.067727  0.166898   4
  1  0  0.938300  0.241376  0.083530  0.374801   3
  1  0  0.938300 -0.053418  0.220371  0.144602   3
  1  0  0.938300  0.159998  0.008246  0.334718   8
  1  0  0.938300 -0.089986  0.090686  0.395483   4
  1  0  0.938300 -0.313968  0.166033  0.244322   3
  1  0  0.938300 -0.056162 -0.134023 -0.063803   1
  1  0  0.938300 -0.026404  0.095676  0.090523   1
  1  0  0.938300  0.163520 -0.209286  0.027195   1
  1  0  0.938300  0.127287 -0.380528  0.107198   4
  1  0  0.938300 -0.003361 -0.417369  0.212311   2
  1  0  0.938300 -0.049606 -0.238103  0.347327   3
  1  0  0.938300 -0.064261 -0.022136  0.216930   3
  1  0  0.938300 -0.091688 -0.064693  0.111248   1
  1  0  0.938300  0.095907  0.054100  0.396402   6
  1  0  0.938300  0.078519 -0.018081 -0.050958   1
  1  1  0.938300  0.109845  0.009594  0.235176   1
  1  0  0.938300  0.087874  0.348337  0.398167   4
  1  0  0.938300 -0.004180 -0.038758  0.360091   3
  1  0  0.938300  0.287317  0.240535  0.335083   3
  1  0  0.938300 -0.201045 -0.079976  0.551697   2
  1  0  0.938300  0.264428 -0.013627  0.525883   5
  1  0  0.938300 -0.049523  0.142000  0.322519   2
  1  1  0.938300 -0.380635  0.170440  0.765969  -3
  1  1  0.938300 -0.312787 -0.270716  0.465001  -8
  1  1  0.938300  0.060439  0.116009  0.798365  -5
  1  1  0.938300  0.041812  0.047292  0.703676  -1
  1  0  0.938300 -0.172978  0.193905  0.624056  -4
  1  1  0.938300 -0.036507 -0.050893  0.723167  -1
  1  1  0.938300  0.069992 -0.103926  0.581415  -2
  1  1  0.938300  0.152516 -0.363034  0.312340  -2
  1  1  0.938300  0.143043  0.024132  0.603634  -3
  1  1  0.938300  0.441684  0.057086  0.335070  -3
  1  1  0.938300 -0.124219 -0.163836  0.352384  -5
  1  1  0.938300  0.046913 -0.306478  0.800058  -3
  1  1  0.938300 -0.138025  0.058502  0.409021  -3
  1  1  0.938300 -0.066682  0.193507  0.478386  -1
  1  1  0.938300 -0.256582  0.077556  0.696531  -2
  1  1  0.938300 -0.378149  0.060807  0.425931  -2
  1  1  0.938300  0.227209 -0.053771  0.089671  -7
  1  1  0.938300  0.155000  0.085386  0.925708  -2
  1  1  0.938300 -0.060690 -0.142866  0.738071  -1
  1  1  0.938300  0.210750 -0.026742  0.167980  -4
  1  1  0.938300  0.313355  0.122694  0.358519  -2
  1  1  0.938300 -0.185554 -0.505453  0.473764  -2
  1  1  0.938300 -0.070646  0.074837  0.531531  -5
  1  1  0.938300  0.362752 -0.034940  0.478068  -2
  1  0  0.938300 -0.145808  0.472541  0.483191  -5
  1  1  0.938300  0.234682 -0.127211  0.702350  -4
  1  1  0.938300  0.314063 -0.064808  0.343483  -2
  1  1  0.938300  0.486890 -0.271419  0.695360  -2
  1  1  0.938300 -0.082574 -0.022734  0.759402  -1
  1  1  0.938300 -0.046709  0.173469  0.632346  -1
  1  0  0.938300 -0.083676 -0.055202  0.367394  -5
  1  1  0.938300 -0.322544  0.217757  0.623686  -2
  1  1  0.938300  0.142195  0.244542  0.094008  -7
  1  1  0.938300 -0.004827 -0.106312  0.279075  -9
  1  1  0.938300 -0.126902 -0.347531  0.716248  -2
  1  1  0.938300 -0.029178 -0.287025  0.283393  -2
  1  1  0.938300  0.070332 -0.295930  0.182410  -3
  1  1  0.938300  0.025184  0.115222  0.398089  -2
  1  1  0.938300  0.094765 -0.172042  0.736888  -2
  1  1  0.938300 -0.215143 -0.505182  0.278895  -5
  1  1  0.938300 -0.199945 -0.060389  0.281861  -3
  1  1  0.938300  0.087808  0.146120  0.163147  -7
  1  1  0.938300  0.089789 -0.413345  0.268446  -6
  1  0  0.938300  0.576744 -0.011953  0.203809 -11
  1  1  0.938300 -0.192644  0.311027  0.581769  -2
  1  1  0.938300 -0.367435 -0.107565  0.580439  -2
  1  1  0.938300 -0.063523 -0.019868  0.877360  -1
  1  1  0.938300  0.128529 -0.174139  0.457230  -2
  1  1  0.938300 -0.114005  0.266383  0.452424  -5
  1  1  0.938300 -0.089243 -0.290527  0.528317  -3
  1  1  0.938300  0.054927 -0.091267  0.818769  -3
  1  1  0.938300 -0.349723 -0.016337  0.255423  -6
  1  1  0.938300 -0.138431  0.101911  0.125055  -4
  1  1  0.938300 -0.045727  0.079761  0.606516  -4
  1  1  0.938300  0.051151  0.290148  0.324843 -10
  1  1  0.938300 -0.010085  0.454082  0.318985  -4
  1  1  0.938300 -0.463113 -0.264363  0.065179  -4
  1  1  0.938300 -0.180557  0.029076  0.520270  -1
  1  1  0.938300 -0.307558  0.000234  0.502547  -3
  1  0  0.938300 -0.003674  0.507834 -0.036689  -6
  1  1  0.938300 -0.117318 -0.036091  0.456550  -3
  1  1  0.938300  0.380087  0.389177  0.803589  -2
  1  1  0.938300 -0.091774  0.361860  0.896933  -2
  1  1  0.938300 -0.104951 -0.132713  0.207094  -5
  1  1  0.938300  0.257537  0.027806  0.589425  -5
  1  1  0.938300 -0.028733  0.146818  0.441766  -4
  1  1  0.938300  0.086884 -0.158785  0.665551  -1
  1  1  0.938300  0.127109  0.005252  0.650117  -2
  1  1  0.938300 -0.341404 -0.100419  0.498175  -4
  1  1  0.938300  0.073999  0.125884  0.657752  -1
  1  0  0.938300  0.200572 -0.159535  0.367180  -9
  1  1  0.938300  0.202031  0.005114  0.592993  -8
  1  1  0.938300  0.132048 -0.335457  0.648524  -5
  1  1  0.938300 -0.067052 -0.091954  0.638413  -1
  1  1  0.938300  0.238781 -0.465342  0.831501  -2
  1  1  0.938300  0.117580 -0.124230  0.106052  -4
  1  1  0.938300  0.267346 -0.497675  0.636577  -3
  1  1  0.938300 -0.176151  0.373115  0.332199  -4
  1  1  0.938300  0.008784  0.013181  0.675615  -1
  1  0  0.938300  0.043640 -0.081835  0.631605  -1
  1  0  0.938300 -0.013228  0.041665  0.130299  -6
  1  0  0.938300  0.035477 -0.057000  0.248680  -3
  1  0  0.938300  0.313928 -0.150303  0.725980  -4
  1  0  0.938300 -0.102978  0.315100  0.202479  -2
  1  0  0.938300 -0.047561 -0.147807  0.377669  -4
  1  0  0.938300  0.034346 -0.117578  0.636619  -1
  1  0  0.938300 -0.118652  0.074909  0.261747  -4
  1  0  0.938300 -0.221307 -0.138666  0.326448  -2
  1  0  0.938300  0.161619 -0.302072  0.275567  -3
  1  0  0.938300  0.296726 -0.259720  0.441132  -3
  1  0  0.938300 -0.364421  0.245626  0.693320  -5
  1  0  0.938300  0.106339  0.217125  0.352968  -3
  1  0  0.938300 -0.100955 -0.218312  0.546083  -3
  1  0  0.938300  0.124748 -0.394075  0.743399  -2
  1  0  0.938300 -0.296877  0.153650  0.236199  -4
  1  0  0.938300  0.049843  0.160079  0.690091  -4
  1  0  0.938300  0.037916 -0.006387  0.680618  -1
  1  0  0.938300 -0.060370  0.156264  0.598576  -1
  1  0  0.938300  0.315320  0.612038  0.806330  -3
  1  0  0.938300 -0.124907 -0.021819  0.884117  -1
  1  0  0.938300 -0.107904 -0.088407  0.755186  -4
  1  0  0.938300 -0.063459 -0.382690  0.346772  -2
  1  0  0.938300 -0.566687  0.092282  0.218605  -3
  1  0  0.938300  0.053531  0.170232  0.417534  -3
  1  0  0.938300 -0.047458 -0.169507  0.340215  -2
  1  0  0.938300  0.566923  0.017998  0.584981  -5
  1  0  0.938300 -0.112924 -0.078413  0.735051  -6
  1  0  0.938300  0.038453  0.257268  0.368388  -3
  1  0  0.938300 -0.359239  0.212276  0.999848  -3
  1  0  0.938300 -0.122836 -0.108875  0.551572  -2
  1  0  0.938300 -0.127651  0.142131  0.553552  -1
  1  0  0.938300  0.275880  0.359937  0.521484  -4
  1  0  0.938300 -0.069267  0.032102  0.434486  -8
  1  0  0.938300  0.189315 -0.223070  0.468228  -2
  1  0  0.938300  0.393834 -0.206313  0.216383  -4
  1  0  0.938300 -0.281353  0.104539  0.592628  -2
  1  0  0.938300 -0.060786 -0.104716  0.755498  -1
  1  0  0.938300 -0.096523 -0.316986  0.739092  -4
  1  0  0.938300 -0.107823  0.330119  0.090990  -3
  1  0  0.938300  0.018104 -0.204926 -0.005015  -5
  1  0  0.938300 -0.187362 -0.024617  0.473604  -3
  1  0  0.938300 -0.051397 -0.020926  0.339314  -6
  1  0  0.938300 -0.364482 -0.099251  0.093243  -3
  1  0  0.938300 -0.016787 -0.068633  0.829528  -3
  1  0  0.938300  0.128361 -0.058194  0.720925  -1
  1  0  0.938300  0.161381  0.208878  0.841683  -4
  1  0  0.938300  0.160680  0.214563  0.177433  -2
  1  0  0.938300  0.056249  0.177682  0.451703  -5
  1  0  0.938300 -0.107860 -0.194824  0.509117  -2
  1  0  0.938300  0.106714 -0.060810  0.208317  -7
  1  0  0.938300  0.311388 -0.250109  0.434587  -5
  1  0  0.938300  0.248433  0.331667  0.562204  -5
  1  0  0.938300 -0.239664 -0.211256 -0.069172  -5
  1  0  0.938300  0.559094 -0.246103  0.237608  -4
  1  0  0.938300 -0.019707  0.098362  0.658781  -1
  1  0  0.938300  0.032510 -0.245799  0.209651  -7
  1  0  0.938300 -0.229427 -0.306539  0.641526  -3
  1  1  0.938300  0.075947  0.358244  0.401339  -4
  1  0  0.938300  0.301673 -0.032320  0.647462  -1
  1  0  0.938300  0.070195 -0.029219  0.105309  -4
  1  1  0.938300  0.258691 -0.377159  0.089325  -2
  1  0  0.938300  0.270499  0.193860  0.094840  -4
  1  1  0.938300  0.238031 -0.159933  0.086609  -5
  1  0  0.938300 -0.435752 -0.070910  0.746752  -2
  1  0  0.938300 -0.091866  0.064287  0.613088  -1
  1  0  0.938300 -0.134468 -0.073072  0.412675  -2
  1  0  0.938300  0.270409 -0.176627  0.575507  -4
  1  0  0.938300  0.173287 -0.194581  0.593624  -3
  1  0  0.938300  0.210796 -0.078992  0.835857  -2
  1  0  0.938300 -0.232174  0.103057  0.269765  -3
  1  1  0.938300  0.059565 -0.144304  0.385589  -5
  1  0  0.938300  0.031284  0.074130  0.853812  -4
  1  0  0.938300  0.294517  0.090450  0.352224  -7
  1  0  0.938300  0.557585  0.014838  0.144606  -5
  1  0  0.938300 -0.062759  0.270037  0.295186  -2
  1  0  0.938300  0.120000 -0.022783  0.383519  -3
  1  0  0.938300 -0.202462 -0.139399  0.252781  -3
  1  0  0.938300 -0.096178 -0.097949  0.240476  -4
  1  0  0.938300 -0.126590  0.058203  0.484105  -4
  1  0  0.938300 -0.099172 -0.394766  0.379788  -3
  1  0  0.938300 -0.008255 -0.238589  0.364281  -4
  1  0  0.938300  0.152114 -0.019341  0.380503  -4
  1  0  0.938300 -0.329081  0.231019  0.589943  -2
  1  0  0.938300 -0.148683 -0.052589  0.824942  -1
  1  0  0.938300  0.334933 -0.210602  0.524343  -2
  1  0  0.938300 -0.148386 -0.162365 -0.052603  -3
  1  0  0.938300  0.056148  0.130798 -0.129028  -4
  1  0  0.938300  0.237697  0.334057  0.349117  -3
  1  0  0.938300  0.083316 -0.134723  0.303717  -4
  1  0  0.938300 -0.176817  0.352069  0.339950  -6
  1  0  0.938300 -0.214820 -0.042503  0.592404  -5
  1  1  0.938300 -0.080887 -0.055341  0.699709  -3
  1  0  0.938300  0.027085  0.040295  0.631543  -4
  1  0  0.938300 -0.014390 -0.302003  0.457087  -6
  1  0  0.938300 -0.378067 -0.376707  0.161534  -3
  1  0  0.938300 -0.176056  0.201076  0.146762  -4
  1  0  0.938300 -0.095187 -0.186588  0.285653  -5
  1  0  0.938300  0.249696  0.313234  0.548556  -4
  1  0  0.938300 -0.185499  0.018673  0.353806  -5
  1  0  0.938300 -0.083902  0.214891  0.652434  -6
  1  0  0.938300  0.311389 -0.125334  0.719552  -2
  1  0  0.938300  0.079388  0.102534  0.710557  -1
  1  1  0.938300 -0.253031  0.086477  0.710390  -2
  1  0  0.938300  0.074737 -0.046048  0.556902  -4
  1  0  0.938300 -0.194279  0.211361  0.072820  -5
  1  0  0.938300  0.210868  0.476645  0.672788  -4
  1  0  0.938300  0.288840  0.115494  0.274911  -4
  1  1  0.938300  0.199927  0.259644  0.213915  -4
  1  0  0.938300 -0.215655  0.030727  0.221917  -6
  1  0  0.938300 -0.090183  0.005818  0.382972  -6
  1  0  0.938300 -0.204275 -0.065317  0.862388  -1
  1  0  0.938300 -0.038889  0.109179  0.754221  -1
  1  0  0.938300  0.270450 -0.079835  0.431457  -4
  1  0  0.938300  0.131289  0.206468  0.279019  -3
  1  0  0.938300 -0.705252  0.091109  0.441544  -4
  1  0  0.938300  0.303020 -0.192185  0.177855  -4
  1  0  0.938300 -0.148251 -0.305533  0.386901  -4