  1  1  0.938300  0.077793  0.176708  0.165871   2
  1  1  0.938300 -0.155824  0.253908  0.225749   2
  1  1  0.938300  0.298561 -0.101286  0.552713   5
  1  1  0.938300 -0.096172 -0.113147  0.350489   5
  1  1  0.938300  0.201266 -0.171990  0.408866   2
  1  1  0.938300  0.320053  0.036370  0.223867   2
  1  1  0.938300 -0.036254  0.086901  0.027691   1
  1  1  0.938300 -0.303511  0.107840  0.091570   4
  1  1  0.938300  0.087847  0.080710  0.431145   2
  1  1  0.938300 -0.204718  0.206901  0.069693   2
  1  1  0.938300  0.029715 -0.048095  0.966353   2
  1  1  0.938300 -0.415145 -0.045640  0.649919   3
  1  1  0.938300  0.065786  0.234642  0.064913   4
  1  1  0.938300  0.063098 -0.212039  0.481253   2
  1  1  0.938300 -0.122414  0.064263  0.420096   5
  1  1  0.938300  0.098209  0.206749  0.453686   4
  1  1  0.938300  0.043162  0.014127  0.015846   1
  1  1  0.938300  0.014354 -0.120146  0.022870   1
  1  1  0.938300  0.098033 -0.044926 -0.020396   1
  1  1  0.938300  0.131561  0.062849  0.570647   5
  1  1  0.938300 -0.025059  0.093574  0.208933   2
  1  1  0.938300  0.094831  0.001591 -0.006605   1
  1  1  0.938300  0.139192  0.034369  0.725164   6
  1  1  0.938300 -0.050013 -0.008308 -0.114856   5
  1  1  0.938300 -0.058977  0.020617  0.160791   2
  1  1  0.938300  0.230624 -0.338644  0.375331   3
  1  1  0.938300 -0.305701  0.305715  0.391572   5
  1  1  0.938300 -0.186158 -0.101215  0.026588   1
  1  1  0.938300  0.318153 -0.287836  0.541850   4
  1  1  0.938300  0.309399 -0.094917  0.156255   3
  1  1  0.938300 -0.176176  0.106520  0.407142   4
  1  1  0.938300  0.024008  0.117944  0.206838   2
  1  1  0.938300  0.083941 -0.161110  0.157026   1
  1  1  0.938300 -0.210485 -0.016845  0.210447   2
  1  1  0.938300  0.132569  0.164201  0.304656   2
  1  1  0.938300  0.221811  0.179295  0.456221   3
  1  1  0.938300  0.126502 -0.077733  0.081123   3
  1  1  0.938300 -0.108210  0.095513  0.095116   4
  1  1  0.938300  0.027992  0.279462  0.675044   4
  1  1  0.938300 -0.049318 -0.334427  0.153062   3
  1  1  0.938300  0.099944 -0.126018  0.195697   2
  1  1  0.938300  0.016482 -0.211345  0.320338   2
  1  1  0.938300 -0.087514  0.102595  0.921512   2
  1  1  0.938300  0.210171  0.274419  0.686282   5
  1  1  0.938300 -0.016813  0.037120  0.028499   1
  1  1  0.938300 -0.143132 -0.193381  0.391020   7
  1  1  0.938300  0.307494 -0.160810  0.247491   5
  1  1  0.938300 -0.378779 -0.169007  0.357470   4
  1  1  0.938300  0.077726 -0.018077  0.383049   5
  1  1  0.938300 -0.008508 -0.047927  0.319726   3
  1  1  0.938300 -0.757053  0.174790  0.023731   3
  1  1  0.938300 -0.283214 -0.136094  0.273853   2
  1  1  0.938300  0.047896 -0.025513  0.309271   3
  1  1  0.938300  0.097118  0.221739  0.334529   4
  1  1  0.938300 -0.063504  0.425721  0.238896   2
  1  1  0.938300  0.198565 -0.247595  0.165082   2
  1  1  0.938300 -0.058941  0.331073  0.586864   4
  1  1  0.938300  0.124288  0.094333  0.037358   1
  1  1  0.938300  0.081726 -0.155737  0.392705   2
  1  1  0.938300  0.100367  0.095902  0.072162   1
  1  1  0.938300  0.268750  0.326822  0.297242   3
  1  1  0.938300 -0.167456 -0.131957  0.313923   2
  1  1  0.938300 -0.246946 -0.016449  0.380126   3
  1  1  0.938300  0.290018 -0.292448  0.394758   2
  1  1  0.938300 -0.076672  0.105340 -0.066171   1
  1  1  0.938300 -0.183635 -0.122471  0.189524   2
  1  1  0.938300 -0.065126  0.032278 -0.056064   1
  1  1  0.938300  0.255420  0.288247  0.448769   2
  1  1  0.938300  0.012291 -0.027828  0.207621   5
  1  1  0.938300 -0.035236  0.104406  0.501526   4
  1  1  0.938300  0.165066 -0.151771  0.404545   4
  1  1  0.938300  0.175912  0.124152 -0.010640   1
  1  1  0.938300  0.410009 -0.182533  0.147913   3
  1  1  0.938300 -0.049101 -0.144445  0.059717   1
  1  1  0.938300 -0.215325  0.113034  0.099757   3
  1  1  0.938300 -0.149165 -0.157656  0.092502   2
  1  1  0.938300 -0.172741  0.020330  0.070240   3
  1  1  0.938300 -0.228509  0.211400  0.719668   4
  1  1  0.938300 -0.158901  0.143877  0.624251   3
  1  0  0.938300  0.665533  0.042752  0.482439   6
  1  0  0.938300 -0.031225  0.108206 -0.007339   1
  1  0  0.938300 -0.204462 -0.164547  0.085309   1
  1  0  0.938300 -0.078431  0.130195  0.407864   7
  1  0  0.938300  0.031865  0.147390  0.302788   3
  1  0  0.938300  0.122538  0.264560  0.436410   2
  1  0  0.938300  0.136133 -0.155517  0.704142   5
  1  0  0.938300 -0.097901  0.026515  0.287442   4
  1  0  0.938300 -0.122902  0.115101  0.449509   6
  1  0  0.938300 -0.189558 -0.052282  0.171671   2
  1  0  0.938300  0.025043  0.024357  0.550775   5
  1  0  0.938300  0.176730 -0.346343  0.048956   2
  1  0  0.938300  0.065987  0.220134 -0.065274   3
  1  0  0.938300 -0.126922 -0.042299  0.150408   4
  1  0  0.938300  0.095937  0.045856  0.249481   3
  1  0  0.938300 -0.414847  0.016459  0.497622   4
  1  0  0.938300  0.413415  0.040281  0.164294   3
  1  0  0.938300 -0.083984  0.167737  0.296348   6
  1  0  0.938300 -0.088334  0.198526  0.256432   3
  1  0  0.938300  0.224583 -0.130344  0.340785   2
  1  0  0.938300  0.019816  0.322419  0.561844   2
  1  0  0.938300  0.017209  0.043214  0.426659   2
  1  0  0.938300 -0.119293  0.198677  0.340588   5
  1  0  0.938300 -0.377083 -0.051890  0.494492   3
  1  1  0.938300 -0.232041 -0.014818  0.220199   3
  1  0  0.938300 -0.011824 -0.144386  0.105275   1
  1  0  0.938300 -0.116709 -0.036008  0.051542   1
  1  0  0.938300 -0.181534 -0.162844  0.095265   6
  1  0  0.938300  0.080149  0.203905  0.206567  11
  1  0  0.938300  0.140395 -0.008445  0.473329   4
  1  0  0.938300  0.174292  0.040588  0.404199   4
  1  0  0.938300  0.030267  0.224364  0.221737   1
  1  0  0.938300 -0.053380  0.073209  0.216388   1
  1  0  0.938300 -0.157288  0.009269  0.065500   1
  1  0  0.938300 -0.056657 -0.038036 -0.139643   1
  1  0  0.938300  0.046331  0.159162  0.008543   1
  1  0  0.938300  0.183001  0.104268  0.371312   3
  1  0  0.938300 -0.089726 -0.067396  0.115648   1
  1  0  0.938300  0.112792 -0.046981  0.386465   2
  1  0  0.938300 -0.032124  0.196173  0.144763   2
  1  0  0.938300 -0.111868  0.146484  0.757384   4
  1  0  0.938300  0.195542 -0.137954  0.132975   3
  1  0  0.938300 -0.145541  0.091985  0.362137   1
  1  0  0.938300  0.075360  0.089306  0.209573   1
  1  0  0.938300  0.090714 -0.101493  0.359508   8
  1  0  0.938300 -0.043491 -0.142420  0.306012   3
  1  0  0.938300 -0.169915  0.188051  0.218110   4
  1  0  0.938300  0.053602 -0.042077  0.256391   2
  1  0  0.938300  0.065058  0.150787  0.022625   1
  1  0  0.938300  0.220158  0.131678  0.446246   4
  1  0  0.938300  0.028262  0.240016  0.318092   6
  1  0  0.938300  0.232646 -0.024920  0.174908   2
  1  0  0.938300 -0.219940  0.272419  0.588219   3
  1  0  0.938300 -0.006777 -0.096533  0.222118   3
  1  0  0.938300  0.016315  0.078974  0.201803   4
  1  0  0.938300 -0.397862  0.032198  0.040392   3
  1  0  0.938300  0.012983  0.000170  0.381098   5
  1  0  0.938300 -0.188312  0.036190  0.456534   4
  1  0  0.938300 -0.082718  0.075562 -0.004833   1
  1  0  0.938300  0.144871  0.059890  0.400483   5
  1  0  0.938300 -0.186559 -0.249025  0.206231   4
  1  0  0.938300  0.322714 -0.257107  0.100834   2
  1  0  0.938300  0.076944  0.375396  0.375620   2
  1  0  0.938300 -0.014542  0.208601  0.084944   4
  1  0  0.938300 -0.298253 -0.053617  0.026608   2
  1  0  0.938300  0.270353 -0.229661  0.548463   4
  1  0  0.938300  0.183468 -0.373004  0.492698   2
  1  0  0.938300 -0.309086  0.128149  0.094810   3
  1  0  0.938300 -0.359670  0.295679  0.569376   5
  1  0  0.938300  0.048651  0.079032  0.249142   3
  1  0  0.938300 -0.155138  0.347885  0.826593   5
  1  0  0.938300 -0.279070  0.191019  0.501055   4
  1  0  0.938300  0.395061 -0.270276  0.028854   3
  1  0  0.938300 -0.053001 -0.045332  0.397644   6
  1  0  0.938300 -0.074094 -0.054797  0.234086   2
  1  0  0.938300  0.238946 -0.248593  0.300155   5
  1  0  0.938300  0.135828 -0.265729  0.361919   3
  1  0  0.938300 -0.130376  0.063451  0.191142   1
  1  0  0.938300  0.133819 -0.162904  0.061538   1
  1  0  0.938300 -0.105375 -0.055266  0.156127   1
  1  0  0.938300 -0.060783 -0.316576  0.351058   3
  1  0  0.938300  0.412375 -0.373701  0.585380   4
  1  0  0.938300 -0.164309 -0.255509  0.229916   2
  1  0  0.938300  0.322101 -0.041877  0.505245   2
  1  0  0.938300  0.285738 -0.497203  0.344813   3
  1  0  0.938300 -0.204683  0.063340  0.443052   5
  1  0  0.938300  0.110919  0.079010  0.149325   2
  1  0  0.938300 -0.271649 -0.026103  0.408663   2
  1  0  0.938300  0.214074  0.029631  0.395933   5
  1  0  0.938300  0.162870  0.425386  0.355173   3
  1  0  0.938300 -0.046082  0.097697  0.151906   1
  1  0  0.938300  0.080738 -0.163034  0.511181   3
  1  0  0.938300  0.238433  0.015854  0.452877   4
  1  0  0.938300 -0.138658 -0.148155  0.228877   1
  1  0  0.938300 -0.014224  0.151079  0.047106   1
  1  0  0.938300 -0.168441 -0.214468  0.474859   4
  1  0  0.938300  0.034019 -0.027278  0.183545   1
  1  0  0.938300 -0.066763 -0.268326  0.009505   3
  1  0  0.938300  0.001403 -0.123961  0.034277   1
  1  0  0.938300  0.423064  0.175289  0.276284   4
  1  0  0.938300  0.091069  0.162605  0.357108   2
  1  0  0.938300 -0.028182 -0.446686  0.282558   3
  1  0  0.938300  0.184121 -0.386183  0.296635   2
  1  0  0.938300  0.012034  0.061489  0.122710   3
  1  0  0.938300  0.121468 -0.013413  0.007341   5
  1  0  0.938300  0.013434  0.017604 -0.120407   1
  1  0  0.938300 -0.018011 -0.282119  0.617571   2
  1  0  0.938300  0.071707 -0.285284  0.409357   4
  1  0  0.938300 -0.076689 -0.153817  0.191736   3
  1  0  0.938300  0.015629  0.156181  0.432585   5
  1  0  0.938300  0.077186 -0.209733  0.369760   5
  1  0  0.938300 -0.029749 -0.193141  0.342429   3
  1  0  0.938300 -0.040974 -0.074403  0.289035   2
  1  0  0.938300 -0.166526  0.040220  0.215092   2
  1  0  0.938300  0.169693 -0.199989  0.146053   3
  1  0  0.938300 -0.024943  0.014832  0.159121   5
  1  0  0.938300  0.133445 -0.028018  0.301436   2
  1  0  0.938300  0.031105 -0.267817  0.721907   3
  1  1  0.938300  0.176887  0.065280  0.439850  -2
  1  1  0.938300 -0.001346  0.008278  0.795357  -1
  1  1  0.938300  0.238413 -0.086841  0.185337  -4
  1  1  0.938300 -0.040165 -0.112666  0.668453  -2
  1  1  0.938300 -0.068159  0.142296  0.179411  -2
  1  1  0.938300 -0.408990 -0.113188  0.164501  -3
  1  1  0.938300 -0.096499 -0.148997  0.533312  -1
  1  1  0.938300  0.126831 -0.300051  0.264777  -2
  1  1  0.938300 -0.334661 -0.120125  0.358451  -5
  1  1  0.938300 -0.107356  0.370070  0.425853  -3
  1  1  0.938300 -0.074724  0.101140  0.318799  -8
  1  1  0.938300 -0.153168  0.055713  0.842883  -1
  1  1  0.938300 -0.302925 -0.008785 -0.032756  -4
  1  1  0.938300 -0.051087  0.134341  0.573847  -1
  1  1  0.938300  0.167977 -0.053571  0.746204  -2
  1  1  0.938300  0.061368  0.118710  0.672477  -1
  1  1  0.938300 -0.277128  0.000110  0.127024  -5
  1  1  0.938300  0.152847  0.061120  0.747883  -1
  1  1  0.938300 -0.000434 -0.027242  0.596903  -2
  1  1  0.938300 -0.271436 -0.053259  0.403521  -4
  1  1  0.938300 -0.081411  0.043456  0.182805  -3
  1  1  0.938300 -0.137179 -0.103432  0.621688  -4
  1  1  0.938300 -0.602313  0.028566  0.442078  -6
  1  1  0.938300  0.047627 -0.202494  0.763761  -1
  1  1  0.938300  0.371141  0.414932  0.159356  -3
  1  1  0.938300  0.038219  0.163121  0.432715  -1
  1  1  0.938300 -0.101933  0.039988  0.706810  -1
  1  1  0.938300 -0.007963  0.195230  0.552788  -1
  1  1  0.938300  0.146542  0.230843  0.584824  -2
  1  1  0.938300 -0.209295 -0.112647  0.531731  -4
  1  1  0.938300 -0.024655  0.361661  0.194597  -2
  1  1  0.938300 -0.083982  0.206921  0.629409  -2
  1  1  0.938300 -0.217897  0.087179  0.157412  -3
  1  1  0.938300 -0.125823  0.358728  0.142189  -3
  1  1  0.938300  0.149155 -0.008914  0.504927  -1
  1  1  0.938300 -0.072451  0.130559  0.598935  -5
  1  1  0.938300  0.192307 -0.089836  0.569421  -4
  1  1  0.938300 -0.320306 -0.075322  0.295625  -2
  1  1  0.938300  0.327360 -0.141599  0.299254  -6
  1  1  0.938300  0.009795 -0.016400  0.294487  -5
  1  1  0.938300 -0.012802  0.208479  0.314116  -4
  1  1  0.938300 -0.121327 -0.000243  0.060308  -5
  1  1  0.938300  0.041351  0.053824  0.090556  -6
  1  1  0.938300 -0.247514  0.054057  0.205544  -7
  1  1  0.938300  0.087398 -0.079918  0.489217  -1
  1  1  0.938300 -0.284298  0.223977  0.709511  -2
  1  1  0.938300  0.528875 -0.391883  0.747638  -3
  1  1  0.938300 -0.038489  0.150486  0.544834  -1
  1  1  0.938300 -0.036724  0.118160  0.288286  -3
  1  1  0.938300 -0.187405 -0.096494  0.476716  -2
  1  1  0.938300  0.070934  0.172272  0.504026  -2
  1  1  0.938300  0.234418 -0.030405  0.473777  -4
  1  1  0.938300 -0.192821 -0.039576  0.236526  -5
  1  1  0.938300 -0.092569 -0.074210  0.646275  -1
  1  1  0.938300 -0.318141  0.053175  0.419842  -5
  1  1  0.938300  0.354100  0.211461  1.075092  -2
  1  1  0.938300  0.039517 -0.025158  0.015676  -3
  1  1  0.938300  0.062091  0.009060  0.366292  -2
  1  1  0.938300  0.318287 -0.060692  0.968159  -3
  1  1  0.938300 -0.029278 -0.000134  0.868609  -1
  1  1  0.938300  0.261036  0.096747  0.291731  -3
  1  1  0.938300  0.050175 -0.020921  0.757972  -1
  1  1  0.938300  0.311245 -0.163479  0.950288  -3
  1  1  0.938300 -0.183939  0.107075  0.541130  -2
  1  1  0.938300 -0.238791  0.256526  0.727169  -3
  1  1  0.938300 -0.041464 -0.011641  0.077490  -4
  1  1  0.938300  0.086456  0.096409  0.776015  -1
  1  1  0.938300  0.126399 -0.086523  0.501601  -5
  1  1  0.938300 -0.041293 -0.134736  0.365204  -2
  1  1  0.938300 -0.008304 -0.444071  0.496123  -2
  1  1  0.938300  0.252406 -0.333036  0.413292  -4
  1  1  0.938300 -0.154833  0.505577  0.435195  -3
  1  1  0.938300 -0.140000 -0.060397  0.687815  -2
  1  1  0.938300 -0.088800  0.114489  0.487859  -1
  1  1  0.938300  0.446737 -0.233239  0.483784  -2
  1  1  0.938300  0.324312 -0.053327  0.563290  -2
  1  1  0.938300 -0.027295  0.080195  0.744382  -3
  1  1  0.938300  0.064031  0.329255  0.807817  -6
  1  1  0.938300  0.099897  0.027599  0.549103  -4
  1  0  0.938300 -0.078166  0.070810  0.244247  -3
  1  0  0.938300 -0.178118 -0.362143 -0.048721  -3
  1  0  0.938300 -0.260996  0.214862  0.498615  -2
  1  0  0.938300 -0.067003 -0.200973  0.737628  -1
  1  0  0.938300 -0.011328  0.157025  0.732016  -2
  1  0  0.938300  0.232221  0.235388  0.142496  -5
  1  0  0.938300  0.496697 -0.354879  0.059396  -3
  1  0  0.938300  0.101663 -0.048017  0.442947  -4
  1  0  0.938300  0.388247  0.169766  0.380028  -4
  1  0  0.938300 -0.061742  0.137179  0.442828  -1
  1  0  0.938300  0.024793  0.028809  0.047308  -4
  1  0  0.938300 -0.023135  0.034534  0.742022  -2
  1  0  0.938300 -0.205759 -0.001012  0.215112  -2
  1  0  0.938300  0.113224  0.209279  0.809677  -2
  1  0  0.938300 -0.192231 -0.232618  0.303530  -4
  1  0  0.938300  0.173088  0.151893  0.441556  -5
  1  0  0.938300  0.113248 -0.077758  0.429883  -2
  1  0  0.938300 -0.112311 -0.104803  0.588635  -2
  1  0  0.938300  0.008774 -0.109494  0.307362  -3
  1  0  0.938300 -0.084421 -0.002215  0.675824  -1
  1  0  0.938300 -0.037359 -0.105310  0.564450  -2
  1  0  0.938300 -0.137102 -0.114408  0.428458  -2
  1  0  0.938300 -0.031155 -0.133079  0.290254  -3
  1  0  0.938300 -0.093034 -0.047800  0.792034  -1
  1  0  0.938300 -0.062650  0.293620  0.380937  -4
  1  0  0.938300  0.135545  0.152603  0.501076  -7
  1  0  0.938300 -0.000752 -0.015558  0.305213  -6
  1  0  0.938300  0.095633  0.180768  0.722961  -2
  1  0  0.938300 -0.113576  0.038554  0.443713  -2
  1  0  0.938300 -0.075027 -0.401330  0.254309  -3
  1  0  0.938300  0.147119 -0.048591  0.247891  -5
  1  0  0.938300  0.176266  0.013736  0.411269  -5
  1  0  0.938300  0.089361  0.257141  0.518148  -4
  1  0  0.938300  0.204240 -0.034246  0.369303  -3
  1  0  0.938300 -0.124569 -0.029254  0.786710  -2
  1  0  0.938300 -0.153056  0.069883  0.237778  -4
  1  0  0.938300 -0.090206 -0.373783  0.169912  -5
  1  0  0.938300  0.111649 -0.438497  0.298258  -5
  1  0  0.938300 -0.222307 -0.164340  0.249458  -2
  1  0  0.938300 -0.143038 -0.018996  0.735706  -1
  1  0  0.938300 -0.350959 -0.029548  0.467959  -2
  1  0  0.938300  0.167427  0.078910  0.747567  -3
  1  0  0.938300  0.184511  0.437026  0.168944  -5
  1  0  0.938300  0.149948  0.005333  0.208437  -2
  1  0  0.938300  0.010750  0.408642  0.534681  -6
  1  0  0.938300  0.052789 -0.249918  0.438527  -4
  1  0  0.938300  0.031434  0.037669  0.594183  -2
  1  0  0.938300 -0.183753  0.157762  0.343207  -9
  1  0  0.938300  0.260311  0.165166  0.589829  -2
  1  0  0.938300 -0.313800 -0.086974  0.580119  -2
  1  0  0.938300  0.069238  0.133689 -0.107842  -6
  1  0  0.938300  0.375734 -0.008685  0.434212  -3
  1  0  0.938300 -0.036665  0.114859  0.497708  -1
  1  0  0.938300  0.276223 -0.149801  0.085929  -3
  1  0  0.938300  0.125121 -0.045004  0.941042  -2
  1  0  0.938300  0.074353  0.180997  0.174862  -2
  1  0  0.938300  0.435177  0.040162  0.555053  -3
  1  0  0.938300 -0.126293  0.066200  0.430866  -5
  1  0  0.938300 -0.337546 -0.084262  0.238132  -3
  1  0  0.938300  0.020087 -0.453831  0.544214  -3
  1  0  0.938300 -0.397818  0.159920  0.095993  -2
  1  0  0.938300 -0.244783  0.499272  0.063734  -4
  1  0  0.938300  0.079404  0.057716  0.277078  -1
  1  0  0.938300 -0.302060  0.264631  0.386821  -6
  1  0  0.938300  0.033983  0.124540  0.269200  -3
  1  0  0.938300  0.267428 -0.115806  0.581720  -6
  1  0  0.938300  0.405803  0.017563  0.158423  -5
  1  0  0.938300  0.179665 -0.119354  0.446077  -2
  1  0  0.938300 -0.147693  0.089813  0.197789  -6
  1  0  0.938300  0.037042  0.018784  0.551191  -2
  1  0  0.938300  0.097685  0.231786  0.537614  -2
  1  0  0.938300 -0.111834 -0.111899  0.390667  -4
  1  0  0.938300 -0.119255 -0.237657  0.442828  -2
  1  0  0.938300 -0.024396 -0.111721  0.356506  -3
  1  0  0.938300  0.136966 -0.215346  0.526559  -3
  1  0  0.938300 -0.088946 -0.469192  0.149097  -3
  1  0  0.938300 -0.105353  0.160826  0.560895  -1
  1  0  0.938300  0.092580 -0.406041  0.479509  -2
  1  0  0.938300  0.053713 -0.419336  0.365130  -2
  1  0  0.938300  0.067190 -0.157525  0.571422  -1
  1  0  0.938300 -0.030237 -0.013455  0.810773  -1
  1  0  0.938300  0.027063  0.115333  0.345826  -6
  1  0  0.938300  0.106783 -0.364379  0.404051  -4
  1  0  0.938300  0.068045 -0.124242  0.213066  -4
  1  0  0.938300 -0.293565 -0.243218  0.971148  -4
  1  0  0.938300  0.256620 -0.134478  0.463567  -3
  1  0  0.938300 -0.101123 -0.147963  0.247777  -2
  1  0  0.938300 -0.370947  0.103353  0.728308  -5
  1  0  0.938300 -0.123577 -0.091236  0.784910  -2
  1  0  0.938300  0.205026 -0.199827  0.277733  -4
  1  0  0.938300 -0.056177  0.061725  0.027754  -3
  1  0  0.938300 -0.220978  0.263005  0.608764  -4
  1  0  0.938300  0.312135  0.135067  0.341974  -4
  1  0  0.938300  0.143631 -0.139839  0.326137  -2
  1  0  0.938300 -0.189662  0.129483  0.690186  -2
  1  0  0.938300 -0.032192  0.012276  0.260684  -5
  1  0  0.938300 -0.072066 -0.120860  0.341246  -4
  1  0  0.938300  0.008069  0.046869  0.208534  -3
  1  0  0.938300 -0.047442  0.056622  0.174925  -4
  1  0  0.938300 -0.076182  0.178771  0.458646  -7
  1  0  0.938300 -0.268581  0.030318  0.692828  -2
  1  0  0.938300  0.216175  0.283725  0.704445  -2
  1  0  0.938300 -0.047196 -0.017259  0.772715  -1
  1  0  0.938300 -0.103018  0.225557  0.518638  -2
  1  0  0.938300  0.065583 -0.109251  0.609431  -1
  1  0  0.938300 -0.294504 -0.049469  0.450890  -2
  1  0  0.938300  0.046505 -0.034191  0.157063  -5
  1  0  0.938300  0.101932  0.041727  0.363710  -4
  1  0  0.938300 -0.122082  0.653030  0.575100  -3
  1  0  0.938300 -0.016867 -0.251974  0.401162  -2
  1  0  0.938300 -0.164280  0.016305  0.415500  -4
  1  0  0.938300 -0.197463 -0.115114  0.550741  -3
  1  0  0.938300  0.006137  0.089308  0.725280  -5
  1  0  0.938300  0.076412  0.194236 -0.062659  -5
  1  0  0.938300 -0.044130  0.051993  0.030825  -4
  1  0  0.938300 -0.369192  0.151493  0.429702  -4
  1  0  0.938300 -0.111124 -0.267994  0.608197  -4
  1  0  0.938300 -0.158473 -0.034832  0.634656  -4