  1  1  0.938300 -0.003834 -0.008821  0.278769   2
  1  1  0.938300  0.330168  0.265360  0.357405   2
  1  1  0.938300  0.042572 -0.208709 -0.043015   3
  1  1  0.938300  0.108238  0.601041  0.615482   3
  1  1  0.938300  0.409957  0.116537  0.328157   6
  1  1  0.938300 -0.072041  0.010288  0.233466   6
  1  1  0.938300  0.129222 -0.094536  0.323942  11
  1  1  0.938300 -0.034354 -0.056057 -0.094854   1
  1  1  0.938300 -0.171403 -0.262540  0.525495   2
  1  1  0.938300  0.113114  0.092102  0.463350   7
  1  1  0.938300 -0.001535 -0.038610  0.250780   2
  1  1  0.938300  0.251566 -0.584839  0.284953   4
  1  1  0.938300  0.048131  0.234573  0.686425   2
  1  1  0.938300  0.053916  0.076267  0.181364   1
  1  1  0.938300  0.150913  0.263548  0.223842   6
  1  1  0.938300 -0.271813 -0.084486  0.237471   4
  1  1  0.938300  0.133329 -0.149548  0.148633   2
  1  1  0.938300 -0.183884 -0.068006  0.123126   2
  1  1  0.938300 -0.065734 -0.103389  0.104324   1
  1  1  0.938300 -0.077924  0.048615  0.301124   2
  1  1  0.938300  0.196244 -0.062555  0.035343   7
  1  1  0.938300  0.147247  0.052391  0.248274   2
  1  1  0.938300 -0.101299  0.006001  0.505831   9
  1  1  0.938300  0.120502  0.268777  0.412172   3
  1  1  0.938300  0.119121 -0.323605  0.783958   5
  1  1  0.938300 -0.332283  0.078922  0.315233   5
  1  1  0.938300 -0.154674 -0.150869  0.212647   3
  1  1  0.938300 -0.084241  0.140016  0.472457   4
  1  1  0.938300  0.002993 -0.136070  0.227229   1
  1  1  0.938300 -0.151652 -0.179081  0.410743   3
  1  1  0.938300  0.171667 -0.090839  0.115176   1
  1  1  0.938300  0.104478 -0.027221  0.133557   4
  1  1  0.938300  0.030661 -0.126574  0.489998   7
  1  1  0.938300  0.222808 -0.172166  0.524215   4
  1  1  0.938300  0.268240  0.080731  0.403895   2
  1  1  0.938300 -0.212477 -0.225667  0.272628   5
  1  1  0.938300  0.262864  0.119466  0.297175   2
  1  1  0.938300 -0.482745  0.172627  0.345330   5
  1  1  0.938300 -0.293598 -0.144606  0.180568   4
  1  1  0.938300  0.070175  0.016125  0.239840   4
  1  1  0.938300  0.147344  0.022959  0.477470   5
  1  1  0.938300 -0.042241 -0.041751  0.156056   1
  1  1  0.938300  0.184049 -0.416562  0.007344   5
  1  1  0.938300 -0.237696 -0.347188  0.208935   2
  1  1  0.938300  0.051558 -0.050042  0.368431   1
  1  1  0.938300  0.070809 -0.053933  0.679493   5
  1  1  0.938300  0.047277  0.126117  0.324913   5
  1  1  0.938300 -0.493339 -0.474074  0.498805   4
  1  1  0.938300 -0.198896 -0.129206  0.422681   7
  1  1  0.938300 -0.167170  0.024021  0.417369   8
  1  1  0.938300 -0.013490 -0.233701  0.512800   4
  1  1  0.938300  0.076662 -0.002899  0.227071   1
  1  1  0.938300  0.073592  0.087736  0.223154   3
  1  1  0.938300 -0.362799 -0.022502  0.578436   4
  1  1  0.938300 -0.083068  0.252769  0.563475   4
  1  1  0.938300 -0.186767 -0.462519  0.795046   4
  1  1  0.938300  0.225877  0.267914  0.043145   2
  1  1  0.938300 -0.000502 -0.007404  0.138606   1
  1  1  0.938300  0.401314 -0.052264  0.494678   5
  1  1  0.938300 -0.037238  0.580323  0.517340   5
  1  1  0.938300 -0.119753  0.010223  0.351840   3
  1  1  0.938300 -0.050893  0.026446  0.040622   6
  1  1  0.938300 -0.332768  0.213989  0.182859   2
  1  1  0.938300 -0.013954  0.012766  0.170529   1
  1  1  0.938300  0.128000 -0.022795  0.218608   3
  1  1  0.938300  0.242791  0.117624  0.031078   2
  1  1  0.938300 -0.079691  0.048508 -0.059887   6
  1  1  0.938300  0.036270  0.033778  0.060161   1
  1  1  0.938300  0.038677  0.140851 -0.028025   2
  1  1  0.938300 -0.527003 -0.062792  0.225873   6
  1  1  0.938300 -0.130358 -0.093829  0.209942   3
  1  1  0.938300 -0.082206  0.119920  0.521037  10
  1  1  0.938300 -0.534809 -0.241160  0.559677   2
  1  1  0.938300 -0.099171 -0.005287  0.310805   3
  1  1  0.938300 -0.131635 -0.127822  0.267046   2
  1  1  0.938300  0.173072 -0.265159  0.304919   7
  1  1  0.938300 -0.032974 -0.084170  0.764397   5
  1  1  0.938300  0.170410 -0.039870  0.162165   3
  1  1  0.938300 -0.003562 -0.103082  0.395645   1
  1  0  0.938300 -0.448398 -0.268422  0.177651   7
  1  1  0.938300 -0.039616 -0.073464  0.314950   3
  1  0  0.938300  0.022276 -0.004326 -0.042886   4
  1  0  0.938300  0.510922 -0.412751  0.413013   3
  1  0  0.938300 -0.386400  0.145067  0.494985   5
  1  0  0.938300  0.243672 -0.044583  0.209660   2
  1  0  0.938300 -0.052142 -0.041078  0.329246   2
  1  0  0.938300 -0.472179  0.207336  0.327653   2
  1  0  0.938300  0.283113 -0.239184  0.056146   4
  1  0  0.938300 -0.173361  0.196326  0.078197   4
  1  0  0.938300 -0.170070  0.025871  0.280304   2
  1  0  0.938300  0.156744  0.056661  0.174304   5
  1  0  0.938300 -0.168512  0.240428  0.370915   3
  1  0  0.938300 -0.185079  0.012473  0.496892   5
  1  0  0.938300  0.092677 -0.068505  0.422026   2
  1  0  0.938300  0.344753  0.068539  0.546016   5
  1  0  0.938300  0.028331 -0.064165  0.122187   2
  1  0  0.938300 -0.104305  0.119245  0.629339   2
  1  0  0.938300 -0.058235  0.302201  0.084240   4
  1  0  0.938300  0.032922  0.093287  0.215168   4
  1  0  0.938300  0.060484  0.036584  0.042141   1
  1  0  0.938300  0.182649 -0.231575  0.383321   3
  1  0  0.938300 -0.073878 -0.368501  0.134666   3
  1  0  0.938300 -0.199163 -0.087771  0.105078   2
  1  1  0.938300  0.373997 -0.058966  0.211652   5
  1  0  0.938300  0.038824 -0.145255 -0.092606   1
  1  0  0.938300 -0.159123  0.051914  0.041797   1
  1  0  0.938300 -0.231252 -0.098363  0.001430   1
  1  0  0.938300 -0.207008  0.047262  0.249687   3
  1  0  0.938300  0.198931 -0.001986  0.215287   4
  1  0  0.938300 -0.063981  0.125826  0.159071   8
  1  0  0.938300  0.080543  0.186001  0.243574   4
  1  0  0.938300  0.077187 -0.048592  0.026518   4
  1  0  0.938300  0.023683 -0.193758  0.260001   3
  1  0  0.938300  0.179137  0.175521  0.557215   4
  1  0  0.938300  0.127624 -0.102245  0.201545   2
  1  0  0.938300  0.105726 -0.047672 -0.128936   1
  1  0  0.938300  0.201777  0.101564  0.259228   5
  1  0  0.938300 -0.070836  0.249118  0.306463   4
  1  0  0.938300 -0.543422  0.281393  0.588737   6
  1  0  0.938300 -0.377202 -0.097466  0.091729   3
  1  0  0.938300  0.368259  0.060750  0.539838   3
  1  0  0.938300  0.195459 -0.142213  0.169478   4
  1  0  0.938300 -0.288043  0.171143  0.744845   4
  1  0  0.938300 -0.071004  0.331055  0.281827   3
  1  0  0.938300  0.097173  0.255356  0.410695   2
  1  0  0.938300 -0.073261  0.133259  0.164569   1
  1  0  0.938300 -0.122531  0.119451 -0.009940   1
  1  0  0.938300  0.059448 -0.212604  0.178501   6
  1  0  0.938300 -0.045765  0.357790  0.527385  10
  1  0  0.938300  0.000078 -0.188111  0.360022   3
  1  0  0.938300 -0.035628 -0.104219  0.250686   1
  1  0  0.938300  0.261245  0.240476  0.453737   3
  1  0  0.938300  0.221375  0.139235  0.126139   2
  1  0  0.938300 -0.121084  0.283700  0.364476   5
  1  0  0.938300  0.085704  0.003890  0.416302   6
  1  0  0.938300  0.112416 -0.077712  0.159942   2
  1  0  0.938300 -0.019080  0.033453 -0.100744   2
  1  0  0.938300  0.157086 -0.550446  0.138920   4
  1  0  0.938300 -0.065513 -0.061381  0.169360   2
  1  0  0.938300 -0.247934  0.186375  0.134998   3
  1  0  0.938300 -0.034377 -0.242454  0.325836   3
  1  0  0.938300 -0.025575 -0.104350 -0.115296   2
  1  0  0.938300 -0.041859  0.039358  0.613024   5
  1  0  0.938300  0.107129  0.064776  0.513374   3
  1  0  0.938300 -0.059658  0.052685  0.225594   4
  1  0  0.938300 -0.308513  0.498301  0.171434   4
  1  0  0.938300  0.125308 -0.169440  0.986299   7
  1  0  0.938300  0.325356 -0.217811  0.409555   2
  1  0  0.938300 -0.011405 -0.266836  0.045229   3
  1  0  0.938300  0.231527  0.135044  0.356194   3
  1  0  0.938300  0.207607  0.034677  0.377006   4
  1  0  0.938300  0.086707 -0.331421  0.364015   6
  1  0  0.938300  0.306851 -0.087178  0.070111   2
  1  0  0.938300 -0.187426  0.138059  0.041611   2
  1  0  0.938300  0.395677  0.175800  0.465239   3
  1  0  0.938300 -0.322200  0.196507  0.659033   2
  1  0  0.938300  0.333571 -0.154449  0.378620   4
  1  0  0.938300  0.157047 -0.134249  0.256867   3
  1  0  0.938300  0.019837 -0.042164  0.499197   4
  1  0  0.938300  0.411188 -0.014479  0.218267   2
  1  0  0.938300 -0.593694  0.217040  0.448508   3
  1  0  0.938300  0.200441 -0.020554  0.020282   1
  1  0  0.938300 -0.101233  0.017122  0.518829   6
  1  0  0.938300 -0.149179 -0.048322  0.149325   5
  1  0  0.938300  0.195122  0.358594  0.173867   2
  1  0  0.938300  0.054241 -0.214239 -0.132187   5
  1  0  0.938300 -0.224067  0.208732  0.505453   3
  1  0  0.938300 -0.070982  0.196911  0.440167   2
  1  0  0.938300  0.083374 -0.093426  0.475114   2
  1  0  0.938300  0.140760  0.081145  0.112386   5
  1  0  0.938300  0.037651 -0.043087  0.290067   4
  1  0  0.938300  0.192826  0.019827  0.088909   1
  1  0  0.938300  0.165831 -0.142406  0.115227   1
  1  0  0.938300  0.022047 -0.063099  0.191243   3
  1  0  0.938300  0.416569 -0.200929  0.051103   5
  1  0  0.938300 -0.107278  0.266771  0.357325   3
  1  0  0.938300  0.344074  0.437366  0.266508   5
  1  0  0.938300 -0.371893 -0.174026  0.265684   2
  1  0  0.938300 -0.145893 -0.063954  0.012810   1
  1  0  0.938300 -0.164053  0.210587  0.209610   3
  1  0  0.938300  0.137820  0.018063  0.370539   6
  1  0  0.938300 -0.278842  0.073101  0.230327   4
  1  0  0.938300 -0.131453 -0.067628  0.116497   6
  1  0  0.938300  0.104291  0.044670 -0.177941   4
  1  0  0.938300  0.024146  0.054336  0.375526   7
  1  0  0.938300 -0.005583 -0.167439 -0.022467   1
  1  0  0.938300  0.116100  0.130350  0.389281   4
  1  0  0.938300 -0.188797  0.260757  0.107887   4
  1  0  0.938300 -0.055087 -0.143339  0.401771   3
  1  0  0.938300 -0.172630 -0.126041  0.248633   6
  1  0  0.938300  0.200105  0.038896 -0.088305   2
  1  0  0.938300 -0.094472 -0.112617  0.180581   4
  1  0  0.938300  0.054664 -0.049948  0.160628   1
  1  0  0.938300  0.237686 -0.363021  0.169800   4
  1  0  0.938300  0.070730  0.188395  0.198482   5
  1  0  0.938300  0.035365 -0.076119  0.280753   1
  1  0  0.938300  0.245889 -0.299922  0.237703   2
  1  1  0.938300 -0.058423  0.178077  0.722904  -7
  1  1  0.938300 -0.007672 -0.094768  0.413044  -1
  1  1  0.938300 -0.005582 -0.548537  0.225331  -3
  1  1  0.938300  0.184252 -0.138714  0.520496  -3
  1  1  0.938300  0.239369  0.177470  0.069205  -4
  1  1  0.938300 -0.157231  0.020378  0.466469  -4
  1  1  0.938300 -0.449810  0.062390  0.680442  -2
  1  1  0.938300  0.176521  0.008467  0.765974  -7
  1  1  0.938300  0.000927  0.257130  0.725323  -3
  1  1  0.938300  0.231241  0.101032  0.665533  -3
  1  1  0.938300 -0.186884 -0.040438  0.402753  -2
  1  1  0.938300 -0.326896 -0.079185  0.020732  -5
  1  1  0.938300  0.076891 -0.082542  0.786033  -1
  1  1  0.938300  0.028463 -0.025577  0.684935  -1
  1  0  0.938300 -0.546050 -0.419373  0.160092  -7
  1  1  0.938300  0.044626  0.026362  0.425872  -3
  1  1  0.938300  0.055163  0.236473  0.054547  -7
  1  1  0.938300  0.126532 -0.086904  0.282967  -4
  1  1  0.938300  0.091647  0.017232  0.569517  -1
  1  1  0.938300  0.151350 -0.269091  0.203810  -2
  1  1  0.938300 -0.405992 -0.138248  0.277411  -6
  1  1  0.938300 -0.369550 -0.462383  0.492542  -4
  1  1  0.938300 -0.015885  0.004529 -0.128319  -4
  1  1  0.938300  0.173473  0.109375  0.779006  -3
  1  1  0.938300  0.125014  0.098421  0.919260  -1
  1  1  0.938300 -0.002406 -0.053428  0.423899  -9
  1  1  0.938300 -0.124238 -0.102125  0.405202  -6
  1  1  0.938300  0.098079  0.119355  0.314158  -6
  1  1  0.938300 -0.230959  0.451442  0.404684  -2
  1  1  0.938300  0.113414  0.063509  0.284861  -3
  1  1  0.938300  0.193396 -0.138941  0.019987  -3
  1  1  0.938300 -0.075199  0.264603  0.707677  -4
  1  1  0.938300 -0.192796  0.158499  0.576808  -1
  1  1  0.938300  0.226011 -0.306464  0.576932  -2
  1  1  0.938300 -0.095291 -0.088871  0.264060  -6
  1  1  0.938300 -0.171405 -0.143769  0.578311  -9
  1  1  0.938300  0.079103 -0.182099  0.714495  -1
  1  1  0.938300 -0.038344 -0.106669  0.626503  -3
  1  1  0.938300 -0.251961  0.467869  0.288668  -4
  1  1  0.938300  0.334162 -0.040312  0.043474  -5
  1  1  0.938300  0.077160  0.133692  0.417584  -1
  1  1  0.938300  0.009756 -0.110994  0.202701  -3
  1  1  0.938300 -0.138305 -0.091378  0.525496  -4
  1  1  0.938300  0.146856 -0.227419  0.423225  -3
  1  1  0.938300  0.276681 -0.567422  0.226201  -4
  1  1  0.938300  0.145224  0.142060  0.217139  -2
  1  1  0.938300 -0.151462 -0.280010  0.821439  -5
  1  1  0.938300  0.009525  0.153471  0.536012  -4
  1  1  0.938300  0.190606 -0.040958  0.693042  -1
  1  1  0.938300 -0.083846  0.025938  0.806374  -1
  1  1  0.938300  0.315831  0.215982  0.573054  -4
  1  1  0.938300  0.032522 -0.241727  0.626935  -2
  1  1  0.938300 -0.298777 -0.098740  0.367405  -7
  1  1  0.938300  0.000326  0.057394  0.355563  -3
  1  1  0.938300  0.041306 -0.093958  0.205805  -3
  1  1  0.938300  0.426870 -0.001194  0.638753  -2
  1  1  0.938300  0.233116 -0.391532  0.303148  -3
  1  1  0.938300  0.159577  0.484927  0.237053  -4
  1  1  0.938300 -0.086883  0.015532  0.753927  -1
  1  1  0.938300 -0.250105 -0.018089  0.637243  -2
  1  1  0.938300 -0.052951 -0.071006  0.863910  -8
  1  1  0.938300 -0.183231 -0.207174  0.399388  -5
  1  1  0.938300  0.054846 -0.029357  0.483818  -4
  1  1  0.938300 -0.355608  0.144220  0.305104  -2
  1  1  0.938300  0.310451  0.113568  0.793930  -2
  1  1  0.938300  0.031471  0.110129  0.279343  -4
  1  1  0.938300  0.182479 -0.232917  0.383713  -5
  1  1  0.938300  0.096259  0.066837  0.292294  -6
  1  1  0.938300 -0.068527 -0.020631  0.706938  -1
  1  1  0.938300  0.039756 -0.150994  0.427694  -4
  1  1  0.938300  0.129556 -0.118650  0.438149  -6
  1  1  0.938300 -0.052979  0.110761  0.395127  -1
  1  1  0.938300 -0.103918  0.126522  0.757629  -4
  1  1  0.938300  0.126313 -0.391027  0.839900  -2
  1  1  0.938300  0.022375 -0.070256  0.094678  -6
  1  1  0.938300  0.012667 -0.027987  0.213008  -5
  1  1  0.938300  0.307768 -0.014745  0.368183  -3
  1  1  0.938300  0.078581 -0.040660  0.851085  -1
  1  1  0.938300 -0.184358 -0.101284  0.396601  -3
  1  0  0.938300  0.175924  0.075229  0.516859  -1
  1  0  0.938300  0.192506  0.016488  0.502048  -1
  1  0  0.938300 -0.006939 -0.256325  0.430935  -4
  1  0  0.938300 -0.126543  0.182845  0.330385  -2
  1  0  0.938300  0.272217 -0.268394  0.157005  -4
  1  0  0.938300 -0.082100  0.288457  0.112965  -2
  1  0  0.938300 -0.091016  0.360739  0.670345  -5
  1  0  0.938300  0.125283 -0.299793  0.748739  -2
  1  0  0.938300  0.179119  0.032600  0.481704  -2
  1  0  0.938300  0.107222 -0.076591  0.712204  -1
  1  0  0.938300 -0.447685 -0.194368  0.213983  -3
  1  0  0.938300  0.217677  0.016342  0.400864  -3
  1  0  0.938300  0.195350 -0.041941  0.607053  -2
  1  0  0.938300 -0.056597 -0.007424  0.221947  -2
  1  0  0.938300 -0.095225 -0.462590  0.376238  -2
  1  0  0.938300 -0.318879  0.311798  0.169162  -4
  1  0  0.938300 -0.000667  0.007804  0.365751  -4
  1  0  0.938300 -0.154058  0.174017  0.526597  -6
  1  0  0.938300 -0.300769 -0.173680  0.124737  -3
  1  0  0.938300 -0.646583  0.084576  0.759021  -2
  1  0  0.938300 -0.018340 -0.392764  0.269150  -3
  1  0  0.938300  0.497104  0.023638  0.834704  -2
  1  0  0.938300 -0.046457 -0.214122  0.630033  -5
  1  0  0.938300 -0.594366 -0.236482  0.254255  -4
  1  0  0.938300  0.024221 -0.154673  0.501318  -3
  1  0  0.938300  0.081567 -0.017106  0.307343  -5
  1  0  0.938300 -0.073654 -0.108898  0.818566  -1
  1  0  0.938300  0.327009  0.050270  0.576852  -6
  1  0  0.938300  0.311550  0.196094  0.219322  -3
  1  0  0.938300  0.085994  0.103049  0.709560  -1
  1  0  0.938300 -0.129196 -0.058664  0.613601  -7
  1  0  0.938300 -0.085280  0.087571  0.564071  -2
  1  0  0.938300  0.061694  0.103780  0.507935  -3
  1  0  0.938300  0.372528  0.041580  0.473529  -3
  1  0  0.938300 -0.177106 -0.218241  0.388336  -3
  1  0  0.938300  0.116440 -0.113849  0.790308  -1
  1  0  0.938300 -0.021649  0.274401  0.567341  -4
  1  0  0.938300  0.171334  0.002395  0.153937  -5
  1  0  0.938300 -0.034290 -0.094885  0.581781  -1
  1  0  0.938300  0.024210  0.006262  0.026399  -5
  1  0  0.938300  0.105509  0.111016  0.402973  -4
  1  0  0.938300 -0.314741 -0.164627  0.072220  -2
  1  0  0.938300  0.069602  0.113315  0.379453  -6
  1  0  0.938300  0.229445 -0.114641  0.356961  -2
  1  0  0.938300  0.111673  0.089513  0.690153  -1
  1  0  0.938300 -0.083852 -0.022462  0.730845  -1
  1  0  0.938300 -0.186958  0.276869  0.814883  -4
  1  0  0.938300 -0.304154 -0.102010  0.204201  -2
  1  0  0.938300 -0.632896  0.094854  0.508686  -4
  1  0  0.938300  0.183622 -0.158464  0.436487  -3
  1  0  0.938300 -0.049861  0.122586  0.160418  -3
  1  0  0.938300 -0.168032 -0.069313  0.225284  -8
  1  0  0.938300 -0.198834  0.121742  0.656737  -2
  1  0  0.938300 -0.096749  0.100706  0.335853  -5
  1  0  0.938300  0.013059  0.233780 -0.016131  -4
  1  0  0.938300 -0.080725  0.163107  0.558704  -5
  1  0  0.938300  0.031511 -0.026219  0.598046  -2
  1  0  0.938300 -0.278607  0.004954  0.454997  -4
  1  0  0.938300 -0.144302  0.383701  0.706548  -2
  1  0  0.938300 -0.434777 -0.139903  0.366249  -4
  1  0  0.938300  0.127122 -0.040203  0.474629  -4
  1  0  0.938300  0.024619 -0.057247  0.826365  -1
  1  0  0.938300  0.127703  0.274993  0.720404  -7
  1  0  0.938300 -0.144176 -0.264650  0.386259  -4
  1  0  0.938300  0.319081  0.025268  0.256346  -3
  1  0  0.938300  0.117081  0.102977  0.343451  -2
  1  0  0.938300  0.301398 -0.256193  0.824134  -3
  1  0  0.938300  0.134993  0.228719  0.467383  -2
  1  0  0.938300 -0.135693  0.237693  0.452039  -2
  1  0  0.938300  0.175176  0.291326  0.323494  -6
  1  0  0.938300  0.077363 -0.228268  0.794005  -2
  1  0  0.938300  0.195112  0.327299  0.415607  -5
  1  0  0.938300  0.006211 -0.096290  0.264782  -2
  1  0  0.938300 -0.114999  0.193437  0.630918  -2
  1  0  0.938300 -0.089398 -0.041842  0.685983  -1
  1  0  0.938300 -0.141889 -0.124785  0.174268  -5
  1  0  0.938300  0.287257  0.065906  0.421774  -4
  1  0  0.938300 -0.064851  0.154092  0.171818  -3
  1  0  0.938300  0.163115 -0.284357  0.252866  -3
  1  0  0.938300  0.110973  0.175973  0.724847  -1
  1  0  0.938300  0.151687 -0.128345  0.248663  -5
  1  0  0.938300 -0.157736 -0.023294  0.272146  -4
  1  0  0.938300  0.007008  0.101968  0.558290  -2
  1  0  0.938300 -0.108908 -0.072432  0.826987  -3
  1  0  0.938300 -0.072008 -0.206321  0.711349  -1
  1  0  0.938300  0.073067 -0.482074  0.554518  -2
  1  0  0.938300  0.456647  0.059936  0.414510  -8
  1  0  0.938300 -0.192622 -0.084574  0.354776  -3
  1  0  0.938300 -0.041078  0.422823  0.532583  -6
  1  0  0.938300 -0.418447 -0.149258  0.573978  -5
  1  0  0.938300  0.048070 -0.119085  0.316111  -4
  1  0  0.938300  0.127871  0.108072  0.681472  -3
  1  0  0.938300  0.115095  0.352240  0.614901  -2
  1  0  0.938300 -0.222327  0.021349  0.693563  -5
  1  0  0.938300 -0.050124 -0.162728  0.611141  -2
  1  0  0.938300 -0.028369  0.187547  0.296822  -5
  1  0  0.938300 -0.323263  0.067307  0.129337  -5
  1  0  0.938300  0.273326  0.109604  0.189999  -5
  1  0  0.938300  0.048368  0.274547  0.513730  -5
  1  0  0.938300  0.179243  0.128991  0.062391  -4
  1  0  0.938300  0.039037 -0.146225  0.752208  -1
  1  0  0.938300 -0.092225  0.452153  0.527496  -6
  1  0  0.938300 -0.139204 -0.132043  0.472341  -2
  1  0  0.938300 -0.112633 -0.410533  0.328933  -2
  1  0  0.938300  0.288725  0.036408  0.535216  -5
  1  0  0.938300 -0.013159 -0.027285  0.646886  -5
  1  0  0.938300 -0.013365 -0.046969  0.682206  -1
  1  0  0.938300  0.119288 -0.019581  0.574157  -1
  1  0  0.938300 -0.261948  0.001776  0.256078  -6
  1  0  0.938300 -0.011742 -0.083507  0.605199  -2
  1  0  0.938300  0.160017 -0.160059  0.405571  -5
  1  0  0.938300 -0.111532  0.211866  0.275195  -6
  1  0  0.938300 -0.215193 -0.364640  0.510148  -3
  1  0  0.938300  0.372538 -0.413754  0.241010  -3
  1  0  0.938300  0.143105 -0.311017  0.583329  -3
  1  0  0.938300 -0.064348 -0.064402  0.679549  -1
  1  0  0.938300 -0.202195 -0.107275  0.458580  -3
  1  0  0.938300 -0.142347  0.017028  0.448296  -3