  1  1  0.938300 -0.133783 -0.048768  0.142920   1
  1  1  0.938300 -0.094003 -0.050375  0.046053   6
  1  1  0.938300  0.066973 -0.545037  0.349621   3
  1  1  0.938300  0.286308 -0.184570  0.350167   5
  1  1  0.938300  0.253857  0.140170  0.249555   3
  1  1  0.938300  0.295099  0.048994  0.460193   3
  1  1  0.938300 -0.206632 -0.012138  0.037497   1
  1  1  0.938300 -0.005165 -0.219674  0.494858   6
  1  1  0.938300  0.014585  0.089938  0.428300  10
  1  1  0.938300 -0.265324 -0.031062  0.704078   7
  1  1  0.938300 -0.267363  0.132110  0.523209   3
  1  1  0.938300 -0.027343  0.075797  0.505308   5
  1  1  0.938300  0.134590 -0.435017  0.090606   5
  1  1  0.938300  0.203218 -0.069804  0.157625   2
  1  1  0.938300  0.075270 -0.174202  0.242506   2
  1  1  0.938300 -0.192848  0.261340  0.177893   2
  1  1  0.938300 -0.184908  0.206769  0.272092   4
  1  1  0.938300 -0.291145  0.323501  0.221306   3
  1  1  0.938300  0.125015 -0.107611  0.219209   4
  1  1  0.938300  0.289262 -0.108561  0.478472   2
  1  1  0.938300 -0.012002  0.004210  0.102560   1
  1  1  0.938300  0.013345  0.223300  0.290049   5
  1  0  0.938300  0.004307  0.163148  0.209755   9
  1  1  0.938300 -0.547290  0.110704  0.553444   5
  1  1  0.938300 -0.044370  0.219321 -0.079017   2
  1  1  0.938300 -0.324088  0.202602  0.012786   4
  1  1  0.938300  0.154306 -0.088718 -0.110169   5
  1  1  0.938300 -0.054270 -0.263887  0.160138   4
  1  1  0.938300  0.240992 -0.106577  0.343698   4
  1  1  0.938300 -0.131627  0.173110  0.236661   4
  1  1  0.938300 -0.257660  0.102157  0.419864   2
  1  1  0.938300 -0.087634  0.181093  0.080824   3
  1  1  0.938300 -0.207584  0.081651 -0.065733   2
  1  1  0.938300  0.150748  0.301260 -0.162141   1
  1  1  0.938300  0.231269  0.147261  0.468149   5
  1  1  0.938300 -0.170053  0.180913  0.230941   3
  1  1  0.938300 -0.069437 -0.397486  0.235898   4
  1  1  0.938300 -0.166297 -0.511796  0.195396   2
  1  1  0.938300  0.104108 -0.130082 -0.150822   5
  1  1  0.938300 -0.167526  0.172913  0.074674   3
  1  1  0.938300  0.500087 -0.362907 -0.052393   2
  1  1  0.938300  0.023951  0.023010  0.057354   1
  1  1  0.938300 -0.163180 -0.238807  0.159313   2
  1  1  0.938300 -0.007191 -0.045959  0.006547   1
  1  1  0.938300  0.425983  0.240860  0.315430   5
  1  1  0.938300  0.058736  0.075721 -0.037858   1
  1  1  0.938300  0.021603 -0.164622  0.097735   7
  1  1  0.938300 -0.510910 -0.102452 -0.042627   3
  1  1  0.938300 -0.280598  0.067634  0.576034   4
  1  1  0.938300 -0.015859 -0.052550  0.071673   1
  1  1  0.938300  0.083671 -0.186942  0.398867   2
  1  1  0.938300 -0.071809  0.280796  0.428420   4
  1  1  0.938300 -0.108873  0.117147  0.074895   1
  1  1  0.938300 -0.067991 -0.017683 -0.038831   1
  1  1  0.938300  0.077940  0.130521  0.310810   2
  1  1  0.938300 -0.361373 -0.069732  0.378008   3
  1  1  0.938300  0.124161  0.043567  0.393384   3
  1  1  0.938300  0.116728 -0.210227  0.256209   4
  1  1  0.938300  0.171680 -0.024336  0.559139   5
  1  1  0.938300 -0.321564 -0.057885  0.359659   5
  1  1  0.938300 -0.009510  0.225932  0.068020   1
  1  1  0.938300 -0.374974  0.519064  0.311994   4
  1  1  0.938300  0.323233 -0.037701  0.584629   3
  1  1  0.938300 -0.200425 -0.191388  0.323984   2
  1  1  0.938300 -0.057765  0.239649  0.237314   2
  1  1  0.938300  0.080001  0.340910  0.386409   2
  1  1  0.938300 -0.297397  0.012803  0.248385   3
  1  1  0.938300 -0.104974 -0.152423 -0.086247   1
  1  1  0.938300 -0.122099  0.008907  0.168855   5
  1  1  0.938300 -0.151554  0.235030  0.432442   5
  1  1  0.938300  0.112842 -0.164811  0.187348   5
  1  1  0.938300  0.089932 -0.349571  0.240678   2
  1  1  0.938300  0.025475  0.012225  0.116585   1
  1  1  0.938300  0.004294  0.150702  0.517142   3
  1  1  0.938300  0.217067  0.186299  0.528805   4
  1  1  0.938300  0.086511  0.284407  0.461170   4
  1  1  0.938300  0.135056 -0.024833  0.389827   8
  1  1  0.938300 -0.146697  0.180048  0.296234   3
  1  1  0.938300 -0.004470 -0.258506  0.748430   9
  1  0  0.938300 -0.014777  0.353612  0.464025   4
  1  0  0.938300  0.037277  0.404833  0.181214   4
  1  0  0.938300 -0.143417 -0.069817  0.115693   2
  1  0  0.938300 -0.079033 -0.191649  0.390220   2
  1  0  0.938300 -0.070052 -0.334189 -0.011480   7
  1  0  0.938300 -0.165548  0.006679  0.139967   1
  1  0  0.938300  0.069469 -0.052856  0.347226   1
  1  0  0.938300 -0.180351 -0.102911 -0.012322   1
  1  0  0.938300 -0.048050 -0.328525  0.211000   3
  1  0  0.938300  0.032844  0.075234  0.076966   2
  1  0  0.938300 -0.150501  0.002111  0.156474   5
  1  0  0.938300  0.104937 -0.044944  0.551922   5
  1  0  0.938300 -0.210143 -0.117358  0.429822   4
  1  0  0.938300 -0.133265  0.095724  0.274440   3
  1  0  0.938300 -0.055688 -0.072696  0.116127   2
  1  0  0.938300  0.280957  0.609315  0.092439   4
  1  0  0.938300 -0.044352  0.393225  0.073194   2
  1  0  0.938300 -0.210013 -0.082342 -0.025215   4
  1  0  0.938300 -0.435011  0.366281  0.370992   3
  1  0  0.938300  0.044024  0.108016  0.131047   1
  1  0  0.938300 -0.311669  0.054449  0.289747   5
  1  0  0.938300 -0.233949  0.067920  0.130848   3
  1  0  0.938300 -0.107338  0.012321  0.710480   4
  1  0  0.938300  0.012536  0.150445  0.455166   2
  1  0  0.938300  0.079248  0.008743  0.117949   2
  1  0  0.938300  0.130618 -0.057272  0.121774   1
  1  0  0.938300 -0.007035  0.054881 -0.062779   1
  1  0  0.938300  0.141758 -0.315291  0.260431   5
  1  0  0.938300  0.204367  0.105894  0.474254   2
  1  0  0.938300  0.362809 -0.010813  0.512371   2
  1  0  0.938300  0.141738  0.089938  0.275335   2
  1  0  0.938300  0.248446  0.304951  0.233508   5
  1  0  0.938300  0.171212  0.251915  0.073586   5
  1  0  0.938300  0.110955 -0.472831  0.393288   3
  1  0  0.938300  0.238914  0.347189  0.309126   2
  1  0  0.938300  0.045954  0.076491  0.151926   1
  1  0  0.938300  0.253651  0.053724  0.210021   5
  1  0  0.938300 -0.084013 -0.149942  0.375968   4
  1  0  0.938300  0.477213 -0.452028  0.492285   5
  1  0  0.938300 -0.080411 -0.029824  0.180931   1
  1  1  0.938300  0.557368 -0.305278  0.902209   3
  1  0  0.938300 -0.045157  0.255881  0.008060   1
  1  0  0.938300  0.052551 -0.339382  0.372032   4
  1  0  0.938300 -0.104553 -0.171416  0.126057   2
  1  0  0.938300  0.060825 -0.047759 -0.031599   4
  1  0  0.938300 -0.104187 -0.058651  0.255473   3
  1  0  0.938300 -0.021165 -0.060660  0.087971   2
  1  0  0.938300 -0.057115  0.073338  0.280567   8
  1  0  0.938300 -0.039713 -0.074904  0.381540   5
  1  0  0.938300  0.111323 -0.225849  0.044514   4
  1  0  0.938300  0.004062 -0.057141  0.116404   5
  1  0  0.938300 -0.060823  0.002538  0.039324   1
  1  0  0.938300 -0.196224  0.047864  0.516020   3
  1  0  0.938300 -0.051640 -0.363646  0.396028   5
  1  0  0.938300  0.018446 -0.187455 -0.070063   2
  1  0  0.938300 -0.139761 -0.186825 -0.013028   2
  1  0  0.938300 -0.186057  0.039306  0.980270   3
  1  0  0.938300 -0.016093  0.117097 -0.099782   1
  1  0  0.938300 -0.140490 -0.113420  0.232923   3
  1  0  0.938300 -0.337789 -0.205773  0.475337   3
  1  0  0.938300 -0.265643 -0.030760  0.240041   3
  1  0  0.938300 -0.062954 -0.014468  0.129198   1
  1  0  0.938300 -0.003610 -0.131940  0.490618   7
  1  0  0.938300 -0.019667  0.469308  0.400354   3
  1  0  0.938300 -0.202813 -0.005838 -0.009511   1
  1  0  0.938300  0.024980  0.005440  0.567387   4
  1  0  0.938300  0.042569 -0.138028  0.145848   2
  1  0  0.938300  0.226260  0.043983  0.057176   2
  1  0  0.938300  0.021609 -0.357677 -0.034836   2
  1  0  0.938300 -0.279735 -0.054905  1.066593   4
  1  0  0.938300 -0.113535 -0.129897 -0.066095   1
  1  0  0.938300  0.041774 -0.033145  0.205763   4
  1  0  0.938300 -0.037744 -0.288711  0.727976   4
  1  0  0.938300  0.036344 -0.146699  0.245686   3
  1  0  0.938300 -0.286714 -0.119556  0.310588   6
  1  0  0.938300 -0.170407 -0.137894  0.425717   5
  1  0  0.938300 -0.049060  0.430833  0.283956   4
  1  0  0.938300  0.294798  0.488745  0.715286  13
  1  0  0.938300 -0.131196 -0.216088  0.543850   3
  1  0  0.938300  0.186552 -0.180686  0.072737   3
  1  0  0.938300 -0.080397  0.090141  0.578950   8
  1  0  0.938300 -0.055594  0.038059  0.227120   4
  1  0  0.938300  0.005835 -0.019735  0.692422   2
  1  0  0.938300  0.253139 -0.121374  0.450619   3
  1  0  0.938300 -0.017504  0.099564  0.446028   6
  1  0  0.938300 -0.054424  0.253482  0.452695   4
  1  0  0.938300 -0.124900 -0.073611  0.642064   3
  1  0  0.938300  0.032217  0.059484 -0.082642   5
  1  0  0.938300  0.091518 -0.093459  0.370315   6
  1  0  0.938300 -0.202553 -0.011567 -0.158076   3
  1  0  0.938300 -0.319084 -0.054067  0.437433   3
  1  0  0.938300 -0.117227  0.239196  0.366944   6
  1  0  0.938300 -0.007997  0.143292  0.327417   3
  1  0  0.938300 -0.180292 -0.038141  0.268811   3
  1  0  0.938300 -0.003917  0.179254  0.276030   7
  1  0  0.938300  0.124613  0.129842  0.280914   3
  1  0  0.938300 -0.091087 -0.050536 -0.150710   2
  1  0  0.938300 -0.222759 -0.429398  0.297592   3
  1  0  0.938300 -0.243057 -0.142358  0.460982   2
  1  0  0.938300 -0.126805 -0.045701  0.222787   3
  1  0  0.938300  0.114195  0.008629  0.488649   6
  1  0  0.938300  0.184416 -0.090404  0.095249   1
  1  0  0.938300 -0.105746  0.118247  0.625794   2
  1  0  0.938300 -0.423917  0.087268  0.600912   2
  1  0  0.938300  0.399858 -0.077554  0.326123   5
  1  0  0.938300  0.016974 -0.090851  0.146303   8
  1  0  0.938300  0.062906 -0.048238  0.214888   8
  1  0  0.938300  0.364829 -0.356761  0.276619   3
  1  0  0.938300  0.454117  0.013026  0.586789   2
  1  0  0.938300  0.347401 -0.069155  0.839147   3
  1  0  0.938300  0.165991 -0.132460  0.582799   7
  1  0  0.938300  0.128937 -0.161193  0.240706   4
  1  0  0.938300  0.051724  0.098429 -0.156569   2
  1  0  0.938300 -0.065514  0.116863  0.056755   7
  1  0  0.938300 -0.153746 -0.137474  0.109793  11
  1  0  0.938300 -0.382342  0.359896  0.413018   3
  1  0  0.938300  0.155834  0.064883  0.503735   4
  1  0  0.938300  0.144437 -0.126018  0.436707   3
  1  1  0.938300  0.058353 -0.149769  0.561072  -2
  1  1  0.938300  0.120032 -0.016998  0.140833  -4
  1  1  0.938300 -0.136699 -0.500829  0.242840  -2
  1  1  0.938300 -0.040634  0.293313  0.782020  -2
  1  1  0.938300 -0.043884  0.257077  0.501986  -3
  1  1  0.938300  0.014411  0.077456  0.625995  -1
  1  1  0.938300 -0.389473  0.486940  0.390635  -4
  1  1  0.938300  0.012841 -0.100854  0.139308  -4
  1  1  0.938300 -0.042917 -0.057420  0.363405  -4
  1  1  0.938300  0.137781 -0.544959  0.414418  -4
  1  1  0.938300  0.118309 -0.155445  0.775376  -1
  1  1  0.938300  0.177535  0.012624  0.558525  -2
  1  1  0.938300 -0.046697  0.101276  0.523220  -3
  1  1  0.938300 -0.123612  0.070381  0.644956  -1
  1  1  0.938300 -0.319833 -0.165678  0.259047  -2
  1  1  0.938300 -0.024579  0.036605  0.812907  -1
  1  1  0.938300 -0.096165  0.210391  0.809049  -3
  1  1  0.938300 -0.168156  0.058769  0.657689  -2
  1  1  0.938300 -0.015626  0.103997  0.576989  -1
  1  1  0.938300 -0.514660 -0.446522  0.161960  -5
  1  1  0.938300 -0.001397  0.167221  0.595005  -3
  1  1  0.938300 -0.139913  0.199882  0.502854  -5
  1  1  0.938300 -0.085152  0.066550  0.146350  -3
  1  1  0.938300  0.086001  0.132497  0.728038  -2
  1  1  0.938300 -0.005217  0.243033  0.261390  -5
  1  1  0.938300  0.110302  0.033407  0.796899  -3
  1  1  0.938300  0.282868  0.398666  0.210308  -2
  1  1  0.938300  0.084134 -0.190381  0.219537  -2
  1  1  0.938300 -0.004953  0.139328  0.577882  -4
  1  1  0.938300  0.108239  0.245320  0.503829  -2
  1  0  0.938300  0.198225 -0.511506  0.048219  -3
  1  1  0.938300 -0.200296  0.262610  0.379784  -2
  1  1  0.938300 -0.004238 -0.029242  0.740113  -1
  1  1  0.938300  0.388563  0.361263  0.619524  -9
  1  1  0.938300  0.235750  0.097834  0.610832  -2
  1  1  0.938300  0.281343 -0.083261  0.345215  -2
  1  1  0.938300  0.030078  0.168749  0.206000  -4
  1  1  0.938300  0.302421 -0.035786  0.329865  -5
  1  1  0.938300  0.036805 -0.089262  0.661473  -1
  1  1  0.938300 -0.465016 -0.216155  0.682521  -3
  1  1  0.938300 -0.110377  0.219752  0.546131  -8
  1  1  0.938300 -0.170003 -0.203147 -0.043974  -2
  1  1  0.938300 -0.062168  0.032889  0.375976  -7
  1  1  0.938300 -0.009775  0.081642  0.430226  -1
  1  1  0.938300 -0.436019  0.034313  0.822358  -4
  1  1  0.938300 -0.284161 -0.096351  0.378544  -3
  1  1  0.938300  0.184122 -0.067937  0.439111 -10
  1  1  0.938300  0.113379 -0.002029  0.619905  -3
  1  1  0.938300  0.157583  0.192770  0.443926  -3
  1  1  0.938300 -0.298331 -0.138854  0.866711  -3
  1  1  0.938300 -0.021889 -0.104689 -0.008032  -2
  1  1  0.938300 -0.185768 -0.524294  0.102121  -5
  1  1  0.938300 -0.501428 -0.113095  0.791705  -5
  1  0  0.938300  0.076047  0.054248  0.313634  -3
  1  1  0.938300  0.229834  0.032331  0.256515  -4
  1  1  0.938300  0.001293 -0.067430  0.355835  -2
  1  1  0.938300 -0.044120  0.267197  0.741277  -3
  1  1  0.938300 -0.009514  0.135692  0.675755  -2
  1  1  0.938300  0.036950 -0.010719  0.483476  -2
  1  1  0.938300  0.310680  0.411115  0.129983  -2
  1  1  0.938300  0.177508  0.054857  0.772579  -2
  1  1  0.938300  0.186584  0.059133  0.225554  -2
  1  1  0.938300  0.251278  0.139227  0.679382  -3
  1  1  0.938300  0.429330 -0.167935  0.455216  -4
  1  1  0.938300 -0.042644  0.343133  0.450049  -3
  1  1  0.938300 -0.356262  0.039060  0.015467  -2
  1  1  0.938300  0.197290  0.042484  0.643214  -4
  1  1  0.938300 -0.122271  0.289021  0.374203  -2
  1  1  0.938300 -0.093338  0.035480  0.435263  -1
  1  1  0.938300 -0.319433 -0.096796  0.468563  -3
  1  1  0.938300  0.112587  0.003514  0.572710  -2
  1  1  0.938300 -0.011112 -0.211734  0.783156  -5
  1  1  0.938300 -0.401086 -0.115739  0.927000  -8
  1  1  0.938300  0.140204  0.083339  0.579558  -6
  1  1  0.938300  0.139306 -0.267352  0.556418  -2
  1  1  0.938300  0.125818  0.025589  0.021944  -5
  1  1  0.938300 -0.062881  0.031496  0.375372  -3
  1  1  0.938300  0.080427  0.215505  0.480898  -3
  1  1  0.938300 -0.181588 -0.014018  0.452135  -2
  1  0  0.938300 -0.019461  0.020753  0.677144  -3
  1  0  0.938300 -0.046421 -0.130676  0.359658  -4
  1  0  0.938300 -0.117399  0.127625  0.153312  -5
  1  0  0.938300 -0.259766  0.169170  0.286028  -4
  1  0  0.938300  0.033679  0.092399  0.308166  -5
  1  0  0.938300  0.092418 -0.185877  0.571319  -6
  1  0  0.938300  0.339030 -0.168092  0.596726  -2
  1  0  0.938300 -0.161412 -0.025205  0.806775  -1
  1  0  0.938300 -0.191483 -0.108442  0.638068  -2
  1  1  0.938300  0.263692  0.033029  0.322755  -2
  1  0  0.938300  0.211840  0.057129  0.116498  -4
  1  0  0.938300  0.215752  0.180045  0.650723  -3
  1  0  0.938300 -0.103675  0.006434  0.373211  -2
  1  0  0.938300  0.068649 -0.119678  0.721639  -4
  1  0  0.938300  0.235363  0.092270  0.380844  -6
  1  0  0.938300  0.183970 -0.338129  0.381031  -7
  1  0  0.938300  0.012344 -0.103016  0.272686  -7
  1  0  0.938300 -0.117869 -0.268199  0.179949  -6
  1  0  0.938300  0.516013  0.187765 -0.054596  -9
  1  0  0.938300 -0.039575  0.076687  0.337156  -7
  1  0  0.938300 -0.230674  0.062806  0.508249  -8
  1  0  0.938300 -0.416909  0.053663  0.475579  -5
  1  0  0.938300  0.201607  0.254199  0.263514  -3
  1  0  0.938300  0.021714 -0.171210  0.400935  -2
  1  0  0.938300  0.157607  0.180693  0.126555  -8
  1  0  0.938300 -0.054859  0.447059  0.434421  -5
  1  0  0.938300  0.108610  0.249364  0.301059  -3
  1  0  0.938300  0.088217  0.259301  0.603499  -4
  1  0  0.938300 -0.065646 -0.023490  0.447831  -3
  1  0  0.938300 -0.222704 -0.043237  0.151985  -4
  1  0  0.938300  0.021307 -0.063354  0.701380  -2
  1  0  0.938300 -0.223554  0.210381  0.263511  -7
  1  0  0.938300 -0.079222 -0.210706  0.717950  -2
  1  0  0.938300  0.233022 -0.086092  0.596626  -5
  1  0  0.938300 -0.124060  0.061376  0.209798  -6
  1  0  0.938300  0.163707  0.240746  0.149326  -2
  1  0  0.938300 -0.059099  0.078205  0.490865  -3
  1  0  0.938300  0.141156 -0.080463  0.391101  -6
  1  0  0.938300  0.262417 -0.040299  0.759106  -5
  1  0  0.938300  0.335924  0.233073  0.809526  -5
  1  0  0.938300  0.279602 -0.329848  0.667424  -4
  1  0  0.938300  0.096344 -0.207072  0.013170  -8
  1  0  0.938300 -0.069537  0.031777  0.688599  -5
  1  0  0.938300  0.135834 -0.060526  0.507118  -1
  1  0  0.938300 -0.030162 -0.089024  0.555940  -5
  1  0  0.938300  0.090512  0.181174  0.365218  -2
  1  0  0.938300  0.065961 -0.241581  0.269718  -2
  1  0  0.938300 -0.081757 -0.054109  0.295378  -3
  1  0  0.938300 -0.201389  0.250896  0.363623  -7
  1  0  0.938300 -0.115343 -0.066563  0.354555  -4
  1  0  0.938300  0.070474 -0.095040  0.142941  -5
  1  0  0.938300  0.213268 -0.142938  0.031657  -3
  1  0  0.938300 -0.080955  0.194712  0.103599  -3
  1  0  0.938300  0.170383 -0.180033  0.411320  -5
  1  0  0.938300 -0.097859 -0.100770  0.855642  -1
  1  0  0.938300  0.174618  0.111872  0.435400  -8
  1  0  0.938300 -0.000924  0.206232  0.326453  -3
  1  0  0.938300  0.027991  0.098729  0.453085  -5
  1  0  0.938300 -0.245595  0.121321  0.198616  -2
  1  0  0.938300 -0.194440 -0.174890  0.443812  -5
  1  0  0.938300  0.054744 -0.124941  0.693486  -4
  1  0  0.938300 -0.326874 -0.015635  0.287797  -6
  1  0  0.938300 -0.622117 -0.040807  0.302317  -6
  1  0  0.938300 -0.158145 -0.100199  0.619344  -4
  1  0  0.938300 -0.135451 -0.481909  0.338755  -6
  1  0  0.938300  0.159139  0.399103  0.368434  -4
  1  0  0.938300  0.179290  0.190410  0.399422  -6
  1  0  0.938300 -0.036056 -0.078818  0.233184  -2
  1  0  0.938300 -0.224119  0.033629  0.591858  -2
  1  0  0.938300  0.188664 -0.158434  0.483802  -1
  1  0  0.938300 -0.457026 -0.186448  0.474104  -8
  1  0  0.938300  0.716946  0.111164  0.332875  -3
  1  0  0.938300  0.274980  0.277805  0.519359  -4
  1  0  0.938300  0.368927  0.132296  0.152557  -4
  1  0  0.938300 -0.007958  0.143606  0.684597  -6
  1  0  0.938300  0.086859 -0.027855  0.590911  -1
  1  0  0.938300 -0.014336  0.007440  0.639079  -1
  1  0  0.938300  0.041308  0.064442  0.648073  -1
  1  0  0.938300  0.299020  0.109957  0.494607  -4
  1  0  0.938300 -0.046014  0.230310  0.548138  -2
  1  0  0.938300  0.025927  0.042861  0.682503  -3
  1  0  0.938300  0.327228 -0.027120  0.710325  -3
  1  0  0.938300 -0.321853  0.393624  0.827164  -2
  1  0  0.938300 -0.182415 -0.097594  0.627704  -2
  1  0  0.938300 -0.292120  0.144113  0.238696  -4
  1  0  0.938300  0.253058  0.075730  0.348155 -10
  1  0  0.938300 -0.223257 -0.050098  0.826891  -2
  1  0  0.938300  0.006798 -0.204324  0.216548  -4
  1  0  0.938300 -0.042218 -0.397977  0.806068  -4
  1  0  0.938300 -0.257286  0.123180  0.448806  -2
  1  0  0.938300  0.313603  0.026687  0.512962  -3
  1  0  0.938300  0.368316  0.005343  0.318378  -2
  1  0  0.938300 -0.026288 -0.190736  0.750547  -1
  1  0  0.938300  0.170188  0.096148  0.686950  -3
  1  0  0.938300  0.012338 -0.022965  0.546423  -2
  1  0  0.938300 -0.192503 -0.063481  0.285943  -5
  1  0  0.938300  0.132017  0.239105  0.739188  -5
  1  0  0.938300  0.129498 -0.182195  0.505828  -3
  1  0  0.938300 -0.187739  0.242409  0.578214  -4
  1  0  0.938300 -0.280814 -0.040424  0.584392  -3
  1  0  0.938300 -0.181441  0.053637  0.099173  -5
  1  0  0.938300 -0.228801  0.026367  0.338782  -4
  1  0  0.938300 -0.006809  0.076119  0.272512  -3
  1  0  0.938300 -0.173506  0.075606  0.353821  -2
  1  0  0.938300 -0.102131 -0.207926  0.649267  -3
  1  0  0.938300  0.313101 -0.172554  0.607430  -2
  1  0  0.938300 -0.127558 -0.051769  0.739345  -1
  1  0  0.938300 -0.054612 -0.064356  0.628400 -12
  1  0  0.938300 -0.484782 -0.134822  0.335724  -2
  1  0  0.938300 -0.203452 -0.285981  0.433116  -3
  1  0  0.938300  0.017778 -0.180930  0.399608  -5
  1  0  0.938300  0.190227 -0.062139  0.495284  -2
  1  0  0.938300  0.045481  0.228634  0.208568 -10
  1  0  0.938300 -0.036166 -0.061916  0.456391  -4
  1  0  0.938300 -0.113220 -0.099674  1.125390  -5
  1  0  0.938300 -0.084094 -0.001977  0.337871  -3
  1  0  0.938300  0.174571 -0.112643  0.406698  -5
  1  0  0.938300  0.122174  0.293184  0.120178  -6