  1  1  0.938300  0.075232 -0.130141  0.512527   4
  1  1  0.938300 -0.417522  0.517559 -0.006960   7
  1  1  0.938300 -0.034120  0.059814  0.014044   1
  1  1  0.938300 -0.057684 -0.055235 -0.016922   1
  1  1  0.938300 -0.047209 -0.081992  0.594614   2
  1  1  0.938300 -0.122327 -0.141253  0.923230   3
  1  1  0.938300  0.015505  0.165128  0.205671   7
  1  1  0.938300 -0.223332  0.095573  0.618717   3
  1  1  0.938300 -0.223320 -0.177453  0.051046   2
  1  1  0.938300  0.360163  0.019092  0.066639   6
  1  1  0.938300  0.075357 -0.183396  0.730014   3
  1  1  0.938300 -0.141351 -0.264982 -0.032176   2
  1  1  0.938300  0.291224 -0.153938  1.006944   5
  1  1  0.938300  0.213751  0.129113 -0.100357   2
  1  1  0.938300  0.035817  0.223627  0.552422   7
  1  1  0.938300 -0.198480 -0.058712  0.258154   2
  1  1  0.938300 -0.220871 -0.230173  0.358224   4
  1  1  0.938300  0.001237  0.286996  0.044337   2
  1  1  0.938300  0.099732 -0.210383  0.268451   4
  1  1  0.938300 -0.013895 -0.218660  0.076423   5
  1  1  0.938300 -0.076200 -0.271284 -0.123681   3
  1  1  0.938300 -0.172060 -0.047527  0.477886   4
  1  1  0.938300 -0.065122 -0.006976  0.686207   5
  1  1  0.938300 -0.017810 -0.053887  0.251060   7
  1  1  0.938300  0.066174 -0.023612  0.299252   5
  1  1  0.938300 -0.419911  0.023773  0.447166   2
  1  1  0.938300  0.004972 -0.195417  0.501892   4
  1  1  0.938300  0.028209 -0.036600  0.532891   3
  1  1  0.938300 -0.005552  0.027524 -0.111821   1
  1  1  0.938300 -0.003012  0.273984  0.581618   5
  1  1  0.938300  0.030397  0.239150  0.454543   2
  1  1  0.938300  0.048889  0.413538  0.772394   4
  1  1  0.938300 -0.106293  0.052232 -0.125430   1
  1  1  0.938300 -0.047031 -0.125801  0.090909   4
  1  1  0.938300 -0.114725 -0.006551  0.247557   4
  1  1  0.938300 -0.013301 -0.304197  0.273223   6
  1  1  0.938300  0.182324  0.301169  0.143521   3
  1  1  0.938300  0.325046 -0.056689  0.244302   2
  1  1  0.938300  0.101444 -0.077231  0.008924   1
  1  1  0.938300 -0.051824 -0.036279  0.144052   2
  1  1  0.938300  0.151593 -0.021670  0.469675   3
  1  1  0.938300 -0.076889  0.050062  0.167042   4
  1  1  0.938300  0.266679  0.083134  0.213413   3
  1  1  0.938300  0.228933 -0.317931  0.127224   4
  1  1  0.938300  0.497321  0.043162  0.551451   2
  1  1  0.938300  0.027172 -0.155077  0.445773   2
  1  1  0.938300  0.078155  0.128961 -0.151249   3
  1  1  0.938300 -0.201127  0.423278  0.212523   5
  1  1  0.938300 -0.031382  0.124995  0.421363   3
  1  1  0.938300  0.076610  0.245701  0.346559   3
  1  1  0.938300 -0.291017 -0.168364  0.244673   2
  1  1  0.938300  0.091492 -0.019323  0.510061   5
  1  1  0.938300 -0.113702 -0.303556  0.366968   3
  1  1  0.938300 -0.266526 -0.173548  0.350783   5
  1  1  0.938300  0.086734  0.095248  0.286804   2
  1  1  0.938300 -0.031175  0.180938  0.372979   3
  1  1  0.938300  0.202143 -0.540615  0.466025   3
  1  1  0.938300  0.230158 -0.218117  0.321170   2
  1  1  0.938300 -0.069231  0.048819  0.103665   3
  1  1  0.938300  0.086733  0.238032  0.351623   3
  1  1  0.938300  0.131272  0.266232  0.560819   4
  1  1  0.938300  0.020614 -0.001161  0.294132   3
  1  1  0.938300 -0.281534  0.308659  0.344896   3
  1  1  0.938300  0.135458  0.054409  0.149141   4
  1  1  0.938300 -0.069425  0.102936  0.145473   1
  1  1  0.938300 -0.179852  0.011734  0.138774   1
  1  1  0.938300 -0.083432  0.022480  0.319991   3
  1  1  0.938300  0.050099 -0.061063  0.269768   1
  1  1  0.938300  0.076652 -0.156983  0.450474   8
  1  1  0.938300  0.006378 -0.158076  0.626999   6
  1  1  0.938300 -0.141402  0.270265 -0.098161   2
  1  1  0.938300  0.035472 -0.295553  0.389043   6
  1  1  0.938300  0.020337 -0.072987  0.029652   1
  1  1  0.938300 -0.360534  0.134166  0.124055   4
  1  1  0.938300 -0.027043 -0.315075  0.312611   4
  1  1  0.938300 -0.245309 -0.039167  0.739499   5
  1  1  0.938300 -0.066802 -0.190058 -0.043714   1
  1  1  0.938300  0.097083 -0.100197  0.556470   4
  1  1  0.938300  0.244600  0.214475  0.134375   6
  1  0  0.938300 -0.406124 -0.074822 -0.129697   5
  1  0  0.938300 -0.156734  0.116665  0.596793   3
  1  0  0.938300  0.212028 -0.041012  0.036129   1
  1  0  0.938300 -0.349353 -0.130313  0.247624   2
  1  0  0.938300  0.140803  0.250998  0.510565   2
  1  0  0.938300 -0.131483  0.351573 -0.078637   3
  1  0  0.938300  0.018485  0.031983  0.254979   2
  1  0  0.938300 -0.227103  0.035474  0.476231   3
  1  0  0.938300 -0.133845  0.261494  0.397548   3
  1  0  0.938300  0.110108  0.010387  0.770025   3
  1  0  0.938300  0.204210 -0.128827  0.143064   3
  1  0  0.938300 -0.139386  0.152249  0.475111   4
  1  0  0.938300 -0.134143  0.099916 -0.038050   1
  1  0  0.938300  0.385924 -0.100309  0.499401   6
  1  0  0.938300  0.022166  0.260602  0.300336  10
  1  0  0.938300  0.330146 -0.160667  0.666906   4
  1  0  0.938300 -0.160690 -0.214567  0.189658   3
  1  0  0.938300 -0.223417 -0.419941  0.213857   4
  1  1  0.938300 -0.092146  0.329947  0.535827   7
  1  0  0.938300  0.156917  0.138822  0.049341   1
  1  0  0.938300  0.071869 -0.053220  0.160222   2
  1  0  0.938300  0.348779 -0.072259  0.779668   4
  1  0  0.938300 -0.007090  0.129898  0.180418   9
  1  0  0.938300 -0.237404  0.378616  0.017705   3
  1  0  0.938300 -0.059200 -0.135615  0.215101   5
  1  0  0.938300  0.090684 -0.020708  0.090733   1
  1  0  0.938300  0.218455  0.318308  0.470313   6
  1  0  0.938300  0.122005 -0.059194  0.413539   3
  1  0  0.938300 -0.045929 -0.100203  0.021554   2
  1  0  0.938300  0.136063 -0.104311  0.349635   3
  1  0  0.938300 -0.031530 -0.248339  0.257517   2
  1  0  0.938300 -0.383267 -0.211529  0.368537   6
  1  0  0.938300  0.165346 -0.554230  0.381380   5
  1  0  0.938300 -0.273823  0.020223  0.482075   5
  1  0  0.938300 -0.063588  0.005933  0.298019   3
  1  0  0.938300  0.114009 -0.056533 -0.021018   1
  1  0  0.938300 -0.205740  0.080502  0.293376   3
  1  0  0.938300 -0.345484 -0.482914  0.352338   3
  1  0  0.938300  0.417006 -0.018441  0.493208  10
  1  0  0.938300  0.006702 -0.032474  0.418546   3
  1  0  0.938300 -0.499438 -0.156253  0.492362   3
  1  0  0.938300  0.178679 -0.043511  0.171032   1
  1  0  0.938300  0.448085 -0.277159  0.426074   5
  1  0  0.938300 -0.155455 -0.064168  0.384939   3
  1  0  0.938300 -0.005560  0.190574  0.321545   3
  1  0  0.938300  0.083608 -0.027251  0.476620   3
  1  0  0.938300 -0.060597  0.017637  0.165351   1
  1  0  0.938300 -0.225188 -0.276278  0.141428   2
  1  0  0.938300 -0.039117 -0.173783  0.293816   3
  1  0  0.938300  0.040978  0.038823  0.361662   1
  1  0  0.938300 -0.011590  0.289847 -0.040472   3
  1  0  0.938300 -0.250909 -0.184067  0.021950   4
  1  0  0.938300 -0.219087  0.062213  0.015802   3
  1  0  0.938300 -0.187675 -0.165209  0.171498   2
  1  0  0.938300 -0.093528 -0.086204  0.411955   3
  1  0  0.938300 -0.274562 -0.075112  0.552310   5
  1  0  0.938300 -0.192846  0.135568  0.623880   5
  1  0  0.938300 -0.153462 -0.082027  0.431127   2
  1  0  0.938300 -0.116279 -0.152101  0.166578   1
  1  0  0.938300 -0.085236  0.050297  0.123148   4
  1  0  0.938300  0.260597 -0.141902  0.223809   3
  1  0  0.938300 -0.150340 -0.002747  0.441245   4
  1  0  0.938300  0.143983 -0.008942  0.425169   4
  1  0  0.938300 -0.249346  0.020367  0.183538   5
  1  0  0.938300  0.072994 -0.017482  0.037245   1
  1  0  0.938300 -0.296650 -0.271279  0.252887   7
  1  0  0.938300  0.164636  0.013442  0.263418   2
  1  0  0.938300  0.100395  0.200681  0.293772   2
  1  0  0.938300  0.123459 -0.056783  0.240406   4
  1  0  0.938300  0.140907 -0.194858  0.496110   5
  1  0  0.938300 -0.011544 -0.137479  0.101809   3
  1  0  0.938300  0.030192  0.435028  0.528635   2
  1  0  0.938300 -0.240105  0.018691  0.009241   4
  1  0  0.938300  0.403540 -0.101521  0.189964   2
  1  0  0.938300  0.101171  0.140266  0.240373   3
  1  0  0.938300 -0.141533  0.191376  0.087666   2
  1  0  0.938300  0.340616  0.174660  0.862849   2
  1  0  0.938300 -0.252049  0.037178  0.292980   4
  1  0  0.938300  0.185492  0.451079  0.503130   4
  1  0  0.938300 -0.452660  0.246995  0.321921   5
  1  0  0.938300  0.057478 -0.045695  0.292302   2
  1  0  0.938300  0.143852 -0.150509  0.022499   4
  1  0  0.938300 -0.145953 -0.207313  0.296778   5
  1  0  0.938300  0.080179 -0.354996  0.288747   4
  1  0  0.938300 -0.144958 -0.066564 -0.042560   1
  1  0  0.938300  0.304628 -0.271865  0.320675   2
  1  0  0.938300  0.098511  0.267048  0.566686   3
  1  0  0.938300  0.386978 -0.160374  0.243515   2
  1  0  0.938300  0.346176 -0.010975  0.499099   6
  1  0  0.938300 -0.155490  0.106079  0.483730   3
  1  0  0.938300  0.199177  0.046948  0.169166   5
  1  0  0.938300  0.254009 -0.372584  0.145018   2
  1  0  0.938300  0.154474 -0.160864  0.222413   4
  1  0  0.938300 -0.108723  0.159111  0.346754   5
  1  0  0.938300  0.002760 -0.078552  0.111008   1
  1  0  0.938300 -0.057176  0.210872  0.635612   4
  1  0  0.938300 -0.348124  0.124358  0.553736   3
  1  0  0.938300  0.308898 -0.108343  0.084751   2
  1  0  0.938300  0.053654 -0.275172  0.707561   6
  1  0  0.938300  0.110574 -0.181368  0.462678   3
  1  0  0.938300 -0.352133  0.004264  0.177730   3
  1  0  0.938300  0.080670  0.066496  0.409348   4
  1  0  0.938300 -0.173720  0.122032  0.590544   6
  1  0  0.938300 -0.413625  0.427216  1.036003   4
  1  0  0.938300  0.247441 -0.144481  0.397308   4
  1  0  0.938300 -0.070911 -0.124817  0.455141   6
  1  0  0.938300  0.032662 -0.201482  0.318815   2
  1  0  0.938300 -0.102683  0.035558  0.133930   4
  1  0  0.938300 -0.017951  0.133917 -0.010305   2
  1  0  0.938300  0.149969 -0.139242  0.092100   2
  1  0  0.938300 -0.177664 -0.195856  0.566841   3
  1  0  0.938300 -0.042349 -0.068810  0.000648   1
  1  0  0.938300 -0.195510  0.287195  0.413757   5
  1  0  0.938300  0.571785 -0.136987  0.691374   4
  1  0  0.938300 -0.050425  0.083696  0.093725   1
  1  0  0.938300  0.151068  0.176772  0.090075  10
  1  0  0.938300 -0.205219  0.208086  0.162257   4
  1  0  0.938300  0.234568 -0.186266  0.137433  10
  1  1  0.938300 -0.062721 -0.055880  0.620769  -1
  1  1  0.938300 -0.085225 -0.132733  0.233274  -5
  1  1  0.938300  0.319854  0.169140  0.552607  -5
  1  1  0.938300 -0.054284  0.094419  0.600083  -1
  1  1  0.938300  0.080040  0.333137  0.600421  -7
  1  1  0.938300  0.278147 -0.015735  0.141645  -7
  1  1  0.938300 -0.048306 -0.172269  0.676084  -1
  1  1  0.938300  0.381354 -0.052341  0.109073  -5
  1  1  0.938300 -0.206285 -0.105953  0.103853  -4
  1  1  0.938300  0.290596  0.021828  0.497051  -3
  1  1  0.938300 -0.020242  0.202281  0.551432  -2
  1  1  0.938300 -0.011605 -0.031131 -0.040361  -3
  1  1  0.938300 -0.521438 -0.044193  0.375266  -3
  1  1  0.938300  0.024503 -0.127574  1.075599  -3
  1  1  0.938300  0.219008 -0.160994  0.511494 -12
  1  1  0.938300  0.600617  0.073976  0.463314  -6
  1  1  0.938300 -0.019058  0.060858  0.654891  -1
  1  1  0.938300  0.197375  0.074261  0.532211  -5
  1  1  0.938300  0.174094 -0.127373  0.411859  -4
  1  1  0.938300  0.067660 -0.157593  0.102684  -2
  1  1  0.938300  0.317754  0.218102  0.118666  -3
  1  1  0.938300  0.074709 -0.023013  0.573023  -1
  1  1  0.938300  0.036824 -0.097620  0.333576  -3
  1  1  0.938300  0.089723 -0.038463  0.420005  -7
  1  1  0.938300 -0.140659 -0.118647  0.478361  -2
  1  1  0.938300  0.138323  0.005196  0.783511  -1
  1  1  0.938300  0.192596  0.081655  0.540327  -2
  1  1  0.938300 -0.000537 -0.221074  0.797871  -3
  1  1  0.938300  0.021469 -0.256797  0.322568  -3
  1  1  0.938300  0.209959  0.211661  0.332441  -3
  1  1  0.938300  0.050317 -0.012804  0.613217  -1
  1  1  0.938300 -0.010230  0.261233  0.394747  -4
  1  1  0.938300  0.317777 -0.078578  0.817330  -7
  1  1  0.938300 -0.092658 -0.054823  0.423521  -1
  1  1  0.938300  0.092647 -0.114376  0.463877  -7
  1  1  0.938300  0.487245 -0.080754  0.419535  -3
  1  1  0.938300  0.075577 -0.384423  0.252194  -3
  1  1  0.938300 -0.063932  0.086098  0.531940  -1
  1  1  0.938300  0.394727  0.102370  0.431988  -3
  1  1  0.938300  0.266611 -0.208549  0.443216  -4
  1  1  0.938300 -0.555652  0.077850  0.414853  -2
  1  1  0.938300  0.124969  0.150688  0.643634  -3
  1  1  0.938300 -0.193947  0.141659  0.784480  -3
  1  1  0.938300  0.122244  0.182013  0.130150  -5
  1  1  0.938300  0.165169  0.043677  0.260475  -4
  1  1  0.938300 -0.075420  0.226306  0.262855  -4
  1  1  0.938300  0.041725  0.018530  0.558731  -2
  1  1  0.938300 -0.090128  0.042993  0.544745  -2
  1  1  0.938300 -0.023750 -0.070999  0.841811  -4
  1  1  0.938300 -0.037116  0.239355  0.291422  -3
  1  1  0.938300 -0.071753  0.088221  0.638294  -1
  1  1  0.938300  0.170032 -0.374156  0.412292  -3
  1  1  0.938300  0.095421 -0.234203  0.222941  -2
  1  1  0.938300  0.020863 -0.127389  0.725673  -1
  1  1  0.938300  0.141659  0.055633  0.712968  -1
  1  1  0.938300  0.065385 -0.102386  0.581669  -1
  1  1  0.938300  0.172657  0.119606  0.377935  -6
  1  1  0.938300 -0.415284  0.162780  0.626234  -2
  1  1  0.938300 -0.137815 -0.169312  0.374782  -4
  1  1  0.938300 -0.043005  0.004779  0.345632  -3
  1  1  0.938300  0.254141 -0.406185  0.055079  -7
  1  1  0.938300  0.257460  0.250301  0.255701  -3
  1  1  0.938300 -0.079434 -0.155413  0.454621  -4
  1  1  0.938300  0.110894  0.416679  0.224716  -4
  1  1  0.938300  0.090941  0.043009  0.743467  -1
  1  1  0.938300  0.401138  0.155774  0.073629  -4
  1  1  0.938300 -0.119613 -0.214870  0.538010  -2
  1  1  0.938300  0.141713  0.102815 -0.058559  -2
  1  1  0.938300  0.206838  0.204589  0.239360  -5
  1  1  0.938300 -0.123481  0.367431  0.359986  -2
  1  1  0.938300 -0.077969  0.149063  0.527301  -1
  1  1  0.938300 -0.049545  0.223719  0.460025  -3
  1  0  0.938300 -0.234020 -0.354670  0.404361  -6
  1  1  0.938300 -0.128924 -0.210070  0.531997  -3
  1  1  0.938300  0.183376 -0.090174  0.350675  -3
  1  1  0.938300 -0.058003  0.206798  0.347466  -4
  1  1  0.938300  0.070435  0.396006  0.518727  -3
  1  1  0.938300 -0.255301  0.309027  0.492534  -5
  1  1  0.938300 -0.002354 -0.027939  0.646443  -2
  1  0  0.938300  0.052857  0.015344  0.696053  -1
  1  0  0.938300 -0.099434 -0.217870  0.164510  -8
  1  0  0.938300 -0.014674  0.082368  0.435510  -2
  1  0  0.938300  0.073668  0.188440  0.473922  -4
  1  0  0.938300  0.145760 -0.245673  0.107163  -4
  1  0  0.938300 -0.015132  0.489533  0.509819  -2
  1  0  0.938300  0.088341 -0.033560  0.567312  -2
  1  0  0.938300 -0.108768  0.444257  0.241435  -3
  1  0  0.938300 -0.296760 -0.244454  0.198986  -3
  1  0  0.938300 -0.098846  0.296240  0.267895  -3
  1  0  0.938300 -0.002687 -0.216191  0.705400  -1
  1  0  0.938300 -0.088918  0.059098  0.834905  -1
  1  0  0.938300  0.258502  0.402879  0.281378  -6
  1  0  0.938300  0.092914 -0.042449  0.450741  -4
  1  0  0.938300  0.013720  0.144205  0.500783  -2
  1  0  0.938300  0.096500  0.398036  0.197049  -5
  1  0  0.938300 -0.383032  0.455677  0.678526  -4
  1  0  0.938300 -0.085833  0.065244  0.621269  -2
  1  0  0.938300  0.099851 -0.023399  0.385110  -3
  1  0  0.938300  0.131554 -0.001291  0.478293  -1
  1  0  0.938300  0.083417 -0.115291  0.567910  -3
  1  0  0.938300  0.237665  0.149247  0.192453  -2
  1  0  0.938300  0.148751  0.107989  0.181323  -6
  1  1  0.938300  0.204506 -0.113615  0.296445  -4
  1  0  0.938300  0.070946 -0.013932  0.352476  -2
  1  0  0.938300 -0.016973  0.069383  0.348086  -4
  1  0  0.938300 -0.403172  0.160563  0.396668  -3
  1  0  0.938300 -0.082527 -0.071925  0.331066  -2
  1  0  0.938300 -0.067474  0.147069  0.607428  -3
  1  0  0.938300 -0.387258 -0.066609  0.286323  -4
  1  0  0.938300  0.273725  0.083161  0.190621  -4
  1  0  0.938300 -0.204030 -0.392805  0.722758  -3
  1  0  0.938300 -0.137622 -0.127899  0.068425  -4
  1  0  0.938300 -0.109884  0.046757  0.606070  -1
  1  0  0.938300  0.028652 -0.001601  0.493751  -3
  1  0  0.938300 -0.019713 -0.002380  0.422201  -6
  1  0  0.938300  0.178250 -0.277127  0.535980  -2
  1  0  0.938300  0.149754 -0.214630  0.545797  -2
  1  0  0.938300  0.145493 -0.350516  0.566943  -6
  1  0  0.938300  0.116393  0.032237 -0.036691  -3
  1  0  0.938300  0.122572  0.226260  0.418225  -4
  1  0  0.938300  0.122629 -0.077620  0.480510  -3
  1  0  0.938300 -0.150153 -0.052978  0.591590  -1
  1  0  0.938300  0.225823  0.215525  0.442938 -12
  1  0  0.938300 -0.468516 -0.188758  0.471562  -2
  1  0  0.938300 -0.355026 -0.196839  0.150158  -6
  1  0  0.938300 -0.237952  0.128277  0.212133  -4
  1  0  0.938300  0.412678  0.156415  0.303807  -6
  1  0  0.938300 -0.347578 -0.087799  0.337455  -4
  1  0  0.938300  0.395990  0.152924  0.282262  -6
  1  0  0.938300 -0.047756 -0.300578  0.425014  -4
  1  0  0.938300  0.111027  0.322281  0.258958  -4
  1  0  0.938300 -0.123448 -0.005507  0.650104  -1
  1  0  0.938300 -0.061745  0.200808  0.345337  -3
  1  0  0.938300  0.063138 -0.022518  0.631612  -1
  1  0  0.938300 -0.025808  0.157051  0.154891  -6
  1  0  0.938300 -0.010904 -0.400980  0.228506  -2
  1  0  0.938300  0.092756 -0.073212  0.338085  -4
  1  0  0.938300 -0.300205  0.094097  0.643718  -2
  1  0  0.938300  0.096916  0.015719  0.389965  -4
  1  0  0.938300 -0.021065  0.121242  0.138398  -7
  1  0  0.938300 -0.099834 -0.178734  0.462762  -3
  1  0  0.938300  0.209757  0.122751  0.516079  -4
  1  0  0.938300  0.002816 -0.058570  0.338407  -3
  1  0  0.938300  0.025231 -0.023804  0.530659  -2
  1  0  0.938300  0.464710  0.137725  0.316093  -2
  1  0  0.938300  0.163927 -0.327131  0.229567  -5
  1  0  0.938300  0.082093 -0.157969  0.383360  -1
  1  0  0.938300 -0.022192 -0.080061  0.801307  -2
  1  0  0.938300 -0.031422 -0.036750  0.846957  -5
  1  0  0.938300 -0.354133  0.344166  0.430336  -3
  1  0  0.938300 -0.120383  0.199130  0.218255  -4
  1  0  0.938300 -0.177698  0.053845  0.161942  -5
  1  0  0.938300 -0.403781  0.018669  0.502620  -3
  1  0  0.938300 -0.136617 -0.077636  0.777059  -1
  1  1  0.938300 -0.139707 -0.262327  0.179950  -4
  1  0  0.938300 -0.055457 -0.014878  0.712418  -1
  1  0  0.938300  0.100364 -0.179946  0.228296  -4
  1  0  0.938300  0.077658  0.111251  0.466327  -3
  1  0  0.938300  0.056843 -0.033238  0.292276  -2
  1  0  0.938300  0.113573  0.178975  0.466067  -2
  1  0  0.938300 -0.216917  0.111986  0.425178  -2
  1  0  0.938300 -0.110566  0.115172  0.401420  -3
  1  0  0.938300 -0.288428 -0.295138  0.452372  -2
  1  0  0.938300 -0.014301  0.076541  0.427854  -3
  1  0  0.938300  0.122176  0.038644  0.458115  -2
  1  0  0.938300 -0.275037  0.118360  0.864813  -3
  1  0  0.938300 -0.473429  0.302939  0.337215  -7
  1  0  0.938300  0.501346 -0.493379  0.478829  -3
  1  0  0.938300 -0.053660  0.092825  0.584072  -2
  1  0  0.938300 -0.001425 -0.035458  0.853839  -1
  1  0  0.938300  0.160645 -0.047506  0.806769  -1
  1  0  0.938300  0.086794 -0.023751  0.408138  -4
  1  0  0.938300 -0.111975 -0.185660  0.567000  -6
  1  0  0.938300 -0.123551 -0.246559  1.012383  -3
  1  0  0.938300 -0.170052  0.053450  0.351496  -2
  1  0  0.938300  0.075504 -0.054592  0.355942  -4
  1  0  0.938300 -0.211032  0.099290  0.516448  -3
  1  0  0.938300  0.039009 -0.082307  0.047842  -3
  1  0  0.938300 -0.225475 -0.041879  0.303703  -9
  1  0  0.938300 -0.000618  0.065125  0.400888  -3
  1  0  0.938300 -0.078106  0.150383  0.464800  -4
  1  0  0.938300  0.162519  0.165797  0.643812  -2
  1  0  0.938300  0.139400  0.046485  0.286477  -4
  1  0  0.938300  0.034066  0.113357  0.511119  -1
  1  0  0.938300 -0.063185  0.112708  0.480243  -3
  1  0  0.938300  0.182393 -0.071707  0.462830  -3
  1  0  0.938300  0.149982 -0.085960  0.342549  -3
  1  0  0.938300 -0.395954 -0.103635  0.692063  -2
  1  0  0.938300  0.127859  0.240280  0.055809  -3
  1  0  0.938300  0.069054  0.036621  0.312154  -3
  1  0  0.938300 -0.123266  0.186840  0.822962  -4
  1  0  0.938300 -0.098627  0.098340  0.620988  -1
  1  0  0.938300 -0.037824 -0.095393  0.526967  -4
  1  0  0.938300 -0.307428 -0.125377  0.095954  -5
  1  0  0.938300 -0.046504 -0.101460  0.414709  -4
  1  0  0.938300 -0.258642 -0.169382  0.220876  -4
  1  0  0.938300 -0.376473 -0.313444  0.581890  -5