  1  1  0.938300  0.025481  0.258137  0.275223   4
  1  1  0.938300  0.374309 -0.145832  0.137655   3
  1  1  0.938300 -0.126863 -0.004145  0.250587   1
  1  1  0.938300  0.143884 -0.022159  0.404070   4
  1  1  0.938300  0.115151  0.012976  0.368549   2
  1  1  0.938300  0.114232  0.148019  0.503175   4
  1  1  0.938300  0.130734 -0.057075  0.192193   5
  1  1  0.938300 -0.213317 -0.516415  0.854682   6
  1  1  0.938300  0.288175  0.536609  0.452077   4
  1  1  0.938300 -0.202735 -0.090270  0.072736   3
  1  1  0.938300  0.001909  0.026953  0.113289   2
  1  1  0.938300  0.266151  0.113850  0.520705   2
  1  1  0.938300  0.045304 -0.039572  0.027261   1
  1  1  0.938300  0.254052  0.136667  0.060329   3
  1  1  0.938300 -0.157004  0.170415  0.493569   3
  1  1  0.938300 -0.039765  0.030322  0.299156   1
  1  1  0.938300  0.126096  0.571668  0.098844   3
  1  1  0.938300 -0.138681  0.039292  0.514551   5
  1  1  0.938300 -0.103256 -0.253010  0.456557   4
  1  1  0.938300  0.119714  0.068270  0.244656   3
  1  1  0.938300  0.155075  0.009923  0.191399   1
  1  1  0.938300 -0.236813  0.000216  0.411463   6
  1  1  0.938300 -0.016350  0.060021  0.238966   1
  1  1  0.938300 -0.052485  0.162871  0.093456   1
  1  1  0.938300 -0.001295  0.053091  0.231552   1
  1  1  0.938300 -0.138365 -0.272969  0.578082   4
  1  1  0.938300 -0.164807  0.641896  0.580135   3
  1  1  0.938300  0.007903  0.077850  0.189619   6
  1  1  0.938300  0.086521 -0.370388  0.525922   2
  1  1  0.938300  0.273186 -0.088888  0.173530   3
  1  1  0.938300 -0.112119 -0.029322  0.312193   1
  1  1  0.938300 -0.506916 -0.104804  0.114668   3
  1  1  0.938300 -0.030374  0.321421  0.413442   3
  1  1  0.938300 -0.106070  0.081446  0.506699   4
  1  1  0.938300 -0.069342  0.065671  0.125538   1
  1  1  0.938300  0.479725  0.024332  0.044396   2
  1  1  0.938300 -0.050045  0.200344  0.378434   7
  1  1  0.938300 -0.014692  0.016754  0.558695   5
  1  1  0.938300  0.350499 -0.172691  0.244417   2
  1  1  0.938300  0.096614 -0.387770  0.145559   5
  1  1  0.938300 -0.132385  0.072336  0.221794   2
  1  1  0.938300  0.595878 -0.120228  0.332253   2
  1  1  0.938300 -0.150615  0.188722  0.153643   4
  1  1  0.938300 -0.305183 -0.064499  0.709150   5
  1  1  0.938300 -0.128157 -0.168876  0.357588   2
  1  1  0.938300 -0.402953 -0.131739  0.300887   4
  1  1  0.938300  0.194161  0.303279  0.156938   4
  1  1  0.938300 -0.066191 -0.061485  0.232578   1
  1  1  0.938300  0.197757  0.235215  0.333479   2
  1  1  0.938300  0.205072 -0.158988  0.404896   3
  1  1  0.938300  0.267420  0.134830  0.387877   2
  1  1  0.938300 -0.025612 -0.035701  0.292121   1
  1  1  0.938300 -0.004649  0.433245  0.318952   2
  1  1  0.938300  0.009203  0.083155  0.369152   4
  1  1  0.938300 -0.246991 -0.045536 -0.067606   3
  1  1  0.938300  0.024568  0.194562  0.218211   2
  1  1  0.938300 -0.419217 -0.390668  0.525839   7
  1  1  0.938300  0.033555  0.263428  0.007120   3
  1  1  0.938300  0.004418 -0.131002  0.172307   5
  1  1  0.938300  0.201682  0.224733  0.355832   4
  1  1  0.938300  0.176430 -0.035085  0.120245   1
  1  1  0.938300 -0.051093  0.005458  0.459206   4
  1  1  0.938300  0.375709 -0.148070  0.353602   5
  1  1  0.938300  0.122225  0.010516  0.434623   2
  1  1  0.938300  0.024401  0.040128  0.181271   1
  1  1  0.938300  0.266660  0.096420  0.322975   2
  1  1  0.938300 -0.142328  0.198151 -0.184697   2
  1  1  0.938300  0.083798  0.054829  0.344317   3
  1  1  0.938300  0.284901  0.110295  0.539263   4
  1  1  0.938300 -0.008754  0.186664  0.094726   1
  1  1  0.938300  0.435369  0.139668  0.121178   2
  1  1  0.938300  0.539198 -0.054399  0.241499   2
  1  1  0.938300 -0.016372 -0.027512  0.149716   3
  1  1  0.938300 -0.002561  0.101520 -0.072818   1
  1  1  0.938300  0.023806 -0.116344  0.134233   1
  1  1  0.938300 -0.312523 -0.275202  0.152745   2
  1  1  0.938300  0.099199 -0.092682  0.125983   3
  1  1  0.938300 -0.246238 -0.173533  0.349595   3
  1  1  0.938300  0.402735  0.051606  0.075712   6
  1  0  0.938300  0.030376 -0.463051  0.224490   6
  1  0  0.938300  0.414506  0.260180  0.454599   3
  1  0  0.938300  0.031030 -0.331791  0.300029   6
  1  0  0.938300 -0.020372 -0.144613  0.217483   3
  1  0  0.938300  0.062165  0.058675  0.230359   1
  1  0  0.938300 -0.175417 -0.120794  0.144512   3
  1  0  0.938300 -0.003995  0.075601  0.328323   2
  1  0  0.938300 -0.268262 -0.225998  0.486416   2
  1  0  0.938300 -0.096553  0.157669  0.154972   3
  1  0  0.938300  0.207974 -0.172797 -0.101202   4
  1  0  0.938300  0.219894 -0.092506  0.335552   3
  1  0  0.938300  0.117778  0.223610  0.248504   4
  1  0  0.938300 -0.057660  0.022043  0.171741   8
  1  0  0.938300 -0.185033 -0.271239  0.510683   3
  1  0  0.938300  0.204080  0.011427  0.475140   3
  1  0  0.938300 -0.106303 -0.164126  0.300415   2
  1  0  0.938300 -0.028762  0.213283  0.368539   3
  1  0  0.938300  0.032880  0.165892  0.594835   4
  1  0  0.938300 -0.083847  0.001398  0.208129   2
  1  0  0.938300 -0.019283  0.007149  0.059057   4
  1  0  0.938300  0.048996 -0.131636  0.129793   1
  1  0  0.938300  0.308431  0.184274  0.394965   5
  1  0  0.938300  0.313004  0.100155  0.186420   2
  1  0  0.938300  0.002375  0.189490  0.388756   2
  1  0  0.938300 -0.123068 -0.128568  0.597489   7
  1  0  0.938300 -0.159365  0.174882  0.466536   2
  1  0  0.938300 -0.228949  0.348831  0.320846   2
  1  0  0.938300 -0.263844  0.288321  0.443751   4
  1  0  0.938300  0.057886 -0.285728  0.168019   4
  1  0  0.938300 -0.023610 -0.040029  0.128461   1
  1  0  0.938300 -0.201797 -0.249058  0.453854   8
  1  0  0.938300  0.111870 -0.077277 -0.017380   1
  1  0  0.938300 -0.561395 -0.089796  0.417449   3
  1  0  0.938300  0.111691 -0.072963 -0.095442   1
  1  0  0.938300 -0.080066  0.064283 -0.087540   1
  1  0  0.938300  0.248410 -0.033349  0.322811   3
  1  0  0.938300 -0.054982  0.157386 -0.047660   2
  1  0  0.938300  0.300017  0.206916  0.110586   2
  1  0  0.938300 -0.403281 -0.105388  0.463594   3
  1  0  0.938300  0.172844  0.075827 -0.029399   2
  1  0  0.938300 -0.043686 -0.215463  0.332855   3
  1  0  0.938300 -0.289808 -0.264752  0.590619   2
  1  0  0.938300  0.187297  0.086639  0.413074   3
  1  0  0.938300  0.010114 -0.121355  0.056366   1
  1  0  0.938300  0.233468 -0.218677  0.177852   2
  1  0  0.938300 -0.007179 -0.094996  0.279473   3
  1  0  0.938300 -0.071064 -0.182082  0.513029   3
  1  0  0.938300  0.099925 -0.104276  0.489724   2
  1  0  0.938300  0.358789  0.205820  0.415777   2
  1  0  0.938300  0.302426  0.157653  0.263071   4
  1  0  0.938300 -0.095522  0.286803  0.143110   8
  1  0  0.938300 -0.109372 -0.071558  0.114801   1
  1  0  0.938300  0.454668 -0.038272  0.596892   5
  1  0  0.938300 -0.049378  0.049956 -0.071158   1
  1  0  0.938300  0.198588 -0.055880  0.487235   2
  1  0  0.938300 -0.077251  0.252872  0.185477   4
  1  0  0.938300  0.148470 -0.189324  0.020339   2
  1  0  0.938300  0.140329  0.026124  0.146971   3
  1  0  0.938300  0.126762 -0.160558  0.107776   1
  1  0  0.938300 -0.195862  0.449958  0.301445   5
  1  0  0.938300 -0.155771  0.132669  0.104378   1
  1  0  0.938300 -0.063518  0.382669  0.551393   7
  1  0  0.938300  0.368869 -0.101386  0.757147   8
  1  0  0.938300  0.110689  0.158258  0.384677   5
  1  0  0.938300  0.102937  0.250506  0.435009   3
  1  0  0.938300 -0.260543  0.246072  0.334623   3
  1  0  0.938300  0.190193 -0.058578  0.516959   5
  1  0  0.938300 -0.092763 -0.085617  0.039198   3
  1  0  0.938300  0.114819  0.200681  0.363550   3
  1  0  0.938300  0.296454  0.224486  0.138824   5
  1  0  0.938300 -0.245465  0.574576  0.213521   5
  1  0  0.938300  0.192354  0.042902  0.333486   8
  1  0  0.938300 -0.079039  0.163686 -0.026702   3
  1  0  0.938300  0.002353 -0.069303  0.282470   5
  1  0  0.938300  0.195656 -0.397248  0.276303   6
  1  0  0.938300  0.305899  0.207363 -0.153995   4
  1  0  0.938300  0.286604  0.196641  0.223454   3
  1  0  0.938300  0.114987 -0.102173  0.389042   5
  1  0  0.938300  0.075655  0.035324  0.413060   4
  1  0  0.938300 -0.069929 -0.117381  0.334028   2
  1  0  0.938300  0.110960 -0.271576  0.153771   3
  1  0  0.938300  0.156769  0.046212  0.129953   1
  1  0  0.938300  0.032523 -0.217356  0.281275   2
  1  0  0.938300  0.172576 -0.063972  0.229671   1
  1  0  0.938300 -0.008780 -0.236788  0.135012   3
  1  0  0.938300 -0.247154  0.299319  0.643635   6
  1  0  0.938300 -0.036500  0.188833  0.302253   2
  1  0  0.938300 -0.125988 -0.086644  0.908244   5
  1  0  0.938300 -0.273724  0.120032  0.091243   3
  1  0  0.938300 -0.142211  0.282049  0.016105   4
  1  0  0.938300  0.202603  0.034535  0.579688   2
  1  0  0.938300 -0.001338 -0.068154  0.423215   3
  1  0  0.938300 -0.085548 -0.111081  0.163740   2
  1  0  0.938300 -0.031646 -0.168845  0.786574   3
  1  0  0.938300  0.465050  0.059114  0.220244   3
  1  0  0.938300 -0.005422 -0.046459  0.209452   5
  1  0  0.938300 -0.271319 -0.065223  0.198965   4
  1  0  0.938300  0.124830 -0.094491  0.352277   3
  1  0  0.938300  0.137604  0.093764  0.593932   3
  1  0  0.938300 -0.348917  0.017829  0.375153   3
  1  0  0.938300 -0.083272 -0.026329  0.144133   1
  1  0  0.938300 -0.148298  0.280302  0.349615   5
  1  0  0.938300  0.236134 -0.124689  0.573084   3
  1  0  0.938300  0.003925 -0.101744  0.085151   1
  1  0  0.938300  0.135917 -0.023647  0.336580   3
  1  0  0.938300  0.029920  0.036831  0.312726   6
  1  0  0.938300  0.011144  0.312224  0.699943   3
  1  0  0.938300 -0.037794 -0.008318 -0.137536   1
  1  0  0.938300 -0.660065 -0.370536  0.119920   3
  1  0  0.938300 -0.015904 -0.137474  0.668527   6
  1  0  0.938300  0.443299  0.018495  0.230985   3
  1  0  0.938300 -0.151420  0.044950  0.115798   3
  1  0  0.938300  0.071731 -0.046691  0.347670   3
  1  0  0.938300 -0.476970 -0.240251  0.347514   4
  1  0  0.938300  0.160967  0.206476  0.283361   7
  1  0  0.938300 -0.203069  0.154233  0.404434   2
  1  0  0.938300 -0.068097 -0.093104  0.185363   1
  1  0  0.938300  0.014814 -0.246146  0.398441   2
  1  1  0.938300 -0.145130  0.193682  0.514146  -5
  1  1  0.938300  0.011214 -0.094601  0.793043  -5
  1  1  0.938300  0.019431 -0.253264  0.545901  -3
  1  1  0.938300 -0.237039 -0.031651  0.423017  -4
  1  1  0.938300 -0.315869 -0.053066  0.646867  -2
  1  1  0.938300 -0.230957 -0.346073  0.879204  -3
  1  1  0.938300 -0.005762 -0.003295  0.542659  -1
  1  1  0.938300 -0.005332 -0.006885  0.442756  -4
  1  1  0.938300  0.149460 -0.285098  0.209466  -2
  1  1  0.938300  0.104080  0.061225  0.583960  -1
  1  1  0.938300 -0.085399  0.155636  0.728606  -1
  1  1  0.938300  0.049652 -0.004128  0.789511  -1
  1  1  0.938300 -0.373034  0.166548  0.982042  -4
  1  1  0.938300 -0.129443 -0.101145  0.622751  -1
  1  1  0.938300  0.196504 -0.300176  0.167464  -4
  1  1  0.938300 -0.182094 -0.090157  0.597964  -2
  1  1  0.938300 -0.205256  0.007682  0.515808  -7
  1  1  0.938300  0.186951  0.140071  0.724724  -1
  1  1  0.938300 -0.127833 -0.068102  0.518328  -1
  1  1  0.938300  0.347182 -0.589234  0.584131  -3
  1  1  0.938300 -0.034272  0.171640  0.127206  -8
  1  1  0.938300 -0.060630  0.139493  0.497599  -5
  1  1  0.938300  0.224020  0.111128  0.369915  -2
  1  1  0.938300  0.085162 -0.192489  0.574806  -4
  1  1  0.938300 -0.003613 -0.038694  0.564955  -2
  1  1  0.938300  0.143842 -0.248613  0.604592  -4
  1  1  0.938300 -0.024428 -0.262015  0.597966  -2
  1  1  0.938300  0.040644  0.001177  0.908207  -1
  1  1  0.938300  0.111270  0.474971  0.027157  -2
  1  1  0.938300 -0.022572 -0.319396  0.440402  -4
  1  1  0.938300  0.025701  0.123706  0.256031  -3
  1  1  0.938300  0.278346  0.284895  0.652734  -2
  1  1  0.938300 -0.290170  0.058590  0.477888  -2
  1  1  0.938300  0.213911  0.145416  0.498604  -4
  1  1  0.938300 -0.272962 -0.082725  0.108931  -5
  1  1  0.938300 -0.109224 -0.002307  0.635101  -3
  1  1  0.938300 -0.186682 -0.374052  0.701384  -6
  1  1  0.938300  0.007025 -0.055929  0.572937  -1
  1  1  0.938300 -0.106736 -0.054892  0.515505  -6
  1  1  0.938300 -0.135500 -0.175873  0.284811  -2
  1  1  0.938300  0.053099 -0.290451  0.154543  -4
  1  1  0.938300 -0.087642 -0.095826  0.410288  -9
  1  1  0.938300 -0.132442 -0.319591  0.496013  -4
  1  1  0.938300  0.059315  0.129619  0.510725  -3
  1  1  0.938300  0.476811  0.296469  0.460843  -4
  1  1  0.938300  0.028023 -0.132918  0.627179  -1
  1  1  0.938300 -0.262406  0.134493  0.343775  -3
  1  1  0.938300  0.052456 -0.197333  0.269788  -8
  1  1  0.938300  0.055942  0.090387  0.580360  -1
  1  1  0.938300  0.055318 -0.126410  0.518067  -2
  1  1  0.938300  0.241612 -0.001846  0.750816  -6
  1  1  0.938300  0.018341 -0.138645  0.551833  -1
  1  1  0.938300  0.177524  0.023060  0.287418  -5
  1  1  0.938300 -0.174792  0.013827  0.823622  -1
  1  1  0.938300 -0.133393  0.177052  0.616925  -7
  1  1  0.938300 -0.224434  0.085258  0.354804  -3
  1  1  0.938300 -0.239092 -0.029451  0.578722  -4
  1  1  0.938300 -0.198061  0.027188  0.795772  -1
  1  1  0.938300 -0.461461 -0.260591  0.251600  -7
  1  1  0.938300  0.123267 -0.398383  0.464851  -2
  1  1  0.938300  0.202344  0.038686  0.360323  -2
  1  1  0.938300 -0.014585 -0.080996  0.185784  -4
  1  1  0.938300 -0.010182  0.179363  0.433492  -4
  1  1  0.938300  0.227705 -0.436560  0.410719  -3
  1  1  0.938300  0.078506 -0.020530  0.736878  -1
  1  1  0.938300 -0.006327 -0.303542 -0.012250  -2
  1  1  0.938300  0.122335 -0.226092  0.452000  -4
  1  1  0.938300 -0.035490 -0.040379  0.753416  -1
  1  1  0.938300 -0.184551  0.156400  0.212977  -2
  1  1  0.938300  0.087592  0.289691  0.235848  -2
  1  1  0.938300 -0.078611  0.058159  0.573926  -1
  1  1  0.938300  0.069987 -0.184075  0.098513  -3
  1  1  0.938300  0.188509 -0.023967  0.405200  -8
  1  1  0.938300  0.231122 -0.126159  0.247037  -7
  1  1  0.938300 -0.103105  0.069780  0.751937  -2
  1  1  0.938300  0.068417 -0.068931  0.541301  -1
  1  1  0.938300  0.216560  0.078459  0.244065  -5
  1  1  0.938300 -0.265240 -0.048418  0.558873  -2
  1  1  0.938300 -0.211832 -0.231000  0.563467  -2
  1  0  0.938300  0.009886  0.083737  0.795467  -1
  1  0  0.938300 -0.176403 -0.334386  0.146638  -4
  1  0  0.938300 -0.149073 -0.147301  0.251392  -2
  1  0  0.938300 -0.043485 -0.127667  0.146726  -4
  1  0  0.938300 -0.142483  0.164427  0.081359  -5
  1  0  0.938300  0.113498 -0.489928  0.389450  -2
  1  0  0.938300 -0.177493  0.457767  0.609211  -3
  1  0  0.938300  0.062875 -0.077066  0.396704  -3
  1  0  0.938300  0.062167  0.180496  0.521128  -5
  1  0  0.938300  0.021717  0.107326  0.605142  -1
  1  0  0.938300 -0.050491 -0.380376  0.181189  -5
  1  0  0.938300  0.059079 -0.058143  0.699504  -1
  1  0  0.938300  0.272191  0.145071  0.415315  -3
  1  0  0.938300 -0.269966  0.153727  0.478082  -2
  1  0  0.938300 -0.158737 -0.095378  0.043661  -5
  1  0  0.938300  0.141953  0.116707  0.091279  -2
  1  0  0.938300 -0.223892  0.147046  0.804389  -3
  1  0  0.938300  0.294757 -0.019714  0.904664  -5
  1  0  0.938300 -0.086948  0.063311  0.436558  -1
  1  0  0.938300  0.266070 -0.025145  0.640449  -2
  1  0  0.938300  0.342970  0.212081  0.426238  -4
  1  0  0.938300 -0.184395 -0.145662  0.309037  -3
  1  0  0.938300  0.119598  0.383633  0.253097  -4
  1  0  0.938300  0.144933  0.007175  0.397485  -6
  1  0  0.938300  0.246268 -0.217361  0.085379  -2
  1  0  0.938300  0.098765 -0.165250  0.667333  -2
  1  0  0.938300 -0.139014 -0.009043  0.199238  -5
  1  0  0.938300  0.184091  0.206327  0.630665  -3
  1  0  0.938300 -0.122650  0.125101  0.448812  -3
  1  0  0.938300  0.075738 -0.138475  0.668146  -1
  1  0  0.938300  0.145453  0.057141  0.289743  -5
  1  0  0.938300 -0.164019 -0.138839  0.701277  -2
  1  0  0.938300 -0.198691 -0.293049 -0.016566  -4
  1  0  0.938300 -0.284498 -0.179224  0.501042  -5
  1  0  0.938300 -0.208801  0.135959  0.488350  -5
  1  0  0.938300  0.226843  0.043870  0.354495  -4
  1  0  0.938300 -0.149454  0.090912  0.183054  -3
  1  0  0.938300 -0.136003  0.026155  0.484398  -1
  1  0  0.938300 -0.101482 -0.046112  0.420569  -5
  1  0  0.938300  0.038591  0.029188  0.282392  -5
  1  0  0.938300 -0.010196 -0.119951  0.728953  -1
  1  0  0.938300 -0.325427 -0.146080  0.534588  -2
  1  0  0.938300  0.071011 -0.141335  0.618252  -1
  1  0  0.938300  0.289150 -0.298646  0.194022  -2
  1  0  0.938300 -0.145131  0.087201  0.572323  -4
  1  0  0.938300 -0.239843  0.175402  0.047691  -3
  1  0  0.938300 -0.281937  0.074005  0.567532  -2
  1  0  0.938300 -0.223032  0.310510  0.303311  -3
  1  0  0.938300  0.129467  0.303741  0.516632  -7
  1  0  0.938300  0.055796  0.145938 -0.095034  -4
  1  0  0.938300  0.341744 -0.017253  0.231889  -3
  1  0  0.938300 -0.104112  0.159980  0.199784  -5
  1  0  0.938300 -0.133274 -0.097674  0.783330  -1
  1  0  0.938300 -0.027018 -0.008330  0.424212  -5
  1  0  0.938300 -0.276368  0.230638  0.331452  -5
  1  0  0.938300  0.041047  0.138284  0.252835  -3
  1  0  0.938300  0.320105  0.083623  0.628247  -7
  1  0  0.938300  0.086318  0.108950  0.588903  -1
  1  0  0.938300 -0.023649  0.047568  0.455200  -1
  1  0  0.938300  0.016869 -0.091698  0.463361  -3
  1  0  0.938300 -0.014914 -0.147912  0.798970  -5
  1  0  0.938300 -0.166592 -0.097961  0.260941  -4
  1  0  0.938300  0.009567 -0.053211  0.534000  -7
  1  0  0.938300 -0.049222  0.111865  0.109165  -3
  1  0  0.938300  0.057075 -0.102872  0.473274  -6
  1  0  0.938300 -0.044370  0.060236  0.547708  -1
  1  0  0.938300 -0.175412 -0.024803  0.734635  -1
  1  0  0.938300  0.180659  0.030418  0.387235  -2
  1  0  0.938300 -0.189704 -0.049164  0.293000  -4
  1  0  0.938300  0.259640  0.074647  0.340801  -2
  1  0  0.938300 -0.029285 -0.114403  0.267665  -2
  1  0  0.938300 -0.260396  0.189202  0.443295  -5
  1  0  0.938300  0.063871  0.578018  0.468310  -3
  1  0  0.938300 -0.175796  0.841120  0.579621  -2
  1  0  0.938300 -0.064910  0.185696  0.750941  -1
  1  0  0.938300 -0.010141 -0.219941  0.732573  -5
  1  0  0.938300  0.174975  0.134962  0.522875  -3
  1  0  0.938300  0.017898 -0.320394  0.666155  -5
  1  0  0.938300  0.569828 -0.023517  0.427124  -5
  1  0  0.938300  0.141402  0.043463  0.099072  -4
  1  0  0.938300  0.013970 -0.193748  0.623493  -4
  1  0  0.938300 -0.107542 -0.064567  0.180631  -4
  1  0  0.938300  0.126082  0.122992  0.712834  -3
  1  0  0.938300 -0.063688 -0.233886  0.820787  -3
  1  0  0.938300  0.066279  0.162308  0.605771  -1
  1  0  0.938300  0.503273  0.132409  0.346487  -3
  1  0  0.938300  0.321823 -0.149970  0.640389  -5
  1  0  0.938300  0.113475 -0.325526  0.444229  -5
  1  0  0.938300 -0.063149  0.177753  0.410519  -3
  1  0  0.938300 -0.074092 -0.097886  0.503750  -2
  1  0  0.938300 -0.042090  0.072936  0.198124  -3
  1  0  0.938300 -0.002694  0.177609  0.251231  -3
  1  0  0.938300  0.145755  0.221544  0.403673  -2
  1  0  0.938300  0.073138  0.267957  0.249529  -4
  1  0  0.938300 -0.028842  0.265753  0.406153  -5
  1  0  0.938300 -0.181695 -0.059793  0.542979  -9
  1  0  0.938300 -0.201037 -0.155955  0.589920  -6
  1  0  0.938300 -0.423485 -0.374187  0.407350  -2
  1  0  0.938300 -0.025262  0.129006  0.422630  -4
  1  0  0.938300 -0.225969 -0.102200  0.510627  -3
  1  0  0.938300 -0.028688 -0.261443  0.811579  -8
  1  0  0.938300  0.005304  0.197191  0.718843  -1
  1  0  0.938300  0.038485 -0.204840  0.316712  -5
  1  0  0.938300  0.182394 -0.022671  0.462881  -3
  1  0  0.938300  0.026050  0.002193 -0.057823  -2
  1  0  0.938300 -0.200276  0.116669  0.209102  -4
  1  0  0.938300  0.201219 -0.223044  0.477616  -3
  1  0  0.938300 -0.147704 -0.216848  0.499344  -2
  1  0  0.938300 -0.447920 -0.007592  0.593347  -3
  1  0  0.938300  0.035258  0.393885  0.395898  -3
  1  0  0.938300 -0.005612  0.395444  0.611233  -2
  1  0  0.938300 -0.313577  0.053705  0.370454  -6
  1  0  0.938300 -0.495744 -0.026699  0.419195  -4
  1  0  0.938300 -0.032554  0.012169  0.489263  -1
  1  0  0.938300  0.007775  0.037462  0.273240  -4
  1  0  0.938300 -0.335181  0.138309  0.497845  -2
  1  0  0.938300 -0.041069  0.224937  0.180690  -4
  1  0  0.938300 -0.268172  0.310339  0.715803  -2