  1  1  0.938300 -0.016573  0.102579  0.283687   1
  1  1  0.938300  0.141241 -0.019833  0.112675   3
  1  1  0.938300  0.152530  0.023739  0.214186   1
  1  1  0.938300  0.204580  0.281757  0.374259   4
  1  1  0.938300 -0.162447  0.230153  0.213220   4
  1  1  0.938300  0.343055  0.084332  0.091029   3
  1  1  0.938300  0.041714  0.019660  0.451545   4
  1  1  0.938300 -0.224574  0.001074  0.270835   2
  1  0  0.938300  0.056859  0.126562  0.110419   4
  1  1  0.938300  0.106807  0.164917  0.397663   6
  1  1  0.938300  0.207152  0.026546  0.624667   2
  1  1  0.938300  0.198886  0.212071 -0.075542   2
  1  1  0.938300  0.150828 -0.078102  0.098920   1
  1  1  0.938300 -0.116358 -0.061482  0.424242   7
  1  1  0.938300  0.051612  0.021286 -0.054811   1
  1  1  0.938300  0.271891 -0.041995  0.208072   3
  1  1  0.938300  0.164336 -0.141013  0.182978   1
  1  1  0.938300  0.211663 -0.153181  0.155195   3
  1  1  0.938300  0.257709 -0.290324  0.688037   4
  1  1  0.938300  0.169997  0.049560  0.187579   4
  1  1  0.938300  0.085501 -0.050800  0.061949   4
  1  1  0.938300  0.133171 -0.165909  0.031421   3
  1  1  0.938300  0.165099  0.193121  0.153947   4
  1  1  0.938300 -0.058492  0.118849  0.127098   1
  1  1  0.938300 -0.035073  0.469778  0.633800   4
  1  1  0.938300 -0.430006 -0.210090  0.275236   3
  1  1  0.938300  0.336315 -0.299412  0.853928   6
  1  1  0.938300 -0.079594  0.151975  0.672802   8
  1  1  0.938300 -0.170294  0.191386  0.203894   4
  1  1  0.938300  0.364177  0.041558  0.034210   3
  1  1  0.938300  0.234801  0.050825  0.286421   2
  1  1  0.938300  0.139814 -0.117880  0.125648   1
  1  1  0.938300 -0.091169  0.022862  0.224676   4
  1  1  0.938300 -0.092782  0.271863  0.352058   3
  1  1  0.938300  0.309814  0.038455  0.592687   2
  1  1  0.938300  0.032496 -0.253138 -0.043940   3
  1  1  0.938300  0.047956  0.047798  0.040276   1
  1  1  0.938300 -0.143489  0.178918  0.339427   2
  1  1  0.938300  0.168115  0.198102  0.579750   3
  1  1  0.938300 -0.117470 -0.009649  0.106106   2
  1  1  0.938300  0.101672  0.150710  0.235952   5
  1  1  0.938300  0.075196  0.022787  0.527764   5
  1  1  0.938300  0.049623  0.149469  0.463936   5
  1  1  0.938300 -0.059463  0.186416  0.061968   2
  1  1  0.938300 -0.126332 -0.484131  0.136471   5
  1  1  0.938300  0.228715  0.092845  0.349996   3
  1  1  0.938300  0.041363  0.095724  0.355909   3
  1  1  0.938300  0.143060  0.368251  0.223972   4
  1  1  0.938300 -0.479281 -0.186899  0.243313   3
  1  1  0.938300 -0.232587  0.071548  0.941148   5
  1  1  0.938300  0.108683  0.159510  0.140101   1
  1  1  0.938300  0.072405 -0.312577  0.618023   8
  1  1  0.938300 -0.211788 -0.118336  0.438534   4
  1  1  0.938300 -0.006654 -0.110887  0.162395   1
  1  1  0.938300 -0.050342  0.218606  0.447738   3
  1  1  0.938300 -0.238129 -0.200096  0.212069   3
  1  1  0.938300 -0.287907  0.014250  0.213617   2
  1  1  0.938300  0.477316 -0.035894  0.318455   3
  1  1  0.938300  0.178800  0.032355  0.100145   6
  1  1  0.938300  0.116781 -0.071099  0.358254   4
  1  1  0.938300  0.202491  0.395696  0.124639   3
  1  1  0.938300  0.229042 -0.064954 -0.141890   3
  1  1  0.938300  0.608930  0.438271  0.383579   7
  1  1  0.938300  0.162461 -0.123987  0.203888   2
  1  1  0.938300 -0.028818  0.348004  0.733034   4
  1  1  0.938300 -0.189189  0.011999  0.124481   4
  1  1  0.938300 -0.049438 -0.279034  0.381975   2
  1  1  0.938300 -0.161859 -0.030605  0.462957   5
  1  1  0.938300 -0.034521 -0.271464  0.460962   3
  1  1  0.938300  0.017650 -0.045391  0.446965   2
  1  1  0.938300  0.224890 -0.016489  0.174753   1
  1  1  0.938300 -0.143504 -0.147160  0.316529   9
  1  1  0.938300 -0.203420 -0.097422  0.457268   4
  1  1  0.938300  0.079166 -0.012022  0.360356   2
  1  1  0.938300 -0.017763 -0.071156  0.096814   2
  1  1  0.938300 -0.211162  0.059163  0.336371   5
  1  1  0.938300  0.118274  0.610777  0.577157   5
  1  1  0.938300  0.173775  0.126206  0.178300   3
  1  1  0.938300 -0.139542 -0.118966  0.140844   3
  1  0  0.938300  0.067407  0.072831  0.330151   7
  1  0  0.938300 -0.069888  0.049033  0.507554   6
  1  0  0.938300 -0.231466 -0.167762  0.324648   4
  1  0  0.938300  0.320946 -0.183878  0.324844   3
  1  0  0.938300  0.196485 -0.134645  0.469098   2
  1  0  0.938300  0.163623  0.443317  0.449896   6
  1  0  0.938300  0.030774 -0.102241  0.160081   2
  1  0  0.938300  0.496496  0.052944  0.812670   5
  1  0  0.938300 -0.004218  0.226493  0.306616   6
  1  0  0.938300  0.090393  0.103750 -0.088529   1
  1  0  0.938300  0.298524  0.127993  0.618153   5
  1  0  0.938300  0.119570 -0.465213  0.394524   3
  1  0  0.938300  0.053765 -0.107851  0.052497   1
  1  0  0.938300  0.114469  0.055876  0.066082   1
  1  0  0.938300  0.027219  0.057177  0.394363   3
  1  0  0.938300 -0.034881 -0.103377  0.178728   4
  1  0  0.938300  0.347466 -0.165974  0.230751   2
  1  0  0.938300 -0.059104  0.328355  0.414741   4
  1  0  0.938300 -0.023665 -0.089049 -0.061154   1
  1  0  0.938300 -0.103580 -0.350458  0.787332   4
  1  0  0.938300 -0.278216  0.058469  0.194683   2
  1  0  0.938300  0.375545 -0.046998  0.438588   3
  1  0  0.938300 -0.167115 -0.128083  0.086561   1
  1  0  0.938300 -0.125299 -0.315192  0.328783   4
  1  0  0.938300 -0.033248 -0.146789 -0.022670   2
  1  0  0.938300  0.033798 -0.146065  0.288726   1
  1  0  0.938300  0.452949 -0.073166  0.493768   2
  1  0  0.938300  0.153881 -0.016203  0.322741   4
  1  0  0.938300  0.381753 -0.032538  0.100685   4
  1  0  0.938300  0.108423 -0.037386  0.096711   4
  1  0  0.938300  0.110990 -0.066714 -0.049128   7
  1  0  0.938300 -0.037323  0.086650  0.208283   2
  1  0  0.938300  0.298424  0.411733  0.138241   2
  1  0  0.938300  0.033203  0.050696  0.467563   2
  1  0  0.938300  0.245105 -0.474918  0.164101   5
  1  0  0.938300  0.061544 -0.007976  0.141195   3
  1  0  0.938300 -0.379065  0.079310  0.447960   3
  1  0  0.938300  0.127972  0.130654  0.211553   2
  1  0  0.938300 -0.080663  0.216307  0.355469   2
  1  0  0.938300 -0.220456  0.059948  0.219852   3
  1  0  0.938300  0.528728 -0.162617  0.139373   2
  1  0  0.938300  0.267263 -0.097477  0.728456   6
  1  0  0.938300  0.093987 -0.082295  0.074796   1
  1  0  0.938300  0.063049  0.207502  0.585662   4
  1  0  0.938300 -0.218878 -0.184428  0.723211   3
  1  0  0.938300 -0.155379 -0.250277  0.361778   5
  1  0  0.938300 -0.187145  0.328718  1.192370   4
  1  0  0.938300 -0.370558  0.439437  0.599805   4
  1  0  0.938300 -0.286570  0.060108 -0.077916   2
  1  0  0.938300  0.035729 -0.063496  0.596084   3
  1  0  0.938300  0.114875  0.148069  0.443610   4
  1  0  0.938300  0.100891  0.015966  0.239087   2
  1  0  0.938300  0.395739 -0.068709  0.016298   5
  1  0  0.938300  0.248299 -0.101048 -0.032564   2
  1  0  0.938300  0.347243 -0.130119  0.228675   5
  1  0  0.938300 -0.027410 -0.110756  0.272898   6
  1  0  0.938300  0.610237 -0.312191  0.233708   5
  1  0  0.938300 -0.268560 -0.416694  0.274287   5
  1  0  0.938300  0.057113 -0.147839  0.212320   1
  1  0  0.938300 -0.150337 -0.286113  0.682721   4
  1  0  0.938300  0.090328  0.140770  0.492033   3
  1  0  0.938300  0.117535  0.347339  0.493221   6
  1  0  0.938300 -0.239831 -0.183873  0.612727   3
  1  0  0.938300  0.075477  0.166472  0.042212   1
  1  0  0.938300 -0.152322  0.024701  0.662691   3
  1  0  0.938300  0.052412 -0.013524  0.104933   2
  1  0  0.938300  0.023332 -0.071908  0.061044   1
  1  0  0.938300 -0.068590  0.089494  0.057587   1
  1  0  0.938300  0.105359 -0.064446  0.425236   6
  1  0  0.938300  0.086446  0.252214  0.092143   2
  1  0  0.938300  0.097258 -0.204163  0.732512   3
  1  0  0.938300 -0.003242  0.183333  0.320800   4
  1  0  0.938300  0.181688 -0.131001  0.543115   3
  1  0  0.938300  0.013575 -0.443348  0.227333   2
  1  0  0.938300  0.064445 -0.181875  0.229830   4
  1  0  0.938300 -0.302631  0.255521  0.226381   4
  1  0  0.938300  0.115080  0.185720  0.550690   4
  1  0  0.938300  0.051067  0.175116  0.230335   2
  1  0  0.938300  0.127299  0.171832  0.241605   3
  1  0  0.938300 -0.222275  0.162653 -0.059077   2
  1  0  0.938300  0.065034 -0.080721 -0.132588   1
  1  0  0.938300  0.114841 -0.210308  0.250880   2
  1  0  0.938300 -0.263500 -0.087568  0.464342   2
  1  0  0.938300  0.322622 -0.164825  0.347238   4
  1  0  0.938300 -0.154933  0.157714  0.318377   3
  1  0  0.938300 -0.321055 -0.059728  0.639446   4
  1  0  0.938300 -0.057742  0.018985  0.145748   1
  1  0  0.938300  0.192398  0.031902  0.484140   7
  1  0  0.938300 -0.121647  0.147991  0.052754   1
  1  0  0.938300 -0.116811 -0.119803  0.012991   1
  1  0  0.938300 -0.009857  0.022490 -0.102446   1
  1  0  0.938300 -0.178330  0.041241  0.198765   1
  1  0  0.938300 -0.086793  0.036885  0.221887   8
  1  0  0.938300  0.078009  0.169093  0.311705   1
  1  0  0.938300  0.282368 -0.188256 -0.169672   5
  1  0  0.938300 -0.036511  0.209856  0.429774   2
  1  0  0.938300  0.020888  0.093610  0.291995   2
  1  0  0.938300 -0.068095  0.168759 -0.014902   3
  1  0  0.938300  0.019160 -0.154063  0.147918   1
  1  0  0.938300 -0.217586  0.018308  0.464168   4
  1  0  0.938300 -0.082758 -0.122672  0.621145   2
  1  0  0.938300 -0.055316  0.165629  0.323596   4
  1  0  0.938300 -0.303025 -0.082636  0.743164   2
  1  0  0.938300  0.257367  0.302378  0.679327   2
  1  0  0.938300  0.103191 -0.015241 -0.054164   2
  1  0  0.938300 -0.054833 -0.149262  0.226678   2
  1  0  0.938300 -0.094954 -0.095785  0.124003   1
  1  0  0.938300 -0.358218  0.119600  0.672718   8
  1  0  0.938300 -0.145142 -0.381760  0.435029   8
  1  0  0.938300  0.071934  0.051181 -0.088658   1
  1  0  0.938300  0.205449 -0.265658  0.103161   5
  1  0  0.938300 -0.092955 -0.028941  0.173140   2
  1  0  0.938300  0.197162 -0.056510  0.162292   8
  1  0  0.938300 -0.117919  0.340393  0.359257   8
  1  0  0.938300 -0.050546  0.392112  0.465757   2
  1  0  0.938300 -0.265909 -0.064020  0.268912   8
  1  0  0.938300  0.186138  0.176501  0.666186   6
  1  0  0.938300  0.200856 -0.151140  0.197694   4
  1  1  0.938300  0.179166  0.118216  0.583977  -2
  1  1  0.938300  0.004402  0.478157  0.440050  -2
  1  1  0.938300  0.067449  0.542130  0.918268  -2
  1  1  0.938300 -0.039061  0.274649  0.372443  -4
  1  1  0.938300  0.002789 -0.212838  0.613725  -4
  1  1  0.938300  0.322043  0.045161  0.681782  -4
  1  1  0.938300 -0.022382 -0.082624  0.480003  -1
  1  1  0.938300 -0.197625  0.128739  0.298520  -4
  1  1  0.938300 -0.228447  0.406886  0.679685  -3
  1  1  0.938300 -0.058064  0.013302  0.460980  -4
  1  1  0.938300  0.024952  0.323415  0.695102  -2
  1  1  0.938300 -0.006871  0.057983  0.974324  -4
  1  1  0.938300  0.006981  0.026706  0.336808  -3
  1  1  0.938300 -0.025830  0.105305  0.348533  -5
  1  1  0.938300  0.242871 -0.068883  0.062044  -3
  1  1  0.938300  0.086980 -0.034742  0.168007  -3
  1  1  0.938300 -0.044173 -0.073330  0.177524  -5
  1  1  0.938300  0.185595  0.306215  0.305465  -3
  1  1  0.938300 -0.040634  0.079971  0.249903  -5
  1  1  0.938300  0.178177 -0.062223  0.457349  -3
  1  1  0.938300 -0.463057 -0.114036  0.378245  -3
  1  1  0.938300  0.015429  0.160196  0.326152  -5
  1  1  0.938300 -0.081794 -0.025755  0.687247  -2
  1  1  0.938300  0.122186 -0.456399  0.995445  -2
  1  1  0.938300  0.011362  0.011256  0.392838  -3
  1  1  0.938300  0.117604 -0.052667  0.137777  -3
  1  1  0.938300 -0.285061  0.100729  0.415721  -3
  1  1  0.938300  0.188802 -0.353660  0.436566  -7
  1  1  0.938300  0.043360  0.282016  0.484244  -2
  1  1  0.938300 -0.046852 -0.231701  0.402548  -3
  1  1  0.938300 -0.093134 -0.124129  0.390695  -3
  1  1  0.938300  0.133309 -0.169922  0.073425  -2
  1  1  0.938300 -0.045826  0.284429  0.116703  -5
  1  1  0.938300 -0.060874  0.212858  0.695445  -2
  1  1  0.938300  0.143354 -0.042523  0.683500  -3
  1  1  0.938300 -0.088850  0.234073  0.268862  -6
  1  1  0.938300 -0.037019  0.118592  0.209337  -5
  1  1  0.938300 -0.038917 -0.062896  0.153643  -4
  1  1  0.938300  0.170993 -0.189978  0.767680  -1
  1  1  0.938300  0.094681  0.056775  0.186169  -2
  1  1  0.938300 -0.053189 -0.002376  0.392651  -6
  1  1  0.938300 -0.164564 -0.432765  0.260197  -3
  1  1  0.938300 -0.194470 -0.061469  0.406619  -4
  1  1  0.938300  0.217197 -0.151444  0.713899  -4
  1  1  0.938300 -0.004449 -0.264699  0.603613  -7
  1  1  0.938300 -0.122955  0.508557  0.607245  -3
  1  1  0.938300  0.047148 -0.408176 -0.045471  -3
  1  1  0.938300  0.452971 -0.163041  0.428539  -5
  1  1  0.938300 -0.071267 -0.067412  0.497687  -3
  1  1  0.938300  0.096656  0.138500  0.823162  -1
  1  1  0.938300  0.105019 -0.134100  0.510806  -1
  1  1  0.938300 -0.059867 -0.101845  0.615373  -2
  1  1  0.938300  0.032987 -0.357041  0.597354  -4
  1  1  0.938300  0.174295  0.271275  0.454877  -2
  1  1  0.938300 -0.040906 -0.061625  0.481855  -3
  1  1  0.938300 -0.457621  0.437298  0.045008  -4
  1  1  0.938300  0.182952 -0.235011  0.647841  -2
  1  1  0.938300  0.175780  0.072426  0.548828  -1
  1  1  0.938300  0.160434 -0.198874  0.545149  -3
  1  1  0.938300 -0.026837 -0.206727  0.576443  -1
  1  1  0.938300  0.011166  0.120359  0.478694  -7
  1  1  0.938300  0.044996 -0.035389  0.527184  -4
  1  1  0.938300  0.111727 -0.472834  0.574546  -3
  1  1  0.938300  0.278450  0.075476  0.316062  -4
  1  1  0.938300  0.262783 -0.428610  0.161781  -3
  1  1  0.938300 -0.013004  0.024252  0.739684  -1
  1  1  0.938300 -0.177968  0.037195  0.645471  -1
  1  1  0.938300 -0.299662  0.432622  0.501510  -4
  1  1  0.938300 -0.096419 -0.023228  0.420698  -3
  1  1  0.938300 -0.101020  0.187618  0.276245  -3
  1  1  0.938300  0.090569  0.128454  0.816893  -3
  1  1  0.938300 -0.147921  0.379829  0.687332  -2
  1  1  0.938300 -0.040225  0.130792  0.474502  -9
  1  1  0.938300 -0.101177 -0.183818  0.533519  -2
  1  1  0.938300  0.023821 -0.052823  0.576409  -1
  1  1  0.938300 -0.072283  0.098800  0.751130  -1
  1  1  0.938300  0.124928  0.072942  0.514420  -5
  1  1  0.938300 -0.014793 -0.139580  0.298416  -4
  1  1  0.938300  0.135927 -0.172362  0.101723  -4
  1  0  0.938300  0.049486  0.149809  0.973508  -1
  1  0  0.938300 -0.173986  0.093543  0.527522  -3
  1  0  0.938300 -0.054152  0.138446  0.602013  -1
  1  0  0.938300 -0.218387 -0.301720  0.495496  -2
  1  0  0.938300 -0.281403 -0.030523  0.528350 -10
  1  0  0.938300  0.195131  0.225866  0.486734  -2
  1  0  0.938300 -0.131652 -0.138454  0.777993  -2
  1  0  0.938300 -0.032453  0.059483  0.660205  -5
  1  0  0.938300  0.090466 -0.280789 -0.047416  -5
  1  0  0.938300  0.061581  0.353988  0.519780  -3
  1  0  0.938300 -0.155897 -0.367702  0.377215  -7
  1  0  0.938300 -0.050837 -0.126088  0.522480  -2
  1  0  0.938300  0.190794  0.103063  0.215821  -5
  1  0  0.938300 -0.257123  0.141152 -0.027876  -4
  1  0  0.938300 -0.155597 -0.148160  0.474551  -1
  1  0  0.938300 -0.134132 -0.119009  0.791193  -2
  1  0  0.938300  0.250323 -0.015202  0.158834  -9
  1  0  0.938300  0.370248  0.019281  0.137080  -3
  1  0  0.938300 -0.234475  0.035174  0.296357  -6
  1  0  0.938300 -0.236041  0.081149  0.220109  -5
  1  0  0.938300 -0.287830 -0.077805  0.187196  -3
  1  0  0.938300  0.246031 -0.132434  0.195931  -2
  1  0  0.938300 -0.195629 -0.026841  0.662194  -3
  1  0  0.938300  0.026788  0.086248  0.032084  -7
  1  0  0.938300  0.058768  0.085971  0.672519  -1
  1  0  0.938300 -0.064431 -0.253760  0.292615  -5
  1  0  0.938300 -0.018494  0.032748  0.839351  -1
  1  0  0.938300  0.185493 -0.098812  1.154367  -6
  1  0  0.938300  0.113248  0.061479  0.426239  -2
  1  0  0.938300  0.265228 -0.186873  0.542976  -4
  1  0  0.938300  0.266520 -0.118088  0.214790  -4
  1  0  0.938300  0.278433  0.027555  0.721099  -5
  1  0  0.938300  0.231345 -0.203754  0.662496  -2
  1  0  0.938300 -0.092894  0.030922  0.385775  -5
  1  0  0.938300 -0.026686  0.066770  0.669771  -1
  1  0  0.938300  0.339487  0.190439  0.247641  -2
  1  0  0.938300 -0.008134 -0.014626  0.802573  -1
  1  0  0.938300  0.197777 -0.061996  0.708822  -2
  1  0  0.938300 -0.488774 -0.109181  0.274288  -3
  1  0  0.938300  0.024973  0.053443  0.913750  -2
  1  0  0.938300 -0.148010 -0.112353  0.500606  -7
  1  0  0.938300  0.229886  0.003492  0.260362  -6
  1  0  0.938300  0.262110 -0.058205  0.524710  -5
  1  0  0.938300 -0.015868  0.270190  0.229400  -5
  1  0  0.938300 -0.064008  0.010649  0.445175  -1
  1  0  0.938300  0.082714 -0.067402  0.619687  -2
  1  0  0.938300 -0.005237 -0.134808  0.419777  -2
  1  0  0.938300  0.109745  0.175341  0.772523  -3
  1  0  0.938300  0.197066 -0.085859  0.066800  -2
  1  0  0.938300 -0.203958 -0.076815  0.417084  -3
  1  0  0.938300 -0.178548 -0.725093  0.935788  -5
  1  0  0.938300  0.085156 -0.126222  0.757668  -1
  1  0  0.938300 -0.172500 -0.185656  0.262671  -3
  1  0  0.938300 -0.310074  0.170876  0.530474  -5
  1  0  0.938300  0.166660  0.025612  0.780310  -1
  1  0  0.938300 -0.179285 -0.168290  0.801301  -6
  1  0  0.938300 -0.152904 -0.107573  0.269534  -2
  1  0  0.938300 -0.080807 -0.114817 -0.049442  -6
  1  0  0.938300 -0.511904  0.051563  0.167356  -3
  1  0  0.938300 -0.333095  0.124538  0.223652  -3
  1  0  0.938300 -0.144342 -0.063662  0.420563  -3
  1  0  0.938300 -0.176798  0.346823  0.493029  -2
  1  0  0.938300  0.282069  0.077874  0.589081  -3
  1  0  0.938300 -0.026653  0.173990  0.197255  -5
  1  0  0.938300  0.160029 -0.106947  0.446458  -9
  1  0  0.938300 -0.283030 -0.294739  0.660453  -3
  1  0  0.938300 -0.043729 -0.171045  0.481598  -3
  1  0  0.938300  0.039506 -0.296015  0.536753  -3
  1  0  0.938300  0.022398  0.029169  0.546645  -4
  1  0  0.938300 -0.112180 -0.136126  0.365235  -3
  1  0  0.938300 -0.085761 -0.064804  0.246676  -2
  1  0  0.938300 -0.294806 -0.495181  0.700942  -2
  1  0  0.938300  0.137237 -0.031199  0.362858  -9
  1  0  0.938300  0.175531 -0.017418  0.452352  -4
  1  0  0.938300  0.127892  0.188311  0.432943  -3
  1  0  0.938300  0.055346  0.187239  0.227341  -2
  1  0  0.938300 -0.004848 -0.212026  0.046819  -6
  1  0  0.938300 -0.066075  0.220148  0.594825  -2
  1  0  0.938300  0.196016  0.045912  0.442070  -6
  1  0  0.938300 -0.164139 -0.239864  0.266965  -2
  1  0  0.938300 -0.061408 -0.185682  0.346907  -3
  1  0  0.938300  0.193911 -0.061310  0.488542  -4
  1  0  0.938300 -0.328634 -0.036549  0.480070  -5
  1  0  0.938300  0.109526  0.188497  0.440326  -2
  1  0  0.938300  0.106913 -0.034614  0.443716  -2
  1  0  0.938300  0.098176  0.034636  0.299366  -3
  1  0  0.938300  0.137881 -0.056042  0.647821  -4
  1  0  0.938300 -0.502163 -0.239420  0.112762  -5
  1  0  0.938300 -0.191208 -0.044483  0.632613  -1
  1  0  0.938300  0.172637 -0.006460  0.793144  -1
  1  0  0.938300  0.312872  0.157924  0.250402  -5
  1  0  0.938300 -0.147976 -0.025152  0.450143  -2
  1  0  0.938300  0.084186 -0.037412  0.490077  -4
  1  0  0.938300 -0.269115 -0.063396  0.744651  -2
  1  0  0.938300 -0.323254 -0.187608  0.359057  -3
  1  0  0.938300  0.032639 -0.226560  0.124886 -10
  1  0  0.938300 -0.041085  0.159665  0.291432  -5
  1  0  0.938300  0.058634  0.123176  0.779394  -4
  1  0  0.938300  0.055597  0.229154  0.547804  -3
  1  0  0.938300 -0.143191 -0.013547  0.324796  -4
  1  0  0.938300 -0.337294  0.192156  0.172621  -4
  1  0  0.938300  0.142183 -0.001150  0.622571  -2
  1  0  0.938300 -0.040945  0.209315  0.229727  -5
  1  0  0.938300 -0.239449  0.136741  0.177625  -2
  1  0  0.938300  0.106847  0.038631  0.363871  -4
  1  0  0.938300  0.153790 -0.017624  0.363651  -5
  1  0  0.938300  0.144486  0.129110  0.554421  -3
  1  0  0.938300  0.136936  0.252429  0.434635  -3
  1  0  0.938300  0.113887  0.032751  0.595309  -3
  1  0  0.938300  0.110627  0.078199  0.276410  -6
  1  0  0.938300  0.132819 -0.341693  0.194040  -3
  1  0  0.938300 -0.188106 -0.079836  0.225909  -3
  1  0  0.938300 -0.050965 -0.314083  0.578011  -4
  1  0  0.938300 -0.164846 -0.078397  0.398021  -2
  1  0  0.938300  0.097075 -0.108342  0.737805  -1
  1  0  0.938300 -0.117134 -0.072702  0.279928  -2
  1  0  0.938300 -0.181610  0.016427  0.468782  -1
  1  0  0.938300  0.001649  0.235726  0.579343  -5