  1  1  0.938300 -0.047266 -0.240284  0.397285   2
  1  1  0.938300  0.195895 -0.092888  0.091354   5
  1  1  0.938300  0.041444 -0.050681  0.468798   4
  1  1  0.938300 -0.264568  0.105001  0.315088   5
  1  0  0.938300 -0.259068  0.000451  0.457920   8
  1  1  0.938300 -0.484921 -0.042255  0.675656   5
  1  1  0.938300  0.100097 -0.385936  0.080481   4
  1  1  0.938300 -0.016894 -0.113327  0.540280   7
  1  1  0.938300 -0.108524  0.054572  0.327420   8
  1  1  0.938300  0.038809 -0.015085 -0.114209   1
  1  1  0.938300  0.053554 -0.137201  0.169258   1
  1  1  0.938300 -0.028409 -0.028544  0.140544   2
  1  1  0.938300  0.101225  0.121043  0.382008   7
  1  1  0.938300 -0.263106 -0.155093  0.495086   7
  1  1  0.938300  0.400898 -0.029687  0.790567   3
  1  1  0.938300  0.420346  0.043281  0.267496   3
  1  1  0.938300  0.154033 -0.341223  0.436326   4
  1  1  0.938300  0.046986  0.387319 -0.085225   4
  1  1  0.938300 -0.217453 -0.027159  0.666266   3
  1  1  0.938300  0.308480 -0.043497  0.157414   4
  1  1  0.938300  0.112950  0.388043 -0.089180   2
  1  1  0.938300  0.246727  0.370066  0.373269   5
  1  1  0.938300 -0.523561  0.032111  0.595727   5
  1  1  0.938300  0.145471 -0.103149  0.544987   2
  1  1  0.938300  0.257601  0.613234  0.328180   2
  1  1  0.938300 -0.114141 -0.184630  0.789782   4
  1  1  0.938300  0.253869  0.013398  0.063647   2
  1  1  0.938300  0.181014  0.126130  0.295543   4
  1  1  0.938300  0.011288 -0.255334  0.378382   6
  1  1  0.938300  0.087448 -0.061039 -0.003493   1
  1  1  0.938300  0.028427 -0.009073  0.134947   1
  1  1  0.938300 -0.430102  0.109655  0.196375   3
  1  1  0.938300 -0.013901  0.035757  0.046447   1
  1  1  0.938300  0.113285 -0.013790  0.534597   2
  1  1  0.938300 -0.387024  0.122454  0.338159   2
  1  1  0.938300  0.126056  0.142456  0.648554   3
  1  1  0.938300 -0.102376 -0.092241  0.648160   2
  1  1  0.938300 -0.722557 -0.086096  0.176667   3
  1  1  0.938300 -0.064044 -0.116550 -0.007635   2
  1  1  0.938300 -0.075053 -0.134730  0.400199   2
  1  1  0.938300 -0.020815  0.087626 -0.130255   1
  1  1  0.938300 -0.051150  0.199069  0.550506   2
  1  1  0.938300 -0.007494 -0.155318  0.506339   3
  1  1  0.938300 -0.190989 -0.339113  0.458873   5
  1  0  0.938300 -0.457738  0.295337  0.057426   9
  1  1  0.938300  0.048677  0.054490  0.246518   1
  1  1  0.938300 -0.480089 -0.244739  0.020126   6
  1  1  0.938300 -0.202191 -0.129838  0.379458   4
  1  1  0.938300  0.221964  0.294026  0.135278   3
  1  1  0.938300  0.110571 -0.081282  0.501653   7
  1  1  0.938300 -0.115985  0.347218  0.403199   2
  1  1  0.938300 -0.037665  0.111204  0.094646   4
  1  1  0.938300 -0.146389 -0.210905  0.064087   2
  1  1  0.938300 -0.179968 -0.129081  0.384357   4
  1  1  0.938300  0.007774  0.117136  0.074733   6
  1  1  0.938300 -0.036185  0.380357  0.097998   2
  1  1  0.938300 -0.343392  0.150129  0.188252   7
  1  1  0.938300 -0.274764  0.124426  0.120202   2
  1  1  0.938300 -0.091681  0.190648  0.358650   5
  1  1  0.938300 -0.143561  0.062932  0.411716   3
  1  1  0.938300 -0.429910 -0.159657  0.189183   5
  1  1  0.938300 -0.122357 -0.197024  0.048650   7
  1  1  0.938300  0.151996  0.490744  0.526767   5
  1  1  0.938300 -0.428018 -0.222534  0.486170   3
  1  1  0.938300 -0.079960 -0.011338  0.034467   7
  1  1  0.938300 -0.049045  0.090571  0.019315   1
  1  1  0.938300  0.001630  0.124860  0.044906   1
  1  1  0.938300  0.149913 -0.149915  0.170548   3
  1  1  0.938300 -0.057373  0.270289  0.312299   2
  1  1  0.938300  0.077079  0.449468  0.154756   3
  1  1  0.938300  0.379290 -0.100601  0.161479   3
  1  1  0.938300 -0.062801  0.221824  0.362114   2
  1  1  0.938300 -0.146296 -0.174167  0.145602   3
  1  1  0.938300 -0.156064  0.345578  0.467432   4
  1  1  0.938300  0.071338 -0.312884  0.212346   3
  1  1  0.938300  0.127517  0.217070  0.343981   4
  1  1  0.938300  0.133375  0.384580  0.100355   2
  1  1  0.938300  0.064016  0.016141 -0.079680   1
  1  1  0.938300 -0.167059 -0.060654  0.101959   1
  1  0  0.938300  0.142606 -0.363938  0.208798   5
  1  0  0.938300 -0.438147  0.282925  0.648278   6
  1  0  0.938300  0.099545 -0.179263  0.091024   2
  1  0  0.938300  0.148812  0.161445  0.213893   3
  1  0  0.938300 -0.286733  0.006204  0.481298   2
  1  1  0.938300 -0.025631  0.055716  0.344082   3
  1  0  0.938300 -0.134637 -0.179006  0.294787   4
  1  0  0.938300 -0.191116 -0.086272  0.231160   2
  1  0  0.938300  0.102929  0.023206  0.197436   8
  1  0  0.938300 -0.118628  0.074357  0.090739   3
  1  0  0.938300  0.084994 -0.143899  0.146556   1
  1  0  0.938300 -0.082154 -0.021373  0.470951   3
  1  0  0.938300  0.009729  0.108616  0.261010   2
  1  1  0.938300  0.406814 -0.045191  0.158798   7
  1  0  0.938300 -0.199386 -0.039873  0.039231   5
  1  0  0.938300 -0.044688  0.064243  0.394880   4
  1  0  0.938300  0.043965 -0.091672  0.362911   3
  1  0  0.938300  0.074261 -0.028568  0.524473   6
  1  0  0.938300  0.000550  0.088496  0.012693   2
  1  0  0.938300 -0.125176  0.316792  0.360565   4
  1  0  0.938300 -0.184871 -0.042589  0.136556   1
  1  0  0.938300  0.308823  0.037724  0.105269   2
  1  0  0.938300  0.199882 -0.016045  0.181379   1
  1  0  0.938300 -0.142562  0.230411  0.461805   3
  1  0  0.938300 -0.386948  0.044183  0.421801   2
  1  0  0.938300  0.209029  0.000527 -0.101367   3
  1  0  0.938300 -0.069962  0.471992  0.482869   2
  1  0  0.938300  0.432810 -0.008693  0.259628   4
  1  1  0.938300 -0.066096 -0.119942  0.470692   5
  1  0  0.938300  0.147666  0.002828 -0.007967   1
  1  0  0.938300  0.181668 -0.037193  0.417845   5
  1  0  0.938300 -0.167334  0.391554  0.511369   2
  1  0  0.938300 -0.046188  0.612214  0.271016   2
  1  0  0.938300 -0.488923  0.017034  0.112449   2
  1  0  0.938300  0.091392  0.156851  0.164481   2
  1  0  0.938300  0.274402  0.278054  0.338204   3
  1  0  0.938300  0.235787 -0.062242  0.345856   7
  1  0  0.938300  0.008900 -0.075246  0.449340   5
  1  0  0.938300 -0.039029 -0.074081  0.398002   4
  1  0  0.938300 -0.016527 -0.106555 -0.051752   1
  1  0  0.938300  0.220557  0.078429  0.448528   3
  1  0  0.938300 -0.061237 -0.047827 -0.177766   1
  1  0  0.938300  0.014087  0.007534  0.171871   2
  1  0  0.938300 -0.178518 -0.024080  0.316851   7
  1  0  0.938300  0.012447 -0.000574  0.640504   5
  1  0  0.938300 -0.074008 -0.023141 -0.063417   1
  1  0  0.938300  0.132114  0.014089  0.223791   2
  1  0  0.938300  0.178486 -0.086374  0.092680   2
  1  0  0.938300  0.094914  0.049295 -0.097226   3
  1  0  0.938300 -0.229042 -0.181455  0.564489   5
  1  0  0.938300  0.263256  0.083403 -0.006144   5
  1  0  0.938300  0.127692 -0.073859  0.095767   4
  1  0  0.938300 -0.395226 -0.101336  0.224772   3
  1  0  0.938300 -0.003495 -0.248388  0.376320   4
  1  0  0.938300  0.126242 -0.065264  0.235332   1
  1  0  0.938300  0.058749 -0.235204  0.138382   3
  1  0  0.938300  0.063379 -0.347259  0.318958   2
  1  0  0.938300 -0.007599  0.134351 -0.045962   1
  1  0  0.938300  0.317997  0.306461  0.379962   5
  1  0  0.938300 -0.136910  0.002669  0.211487   1
  1  0  0.938300  0.018822  0.007124  0.230500   4
  1  0  0.938300  0.180602 -0.262318  0.234185   3
  1  0  0.938300  0.168683 -0.013653  0.292399   6
  1  0  0.938300 -0.222127  0.340546  0.554225   3
  1  0  0.938300  0.074782 -0.140182  0.129644   6
  1  0  0.938300  0.346729 -0.427829  0.786298   6
  1  0  0.938300 -0.299814  0.054346  0.098255   2
  1  0  0.938300  0.098705  0.207038  0.341519   4
  1  0  0.938300 -0.481454  0.179830  0.488014   5
  1  0  0.938300 -0.082928  0.066776  0.357107   3
  1  0  0.938300 -0.256107  0.084498  0.265520   5
  1  0  0.938300 -0.118364 -0.163766  0.426530   4
  1  0  0.938300  0.389193  0.168879  0.516106   5
  1  0  0.938300  0.041344  0.082321  0.173752   2
  1  0  0.938300  0.071600 -0.015962  0.221218   1
  1  0  0.938300 -0.120057  0.084676  0.067753   1
  1  0  0.938300  0.034727 -0.137692  0.668926   5
  1  0  0.938300 -0.235486  0.262015  0.107487   2
  1  0  0.938300  0.096851 -0.011394  0.300963   1
  1  0  0.938300  0.218598 -0.220363  0.353703   2
  1  0  0.938300 -0.025813  0.165112  0.345421   6
  1  0  0.938300  0.046750  0.043917  0.208484   2
  1  0  0.938300  0.228958 -0.101894  0.457662  10
  1  0  0.938300 -0.042530  0.044099  0.367596   4
  1  0  0.938300 -0.171139 -0.092753  0.393324   2
  1  0  0.938300  0.535513  0.413904  0.106077   6
  1  0  0.938300 -0.060893  0.056301 -0.056326   2
  1  0  0.938300 -0.246213  0.354708  0.755873   4
  1  0  0.938300  0.011125  0.154356  0.272778   2
  1  0  0.938300  0.168314 -0.104097  0.293163   7
  1  0  0.938300  0.124208  0.194407  0.299121   2
  1  0  0.938300  0.076202  0.032498  0.139134   1
  1  0  0.938300 -0.317013  0.070016  0.166386   5
  1  0  0.938300  0.083813  0.114224  0.159292   3
  1  0  0.938300  0.154265  0.042899  0.214548   3
  1  0  0.938300  0.126679  0.100286  0.024517   1
  1  0  0.938300  0.101729 -0.006892  0.217939   3
  1  0  0.938300  0.056919 -0.463975  0.405709   2
  1  0  0.938300  0.191025 -0.205424  0.682849   4
  1  0  0.938300  0.060133 -0.154318  0.300127   7
  1  0  0.938300  0.275165  0.192620  0.405924   3
  1  0  0.938300 -0.071452  0.009234 -0.102806   1
  1  0  0.938300 -0.318826  0.383409  0.178746   2
  1  0  0.938300  0.172202  0.285696  0.487881   5
  1  0  0.938300  0.354895 -0.224416  0.190644   3
  1  0  0.938300  0.075645  0.097847  0.591127   4
  1  0  0.938300 -0.188801 -0.084736  0.423968   4
  1  0  0.938300  0.153698  0.080729  0.216478   7
  1  0  0.938300  0.172814 -0.187853  0.337009   2
  1  0  0.938300  0.215975  0.259772  0.185490   6
  1  0  0.938300  0.151541 -0.094226  0.047285   2
  1  0  0.938300 -0.139683 -0.309359  0.233703   2
  1  0  0.938300  0.143842  0.031485  0.098794   2
  1  0  0.938300 -0.114444 -0.190127  0.160458   2
  1  0  0.938300 -0.084528 -0.216078  0.630601   4
  1  0  0.938300 -0.541724  0.074042  0.205101   4
  1  0  0.938300  0.008613 -0.095819 -0.146770   1
  1  0  0.938300 -0.010125 -0.079991  0.057583   5
  1  1  0.938300  0.187475  0.014898  0.177964  -2
  1  1  0.938300  0.137581 -0.032766  0.465751  -2
  1  1  0.938300  0.019574  0.313737  0.578194  -3
  1  1  0.938300  0.019558  0.059869  0.722845  -1
  1  1  0.938300  0.170240  0.045011  0.802426  -1
  1  1  0.938300 -0.094397  0.137112  0.598939  -2
  1  1  0.938300  0.012619 -0.444609  0.122514  -2
  1  1  0.938300  0.136458  0.227071  0.195239  -4
  1  1  0.938300 -0.069391 -0.170984  0.477445  -3
  1  1  0.938300 -0.041061  0.286986  0.417322  -5
  1  1  0.938300 -0.340704 -0.014408  0.443397  -6
  1  1  0.938300 -0.117918  0.007043  0.559422  -2
  1  1  0.938300  0.124288  0.132778  0.169877  -4
  1  1  0.938300  0.209552  0.132736  0.323576  -2
  1  0  0.938300  0.217965 -0.218498  0.643994  -2
  1  1  0.938300  0.040846  0.068379  0.698598  -1
  1  1  0.938300 -0.002578  0.130111  0.659179  -1
  1  1  0.938300  0.177592  0.003269  0.750441  -2
  1  1  0.938300  0.102702 -0.268885  0.496615  -4
  1  1  0.938300 -0.112591 -0.059664  0.546499  -4
  1  1  0.938300  0.155823 -0.340926  0.410457  -3
  1  1  0.938300  0.237510 -0.020752  0.348454  -7
  1  1  0.938300 -0.424930 -0.132646  0.434542  -3
  1  1  0.938300 -0.335473  0.246001  0.569393  -2
  1  1  0.938300  0.072704 -0.104427  0.228984  -2
  1  1  0.938300  0.213686  0.003599  0.527899  -4
  1  1  0.938300 -0.040281 -0.005035  0.375727  -2
  1  1  0.938300 -0.114316 -0.122176  0.758272  -1
  1  1  0.938300 -0.060222  0.015592  0.535193  -1
  1  1  0.938300 -0.144335  0.032171  0.836771  -2
  1  1  0.938300 -0.036076  0.348204  0.559675  -3
  1  1  0.938300  0.299468  0.044291  0.408041  -5
  1  1  0.938300 -0.231127  0.107192  0.072585  -2
  1  1  0.938300  0.326689 -0.051796  0.784615  -2
  1  1  0.938300  0.397399 -0.185827  0.820117  -2
  1  1  0.938300 -0.087760  0.456651  0.368983  -8
  1  1  0.938300  0.026684 -0.077408  0.470210  -1
  1  1  0.938300 -0.050337  0.086020  0.431727  -7
  1  1  0.938300  0.174951 -0.170734  0.451689  -6
  1  1  0.938300  0.129849  0.116439  0.748386  -2
  1  1  0.938300  0.071413  0.011970  0.445968  -1
  1  1  0.938300  0.030151 -0.045955  0.674066  -3
  1  0  0.938300  0.063719  0.025282  0.249169  -6
  1  1  0.938300 -0.263945 -0.396333  0.011653  -3
  1  1  0.938300  0.205498 -0.065175  0.261142  -3
  1  1  0.938300 -0.287064  0.339934  0.062553  -4
  1  1  0.938300 -0.098793 -0.026999  0.393171  -4
  1  1  0.938300  0.228341  0.378618  0.356734  -6
  1  1  0.938300 -0.277937 -0.502773  0.237166  -5
  1  1  0.938300  0.328001 -0.239070  0.331229  -3
  1  1  0.938300 -0.121273 -0.217429 -0.004721  -7
  1  1  0.938300  0.077742 -0.162111  0.308762  -7
  1  1  0.938300  0.405607 -0.078374  0.518107  -3
  1  1  0.938300 -0.033144  0.024540  0.810128  -1
  1  1  0.938300  0.034023 -0.173426  0.732980  -6
  1  1  0.938300  0.120885  0.269780  0.736180  -2
  1  1  0.938300 -0.063068  0.102029  0.344269  -6
  1  1  0.938300 -0.109537  0.057966  0.823034  -1
  1  1  0.938300 -0.206233  0.036448  0.811842  -4
  1  1  0.938300 -0.041665  0.163822  0.445970  -7
  1  0  0.938300  0.003812  0.018178  0.300767  -3
  1  1  0.938300  0.017842  0.686245  1.160376  -2
  1  1  0.938300  0.171443 -0.049381  0.487418 -10
  1  1  0.938300 -0.037165 -0.174753  0.104628  -3
  1  1  0.938300 -0.347578 -0.211529  0.158028  -4
  1  1  0.938300 -0.182071  0.253173  0.530758  -7
  1  1  0.938300 -0.100488  0.097483 -0.212382  -3
  1  0  0.938300 -0.365440 -0.102316  0.095754  -4
  1  1  0.938300 -0.284909 -0.067772  0.455999  -2
  1  1  0.938300  0.120342 -0.276406  0.778605  -5
  1  1  0.938300 -0.092186  0.279048  0.278195  -2
  1  1  0.938300 -0.052862  0.069027  0.417331  -7
  1  1  0.938300  0.494841  0.046685  0.459207  -2
  1  1  0.938300  0.420894  0.028889  0.383472  -3
  1  1  0.938300 -0.019973  0.020637  0.769992  -2
  1  1  0.938300 -0.053270  0.035648  0.296243  -3
  1  1  0.938300 -0.451874 -0.202532  0.903974  -7
  1  1  0.938300 -0.094303  0.075827  0.747189  -1
  1  1  0.938300  0.160654  0.116033  0.687603  -1
  1  0  0.938300  0.133415  0.198822  0.230905  -2
  1  0  0.938300 -0.293260 -0.207865  0.180241  -6
  1  0  0.938300  0.096774  0.030607  0.436182  -2
  1  0  0.938300 -0.026213  0.062135  0.644534  -3
  1  0  0.938300  0.068228  0.088768  0.432613  -3
  1  0  0.938300 -0.206242 -0.003752  0.618148  -1
  1  0  0.938300 -0.209900  0.111517  0.213453  -3
  1  0  0.938300  0.075990  0.085781  0.164247  -3
  1  0  0.938300  0.201833  0.010370  0.362430  -4
  1  1  0.938300  0.652916 -0.393014 -0.298206  -5
  1  0  0.938300  0.089956  0.046889  0.458008  -2
  1  0  0.938300  0.109775 -0.289664  0.879447  -5
  1  0  0.938300  0.176310 -0.386246  0.537651  -4
  1  0  0.938300 -0.171708 -0.140746  0.184705  -2
  1  0  0.938300 -0.036987  0.023660  0.520124  -1
  1  0  0.938300  0.010679  0.079830  0.381669  -1
  1  0  0.938300  0.163760 -0.186076  0.767508  -2
  1  0  0.938300 -0.206362 -0.064264  0.141904  -3
  1  0  0.938300 -0.031244 -0.041693  0.563840  -1
  1  0  0.938300 -0.054377 -0.502685  0.358158  -5
  1  0  0.938300 -0.126783 -0.050761  0.487417  -2
  1  0  0.938300 -0.289554 -0.006478  0.179858  -3
  1  0  0.938300 -0.052248  0.047754  0.543617  -1
  1  0  0.938300  0.414718 -0.331728  0.436720  -8
  1  0  0.938300 -0.018116 -0.292302  0.188793  -6
  1  0  0.938300  0.165845 -0.150078  0.507047  -2
  1  0  0.938300  0.075225 -0.033576  0.261351  -3
  1  0  0.938300 -0.232344 -0.191212  0.305221  -2
  1  0  0.938300 -0.145638 -0.377300  0.663349  -4
  1  0  0.938300  0.049168 -0.020178  0.558559  -1
  1  0  0.938300  0.275728 -0.146698  0.385892  -2
  1  0  0.938300  0.102474  0.107264  0.388356  -7
  1  0  0.938300 -0.081354 -0.076547  0.966556  -5
  1  0  0.938300  0.024531 -0.052155  0.496357  -3
  1  0  0.938300 -0.286565  0.033277  0.151474  -4
  1  0  0.938300  0.101493  0.271848  0.631402  -4
  1  0  0.938300 -0.118455  0.222701  0.163708  -4
  1  0  0.938300 -0.022213 -0.106979  0.578424  -1
  1  0  0.938300 -0.078464 -0.018153  0.131953  -7
  1  0  0.938300  0.127758  0.190774  0.449903  -2
  1  0  0.938300 -0.128478 -0.152719  0.660604  -1
  1  0  0.938300  0.131824 -0.031729  0.203520  -3
  1  1  0.938300 -0.257104 -0.013817  0.553944  -6
  1  0  0.938300  0.032717  0.114133  0.705095  -5
  1  0  0.938300 -0.220746  0.280312  0.271610  -2
  1  0  0.938300 -0.120461  0.356518  0.184452  -3
  1  0  0.938300 -0.031693  0.000520  0.279595  -2
  1  0  0.938300 -0.051470  0.048596  0.241884  -5
  1  0  0.938300  0.018072  0.268243  0.611348  -1
  1  0  0.938300  0.108153  0.218288  0.193103  -3
  1  0  0.938300  0.019305  0.201269  0.479211  -2
  1  0  0.938300 -0.068772 -0.093663  0.494394  -3
  1  0  0.938300 -0.230079 -0.072234  0.352842  -3
  1  0  0.938300  0.013047 -0.291918  0.450586  -6
  1  0  0.938300 -0.243530  0.068297  0.380506  -2
  1  0  0.938300 -0.190528  0.030681  0.767227  -5
  1  0  0.938300  0.422295  0.073650  0.263269  -5
  1  0  0.938300 -0.436738  0.066247  0.257403  -4
  1  0  0.938300  0.271849 -0.156355  0.614612  -3
  1  0  0.938300  0.013448  0.266196  0.708794  -2
  1  0  0.938300  0.085093 -0.106861  0.121283  -4
  1  0  0.938300  0.216750 -0.307466  0.113862  -3
  1  0  0.938300 -0.016712  0.421776  0.190539  -3
  1  0  0.938300 -0.290521 -0.264262  0.303831  -4
  1  0  0.938300 -0.222357 -0.134082  0.178118  -5
  1  0  0.938300 -0.136556  0.274990  0.485314  -2
  1  0  0.938300 -0.192333 -0.171455  0.522828  -3
  1  0  0.938300 -0.091168 -0.089835  0.769259  -1
  1  0  0.938300  0.406426 -0.307446  0.114444  -6
  1  0  0.938300 -0.066679  0.049110  0.876559  -1
  1  0  0.938300 -0.199257  0.217190  0.749875  -2
  1  0  0.938300  0.014849  0.156986  0.750894  -1
  1  0  0.938300  0.231400  0.170132  0.498975  -3
  1  0  0.938300  0.151148  0.007514  0.160706  -5
  1  0  0.938300 -0.282077 -0.027617  0.201140  -2
  1  0  0.938300  0.193769 -0.216379  0.107432  -5
  1  0  0.938300 -0.090344  0.206539  0.255466  -2
  1  0  0.938300  0.082659  0.190704  0.279441  -4
  1  0  0.938300 -0.112812 -0.401394  0.676002  -4
  1  0  0.938300 -0.166692 -0.228287  0.047777  -4
  1  0  0.938300 -0.107875  0.041621  0.336655  -4
  1  0  0.938300  0.266957  0.120811  0.674452  -4
  1  0  0.938300  0.078365  0.096258  0.478410  -3
  1  0  0.938300 -0.201051  0.108542  0.510742  -3
  1  0  0.938300  0.054246  0.061434  0.531101  -3
  1  0  0.938300 -0.064779  0.092497  0.367251  -2
  1  0  0.938300  0.029667 -0.149909  0.451825  -3
  1  0  0.938300 -0.144847  0.147788  0.295427  -4
  1  0  0.938300 -0.284712  0.125075  0.766586  -5
  1  0  0.938300  0.271335 -0.341386  0.799961  -2
  1  0  0.938300 -0.090663 -0.014484  0.597381  -1
  1  0  0.938300 -0.183102  0.190636  0.650886  -2
  1  0  0.938300  0.415997 -0.232693  0.540783  -3
  1  0  0.938300  0.108111  0.149799  0.808895  -7
  1  0  0.938300  0.121272 -0.036919  0.500836  -3
  1  0  0.938300 -0.257958 -0.083877  0.507077  -9
  1  0  0.938300  0.109927 -0.132956  0.502702  -2
  1  0  0.938300  0.277527  0.113648  0.273958  -4
  1  0  0.938300  0.110762  0.509327  0.372189  -3
  1  0  0.938300  0.110602  0.112975  0.756872  -4
  1  0  0.938300  0.231494  0.245438  0.192065  -8
  1  0  0.938300  0.194276 -0.221056  0.264585  -5
  1  0  0.938300  0.079188 -0.098851  0.421727  -3
  1  0  0.938300 -0.003183 -0.419938  0.873785  -2
  1  0  0.938300  0.153627 -0.097925  0.643226  -6
  1  0  0.938300  0.242790  0.045406  0.060693  -5
  1  0  0.938300  0.050343  0.009210  0.517751  -3
  1  0  0.938300  0.123118  0.089565  0.191216 -11
  1  0  0.938300 -0.011491 -0.065310  0.722510  -1
  1  0  0.938300  0.155619 -0.007485  0.556693  -1
  1  0  0.938300  0.020658  0.237129  0.629535  -3
  1  0  0.938300 -0.187673 -0.332511  0.859813  -3
  1  0  0.938300 -0.171322  0.051669  0.405458  -7
  1  0  0.938300 -0.178086 -0.035890  0.507176  -5
  1  0  0.938300  0.140089  0.030677  0.300945  -3
  1  0  0.938300 -0.045413 -0.433963  0.421062  -5
  1  0  0.938300 -0.004674 -0.112052  0.399764  -3
  1  0  0.938300 -0.201821  0.070083  0.750422  -1