  1  1  0.938300  0.453704 -0.065600  1.154433   4
  1  1  0.938300  0.017336  0.026838 -0.042376   3
  1  1  0.938300 -0.217576 -0.119009  0.093165   5
  1  1  0.938300 -0.155325  0.302280  0.323853   3
  1  1  0.938300 -0.033074  0.063997  0.645795  13
  1  1  0.938300  0.091432 -0.454882  0.539245   3
  1  1  0.938300  0.031136 -0.094147  0.271801   4
  1  1  0.938300 -0.004457  0.001432  0.149071   1
  1  1  0.938300 -0.224774 -0.086409  0.301931   4
  1  1  0.938300  0.259492 -0.097310  0.300749   7
  1  1  0.938300 -0.346733 -0.054939  0.459603   4
  1  1  0.938300 -0.212071 -0.010363  0.276504   5
  1  1  0.938300 -0.101209 -0.250778  0.137593   3
  1  1  0.938300  0.175577  0.367367  0.330216   4
  1  1  0.938300  0.022856  0.066817  0.022772   1
  1  1  0.938300 -0.214218 -0.121692  0.380294   3
  1  1  0.938300 -0.146455  0.035926  0.071610   1
  1  1  0.938300  0.034126  0.045351  0.354645   3
  1  1  0.938300  0.093682  0.154968  0.029527   1
  1  1  0.938300  0.121471  0.154934  0.069869   6
  1  1  0.938300  0.095623 -0.089037  0.174657   1
  1  1  0.938300 -0.013413  0.012128  0.328111   4
  1  1  0.938300  0.031780  0.071297  0.104757   1
  1  1  0.938300 -0.080334 -0.046887  0.541522  10
  1  1  0.938300  0.286848  0.304172  0.355181   2
  1  1  0.938300  0.131669 -0.164753  0.188001   2
  1  1  0.938300 -0.001490  0.294300  0.209597   5
  1  1  0.938300  0.099261  0.390185  0.199538   3
  1  1  0.938300 -0.174610 -0.033119  0.542631   3
  1  1  0.938300  0.038999  0.181944  0.519639   3
  1  1  0.938300  0.431837 -0.022867  0.320054   5
  1  1  0.938300 -0.061377  0.057479  0.170790   1
  1  1  0.938300 -0.012316 -0.064270  0.348580   5
  1  1  0.938300 -0.419281  0.106120  0.500730   2
  1  1  0.938300  0.531841 -0.277237  0.181920   3
  1  1  0.938300 -0.348791 -0.459973  0.213010   6
  1  1  0.938300 -0.102616  0.359643  0.118566   4
  1  1  0.938300  0.116600 -0.312518  0.397701   2
  1  1  0.938300  0.127731  0.226621  0.438205   4
  1  1  0.938300 -0.118866  0.028421 -0.047862   1
  1  1  0.938300 -0.209969 -0.299290  0.529244   6
  1  1  0.938300  0.080002 -0.265218  0.416045   2
  1  1  0.938300 -0.015853  0.335990  0.154249   7
  1  1  0.938300 -0.074648  0.212992  0.219587   2
  1  1  0.938300 -0.226981  0.362771  0.424592   3
  1  1  0.938300  0.317536 -0.080805  0.033761   2
  1  1  0.938300 -0.216541  0.365282  0.700137   2
  1  1  0.938300 -0.099179 -0.196860  0.496278   3
  1  1  0.938300  0.121316 -0.021743  0.411234   4
  1  1  0.938300 -0.189671 -0.083510  0.428587   7
  1  1  0.938300  0.010389 -0.074265  0.235310   5
  1  1  0.938300  0.147022 -0.084306  0.177055   2
  1  1  0.938300 -0.106947 -0.010510  0.455305   3
  1  1  0.938300  0.091869 -0.182174  0.174512   5
  1  1  0.938300  0.240240  0.160194  0.291875   3
  1  1  0.938300  0.211107 -0.036820  0.056809   3
  1  1  0.938300  0.417153  0.117180  0.651558   4
  1  1  0.938300 -0.055507  0.311660  0.708465   3
  1  1  0.938300  0.407315  0.222733  0.192345   3
  1  1  0.938300 -0.507656  0.061858  0.164533   5
  1  1  0.938300  0.103140  0.021495  0.365046   4
  1  1  0.938300  0.092038 -0.212635  0.064334   3
  1  1  0.938300 -0.065012  0.265199  0.507847   5
  1  1  0.938300 -0.209749  0.002031  0.414974   4
  1  1  0.938300 -0.003750  0.518810  0.281252   4
  1  1  0.938300  0.095996  0.039884 -0.122869   1
  1  1  0.938300  0.023767 -0.119958 -0.120839   3
  1  1  0.938300  0.220020  0.216549  0.256794   3
  1  1  0.938300 -0.031518 -0.150055  0.234855   3
  1  1  0.938300 -0.311023  0.027176  0.117113   2
  1  1  0.938300 -0.140039 -0.062585  0.161304   1
  1  1  0.938300  0.166355  0.052530  0.077300   4
  1  1  0.938300 -0.283058 -0.133613  0.288861   7
  1  1  0.938300 -0.098183  0.187930  0.230839   2
  1  1  0.938300  0.242294 -0.198661 -0.056783   4
  1  1  0.938300 -0.168668 -0.178828  0.394510   3
  1  1  0.938300  0.053976 -0.227184  0.860088   4
  1  1  0.938300  0.014386  0.201669  0.190367   4
  1  1  0.938300 -0.039731  0.075065  0.159795   2
  1  0  0.938300  0.170024 -0.026999  0.336806   3
  1  0  0.938300 -0.058629 -0.125226  0.409142   4
  1  0  0.938300 -0.169082 -0.009587  0.471641   4
  1  0  0.938300  0.315362 -0.167186  0.559544   6
  1  0  0.938300 -0.007900 -0.137626  0.710136   5
  1  0  0.938300  0.049099 -0.165280  0.034064   1
  1  0  0.938300 -0.026406 -0.279520  0.194696   3
  1  0  0.938300 -0.022807 -0.050939  0.044846   1
  1  0  0.938300  0.173279  0.021853  0.752278   3
  1  0  0.938300 -0.199799  0.128431  0.350482   4
  1  0  0.938300  0.191214 -0.015722  0.070251   1
  1  0  0.938300 -0.266428 -0.103668  0.019915   5
  1  0  0.938300  0.084328  0.202510  0.121725   3
  1  0  0.938300  0.173562  0.186059  0.239170   6
  1  0  0.938300  0.228802 -0.093827  0.343543   8
  1  0  0.938300  0.253948  0.100266  0.598627   3
  1  0  0.938300 -0.075487  0.135585 -0.057025   1
  1  0  0.938300 -0.159743  0.096676  0.270057   3
  1  0  0.938300 -0.165097  0.130902  0.678789   2
  1  0  0.938300  0.013169  0.092259  0.240422   2
  1  0  0.938300 -0.374878  0.173730  0.731638   4
  1  0  0.938300  0.306443 -0.280046  0.617730   2
  1  0  0.938300  0.042415 -0.027208 -0.135029   1
  1  0  0.938300  0.118618  0.103406  0.101068   1
  1  0  0.938300  0.010263  0.004369  0.174007   1
  1  0  0.938300 -0.152988  0.016968  0.213529   1
  1  0  0.938300 -0.003805 -0.001622  0.050110   9
  1  0  0.938300 -0.112668  0.415790 -0.180216   3
  1  0  0.938300  0.022027 -0.077251  0.436935   9
  1  0  0.938300 -0.192513 -0.245204  0.537539   3
  1  0  0.938300  0.042462 -0.089420 -0.088864   1
  1  0  0.938300  0.060453  0.101536  0.457978   4
  1  0  0.938300  0.234549  0.214637  0.207651   2
  1  0  0.938300 -0.257134  0.064509  0.145654   3
  1  0  0.938300  0.377448 -0.227605  0.266124   3
  1  0  0.938300 -0.006472 -0.024438  0.137337   3
  1  0  0.938300 -0.148511  0.091622 -0.006573   1
  1  0  0.938300  0.098645  0.050647  0.517102   2
  1  0  0.938300 -0.175174 -0.097073  0.011269   1
  1  0  0.938300 -0.187853  0.347243  0.381328   4
  1  0  0.938300 -0.125349 -0.014484  0.556119   5
  1  0  0.938300  0.180338  0.179640  0.408902   4
  1  0  0.938300 -0.263490  0.155767  0.585626   6
  1  0  0.938300  0.042173 -0.335856  0.039229   2
  1  0  0.938300  0.086993 -0.202914  0.526725   4
  1  0  0.938300 -0.264003  0.147842  0.141245   2
  1  0  0.938300  0.065828  0.093762  0.119858   7
  1  0  0.938300  0.240933  0.166671  0.533348  10
  1  0  0.938300  0.049658 -0.084399  0.372660   2
  1  0  0.938300  0.369972  0.188085  0.332529   4
  1  0  0.938300  0.235007 -0.308593  0.044810   3
  1  0  0.938300 -0.138402  0.181470 -0.093086   3
  1  0  0.938300  0.037109 -0.260795  0.050969   3
  1  0  0.938300  0.002660  0.501025  0.752442   4
  1  0  0.938300  0.108481  0.094954  0.507870   6
  1  0  0.938300  0.081126 -0.007211  0.819342   2
  1  0  0.938300  0.092495  0.068398  0.382662   3
  1  0  0.938300 -0.096675 -0.221720  0.274683   3
  1  0  0.938300 -0.302449  0.165322  0.217632   5
  1  0  0.938300 -0.116444  0.219417  0.008694   1
  1  0  0.938300 -0.127778 -0.234228  0.576951   4
  1  0  0.938300 -0.068664  0.001367  0.440873   3
  1  0  0.938300  0.042295  0.028652  0.595358   5
  1  0  0.938300 -0.445240 -0.441645  0.210186   7
  1  0  0.938300  0.150239  0.083871  0.575843   2
  1  0  0.938300  0.214070  0.124268 -0.035370   1
  1  0  0.938300 -0.100961  0.130508  0.104045   1
  1  0  0.938300  0.386443 -0.152791  0.897525   3
  1  0  0.938300  0.138809 -0.246746  0.563168   6
  1  0  0.938300  0.598777  0.218986  0.613163   4
  1  0  0.938300  0.302208 -0.159459  0.480045   3
  1  0  0.938300 -0.143104 -0.068559  0.250037   4
  1  0  0.938300 -0.034259  0.084164  0.153480   3
  1  0  0.938300  0.367354  0.177151  0.286259   4
  1  0  0.938300  0.126848  0.005362  0.564584   5
  1  0  0.938300 -0.117959  0.031529  0.027603   3
  1  0  0.938300 -0.175668  0.135524 -0.022602   1
  1  0  0.938300 -0.003254  0.063188  0.145403   3
  1  0  0.938300  0.262738 -0.091964 -0.075188   4
  1  0  0.938300  0.210711 -0.292499  0.737333   6
  1  0  0.938300  0.099908  0.122612  0.586949   2
  1  0  0.938300 -0.082516  0.036267  0.407664   2
  1  0  0.938300  0.066817 -0.089479  0.183062   1
  1  0  0.938300  0.005642  0.168779  0.273855   1
  1  0  0.938300  0.043924  0.071701  0.321697   7
  1  0  0.938300 -0.004799  0.067576  0.007904   5
  1  0  0.938300  0.000847  0.300810  0.605383   3
  1  0  0.938300 -0.166309 -0.033694  0.579137   2
  1  0  0.938300  0.212346  0.003631  1.010063   4
  1  0  0.938300  0.051490 -0.147151  0.038019   1
  1  0  0.938300 -0.125994 -0.033276  0.356484   2
  1  0  0.938300 -0.305660 -0.170286  0.420884   3
  1  0  0.938300  0.005677 -0.180098  0.165169   3
  1  0  0.938300 -0.002417 -0.148340 -0.097156   3
  1  0  0.938300 -0.166291  0.357536 -0.061997   5
  1  0  0.938300  0.245807  0.064187  0.613186   7
  1  0  0.938300  0.093146 -0.086996 -0.050372   1
  1  0  0.938300 -0.281782 -0.150194  0.418200   3
  1  0  0.938300  0.174437  0.117686  0.036611   1
  1  0  0.938300  0.134662  0.107079  0.355478   3
  1  0  0.938300 -0.045911  0.092923  0.043631   1
  1  0  0.938300  0.506851  0.113047  0.259954   5
  1  1  0.938300  0.247060  0.213868  0.070631   5
  1  0  0.938300 -0.277259  0.188841  0.367582   3
  1  0  0.938300  0.064739  0.164605  0.042809   1
  1  0  0.938300 -0.001785  0.045790  0.073823   1
  1  0  0.938300  0.119782  0.077318  0.525094   8
  1  0  0.938300 -0.141702 -0.021982  0.449273   3
  1  0  0.938300 -0.031365 -0.153383  0.400397   7
  1  0  0.938300  0.335065 -0.066341  0.180117   5
  1  0  0.938300  0.122936  0.410433  0.291971   3
  1  0  0.938300  0.126044  0.115189 -0.128563   1
  1  0  0.938300 -0.293866 -0.254614  0.099900   2
  1  0  0.938300 -0.317691 -0.222680  0.215634   2
  1  0  0.938300  0.160158 -0.365531  0.432930   4
  1  0  0.938300  0.319702 -0.086621  0.447647   4
  1  0  0.938300  0.377785 -0.010770  0.536634   4
  1  0  0.938300 -0.095195  0.228119  0.407917   5
  1  1  0.938300 -0.038830  0.052646  0.653280  -1
  1  1  0.938300  0.115923 -0.125478  0.667709  -1
  1  1  0.938300  0.065178  0.183417  0.522262  -3
  1  1  0.938300 -0.073335  0.002636  0.776519  -5
  1  1  0.938300 -0.205136 -0.323679  0.382855  -4
  1  1  0.938300  0.137628  0.056253  0.806644  -1
  1  1  0.938300 -0.279538  0.052720  0.307192  -3
  1  1  0.938300  0.342898  0.199048  1.043400  -2
  1  1  0.938300  0.137262  0.002036  0.803714  -1
  1  1  0.938300  0.048442 -0.226099  0.351611  -4
  1  1  0.938300  0.170794 -0.027138  0.506364  -4
  1  1  0.938300  0.030246  0.376426  0.467882  -3
  1  1  0.938300 -0.169085 -0.024549  0.525247  -7
  1  1  0.938300  0.143882 -0.080291  0.380760  -2
  1  1  0.938300 -0.254092 -0.436626  0.767721  -5
  1  1  0.938300 -0.048434  0.410721  0.438421  -8
  1  1  0.938300 -0.174038 -0.011932  0.385857  -3
  1  1  0.938300 -0.030496  0.276276  0.592684  -2
  1  1  0.938300 -0.054210  0.161989  0.559469  -1
  1  1  0.938300 -0.061980  0.231231  0.441491  -8
  1  1  0.938300 -0.333989 -0.428200  0.410673  -6
  1  0  0.938300 -0.030430  0.049647  0.572023  -4
  1  1  0.938300 -0.203354 -0.218537  0.268751  -5
  1  1  0.938300  0.347212  0.278840  0.698128  -3
  1  1  0.938300 -0.378096 -0.279364  0.488839  -2
  1  1  0.938300  0.150667  0.014986  0.547392  -2
  1  1  0.938300 -0.115717 -0.375908  0.234446  -4
  1  1  0.938300 -0.273115 -0.030360  0.524767  -3
  1  1  0.938300  0.060659 -0.023677  0.300579  -2
  1  1  0.938300  0.072095  0.165591  0.381855  -6
  1  1  0.938300 -0.361726 -0.132853  0.561389  -3
  1  1  0.938300  0.075040 -0.042837  0.292472  -3
  1  1  0.938300 -0.156059 -0.151636  0.406614  -2
  1  1  0.938300 -0.012075  0.018178  0.784411  -1
  1  1  0.938300  0.153357 -0.506099 -0.135350  -4
  1  1  0.938300 -0.179524  0.211967  0.451154  -3
  1  1  0.938300  0.163327  0.058936  0.714550  -3
  1  1  0.938300 -0.138707  0.142388  0.444412  -4
  1  1  0.938300  0.056817 -0.273461  0.465207  -7
  1  1  0.938300 -0.065996 -0.124719  0.058584  -2
  1  1  0.938300 -0.008624 -0.153285  0.640089  -4
  1  1  0.938300  0.282537  0.123283  0.487610  -2
  1  1  0.938300  0.263067 -0.260125  0.511592  -3
  1  1  0.938300  0.102526  0.080981  0.581371  -1
  1  1  0.938300 -0.048438  0.276463  0.809030  -4
  1  1  0.938300  0.043599  0.264450  0.507411  -3
  1  1  0.938300 -0.363636 -0.148534  0.063499  -4
  1  1  0.938300 -0.200893 -0.164643  0.232945  -4
  1  1  0.938300  0.394031 -0.124261  0.294990  -4
  1  1  0.938300  0.093455 -0.375170  0.666017  -4
  1  1  0.938300 -0.052966 -0.205766  0.538065  -3
  1  1  0.938300 -0.210887 -0.192633 -0.038427  -2
  1  1  0.938300 -0.079300 -0.357212  0.214468  -4
  1  1  0.938300  0.021680 -0.077484  0.199469  -8
  1  1  0.938300  0.001169  0.224828  0.719924  -2
  1  1  0.938300  0.208383 -0.102952 -0.077335  -3
  1  1  0.938300 -0.066658  0.014730  0.516496  -1
  1  1  0.938300  0.125545 -0.034984  0.624444  -1
  1  1  0.938300  0.349363 -0.290226  0.615372  -2
  1  1  0.938300 -0.285849 -0.205616  0.110018  -3
  1  1  0.938300  0.365794  0.251359  0.341342  -7
  1  1  0.938300  0.228616 -0.078083  0.360743  -4
  1  1  0.938300 -0.085279 -0.070218  0.195537  -3
  1  1  0.938300  0.361954 -0.015739  0.315854  -3
  1  1  0.938300 -0.093592 -0.118537  0.771346  -1
  1  1  0.938300  0.047599 -0.038334  0.583812  -1
  1  1  0.938300  0.161789 -0.086279  0.534588  -5
  1  1  0.938300  0.264702  0.029337  0.293586  -4
  1  1  0.938300  0.026195 -0.033730  0.781790  -1
  1  1  0.938300 -0.202508  0.102763  0.219115  -6
  1  1  0.938300  0.088573  0.079715  0.719317  -1
  1  1  0.938300  0.392096 -0.126843  0.456081  -2
  1  1  0.938300  0.422050 -0.271272  0.387857  -3
  1  1  0.938300 -0.060223 -0.220228  0.450652  -6
  1  1  0.938300 -0.075058 -0.104929  0.709337  -2
  1  1  0.938300  0.076539  0.188607  0.271020  -4
  1  1  0.938300  0.226985  0.188313  0.401887  -3
  1  1  0.938300 -0.088034 -0.202557  0.396563  -4
  1  1  0.938300 -0.256584 -0.037081  0.299028  -5
  1  0  0.938300  0.164890 -0.056784  0.956193  -4
  1  0  0.938300  0.030958  0.336506  0.776318  -2
  1  0  0.938300 -0.208677 -0.142917  0.465193  -6
  1  0  0.938300 -0.072553  0.055177  0.437963  -4
  1  0  0.938300 -0.022060  0.175507  0.487296  -3
  1  0  0.938300 -0.291783  0.041080  0.436246  -2
  1  0  0.938300  0.233367 -0.091039  0.462014  -3
  1  0  0.938300  0.288660  0.004417  0.277088  -3
  1  0  0.938300 -0.215573  0.095654 -0.133734  -3
  1  0  0.938300 -0.059272 -0.091388  0.423138  -3
  1  0  0.938300 -0.104783 -0.247969  0.262702  -2
  1  0  0.938300  0.185042  0.101279  0.758674  -1
  1  0  0.938300  0.232427 -0.242808  0.358249  -2
  1  0  0.938300  0.248832 -0.221947  0.358291  -2
  1  0  0.938300  0.072900 -0.375238  0.758077  -3
  1  0  0.938300 -0.079293 -0.020644  0.664452  -1
  1  0  0.938300 -0.035945 -0.300615  0.773160  -2
  1  0  0.938300 -0.009753  0.190129  0.202941  -4
  1  0  0.938300 -0.118352 -0.088436  0.504478  -4
  1  0  0.938300  0.081273  0.168029  0.275607  -2
  1  0  0.938300 -0.159791  0.000410  0.366316  -7
  1  0  0.938300 -0.240599  0.063133  0.324275  -3
  1  0  0.938300 -0.006369  0.126617  0.048137  -6
  1  0  0.938300  0.129981  0.136856  0.526179  -1
  1  0  0.938300 -0.256804  0.171389  0.797881  -4
  1  0  0.938300 -0.061122 -0.025964  0.759391  -3
  1  0  0.938300 -0.086529 -0.203751  0.757802  -1
  1  0  0.938300 -0.282842  0.449829  0.423852  -2
  1  0  0.938300  0.305544  0.186578  0.243020  -3
  1  0  0.938300 -0.082310  0.079720  0.208801  -6
  1  0  0.938300 -0.055972  0.247561  1.069778  -4
  1  0  0.938300 -0.027713 -0.058986  0.664482  -1
  1  0  0.938300 -0.118005 -0.278992  0.389567  -3
  1  0  0.938300  0.050103  0.571654  0.464059  -3
  1  0  0.938300 -0.081436 -0.033243  0.269256  -2
  1  0  0.938300 -0.241976 -0.134734  0.589758  -2
  1  0  0.938300  0.110957  0.083931  0.324825  -3
  1  0  0.938300 -0.156463  0.484875  0.502996  -2
  1  0  0.938300 -0.036992  0.141439  0.073752  -3
  1  0  0.938300 -0.362689  0.030874  0.266917  -3
  1  0  0.938300  0.168386 -0.008707  0.388275  -3
  1  0  0.938300  0.344317  0.227465  0.312497  -5
  1  0  0.938300 -0.235962  0.027571  0.380371  -5
  1  0  0.938300  0.008711  0.086969  0.661214  -1
  1  0  0.938300  0.063397 -0.430850  0.427942  -2
  1  0  0.938300  0.176651  0.049654  1.095622  -8
  1  0  0.938300  0.284374  0.642107  0.690858  -2
  1  0  0.938300  0.149351  0.127762  0.552560  -1
  1  0  0.938300  0.415997 -0.166830 -0.097317  -4
  1  0  0.938300  0.282119  0.074482  0.083793  -2
  1  0  0.938300 -0.033869 -0.042267  0.442532  -2
  1  0  0.938300 -0.103004 -0.077486  0.887832  -1
  1  0  0.938300 -0.121119  0.259481  0.208478  -2
  1  0  0.938300  0.009262  0.102903  0.388537  -2
  1  0  0.938300 -0.207869 -0.335315  0.202738  -7
  1  0  0.938300 -0.333099  0.105866  0.379769  -3
  1  0  0.938300 -0.184532 -0.033962  0.356736  -3
  1  0  0.938300  0.089209  0.076887  0.290428  -5
  1  0  0.938300  0.304778 -0.281319  0.141517  -5
  1  0  0.938300 -0.221845  0.151655  0.484430  -6
  1  0  0.938300  0.128212 -0.023528  0.591445  -4
  1  0  0.938300 -0.007738  0.126394  0.675086  -1
  1  0  0.938300  0.396239 -0.046018  0.636726  -4
  1  0  0.938300 -0.065893  0.168017  0.382074  -5
  1  0  0.938300  0.052645 -0.259414  0.184567  -4
  1  0  0.938300  0.020594  0.194698  0.558126  -6
  1  0  0.938300 -0.385617 -0.020735  0.687674  -3
  1  0  0.938300 -0.425034 -0.310645  0.278212  -7
  1  0  0.938300  0.034000  0.202108  0.240858  -3
  1  0  0.938300 -0.250367 -0.133598  0.260852  -5
  1  0  0.938300  0.056719 -0.290536  0.214324  -4
  1  0  0.938300 -0.002881  0.250442  0.471168  -2
  1  0  0.938300  0.224922  0.298626  0.533531  -2
  1  0  0.938300  0.060643 -0.075789  0.330509  -2
  1  0  0.938300 -0.155100 -0.515844  0.343827  -3
  1  0  0.938300 -0.275510 -0.048180  0.521115  -2
  1  0  0.938300 -0.268862 -0.105184  0.230560  -5
  1  0  0.938300 -0.072046  0.414017  0.429868  -2
  1  0  0.938300 -0.223504 -0.028141  0.142312  -3
  1  0  0.938300 -0.047069  0.248124  0.468487  -3
  1  0  0.938300 -0.224461  0.059523  0.768220  -1
  1  0  0.938300 -0.083039  0.060104  0.285813  -2
  1  0  0.938300  0.144805  0.074853  0.507090  -5
  1  0  0.938300 -0.081146 -0.261687 -0.008980  -4
  1  0  0.938300 -0.067605 -0.129409  0.760066  -4
  1  0  0.938300  0.075534  0.211544  0.563210  -2
  1  0  0.938300 -0.014034  0.089745  0.272663  -7
  1  0  0.938300 -0.070408  0.039893  0.791825  -3
  1  0  0.938300  0.219586  0.020830  0.215259  -3
  1  0  0.938300  0.005535 -0.084172  0.766177  -1
  1  0  0.938300 -0.051699 -0.214787  0.289080  -2
  1  0  0.938300 -0.002054 -0.262486  0.179120  -4
  1  0  0.938300  0.053364 -0.046989  0.215121  -3
  1  0  0.938300  0.233832 -0.067497  0.307604  -3
  1  0  0.938300  0.057622  0.062351  0.377529  -2
  1  0  0.938300 -0.381746  0.004625  0.258849  -3
  1  0  0.938300  0.309827  0.075315  0.070431  -2
  1  0  0.938300  0.139815  0.124755  0.409724  -4
  1  0  0.938300 -0.149052  0.264012  0.215202  -4
  1  0  0.938300 -0.044142  0.231657  0.290367  -2
  1  0  0.938300  0.167408 -0.176065  0.071736  -4
  1  0  0.938300  0.015504 -0.058532  0.373754  -4
  1  0  0.938300  0.087113  0.421427  0.246590  -2
  1  0  0.938300 -0.020291  0.052103  0.083643  -3
  1  0  0.938300  0.285944  0.009543  0.370553  -3
  1  0  0.938300 -0.162368  0.118521  0.363782  -3
  1  0  0.938300 -0.027460 -0.016849  0.318009  -3
  1  0  0.938300  0.077693 -0.266382  0.339870  -2
  1  0  0.938300  0.269003  0.415016  0.476189  -2
  1  0  0.938300  0.024549  0.154494  0.651031  -1
  1  0  0.938300  0.053910  0.105907  0.238548  -6
  1  0  0.938300  0.374468  0.247508  0.539276  -5
  1  0  0.938300 -0.050520 -0.038137  0.494965  -2
  1  0  0.938300  0.038759 -0.071417  0.357006  -3
  1  0  0.938300 -0.229925  0.056517  0.436066  -2
  1  0  0.938300 -0.005870  0.055816  0.643748  -1
  1  0  0.938300  0.379729  0.182949  0.108524  -3
  1  0  0.938300 -0.578387  0.123219  0.300998  -7