  1  1  0.938300 -0.290164  0.101606  0.309112   4
  1  1  0.938300  0.092169  0.132966  0.459350   8
  1  1  0.938300  0.312696  0.094278  0.012029   4
  1  1  0.938300 -0.234101  0.168491  0.607878   3
  1  1  0.938300 -0.035629 -0.193438  0.576009   4
  1  1  0.938300  0.222713  0.042129  0.126289   7
  1  1  0.938300 -0.169506 -0.099570  0.458696   3
  1  1  0.938300  0.097407  0.045302  0.149816   1
  1  1  0.938300  0.205519  0.365366  0.426767   2
  1  1  0.938300 -0.056989 -0.021239  0.374621   2
  1  1  0.938300 -0.170688 -0.015246  0.078756   1
  1  1  0.938300 -0.430012  0.087189  0.517762   3
  1  1  0.938300  0.127029  0.448897  0.203906   5
  1  1  0.938300 -0.051112 -0.342829  0.336770   3
  1  1  0.938300  0.219801 -0.399053  0.132074   3
  1  1  0.938300 -0.067866 -0.141078  0.451393   4
  1  1  0.938300 -0.184492  0.148632  0.329348   8
  1  1  0.938300  0.187249 -0.008601  0.181870   1
  1  1  0.938300 -0.111447 -0.299736  0.637887   2
  1  1  0.938300 -0.288542 -0.174302  0.778126   2
  1  1  0.938300  0.090417 -0.137637  0.208134   2
  1  1  0.938300 -0.043841 -0.157411  0.616221   3
  1  1  0.938300 -0.274220  0.190988  0.766778   3
  1  1  0.938300  0.252509  0.072147  0.300314   3
  1  1  0.938300 -0.015577 -0.270377  0.241819   6
  1  0  0.938300  0.150672 -0.172098  0.493184   4
  1  1  0.938300  0.144398  0.178032  0.502695   2
  1  1  0.938300  0.325217 -0.241404  1.024238   3
  1  1  0.938300 -0.150844 -0.008471  0.223579   4
  1  1  0.938300  0.173079 -0.033053  0.010838   1
  1  1  0.938300 -0.014102  0.187804 -0.063869   2
  1  1  0.938300 -0.122348 -0.023961  0.171776   2
  1  1  0.938300 -0.231269  0.219160  0.353445   7
  1  1  0.938300  0.108031 -0.296409  0.143173   4
  1  1  0.938300 -0.159276  0.037971  0.560698   8
  1  1  0.938300 -0.035961  0.154012  0.316883   6
  1  1  0.938300  0.044030 -0.367629  0.436069   3
  1  1  0.938300  0.048865 -0.188533  0.541765   2
  1  1  0.938300 -0.214374 -0.135546  0.118752   2
  1  1  0.938300  0.164289  0.224786  0.751542   3
  1  1  0.938300 -0.013643  0.010163  0.180308   4
  1  1  0.938300  0.191601  0.118469  0.121495   3
  1  1  0.938300 -0.119097 -0.357009  0.566659   5
  1  1  0.938300  0.158179 -0.125465  0.406840   9
  1  1  0.938300  0.012598 -0.168767  0.291306   4
  1  1  0.938300  0.370305  0.685476  0.188188   3
  1  1  0.938300  0.008749 -0.116575  0.126146   4
  1  1  0.938300  0.291372  0.044215  0.179717   5
  1  1  0.938300 -0.308455 -0.161172  0.257668   3
  1  1  0.938300 -0.018970  0.138351  0.164437   4
  1  1  0.938300 -0.037344  0.046028  0.023747   4
  1  1  0.938300 -0.111177 -0.326703  0.664920   2
  1  1  0.938300 -0.002548 -0.287503  0.472253   3
  1  1  0.938300 -0.357052 -0.246688  0.892624   3
  1  1  0.938300 -0.055454  0.034887  0.328867   6
  1  1  0.938300 -0.208556 -0.041221  0.105027   2
  1  1  0.938300  0.188014 -0.017875  0.106719   5
  1  1  0.938300 -0.096014  0.053264  0.453003   6
  1  1  0.938300  0.031020  0.151667  0.275426   8
  1  1  0.938300 -0.377506 -0.243070  0.490015   3
  1  1  0.938300  0.451933 -0.163477  0.437358   5
  1  1  0.938300  0.212086  0.031186  0.326760   4
  1  1  0.938300 -0.228442  0.087598  0.391011   3
  1  1  0.938300  0.156899  0.042818  0.350169   5
  1  1  0.938300 -0.053111  0.031002  0.458635   7
  1  1  0.938300  0.067522 -0.231831  0.286426   7
  1  1  0.938300  0.657370  0.391546  0.258472  10
  1  1  0.938300  0.136952 -0.055900  0.221615   6
  1  1  0.938300  0.200974  0.137904  0.151639   4
  1  1  0.938300 -0.192892 -0.122092  0.361710   6
  1  1  0.938300 -0.325724  0.226932  0.149194   3
  1  1  0.938300  0.046250  0.107526  0.306610   5
  1  1  0.938300  0.137535  0.088190  0.286784   1
  1  1  0.938300  0.033314  0.106185  0.153924   3
  1  1  0.938300 -0.405329 -0.040371  0.590472   5
  1  1  0.938300 -0.374293  0.328031  0.197402   2
  1  1  0.938300  0.128354 -0.031106  0.092220   2
  1  1  0.938300  0.019414  0.002210  0.098697   5
  1  1  0.938300 -0.010460 -0.236783  0.192315   7
  1  0  0.938300  0.332851  0.372377  0.489416   2
  1  0  0.938300 -0.277253  0.286656  0.154917   5
  1  0  0.938300 -0.160040  0.042903  0.096132   2
  1  0  0.938300 -0.050198 -0.108389  0.228203   6
  1  0  0.938300  0.092796 -0.337639  0.393215   6
  1  0  0.938300 -0.040279 -0.084092  0.094224   1
  1  0  0.938300 -0.028829 -0.135836  0.174032   5
  1  0  0.938300 -0.145551 -0.071254  0.178148   2
  1  0  0.938300 -0.093733  0.146344  0.510912   3
  1  0  0.938300  0.015174 -0.178537  0.356877   3
  1  0  0.938300 -0.107770 -0.082546  0.371137   2
  1  0  0.938300 -0.161375 -0.082722 -0.079860   1
  1  0  0.938300 -0.225464  0.114697  0.232341   6
  1  0  0.938300  0.145829 -0.149147  0.749477   3
  1  0  0.938300  0.123289  0.063143  0.391746   3
  1  0  0.938300  0.117132 -0.209045  0.123773   1
  1  0  0.938300 -0.000310  0.140452 -0.026661   1
  1  0  0.938300 -0.144762  0.171224  0.334888   6
  1  0  0.938300 -0.028249  0.256963  0.420406   2
  1  0  0.938300  0.018526 -0.023110  0.445886   4
  1  0  0.938300  0.011787 -0.083699  0.115273   4
  1  0  0.938300  0.051058  0.051247  0.105091   4
  1  0  0.938300 -0.319933  0.161645  0.643718   3
  1  1  0.938300  0.296869 -0.147435  0.401039   3
  1  0  0.938300 -0.102744 -0.328441  0.414344   4
  1  0  0.938300 -0.033070 -0.376025  0.071472   3
  1  0  0.938300  0.167841  0.074076  0.084317   1
  1  0  0.938300  0.380010  0.266126  0.367344   6
  1  0  0.938300  0.205666  0.190360  0.474693   5
  1  0  0.938300 -0.148274 -0.100861  0.088280   7
  1  0  0.938300 -0.182475  0.111080  0.502322  11
  1  0  0.938300  0.165227  0.332712  0.136110   3
  1  0  0.938300 -0.270699  0.217806  0.293663   4
  1  0  0.938300 -0.042173  0.114413  0.450544   4
  1  0  0.938300  0.139351  0.100998  0.472635   3
  1  0  0.938300  0.343366  0.236735  0.403899   2
  1  0  0.938300 -0.064166 -0.004774  0.126530   2
  1  0  0.938300 -0.322926  0.129270  0.292260   2
  1  0  0.938300 -0.154645  0.270763  0.065645   2
  1  0  0.938300  0.543115 -0.188775  0.829422   5
  1  0  0.938300 -0.235368 -0.000328  0.302876   2
  1  0  0.938300 -0.009702  0.116420  0.148665   1
  1  0  0.938300 -0.264902 -0.196552  0.097397   2
  1  0  0.938300 -0.125569  0.128258  0.217577   2
  1  0  0.938300  0.260587 -0.232463  0.333386   2
  1  0  0.938300  0.109859  0.083226  0.297842   9
  1  0  0.938300 -0.129370  0.099003  0.212434   1
  1  0  0.938300  0.353427  0.025012  0.486171   3
  1  0  0.938300  0.130786 -0.100427  0.268779   5
  1  0  0.938300  0.038703  0.043954  0.368544   4
  1  0  0.938300 -0.027410  0.213040  0.198706   2
  1  0  0.938300 -0.172575  0.033609  0.355257   6
  1  0  0.938300 -0.133400  0.411064  0.079400   2
  1  0  0.938300  0.127598 -0.262219  0.326567   3
  1  0  0.938300  0.068370 -0.115447  0.619432   3
  1  0  0.938300 -0.110240  0.093242  0.110688   1
  1  0  0.938300 -0.315615  0.415301  0.220715   3
  1  0  0.938300  0.333157  0.034335  0.145204   4
  1  0  0.938300 -0.126934 -0.045538  0.258864   2
  1  0  0.938300  0.131678 -0.252140  0.126892   9
  1  0  0.938300  0.210453  0.213943  0.092301   2
  1  0  0.938300 -0.175953 -0.139715  0.691590   6
  1  0  0.938300 -0.110979 -0.082853  0.415219   4
  1  0  0.938300  0.083950  0.070641  0.107008   3
  1  0  0.938300  0.000685 -0.076620 -0.086210   4
  1  0  0.938300  0.115865  0.046306  0.026637   2
  1  0  0.938300  0.006914 -0.003206  0.210308   1
  1  0  0.938300  0.267268  0.200242  0.304511   2
  1  0  0.938300  0.365426 -0.043899 -0.092145   3
  1  0  0.938300 -0.181129 -0.248842  0.540016   4
  1  0  0.938300  0.215274  0.206987  0.362377   2
  1  0  0.938300 -0.018007 -0.396187  0.185979   5
  1  0  0.938300  0.110518 -0.367378  0.417016   5
  1  0  0.938300  0.081659  0.011592  0.011017   1
  1  0  0.938300 -0.035868  0.118674  0.064017   1
  1  0  0.938300 -0.046817  0.242509  0.206783   2
  1  0  0.938300 -0.108995 -0.006701  0.385691   4
  1  0  0.938300 -0.074504 -0.056710  0.016720   1
  1  0  0.938300 -0.400962 -0.254069 -0.033040   2
  1  0  0.938300 -0.098576  0.053863  0.279727   4
  1  0  0.938300  0.105191  0.350515  0.393432   2
  1  0  0.938300  0.346595 -0.304676  0.352837   2
  1  0  0.938300 -0.058116 -0.158440  0.398257   3
  1  0  0.938300  0.272830  0.257607  0.339138   2
  1  0  0.938300  0.066429 -0.056160  0.341028   2
  1  0  0.938300 -0.126515 -0.093051  0.232264   3
  1  0  0.938300 -0.022733 -0.074686  0.002393   3
  1  0  0.938300  0.178828 -0.164474  0.561175   2
  1  0  0.938300  0.140456 -0.030819  0.279827   5
  1  0  0.938300  0.125199 -0.219828 -0.060500   1
  1  0  0.938300 -0.088586  0.225583  0.130621   3
  1  0  0.938300  0.036318  0.124979 -0.086229   1
  1  0  0.938300 -0.102048 -0.029831  0.354603   3
  1  0  0.938300  0.002146  0.016928 -0.062088   1
  1  0  0.938300 -0.111461  0.151957  0.135398   3
  1  0  0.938300  0.306777  0.058083 -0.087496   6
  1  0  0.938300  0.112436 -0.109047  0.018857   1
  1  0  0.938300 -0.254563  0.364585  0.641742   3
  1  0  0.938300 -0.047147 -0.110483 -0.083783   4
  1  0  0.938300  0.008217  0.030513  0.337752   5
  1  0  0.938300 -0.357180 -0.301137  0.320796   2
  1  0  0.938300  0.018776  0.196978  0.100267   2
  1  0  0.938300 -0.126050 -0.325501  0.230530   2
  1  0  0.938300  0.103887 -0.487080  0.311461   2
  1  0  0.938300  0.125800 -0.003701  0.067730   1
  1  0  0.938300 -0.060038  0.128488  0.243860   3
  1  0  0.938300  0.238601 -0.087299  0.181051   3
  1  0  0.938300 -0.012267  0.026084  0.199294   4
  1  0  0.938300  0.048805  0.045878  0.158987   2
  1  0  0.938300  0.294010 -0.256955 -0.060584   2
  1  0  0.938300 -0.357797 -0.163931  0.492248   8
  1  0  0.938300  0.178302  0.278692  0.621832   5
  1  0  0.938300 -0.069398 -0.417401  0.417083   3
  1  0  0.938300  0.121957  0.331321  0.301441   3
  1  0  0.938300  0.231139 -0.204238  0.205456   2
  1  0  0.938300  0.363187  0.178478  0.223376   7
  1  0  0.938300  0.240155 -0.298997  0.053538   4
  1  0  0.938300 -0.052162  0.078477  0.393565   5
  1  1  0.938300 -0.053934 -0.108865  0.559287  -6
  1  1  0.938300  0.156869 -0.059139  0.161323  -4
  1  1  0.938300  0.006420 -0.460985  0.579772  -4
  1  1  0.938300 -0.299461 -0.097860  0.739699  -9
  1  0  0.938300 -0.049155 -0.338581  0.462966  -3
  1  1  0.938300  0.349789 -0.188372  0.698252  -2
  1  1  0.938300  0.334098  0.013633  0.349626  -5
  1  1  0.938300  0.156747  0.130752  0.369062  -6
  1  1  0.938300 -0.122758 -0.001213  0.518625  -4
  1  1  0.938300  0.194355  0.031205  0.411538  -3
  1  1  0.938300  0.109462  0.211237 -0.046212  -2
  1  1  0.938300  0.058030 -0.156890  0.409508  -8
  1  1  0.938300 -0.059783  0.344186  0.635897  -2
  1  1  0.938300 -0.056675 -0.162434  0.378664  -4
  1  1  0.938300 -0.029274  0.100134  0.556488  -2
  1  1  0.938300 -0.682021 -0.022636  0.360633  -3
  1  1  0.938300  0.138014 -0.120269  0.423587  -5
  1  1  0.938300  0.223441  0.334755  0.525676  -4
  1  1  0.938300 -0.062828 -0.126242  0.167358  -5
  1  1  0.938300  0.196723  0.123274  0.573878  -6
  1  1  0.938300 -0.103975  0.301504  0.544678  -6
  1  1  0.938300  0.010826 -0.198406  0.325556  -3
  1  1  0.938300  0.058973  0.041864  0.575980  -2
  1  1  0.938300 -0.093816 -0.166272  0.534072  -2
  1  1  0.938300  0.306720 -0.223069  0.416911  -8
  1  1  0.938300  0.208644  0.325853  0.321807  -5
  1  1  0.938300 -0.224515  0.237796  0.398037  -4
  1  1  0.938300  0.026330 -0.236474  0.777089  -1
  1  1  0.938300 -0.117296  0.018337  0.869219  -4
  1  1  0.938300  0.166767  0.243578  0.499570  -3
  1  1  0.938300  0.289601 -0.380801  0.662323  -4
  1  1  0.938300  0.336322 -0.245972  0.212859  -4
  1  1  0.938300  0.015504 -0.119001  0.581825  -1
  1  1  0.938300 -0.025341 -0.133565  0.213146  -4
  1  1  0.938300 -0.034490 -0.062529  0.221242  -9
  1  1  0.938300  0.328483 -0.036224  0.433660  -3
  1  1  0.938300  0.450425  0.124099  0.400322  -3
  1  1  0.938300 -0.179676  0.046815  0.642481  -1
  1  1  0.938300  0.128785  0.165601 -0.000824  -8
  1  1  0.938300 -0.151723 -0.312169  0.610167  -4
  1  1  0.938300 -0.062925  0.202914  0.107254  -2
  1  1  0.938300  0.155405  0.023433  0.517893  -3
  1  1  0.938300  0.063140 -0.144505  0.393911  -2
  1  1  0.938300 -0.055289 -0.010407  0.274660  -3
  1  1  0.938300  0.267600  0.001430  0.512716  -1
  1  1  0.938300 -0.265092  0.315849  0.096949  -4
  1  1  0.938300  0.149554  0.224123  0.233510  -3
  1  1  0.938300  0.127009 -0.017296  0.377388  -2
  1  1  0.938300 -0.566038  0.069668  0.228501  -7
  1  1  0.938300  0.248958  0.192720  0.490968  -3
  1  1  0.938300 -0.076154  0.201037  0.731948  -5
  1  1  0.938300 -0.167456  0.228426  0.164552  -5
  1  1  0.938300  0.168445  0.090400  0.476681  -4
  1  1  0.938300 -0.137328 -0.106747  0.524787  -1
  1  1  0.938300 -0.211414 -0.437422  0.250219  -3
  1  1  0.938300 -0.231789  0.109363  0.601656  -4
  1  1  0.938300  0.135808 -0.311530  0.636372  -3
  1  1  0.938300 -0.198649  0.195495  0.463239  -2
  1  1  0.938300  0.120539  0.265692  0.238352  -2
  1  1  0.938300 -0.051219 -0.202731  0.492946  -6
  1  1  0.938300  0.280981 -0.023132  0.423582  -3
  1  1  0.938300 -0.147955 -0.054180  0.709645  -1
  1  1  0.938300  0.028504 -0.230639  0.541759  -4
  1  1  0.938300  0.363183  0.161544  0.570847  -2
  1  1  0.938300 -0.069798 -0.134449 -0.065960  -2
  1  1  0.938300 -0.354067 -0.225884  0.309961  -2
  1  1  0.938300 -0.255868 -0.219670  0.598288  -3
  1  1  0.938300 -0.405445 -0.058701  0.564013  -2
  1  1  0.938300  0.338588  0.183582  0.351549  -5
  1  1  0.938300  0.015025  0.166020  0.180027  -4
  1  1  0.938300  0.415348 -0.241968  0.304130  -2
  1  1  0.938300  0.040946 -0.586074  0.211202  -5
  1  1  0.938300 -0.184483 -0.050384  0.393561  -6
  1  1  0.938300 -0.275758 -0.046796  0.446992  -3
  1  1  0.938300  0.098578 -0.434300  0.397875  -5
  1  1  0.938300  0.010543 -0.232567  0.011048  -4
  1  1  0.938300  0.297932  0.268367  0.322054  -3
  1  1  0.938300 -0.241279 -0.122517  0.408618  -4
  1  1  0.938300  0.105186 -0.112829  0.761680  -1
  1  0  0.938300 -0.336183 -0.081756  0.300132  -3
  1  0  0.938300  0.248519 -0.004318  0.164773  -6
  1  0  0.938300 -0.140058 -0.009119  0.090786  -5
  1  0  0.938300  0.063610  0.024923  0.688866  -7
  1  0  0.938300 -0.158999 -0.176985  0.199705  -3
  1  0  0.938300  0.135732  0.251467  0.306966  -5
  1  0  0.938300 -0.061228  0.011874  0.101110  -3
  1  0  0.938300  0.091285 -0.155523  0.674784  -1
  1  0  0.938300 -0.202722 -0.159872  0.543411  -4
  1  0  0.938300  0.427977 -0.046979  0.726301  -2
  1  0  0.938300  0.091850 -0.128097  0.587927  -3
  1  0  0.938300 -0.142489 -0.048781  0.518405  -2
  1  0  0.938300  0.122736 -0.059655  0.424466  -1
  1  0  0.938300  0.284983  0.169517  0.311947  -3
  1  0  0.938300  0.093150  0.019403  0.080183  -3
  1  0  0.938300 -0.059409  0.262926  0.347455  -3
  1  0  0.938300  0.089835  0.051850  0.398316  -2
  1  0  0.938300  0.495257  0.001213  0.861946  -2
  1  0  0.938300  0.161226 -0.390353  0.583920  -5
  1  0  0.938300 -0.175914 -0.225304  0.159499  -2
  1  0  0.938300 -0.033003  0.125131  0.877125  -1
  1  0  0.938300  0.133635  0.343370  0.185235  -3
  1  0  0.938300 -0.189516  0.253055  0.513948  -3
  1  0  0.938300 -0.134159 -0.056824 -0.030474  -2
  1  0  0.938300  0.167290 -0.450631  0.472609  -2
  1  0  0.938300  0.017611  0.308429  0.077059  -7
  1  0  0.938300  0.000072  0.098700  0.184741  -4
  1  0  0.938300  0.100987 -0.222174  0.772848  -3
  1  0  0.938300  0.184497  0.062677  0.796416  -1
  1  0  0.938300 -0.023325  0.056350  0.512397  -2
  1  0  0.938300  0.385142  0.145753  0.432279  -3
  1  0  0.938300 -0.134869 -0.049507  0.417599  -2
  1  0  0.938300 -0.008651  0.107464  0.374931  -1
  1  0  0.938300  0.037093 -0.163128  0.691446  -2
  1  0  0.938300  0.094199  0.004742  0.157315  -5
  1  0  0.938300 -0.338194  0.131325  0.432142  -2
  1  0  0.938300  0.056919  0.262150  0.716766  -2
  1  0  0.938300 -0.117019  0.015176  0.064605  -5
  1  0  0.938300 -0.181780 -0.240911  0.227585  -2
  1  1  0.938300 -0.074173  0.115675  0.257181  -3
  1  0  0.938300 -0.075693 -0.348925  0.264878  -7
  1  0  0.938300  0.214509 -0.011120  0.805187  -2
  1  0  0.938300  0.107894  0.004684  0.607734  -1
  1  0  0.938300  0.124450  0.166897  0.747889  -2
  1  0  0.938300 -0.268821 -0.145810  0.447115  -3
  1  0  0.938300  0.287960  0.373240  0.334228  -2
  1  0  0.938300  0.057329 -0.024971  0.801001  -1
  1  0  0.938300 -0.161266 -0.011529  0.636680  -4
  1  0  0.938300 -0.058509 -0.076203  0.733748  -1
  1  0  0.938300 -0.223719 -0.045920  0.697645  -1
  1  0  0.938300 -0.280644  0.385631  0.585109  -3
  1  0  0.938300 -0.232169 -0.088921  0.426714  -2
  1  0  0.938300 -0.591541  0.107461  0.592318  -5
  1  0  0.938300  0.086685 -0.809544  0.285085  -4
  1  0  0.938300 -0.065336  0.139304  0.284958  -6
  1  0  0.938300 -0.110761 -0.217530  0.889718  -6
  1  0  0.938300  0.153647 -0.209890  0.704173  -6
  1  0  0.938300  0.022864  0.032686  0.576286  -1
  1  0  0.938300  0.077449  0.153082  0.833268  -1
  1  0  0.938300 -0.008678 -0.047657  0.593246  -1
  1  0  0.938300 -0.279744  0.264798  0.311856  -3
  1  0  0.938300  0.131014  0.035522 -0.050993  -3
  1  0  0.938300 -0.379115  0.564861  0.607397  -2
  1  0  0.938300  0.359265  0.090872  0.448500  -3
  1  0  0.938300 -0.062682  0.208700  0.671247  -1
  1  0  0.938300 -0.157955 -0.383745  0.693684  -3
  1  0  0.938300  0.097840 -0.021890  0.700491  -6
  1  0  0.938300 -0.276248  0.308987  0.419720  -5
  1  0  0.938300 -0.283401 -0.262768  0.418974  -3
  1  0  0.938300  0.161337  0.034987  0.895637  -1
  1  0  0.938300  0.092196  0.056769  0.648615  -1
  1  0  0.938300  0.293301  0.138576  0.376334  -3
  1  0  0.938300 -0.060064 -0.133045  0.815328  -2
  1  0  0.938300 -0.077059  0.041486  0.271533  -6
  1  0  0.938300  0.413643  0.172907  0.411672  -3
  1  0  0.938300 -0.282589  0.172699  0.313809  -2
  1  0  0.938300  0.233171 -0.257816  0.654520  -2
  1  0  0.938300  0.076061  0.118724  0.561341  -1
  1  0  0.938300  0.154226  0.587801  0.525533  -2
  1  0  0.938300  0.426858  0.259392  0.281764  -2
  1  0  0.938300  0.024428 -0.102894  0.410053  -4
  1  0  0.938300 -0.007080  0.005151  0.259786  -6
  1  0  0.938300  0.420599  0.072475  0.355481  -2
  1  0  0.938300 -0.033416 -0.023375  0.465686  -6
  1  0  0.938300  0.009438 -0.101881  0.441099  -3
  1  0  0.938300  0.160959 -0.127768  0.325310  -7
  1  0  0.938300  0.173514  0.344756  0.131751  -4
  1  0  0.938300  0.365910 -0.049769  0.238068  -6
  1  0  0.938300 -0.492233  0.120383  0.242902  -7
  1  0  0.938300 -0.001654  0.182459  0.472915  -2
  1  0  0.938300  0.227895  0.082542  0.341956  -7
  1  0  0.938300  0.082182 -0.124603  0.039631  -4
  1  0  0.938300 -0.222433  0.067737  0.279790  -3
  1  0  0.938300 -0.351225 -0.154413  0.380535  -2
  1  0  0.938300  0.222319  0.042322  0.722975  -1
  1  0  0.938300 -0.181348  0.203756  0.573862  -5
  1  0  0.938300 -0.021167  0.043221  0.688344  -4
  1  0  0.938300 -0.132224 -0.048383  0.422058  -3
  1  0  0.938300 -0.070964  0.244985  0.848881  -3
  1  0  0.938300 -0.024043  0.077680  0.144650  -5
  1  0  0.938300 -0.397623 -0.052174  0.065287  -3
  1  0  0.938300  0.296968  0.101788  0.570504  -2
  1  0  0.938300  0.194156 -0.174392  0.187858  -4
  1  0  0.938300  0.079586 -0.263594  0.535560  -6
  1  0  0.938300 -0.063989 -0.036237  0.406294  -6
  1  0  0.938300  0.060138  0.434537  0.625033  -2
  1  0  0.938300  0.143875  0.217947  0.591472  -2
  1  0  0.938300  0.391733 -0.307505  0.199189  -3
  1  0  0.938300 -0.293575 -0.394743  0.473539  -3
  1  0  0.938300 -0.216169  0.054831  0.286130  -3
  1  0  0.938300 -0.062960 -0.277886  0.650297  -2
  1  0  0.938300 -0.060243 -0.282264  0.353198  -8
  1  0  0.938300  0.180064  0.171043  0.708316  -6
  1  0  0.938300  0.315014 -0.049596  0.489625  -4
  1  1  0.938300 -0.014837  0.295744  0.598106  -3
  1  0  0.938300  0.258021  0.235668  0.604289  -8
  1  0  0.938300 -0.618609 -0.288946  0.583065  -5
  1  0  0.938300  0.094507  0.011322  0.688365  -2