  1  1  0.938300 -0.215090  0.101994  0.353378   3
  1  1  0.938300 -0.072073  0.344116  0.351871   8
  1  1  0.938300 -0.045167 -0.148337  0.300985   2
  1  1  0.938300 -0.129160  0.002603  0.093455   2
  1  1  0.938300 -0.164554 -0.263243  0.098847   2
  1  1  0.938300  0.149638  0.164353  0.227593   3
  1  1  0.938300 -0.085905 -0.172957  0.640334   6
  1  1  0.938300 -0.080300  0.038656  0.685753   5
  1  1  0.938300 -0.022071  0.128870  0.087947   1
  1  1  0.938300 -0.310717  0.056446  0.457645   2
  1  1  0.938300  0.107164 -0.164424  0.222659   5
  1  1  0.938300 -0.128654 -0.050869  0.135828   3
  1  1  0.938300  0.059340  0.066001  0.005916   4
  1  1  0.938300 -0.206743  0.010699  0.312311   8
  1  1  0.938300  0.114687 -0.038876  0.751260   6
  1  1  0.938300  0.027813 -0.036053 -0.061696   1
  1  1  0.938300  0.285149 -0.023593  0.113328   1
  1  1  0.938300  0.029328 -0.038487 -0.066957   1
  1  1  0.938300  0.244366  0.093283  0.215689   3
  1  1  0.938300 -0.088097  0.140890  0.218071   1
  1  1  0.938300  0.050190  0.033929  0.532520   4
  1  1  0.938300 -0.090597 -0.121431  0.510512   3
  1  1  0.938300 -0.506025  0.418655  0.339750   4
  1  1  0.938300 -0.065327  0.088837  0.196464   2
  1  1  0.938300 -0.109794  0.381468  0.481137   6
  1  1  0.938300  0.203934 -0.151891  0.332808   4
  1  1  0.938300 -0.259455  0.146899  0.290509   2
  1  1  0.938300 -0.290066 -0.392954  0.361580   6
  1  1  0.938300  0.140682 -0.266364  0.155161   5
  1  1  0.938300 -0.021722 -0.095587  0.239212   6
  1  1  0.938300  0.180520  0.233083  0.269141   7
  1  1  0.938300 -0.183400  0.048058  0.227878   2
  1  1  0.938300 -0.139392 -0.223823  0.223571   4
  1  1  0.938300  0.214793 -0.038914  0.787015   6
  1  1  0.938300  0.096242  0.139256  0.301352   6
  1  1  0.938300  0.140422 -0.558660  0.687205   3
  1  1  0.938300  0.034670  0.186580  0.293409   3
  1  1  0.938300 -0.076847  0.087086 -0.054175   1
  1  1  0.938300 -0.060720 -0.271282  0.079036   5
  1  1  0.938300  0.099047  0.218937  0.442587   5
  1  1  0.938300  0.046984 -0.183775  0.448198   3
  1  1  0.938300 -0.004507  0.200996  0.058954   2
  1  1  0.938300  0.091385 -0.391859  0.254680   2
  1  1  0.938300  0.159661  0.107742  0.059287   1
  1  1  0.938300  0.263971  0.343638  0.550553   2
  1  1  0.938300 -0.279085 -0.078725  0.180116   2
  1  1  0.938300 -0.204882  0.436410  0.511136   3
  1  1  0.938300  0.212902 -0.056659  0.224485   4
  1  1  0.938300  0.371764  0.335497  0.154316   2
  1  1  0.938300  0.123798 -0.501375  0.289055   3
  1  1  0.938300 -0.187468 -0.134012  0.467781   2
  1  1  0.938300 -0.053555 -0.149809 -0.313258   4
  1  1  0.938300 -0.080125 -0.386319  0.119428   5
  1  1  0.938300  0.246273  0.601156  0.596880   7
  1  1  0.938300  0.107197 -0.171229  0.369726   2
  1  1  0.938300  0.093852 -0.204011  0.325296   2
  1  1  0.938300  0.199931  0.046261  0.442134   2
  1  1  0.938300  0.321569 -0.278287  0.150598   5
  1  1  0.938300  0.017630 -0.007191 -0.154214   4
  1  1  0.938300 -0.092618 -0.188593  0.345058   5
  1  1  0.938300  0.143756 -0.135380  0.368062   2
  1  1  0.938300  0.212974  0.132319  0.869259   2
  1  1  0.938300 -0.005242 -0.155752  0.865536   2
  1  1  0.938300 -0.048547  0.197510 -0.095537   4
  1  1  0.938300  0.108793 -0.152361  0.571991   3
  1  1  0.938300  0.020930 -0.294998  0.529316   3
  1  1  0.938300 -0.290602  0.114080  0.365638   5
  1  1  0.938300  0.555338  0.297683  0.508143   3
  1  1  0.938300 -0.110370  0.409520  0.878837   5
  1  1  0.938300 -0.024101  0.225250  0.207574   1
  1  1  0.938300  0.015252  0.071850  0.101448   3
  1  1  0.938300  0.277510  0.147642  0.524097   2
  1  1  0.938300  0.381814  0.179699  0.295514   2
  1  1  0.938300 -0.118332  0.266118  0.590135   4
  1  1  0.938300  0.056021  0.335849  0.545696   2
  1  1  0.938300 -0.375121 -0.245527  0.347756   3
  1  1  0.938300  0.077475  0.342140  0.204871   2
  1  1  0.938300  0.096457 -0.337308  0.525076   4
  1  1  0.938300  0.310492 -0.089616  0.338153   3
  1  0  0.938300  0.213782 -0.042024  0.421716   5
  1  0  0.938300  0.320646  0.158286  0.647000   2
  1  0  0.938300  0.182522 -0.207953  0.256250   5
  1  0  0.938300 -0.161255 -0.141224  0.219604   3
  1  0  0.938300  0.525315  0.376355  0.716495   9
  1  0  0.938300  0.029923  0.065245  0.595040   5
  1  0  0.938300  0.134839 -0.102796  0.440344   5
  1  0  0.938300  0.069315  0.037550  0.029115   1
  1  0  0.938300 -0.118836 -0.086379  0.172363   2
  1  0  0.938300 -0.246299 -0.098840  0.080065   2
  1  0  0.938300 -0.038273  0.016055 -0.098158   1
  1  0  0.938300  0.157468 -0.153811  0.274361   2
  1  0  0.938300  0.159874  0.518786  0.208549   2
  1  0  0.938300 -0.029012 -0.066070  0.199050   2
  1  0  0.938300 -0.075817 -0.031758  0.281248   1
  1  0  0.938300 -0.114375  0.046162  0.053219   2
  1  0  0.938300 -0.317300 -0.095926  0.388504   4
  1  0  0.938300 -0.331949 -0.217259  0.428193   6
  1  0  0.938300  0.091359 -0.225031  0.321491   2
  1  0  0.938300  0.271047 -0.076981  0.532278  10
  1  0  0.938300 -0.239254  0.018821  0.115872   3
  1  0  0.938300 -0.076183  0.062551  0.101763   3
  1  0  0.938300  0.093454 -0.207864 -0.014383   2
  1  0  0.938300  0.090561 -0.051726  0.267030   3
  1  0  0.938300  0.057740  0.140429  0.480830   3
  1  1  0.938300 -0.120701  0.046322  0.062340   2
  1  0  0.938300  0.012844 -0.081888  0.034746   1
  1  0  0.938300 -0.071292  0.240724  0.289276   3
  1  0  0.938300  0.098171  0.302467 -0.002444   1
  1  0  0.938300 -0.253296 -0.175518  0.214585   3
  1  0  0.938300  0.483250  0.108153  0.013573   2
  1  0  0.938300 -0.220274  0.139751  0.519490   8
  1  0  0.938300  0.018405 -0.130896  0.206057   3
  1  0  0.938300  0.140044  0.402545  0.491698   3
  1  0  0.938300  0.174745 -0.331848  0.116465   2
  1  0  0.938300  0.064219 -0.160005  0.202614   3
  1  0  0.938300 -0.044534 -0.124121  0.497400   3
  1  0  0.938300 -0.059907 -0.305973  0.520162   5
  1  0  0.938300  0.174014 -0.049835  0.295611   3
  1  0  0.938300  0.018272  0.194620 -0.207688   2
  1  0  0.938300 -0.218847  0.381004  0.352711   2
  1  0  0.938300 -0.218168 -0.198559  0.171074   5
  1  0  0.938300 -0.065658 -0.136297  0.650772   3
  1  0  0.938300  0.224706 -0.021505  0.556391   5
  1  0  0.938300 -0.513835 -0.038459  0.214118   2
  1  0  0.938300 -0.100813  0.550838  0.573315   4
  1  0  0.938300 -0.037220  0.021231  0.313178   8
  1  0  0.938300  0.045474 -0.103542 -0.069476   1
  1  0  0.938300 -0.219974 -0.098137  0.701228   2
  1  0  0.938300  0.016719 -0.012978  0.305542   4
  1  0  0.938300  0.025372  0.063059  0.337064   4
  1  0  0.938300  0.115996 -0.007019  0.428041   3
  1  0  0.938300  0.148886  0.237764  0.244751   4
  1  0  0.938300 -0.225603 -0.033447  0.582210   2
  1  0  0.938300  0.100028  0.255465 -0.022123   2
  1  0  0.938300 -0.002338  0.047662  0.299026   2
  1  0  0.938300 -0.060905 -0.037418  0.401281   6
  1  0  0.938300 -0.095874 -0.348913  0.798193   3
  1  0  0.938300  0.005668 -0.084459 -0.098192   1
  1  0  0.938300 -0.128454 -0.025441  0.400712   3
  1  0  0.938300 -0.224488 -0.042127  0.728291   3
  1  0  0.938300 -0.169810  0.097470  0.141854   3
  1  0  0.938300  0.282083  0.158225  0.712168   5
  1  0  0.938300 -0.060454 -0.256743  0.351236   3
  1  0  0.938300 -0.191840 -0.131365 -0.044740   2
  1  0  0.938300 -0.145146 -0.206309  0.334538   3
  1  0  0.938300 -0.199754 -0.177246  0.363830   5
  1  0  0.938300  0.318527 -0.201677 -0.151791   3
  1  0  0.938300  0.060273 -0.090896  0.293164   2
  1  0  0.938300  0.024648  0.272223  0.457686   4
  1  0  0.938300  0.341137 -0.032288  0.233339   2
  1  0  0.938300 -0.254202 -0.203757  0.466889   3
  1  0  0.938300 -0.243725  0.537674  0.163039   2
  1  0  0.938300 -0.105145 -0.324004  0.485566   4
  1  0  0.938300 -0.068883 -0.278341  0.144434   5
  1  0  0.938300  0.076685  0.196426  0.424749   4
  1  0  0.938300  0.003247  0.183497  0.951580   5
  1  0  0.938300 -0.063134 -0.116146  0.423278   4
  1  0  0.938300 -0.181233 -0.010862  0.789281   4
  1  0  0.938300 -0.228734  0.021159  0.591174   3
  1  0  0.938300 -0.345291 -0.172614  0.360000   2
  1  0  0.938300  0.209215 -0.053078  0.038280   1
  1  0  0.938300 -0.014943  0.011639  0.466667   6
  1  0  0.938300 -0.073460 -0.205218  0.497624   5
  1  0  0.938300 -0.104480 -0.021573  0.029054   3
  1  0  0.938300 -0.591108  0.241621  0.499880   5
  1  0  0.938300 -0.070101 -0.181539  0.322620   4
  1  0  0.938300  0.043986 -0.017960  0.001193   2
  1  0  0.938300 -0.008569  0.004897  0.453525   9
  1  0  0.938300  0.167691  0.109965  0.141234   4
  1  0  0.938300  0.133218  0.137867  0.129690   1
  1  0  0.938300 -0.132401  0.324262  0.071855   2
  1  0  0.938300 -0.013793  0.019312 -0.126947   1
  1  0  0.938300  0.266314 -0.151920  0.354384   4
  1  0  0.938300  0.272692  0.396810  0.226654   8
  1  0  0.938300 -0.113588  0.016093  0.115985   1
  1  0  0.938300 -0.125202  0.175169  0.257734   3
  1  0  0.938300 -0.170415 -0.191207  0.280778   4
  1  0  0.938300  0.093431 -0.002853  0.355415   3
  1  0  0.938300  0.172990  0.281390  0.120251   3
  1  0  0.938300 -0.033439  0.139937  0.683515   5
  1  0  0.938300 -0.081685 -0.027566  0.253857   2
  1  0  0.938300  0.076222 -0.046131  0.007430   1
  1  0  0.938300 -0.099916  0.060184  0.579740   2
  1  0  0.938300 -0.294728 -0.120439  0.373270   3
  1  0  0.938300 -0.507594  0.055116  0.253255   4
  1  0  0.938300 -0.113878  0.324516  0.297028   6
  1  0  0.938300  0.166077 -0.138811  0.492288   5
  1  0  0.938300  0.060769  0.199085  0.239345   3
  1  0  0.938300 -0.225989 -0.078535  0.008246   2
  1  0  0.938300  0.071838  0.189402  0.216178   1
  1  0  0.938300  0.296820  0.123681  0.507903   7
  1  0  0.938300 -0.114446 -0.062791  0.176011   4
  1  0  0.938300  0.319037 -0.136493  0.435153   3
  1  0  0.938300  0.074055 -0.041776  0.017345   1
  1  0  0.938300 -0.022454  0.025617  0.438621   4
  1  0  0.938300  0.375881  0.056022  0.311223   2
  1  0  0.938300 -0.140862  0.039333 -0.026033   1
  1  1  0.938300  0.033882 -0.140689  0.314831  -3
  1  1  0.938300 -0.021674  0.086473  0.183916  -4
  1  1  0.938300 -0.018706  0.028727  0.031388  -8
  1  1  0.938300  0.111147 -0.005419  0.185938  -4
  1  1  0.938300 -0.053110  0.215405  0.456296  -1
  1  1  0.938300 -0.133882 -0.186126  0.298776  -5
  1  1  0.938300  0.088091 -0.050193  0.557573  -2
  1  1  0.938300  0.288184 -0.380483  0.119414  -4
  1  1  0.938300  0.007404  0.034038  0.612477  -1
  1  1  0.938300 -0.022667  0.151802  0.260609  -3
  1  1  0.938300  0.024224 -0.347948  0.592226  -4
  1  1  0.938300  0.557403  0.069184  0.549820  -3
  1  1  0.938300 -0.142163  0.404087  0.300827  -7
  1  1  0.938300  0.061223  0.075648  0.748788  -1
  1  1  0.938300 -0.190485  0.087465  0.690536  -3
  1  1  0.938300 -0.063283 -0.010560  0.707602  -1
  1  1  0.938300  0.262956 -0.079475  0.469881  -2
  1  1  0.938300 -0.001474  0.131729  0.126472  -6
  1  1  0.938300  0.258958 -0.320441  0.487822  -4
  1  1  0.938300  0.156694 -0.074287  0.165174  -2
  1  1  0.938300  0.057734 -0.072325  0.278945  -4
  1  1  0.938300  0.375825 -0.229356  0.630132  -2
  1  1  0.938300  0.140394 -0.266075  0.500759  -5
  1  1  0.938300  0.374182 -0.095448  0.594663  -2
  1  1  0.938300 -0.166360 -0.330149  0.204221  -3
  1  1  0.938300 -0.046312 -0.269552 -0.003840  -6
  1  1  0.938300 -0.194218  0.228718 -0.077961  -3
  1  1  0.938300  0.025552  0.055026  0.159320  -4
  1  1  0.938300 -0.114734 -0.143576  0.506084  -1
  1  1  0.938300  0.063082 -0.069415  0.205773  -8
  1  1  0.938300 -0.253564 -0.234138  0.585686  -2
  1  1  0.938300  0.043061  0.047372  0.795032  -1
  1  1  0.938300 -0.054096  0.231636  0.518459  -2
  1  1  0.938300 -0.232057  0.252826  0.231991  -3
  1  1  0.938300  0.387927 -0.279830  0.304747  -3
  1  1  0.938300  0.115607  0.238161  0.431725  -2
  1  1  0.938300  0.154584  0.498054  0.630576  -4
  1  1  0.938300  0.176200  0.087903  0.514964  -3
  1  1  0.938300  0.214765 -0.151133  0.533428  -2
  1  1  0.938300  0.126685 -0.200650  0.796606  -3
  1  1  0.938300 -0.293082 -0.080550  0.663052  -5
  1  1  0.938300  0.197540  0.046668  0.277641  -7
  1  1  0.938300  0.189309  0.149349  0.129246  -5
  1  1  0.938300 -0.447009  0.043745  0.202523  -3
  1  1  0.938300  0.051889 -0.115059  0.641478  -1
  1  1  0.938300 -0.088562 -0.090802  0.570242  -1
  1  1  0.938300 -0.078443 -0.558540  0.754424  -2
  1  1  0.938300 -0.273688  0.147332  0.153715  -3
  1  1  0.938300 -0.012084  0.092871  0.281011  -3
  1  1  0.938300  0.312513  0.122716  0.731318  -3
  1  1  0.938300  0.067461  0.088382  0.476678  -6
  1  1  0.938300  0.033267  0.353106  0.414690  -3
  1  1  0.938300  0.317523  0.283016  0.580336  -3
  1  1  0.938300 -0.361941  0.382895  0.237727  -3
  1  1  0.938300 -0.224832 -0.265910  0.152349  -4
  1  1  0.938300  0.294729 -0.039571  0.538917  -3
  1  1  0.938300  0.097118 -0.057469  0.374872  -5
  1  1  0.938300 -0.357600 -0.209598  0.668329  -8
  1  1  0.938300 -0.251935  0.402291  0.901733  -2
  1  1  0.938300 -0.431442 -0.081238  0.520939  -2
  1  1  0.938300 -0.300255  0.165660  0.173976  -4
  1  1  0.938300  0.216116  0.103136  0.186693  -5
  1  1  0.938300  0.245590  0.001269  0.214693  -3
  1  1  0.938300 -0.222832 -0.000302  0.548078  -2
  1  1  0.938300 -0.271778 -0.207495  0.134728  -4
  1  1  0.938300  0.135514  0.237367  0.067849  -5
  1  1  0.938300 -0.155252 -0.022228  0.409672  -2
  1  1  0.938300  0.057707 -0.067180  0.358661  -5
  1  1  0.938300  0.337798  0.373964  0.149247  -4
  1  1  0.938300  0.005382  0.342073  0.612034  -2
  1  1  0.938300 -0.213014  0.132935  0.560724  -2
  1  1  0.938300  0.448875 -0.122757  0.503519  -2
  1  1  0.938300 -0.030530  0.086443  0.451088  -3
  1  1  0.938300 -0.140661 -0.276959  0.489874  -5
  1  1  0.938300 -0.116658 -0.251472  0.323823  -3
  1  1  0.938300 -0.160101  0.200384  0.070998  -7
  1  1  0.938300  0.235960  0.229241  0.260285  -3
  1  1  0.938300 -0.018034 -0.128793  0.624590  -4
  1  1  0.938300 -0.278922  0.085052  0.470256  -4
  1  0  0.938300 -0.088420  0.036753  0.484022  -5
  1  0  0.938300 -0.025910 -0.111571 -0.073354  -2
  1  0  0.938300 -0.189054 -0.350773  0.533328  -5
  1  0  0.938300 -0.052333  0.024437  0.509942  -4
  1  0  0.938300 -0.156545 -0.030736  0.344286  -4
  1  0  0.938300  0.065599  0.118672  0.588965  -1
  1  0  0.938300  0.337276  0.388128  0.308809 -10
  1  0  0.938300  0.068483  0.124851  0.106868  -8
  1  0  0.938300 -0.061599 -0.017077  0.445924  -8
  1  0  0.938300 -0.065111 -0.211351  0.596831  -3
  1  0  0.938300  0.160091 -0.060729  0.299342  -3
  1  0  0.938300 -0.234128 -0.235843  0.426033  -3
  1  0  0.938300  0.025820 -0.046129  0.363027  -3
  1  0  0.938300 -0.243859  0.129327  0.736326  -5
  1  0  0.938300  0.032873  0.366034  0.701570  -2
  1  0  0.938300 -0.518678 -0.385534  0.568049  -3
  1  0  0.938300 -0.116399  0.020759  0.426123  -1
  1  0  0.938300  0.140639 -0.284444  0.056709  -4
  1  0  0.938300 -0.045939  0.096830  0.227130  -5
  1  0  0.938300 -0.055436 -0.129199  0.444997  -1
  1  0  0.938300 -0.009245  0.122743  0.432912  -5
  1  0  0.938300 -0.267251 -0.050369  0.476809  -2
  1  0  0.938300 -0.037497  0.235819  0.362613  -7
  1  0  0.938300 -0.024646  0.119053 -0.005229  -6
  1  0  0.938300 -0.108717  0.111967  0.156380  -4
  1  0  0.938300 -0.077526  0.054133  0.805028  -2
  1  0  0.938300  0.415775 -0.040915  0.320142  -2
  1  0  0.938300  0.142697 -0.043437  0.293553  -4
  1  0  0.938300 -0.031151  0.296165  0.269364  -2
  1  0  0.938300  0.452413 -0.677196  0.318189  -4
  1  0  0.938300 -0.032662  0.019049  0.228924  -2
  1  0  0.938300 -0.157310 -0.008902  0.461591  -3
  1  0  0.938300  0.242212  0.102299  0.381298  -2
  1  0  0.938300  0.009597 -0.119590  0.526149  -1
  1  0  0.938300  0.210858 -0.199648  0.377897  -2
  1  0  0.938300  0.250270 -0.211164  0.513863  -3
  1  0  0.938300 -0.112492  0.135510  0.657396  -1
  1  0  0.938300  0.041570  0.035026  0.278476  -2
  1  0  0.938300  0.027055 -0.095135 -0.041730  -3
  1  0  0.938300 -0.122863  0.046716  0.568263  -1
  1  0  0.938300  0.070769  0.074969  0.346566  -6
  1  0  0.938300 -0.151820  0.141422  0.548296  -4
  1  0  0.938300  0.073347 -0.485285  0.342807  -2
  1  0  0.938300  0.015263 -0.008786  0.168231  -4
  1  0  0.938300  0.052568  0.089946  0.116271  -6
  1  0  0.938300  0.228962 -0.232056  0.465238  -3
  1  0  0.938300  0.066035  0.009800 -0.052310  -3
  1  0  0.938300  0.088315 -0.361321 -0.199251  -5
  1  0  0.938300 -0.296569 -0.267010  0.672694  -3
  1  0  0.938300 -0.152566  0.032552  0.363361  -5
  1  0  0.938300  0.062723 -0.349682  0.496823  -4
  1  0  0.938300  0.106289 -0.061413  0.786274  -1
  1  0  0.938300 -0.028281 -0.202601  0.502547  -1
  1  0  0.938300 -0.090958  0.169998  0.410200  -2
  1  0  0.938300  0.000884 -0.000152  0.481139  -6
  1  0  0.938300  0.149040 -0.175582  0.508588  -3
  1  0  0.938300 -0.033228 -0.102285  0.789111  -1
  1  0  0.938300 -0.417643  0.449060  0.689168  -4
  1  0  0.938300 -0.235432 -0.387959  0.400161  -7
  1  0  0.938300  0.033705  0.064476  0.478161  -1
  1  0  0.938300  0.385135  0.082782  0.621302  -7
  1  0  0.938300 -0.004947 -0.002738  0.666446  -2
  1  0  0.938300  0.103099 -0.347472  0.484646  -3
  1  0  0.938300  0.290904  0.274616  0.359185  -4
  1  0  0.938300  0.044418 -0.033454  0.669983  -1
  1  0  0.938300  0.164833  0.101748  0.826679  -2
  1  0  0.938300 -0.106180  0.027982  0.235118  -4
  1  0  0.938300 -0.173598  0.001328  0.600330  -1
  1  0  0.938300  0.217921 -0.117738  0.392045  -4
  1  0  0.938300 -0.112627 -0.149412  0.279116  -4
  1  0  0.938300 -0.188603 -0.198540  0.283058  -9
  1  0  0.938300  0.545204  0.301714  0.468159  -2
  1  0  0.938300  0.095491 -0.189294  0.577955  -2
  1  0  0.938300 -0.053354  0.039139  0.515312  -1
  1  0  0.938300  0.009508 -0.006548  0.644340  -1
  1  0  0.938300 -0.470996  0.137115  0.599470  -9
  1  0  0.938300  0.085727  0.234632  1.003359  -3
  1  0  0.938300 -0.115932  0.189367  0.696658  -4
  1  0  0.938300 -0.526315 -0.098978  0.251961  -5
  1  0  0.938300 -0.231601 -0.345215  0.548824  -7
  1  0  0.938300  0.373383 -0.021450  0.505257  -4
  1  0  0.938300 -0.104550  0.107659  0.887270  -3
  1  0  0.938300 -0.090514  0.061140  0.518550  -5
  1  0  0.938300  0.077901 -0.202132  0.463250  -4
  1  0  0.938300 -0.087844 -0.017485  0.276468  -5
  1  0  0.938300  0.068143  0.058667  0.111237  -2
  1  0  0.938300  0.090280 -0.114248  0.386245  -2
  1  0  0.938300  0.018116 -0.197216  0.205158  -5
  1  0  0.938300  0.025290  0.094493  0.174466  -7
  1  0  0.938300  0.034716  0.181629  0.677089  -6
  1  0  0.938300 -0.228443 -0.455994  0.572177  -2
  1  0  0.938300 -0.432132 -0.006206  0.721795  -2
  1  0  0.938300 -0.102342  0.534532  0.722815  -3
  1  0  0.938300 -0.293426 -0.012784  0.751194  -2
  1  0  0.938300 -0.042577  0.205883 -0.123153  -3
  1  0  0.938300  0.243954  0.104512  0.605438  -2
  1  0  0.938300  0.113971  0.196701  0.630422  -2
  1  0  0.938300 -0.470778  0.101770  0.667372  -3
  1  0  0.938300  0.244851  0.348905  0.431704  -4
  1  0  0.938300  0.100504  0.216461  0.608507  -3
  1  0  0.938300  0.052559  0.202706  0.548103  -2
  1  0  0.938300 -0.260911  0.010515  0.345043  -6
  1  0  0.938300 -0.064651 -0.019194  0.731857  -1
  1  0  0.938300  0.034466  0.406197  0.825218  -5
  1  0  0.938300  0.211965  0.019432  0.591329  -4
  1  0  0.938300  0.241388 -0.076432  0.130034  -5
  1  0  0.938300 -0.009273 -0.095075  0.352914  -1
  1  0  0.938300 -0.168983 -0.256157  0.430565  -4
  1  0  0.938300 -0.354917 -0.011710  0.218931  -5
  1  0  0.938300 -0.017929 -0.215479  0.475403  -3
  1  0  0.938300 -0.100629 -0.044762  0.577496  -1
  1  0  0.938300  0.001003  0.244697  0.853999  -3
  1  0  0.938300 -0.151183 -0.165364  0.489203  -2
  1  0  0.938300  0.328850 -0.109881  0.097766  -3
  1  0  0.938300 -0.428656  0.034956  0.515649  -4
  1  0  0.938300  0.250074 -0.038056  1.010271  -2
  1  0  0.938300  0.012113 -0.021144  0.359694  -4
  1  0  0.938300 -0.166732 -0.140328  0.286760  -5