  1  1  0.938300 -0.037444  0.022531  0.146149   1
  1  1  0.938300 -0.249584  0.186089  0.402335   4
  1  1  0.938300  0.288460 -0.067653  0.314410   2
  1  1  0.938300 -0.552966 -0.032227  0.329415   2
  1  1  0.938300 -0.067788  0.122826  0.127302   4
  1  1  0.938300  0.236032  0.105025  0.356492   4
  1  1  0.938300  0.297501  0.301970  0.413415   5
  1  1  0.938300  0.039581 -0.163170  0.168318   2
  1  1  0.938300  0.256820  0.155846  0.593328   2
  1  1  0.938300  0.104610  0.358051  0.475374   3
  1  1  0.938300 -0.015641 -0.175688  0.466278   4
  1  1  0.938300 -0.073397  0.046297  0.395270   4
  1  1  0.938300 -0.113335 -0.091819  0.516108   4
  1  1  0.938300  0.165160 -0.413750  0.593209   8
  1  1  0.938300  0.232225 -0.127371  0.033291   9
  1  1  0.938300  0.093814 -0.040960  0.028326   1
  1  1  0.938300 -0.099524  0.273138  0.404654   3
  1  1  0.938300 -0.005884  0.155044  0.118007   2
  1  1  0.938300 -0.347009 -0.199366  0.557009   5
  1  1  0.938300 -0.301120  0.121835  0.111511   7
  1  1  0.938300 -0.569733 -0.283093  0.515596   3
  1  1  0.938300  0.252903 -0.060805  0.098731   3
  1  1  0.938300  0.093109  0.474493  0.397528   2
  1  1  0.938300  0.137827  0.064721  0.400080   3
  1  1  0.938300  0.118705 -0.059048  0.190377   2
  1  1  0.938300 -0.153707  0.109593  0.077916   2
  1  1  0.938300  0.327514  0.095877 -0.015266   3
  1  1  0.938300 -0.249243 -0.343727  0.614416   7
  1  1  0.938300  0.091498  0.297355  0.397798   2
  1  1  0.938300 -0.041487  0.037608  0.466960   3
  1  1  0.938300 -0.012527 -0.044777  0.156213   1
  1  1  0.938300 -0.020856 -0.027614  0.222435   2
  1  1  0.938300 -0.092059 -0.106109  0.344753   8
  1  1  0.938300 -0.008729  0.072666  0.002989   1
  1  1  0.938300  0.009362  0.013133  0.584644   4
  1  1  0.938300  0.242112 -0.293220  0.398216   2
  1  1  0.938300 -0.136599  0.165234  0.294948   3
  1  1  0.938300 -0.184374 -0.024045  0.126262   3
  1  1  0.938300  0.120317  0.114908  0.184883   2
  1  1  0.938300  0.071676 -0.095414  0.074209   2
  1  1  0.938300  0.616373  0.364378  0.257574   4
  1  1  0.938300 -0.309130  0.058570  0.270568   7
  1  0  0.938300 -0.876250  0.457411  0.566887   4
  1  1  0.938300  0.175174  0.087669 -0.162996   3
  1  1  0.938300  0.087815 -0.050162  0.463664   3
  1  1  0.938300  0.003299 -0.191237  0.488762   2
  1  1  0.938300  0.431174  0.065175  0.491284   5
  1  1  0.938300  0.177433 -0.064431  0.194105   1
  1  1  0.938300  0.179041 -0.019085 -0.076422   1
  1  1  0.938300  0.027059  0.043958  0.005210   1
  1  1  0.938300 -0.031200 -0.220373  0.284425   2
  1  1  0.938300 -0.170898  0.303815  0.486937   4
  1  1  0.938300  0.164715 -0.062641  0.161784   1
  1  1  0.938300 -0.227607  0.027160  0.123511   3
  1  1  0.938300 -0.347266  0.172649  0.436180   3
  1  1  0.938300  0.151772 -0.022253  0.403805   3
  1  1  0.938300  0.127381 -0.359308  0.472151   4
  1  1  0.938300 -0.013977 -0.034691  0.764324  11
  1  1  0.938300 -0.085873 -0.132073  0.188559   2
  1  1  0.938300  0.246362 -0.102196  0.141020   5
  1  1  0.938300 -0.221415  0.287501  0.710288   4
  1  1  0.938300 -0.175887  0.082945  0.927470   2
  1  1  0.938300 -0.365928  0.046887  0.019264   3
  1  1  0.938300  0.315521 -0.229602  0.189020   3
  1  1  0.938300 -0.207669 -0.112955  0.577673   3
  1  1  0.938300  0.108730  0.199781 -0.017608   3
  1  1  0.938300  0.020109  0.165521  0.331543   4
  1  1  0.938300  0.068030  0.041035  0.584083   3
  1  0  0.938300  0.231850  0.097366  0.633899   4
  1  1  0.938300  0.186723 -0.021209  0.628148   4
  1  1  0.938300  0.234275 -0.346656  0.224834   2
  1  1  0.938300 -0.025358  0.165150  0.478169   9
  1  1  0.938300 -0.566420  0.094152  0.216158   5
  1  1  0.938300 -0.183368  0.238371  0.248641   2
  1  1  0.938300  0.082899  0.482677  0.062492   5
  1  1  0.938300 -0.042022  0.140556  0.020459   1
  1  1  0.938300  0.221250 -0.030045 -0.024004   1
  1  1  0.938300  0.003131  0.281874  0.196078   3
  1  1  0.938300 -0.164312  0.449442  0.468895   5
  1  0  0.938300 -0.074214  0.162307  0.037246   1
  1  0  0.938300 -0.051233  0.140328  0.202482   2
  1  0  0.938300  0.366298  0.182536 -0.073775   2
  1  0  0.938300  0.153865  0.218849  0.311914   2
  1  1  0.938300 -0.114622 -0.201915  0.498828   6
  1  0  0.938300 -0.001980 -0.168807  0.034205   1
  1  0  0.938300  0.182891  0.221380  0.337003   2
  1  0  0.938300 -0.057189 -0.120968  0.172943   4
  1  0  0.938300  0.149910  0.192833  0.697623   3
  1  0  0.938300  0.034048 -0.079912  0.106072   1
  1  0  0.938300 -0.112444 -0.027571  0.375365   4
  1  0  0.938300  0.009842  0.004084 -0.005318   1
  1  0  0.938300 -0.069847  0.182600  0.199344   4
  1  0  0.938300 -0.030654 -0.043084  0.357259   3
  1  1  0.938300 -0.009478 -0.151753  0.280482   8
  1  0  0.938300 -0.019165  0.094545  0.184975   1
  1  0  0.938300  0.033293  0.023346  0.197052   3
  1  0  0.938300  0.000705 -0.111191 -0.050272   2
  1  0  0.938300 -0.175553 -0.099875  0.253057   3
  1  0  0.938300  0.016417  0.154488  0.186942   3
  1  0  0.938300  0.101857  0.272675  0.395572   3
  1  0  0.938300  0.026497 -0.048610  0.111496   4
  1  0  0.938300  0.149269 -0.169212 -0.092821   3
  1  0  0.938300  0.105773  0.086485  0.221229   2
  1  0  0.938300 -0.178041 -0.501155  0.288724   3
  1  0  0.938300  0.186319  0.063005 -0.009656   1
  1  0  0.938300 -0.099441 -0.092161  0.448302   2
  1  0  0.938300 -0.220709  0.051708  0.728518   3
  1  0  0.938300 -0.024791 -0.273525  0.142148   4
  1  0  0.938300  0.146905 -0.161248  0.723218   7
  1  0  0.938300 -0.076149  0.109494  0.734563   5
  1  0  0.938300  0.002961  0.030094 -0.175924   4
  1  0  0.938300  0.119135 -0.148511  0.094369   1
  1  0  0.938300  0.296220  0.095894  0.380128   2
  1  0  0.938300  0.545450  0.066907  0.224975   6
  1  0  0.938300 -0.126664 -0.119806  0.657826   8
  1  0  0.938300  0.046455 -0.128555  0.398719   1
  1  0  0.938300 -0.027757  0.104913  0.445151   7
  1  0  0.938300  0.309790  0.060211  0.665125   6
  1  0  0.938300  0.284849 -0.069179  0.507485   3
  1  0  0.938300 -0.449603  0.546441  0.444616   4
  1  0  0.938300 -0.043426  0.372973  0.446756   3
  1  0  0.938300 -0.063520 -0.047817  0.054005   1
  1  0  0.938300  0.042471  0.106034  0.545277   2
  1  0  0.938300 -0.104114 -0.013679  0.085066   1
  1  0  0.938300 -0.182813  0.056983  0.185954   2
  1  0  0.938300 -0.251642 -0.036806  0.104858   2
  1  0  0.938300  0.185167  0.005108 -0.031955   1
  1  0  0.938300 -0.092916 -0.216700  0.128923   6
  1  0  0.938300  0.146965  0.059490  0.222981   2
  1  0  0.938300 -0.121924 -0.398323  0.374947   5
  1  0  0.938300  0.253094 -0.061579  0.067390   2
  1  0  0.938300 -0.207672  0.208630  0.445437   3
  1  0  0.938300  0.312367  0.155656  0.587000   2
  1  0  0.938300  0.199206 -0.383562  0.182885   4
  1  0  0.938300 -0.029240  0.092439  0.340484   2
  1  0  0.938300  0.035536 -0.008804 -0.049502   1
  1  0  0.938300  0.230260 -0.380944  0.085933   4
  1  0  0.938300 -0.066164 -0.110122  0.310186   4
  1  0  0.938300  0.297581  0.092517  0.804456   4
  1  0  0.938300 -0.060569 -0.180198  0.142351   2
  1  0  0.938300 -0.281664 -0.249510  0.756366   2
  1  0  0.938300  0.081107 -0.098287 -0.041532   1
  1  0  0.938300  0.075536 -0.427886  0.161563   4
  1  0  0.938300 -0.213137  0.116719  0.419072   2
  1  0  0.938300  0.229387 -0.082533  0.081362   1
  1  0  0.938300  0.086074  0.024334 -0.063042   1
  1  0  0.938300 -0.295849 -0.216012  0.101091   4
  1  0  0.938300 -0.073838 -0.049901  0.193070   3
  1  0  0.938300 -0.086377 -0.239266  0.493060   8
  1  0  0.938300 -0.498524  0.171681  0.550744   5
  1  0  0.938300  0.206828  0.146171  0.863161   5
  1  0  0.938300  0.001996 -0.305839  0.177731   2
  1  0  0.938300 -0.042916  0.163776  0.263680   6
  1  0  0.938300 -0.205842 -0.080452  1.008426   3
  1  0  0.938300 -0.086912 -0.009492  0.220830   6
  1  0  0.938300 -0.033063  0.123859  0.034903   1
  1  0  0.938300 -0.246924 -0.005142  0.314254   3
  1  0  0.938300 -0.200015 -0.573262  0.318655   2
  1  0  0.938300  0.122629 -0.136263  0.169543   2
  1  0  0.938300  0.176024 -0.192581  0.192909   2
  1  0  0.938300 -0.241764  0.259965  0.111695   4
  1  0  0.938300 -0.332068 -0.120014  0.303921   4
  1  0  0.938300  0.027762  0.302165  0.573549   5
  1  0  0.938300  0.365904 -0.076377 -0.039803   5
  1  0  0.938300  0.172164  0.120619  0.002183   1
  1  0  0.938300  0.108949  0.262211  0.026847   3
  1  0  0.938300 -0.079521 -0.325454  0.368006   5
  1  0  0.938300 -0.024982 -0.221488  0.273615   5
  1  0  0.938300 -0.060885 -0.203362  0.309424   5
  1  0  0.938300  0.022529  0.013470 -0.077960   1
  1  0  0.938300  0.084636 -0.009150  0.217369   3
  1  0  0.938300 -0.127642  0.154233  0.410951   3
  1  0  0.938300  0.416620 -0.034577  0.324451   3
  1  0  0.938300 -0.103851 -0.156637  0.382844   3
  1  0  0.938300  0.160441 -0.017728  0.202156   2
  1  0  0.938300  0.188394 -0.227290  0.673058   3
  1  0  0.938300  0.158664 -0.120910  0.085274   2
  1  0  0.938300 -0.321856 -0.014752  0.578740   6
  1  0  0.938300 -0.023211 -0.300272  0.246738   2
  1  0  0.938300  0.138483  0.070697  0.129043   3
  1  0  0.938300  0.128231  0.376257 -0.036318   5
  1  0  0.938300  0.061078 -0.000048  0.216467   1
  1  0  0.938300  0.052574 -0.057702  0.494211   2
  1  0  0.938300 -0.075861  0.145631  0.262059   1
  1  0  0.938300  0.061671  0.349901  0.292245   2
  1  0  0.938300  0.072186 -0.027468  0.088838   1
  1  0  0.938300 -0.264527  0.224585  0.275575   2
  1  0  0.938300 -0.164864  0.025885  0.533650   7
  1  0  0.938300 -0.204155  0.136455  0.392260   8
  1  0  0.938300  0.326976 -0.254192  0.418675   5
  1  0  0.938300 -0.355132  0.076603  0.606390   2
  1  0  0.938300 -0.282858 -0.345786  0.253046   3
  1  0  0.938300 -0.270293  0.082708  0.675624   4
  1  0  0.938300  0.082318 -0.171571  0.098726   1
  1  0  0.938300 -0.128033 -0.116168  0.572932   4
  1  0  0.938300 -0.206989  0.034322  0.198615   5
  1  0  0.938300 -0.196002 -0.165326  0.403053   9
  1  1  0.938300  0.072651 -0.044753  0.538726  -2
  1  1  0.938300  0.045195 -0.131782  0.196594  -3
  1  1  0.938300 -0.081919  0.194356  0.580109  -2
  1  1  0.938300  0.227960 -0.107370  0.342706  -2
  1  1  0.938300 -0.009556 -0.057464  0.331102  -5
  1  1  0.938300  0.086217  0.019335  0.037043  -3
  1  1  0.938300 -0.183684  0.058959  0.067296  -4
  1  1  0.938300 -0.088120 -0.198400  0.580465  -4
  1  1  0.938300 -0.269968  0.159235  0.149763  -4
  1  1  0.938300  0.054572  0.227336  0.566645  -4
  1  1  0.938300  0.016940 -0.225200  0.635131  -4
  1  1  0.938300  0.289623  0.070637  0.431839  -2
  1  1  0.938300 -0.122236  0.039456  0.179632  -4
  1  1  0.938300 -0.171023  0.407331  0.229661  -2
  1  1  0.938300 -0.029515 -0.150495  0.367900  -4
  1  1  0.938300  0.017481  0.114536  0.723945  -1
  1  1  0.938300  0.109840  0.033990  0.564955  -3
  1  1  0.938300  0.186137 -0.092461  0.409255  -2
  1  1  0.938300 -0.010048 -0.040217  0.374425  -1
  1  1  0.938300  0.357875  0.156392  0.186282  -2
  1  1  0.938300 -0.378241  0.498232  0.766588  -4
  1  1  0.938300 -0.242783 -0.076583  0.148262  -4
  1  1  0.938300 -0.161894 -0.691589  0.168244  -8
  1  1  0.938300 -0.071729 -0.028906  0.699497  -1
  1  1  0.938300  0.018693  0.134395  0.411127  -5
  1  1  0.938300 -0.246510 -0.203292  0.573762  -4
  1  1  0.938300 -0.157733  0.026454  0.532330  -2
  1  1  0.938300  0.008200 -0.017864  0.697660  -1
  1  1  0.938300  0.390486  0.208966  0.136717  -4
  1  1  0.938300 -0.644919 -0.392358  0.359401  -3
  1  1  0.938300 -0.150581 -0.087799  0.469960  -7
  1  1  0.938300 -0.171428 -0.100514  0.639692  -1
  1  1  0.938300  0.039048  0.620933  0.427706  -3
  1  1  0.938300  0.227411  0.062401  0.501141  -4
  1  1  0.938300  0.058642  0.135083  0.315731  -7
  1  1  0.938300  0.242683 -0.092569  0.186618  -7
  1  1  0.938300 -0.023095 -0.015578  0.611720  -1
  1  1  0.938300 -0.446790 -0.145516  0.129780  -4
  1  1  0.938300 -0.146994 -0.298976  0.384085  -4
  1  1  0.938300 -0.020724 -0.470500  0.949787  -3
  1  1  0.938300 -0.060705 -0.212848  0.716279  -4
  1  1  0.938300 -0.034318 -0.189276  0.014819  -8
  1  1  0.938300  0.108162 -0.170797  0.563885  -2
  1  1  0.938300 -0.061208  0.063469  0.778078  -1
  1  1  0.938300  0.106565 -0.006015  0.742270  -1
  1  1  0.938300  0.084804  0.248658  0.685672  -4
  1  1  0.938300 -0.249064 -0.006044  0.143054  -6
  1  1  0.938300  0.141112 -0.185432  0.585072  -7
  1  1  0.938300 -0.100892 -0.357283  0.758025  -3
  1  1  0.938300  0.069298 -0.121332  0.683337  -1
  1  1  0.938300  0.029982  0.116694  0.697479  -1
  1  0  0.938300  0.304992 -0.013418  0.118442  -6
  1  1  0.938300 -0.086086  0.030031  0.230363  -4
  1  1  0.938300 -0.022664  0.098697  0.618270  -1
  1  1  0.938300 -0.235270  0.140619  0.696111  -2
  1  1  0.938300  0.243992 -0.012802 -0.298672  -2
  1  1  0.938300  0.213011 -0.174244  0.538913  -2
  1  1  0.938300 -0.178460 -0.337714  0.721423  -2
  1  1  0.938300  0.183100 -0.177213  0.464591  -3
  1  1  0.938300  0.137262 -0.109940  0.272508  -4
  1  1  0.938300  0.069864  0.000539  0.400099  -3
  1  1  0.938300  0.111818 -0.075023  0.011854  -4
  1  1  0.938300  0.166857  0.121857  0.400071  -2
  1  1  0.938300 -0.060504  0.168510  0.721663  -1
  1  1  0.938300 -0.080911 -0.192981  0.692001  -4
  1  0  0.938300 -0.125408 -0.312260  0.545694  -8
  1  1  0.938300 -0.221370  0.363066  0.555711  -2
  1  1  0.938300 -0.569652 -0.319366  1.182562  -2
  1  1  0.938300  0.051507  0.091327  0.407265  -2
  1  1  0.938300 -0.046704 -0.037216  0.346330  -1
  1  1  0.938300  0.382627  0.212865  0.344514  -4
  1  1  0.938300 -0.092084 -0.228170  0.264379  -2
  1  1  0.938300 -0.035606  0.271767  0.219597  -4
  1  1  0.938300 -0.146643  0.046344  0.360299  -5
  1  1  0.938300  0.102162  0.059068  0.618484  -1
  1  1  0.938300  0.446674 -0.022221  0.461581  -5
  1  1  0.938300  0.102997 -0.055411  0.722025  -1
  1  1  0.938300  0.174077 -0.120971  0.382152  -2
  1  1  0.938300  0.317653  0.225988  0.261565  -5
  1  0  0.938300  0.184998 -0.024373  0.702812  -3
  1  0  0.938300 -0.033935 -0.053176  0.300737  -2
  1  0  0.938300  0.119203 -0.216615  0.921562  -3
  1  0  0.938300 -0.081566  0.158936  0.394952  -2
  1  0  0.938300  0.064283 -0.187795  0.032941  -3
  1  0  0.938300 -0.026289  0.222906  0.416724  -5
  1  0  0.938300  0.097550  0.036939  0.943621  -7
  1  0  0.938300 -0.270112  0.164502  0.003839  -9
  1  0  0.938300  0.012110 -0.077216  0.773273  -2
  1  0  0.938300  0.148355 -0.210517  0.718636  -2
  1  0  0.938300 -0.063913  0.124336  0.475093  -6
  1  0  0.938300  0.190757 -0.391376  0.109552  -4
  1  0  0.938300  0.240567  0.225247  0.486847  -3
  1  0  0.938300  0.104891  0.021695  0.470678  -1
  1  0  0.938300 -0.258143 -0.094785  0.309989  -4
  1  0  0.938300  0.228147 -0.103713  0.368294  -4
  1  0  0.938300 -0.201669  0.000386  0.280918  -7
  1  0  0.938300 -0.530155 -0.230791  0.574534  -5
  1  0  0.938300  0.003136  0.277228  0.264395  -4
  1  0  0.938300  0.205399 -0.443069  0.531770  -3
  1  0  0.938300 -0.222671  0.126485 -0.090699  -4
  1  0  0.938300 -0.259927  0.079928  0.862369  -3
  1  0  0.938300 -0.192862 -0.009243  0.359697  -3
  1  0  0.938300 -0.027354 -0.446841  0.610362  -2
  1  0  0.938300 -0.070489  0.100569  0.457080  -2
  1  0  0.938300  0.212906 -0.039952  0.166697  -6
  1  0  0.938300 -0.106736  0.027812  0.366568  -2
  1  0  0.938300  0.037491 -0.043052  0.639259  -2
  1  0  0.938300  0.056269 -0.076156  0.506991  -3
  1  0  0.938300 -0.384970 -0.016527  0.522161  -3
  1  0  0.938300 -0.208901  0.127550  0.572932  -2
  1  0  0.938300 -0.415132 -0.035488  0.079510  -3
  1  0  0.938300  0.055144 -0.215993  0.695056  -4
  1  0  0.938300 -0.018584  0.016573  0.433879  -1
  1  0  0.938300  0.543128  0.416854  0.102605  -4
  1  0  0.938300 -0.245174 -0.255918  0.304829  -4
  1  0  0.938300 -0.078349 -0.091361  0.528771  -1
  1  1  0.938300  0.143671 -0.028431  0.459523  -7
  1  0  0.938300  0.182936 -0.079606  0.560630  -3
  1  0  0.938300  0.382005 -0.281508  0.209563  -4
  1  0  0.938300 -0.045362 -0.162106  0.331723  -2
  1  0  0.938300 -0.130170 -0.077869  0.378383  -4
  1  0  0.938300 -0.061757  0.040437  0.324197  -5
  1  0  0.938300  0.064295 -0.186991  0.030381  -2
  1  0  0.938300 -0.177507 -0.063190  0.225189  -6
  1  0  0.938300  0.089852 -0.049961  0.241417  -8
  1  0  0.938300  0.247976 -0.056513  0.339796  -5
  1  0  0.938300 -0.141705 -0.146097  0.023255  -4
  1  0  0.938300 -0.108692  0.066649  0.325001  -2
  1  0  0.938300  0.090625  0.025579  0.481171  -1
  1  0  0.938300  0.227489 -0.098037  0.708803  -2
  1  0  0.938300 -0.007748  0.025231  0.246566  -3
  1  0  0.938300 -0.096565 -0.056827  0.638142  -4
  1  0  0.938300 -0.134223  0.264552  0.309491  -5
  1  0  0.938300 -0.242919  0.107694  0.794283  -6
  1  0  0.938300 -0.175053 -0.197429  0.297252  -2
  1  0  0.938300  0.103238  0.077295  0.594892  -2
  1  0  0.938300  0.087572  0.073971 -0.074120  -6
  1  0  0.938300 -0.121952 -0.016795  0.472886  -3
  1  0  0.938300  0.012594 -0.170380  0.447322  -6
  1  0  0.938300  0.297658  0.358212  0.539770  -7
  1  0  0.938300 -0.271340 -0.077710  0.304443  -7
  1  0  0.938300  0.068806  0.001317  0.424052  -2
  1  1  0.938300 -0.002713 -0.032058  0.267717  -7
  1  0  0.938300  0.011021 -0.080864  0.659017  -1
  1  0  0.938300  0.053945 -0.225355  0.580114  -2
  1  0  0.938300 -0.068094  0.024156  0.321184  -4
  1  0  0.938300  0.189266  0.076005  0.545433  -2
  1  0  0.938300 -0.092055 -0.269417  0.143279  -4
  1  0  0.938300  0.068799  0.195848  0.667205  -2
  1  0  0.938300 -0.429536 -0.119783  0.325261  -3
  1  0  0.938300  0.237260 -0.174757  0.462012  -3
  1  0  0.938300 -0.084705  0.085298  0.372387  -3
  1  0  0.938300  0.039475  0.584421  0.430005  -7
  1  0  0.938300 -0.176399  0.367235  0.238958  -4
  1  0  0.938300  0.047289 -0.085988  0.039942  -4
  1  0  0.938300 -0.124414 -0.258919  0.593356  -2
  1  0  0.938300 -0.205517 -0.154874  0.638538  -2
  1  0  0.938300 -0.088502 -0.105557  0.854147  -1
  1  0  0.938300 -0.174816  0.129831  0.038202  -3
  1  0  0.938300  0.118289 -0.127017  0.227098  -2
  1  0  0.938300  0.284637 -0.044460  0.097338  -4
  1  0  0.938300 -0.026958 -0.004959  0.706766  -2
  1  0  0.938300 -0.222016  0.353171  0.429554  -8
  1  0  0.938300 -0.059163  0.027533  0.538672  -1
  1  0  0.938300  0.167380  0.047548  0.519207  -2
  1  0  0.938300  0.301512 -0.118066  0.229496  -2
  1  0  0.938300 -0.076329  0.321609  0.228967  -6
  1  0  0.938300 -0.142721 -0.141398  0.268433  -3
  1  0  0.938300 -0.225232  0.118704  0.190580  -5
  1  0  0.938300 -0.300087  0.255651  0.116964  -5
  1  0  0.938300 -0.029073  0.213163  0.563923  -6
  1  0  0.938300 -0.266868  0.371268  0.393213  -7
  1  0  0.938300 -0.235989  0.033923  0.680399  -2
  1  0  0.938300  0.382008 -0.328508  0.244012  -2
  1  0  0.938300 -0.100333 -0.052843  0.602255  -2
  1  0  0.938300  0.000070  0.068946  0.264085  -2
  1  0  0.938300  0.126335 -0.173881  0.554728  -9
  1  0  0.938300  0.031375  0.078756  0.294981  -2
  1  0  0.938300 -0.014480  0.103852  0.942335  -3
  1  0  0.938300  0.074908  0.098357  0.388572  -2
  1  0  0.938300 -0.157479 -0.103256  0.356584  -2
  1  0  0.938300  0.289815  0.174571  0.471991  -5
  1  0  0.938300  0.124473 -0.027694  0.653113  -1
  1  0  0.938300  0.051278  0.070131  0.656583  -1
  1  0  0.938300 -0.198859  0.144677  0.554609  -2
  1  0  0.938300  0.080948 -0.239692  0.314135  -5
  1  0  0.938300  0.085252 -0.203055  0.173270  -2
  1  0  0.938300  0.249782  0.201905  0.304096  -2
  1  0  0.938300 -0.171730  0.243125  0.629911  -3
  1  0  0.938300 -0.013441 -0.088019 -0.127487  -2
  1  0  0.938300 -0.138720  0.118555  0.557699  -4
  1  0  0.938300 -0.096574  0.270622  0.328225  -3
  1  0  0.938300  0.025254  0.108415  0.595834  -5
  1  0  0.938300 -0.167229  0.003552  0.530775  -4
  1  0  0.938300  0.086940 -0.018028  0.385853  -1
  1  0  0.938300  0.154882  0.342006  0.222451  -8
  1  0  0.938300  0.013248 -0.017065  0.647826  -2