  1  1  0.938300 -0.131492  0.231194  0.328264   2
  1  1  0.938300 -0.064984  0.026032  0.337717   2
  1  1  0.938300  0.215675 -0.203688  0.340665   5
  1  1  0.938300  0.295631 -0.341399  0.195142   2
  1  1  0.938300 -0.226548 -0.080868  0.274669   5
  1  1  0.938300  0.149535  0.138210 -0.060300   1
  1  1  0.938300 -0.067742  0.072464  0.289230   2
  1  1  0.938300 -0.054902 -0.090616  0.445855   3
  1  1  0.938300 -0.254794  0.361213  0.019994   3
  1  1  0.938300  0.075188 -0.293553  0.272365   2
  1  1  0.938300 -0.384552 -0.027424 -0.079504   5
  1  1  0.938300  0.090751  0.021485  0.026026   3
  1  1  0.938300  0.018614  0.206690  0.208097   7
  1  1  0.938300 -0.127378 -0.051186  0.408975   2
  1  1  0.938300 -0.129892 -0.093176  0.213295   1
  1  1  0.938300  0.208156  0.084529  0.177643   3
  1  1  0.938300 -0.106640  0.316290  0.730859   3
  1  1  0.938300  0.060754 -0.200794  0.377267   2
  1  1  0.938300  0.208327  0.279787  0.037722   4
  1  1  0.938300  0.194148  0.019877  0.386858   2
  1  1  0.938300 -0.143166  0.065382  0.805060   2
  1  1  0.938300  0.052763 -0.177330  0.259523   2
  1  1  0.938300  0.144954 -0.081395 -0.008074   7
  1  1  0.938300  0.330394 -0.141528  0.368406   3
  1  1  0.938300  0.350006 -0.108508  0.343705   3
  1  1  0.938300 -0.396979  0.005206  0.157277   2
  1  1  0.938300  0.006905 -0.204152  0.616282   3
  1  1  0.938300 -0.238722 -0.050177  0.201090   3
  1  1  0.938300  0.636982  0.252379  0.118998   2
  1  1  0.938300  0.273426 -0.004306  0.456104   3
  1  1  0.938300 -0.113000  0.279034  0.064803   2
  1  1  0.938300  0.461424  0.126107  0.746354   2
  1  1  0.938300 -0.052357  0.050510  0.215303   1
  1  1  0.938300 -0.361612 -0.208259  0.628007   2
  1  1  0.938300 -0.162798 -0.203999 -0.061762   2
  1  1  0.938300  0.072234  0.022185  0.396560   1
  1  1  0.938300  0.091305 -0.385215  0.284677   4
  1  1  0.938300 -0.078737 -0.258903  0.204853   4
  1  1  0.938300  0.044302 -0.030588  0.386310   2
  1  1  0.938300 -0.043106 -0.082340  0.321926   4
  1  1  0.938300  0.106904 -0.075241  0.072737   8
  1  1  0.938300  0.031403  0.038937  0.096422   2
  1  1  0.938300  0.175047 -0.077894  0.102279   1
  1  1  0.938300  0.262212 -0.055594  0.075403   2
  1  1  0.938300 -0.280810  0.137184  0.468704   4
  1  1  0.938300  0.032300  0.105033  0.200489   5
  1  1  0.938300  0.058066  0.209746  0.730219   2
  1  1  0.938300 -0.106241 -0.101686  0.112565   3
  1  1  0.938300 -0.144110  0.022233  0.222573   1
  1  1  0.938300  0.064756  0.204447  0.742985   4
  1  1  0.938300  0.047920  0.094428  0.011043   2
  1  1  0.938300  0.196731 -0.424867  0.184548  15
  1  1  0.938300 -0.077414  0.016558  0.173513   2
  1  1  0.938300 -0.380443  0.113953  0.738198   3
  1  1  0.938300 -0.290551  0.039351  0.078328   3
  1  1  0.938300 -0.042959 -0.026682  0.168972   1
  1  1  0.938300  0.076393  0.234387  0.098527   1
  1  1  0.938300  0.033437  0.022990  0.105861   3
  1  1  0.938300 -0.150506  0.395197  0.628177   4
  1  1  0.938300  0.159850  0.100643  0.123438   2
  1  1  0.938300 -0.323888 -0.106815  0.056306   3
  1  1  0.938300  0.125307  0.119879 -0.058546   2
  1  1  0.938300  0.135813 -0.095010  0.408903   4
  1  1  0.938300 -0.279057  0.094921  0.631513   2
  1  0  0.938300 -0.185559 -0.056965  0.123253   7
  1  1  0.938300  0.007044 -0.197714 -0.000535   5
  1  1  0.938300  0.037075 -0.090729  0.191879   6
  1  1  0.938300  0.050292 -0.087107  0.218811   1
  1  1  0.938300  0.017946 -0.652816  1.333875   3
  1  0  0.938300 -0.422525  0.229799  0.128396   2
  1  1  0.938300 -0.127429  0.293087  0.344152   3
  1  1  0.938300  0.081089 -0.120475  0.229796   2
  1  1  0.938300  0.010405  0.182916 -0.047481   3
  1  1  0.938300 -0.249390  0.130783  0.763986   3
  1  1  0.938300  0.085748  0.035718  0.024607   1
  1  1  0.938300 -0.219883  0.246937  0.318486   4
  1  1  0.938300  0.154127  0.194045  0.204171   5
  1  1  0.938300  0.174052  0.156679  0.742890   3
  1  1  0.938300  0.560100  0.038181  0.475014   3
  1  1  0.938300 -0.441676 -0.058571  0.415235   9
  1  0  0.938300 -0.027396  0.269234 -0.026084   1
  1  0  0.938300 -0.061079  0.102457  0.609549   4
  1  0  0.938300  0.336742 -0.093409  0.624398   2
  1  0  0.938300 -0.197432  0.055278  0.045407   4
  1  0  0.938300 -0.247905  0.084718  0.364454   3
  1  0  0.938300  0.028987 -0.002033  0.227757   1
  1  0  0.938300  0.118702 -0.114439  0.482349   6
  1  0  0.938300 -0.177991 -0.274737  0.261286   3
  1  0  0.938300  0.052711  0.036519  0.418125   7
  1  0  0.938300  0.151171  0.233876  0.361238   2
  1  0  0.938300  0.165845 -0.336882  0.251487   3
  1  0  0.938300 -0.208163 -0.210506  0.065114   3
  1  0  0.938300  0.069429  0.044248  0.448561   2
  1  0  0.938300  0.185781  0.039841  0.655642   2
  1  0  0.938300  0.106359  0.071343  0.227344   2
  1  0  0.938300 -0.511961 -0.176583  0.184771   3
  1  0  0.938300  0.024389 -0.195737  0.208591   6
  1  0  0.938300 -0.458991 -0.206894  0.354605   2
  1  0  0.938300  0.176117 -0.224354  0.254935   2
  1  0  0.938300 -0.248052 -0.102020  0.427459   3
  1  0  0.938300  0.082692 -0.001196  0.094742   2
  1  0  0.938300  0.073518  0.072424  0.027630   2
  1  0  0.938300  0.036769 -0.223377  0.513728   4
  1  0  0.938300  0.117717  0.183507  0.470522   2
  1  0  0.938300 -0.320885  0.007599  0.607545   5
  1  0  0.938300  0.220427 -0.047515  0.056364   1
  1  0  0.938300 -0.180213 -0.167038  0.040101   2
  1  0  0.938300 -0.159478  0.080694  0.094121   2
  1  0  0.938300  0.048122  0.028555  0.206869   1
  1  0  0.938300 -0.173274  0.361304  0.174450   3
  1  0  0.938300 -0.621405  0.253131  0.219251   2
  1  0  0.938300  0.013636  0.121466  0.184682   3
  1  0  0.938300 -0.089243 -0.252571 -0.110495   5
  1  0  0.938300  0.079497 -0.121550  0.351737   2
  1  0  0.938300 -0.115054  0.067459  0.227282   2
  1  0  0.938300  0.130840  0.249521  0.472620   3
  1  0  0.938300  0.114040  0.058802  0.384598   3
  1  0  0.938300  0.179973 -0.041337  0.290272   6
  1  0  0.938300  0.086804  0.185192  0.093421   6
  1  0  0.938300  0.016799  0.174220  0.459666   3
  1  0  0.938300 -0.045096  0.284508  0.458508   5
  1  0  0.938300  0.115353 -0.147034  0.071816   1
  1  0  0.938300  0.053945 -0.259282  0.033999   4
  1  0  0.938300 -0.120529  0.057772  0.498313   3
  1  0  0.938300 -0.489999  0.094375  0.505965   2
  1  0  0.938300 -0.163503  0.029914  0.591773   2
  1  0  0.938300  0.099645 -0.013394  0.029332   1
  1  0  0.938300  0.092226  0.108896 -0.134098   1
  1  0  0.938300  0.153700  0.129004  0.186462   3
  1  0  0.938300 -0.095964  0.185534  0.686005   3
  1  0  0.938300 -0.083694  0.126918 -0.045493   1
  1  0  0.938300 -0.186788 -0.162057  0.524778   3
  1  0  0.938300 -0.068740 -0.084624  0.262481   3
  1  0  0.938300 -0.018826 -0.077159  0.143300   8
  1  0  0.938300  0.167152 -0.271172  0.711749   3
  1  0  0.938300  0.135537 -0.137773 -0.070299   2
  1  0  0.938300  0.005620 -0.043595  0.411446   4
  1  0  0.938300 -0.022340 -0.243842  0.570094   7
  1  0  0.938300 -0.200115  0.261659  0.668926   3
  1  0  0.938300  0.314865  0.043257  0.574558   6
  1  0  0.938300 -0.022457 -0.188529  0.022404   3
  1  0  0.938300 -0.203532 -0.008111  0.141364   4
  1  0  0.938300  0.107460  0.052337  0.334951   4
  1  0  0.938300 -0.100129 -0.067487  0.230248   2
  1  1  0.938300  0.143397 -0.334694  0.518755   6
  1  0  0.938300 -0.114614  0.021552  0.170909   5
  1  0  0.938300 -0.098114  0.455863  0.227133   3
  1  0  0.938300  0.404636  0.184340  0.077857   3
  1  0  0.938300 -0.190517 -0.235572  0.348589   2
  1  0  0.938300 -0.347506 -0.059445  0.354425   2
  1  0  0.938300  0.266275  0.334780  0.501241   3
  1  0  0.938300  0.338436  0.057803  0.268467   4
  1  0  0.938300 -0.309543 -0.070814  0.311056   5
  1  0  0.938300 -0.075962  0.251136  0.336414   2
  1  0  0.938300  0.071295 -0.090488  0.067377   1
  1  0  0.938300 -0.185600  0.077745  0.017385   1
  1  0  0.938300 -0.202710  0.375107  0.367730   2
  1  0  0.938300  0.268640  0.038446  0.489881   8
  1  0  0.938300  0.243445 -0.007068  0.298898   9
  1  0  0.938300  0.209356 -0.641720  0.283640   3
  1  0  0.938300 -0.009129  0.169729 -0.065373   3
  1  0  0.938300 -0.291683 -0.048986  0.388116   2
  1  0  0.938300  0.391395  0.235682  0.334008   2
  1  0  0.938300 -0.298273  0.279436  0.591340   3
  1  0  0.938300  0.276327 -0.035621  0.296730   4
  1  0  0.938300  0.166366  0.331071  0.199348   2
  1  0  0.938300 -0.260937 -0.253149 -0.013476   1
  1  0  0.938300 -0.075665 -0.133812  0.101639   3
  1  0  0.938300  0.006645 -0.046140  0.541879   7
  1  0  0.938300  0.233644 -0.053693  0.361319   4
  1  0  0.938300 -0.121959  0.253251  0.369376   3
  1  0  0.938300 -0.015300 -0.142170  0.082807   3
  1  0  0.938300 -0.144332 -0.075335  0.175883   2
  1  0  0.938300 -0.192418  0.122400  0.001298   1
  1  0  0.938300  0.258298 -0.234776  0.157231   3
  1  0  0.938300  0.124239 -0.038952  0.614266   6
  1  0  0.938300  0.157844  0.038775  0.384404   5
  1  0  0.938300  0.070314  0.063967  0.095306   5
  1  0  0.938300 -0.170381 -0.291576  0.655870   6
  1  0  0.938300  0.033395  0.262079  0.392291   4
  1  0  0.938300  0.049634 -0.215774  0.600865   7
  1  0  0.938300 -0.137042 -0.064875  0.495244   5
  1  0  0.938300  0.203658  0.078423  0.002635   2
  1  0  0.938300  0.219049  0.364196  0.115835   2
  1  0  0.938300  0.139832  0.098143  0.078077   3
  1  0  0.938300  0.233439  0.363237  0.271653   2
  1  0  0.938300  0.086154 -0.160728 -0.088663   1
  1  0  0.938300 -0.116879 -0.490536  0.370533   3
  1  0  0.938300  0.160858 -0.393829  0.411441   3
  1  0  0.938300 -0.337422  0.075988  0.032980   3
  1  0  0.938300  0.107008  0.009798  0.014879   1
  1  0  0.938300  0.030274 -0.090416  0.014469   1
  1  0  0.938300  0.260620 -0.184869  0.290872   2
  1  0  0.938300 -0.063575 -0.104749  0.158925   2
  1  0  0.938300 -0.094697  0.136173  0.114346   3
  1  0  0.938300  0.309955  0.146478  0.113455   5
  1  0  0.938300 -0.229932  0.013992  0.537396   2
  1  1  0.938300 -0.214171 -0.094456  0.436160  -4
  1  1  0.938300 -0.025392  0.304634  0.155634  -4
  1  1  0.938300  0.273148 -0.125431  0.158025  -8
  1  1  0.938300 -0.063625 -0.183478  0.113091  -4
  1  1  0.938300  0.304709  0.264990  0.711583  -4
  1  1  0.938300  0.115905  0.127108  0.469652  -1
  1  1  0.938300 -0.474591  0.064652  0.540998  -5
  1  1  0.938300 -0.032185 -0.195874  0.588897  -4
  1  1  0.938300  0.001123  0.092632  0.561708  -1
  1  1  0.938300 -0.021448  0.146093  0.670780  -2
  1  1  0.938300  0.085297  0.038424  0.842934  -1
  1  1  0.938300  0.123859  0.104517  0.772056  -3
  1  1  0.938300  0.508271  0.277240  0.204545  -5
  1  1  0.938300 -0.125339  0.099538  0.312766  -4
  1  1  0.938300  0.200041 -0.050406  0.792887  -4
  1  1  0.938300  0.187876 -0.156185  0.824174  -2
  1  1  0.938300  0.093921 -0.158584  0.494778  -2
  1  1  0.938300 -0.190303 -0.195404  0.162571  -2
  1  1  0.938300 -0.312287 -0.343792  0.538513  -3
  1  1  0.938300  0.477504 -0.639480  0.732650  -7
  1  1  0.938300  0.067720  0.153760  0.389680  -5
  1  1  0.938300 -0.092205  0.248541  0.327946  -2
  1  1  0.938300 -0.012822 -0.202779  0.640387  -1
  1  1  0.938300  0.362687 -0.057017  0.825309  -3
  1  1  0.938300 -0.181225 -0.086189  0.923132  -2
  1  1  0.938300 -0.071783  0.100711  0.451078  -2
  1  1  0.938300  0.023843  0.316422  0.511413  -3
  1  1  0.938300  0.056174 -0.017736  0.352188  -4
  1  1  0.938300 -0.238627 -0.207923  0.670791  -2
  1  1  0.938300 -0.031753 -0.098601  0.561751  -1
  1  1  0.938300  0.018681  0.034677  0.407892  -2
  1  1  0.938300  0.013192  0.058054  0.425381  -7
  1  1  0.938300  0.110922  0.172507  0.070744  -5
  1  1  0.938300  0.008378  0.186364  0.643527  -1
  1  1  0.938300  0.012678 -0.188741  0.580303  -3
  1  1  0.938300 -0.301269  0.362499  0.281963  -3
  1  1  0.938300 -0.052547 -0.181953  0.426186  -6
  1  1  0.938300  0.155950  0.233423  0.294955  -3
  1  1  0.938300 -0.057295 -0.379227  0.208601  -3
  1  1  0.938300  0.298586 -0.036837  0.385824  -5
  1  1  0.938300 -0.098872 -0.074054  0.199349  -4
  1  1  0.938300 -0.098146  0.044583  0.343908  -2
  1  1  0.938300 -0.518062  0.231703  0.448692  -2
  1  1  0.938300  0.011614 -0.099928  0.989793  -2
  1  1  0.938300 -0.252745 -0.496544  0.584330  -3
  1  1  0.938300  0.076412  0.412632  0.552377  -2
  1  1  0.938300 -0.032744  0.115009  0.159735  -4
  1  1  0.938300  0.085269 -0.045266  0.566905  -1
  1  1  0.938300  0.136410 -0.390186  0.407094  -5
  1  1  0.938300  0.123174  0.243993 -0.012648  -4
  1  1  0.938300 -0.012005 -0.151613  0.362977  -2
  1  1  0.938300  0.505318 -0.042472  0.490360  -6
  1  1  0.938300 -0.010432  0.082930  0.856874  -2
  1  1  0.938300  0.441763  0.120736  0.641379  -2
  1  1  0.938300  0.161873 -0.107344  0.522225  -2
  1  1  0.938300  0.288986  0.151330  0.549130  -3
  1  1  0.938300  0.042565 -0.044256  0.682588  -1
  1  1  0.938300 -0.109962  0.103289  0.178996  -3
  1  1  0.938300 -0.045568  0.106418  0.476017  -2
  1  1  0.938300 -0.157848  0.008312  0.453056  -3
  1  1  0.938300  0.082883  0.081369  0.135186  -2
  1  1  0.938300  0.017579 -0.000339  0.817550  -1
  1  1  0.938300 -0.411203  0.257104  0.266357  -2
  1  1  0.938300 -0.176389  0.012398  0.566467  -1
  1  1  0.938300 -0.392271 -0.071416  0.572096  -2
  1  1  0.938300  0.209828 -0.036683  0.332950  -4
  1  0  0.938300  0.254955 -0.387743  0.693474  -3
  1  1  0.938300  0.349748  0.235798  0.674619  -4
  1  1  0.938300  0.056590 -0.351816  0.723515  -2
  1  1  0.938300  0.313962  0.225956  0.167820  -3
  1  1  0.938300  0.112535 -0.020577 -0.010510  -4
  1  1  0.938300  0.194793 -0.345036  0.286521  -2
  1  1  0.938300 -0.097810 -0.033660  0.354116  -2
  1  1  0.938300  0.043897 -0.122686  0.382921  -1
  1  1  0.938300  0.093072 -0.054590  0.529008  -3
  1  1  0.938300  0.209480  0.023253  0.375825  -2
  1  1  0.938300 -0.265643 -0.025294  0.479048  -2
  1  1  0.938300 -0.069398 -0.019209  0.577711  -5
  1  1  0.938300 -0.046060  0.029143  0.580486  -2
  1  0  0.938300  0.247403  0.308881  0.427916  -2
  1  0  0.938300 -0.145912 -0.236705  0.359639  -2
  1  0  0.938300 -0.208470  0.033640  0.457261  -2
  1  0  0.938300 -0.348024 -0.213828  0.779857  -3
  1  0  0.938300  0.113932  0.146841  0.325686  -3
  1  0  0.938300  0.015610 -0.102887  0.592618  -5
  1  0  0.938300 -0.234442 -0.363524  0.084611  -3
  1  0  0.938300 -0.206529  0.081690  0.563034  -2
  1  0  0.938300 -0.002625  0.011981  0.127445  -3
  1  0  0.938300 -0.033319 -0.204016  0.227380  -2
  1  0  0.938300  0.004566 -0.232056  0.471714  -6
  1  0  0.938300  0.195393  0.206740  0.067607  -4
  1  0  0.938300  0.058763  0.128644  0.206174  -4
  1  0  0.938300  0.129591 -0.140269  0.752809  -1
  1  0  0.938300  0.079698 -0.138870  0.339047  -3
  1  0  0.938300  0.174686  0.172468  0.917013  -3
  1  0  0.938300 -0.174171 -0.179949  0.161316  -4
  1  0  0.938300 -0.108225 -0.222295  0.252604  -3
  1  0  0.938300 -0.079322 -0.192038  0.464325  -4
  1  0  0.938300 -0.139500 -0.131597  0.804564  -1
  1  0  0.938300  0.119890 -0.068272  0.826877  -1
  1  0  0.938300 -0.224366  0.022414  0.406827  -3
  1  0  0.938300 -0.090673 -0.146308  0.526963  -2
  1  0  0.938300 -0.139822  0.329742  0.493560  -2
  1  0  0.938300 -0.111632  0.133239  0.232195  -4
  1  0  0.938300  0.081181 -0.163214  0.475961  -3
  1  0  0.938300  0.137483 -0.225942  0.114879  -4
  1  0  0.938300  0.063770  0.088995  0.344676  -2
  1  0  0.938300  0.046677  0.054050  0.334692  -2
  1  0  0.938300 -0.145318  0.130324  0.293181  -3
  1  0  0.938300 -0.018987 -0.123024  0.456597  -2
  1  0  0.938300  0.241850  0.064210  0.601409  -1
  1  0  0.938300  0.116915  0.112953  0.652122  -1
  1  0  0.938300  0.275272  0.372189  0.756390  -4
  1  0  0.938300  0.069335  0.107215  0.146263  -3
  1  0  0.938300 -0.204047  0.444234  0.314060  -3
  1  0  0.938300 -0.101961  0.125008  0.395291  -2
  1  0  0.938300 -0.073287  0.050837  0.463250  -2
  1  0  0.938300 -0.029277  0.213909  0.552369  -1
  1  0  0.938300  0.190619  0.063943  0.483526  -1
  1  0  0.938300 -0.276480  0.255587  0.357537  -5
  1  0  0.938300  0.113871  0.090778  0.448233  -3
  1  0  0.938300  0.223958 -0.047582  0.664899  -1
  1  1  0.938300  0.105145  0.048692  0.153201  -5
  1  0  0.938300  0.213861  0.445573 -0.395547  -4
  1  0  0.938300  0.377406  0.017103  0.474425  -4
  1  0  0.938300  0.064194  0.004982  0.205795  -6
  1  0  0.938300  0.060817  0.196903  0.414944  -2
  1  0  0.938300 -0.142760  0.052852  0.680546  -1
  1  0  0.938300  0.029291 -0.155034  0.857432  -1
  1  0  0.938300  0.116380  0.118000 -0.022927  -6
  1  0  0.938300 -0.027364 -0.183450  0.813643 -10
  1  0  0.938300 -0.187211  0.111599  0.694439  -1
  1  0  0.938300 -0.103601 -0.002874  0.397381  -2
  1  0  0.938300  0.090075  0.124014  0.431386  -3
  1  0  0.938300 -0.032612 -0.277365  0.617321  -2
  1  0  0.938300  0.480055  0.310167  0.758762  -1
  1  0  0.938300 -0.108893 -0.286877  0.614672  -5
  1  0  0.938300 -0.108889  0.119064  0.426712  -2
  1  0  0.938300 -0.211447  0.043290 -0.149840  -9
  1  0  0.938300  0.287651 -0.061692  0.618563  -2
  1  1  0.938300 -0.040600 -0.266513  0.099715  -5
  1  0  0.938300 -0.219567 -0.017369  0.452199  -3
  1  0  0.938300  0.003483 -0.101229  0.685623  -2
  1  0  0.938300 -0.006766  0.270575  0.343838  -4
  1  0  0.938300  0.123067  0.004069  0.498953  -2
  1  0  0.938300  0.113441 -0.102356  0.608845  -3
  1  0  0.938300 -0.053149  0.000951  0.375975  -3
  1  0  0.938300  0.084814  0.226236  0.708077  -2
  1  0  0.938300 -0.082436  0.073286  0.655448  -1
  1  0  0.938300 -0.006275 -0.053796  0.234013  -2
  1  0  0.938300 -0.065209  0.029552  0.733232  -1
  1  0  0.938300  0.166851 -0.310652  0.026044  -4
  1  0  0.938300  0.248520 -0.421882  0.450933  -6
  1  0  0.938300  0.043461  0.044794  0.838673  -1
  1  0  0.938300  0.075802 -0.011605  0.749305  -1
  1  0  0.938300  0.067321 -0.274888  0.308233  -2
  1  0  0.938300 -0.033961  0.083473  0.309176  -3
  1  0  0.938300 -0.026710  0.077441  0.463320  -3
  1  0  0.938300 -0.061086  0.181387  0.690916  -1
  1  0  0.938300 -0.075192 -0.139498  0.115310  -2
  1  0  0.938300 -0.121595  0.215473  0.754867  -6
  1  0  0.938300 -0.010090  0.080817  0.547874  -4
  1  0  0.938300  0.007111  0.097849  0.018640  -6
  1  0  0.938300 -0.469715 -0.223346  0.295821  -3
  1  0  0.938300  0.033378 -0.007416  0.828326  -1
  1  0  0.938300 -0.161840  0.060202  0.592731  -4
  1  0  0.938300 -0.012328 -0.391369  0.549779  -5
  1  0  0.938300 -0.274649 -0.096969  0.059531  -4
  1  0  0.938300  0.165780 -0.100827  0.848635  -4
  1  0  0.938300 -0.420758 -0.266125  0.218253  -7
  1  0  0.938300 -0.116939  0.212407  0.498195  -1
  1  0  0.938300 -0.240939 -0.237840  0.413641  -2
  1  0  0.938300  0.026531  0.034848  0.375307  -3
  1  0  0.938300  0.139251  0.133564  0.474431  -6
  1  0  0.938300 -0.168749 -0.096157  0.609665  -3
  1  0  0.938300 -0.106943 -0.085016  0.624093  -4
  1  0  0.938300  0.072530  0.010659  0.452485  -2
  1  0  0.938300  0.028792  0.117850  0.565435  -4
  1  0  0.938300  0.190433 -0.465372  0.244357  -3
  1  0  0.938300 -0.145632  0.379527  0.565880  -4
  1  0  0.938300  0.306375 -0.137973  0.617026  -3
  1  0  0.938300 -0.073710  0.161445  0.760220  -5
  1  0  0.938300  0.258888  0.295011  0.293013  -2
  1  0  0.938300 -0.166788 -0.116252  0.646477  -5
  1  0  0.938300 -0.118601  0.460082  0.200216  -5
  1  0  0.938300  0.051493  0.244741  0.175806  -2
  1  0  0.938300 -0.169883 -0.211840  0.131552  -3
  1  0  0.938300  0.190923 -0.096080  0.781962  -1
  1  0  0.938300 -0.007094  0.367989  0.511596  -2
  1  0  0.938300 -0.070549 -0.219690  0.386518  -4
  1  0  0.938300  0.105557  0.014345  0.465883  -4
  1  0  0.938300  0.074713  0.360946  0.346658  -3
  1  0  0.938300  0.024908  0.318253  0.096696  -2
  1  0  0.938300  0.016571  0.089858  0.347412  -5
  1  0  0.938300 -0.017579 -0.234852  0.176003 -11
  1  0  0.938300 -0.067786  0.170871  0.511013  -1
  1  0  0.938300 -0.114021  0.010149  0.504804  -4