  1  1  0.938300  0.275206 -0.077684  0.210512   3
  1  1  0.938300 -0.123620  0.332553  0.141911   2
  1  1  0.938300  0.208931  0.018402  0.054984   2
  1  1  0.938300 -0.110514 -0.041716  0.136910   2
  1  1  0.938300 -0.068154  0.050276 -0.100748   1
  1  1  0.938300 -0.159719 -0.110978  0.346630   2
  1  1  0.938300  0.086840 -0.072779  0.207497   3
  1  1  0.938300 -0.130419 -0.066534  0.323603   8
  1  1  0.938300 -0.247935  0.081144  0.171877   5
  1  1  0.938300  0.189018  0.271474  0.373306   2
  1  1  0.938300  0.123454  0.164359  0.237993   3
  1  1  0.938300 -0.208339 -0.031168 -0.069404   3
  1  1  0.938300 -0.008861  0.068254 -0.061393   1
  1  1  0.938300 -0.075798 -0.150902 -0.028575   4
  1  1  0.938300 -0.284093 -0.012089  0.427449   2
  1  1  0.938300 -0.102723 -0.007663  0.134369   1
  1  1  0.938300  0.243619  0.107918  0.249542   5
  1  1  0.938300 -0.243571  0.058417  0.203638   2
  1  1  0.938300  0.027283 -0.065702 -0.044243   1
  1  1  0.938300  0.024690 -0.052207 -0.054988   1
  1  1  0.938300 -0.286874 -0.262204 -0.051917   5
  1  1  0.938300 -0.243009  0.084286  0.653359   6
  1  1  0.938300 -0.222918 -0.006420 -0.038297   2
  1  1  0.938300 -0.006256 -0.019459  0.243842   1
  1  1  0.938300  0.193451 -0.035553  0.099657   2
  1  1  0.938300  0.148267  0.140356  0.098695   3
  1  1  0.938300 -0.479787 -0.119996 -0.093033   3
  1  1  0.938300 -0.106552 -0.005133  0.048512   1
  1  1  0.938300 -0.084534  0.086549  0.170477   3
  1  1  0.938300 -0.137851  0.300458  0.140527   2
  1  1  0.938300  0.041975 -0.118385 -0.009163   1
  1  1  0.938300  0.054813  0.096155  0.188256   2
  1  1  0.938300  0.228937 -0.036407  0.442756   2
  1  1  0.938300  0.127713  0.110017  0.149954   3
  1  1  0.938300  0.050420  0.190040  0.461773   4
  1  1  0.938300  0.252666  0.335474  0.105224   4
  1  1  0.938300 -0.260521  0.296998  0.293622   3
  1  1  0.938300  0.019930  0.247075  0.044169   2
  1  1  0.938300 -0.063336  0.003614  0.080799   1
  1  1  0.938300 -0.134099 -0.127171 -0.091330   1
  1  1  0.938300 -0.253589 -0.023463  0.337854   2
  1  1  0.938300  0.130173  0.010847  0.125623   5
  1  1  0.938300 -0.222401 -0.006257  0.172480   2
  1  1  0.938300  0.019606  0.176103 -0.055284   1
  1  1  0.938300  0.167771  0.038648  0.078215   1
  1  1  0.938300 -0.019759  0.031586  0.183143   1
  1  1  0.938300  0.089714 -0.291487  0.570232   5
  1  1  0.938300 -0.059569  0.078898  0.007662   1
  1  1  0.938300 -0.023100 -0.037919  0.079353   2
  1  1  0.938300 -0.252300  0.066176  0.011318   2
  1  1  0.938300 -0.105748 -0.319549  0.426108   4
  1  1  0.938300 -0.112127 -0.093388  0.135316   3
  1  1  0.938300  0.184373 -0.199597  0.137732   3
  1  1  0.938300 -0.066206 -0.091354  0.382794   4
  1  1  0.938300  0.042401 -0.092975  0.201904   2
  1  1  0.938300  0.144477  0.004686  0.169339   6
  1  1  0.938300 -0.090995  0.041359  0.083710   4
  1  1  0.938300  0.207016  0.166898  0.084712   6
  1  1  0.938300  0.091759 -0.278454  0.000862   2
  1  1  0.938300  0.179163  0.112849  0.171906   2
  1  1  0.938300  0.029553 -0.005275 -0.011068   1
  1  1  0.938300  0.010944 -0.100501  0.436097   3
  1  1  0.938300 -0.037268  0.140283 -0.051797   1
  1  1  0.938300 -0.016143 -0.161073 -0.034048   1
  1  1  0.938300  0.025373 -0.235099  0.177991   4
  1  1  0.938300  0.078137  0.001519  0.336846   4
  1  1  0.938300  0.116878 -0.016245  0.309054   4
  1  1  0.938300  0.264678  0.022228  0.034733   1
  1  1  0.938300  0.056459  0.023181  0.475979   4
  1  1  0.938300 -0.254597  0.210891  0.149071   4
  1  1  0.938300 -0.199872  0.110044  0.165606   4
  1  1  0.938300  0.066245 -0.050970  0.032074   1
  1  1  0.938300  0.133390  0.112942 -0.020531   1
  1  1  0.938300  0.086790  0.089723  0.226196   2
  1  1  0.938300  0.049953 -0.026151  0.083959   1
  1  1  0.938300  0.195600 -0.500855  0.556170   5
  1  1  0.938300  0.234331  0.113550  0.233003   5
  1  1  0.938300  0.194931 -0.012946  0.200967   4
  1  1  0.938300 -0.114877 -0.082601  0.112630   2
  1  0  0.938300  0.014086  0.040048  0.119517   1
  1  0  0.938300  0.144980  0.003468  0.175981   3
  1  0  0.938300 -0.393223 -0.126523  0.106791   2
  1  0  0.938300 -0.047727 -0.269612  0.361016   4
  1  0  0.938300 -0.005539 -0.191194  0.206413   1
  1  0  0.938300  0.177639 -0.198907  0.273150   2
  1  0  0.938300 -0.092083 -0.079328  0.124810   3
  1  0  0.938300 -0.114067 -0.039040  0.067922   4
  1  0  0.938300 -0.193227  0.057345  0.087995   3
  1  0  0.938300  0.159351 -0.008593  0.659335   9
  1  0  0.938300 -0.065993  0.046245  0.422291   3
  1  0  0.938300 -0.023864  0.025693  0.091225   1
  1  0  0.938300  0.356782  0.168257  0.389491   2
  1  0  0.938300  0.232149 -0.108033  0.319597   2
  1  0  0.938300 -0.161960 -0.112403 -0.048189   1
  1  0  0.938300  0.080554 -0.120680  0.048225   2
  1  0  0.938300  0.155691  0.012313  0.193387   3
  1  0  0.938300  0.152846 -0.049325  0.427888   5
  1  0  0.938300 -0.222100  0.020873  0.307925   3
  1  0  0.938300  0.105762  0.305107 -0.177331   5
  1  0  0.938300 -0.081638 -0.002944 -0.034455   1
  1  0  0.938300  0.254765 -0.030234  0.371115   3
  1  0  0.938300 -0.117297  0.006069  0.309291   3
  1  0  0.938300  0.150822 -0.088602  0.366341   3
  1  0  0.938300 -0.241948  0.321199  0.257266   4
  1  0  0.938300  0.071935  0.167676  0.324742   4
  1  0  0.938300  0.124141  0.073110  0.156164   1
  1  0  0.938300 -0.155233  0.015415  0.206163   6
  1  0  0.938300  0.057869 -0.152715 -0.109318   2
  1  0  0.938300 -0.278111  0.065148  0.558542   2
  1  0  0.938300  0.194128  0.332855  0.436801   5
  1  0  0.938300 -0.125772 -0.341226  0.306737   6
  1  0  0.938300 -0.331863 -0.277399  0.310305   3
  1  0  0.938300 -0.325891 -0.266748  0.246762   5
  1  0  0.938300  0.098495 -0.069861  0.042185   1
  1  0  0.938300 -0.356372  0.376937  0.062707   6
  1  0  0.938300  0.448659  0.238757  0.431536   3
  1  0  0.938300  0.151604  0.052596  0.071978   1
  1  0  0.938300 -0.038562 -0.231151  0.231556   4
  1  0  0.938300 -0.091525 -0.125499  0.017948   1
  1  0  0.938300 -0.148642 -0.053664  0.215290   2
  1  0  0.938300  0.261818  0.068589  0.278176   5
  1  0  0.938300 -0.294940  0.474325  0.150675   3
  1  0  0.938300 -0.237994 -0.155377  0.407900   5
  1  0  0.938300  0.306696 -0.038286  0.176588   3
  1  0  0.938300  0.141952 -0.048514 -0.099149   5
  1  0  0.938300 -0.155364  0.005814  0.131293   1
  1  0  0.938300 -0.042341 -0.081631  0.124370   4
  1  0  0.938300 -0.227151 -0.143783  0.164323   4
  1  0  0.938300  0.271763 -0.020640  0.362965   6
  1  0  0.938300  0.285854  0.094975  0.348374   3
  1  0  0.938300 -0.092072 -0.029679  0.257967   2
  1  0  0.938300  0.171134  0.175457  0.017717   4
  1  0  0.938300 -0.134654  0.315261  0.140927   2
  1  0  0.938300  0.025130  0.063743  0.355222   2
  1  0  0.938300  0.359250 -0.061606  0.287632   3
  1  0  0.938300 -0.013776  0.113651  0.159978   2
  1  0  0.938300  0.227423  0.061530  0.049367   1
  1  0  0.938300 -0.003274 -0.173045  0.030515   2
  1  0  0.938300  0.058976  0.217327  0.465396   5
  1  0  0.938300 -0.059760  0.152520 -0.087946   1
  1  0  0.938300  0.231905  0.028893  0.153888   3
  1  0  0.938300 -0.137361 -0.077909 -0.024596   1
  1  0  0.938300 -0.043006 -0.242392  0.415111   4
  1  0  0.938300 -0.176304 -0.087816  0.161700   2
  1  0  0.938300 -0.008729 -0.170225  0.214958   2
  1  0  0.938300  0.051678  0.164376  0.150267   1
  1  0  0.938300  0.077121  0.076520  0.000284   1
  1  0  0.938300 -0.070454  0.076557  0.231043   3
  1  0  0.938300 -0.120203  0.091054  0.111605   2
  1  0  0.938300 -0.267404 -0.185297  0.232122   2
  1  0  0.938300  0.371452  0.210276  0.323503   6
  1  0  0.938300  0.072365  0.081074  0.047628   4
  1  0  0.938300  0.008884 -0.081432  0.692853   6
  1  0  0.938300  0.007089 -0.075032 -0.056207   1
  1  0  0.938300  0.119122  0.150994  0.239207   3
  1  0  0.938300  0.216845  0.092722 -0.053107   1
  1  0  0.938300 -0.016828  0.023486 -0.139080   1
  1  0  0.938300 -0.000863 -0.140728  0.125224   5
  1  0  0.938300  0.041983 -0.254866  0.034448   5
  1  0  0.938300 -0.010364  0.066903  0.116236   6
  1  0  0.938300  0.009366 -0.080999  0.277292   3
  1  0  0.938300  0.124570 -0.023217  0.033855   1
  1  0  0.938300 -0.176547 -0.195624  0.425174   3
  1  0  0.938300 -0.080948 -0.179605  0.258022   2
  1  0  0.938300  0.014160 -0.117029  0.153483   1
  1  0  0.938300  0.143226 -0.066087 -0.080433   1
  1  0  0.938300 -0.124162  0.060780  0.193945   6
  1  0  0.938300  0.179288 -0.508827  0.266260   5
  1  0  0.938300  0.122956 -0.339238  0.279368   3
  1  0  0.938300  0.122134 -0.079608 -0.012190   3
  1  0  0.938300 -0.286725  0.105601  0.066453   2
  1  0  0.938300  0.070875 -0.026253  0.122017   3
  1  0  0.938300  0.043622  0.066272  0.031019   1
  1  0  0.938300 -0.186013  0.182237  0.672533   5
  1  0  0.938300 -0.030209  0.076401 -0.086180   1
  1  0  0.938300 -0.070509  0.116067  0.376816   5
  1  0  0.938300 -0.129956  0.017501  0.244810   1
  1  0  0.938300 -0.283331  0.094915  0.207284   3
  1  0  0.938300 -0.199019 -0.230926  0.344193   2
  1  0  0.938300 -0.016442 -0.284801  0.093766   3
  1  0  0.938300 -0.120233 -0.375590  0.051392   4
  1  0  0.938300 -0.162372  0.054384  0.512922   7
  1  0  0.938300  0.380252  0.296043  0.030194   2
  1  0  0.938300  0.286896  0.021809  0.361785   3
  1  0  0.938300 -0.008478 -0.212554  0.110666   5
  1  0  0.938300  0.389554 -0.019943  0.241378   2
  1  0  0.938300 -0.115080  0.080379  0.464995   2
  1  0  0.938300  0.113100  0.123339 -0.050394   1
  1  0  0.938300  0.049297 -0.455796  0.531034   3
  1  0  0.938300 -0.180240  0.246984  0.213311   4
  1  0  0.938300 -0.050636  0.141863  0.232192   1
  1  0  0.938300  0.070528  0.139152  0.384334   3
  1  0  0.938300 -0.225728 -0.100430  0.094202   1
  1  0  0.938300 -0.084406  0.052840  0.132040   4
  1  0  0.938300  0.131122 -0.170180  0.067864   1
  1  0  0.938300  0.017048 -0.177390  0.081742   1
  1  0  0.938300 -0.411556 -0.104786  0.427233   5
  1  1  0.938300  0.051616 -0.127172 -0.038226  -4
  1  1  0.938300 -0.000702  0.007667  0.601987  -2
  1  1  0.938300 -0.086858 -0.139195  0.207258  -5
  1  1  0.938300 -0.627854 -0.078416  0.119049  -3
  1  1  0.938300 -0.571079 -0.087377  0.273909  -3
  1  1  0.938300 -0.442921 -0.021947  0.294717  -3
  1  1  0.938300 -0.127631 -0.025150 -0.049802  -4
  1  1  0.938300 -0.085630  0.032417  0.627668  -2
  1  1  0.938300 -0.010859  0.112011  0.234272  -4
  1  1  0.938300  0.017236  0.340105  0.510441  -3
  1  1  0.938300  0.128937 -0.341086  0.190993  -3
  1  1  0.938300 -0.395306 -0.024727  0.347958  -7
  1  1  0.938300 -0.145657  0.051828  0.508993  -2
  1  1  0.938300  0.154987 -0.086654  0.439268  -1
  1  1  0.938300  0.121010  0.265956  0.497052  -2
  1  1  0.938300  0.303199 -0.112774  0.191203  -6
  1  1  0.938300  0.103150 -0.248027  0.380726  -2
  1  1  0.938300 -0.279283 -0.007308  0.313817  -2
  1  1  0.938300  0.373597  0.334696  0.260341  -2
  1  1  0.938300 -0.009075 -0.076371  0.525551  -3
  1  1  0.938300 -0.085842  0.118433  0.524120  -3
  1  1  0.938300  0.207738 -0.052899  0.280363  -3
  1  1  0.938300 -0.253871  0.097637  0.379075  -2
  1  1  0.938300 -0.004333 -0.117602  0.259806  -2
  1  1  0.938300 -0.034976  0.165557  0.589301  -1
  1  1  0.938300  0.046410  0.217350  0.485052  -2
  1  1  0.938300  0.051886 -0.100902 -0.065086  -3
  1  1  0.938300  0.139713 -0.062417  0.296539  -2
  1  1  0.938300 -0.024981  0.077932  0.427938  -1
  1  1  0.938300  0.057157 -0.062938  0.572194  -1
  1  1  0.938300  0.044030 -0.101117  0.438053  -3
  1  1  0.938300 -0.151894  0.147686  0.431712  -3
  1  1  0.938300  0.148847  0.082929  0.412077  -1
  1  1  0.938300  0.035512 -0.300418  0.587100  -2
  1  1  0.938300 -0.067576  0.358376  0.459333  -2
  1  1  0.938300 -0.269181  0.114567  0.108448  -3
  1  1  0.938300 -0.133958  0.325457  0.274499  -2
  1  1  0.938300  0.153041  0.081685  0.349701  -4
  1  1  0.938300  0.085276 -0.214769  0.383379  -5
  1  1  0.938300  0.081224 -0.346136  0.816558  -2
  1  1  0.938300 -0.010723 -0.062858  0.565910  -1
  1  1  0.938300 -0.138285 -0.129344  0.460178  -1
  1  1  0.938300 -0.313892  0.283266  0.255014  -3
  1  1  0.938300 -0.131364  0.133524  0.496298  -3
  1  1  0.938300  0.185401  0.187212  0.366063  -5
  1  1  0.938300  0.091161 -0.092825  0.508917  -1
  1  1  0.938300  0.403252  0.018235  0.134259  -3
  1  1  0.938300  0.070366  0.148778  0.489264  -1
  1  1  0.938300  0.055410 -0.037924  0.274838  -5
  1  1  0.938300  0.037164  0.277406  0.162655  -3
  1  1  0.938300 -0.126812 -0.229573 -0.174062  -6
  1  1  0.938300  0.035074  0.025212  0.587163  -1
  1  1  0.938300  0.031563 -0.105619  0.318486  -1
  1  1  0.938300 -0.117973  0.257584  0.047817  -2
  1  1  0.938300  0.086545  0.302681  0.510932  -3
  1  1  0.938300 -0.092361  0.155838  0.466888  -1
  1  1  0.938300 -0.013061  0.216021  0.205937  -2
  1  1  0.938300 -0.045748 -0.137395  0.500170  -6
  1  1  0.938300  0.149018 -0.008747  0.432932  -1
  1  1  0.938300  0.125315 -0.376922  0.442217  -4
  1  1  0.938300 -0.003227  0.163031 -0.017420  -2
  1  1  0.938300  0.089422 -0.321166  0.421985  -3
  1  1  0.938300 -0.062388 -0.192448  0.719357  -6
  1  1  0.938300  0.052873  0.075892  0.458260  -2
  1  1  0.938300 -0.227384  0.324745  0.129483  -9
  1  1  0.938300  0.014481  0.176848  0.352117  -4
  1  1  0.938300  0.023862 -0.031079  0.080852  -3
  1  1  0.938300 -0.172246  0.013090  0.382847  -2
  1  1  0.938300  0.039828  0.182683  0.354388  -6
  1  1  0.938300  0.046349 -0.045492  0.543525  -1
  1  1  0.938300 -0.107006 -0.062511  0.595623  -1
  1  1  0.938300 -0.112917  0.037328 -0.088847  -2
  1  1  0.938300  0.192443  0.106175  0.268662  -2
  1  1  0.938300 -0.054452  0.034679  0.393536  -2
  1  1  0.938300 -0.024511  0.066792  0.222418  -2
  1  1  0.938300  0.341417 -0.073224  0.085969  -5
  1  1  0.938300  0.106284  0.122739  0.509442  -3
  1  1  0.938300  0.042558 -0.049814  0.468831  -1
  1  1  0.938300 -0.001232 -0.222949  0.714667  -3
  1  0  0.938300  0.035930  0.054804  0.377397  -2
  1  0  0.938300 -0.042729 -0.090224  0.682774  -1
  1  0  0.938300 -0.036266 -0.146399  0.017589  -4
  1  0  0.938300 -0.035405 -0.098814  0.519596  -1
  1  0  0.938300 -0.043940 -0.011924  0.228697  -3
  1  0  0.938300  0.131892 -0.039054  0.247543  -3
  1  0  0.938300  0.068738  0.036809  0.297939  -2
  1  0  0.938300 -0.094391 -0.323595  0.404510  -4
  1  0  0.938300  0.086010 -0.134629  0.471686  -3
  1  0  0.938300  0.113745  0.118544  0.433311  -6
  1  0  0.938300 -0.029175  0.069143  0.257417  -1
  1  0  0.938300 -0.000524 -0.034954  0.661457  -1
  1  0  0.938300 -0.312544 -0.167187  0.374067  -2
  1  0  0.938300  0.024212  0.067314  0.773045  -2
  1  0  0.938300 -0.014626 -0.146155  0.400978  -4
  1  0  0.938300  0.240209 -0.021508  0.570739  -1
  1  0  0.938300 -0.231787  0.191229  0.274878  -3
  1  0  0.938300  0.088393 -0.062764  0.091303  -2
  1  0  0.938300 -0.362120 -0.243059  0.305172  -2
  1  0  0.938300 -0.160636  0.048639  0.482071  -1
  1  0  0.938300 -0.270396  0.117077  0.202813  -2
  1  0  0.938300 -0.099561 -0.199600  0.044860  -6
  1  0  0.938300  0.302743 -0.249492  0.298553  -2
  1  0  0.938300 -0.092045  0.014067  0.547735  -4
  1  0  0.938300 -0.133829 -0.029784  0.339303  -2
  1  0  0.938300 -0.193138  0.131950  0.539866  -2
  1  0  0.938300  0.119014 -0.169232  0.173227  -2
  1  0  0.938300 -0.158886  0.099507  0.421941  -3
  1  0  0.938300  0.187098  0.007982  0.448697  -2
  1  0  0.938300 -0.115931 -0.086208  0.378776  -2
  1  0  0.938300  0.230649  0.123838  0.357384  -3
  1  0  0.938300 -0.172026 -0.078395  0.095471  -8
  1  0  0.938300  0.052505  0.045342  0.475690  -1
  1  0  0.938300  0.301390  0.169063  0.492482  -5
  1  0  0.938300 -0.070272 -0.120193  0.562998  -1
  1  0  0.938300  0.103058  0.023182  0.585760  -1
  1  0  0.938300 -0.077001 -0.306786  0.624242  -3
  1  0  0.938300 -0.091677  0.024959  0.413682  -1
  1  0  0.938300  0.021737  0.057720  0.413121  -1
  1  0  0.938300 -0.085754 -0.065144  0.458506  -2
  1  0  0.938300  0.224741  0.480606  0.325728  -5
  1  0  0.938300 -0.168875 -0.065712  0.598942  -2
  1  0  0.938300  0.065756  0.019566  0.471800  -1
  1  0  0.938300 -0.038876 -0.064264  0.628164  -1
  1  0  0.938300 -0.188090 -0.032404  0.554462  -2
  1  0  0.938300 -0.291817  0.109596  0.192177  -3
  1  0  0.938300  0.280071 -0.294692  0.344158  -2
  1  0  0.938300  0.232046 -0.094606  0.326214 -10
  1  0  0.938300 -0.085362 -0.031318  0.533441  -3
  1  0  0.938300  0.268404  0.075285  0.352795  -6
  1  0  0.938300  0.074634  0.230062  0.424326  -3
  1  0  0.938300  0.098449  0.112454  0.567051  -1
  1  0  0.938300 -0.090612  0.029356  0.488130  -1
  1  0  0.938300  0.100741  0.088039  0.356231  -2
  1  0  0.938300  0.252593  0.168595  0.367649  -3
  1  0  0.938300  0.092895 -0.058640  0.239674  -3
  1  0  0.938300  0.003922 -0.072069  0.526913  -3
  1  0  0.938300  0.164275  0.118404  0.583955  -6
  1  0  0.938300 -0.037593  0.087930  0.328388  -4
  1  0  0.938300  0.074277  0.190943  0.195373  -3
  1  0  0.938300 -0.235702  0.076864  0.268009  -2
  1  0  0.938300  0.146689  0.090587  0.259146  -4
  1  0  0.938300  0.065086 -0.037848  0.567164  -1
  1  0  0.938300  0.163087 -0.165824  0.369049  -7
  1  0  0.938300 -0.092068 -0.095086  0.585635  -1
  1  0  0.938300  0.046334  0.004511  0.297615  -3
  1  0  0.938300 -0.121800 -0.208642  0.637076  -2
  1  0  0.938300  0.025771 -0.036816  0.547858  -2
  1  0  0.938300 -0.085420  0.041067  0.347905  -6
  1  0  0.938300  0.099678 -0.134892  0.307852  -6
  1  0  0.938300 -0.013028 -0.108794  0.093481  -4
  1  0  0.938300  0.296399  0.015908  0.159202  -2
  1  0  0.938300 -0.218428  0.118404  0.250741  -3
  1  0  0.938300  0.140622 -0.123944  0.417979  -3
  1  0  0.938300  0.110172 -0.201934  0.188809  -3
  1  0  0.938300 -0.114261 -0.125648  0.517264  -1
  1  0  0.938300 -0.202694 -0.064489  0.188125  -2
  1  0  0.938300 -0.103706 -0.073147  0.283113  -2
  1  0  0.938300  0.013192  0.082710  0.330443  -5
  1  0  0.938300 -0.115424 -0.154134  0.487922  -1
  1  0  0.938300  0.038662 -0.011063  0.435632  -7
  1  0  0.938300  0.207193 -0.170746  0.308832  -5
  1  0  0.938300 -0.082518 -0.054877  0.457168  -1
  1  0  0.938300 -0.111115  0.321005  0.167574  -2
  1  0  0.938300 -0.095644  0.036493  0.444885  -1
  1  0  0.938300 -0.036683 -0.177046  0.235628  -3
  1  0  0.938300  0.044861 -0.168174  0.477972  -3
  1  0  0.938300  0.280703  0.320367  0.195246  -3
  1  0  0.938300  0.256259  0.162737  0.631626  -4
  1  0  0.938300 -0.184487 -0.145025  0.444444  -2
  1  0  0.938300 -0.115972 -0.046345  0.527537  -1
  1  0  0.938300  0.054542 -0.044505  0.305203  -2
  1  0  0.938300 -0.207240  0.068177  0.478078  -1
  1  0  0.938300  0.031726 -0.076241  0.427995  -3
  1  0  0.938300  0.021696 -0.115802  0.514567  -2
  1  0  0.938300  0.133260 -0.028468  0.633390  -1
  1  0  0.938300 -0.018485 -0.058856  0.296448  -4
  1  0  0.938300  0.221032  0.182277  0.382566  -4
  1  0  0.938300  0.108544  0.039161  0.047805  -5
  1  0  0.938300 -0.020882  0.241250  0.335738  -3
  1  0  0.938300  0.088469 -0.037853  0.574922  -2
  1  0  0.938300  0.073409 -0.050216  0.259502  -2
  1  0  0.938300 -0.024061  0.015360  0.521554  -1
  1  0  0.938300 -0.081006  0.211677  0.253657  -2
  1  0  0.938300 -0.315725 -0.277864  0.344579  -3
  1  0  0.938300  0.184623 -0.016125  0.233265  -7
  1  0  0.938300 -0.109917  0.030338  0.534482  -1
  1  0  0.938300 -0.025940  0.232803  0.439099  -6
  1  0  0.938300  0.253950 -0.071615  0.185923  -2
  1  0  0.938300  0.015234 -0.080297  0.231047  -7
  1  0  0.938300 -0.131972 -0.104612  0.462826  -1
  1  0  0.938300  0.210444 -0.043394  0.459487  -5
  1  0  0.938300  0.098367  0.397378  0.502000  -4
  1  0  0.938300  0.194572  0.089086  0.363636  -9
  1  0  0.938300  0.193567 -0.009239  0.584003  -2
  1  0  0.938300  0.063875 -0.139775  0.113435  -4
  1  0  0.938300  0.099701  0.040123  0.654719  -4
  1  0  0.938300 -0.353654  0.189511  0.082097  -2