  1  1  0.938300 -0.292785  0.214786  0.295237   3
  1  1  0.938300  0.054454  0.171277  0.357173   3
  1  1  0.938300  0.267974 -0.189391  0.060297   2
  1  1  0.938300 -0.042594 -0.234737  0.388934   6
  1  1  0.938300  0.179836  0.015535  0.231987   2
  1  1  0.938300 -0.233585  0.037552  0.155979   4
  1  1  0.938300 -0.404538 -0.088330  0.258368   4
  1  1  0.938300 -0.121449 -0.078925  0.206752   7
  1  1  0.938300  0.204150  0.166707  0.249722   3
  1  1  0.938300  0.037645 -0.054696  0.052162   1
  1  1  0.938300 -0.180245  0.059276  0.396672   5
  1  1  0.938300  0.083068 -0.140995  0.052011   2
  1  1  0.938300  0.073680 -0.376385  0.228362   5
  1  1  0.938300  0.010842  0.077334  0.015360   1
  1  1  0.938300 -0.246997 -0.161652  0.253200   2
  1  1  0.938300 -0.100690 -0.118537  0.280111   4
  1  1  0.938300 -0.200760  0.300183  0.298479   3
  1  1  0.938300  0.064845  0.136795 -0.011293   1
  1  1  0.938300 -0.187620 -0.108086  0.310252   3
  1  1  0.938300  0.104102  0.104350 -0.027862   1
  1  1  0.938300 -0.127620 -0.082535  0.297595   3
  1  1  0.938300 -0.318466 -0.060847  0.157769   5
  1  1  0.938300  0.173659 -0.256304  0.131237   2
  1  1  0.938300 -0.124118  0.137711  0.179304   4
  1  1  0.938300 -0.164719  0.300593  0.078824   3
  1  1  0.938300  0.111255  0.202650  0.311269   3
  1  1  0.938300  0.034416  0.006395 -0.010630   1
  1  1  0.938300 -0.172406  0.018351  0.028802   4
  1  1  0.938300 -0.034619  0.052568  0.261544   3
  1  1  0.938300  0.236821  0.366622  0.123508   2
  1  1  0.938300  0.003175  0.142500  0.004155   1
  1  1  0.938300  0.059402  0.002633 -0.006725   1
  1  1  0.938300 -0.039296 -0.161766  0.052806   1
  1  1  0.938300  0.219438 -0.226610  0.259388   2
  1  1  0.938300  0.124753  0.115662 -0.104734   1
  1  1  0.938300  0.008417  0.194579  0.421976   3
  1  1  0.938300  0.230655  0.032886  0.131021   2
  1  1  0.938300 -0.015079 -0.000216  0.161662   1
  1  1  0.938300  0.268424  0.102997  0.099022   3
  1  1  0.938300  0.215734  0.015798  0.127752   2
  1  1  0.938300  0.258971 -0.181091  0.553265   5
  1  1  0.938300  0.039165  0.122934 -0.030628   1
  1  1  0.938300 -0.035941 -0.008097  0.037817   4
  1  1  0.938300  0.290421  0.084606  0.413524   3
  1  1  0.938300 -0.067515  0.071681  0.071395   1
  1  1  0.938300 -0.044652  0.018867  0.181242   4
  1  1  0.938300 -0.074758 -0.307175  0.225941   2
  1  1  0.938300  0.053768  0.023740  0.080473   2
  1  1  0.938300  0.122674  0.031953  0.294291   2
  1  1  0.938300  0.127822  0.002602  0.093159   4
  1  1  0.938300  0.054975 -0.176016  0.071213   1
  1  1  0.938300 -0.130812 -0.329400  0.284298   2
  1  1  0.938300  0.567312 -0.123396  0.352734   3
  1  1  0.938300  0.086313  0.045828  0.188681   4
  1  1  0.938300 -0.393287 -0.001557  0.366144   2
  1  1  0.938300  0.021437 -0.002334  0.019357   1
  1  1  0.938300 -0.009821  0.108500  0.173496   1
  1  1  0.938300  0.526159  0.126104  0.290794   2
  1  1  0.938300 -0.207748  0.172014  0.603540   2
  1  1  0.938300 -0.484526  0.152102  0.307239   5
  1  1  0.938300  0.116939 -0.231761  0.182167   3
  1  1  0.938300 -0.063722  0.098536 -0.051717   2
  1  1  0.938300 -0.087118 -0.076939 -0.093299   2
  1  1  0.938300 -0.005232  0.001508  0.228075   3
  1  1  0.938300 -0.164102  0.108307 -0.092539   4
  1  1  0.938300  0.210859 -0.135919  0.422179   5
  1  1  0.938300 -0.112014 -0.080440  0.364403   4
  1  1  0.938300  0.260100  0.175786  0.306818   4
  1  1  0.938300  0.290819  0.281577  0.126935   3
  1  1  0.938300 -0.268397 -0.263300  0.416531   2
  1  1  0.938300  0.184251  0.136805  0.035000   1
  1  1  0.938300  0.156682  0.181350  0.163728   4
  1  1  0.938300  0.131984  0.276342  0.446507   7
  1  1  0.938300  0.321960 -0.087593  0.249415   2
  1  1  0.938300 -0.223106  0.046937 -0.032250  13
  1  1  0.938300  0.131282 -0.157087  0.380774   2
  1  1  0.938300 -0.286800 -0.105540  0.109096   2
  1  1  0.938300 -0.089154  0.108632  0.069552   1
  1  1  0.938300  0.078069  0.064075  0.160741   3
  1  0  0.938300  0.169490 -0.112332  0.202415   3
  1  0  0.938300 -0.071481 -0.019738  0.130408   3
  1  0  0.938300  0.100562  0.462974  0.343549   4
  1  0  0.938300  0.101689  0.024264  0.178301   1
  1  0  0.938300 -0.123064 -0.236737  0.211840   3
  1  0  0.938300 -0.098824  0.049029  0.338854   3
  1  0  0.938300 -0.239928  0.399751  0.511752   3
  1  0  0.938300  0.077311  0.142678  0.258272   2
  1  0  0.938300 -0.024176 -0.129466  0.337649   2
  1  0  0.938300 -0.040140  0.165620  0.323120   4
  1  0  0.938300  0.185102 -0.116012  0.016585   3
  1  0  0.938300  0.067551  0.108162  0.052360   1
  1  0  0.938300  0.044833 -0.260192  0.220050   3
  1  0  0.938300  0.131471 -0.179094 -0.095747   3
  1  0  0.938300 -0.176113 -0.126165  0.297330   2
  1  0  0.938300  0.234487 -0.179842  0.343356   3
  1  0  0.938300  0.005228 -0.138273  0.082276   1
  1  0  0.938300  0.274386 -0.072292  0.312306   2
  1  0  0.938300  0.188569  0.167629  0.235193   2
  1  0  0.938300 -0.281596 -0.100324  0.260450   2
  1  0  0.938300  0.127289  0.012068  0.035641   1
  1  0  0.938300  0.004773 -0.199555 -0.081417   1
  1  0  0.938300  0.104779  0.050013  0.296904   4
  1  0  0.938300  0.015129  0.269081  0.498910   2
  1  0  0.938300 -0.346857  0.016806  0.104318  10
  1  0  0.938300 -0.356862  0.025670  0.340563   6
  1  0  0.938300  0.021789  0.037664  0.194221   3
  1  0  0.938300  0.025723 -0.027158  0.046132   1
  1  0  0.938300  0.003673 -0.151095  0.374341   3
  1  0  0.938300  0.087925  0.236457  0.377975   4
  1  0  0.938300  0.099029 -0.093186  0.277606   4
  1  0  0.938300 -0.239291  0.138617  0.253983   4
  1  0  0.938300  0.254204 -0.132411  0.107790   2
  1  0  0.938300  0.245168  0.025771  0.321767   3
  1  0  0.938300  0.088530  0.197877  0.047800   3
  1  0  0.938300  0.014311 -0.091787 -0.043398   1
  1  0  0.938300  0.269296 -0.134960  0.179012   3
  1  0  0.938300  0.113518  0.173373  0.118160   1
  1  0  0.938300  0.024648  0.151817  0.108549   1
  1  0  0.938300 -0.296741  0.036758  0.292261   6
  1  0  0.938300 -0.119931 -0.159362  0.289922   3
  1  0  0.938300  0.299701 -0.172220 -0.116528   5
  1  0  0.938300 -0.087222 -0.062732  0.204728   4
  1  0  0.938300 -0.055190 -0.184301  0.069627   3
  1  0  0.938300 -0.159191  0.124169  0.029832   8
  1  0  0.938300  0.092458 -0.139130 -0.033479   1
  1  0  0.938300 -0.022975  0.097427  0.150862   4
  1  0  0.938300  0.163123  0.160156  0.427114   2
  1  0  0.938300  0.066070 -0.052412  0.038938   1
  1  0  0.938300 -0.185227  0.137485  0.251358   5
  1  0  0.938300 -0.189761 -0.226290  0.122938   3
  1  0  0.938300 -0.069882 -0.039684  0.133542   1
  1  0  0.938300  0.114373 -0.165567  0.345558   3
  1  0  0.938300  0.027212 -0.007876  0.147975   3
  1  0  0.938300  0.080779  0.008136  0.051245   1
  1  0  0.938300  0.021090  0.055278  0.084080   3
  1  0  0.938300 -0.041422  0.309135  0.136097   2
  1  0  0.938300  0.041054 -0.054762 -0.021860   1
  1  0  0.938300 -0.320984  0.001844  0.284482   3
  1  0  0.938300 -0.067723  0.128109  0.447238   4
  1  0  0.938300 -0.120233  0.258830  0.383859   3
  1  0  0.938300  0.101963  0.075878  0.488605   4
  1  0  0.938300  0.061424  0.082420  0.129570   2
  1  0  0.938300 -0.115124 -0.187039 -0.145896   4
  1  0  0.938300 -0.217206 -0.215104  0.039717   4
  1  0  0.938300  0.028905 -0.026800  0.141364   1
  1  0  0.938300  0.106446  0.099555  0.062236   1
  1  0  0.938300  0.093448  0.004266  0.421875   2
  1  0  0.938300 -0.059738 -0.194464  0.232166   4
  1  0  0.938300  0.053394  0.026777  0.042900   5
  1  0  0.938300 -0.275366  0.086080  0.519359   6
  1  0  0.938300 -0.049057 -0.202766 -0.052749   2
  1  0  0.938300 -0.098874 -0.047031  0.125029   1
  1  0  0.938300  0.066692  0.284864  0.201014   3
  1  0  0.938300 -0.023139 -0.037885 -0.041502   3
  1  0  0.938300  0.263912 -0.047552  0.198187   2
  1  0  0.938300  0.433718 -0.229211  0.443009   3
  1  0  0.938300  0.035968 -0.147466  0.264589   7
  1  0  0.938300  0.014562 -0.070887 -0.021726   4
  1  0  0.938300  0.087302  0.333825  0.465453   4
  1  0  0.938300 -0.002173 -0.457317  0.172480   2
  1  0  0.938300  0.069936  0.072201  0.059490   1
  1  0  0.938300 -0.131009  0.089021 -0.006471   3
  1  0  0.938300  0.108083 -0.006314 -0.082667   1
  1  0  0.938300 -0.006928  0.029156  0.219476   3
  1  0  0.938300  0.233226 -0.070549  0.254027   5
  1  0  0.938300 -0.034203  0.047245  0.382927   9
  1  0  0.938300 -0.129221 -0.072165  0.051650   1
  1  0  0.938300  0.458811  0.081257  0.390226   3
  1  0  0.938300  0.096173 -0.021846  0.217777   2
  1  0  0.938300  0.191156  0.068807  0.433677   4
  1  0  0.938300  0.136082 -0.003905  0.026668   2
  1  0  0.938300  0.051199  0.255798  0.294706   2
  1  0  0.938300  0.190635 -0.035086  0.362120   2
  1  0  0.938300 -0.085096  0.128721  0.241310   2
  1  0  0.938300  0.012780  0.268871  0.272711   5
  1  0  0.938300  0.062389 -0.004676  0.036257   2
  1  0  0.938300 -0.224426  0.072024  0.432245   5
  1  0  0.938300  0.073367 -0.030262  0.467449   2
  1  0  0.938300 -0.030645  0.026319  0.246411   2
  1  0  0.938300  0.121221 -0.110837  0.120063   2
  1  0  0.938300  0.150966 -0.197469  0.466415   4
  1  0  0.938300 -0.033209  0.059173  0.121869   7
  1  0  0.938300 -0.104999  0.219297  0.144877   2
  1  0  0.938300  0.023427  0.380365  0.043773   6
  1  0  0.938300  0.217221 -0.103619  0.410583   4
  1  0  0.938300 -0.027080 -0.115364  0.374699   4
  1  0  0.938300  0.000240  0.000628  0.114774   2
  1  0  0.938300 -0.025269  0.021575  0.425314   3
  1  0  0.938300 -0.123614 -0.329330  0.709927   3
  1  0  0.938300  0.058479 -0.174863  0.390241   3
  1  0  0.938300 -0.048090 -0.080865  0.184393   2
  1  0  0.938300  0.139935 -0.164100  0.101050   2
  1  0  0.938300 -0.115144 -0.054865 -0.094484   2
  1  0  0.938300 -0.083366  0.078135  0.302135   3
  1  0  0.938300 -0.185520  0.151405 -0.004907   2
  1  0  0.938300  0.144217 -0.002858  0.095635   4
  1  0  0.938300 -0.035022 -0.106557  0.186213   3
  1  1  0.938300 -0.199489  0.213708  0.536459  -6
  1  1  0.938300 -0.059037 -0.160003  0.377800  -3
  1  1  0.938300 -0.043901  0.005823 -0.022342  -7
  1  1  0.938300  0.237332 -0.240430  0.098470  -2
  1  1  0.938300  0.323466  0.153312  0.227941  -2
  1  1  0.938300  0.037589  0.083334  0.439151  -2
  1  1  0.938300 -0.128584 -0.185531  0.068644  -2
  1  1  0.938300  0.178187  0.085296  0.197682  -6
  1  1  0.938300 -0.036589  0.053042  0.578087  -1
  1  1  0.938300 -0.148189 -0.132814  0.632424  -3
  1  1  0.938300 -0.108667 -0.256587  0.265199  -3
  1  1  0.938300  0.040647 -0.223472 -0.087861  -3
  1  1  0.938300  0.023147  0.017502  0.504160  -1
  1  1  0.938300 -0.224847 -0.027577  0.248098  -5
  1  1  0.938300 -0.061609  0.226205  0.170007 -11
  1  1  0.938300 -0.009128 -0.171812  0.389484  -2
  1  1  0.938300  0.105392 -0.166148  0.612894  -3
  1  1  0.938300 -0.008576 -0.084229  0.466010  -3
  1  1  0.938300 -0.045035 -0.120087  0.670243  -2
  1  1  0.938300 -0.206532 -0.053074  0.502268  -1
  1  1  0.938300  0.144044 -0.221451  0.460824  -2
  1  1  0.938300  0.181437  0.010252  0.238751  -3
  1  1  0.938300  0.076910  0.030665  0.353360  -2
  1  1  0.938300 -0.003304  0.168453  0.527175  -1
  1  1  0.938300  0.198128 -0.196551  0.473430  -3
  1  1  0.938300  0.264843  0.063585  0.123194  -4
  1  1  0.938300  0.129089 -0.228815  0.080154  -2
  1  1  0.938300 -0.034967  0.041166  0.461875  -3
  1  1  0.938300 -0.113321 -0.129768  0.390765  -2
  1  1  0.938300  0.139475  0.120776  0.015718  -5
  1  1  0.938300 -0.120904  0.004998 -0.023098  -2
  1  1  0.938300  0.015271  0.008653  0.521784  -4
  1  1  0.938300 -0.055724  0.145302  0.267688  -3
  1  1  0.938300  0.091309 -0.120291  0.503885  -1
  1  1  0.938300 -0.171482 -0.038592  0.177471  -5
  1  1  0.938300  0.096536 -0.038138  0.505781  -1
  1  1  0.938300 -0.406185  0.161558  0.719092  -3
  1  1  0.938300  0.180622 -0.147520  0.228711  -4
  1  1  0.938300 -0.020959 -0.023292  0.410420  -5
  1  1  0.938300  0.089292 -0.198074  0.179443  -4
  1  1  0.938300  0.059941 -0.092354  0.426127  -1
  1  1  0.938300  0.149331 -0.091263  0.232337  -2
  1  1  0.938300  0.069725  0.082248  0.125299  -4
  1  1  0.938300  0.278511  0.218778  0.556548  -4
  1  1  0.938300  0.001210 -0.000895  0.538522  -1
  1  1  0.938300 -0.051612 -0.127715  0.444491  -2
  1  1  0.938300 -0.103535  0.041791  0.239253  -1
  1  1  0.938300 -0.012474  0.183719  0.474184  -2
  1  1  0.938300 -0.016881 -0.086178  0.163247  -5
  1  1  0.938300  0.134945  0.049294  0.576280  -9
  1  1  0.938300 -0.166712  0.023714  0.346564  -2
  1  1  0.938300  0.048259  0.025346  0.628211  -1
  1  1  0.938300 -0.013935 -0.265983  0.188247  -4
  1  1  0.938300 -0.039679  0.108116  0.491440  -3
  1  1  0.938300 -0.029371 -0.145901  0.464886  -1
  1  1  0.938300 -0.007123  0.032993  0.296385  -2
  1  1  0.938300  0.006314  0.350125  0.449627  -4
  1  1  0.938300  0.010974  0.176794  0.412744  -5
  1  1  0.938300  0.136146 -0.161804  0.522627  -1
  1  1  0.938300  0.131328 -0.013801  0.349704  -1
  1  1  0.938300 -0.111330 -0.010640  0.586464  -4
  1  1  0.938300  0.129112 -0.219179  0.623618  -2
  1  1  0.938300  0.170979  0.280499  0.188530  -3
  1  1  0.938300 -0.218224 -0.096736  0.633819  -2
  1  1  0.938300 -0.004035  0.137571  0.649866  -2
  1  1  0.938300 -0.276814  0.246847  0.377457  -3
  1  1  0.938300 -0.145578  0.309054  0.462284  -3
  1  1  0.938300 -0.196595  0.089359  0.320385  -5
  1  1  0.938300 -0.186061 -0.128926  0.403545  -2
  1  1  0.938300  0.104193 -0.330589  0.101975  -2
  1  1  0.938300  0.032711 -0.226991  0.216637  -5
  1  1  0.938300  0.074524 -0.030266  0.218519  -2
  1  1  0.938300 -0.177999 -0.209000  0.289129  -3
  1  1  0.938300 -0.138012 -0.101161  0.271877  -2
  1  1  0.938300 -0.080027  0.230969  0.227000  -2
  1  1  0.938300  0.150060  0.119822  0.264687  -5
  1  1  0.938300 -0.187555  0.052423  0.111990  -5
  1  1  0.938300 -0.083444  0.014280  0.307376  -5
  1  1  0.938300  0.167235 -0.186669  0.224620  -2
  1  0  0.938300  0.160116 -0.005912  0.595225  -1
  1  0  0.938300  0.196833 -0.133967  0.104644  -2
  1  0  0.938300 -0.032771 -0.215329  0.223303  -2
  1  0  0.938300  0.134442 -0.185146  0.442652  -8
  1  0  0.938300 -0.104750 -0.061177  0.475870  -5
  1  0  0.938300  0.055076  0.207718  0.511655  -5
  1  0  0.938300 -0.071461  0.063257  0.630871  -3
  1  0  0.938300 -0.445330 -0.418477  0.620127  -2
  1  0  0.938300  0.468297  0.111069  0.276220  -4
  1  0  0.938300 -0.208915 -0.320194  0.146848  -3
  1  0  0.938300 -0.101560  0.160315  0.524157  -2
  1  0  0.938300  0.117358 -0.017419  0.637109  -3
  1  0  0.938300  0.076130  0.441162  0.185864  -4
  1  0  0.938300 -0.107975  0.020937  0.187756  -2
  1  0  0.938300  0.224715 -0.223547  0.563224  -4
  1  0  0.938300  0.006026 -0.185909  0.327043  -2
  1  0  0.938300 -0.139870 -0.176464  0.530629  -2
  1  0  0.938300 -0.486769  0.103636  0.510498  -4
  1  0  0.938300  0.141626  0.023899  0.670002  -1
  1  0  0.938300 -0.069252  0.029554  0.397090  -1
  1  0  0.938300 -0.145860 -0.094478  0.307504  -6
  1  0  0.938300  0.089774 -0.073032  0.597076  -1
  1  0  0.938300  0.038113  0.029320  0.410527  -1
  1  0  0.938300 -0.337681 -0.051515  0.264746  -4
  1  0  0.938300 -0.270356  0.004265  0.514741  -4
  1  0  0.938300 -0.115728 -0.002407  0.254093  -5
  1  0  0.938300  0.068741  0.262761  0.278586 -11
  1  0  0.938300  0.083986 -0.021487  0.710665  -3
  1  0  0.938300  0.334873 -0.003851  0.495618  -2
  1  0  0.938300  0.130592 -0.048796  0.079766  -3
  1  0  0.938300 -0.252156  0.099892  0.543957  -4
  1  0  0.938300  0.008400  0.007612  0.152924  -5
  1  0  0.938300 -0.082694  0.131795  0.603522  -4
  1  0  0.938300 -0.095842 -0.028202  0.128074  -4
  1  0  0.938300  0.064186 -0.117789  0.526865  -3
  1  0  0.938300  0.270742 -0.188692  0.207223  -3
  1  0  0.938300  0.128444  0.026606  0.152062  -2
  1  0  0.938300 -0.245233 -0.129917  0.195228  -5
  1  0  0.938300 -0.140852 -0.073352  0.342531  -7
  1  0  0.938300  0.049917  0.059988  0.263412  -1
  1  0  0.938300 -0.194286 -0.062169  0.564258  -3
  1  0  0.938300 -0.135592 -0.199632  0.334956  -3
  1  0  0.938300 -0.082548  0.050782 -0.003591  -4
  1  0  0.938300 -0.187393 -0.070242  0.243271  -4
  1  0  0.938300 -0.087012  0.252062  0.353294  -2
  1  0  0.938300  0.029991  0.268349  0.446274  -2
  1  0  0.938300  0.060586  0.064384  0.570752  -2
  1  0  0.938300 -0.152068 -0.151803  0.258696  -5
  1  0  0.938300 -0.073233  0.141991  0.733002  -2
  1  0  0.938300  0.082910  0.344086  0.502284  -4
  1  0  0.938300  0.018870 -0.103942  0.259588  -4
  1  0  0.938300  0.149406 -0.022622 -0.011074  -4
  1  0  0.938300  0.105967 -0.068985  0.397630  -1
  1  0  0.938300  0.079120  0.099814  0.181851  -2
  1  0  0.938300 -0.194828  0.022514  0.280640  -4
  1  0  0.938300  0.180870 -0.114995  0.415637  -3
  1  0  0.938300  0.179465  0.325967  0.526665  -5
  1  0  0.938300  0.362371  0.017978  0.313421  -4
  1  0  0.938300  0.065719 -0.052858  0.402050  -2
  1  0  0.938300  0.121552 -0.120776  0.218493  -4
  1  0  0.938300 -0.340766 -0.126671  0.029436  -6
  1  0  0.938300 -0.045747  0.033827  0.300283  -4
  1  0  0.938300 -0.034007  0.006977  0.321730  -2
  1  0  0.938300 -0.274141  0.154091  0.078358  -2
  1  0  0.938300 -0.017566  0.009633  0.310463  -3
  1  0  0.938300  0.039310 -0.172567  0.368730  -3
  1  0  0.938300  0.121418  0.173944  0.413324  -3
  1  0  0.938300  0.212169  0.117483  0.552458  -3
  1  0  0.938300  0.127099 -0.245859  0.271902  -4
  1  0  0.938300  0.121973 -0.265241  0.363431  -3
  1  0  0.938300  0.085104 -0.113228  0.352421  -2
  1  0  0.938300  0.110395 -0.141864 -0.116236  -7
  1  0  0.938300  0.052564 -0.093108  0.549766  -2
  1  0  0.938300  0.042202  0.146446  0.583089  -1
  1  0  0.938300 -0.366042  0.052918  0.290344  -2
  1  0  0.938300 -0.008255 -0.063383  0.409805  -4
  1  0  0.938300  0.052593 -0.012695  0.518343  -3
  1  0  0.938300  0.024755  0.022276  0.310950  -5
  1  0  0.938300  0.122107  0.057133  0.451437  -1
  1  0  0.938300  0.006272 -0.176031  0.380975  -2
  1  0  0.938300 -0.124702  0.005433  0.125056  -3
  1  0  0.938300 -0.124199  0.033214  0.276901  -2
  1  0  0.938300 -0.127592  0.234448  0.391385  -3
  1  0  0.938300 -0.042128 -0.234597  0.326659  -4
  1  0  0.938300 -0.102598 -0.369272  0.169098  -4
  1  0  0.938300  0.209776 -0.048828  0.371872  -8
  1  0  0.938300  0.250693 -0.142250  0.317077  -3
  1  0  0.938300  0.163064 -0.366312  0.236958  -2
  1  0  0.938300  0.116380 -0.198996  0.538009  -1
  1  0  0.938300  0.221117  0.091567  0.170198  -3
  1  0  0.938300  0.011297 -0.268673  0.206893  -9
  1  0  0.938300 -0.029560 -0.038212  0.630528  -1
  1  0  0.938300  0.093245 -0.042075  0.469305  -3
  1  0  0.938300  0.000198 -0.080519  0.710711  -1
  1  0  0.938300 -0.105708 -0.046189  0.457210  -1
  1  0  0.938300  0.171765  0.274102  0.342703  -6
  1  0  0.938300 -0.256490  0.029750 -0.134616  -6
  1  0  0.938300 -0.105768 -0.075316  0.479273  -4
  1  0  0.938300  0.160127 -0.017264  0.553884  -1
  1  0  0.938300  0.076255 -0.074837  0.322502  -3
  1  0  0.938300 -0.010085 -0.006131  0.636653  -9
  1  0  0.938300  0.236034  0.331898  0.294460  -2
  1  0  0.938300  0.238312  0.151871  0.429929  -3
  1  0  0.938300  0.076835  0.075739  0.589982  -1
  1  0  0.938300 -0.002863  0.156754  0.354656  -3
  1  0  0.938300 -0.048156  0.044748  0.158233  -4
  1  0  0.938300 -0.425857  0.011573  0.236786  -5
  1  0  0.938300  0.134134 -0.076623  0.375311  -2
  1  0  0.938300 -0.118588  0.051876  0.686241  -2
  1  0  0.938300 -0.103166  0.055520  0.561680  -1
  1  0  0.938300  0.056586 -0.095080  0.618996  -4
  1  0  0.938300 -0.029776 -0.207217  0.253563  -4
  1  0  0.938300 -0.187417 -0.110289  0.398691  -1
  1  0  0.938300 -0.169254  0.079443  0.577848  -3
  1  0  0.938300 -0.041162  0.225319  0.516069  -3
  1  0  0.938300 -0.020703 -0.049359  0.385885  -1
  1  0  0.938300 -0.205480 -0.003569  0.525289  -3
  1  0  0.938300 -0.092734  0.117743  0.693976  -1