  1  1  0.938300  0.298094 -0.110127  0.466469   2
  1  1  0.938300  0.070871  0.323338  0.303197   3
  1  1  0.938300 -0.362281 -0.081942  0.211312   9
  1  1  0.938300  0.146219  0.134464  0.196864   4
  1  1  0.938300 -0.029565  0.002832 -0.012864   1
  1  1  0.938300  0.029288  0.090985  0.052907   1
  1  1  0.938300  0.370235 -0.031364  0.238168   2
  1  1  0.938300 -0.065505 -0.098927  0.344733   2
  1  1  0.938300  0.089543  0.150880  0.325633   2
  1  1  0.938300 -0.012242  0.013812  0.092511   1
  1  1  0.938300 -0.062934  0.264496  0.005135   3
  1  1  0.938300 -0.000253 -0.034262  0.124961   2
  1  1  0.938300  0.110774  0.045146  0.254241   2
  1  1  0.938300  0.011307  0.127194  0.379381   3
  1  1  0.938300 -0.122274  0.099388  0.168940   5
  1  1  0.938300  0.459514 -0.114533 -0.054712   6
  1  1  0.938300 -0.109607 -0.029588  0.210049   3
  1  1  0.938300 -0.032219  0.054533  0.151764   3
  1  1  0.938300  0.095011  0.087050  0.581845   2
  1  1  0.938300  0.097834  0.106127 -0.012831   4
  1  0  0.938300 -0.122049 -0.125512 -0.132752   5
  1  1  0.938300 -0.067908  0.098326 -0.044031   2
  1  1  0.938300 -0.115097 -0.104223  0.472315   4
  1  1  0.938300  0.349269 -0.323957 -0.023405   3
  1  1  0.938300 -0.168988  0.111508  0.071134   2
  1  1  0.938300  0.040181  0.184156  0.089628   1
  1  1  0.938300 -0.268917 -0.045152  0.244628   5
  1  1  0.938300 -0.096285 -0.245002  0.286219   4
  1  1  0.938300  0.085717  0.169861 -0.076169   1
  1  1  0.938300  0.134578  0.153773  0.602617   4
  1  1  0.938300  0.027010 -0.317618  0.127448   2
  1  1  0.938300  0.074872  0.006418  0.086732   2
  1  1  0.938300 -0.073106  0.061777  0.016263   1
  1  1  0.938300  0.203133 -0.133944  0.080455   3
  1  1  0.938300  0.077634  0.063067  0.012535   7
  1  1  0.938300  0.041220  0.064580  0.018232   3
  1  1  0.938300  0.170027 -0.015219  0.372073   2
  1  1  0.938300 -0.040183  0.194913  0.104592   4
  1  1  0.938300  0.069831  0.202052  0.436906   3
  1  1  0.938300 -0.094944 -0.173686  0.069358   1
  1  1  0.938300  0.225300  0.072275  0.051867   4
  1  1  0.938300 -0.198159 -0.312694  0.301876   5
  1  1  0.938300  0.235469 -0.000762  0.252364   2
  1  1  0.938300 -0.015017  0.145819  0.074720   2
  1  1  0.938300 -0.046184 -0.186170  0.175706   6
  1  1  0.938300 -0.054255 -0.010431  0.014365   1
  1  1  0.938300  0.097339  0.073737  0.126627   3
  1  1  0.938300  0.339072  0.015911  0.418797   2
  1  1  0.938300 -0.126483 -0.129477  0.048197   1
  1  1  0.938300 -0.193334 -0.028195  0.288016   3
  1  1  0.938300 -0.240087 -0.157456  0.110971   2
  1  1  0.938300 -0.060130  0.123190  0.324932   3
  1  1  0.938300 -0.088490  0.175734  0.242894   2
  1  1  0.938300  0.030086 -0.009645  0.001164   1
  1  1  0.938300  0.299128 -0.232132  0.496110   2
  1  1  0.938300  0.109113 -0.190340  0.014105   5
  1  1  0.938300 -0.045919  0.255140  0.193269   5
  1  1  0.938300  0.113292  0.059413  0.189275   6
  1  1  0.938300  0.101708  0.182988  0.284639   7
  1  1  0.938300  0.106091 -0.000068  0.257096   3
  1  1  0.938300  0.102496 -0.108081  0.353954   5
  1  1  0.938300  0.058287  0.079274  0.214224   5
  1  1  0.938300 -0.182772 -0.304540  0.442478   3
  1  1  0.938300 -0.102534 -0.101338  0.206332   2
  1  1  0.938300  0.237949  0.161080  0.239390   5
  1  1  0.938300  0.428018 -0.220002  0.146006   3
  1  1  0.938300 -0.038215  0.127768  0.179229   3
  1  1  0.938300 -0.309861  0.300662  0.125424   5
  1  1  0.938300 -0.273296 -0.170478  0.297559   5
  1  1  0.938300 -0.084369  0.318903  0.511896   2
  1  1  0.938300 -0.145189 -0.077634  0.196894   1
  1  1  0.938300  0.175399  0.010956  0.134622   2
  1  1  0.938300  0.128831 -0.317124 -0.070946   3
  1  1  0.938300 -0.165346  0.115814  0.335032   4
  1  1  0.938300 -0.172461  0.008120  0.389861   5
  1  1  0.938300 -0.172867 -0.103607 -0.003387   7
  1  1  0.938300  0.158309 -0.068579  0.098946   2
  1  1  0.938300  0.413874 -0.037260  0.740626   5
  1  1  0.938300  0.230838 -0.336278  0.190545   2
  1  0  0.938300  0.174813 -0.095359  0.484575   2
  1  0  0.938300 -0.184685  0.033709  0.058451   1
  1  0  0.938300 -0.025655  0.057790  0.113462   4
  1  0  0.938300 -0.089388 -0.128438 -0.022031   3
  1  0  0.938300  0.470870 -0.089104  0.514049   3
  1  0  0.938300  0.019694  0.038511  0.041689   4
  1  0  0.938300  0.208958 -0.245435  0.037520   3
  1  0  0.938300  0.181409 -0.046537 -0.064077   2
  1  0  0.938300 -0.038143 -0.001932  0.432004   3
  1  0  0.938300  0.018119  0.021081  0.023575   1
  1  0  0.938300  0.008693 -0.062427 -0.058058   1
  1  0  0.938300  0.254567 -0.175489  0.120302   4
  1  0  0.938300  0.140269  0.005476  0.077120   1
  1  0  0.938300  0.092403 -0.172638  0.406081   4
  1  0  0.938300  0.110043  0.238082  0.169662   6
  1  0  0.938300  0.370311  0.017872  0.025188   2
  1  0  0.938300 -0.014824  0.040991  0.112674   2
  1  0  0.938300 -0.017063  0.280487  0.316361   2
  1  0  0.938300  0.057531 -0.573697  0.349045   9
  1  0  0.938300  0.065104  0.318876  0.518374   3
  1  0  0.938300  0.049325  0.283826  0.129692   6
  1  0  0.938300 -0.025912 -0.085704  0.295924   6
  1  0  0.938300  0.024144 -0.205828  0.136674   3
  1  0  0.938300 -0.062892  0.016749  0.073110   1
  1  0  0.938300  0.366112  0.241067  0.093195   4
  1  0  0.938300  0.032625  0.056635  0.078188   4
  1  0  0.938300  0.060471  0.056977  0.003878   3
  1  0  0.938300  0.190715  0.057326  0.130656   1
  1  0  0.938300  0.011141 -0.006483  0.350111   3
  1  0  0.938300 -0.094870 -0.261924 -0.006339   4
  1  0  0.938300 -0.435239  0.199765  0.324580   6
  1  0  0.938300  0.029169 -0.112760 -0.122601   3
  1  0  0.938300 -0.019490 -0.027804  0.331350   5
  1  0  0.938300  0.119745  0.230701 -0.083988  13
  1  0  0.938300  0.194131  0.236315  0.246989   4
  1  0  0.938300 -0.121074  0.091151  0.340598   2
  1  0  0.938300 -0.021531 -0.266063  0.377659   5
  1  0  0.938300  0.159576  0.117810  0.159383   2
  1  0  0.938300  0.274762 -0.115396  0.206331   7
  1  0  0.938300  0.197083 -0.027030  0.253884   6
  1  0  0.938300  0.094036  0.052903  0.377098   3
  1  0  0.938300  0.097346  0.067928  0.053823   1
  1  0  0.938300 -0.041056 -0.052374  0.543118   3
  1  0  0.938300 -0.226207 -0.162515  0.475829   2
  1  0  0.938300 -0.242576  0.095580  0.204839   4
  1  0  0.938300  0.485004 -0.060001  0.132543   3
  1  0  0.938300  0.175635 -0.097489  0.184536   5
  1  0  0.938300  0.083620  0.071395  0.040739   1
  1  0  0.938300 -0.225084  0.000504  0.193663   4
  1  0  0.938300 -0.227742  0.016925  0.225529   2
  1  0  0.938300 -0.021543 -0.048065  0.045655   1
  1  0  0.938300 -0.237215  0.207590  0.044014   3
  1  0  0.938300 -0.071959 -0.068906  0.190182   5
  1  0  0.938300 -0.165788  0.043180 -0.098700   3
  1  0  0.938300  0.061363 -0.115170  0.127192   3
  1  0  0.938300 -0.030835  0.065036  0.224213   1
  1  0  0.938300  0.319837  0.239217  0.265673   4
  1  0  0.938300  0.441883  0.080681  0.346087   3
  1  0  0.938300  0.022274 -0.152182  0.012924   2
  1  0  0.938300  0.264616 -0.043353  0.432100   4
  1  0  0.938300  0.127169 -0.097352  0.239079   5
  1  0  0.938300 -0.134459  0.081154  0.615147   5
  1  0  0.938300  0.009086 -0.156329 -0.002999   1
  1  0  0.938300 -0.058889  0.329491  0.387494   2
  1  0  0.938300  0.150991  0.297720  0.275016   6
  1  0  0.938300 -0.002583 -0.055993  0.322722   3
  1  0  0.938300 -0.012992 -0.216712  0.403193   4
  1  0  0.938300 -0.252124  0.059629 -0.033544   2
  1  0  0.938300  0.136935 -0.067244  0.392512   2
  1  0  0.938300  0.056944 -0.199780  0.246525   6
  1  0  0.938300 -0.389514  0.135140  0.378643   2
  1  0  0.938300  0.061241  0.101794 -0.013706   1
  1  0  0.938300 -0.216154  0.212266  0.541151   5
  1  0  0.938300  0.151476 -0.118902  0.454505   2
  1  0  0.938300  0.193273 -0.123499  0.551656   3
  1  0  0.938300  0.175245  0.445428  0.200561   2
  1  0  0.938300 -0.078331 -0.162873  0.147378   3
  1  0  0.938300 -0.008687 -0.223938  0.570769   3
  1  0  0.938300 -0.131566 -0.149113  0.224948   3
  1  0  0.938300  0.275638 -0.114665  0.121148   3
  1  0  0.938300 -0.021723  0.064951  0.179979   5
  1  0  0.938300  0.170863  0.119901  0.522682   3
  1  1  0.938300  0.155020  0.116047  0.467630   8
  1  0  0.938300  0.129964 -0.182755  0.041384   1
  1  0  0.938300 -0.006967  0.201059  0.105304   1
  1  0  0.938300  0.013711 -0.228757  0.052933   3
  1  0  0.938300  0.067888  0.075310  0.020514   1
  1  0  0.938300 -0.018568  0.084158  0.044879   1
  1  0  0.938300  0.002307  0.000987  0.038069   4
  1  0  0.938300  0.097070  0.049491  0.345476   5
  1  0  0.938300  0.018706 -0.136568  0.548570   2
  1  0  0.938300  0.009849  0.042236  0.237203   3
  1  0  0.938300 -0.015568 -0.253494  0.107683   2
  1  0  0.938300 -0.128250 -0.020195  0.260487   5
  1  0  0.938300 -0.049378  0.140984  0.416260   4
  1  0  0.938300  0.050741 -0.019803  0.126170   2
  1  0  0.938300 -0.161710 -0.175924  0.125036   4
  1  0  0.938300 -0.123253  0.016698  0.267170   3
  1  0  0.938300 -0.316194 -0.009231  0.231201   5
  1  0  0.938300 -0.132681 -0.040226  0.353818   7
  1  0  0.938300 -0.081941 -0.145811  0.078987   2
  1  0  0.938300  0.195445 -0.245361  0.255166   2
  1  0  0.938300 -0.067191 -0.010683  0.259632   5
  1  0  0.938300  0.299898 -0.058288  0.464151   6
  1  0  0.938300 -0.030602 -0.158196  0.137334   3
  1  0  0.938300 -0.101253  0.040492  0.308958   6
  1  0  0.938300  0.157682  0.293512 -0.085567   2
  1  0  0.938300  0.006573 -0.075849 -0.053185   1
  1  0  0.938300  0.083102 -0.053572  0.095826   1
  1  0  0.938300  0.211910  0.151379  0.399328   2
  1  0  0.938300  0.154625 -0.197939  0.338725   3
  1  0  0.938300 -0.056111 -0.008768  0.481354   3
  1  0  0.938300  0.200074 -0.085976 -0.027950   3
  1  0  0.938300 -0.068211 -0.067589  0.202521   4
  1  0  0.938300  0.076496  0.075900 -0.057696   1
  1  0  0.938300 -0.252965 -0.141715  0.345795   2
  1  0  0.938300 -0.057057 -0.290624  0.304638   4
  1  0  0.938300  0.085578 -0.029089  0.003899   1
  1  1  0.938300  0.230106  0.271368  0.016480  -2
  1  1  0.938300 -0.191976 -0.149879  0.060209  -3
  1  1  0.938300  0.004472 -0.085944  0.312279  -2
  1  1  0.938300 -0.050273  0.254129  0.448506  -1
  1  1  0.938300 -0.258720 -0.044688  0.118286  -4
  1  1  0.938300 -0.052680  0.067999  0.347034  -3
  1  1  0.938300  0.104115 -0.017837  0.552978  -1
  1  1  0.938300  0.029724 -0.059178  0.446373  -1
  1  1  0.938300 -0.103452 -0.213586  0.443218  -4
  1  1  0.938300 -0.089500  0.190925  0.134594  -3
  1  1  0.938300  0.153894 -0.113565  0.332677  -2
  1  1  0.938300 -0.049224  0.072939  0.509808  -1
  1  1  0.938300  0.267253  0.073158  0.207978  -3
  1  1  0.938300  0.104985  0.153318  0.258638  -2
  1  1  0.938300 -0.020785 -0.079981  0.648967  -1
  1  1  0.938300  0.277453  0.288678  0.488754  -3
  1  1  0.938300 -0.225297  0.028205  0.516763  -4
  1  1  0.938300  0.314613  0.293536  0.429362  -2
  1  1  0.938300 -0.122660 -0.138746  0.170535  -5
  1  1  0.938300 -0.196913  0.176193  0.427219  -2
  1  1  0.938300 -0.033197  0.146786 -0.029020  -3
  1  1  0.938300  0.002222 -0.204107  0.203396  -2
  1  1  0.938300  0.051930 -0.025653  0.377129  -1
  1  1  0.938300  0.034789 -0.175197  0.549778  -1
  1  1  0.938300  0.016612  0.249162  0.303841  -4
  1  1  0.938300  0.004464  0.060169  0.561467  -1
  1  1  0.938300 -0.179722 -0.040121  0.247972  -6
  1  1  0.938300 -0.052320  0.080364  0.173536  -2
  1  1  0.938300 -0.087046 -0.049378  0.653790  -1
  1  1  0.938300 -0.093138 -0.094401  0.407185  -3
  1  1  0.938300  0.030167  0.039456  0.067785  -5
  1  1  0.938300 -0.123778  0.394040  0.255047  -4
  1  1  0.938300 -0.179142  0.232830  0.286449  -4
  1  1  0.938300  0.110851 -0.048884  0.587582  -1
  1  1  0.938300 -0.022821  0.047588  0.543384  -1
  1  1  0.938300  0.229644 -0.127263  0.359350  -5
  1  1  0.938300 -0.100864 -0.141812  0.202028  -6
  1  1  0.938300 -0.030232  0.228184  0.488460  -2
  1  1  0.938300  0.395747  0.213368  0.408571  -4
  1  1  0.938300  0.024326 -0.023591  0.676574  -2
  1  1  0.938300 -0.186631 -0.136844  0.328079  -4
  1  1  0.938300  0.154423 -0.241409  0.475056  -3
  1  1  0.938300 -0.287342 -0.051268  0.427150  -9
  1  1  0.938300 -0.034684  0.026645  0.308126  -2
  1  1  0.938300 -0.248402  0.083679  0.196249  -2
  1  1  0.938300 -0.077188  0.108367  0.219906  -3
  1  1  0.938300  0.045532  0.317027  0.426661  -2
  1  1  0.938300 -0.245938 -0.216936  0.124331  -2
  1  1  0.938300  0.061145  0.004151  0.456702  -1
  1  1  0.938300 -0.132972  0.037708  0.130790  -2
  1  1  0.938300 -0.019902  0.015440  0.439204  -1
  1  1  0.938300 -0.071200 -0.022076  0.272176  -4
  1  1  0.938300 -0.225780  0.004581  0.419277  -3
  1  1  0.938300 -0.067664 -0.021623  0.449161  -1
  1  1  0.938300  0.139832  0.046130  0.496469  -5
  1  1  0.938300 -0.036515  0.137150  0.068055  -3
  1  1  0.938300 -0.048662  0.390647  0.449331  -2
  1  1  0.938300  0.174670  0.073483 -0.048419  -4
  1  1  0.938300 -0.106186  0.306307  0.612496  -5
  1  1  0.938300 -0.055529 -0.012154  0.742737  -3
  1  1  0.938300  0.061102 -0.012339  0.379855  -1
  1  1  0.938300 -0.061118 -0.213055  0.386731  -4
  1  1  0.938300 -0.093427  0.177755  0.291405  -5
  1  1  0.938300  0.392260 -0.002590  0.481048  -4
  1  1  0.938300 -0.127166 -0.093724  0.460843  -4
  1  1  0.938300 -0.477228 -0.074634  0.163766  -6
  1  1  0.938300 -0.142520  0.333292  0.197159  -6
  1  1  0.938300  0.136304 -0.298107  0.261194  -5
  1  1  0.938300  0.057203  0.202252  0.058982  -5
  1  1  0.938300 -0.151612 -0.303133  0.239889  -4
  1  1  0.938300 -0.079928  0.034370  0.256367  -4
  1  1  0.938300  0.165436 -0.225988  0.460492  -2
  1  1  0.938300 -0.050002  0.061064  0.508133  -1
  1  1  0.938300 -0.242471 -0.202815  0.331006  -2
  1  1  0.938300 -0.239328  0.130606  0.531214  -3
  1  1  0.938300 -0.328793 -0.019459  0.275773  -2
  1  1  0.938300 -0.168081 -0.114239  0.135167  -2
  1  1  0.938300  0.089312  0.014761  0.145513  -2
  1  1  0.938300 -0.123037  0.214891  0.426345  -5
  1  0  0.938300 -0.373309 -0.270059  0.512696  -6
  1  0  0.938300 -0.028191 -0.182936  0.001229  -3
  1  0  0.938300 -0.084806  0.196060  0.314562  -4
  1  0  0.938300  0.036078 -0.059741  0.252782  -4
  1  0  0.938300  0.131614 -0.081534  0.702519  -1
  1  0  0.938300 -0.031026 -0.050695  0.400897  -1
  1  0  0.938300  0.096198  0.046395  0.174338  -5
  1  0  0.938300  0.075398  0.177880  0.177253  -4
  1  0  0.938300  0.371221  0.023658  0.183145  -2
  1  0  0.938300  0.181361  0.153005  0.469104  -1
  1  0  0.938300  0.124251  0.104205  0.269227  -3
  1  0  0.938300 -0.021738  0.169174  0.452370  -4
  1  0  0.938300 -0.272615  0.055088  0.117943  -5
  1  0  0.938300  0.095354 -0.255079  0.171239  -4
  1  0  0.938300 -0.034894  0.032971  0.288693  -3
  1  0  0.938300  0.146836  0.386238  0.196133  -4
  1  0  0.938300 -0.025569 -0.295591  0.415320  -3
  1  0  0.938300 -0.242339  0.029365  0.084853  -2
  1  0  0.938300 -0.024181 -0.079625  0.593558  -2
  1  0  0.938300  0.048573 -0.002801  0.397876  -2
  1  0  0.938300 -0.269980  0.358903  0.265305  -3
  1  0  0.938300  0.094965  0.063526  0.651343  -1
  1  0  0.938300 -0.098200 -0.333998  0.514529  -5
  1  0  0.938300  0.168675  0.013486  0.426807  -1
  1  0  0.938300 -0.206006 -0.024281  0.393409  -1
  1  0  0.938300  0.226841  0.067955  0.619731  -2
  1  0  0.938300  0.209447 -0.270827  0.526133  -3
  1  0  0.938300 -0.181886 -0.172398  0.297338  -3
  1  0  0.938300  0.060917 -0.004654  0.190450  -2
  1  0  0.938300  0.495368  0.071234  0.571227  -3
  1  0  0.938300  0.133548  0.079122  0.380294  -4
  1  0  0.938300 -0.133899  0.257088  0.300686  -6
  1  0  0.938300  0.183363 -0.081628  0.246578  -5
  1  0  0.938300 -0.055925 -0.014785  0.201302  -2
  1  0  0.938300 -0.121347  0.211262  0.059404  -2
  1  0  0.938300 -0.025796  0.324838  0.255959  -7
  1  0  0.938300 -0.055372  0.122470  0.053941  -4
  1  0  0.938300 -0.146716  0.009258  0.675070  -1
  1  0  0.938300 -0.191744  0.284142  0.344997  -3
  1  0  0.938300  0.452856 -0.169534  0.342848  -3
  1  0  0.938300  0.187266 -0.001005  0.403627  -3
  1  0  0.938300 -0.117985  0.100752  0.426940  -1
  1  0  0.938300  0.059819  0.286177  0.168058  -2
  1  0  0.938300 -0.014462  0.224231  0.333386  -3
  1  0  0.938300 -0.268720  0.215238  0.101180  -6
  1  0  0.938300 -0.256269  0.114641  0.540936  -2
  1  0  0.938300  0.350465 -0.011196  0.352384  -3
  1  0  0.938300 -0.146481  0.140004  0.629897  -3
  1  0  0.938300 -0.099528 -0.227349  0.291173  -5
  1  0  0.938300  0.173546 -0.059425  0.087104  -3
  1  0  0.938300 -0.087593  0.277919  0.352149  -5
  1  0  0.938300 -0.089525  0.166889  0.382342  -8
  1  0  0.938300 -0.187756  0.071650  0.228752  -2
  1  0  0.938300 -0.146453 -0.123009  0.650422  -2
  1  0  0.938300  0.136276 -0.049021  0.344083  -1
  1  0  0.938300 -0.083415  0.215596  0.606414  -4
  1  0  0.938300  0.002253  0.084471 -0.193919  -3
  1  0  0.938300 -0.099232  0.148939  0.332521  -6
  1  0  0.938300 -0.049512 -0.143793  0.395291  -3
  1  0  0.938300 -0.022649  0.072291  0.204790  -2
  1  0  0.938300 -0.204608 -0.018083  0.418142  -2
  1  0  0.938300 -0.186346 -0.124221  0.354800  -2
  1  0  0.938300  0.367858 -0.433949  0.547523  -2
  1  0  0.938300 -0.254565  0.444473  0.237152  -3
  1  0  0.938300 -0.028344  0.407577  0.373743  -2
  1  0  0.938300 -0.320629 -0.128845  0.495013  -2
  1  0  0.938300  0.146816  0.047191  0.346872  -3
  1  0  0.938300 -0.135367  0.171363  0.091087  -3
  1  0  0.938300 -0.275072 -0.005628  0.402636  -2
  1  0  0.938300 -0.029710 -0.151629  0.539176  -1
  1  0  0.938300 -0.063540 -0.012059  0.399912  -3
  1  0  0.938300 -0.061937 -0.130348  0.452645  -1
  1  0  0.938300 -0.024442 -0.235680  0.077690  -2
  1  0  0.938300 -0.158229  0.052646  0.545164  -4
  1  0  0.938300 -0.035984  0.085047  0.512152  -2
  1  0  0.938300 -0.081234 -0.224038  0.509243  -6
  1  0  0.938300  0.044617 -0.192345  0.400598  -2
  1  0  0.938300 -0.107095 -0.466065  0.314714  -4
  1  0  0.938300  0.071866  0.004913  0.537574  -1
  1  0  0.938300  0.112079  0.093298  0.187801  -2
  1  0  0.938300 -0.182441  0.146464  0.249360  -2
  1  0  0.938300 -0.175447 -0.063496  0.086374  -2
  1  0  0.938300  0.223852  0.095908  0.253754  -5
  1  0  0.938300 -0.001559  0.196998  0.372045  -2
  1  0  0.938300  0.039289  0.049852  0.425221  -3
  1  0  0.938300 -0.032636  0.138219  0.220762  -2
  1  0  0.938300  0.117654 -0.026524  0.474706  -2
  1  0  0.938300 -0.103948  0.042278  0.300567  -4
  1  0  0.938300 -0.080454 -0.019080  0.651592  -2
  1  0  0.938300  0.106669  0.363431  0.436801  -4
  1  0  0.938300 -0.031195 -0.050210  0.257621  -4
  1  0  0.938300 -0.002007  0.357655  0.028161  -4
  1  0  0.938300 -0.075065  0.141318  0.316995  -6
  1  0  0.938300  0.121323  0.242836  0.082056  -2
  1  0  0.938300 -0.179583 -0.036044  0.609125  -1
  1  0  0.938300  0.091791  0.235669  0.012592  -4
  1  0  0.938300 -0.015297 -0.064926  0.637622  -3
  1  0  0.938300 -0.047727  0.236038  0.581653  -3
  1  0  0.938300 -0.164673 -0.107578  0.054897  -3
  1  0  0.938300 -0.069967  0.119868  0.458540  -1
  1  0  0.938300 -0.073358 -0.166955  0.535572  -2
  1  0  0.938300  0.165441  0.141309  0.645125  -1
  1  0  0.938300 -0.031860  0.014761  0.526413  -1
  1  0  0.938300 -0.013812 -0.090905  0.443400  -3
  1  0  0.938300 -0.188914 -0.031094 -0.004586  -7
  1  0  0.938300  0.039550 -0.163935  0.699827  -6
  1  0  0.938300 -0.022675 -0.144484  0.499996  -1
  1  0  0.938300 -0.121586 -0.029505  0.345687  -3
  1  0  0.938300  0.144504  0.007105  0.555565  -1
  1  0  0.938300  0.090512 -0.379432  0.397138  -3
  1  0  0.938300  0.158169 -0.185003  0.213315  -2
  1  0  0.938300  0.045680  0.159173  0.295608  -3
  1  0  0.938300  0.044540 -0.019396  0.218528  -3
  1  0  0.938300 -0.144244  0.220554  0.399690  -1
  1  0  0.938300 -0.053561 -0.007771  0.347360  -2
  1  0  0.938300 -0.125727  0.135744  0.487733  -1
  1  0  0.938300 -0.071922  0.146117  0.469532  -5
  1  0  0.938300  0.212245 -0.041913  0.424089  -2