  1  1  0.938300  0.047536 -0.070652  0.479191   2
  1  1  0.938300 -0.065404 -0.049035  0.075251   1
  1  1  0.938300  0.244106  0.017956  0.367360   2
  1  1  0.938300  0.088727 -0.017404  0.056463   1
  1  1  0.938300 -0.184664 -0.281062  0.091522   2
  1  1  0.938300  0.410335 -0.164637  0.378303   3
  1  1  0.938300 -0.011120 -0.083556  0.126299   2
  1  1  0.938300  0.164154 -0.009671  0.722461   4
  1  1  0.938300 -0.057494  0.005626  0.364430   2
  1  1  0.938300  0.016348 -0.125244  0.282897   1
  1  1  0.938300  0.160126 -0.128601  0.210901   2
  1  1  0.938300  0.033852 -0.058212  0.030261   1
  1  1  0.938300  0.021742 -0.002747  0.083469   3
  1  1  0.938300  0.077535  0.068707  0.170343   1
  1  1  0.938300  0.133998 -0.159032  0.163914   4
  1  1  0.938300 -0.038712 -0.099917  0.289073   2
  1  1  0.938300  0.402411  0.054888  0.501275   3
  1  1  0.938300 -0.172726  0.248372  0.234381   3
  1  1  0.938300 -0.065818  0.102192  0.280870   2
  1  1  0.938300  0.022816  0.092207  0.216600   3
  1  1  0.938300  0.066227  0.230457 -0.098198   1
  1  1  0.938300  0.326623  0.022923  0.435122   2
  1  1  0.938300 -0.084197 -0.088642  0.051139   1
  1  1  0.938300 -0.318316 -0.107275  0.218291   2
  1  1  0.938300 -0.060952 -0.136285  0.010602   2
  1  1  0.938300 -0.004265 -0.120236  0.139610   1
  1  1  0.938300 -0.079943  0.009673  0.436765   3
  1  1  0.938300 -0.005396 -0.089245  0.188250   1
  1  1  0.938300 -0.035329 -0.068290  0.621013   2
  1  1  0.938300 -0.009861  0.052283  0.041155   1
  1  1  0.938300 -0.202082  0.047556  0.075488   1
  1  1  0.938300  0.429982  0.060420  0.059464   3
  1  1  0.938300  0.063244  0.291151 -0.093562   2
  1  1  0.938300  0.115840 -0.082010  0.181026   3
  1  1  0.938300 -0.126766  0.199213  0.172967   2
  1  1  0.938300 -0.308958  0.263141  0.246198   3
  1  1  0.938300  0.066343 -0.186043  0.060997   2
  1  1  0.938300 -0.027780 -0.038565 -0.017810   1
  1  1  0.938300 -0.195967  0.032397  0.567980   4
  1  1  0.938300  0.276245  0.299725  0.325972   4
  1  1  0.938300  0.192867  0.130440  0.295137   5
  1  1  0.938300  0.123610  0.173840  0.270734   4
  1  1  0.938300  0.093961  0.304178  0.307338   2
  1  1  0.938300  0.072119  0.103165  0.368686   3
  1  1  0.938300  0.378742  0.172508  0.413238   2
  1  1  0.938300 -0.274954 -0.028028  0.026427   2
  1  1  0.938300 -0.156759 -0.036426  0.227047   4
  1  1  0.938300  0.079633  0.173553  0.040724   1
  1  1  0.938300 -0.123251 -0.046928  0.047905   1
  1  1  0.938300 -0.524287 -0.006829  0.181163   2
  1  1  0.938300  0.506396 -0.164216  0.712954   3
  1  1  0.938300  0.105449 -0.117157 -0.058733   3
  1  1  0.938300 -0.075214 -0.002555  0.405479   4
  1  1  0.938300  0.164109 -0.328637  0.412571   4
  1  1  0.938300 -0.329945  0.120374  0.685602   4
  1  1  0.938300 -0.119998 -0.224072  0.398160   4
  1  1  0.938300  0.049489 -0.176117  0.361994   3
  1  1  0.938300 -0.213634 -0.012881  0.447766   4
  1  1  0.938300 -0.074730  0.020169  0.206082   3
  1  1  0.938300 -0.100541 -0.068532  0.116246   3
  1  1  0.938300 -0.005359 -0.056502  0.279065   2
  1  1  0.938300  0.038231  0.043972 -0.102023   1
  1  1  0.938300 -0.133277  0.312265  0.336711   3
  1  1  0.938300 -0.266543 -0.112440  0.092957   3
  1  1  0.938300 -0.094319 -0.007914  0.009583   1
  1  1  0.938300 -0.111644  0.069999  0.493225   3
  1  1  0.938300 -0.135626 -0.149552  0.150624   3
  1  1  0.938300 -0.024947 -0.148201 -0.061193   1
  1  1  0.938300 -0.028979  0.242384  0.288019   8
  1  1  0.938300  0.196150  0.155191  0.116694   3
  1  1  0.938300 -0.079339 -0.225637  0.083766   2
  1  1  0.938300 -0.113086 -0.510878  0.079523   3
  1  1  0.938300 -0.170829 -0.300478  0.059788   2
  1  1  0.938300 -0.244961  0.051760  0.219649   4
  1  1  0.938300 -0.140094 -0.243005  0.466185   3
  1  1  0.938300 -0.050462  0.014025  0.021255   1
  1  1  0.938300 -0.162282 -0.002279  0.230499   2
  1  1  0.938300 -0.047516  0.052014  0.199307   2
  1  1  0.938300  0.248663  0.112265  0.541175   5
  1  0  0.938300  0.072016  0.060245  0.052958   5
  1  0  0.938300  0.032131 -0.211288  0.069105   5
  1  0  0.938300 -0.144488  0.071907 -0.033172   2
  1  0  0.938300  0.112202  0.158728  0.072475   1
  1  0  0.938300 -0.380265  0.101780  0.571736   2
  1  0  0.938300  0.007592 -0.117919  0.242973   3
  1  0  0.938300 -0.041917  0.149402  0.077402   1
  1  0  0.938300 -0.097753  0.020666  0.633052   2
  1  0  0.938300 -0.002802 -0.130186 -0.060991   1
  1  0  0.938300  0.189456  0.276165  0.409634   3
  1  0  0.938300 -0.155312  0.223657  0.233521   2
  1  0  0.938300 -0.086759  0.070959  0.266124   4
  1  0  0.938300 -0.081783  0.221364  0.504614   3
  1  0  0.938300  0.119466 -0.079631  0.116925   2
  1  0  0.938300  0.296515  0.216222  0.284877   4
  1  0  0.938300  0.060656 -0.028856  0.217910   2
  1  0  0.938300  0.233324  0.204620  0.225171   2
  1  0  0.938300 -0.318346  0.080728  0.021220   8
  1  0  0.938300  0.104745 -0.083095  0.127220   1
  1  0  0.938300 -0.048638 -0.172425  0.401648   3
  1  0  0.938300 -0.226606  0.034666  0.140927   1
  1  0  0.938300  0.111813  0.140385  0.142835   2
  1  0  0.938300 -0.088237  0.108685  0.064981   1
  1  0  0.938300  0.153333  0.071671  0.156354   4
  1  0  0.938300  0.079812 -0.059369  0.228929   2
  1  0  0.938300  0.015086  0.276634  0.355576   3
  1  0  0.938300  0.020098  0.081953  0.589024   7
  1  0  0.938300 -0.309677 -0.082340  0.635478   2
  1  0  0.938300 -0.053556  0.010655  0.432872   2
  1  0  0.938300  0.124088 -0.010020  0.444067   3
  1  0  0.938300  0.080118  0.068581  0.134274   4
  1  0  0.938300  0.037458  0.145251  0.340286   7
  1  0  0.938300  0.581594  0.169116  0.070477   4
  1  0  0.938300 -0.285891  0.140692  0.268789   2
  1  0  0.938300 -0.025174 -0.126769  0.187099   1
  1  0  0.938300  0.032026  0.051982  0.262802   3
  1  0  0.938300  0.232202  0.172685  0.472767   2
  1  0  0.938300  0.223676  0.022837  0.023671   1
  1  0  0.938300  0.171214  0.173295  0.312615   3
  1  0  0.938300 -0.012805 -0.294154  0.452987   3
  1  0  0.938300 -0.091393  0.191701  0.038179   2
  1  0  0.938300  0.129968  0.208096  0.404531   5
  1  0  0.938300  0.037902  0.056196  0.413504   5
  1  0  0.938300  0.036003  0.005312  0.168677   1
  1  0  0.938300 -0.108581  0.076695  0.138432   2
  1  0  0.938300  0.218215  0.014058  0.379155   4
  1  0  0.938300 -0.067306 -0.051401  0.027605   1
  1  0  0.938300  0.219762  0.359506  0.618642   4
  1  0  0.938300 -0.017525  0.057982  0.102412   2
  1  0  0.938300  0.213715 -0.045182 -0.136171   5
  1  0  0.938300 -0.049865 -0.122321  0.059126   1
  1  0  0.938300  0.055955 -0.082758  0.244872   2
  1  0  0.938300  0.097471 -0.449401  0.327005   3
  1  0  0.938300 -0.162003 -0.052598  0.039676   2
  1  0  0.938300 -0.107081  0.129595  0.116362   1
  1  0  0.938300  0.186056  0.257257  0.014943   2
  1  0  0.938300  0.193024 -0.063655  0.027199   1
  1  0  0.938300 -0.115628  0.226533  0.257807   2
  1  0  0.938300  0.048617  0.078102  0.231923   5
  1  0  0.938300 -0.191671 -0.018431  0.422983   4
  1  0  0.938300  0.052082 -0.026895 -0.065372   1
  1  0  0.938300 -0.108619  0.011498 -0.033349   1
  1  0  0.938300 -0.050248  0.051948  0.316178   2
  1  0  0.938300 -0.090642 -0.047805  0.316754   4
  1  0  0.938300 -0.422338 -0.182894  0.073535   6
  1  0  0.938300  0.102234 -0.001719  0.234194   3
  1  0  0.938300 -0.139512 -0.140386 -0.020097   2
  1  0  0.938300 -0.116750 -0.094600 -0.004594   1
  1  0  0.938300 -0.020065 -0.284518  0.162277   3
  1  0  0.938300 -0.067853 -0.052801  0.173452   1
  1  0  0.938300  0.205773 -0.106549  0.489427   4
  1  0  0.938300  0.247341  0.030890 -0.001646   1
  1  0  0.938300 -0.012143  0.225127  0.451731   4
  1  0  0.938300  0.133648  0.009187  0.164829   3
  1  0  0.938300 -0.248551  0.020539  0.302664   2
  1  0  0.938300 -0.128009  0.076795 -0.020851   1
  1  0  0.938300 -0.434015 -0.130647  0.347183   2
  1  0  0.938300 -0.112187 -0.144794 -0.077168   2
  1  0  0.938300 -0.013163 -0.002026  0.327578   5
  1  0  0.938300  0.100904 -0.009008  0.311996   3
  1  0  0.938300 -0.240056  0.070999  0.346538   2
  1  0  0.938300 -0.015825 -0.001756  0.068535   2
  1  0  0.938300 -0.068208 -0.026771 -0.101745   1
  1  0  0.938300  0.187279 -0.096756  0.137984   1
  1  0  0.938300 -0.096094 -0.005598  0.630947   3
  1  0  0.938300 -0.030339  0.018086  0.064989   4
  1  0  0.938300 -0.099319 -0.281861  0.057443   6
  1  0  0.938300 -0.071445 -0.111046 -0.045318   1
  1  0  0.938300 -0.156765 -0.113329  0.721000   4
  1  0  0.938300  0.098516  0.178877 -0.043057   8
  1  0  0.938300 -0.174340 -0.022193  0.179128   3
  1  0  0.938300 -0.190149 -0.405531  0.063415   4
  1  0  0.938300  0.096445 -0.168519  0.193747   1
  1  0  0.938300 -0.063557 -0.237057  0.309308   3
  1  0  0.938300 -0.005043 -0.040751  0.237777   4
  1  0  0.938300 -0.021761  0.072350  0.090327   1
  1  0  0.938300 -0.128551  0.071199 -0.050950   1
  1  0  0.938300 -0.085234 -0.002031  0.018409   2
  1  0  0.938300  0.003405 -0.054119  0.365922   4
  1  0  0.938300 -0.026467 -0.077518 -0.054534   3
  1  0  0.938300  0.220567 -0.073353  0.126205   2
  1  0  0.938300  0.138659  0.036009  0.210981   5
  1  0  0.938300  0.364962 -0.139934  0.365633   3
  1  0  0.938300  0.101618  0.156308 -0.059348   1
  1  0  0.938300 -0.355139  0.148139  0.204979  10
  1  0  0.938300  0.151415  0.000422  0.275372   3
  1  0  0.938300  0.206881 -0.002056  0.116334   2
  1  0  0.938300  0.175747  0.201287  0.522314   6
  1  0  0.938300 -0.026786  0.111216 -0.047131   1
  1  0  0.938300  0.382059  0.085744  0.274306   9
  1  0  0.938300 -0.171958  0.152111  0.341520   3
  1  0  0.938300 -0.122645  0.079776  0.230096   4
  1  0  0.938300 -0.038136  0.057830 -0.045010   2
  1  0  0.938300 -0.310858 -0.002240  0.513942   2
  1  0  0.938300  0.108841  0.029982  0.124060   2
  1  0  0.938300 -0.067434  0.095307  0.101584   1
  1  0  0.938300 -0.035766 -0.017580  0.248944   2
  1  0  0.938300  0.001042 -0.078831  0.078514   1
  1  1  0.938300  0.423747 -0.006495  0.331552  -3
  1  1  0.938300  0.165041 -0.059155  0.288178  -6
  1  1  0.938300  0.040645 -0.033295  0.429489  -1
  1  1  0.938300  0.026064  0.100978  0.416751  -1
  1  1  0.938300  0.145886  0.037327  0.604884  -1
  1  1  0.938300 -0.149265  0.011226  0.364117  -5
  1  1  0.938300 -0.049036  0.313298  0.451240  -4
  1  1  0.938300 -0.069651  0.007260  0.233013 -11
  1  1  0.938300  0.013325 -0.168886  0.041418  -5
  1  1  0.938300 -0.086884  0.022408  0.295783  -3
  1  1  0.938300  0.193429 -0.392950  0.290094  -2
  1  1  0.938300 -0.531374  0.225713  0.145353  -7
  1  1  0.938300  0.192797 -0.075066  0.203799  -2
  1  1  0.938300  0.287469 -0.126138  0.575749  -3
  1  1  0.938300 -0.077913 -0.021032  0.393325  -3
  1  1  0.938300  0.027404  0.017251  0.571120  -1
  1  1  0.938300 -0.171840  0.094750  0.507872  -1
  1  1  0.938300 -0.237849  0.172888  0.444159  -2
  1  1  0.938300  0.032863  0.042569  0.173547  -5
  1  1  0.938300 -0.149667 -0.116186  0.490119  -1
  1  1  0.938300  0.109390 -0.056799  0.231190  -5
  1  1  0.938300  0.261782  0.100110  0.700023  -4
  1  1  0.938300 -0.126687 -0.127847  0.260784  -3
  1  1  0.938300  0.104271 -0.166363  0.094702  -3
  1  1  0.938300 -0.275106  0.146568  0.544444  -4
  1  1  0.938300 -0.176726 -0.026678 -0.011698  -2
  1  1  0.938300 -0.113044 -0.129046  0.321057  -2
  1  1  0.938300 -0.004087  0.370228  0.202638  -2
  1  1  0.938300  0.016000 -0.119109  0.581000  -1
  1  1  0.938300  0.120837  0.139681  0.518498  -1
  1  1  0.938300  0.341232  0.305335  0.341168  -3
  1  1  0.938300 -0.048016  0.333263  0.160952  -3
  1  1  0.938300 -0.172077  0.018030  0.161767  -6
  1  1  0.938300 -0.000370  0.142503  0.406606  -4
  1  1  0.938300 -0.016426  0.046609 -0.074373  -3
  1  1  0.938300  0.043265  0.162526  0.561416  -6
  1  1  0.938300 -0.064229 -0.146896  0.186776  -2
  1  1  0.938300 -0.196489  0.388936  0.014964  -3
  1  1  0.938300  0.116374  0.045564  0.278474  -4
  1  1  0.938300  0.066664 -0.253518  0.007335  -5
  1  1  0.938300 -0.212108 -0.052191  0.055956  -3
  1  1  0.938300  0.410426 -0.064616  0.679273  -2
  1  1  0.938300  0.020252 -0.041062  0.156758  -3
  1  1  0.938300  0.004988  0.078568  0.743173  -1
  1  1  0.938300 -0.023566 -0.081283  0.250358  -4
  1  1  0.938300 -0.029981 -0.031301  0.593198  -2
  1  1  0.938300 -0.071875 -0.114273  0.497614  -1
  1  1  0.938300 -0.028815  0.165898  0.443758  -1
  1  1  0.938300 -0.137603 -0.017844  0.513617  -2
  1  1  0.938300  0.238690 -0.063692  0.072760  -4
  1  1  0.938300 -0.051476 -0.172135  0.201342  -6
  1  1  0.938300 -0.084379 -0.049749  0.581896  -1
  1  1  0.938300 -0.453549  0.076817  0.389134  -3
  1  1  0.938300  0.040607 -0.252458  0.295592  -3
  1  1  0.938300 -0.087520  0.041408  0.559515  -1
  1  1  0.938300  0.455880  0.098622  0.570708  -4
  1  1  0.938300 -0.106447  0.059386 -0.063271  -2
  1  1  0.938300  0.027903  0.163386  0.531814  -1
  1  1  0.938300 -0.140253 -0.212638  0.319786  -2
  1  1  0.938300 -0.026227 -0.249980 -0.076043  -5
  1  1  0.938300  0.036229 -0.103894  0.703727  -1
  1  1  0.938300  0.100450  0.012270  0.412577  -1
  1  1  0.938300  0.005522 -0.011712  0.412799  -2
  1  1  0.938300 -0.156176  0.073938  0.535290  -1
  1  1  0.938300  0.646360  0.003168  0.280073  -4
  1  1  0.938300 -0.038936  0.083143  0.577936  -1
  1  1  0.938300 -0.001125 -0.067156  0.475052  -1
  1  1  0.938300 -0.069884  0.202932  0.377210  -2
  1  1  0.938300 -0.174378 -0.186343  0.340278  -3
  1  1  0.938300 -0.044914  0.031090  0.636998  -1
  1  1  0.938300 -0.049607 -0.011848  0.590442  -1
  1  1  0.938300  0.070370  0.264288  0.620878  -2
  1  1  0.938300 -0.080380 -0.161383  0.536653  -1
  1  1  0.938300  0.203398 -0.006564  0.450593  -1
  1  1  0.938300 -0.035922  0.009155  0.065327  -8
  1  1  0.938300 -0.066826  0.065760  0.348062  -2
  1  1  0.938300 -0.075788 -0.016062  0.113781  -3
  1  1  0.938300  0.706420 -0.404836  0.133112  -4
  1  1  0.938300 -0.167364  0.227705  0.351303  -3
  1  0  0.938300 -0.015570 -0.014269  0.446775  -4
  1  0  0.938300  0.028872 -0.222002  0.323437  -3
  1  0  0.938300  0.062913  0.161514  0.430736  -4
  1  0  0.938300  0.256093 -0.341595  0.322844  -2
  1  0  0.938300  0.235424 -0.070434  0.464630  -2
  1  0  0.938300  0.152289 -0.290973  0.588079  -2
  1  0  0.938300  0.003386 -0.035549  0.219981  -3
  1  0  0.938300 -0.061475  0.392982  0.491536  -5
  1  0  0.938300 -0.039650  0.051513  0.026239  -2
  1  0  0.938300 -0.026774  0.089086  0.707896  -1
  1  0  0.938300 -0.298364 -0.008002  0.342440  -3
  1  0  0.938300  0.070230  0.271932  0.151896  -3
  1  0  0.938300  0.146399 -0.159242  0.203683  -2
  1  0  0.938300 -0.204999 -0.155980  0.740098  -2
  1  0  0.938300 -0.077449  0.035475  0.377692  -1
  1  0  0.938300 -0.066341 -0.218485  0.469386  -4
  1  0  0.938300 -0.153454  0.121664  0.562794  -1
  1  0  0.938300  0.156042  0.012407  0.362056  -1
  1  0  0.938300 -0.005208 -0.148048  0.363374  -1
  1  0  0.938300  0.116376  0.091017  0.098066  -2
  1  0  0.938300 -0.282952  0.138819  0.378744  -2
  1  0  0.938300 -0.223076 -0.003619  0.156859  -2
  1  0  0.938300  0.269473  0.111622  0.469694  -5
  1  0  0.938300  0.013435 -0.027191  0.183921  -5
  1  0  0.938300  0.028237  0.264758  0.055403  -3
  1  0  0.938300  0.010980  0.200104  0.380769  -1
  1  0  0.938300 -0.188517  0.392823  0.169183  -6
  1  0  0.938300  0.158481  0.022195  0.106717  -4
  1  0  0.938300  0.090209  0.174884  0.232729  -3
  1  0  0.938300 -0.256185 -0.070765  0.464116  -3
  1  0  0.938300 -0.020112 -0.134185  0.578339  -1
  1  0  0.938300  0.139213  0.012944  0.296864  -2
  1  0  0.938300 -0.024049 -0.034318  0.614369  -1
  1  0  0.938300  0.028615  0.165056  0.362003  -2
  1  0  0.938300  0.051327 -0.102114  0.349628  -2
  1  0  0.938300  0.123773 -0.007627  0.479346  -1
  1  0  0.938300  0.235918  0.039595  0.162834  -4
  1  0  0.938300 -0.126864  0.198478  0.206097  -3
  1  0  0.938300 -0.020763 -0.095264  0.182412  -2
  1  0  0.938300  0.062120 -0.226137  0.198020  -4
  1  0  0.938300  0.115871  0.117539  0.062126  -2
  1  0  0.938300 -0.210430  0.041547 -0.032176  -3
  1  0  0.938300 -0.149066 -0.012260  0.416817  -3
  1  0  0.938300 -0.032759  0.056561  0.224714  -3
  1  0  0.938300  0.227020 -0.123981  0.478371  -3
  1  0  0.938300  0.058492  0.015214  0.661340  -1
  1  0  0.938300 -0.045821  0.103133  0.229876  -1
  1  0  0.938300 -0.277336 -0.204958  0.453835  -3
  1  0  0.938300 -0.081569 -0.233636  0.238672  -5
  1  0  0.938300 -0.276338 -0.174960  0.179827  -6
  1  0  0.938300 -0.075192 -0.255425  0.240502  -3
  1  0  0.938300 -0.244686 -0.032288  0.618982  -1
  1  0  0.938300 -0.103537 -0.056163  0.278263  -2
  1  0  0.938300 -0.029633 -0.102240  0.557385  -3
  1  0  0.938300  0.247305 -0.051415  0.493882  -1
  1  0  0.938300 -0.099667 -0.028861  0.519550  -2
  1  0  0.938300 -0.202921 -0.012318  0.308302  -5
  1  0  0.938300  0.055167  0.181132  0.399517  -3
  1  0  0.938300 -0.232262 -0.137114  0.833595  -2
  1  0  0.938300  0.027747 -0.479797  0.345894  -2
  1  0  0.938300  0.131185 -0.134602  0.252915  -3
  1  0  0.938300  0.027813  0.051592  0.540697  -1
  1  0  0.938300  0.200643  0.040354  0.275954  -3
  1  0  0.938300  0.315266 -0.285507  0.112285  -2
  1  0  0.938300 -0.032843  0.044317  0.410232  -1
  1  0  0.938300  0.080366 -0.232398  0.237297  -3
  1  0  0.938300 -0.340719  0.212853  0.134455  -3
  1  0  0.938300 -0.348265 -0.101703  0.329849  -2
  1  0  0.938300  0.015225 -0.027252  0.502990  -1
  1  0  0.938300  0.063192  0.012611  0.195005  -2
  1  0  0.938300  0.078583  0.169773  0.607146  -1
  1  0  0.938300 -0.076898  0.029961  0.606179  -2
  1  0  0.938300 -0.201953  0.131418  0.360187  -4
  1  0  0.938300 -0.174034  0.145391  0.485798  -2
  1  0  0.938300 -0.000450  0.188705  0.407782  -2
  1  0  0.938300 -0.070907  0.086455  0.203247  -2
  1  0  0.938300 -0.330340  0.190821  0.080960  -3
  1  0  0.938300  0.097118  0.039170  0.337617  -4
  1  0  0.938300  0.002155 -0.114020  0.638960  -1
  1  0  0.938300 -0.023543  0.069622  0.680596  -2
  1  0  0.938300  0.208669 -0.188388  0.224378  -4
  1  0  0.938300  0.059804  0.162494  0.326235  -1
  1  0  0.938300 -0.063642  0.022184  0.151928  -3
  1  0  0.938300 -0.039472  0.005784  0.757586  -1
  1  0  0.938300 -0.164100 -0.044087  0.321687  -5
  1  0  0.938300  0.175422  0.033197  0.058513  -2
  1  0  0.938300  0.105140  0.131861  0.136442  -4
  1  0  0.938300 -0.065534 -0.159999  0.518629  -5
  1  0  0.938300 -0.103684 -0.212368  0.560756  -4
  1  0  0.938300 -0.055561  0.219245  0.562983  -3
  1  0  0.938300 -0.131819  0.121383  0.392009  -3
  1  0  0.938300  0.089234 -0.238592  0.400299  -5
  1  0  0.938300  0.141710  0.314113  0.247870  -6
  1  0  0.938300  0.168530 -0.026616  0.322843  -6
  1  0  0.938300  0.118661  0.139152  0.460720  -1
  1  0  0.938300  0.219311 -0.024129  0.290123  -5
  1  0  0.938300 -0.138729  0.043540  0.138764  -5
  1  0  0.938300 -0.068883  0.247043  0.188274  -4
  1  0  0.938300 -0.041038  0.086090  0.302132  -3
  1  0  0.938300 -0.046223  0.136982  0.440360  -2
  1  0  0.938300  0.104773  0.295489  0.059463  -3
  1  0  0.938300 -0.311670  0.030714  0.605648  -3
  1  0  0.938300  0.065144 -0.305974  0.699911  -2
  1  0  0.938300  0.012311  0.076045  0.505658  -6
  1  0  0.938300  0.133344 -0.340177  0.351788  -3
  1  0  0.938300 -0.017103  0.209248  0.313656  -7
  1  0  0.938300  0.057798  0.091707  0.484914  -1
  1  0  0.938300  0.156197 -0.156249  0.315405  -3
  1  0  0.938300  0.131482 -0.122052  0.458235  -4
  1  0  0.938300  0.128031  0.126066  0.022660  -2
  1  0  0.938300 -0.121771  0.181613  0.357666  -3
  1  0  0.938300 -0.092654 -0.120387  0.271152  -1
  1  0  0.938300  0.061069  0.190431  0.068904  -3
  1  0  0.938300 -0.084338  0.095178  0.355521  -3
  1  0  0.938300 -0.206269 -0.143988 -0.027501  -3
  1  0  0.938300 -0.004011  0.311772  0.462694  -3
  1  0  0.938300 -0.100557 -0.026651  0.322488  -5
  1  0  0.938300  0.140221 -0.519224  0.299306  -8