  1  1  0.938300  0.129861  0.069610  0.119793   3
  1  1  0.938300  0.071633  0.020708  0.361515   3
  1  1  0.938300  0.196582 -0.247590  0.102504   2
  1  1  0.938300 -0.059332  0.010454  0.041633   1
  1  1  0.938300  0.200772 -0.340232  0.341129   5
  1  1  0.938300 -0.186462  0.064507  0.569726   6
  1  1  0.938300 -0.065121 -0.096324  0.102967   1
  1  1  0.938300 -0.026738  0.073624  0.177781   3
  1  1  0.938300 -0.174930  0.023367  0.121080   3
  1  1  0.938300  0.168731  0.001174  0.160616   3
  1  1  0.938300  0.021210 -0.175476  0.182346   1
  1  1  0.938300  0.076648  0.121588  0.115113   4
  1  1  0.938300 -0.080171 -0.129324  0.030485   1
  1  1  0.938300  0.192253 -0.084797  0.126175   2
  1  1  0.938300 -0.016124  0.100651  0.146781   3
  1  1  0.938300  0.143376  0.272925 -0.066939   4
  1  1  0.938300  0.138071  0.034411  0.054523   1
  1  1  0.938300 -0.040225  0.013780  0.101790   1
  1  1  0.938300  0.074394  0.254480  0.102428   2
  1  1  0.938300  0.036843 -0.123846 -0.148094   4
  1  1  0.938300  0.021743 -0.204113  0.216466   2
  1  1  0.938300  0.022335  0.050985  0.051023   2
  1  1  0.938300 -0.202196 -0.280625  0.378661   2
  1  1  0.938300 -0.212305  0.127474  0.695161   5
  1  1  0.938300  0.110919  0.332009  0.149457   2
  1  1  0.938300 -0.023752  0.412683  0.356663   2
  1  1  0.938300 -0.044977 -0.129605  0.060736   1
  1  1  0.938300  0.082739 -0.031362  0.364741   6
  1  1  0.938300 -0.118874 -0.197493  0.136500   3
  1  1  0.938300 -0.044359 -0.079384 -0.071903   1
  1  1  0.938300 -0.155133  0.082711  0.458131   5
  1  1  0.938300  0.347084  0.140088  0.711088   5
  1  1  0.938300 -0.032488 -0.011415 -0.156402   1
  1  1  0.938300  0.071817  0.266277  0.206816   3
  1  1  0.938300 -0.189200 -0.045770  0.148735   1
  1  1  0.938300 -0.153878 -0.060571  0.208313   3
  1  1  0.938300 -0.074504 -0.037572  0.292364   3
  1  1  0.938300  0.136824 -0.070336  0.113473   1
  1  1  0.938300  0.273476 -0.199487  0.171820   2
  1  1  0.938300 -0.108037  0.080449  0.047948   1
  1  1  0.938300 -0.213011  0.039008  0.436869   4
  1  1  0.938300  0.238056  0.006354  0.205254   4
  1  1  0.938300  0.067402 -0.284306  0.053714   2
  1  1  0.938300 -0.231369 -0.119405  0.097325   6
  1  1  0.938300  0.079716 -0.282739  0.337010   3
  1  1  0.938300  0.191870  0.224405  0.430031   2
  1  1  0.938300 -0.247244  0.094564 -0.083358   3
  1  1  0.938300 -0.025326  0.083733 -0.018782   1
  1  1  0.938300  0.246978 -0.153807  0.229568   8
  1  1  0.938300  0.135342 -0.080253 -0.073535   1
  1  1  0.938300  0.076615  0.168452 -0.128986   6
  1  1  0.938300 -0.018683  0.357548  0.658283   5
  1  1  0.938300  0.345541 -0.093396  0.247607   3
  1  1  0.938300 -0.394073 -0.128050  0.240855   2
  1  1  0.938300  0.101823  0.168756 -0.004257   3
  1  1  0.938300  0.295996  0.201669  0.273322   3
  1  1  0.938300 -0.082283  0.139267  0.450881   4
  1  1  0.938300  0.050915  0.276687  0.503288   2
  1  1  0.938300  0.070938 -0.008200  0.564614   3
  1  1  0.938300 -0.388443 -0.117530  0.297652   2
  1  1  0.938300 -0.093503  0.028305  0.156243   2
  1  1  0.938300  0.186188  0.102849  0.156767   2
  1  1  0.938300 -0.032540  0.101496  0.083077   1
  1  1  0.938300  0.148068 -0.261757  0.228410   2
  1  1  0.938300  0.268764  0.618071 -0.035230   3
  1  1  0.938300  0.081756 -0.140158  0.001948   1
  1  1  0.938300  0.052195 -0.041029  0.024846   1
  1  1  0.938300  0.024932  0.244671 -0.024322   2
  1  1  0.938300 -0.171363 -0.068601 -0.141574   2
  1  1  0.938300 -0.031130 -0.285577  0.229152   3
  1  1  0.938300  0.055287  0.023785  0.130571   2
  1  1  0.938300  0.009902 -0.117915  0.053007   1
  1  1  0.938300  0.319601  0.052515  0.303333   5
  1  1  0.938300  0.131502 -0.171403  0.390262   3
  1  1  0.938300 -0.204306  0.368160  0.005323   3
  1  1  0.938300  0.102905  0.128034  0.264267   3
  1  1  0.938300  0.208866  0.020131 -0.126938   1
  1  1  0.938300 -0.164012 -0.057870  0.419056   4
  1  1  0.938300  0.143450  0.361555  0.132534   4
  1  0  0.938300  0.005358 -0.196004 -0.050116   1
  1  0  0.938300  0.022142 -0.175363  0.085608   5
  1  0  0.938300  0.034913  0.027071  0.282427   2
  1  0  0.938300 -0.498407  0.026859  0.478662   4
  1  0  0.938300 -0.107693  0.159499  0.108860   2
  1  0  0.938300  0.025640  0.019947  0.132872   2
  1  0  0.938300  0.140458  0.108693  0.205117   1
  1  0  0.938300 -0.225711 -0.031472  0.266958   4
  1  0  0.938300  0.120830  0.251840 -0.267018   2
  1  0  0.938300 -0.147733  0.092845  0.332034   3
  1  0  0.938300  0.026430  0.319054  0.219854   2
  1  0  0.938300  0.026776  0.162776  0.107417   1
  1  0  0.938300 -0.191006 -0.343352  0.340004   2
  1  0  0.938300 -0.270170  0.159122  0.049806   3
  1  0  0.938300 -0.034541 -0.019574  0.222942   2
  1  0  0.938300 -0.118373 -0.091969  0.415551   3
  1  0  0.938300  0.195757 -0.101261  0.201625   2
  1  0  0.938300  0.032644  0.065844 -0.006009   3
  1  0  0.938300  0.093447  0.054696  0.355011   5
  1  0  0.938300  0.078537  0.073937  0.127216   3
  1  0  0.938300  0.086697 -0.015439  0.269437   3
  1  0  0.938300  0.103711 -0.102077  0.194696   9
  1  0  0.938300  0.079410  0.176929  0.132808   1
  1  0  0.938300 -0.108040  0.091258  0.262631  10
  1  0  0.938300  0.189437  0.009495 -0.105474   1
  1  0  0.938300  0.241032 -0.088964  0.354486   5
  1  0  0.938300  0.035222  0.175742  0.179582   1
  1  0  0.938300 -0.004364 -0.013747  0.054198   2
  1  0  0.938300  0.126188  0.099175  0.069484   1
  1  0  0.938300  0.054907 -0.346486  0.394074   3
  1  0  0.938300 -0.101556 -0.169913 -0.019287   2
  1  0  0.938300  0.073660  0.125800  0.421788   2
  1  0  0.938300  0.046983  0.046624  0.363649   5
  1  0  0.938300  0.039946 -0.158823  0.051669   2
  1  0  0.938300 -0.096293 -0.071495  0.131294   6
  1  0  0.938300 -0.096967  0.249634  0.123866   4
  1  0  0.938300  0.145845  0.141648  0.206658   1
  1  0  0.938300 -0.121297  0.158059  0.084433   1
  1  0  0.938300  0.025263 -0.138076  0.570350   3
  1  0  0.938300  0.050521 -0.039767  0.114889   4
  1  0  0.938300 -0.005558 -0.190328  0.177882   2
  1  0  0.938300  0.188175 -0.023133  0.055766   1
  1  0  0.938300 -0.038891 -0.148349  0.267738   2
  1  0  0.938300  0.019195 -0.021311  0.099088   7
  1  0  0.938300  0.113878  0.083250 -0.115921   1
  1  0  0.938300  0.066534  0.207843  0.241330   3
  1  0  0.938300  0.075884 -0.063186  0.115992   2
  1  0  0.938300 -0.041542 -0.125352  0.170895   3
  1  0  0.938300  0.015379  0.053218  0.237823   2
  1  0  0.938300  0.231304  0.222539  0.243505   2
  1  0  0.938300 -0.267821  0.222866  0.299426   2
  1  0  0.938300 -0.268232 -0.078769  0.278700   4
  1  0  0.938300 -0.006921  0.100897 -0.099403   1
  1  0  0.938300  0.028911  0.000024  0.328062   4
  1  0  0.938300 -0.076181 -0.013814  0.054776   4
  1  0  0.938300 -0.052162  0.297697  0.110706   2
  1  0  0.938300 -0.010854  0.379363  0.087419   2
  1  0  0.938300  0.357892 -0.213091  0.542869   7
  1  0  0.938300 -0.001849 -0.041372  0.170820   2
  1  0  0.938300  0.154412  0.004055  0.210191   4
  1  0  0.938300 -0.037720 -0.066098 -0.061068   1
  1  0  0.938300  0.008836 -0.202647  0.131990   3
  1  0  0.938300 -0.093098 -0.129051  0.156242   2
  1  0  0.938300  0.158010  0.116925  0.109780   2
  1  0  0.938300  0.300369  0.063368  0.403989   2
  1  0  0.938300  0.071717  0.208458  0.146712   2
  1  0  0.938300 -0.059369 -0.218985  0.071784   2
  1  0  0.938300  0.029460 -0.136102  0.240839   3
  1  0  0.938300  0.257029 -0.174796  0.350250   2
  1  0  0.938300  0.047191  0.130723  0.159000   4
  1  0  0.938300 -0.027178  0.037770  0.282892   2
  1  0  0.938300 -0.217671 -0.042158  0.369154   3
  1  0  0.938300  0.106098 -0.151569  0.279715   1
  1  0  0.938300 -0.144406  0.263948  0.343124   3
  1  0  0.938300 -0.154788 -0.283731  0.269273   2
  1  0  0.938300  0.043964  0.010632  0.196121   1
  1  0  0.938300  0.194926 -0.201999  0.339464   6
  1  0  0.938300 -0.056607 -0.121893  0.378917   3
  1  0  0.938300 -0.104223  0.052901  0.008912   1
  1  0  0.938300 -0.320444 -0.578509  0.032191   2
  1  0  0.938300  0.037340  0.026318  0.188645   7
  1  0  0.938300 -0.126539  0.140471  0.059778   1
  1  0  0.938300 -0.169222  0.000897  0.276678   3
  1  0  0.938300  0.245022  0.033880  0.520699   4
  1  0  0.938300 -0.050575  0.011402  0.452211   2
  1  0  0.938300 -0.393762  0.008734  0.496212   5
  1  0  0.938300  0.073839  0.027278  0.040837   1
  1  0  0.938300  0.008274 -0.012655  0.427415   2
  1  0  0.938300  0.015811  0.158769 -0.067029   2
  1  0  0.938300 -0.187870  0.426593  0.182015   2
  1  0  0.938300  0.009884  0.195392  0.159217   3
  1  0  0.938300  0.083794 -0.081463  0.382141   6
  1  0  0.938300 -0.400725  0.085128  0.348412   5
  1  0  0.938300  0.199487  0.034455  0.498511   4
  1  0  0.938300 -0.413766  0.339748  0.227340   6
  1  0  0.938300 -0.150354 -0.137060  0.473646   5
  1  0  0.938300  0.049283  0.100595 -0.082844   1
  1  0  0.938300 -0.054014 -0.048258 -0.004463   6
  1  0  0.938300  0.230570 -0.142533  0.173755   3
  1  0  0.938300 -0.086721 -0.211987  0.631872   4
  1  0  0.938300 -0.177922  0.263395  0.475667   3
  1  0  0.938300  0.129323 -0.063622  0.133205   2
  1  0  0.938300  0.074749  0.101796  0.226254   5
  1  0  0.938300 -0.294711  0.188157  0.573748   3
  1  0  0.938300  0.044881 -0.163597  0.122107   1
  1  0  0.938300  0.002191 -0.165259  0.394219   4
  1  0  0.938300  0.105888  0.087792  0.248087   3
  1  0  0.938300 -0.046943  0.270971  0.030736   1
  1  0  0.938300  0.092303 -0.252462  0.186075   3
  1  0  0.938300  0.048890  0.179918  0.009103   1
  1  0  0.938300  0.024967  0.065523  0.174483   1
  1  0  0.938300 -0.323347 -0.295712  0.217390   2
  1  0  0.938300 -0.261908 -0.126724  0.065072   4
  1  0  0.938300 -0.010628  0.014668  0.004546   2
  1  0  0.938300 -0.495876 -0.150871  0.274103   5
  1  0  0.938300  0.125876  0.179580  0.136100   1
  1  0  0.938300 -0.049267 -0.172671  0.069272   2
  1  0  0.938300 -0.282264 -0.070609  0.256006   2
  1  1  0.938300 -0.274039 -0.088692  0.420535  -2
  1  1  0.938300 -0.193929  0.020893  0.008311  -6
  1  1  0.938300 -0.082804  0.137725  0.339494  -3
  1  1  0.938300 -0.139321 -0.087410  0.014879  -2
  1  1  0.938300 -0.274462  0.338804  0.192098  -6
  1  1  0.938300  0.152559  0.224323  0.256272  -5
  1  1  0.938300 -0.218185 -0.303856  0.419935  -2
  1  1  0.938300 -0.140885 -0.104727  0.242417  -5
  1  1  0.938300  0.329503 -0.222972  0.100444  -2
  1  1  0.938300  0.029290  0.005439  0.203170  -3
  1  1  0.938300 -0.142652  0.108335  0.247706  -3
  1  1  0.938300 -0.218069  0.204257  0.214873  -3
  1  1  0.938300 -0.027793  0.023258  0.460308  -3
  1  1  0.938300 -0.106301 -0.006699  0.127459  -5
  1  1  0.938300  0.209510 -0.090522 -0.044640  -3
  1  1  0.938300  0.215708  0.482354  0.171009  -3
  1  1  0.938300  0.036192  0.122963  0.489945  -1
  1  1  0.938300  0.054720 -0.009021  0.568753  -1
  1  1  0.938300 -0.018821 -0.157884  0.535872  -1
  1  1  0.938300  0.159534  0.064473  0.235535  -5
  1  1  0.938300 -0.102212  0.047789  0.559922  -5
  1  1  0.938300  0.033852  0.445300  0.437528  -2
  1  1  0.938300  0.006409 -0.065376  0.511955  -1
  1  1  0.938300 -0.080725 -0.004702  0.044407  -4
  1  1  0.938300 -0.064179 -0.154438  0.381917  -7
  1  1  0.938300 -0.174781  0.016204  0.548050  -1
  1  1  0.938300 -0.160204 -0.115516  0.499658  -1
  1  1  0.938300 -0.031768 -0.108169  0.405849  -2
  1  1  0.938300  0.113783 -0.057453  0.459238  -1
  1  1  0.938300  0.271808  0.258841  0.453700  -2
  1  1  0.938300  0.046510 -0.017788  0.047838  -2
  1  1  0.938300  0.206467 -0.022870  0.422121  -3
  1  1  0.938300  0.464253 -0.271184  0.308550  -5
  1  1  0.938300  0.040179  0.053174  0.479452  -1
  1  1  0.938300 -0.174080  0.093404  0.285432  -5
  1  1  0.938300 -0.088431 -0.173319  0.343311  -2
  1  1  0.938300 -0.032207  0.016019  0.698313  -2
  1  1  0.938300  0.507287  0.179827  0.622384  -8
  1  1  0.938300 -0.138473  0.050416  0.404429  -1
  1  1  0.938300 -0.144840 -0.187372  0.264856 -11
  1  1  0.938300 -0.220928  0.260484  0.505680  -4
  1  1  0.938300  0.020585  0.038195  0.528585  -1
  1  1  0.938300 -0.109610 -0.057281  0.678991  -2
  1  1  0.938300  0.082516 -0.377388  0.532840  -3
  1  1  0.938300  0.225839  0.307278  0.245264  -7
  1  1  0.938300 -0.139650  0.071423  0.328093  -4
  1  1  0.938300  0.035992  0.022418  0.441826  -1
  1  1  0.938300 -0.076420 -0.062921  0.330943  -1
  1  1  0.938300  0.160130 -0.239299  0.153755  -5
  1  1  0.938300  0.145424  0.250579 -0.056547  -3
  1  1  0.938300  0.153567  0.117128  0.390143  -4
  1  1  0.938300  0.011026  0.042616  0.340243  -5
  1  1  0.938300  0.214008  0.071553  0.647895  -1
  1  1  0.938300  0.045352 -0.031715  0.362642  -3
  1  1  0.938300  0.214902 -0.163203  0.253175  -7
  1  1  0.938300  0.386659  0.084134  0.359073  -2
  1  1  0.938300 -0.326682  0.094723  0.330479  -2
  1  1  0.938300 -0.205583 -0.085377  0.538036  -2
  1  1  0.938300  0.018358 -0.117861  0.493037  -1
  1  1  0.938300  0.005714  0.136515  0.649941  -2
  1  1  0.938300 -0.003855 -0.255669  0.448495  -3
  1  1  0.938300 -0.097485  0.172973  0.533300  -2
  1  1  0.938300 -0.061470 -0.131382  0.266211  -3
  1  1  0.938300 -0.152059  0.144243  0.023633  -4
  1  1  0.938300 -0.014519 -0.113069  0.334262  -2
  1  1  0.938300  0.216338 -0.154554  0.043026  -8
  1  1  0.938300 -0.040785 -0.020671  0.265775  -3
  1  1  0.938300  0.151466  0.074330  0.018923  -3
  1  1  0.938300  0.102732 -0.255747  0.372346  -3
  1  1  0.938300 -0.115685 -0.209992  0.372069  -4
  1  1  0.938300 -0.133648  0.036191  0.499763  -4
  1  1  0.938300  0.163618  0.068419  0.305867  -2
  1  1  0.938300 -0.167303 -0.137173 -0.060883  -3
  1  1  0.938300  0.076620  0.029742  0.157275  -2
  1  1  0.938300  0.110458  0.328024 -0.020087  -4
  1  1  0.938300  0.109044  0.125292  0.636567  -1
  1  1  0.938300 -0.008757  0.101896  0.555268  -1
  1  1  0.938300 -0.082929  0.235451  0.326022  -2
  1  1  0.938300  0.176563 -0.186906  0.152154  -4
  1  0  0.938300 -0.019171  0.137514  0.584221  -1
  1  0  0.938300  0.100852  0.084281  0.409363  -2
  1  0  0.938300  0.044545  0.254462  0.455275  -7
  1  0  0.938300  0.035560  0.235676  0.323954  -6
  1  0  0.938300  0.000786 -0.054979  0.561541  -1
  1  0  0.938300  0.288264 -0.090668  0.490620  -2
  1  0  0.938300  0.451338 -0.070419  0.497148  -2
  1  0  0.938300  0.051874 -0.010235  0.679850  -1
  1  0  0.938300  0.336908  0.219124  0.274219  -2
  1  0  0.938300 -0.244853  0.027637  0.552678  -2
  1  0  0.938300  0.162339 -0.087785  0.335548  -2
  1  0  0.938300  0.003831  0.161109  0.144512  -3
  1  0  0.938300  0.036014  0.197998  0.368847  -4
  1  0  0.938300 -0.427833 -0.107155  0.461344  -2
  1  0  0.938300  0.186500 -0.188251  0.633556  -2
  1  0  0.938300  0.331961 -0.641514  0.647465  -3
  1  0  0.938300 -0.267182  0.105863  0.296175  -4
  1  0  0.938300  0.234368  0.015966  0.529945  -3
  1  0  0.938300  0.315498 -0.145099  0.170436  -2
  1  0  0.938300  0.436918  0.096171  0.148518  -5
  1  0  0.938300  0.239974  0.073694 -0.081725  -3
  1  0  0.938300 -0.008127 -0.099887  0.188127  -5
  1  0  0.938300  0.251816  0.046396  0.269175  -2
  1  0  0.938300 -0.105747 -0.093233  0.325824  -1
  1  0  0.938300 -0.082511 -0.108400  0.107754  -4
  1  0  0.938300 -0.061178 -0.060754  0.173343  -2
  1  0  0.938300 -0.171322 -0.187556  0.586077  -2
  1  0  0.938300 -0.099178 -0.061176  0.534107  -1
  1  0  0.938300  0.130453 -0.019106  0.478899  -4
  1  0  0.938300 -0.025041  0.215758  0.709467  -4
  1  0  0.938300 -0.274488 -0.118418  0.700249  -3
  1  0  0.938300 -0.066565 -0.171967  0.277236  -4
  1  0  0.938300 -0.096964 -0.024391  0.579528  -1
  1  0  0.938300 -0.011193 -0.159943  0.651437  -5
  1  0  0.938300 -0.282814 -0.014080  0.353816  -2
  1  0  0.938300  0.085491  0.005926  0.181970  -4
  1  0  0.938300  0.164701 -0.244711  0.375037  -7
  1  0  0.938300 -0.283317  0.016067  0.426369  -3
  1  0  0.938300 -0.009438  0.175013  0.543099  -1
  1  0  0.938300  0.021632 -0.225983  0.181645  -3
  1  0  0.938300 -0.142297 -0.233230  0.562549  -5
  1  0  0.938300  0.079769  0.081710  0.409126  -2
  1  0  0.938300  0.088217  0.019624  0.318929  -3
  1  0  0.938300  0.015488  0.088701  0.331464  -1
  1  0  0.938300 -0.061588  0.045343  0.405646  -2
  1  0  0.938300 -0.102423  0.048368  0.133216  -5
  1  0  0.938300  0.455057  0.141092  0.733680  -2
  1  0  0.938300 -0.105969 -0.005484  0.305073  -2
  1  0  0.938300  0.052888  0.012908  0.687502  -1
  1  0  0.938300  0.227803 -0.151818  0.247281  -4
  1  0  0.938300  0.183531 -0.114058  0.167338  -4
  1  0  0.938300 -0.046572 -0.047297  0.292216  -8
  1  0  0.938300 -0.242957  0.386805  0.396900  -9
  1  0  0.938300  0.385184 -0.279605  0.407320  -2
  1  0  0.938300 -0.041969  0.202426  0.326348  -3
  1  0  0.938300 -0.009331 -0.023791  0.446643  -2
  1  0  0.938300 -0.145335  0.195252  0.377751  -4
  1  0  0.938300  0.188505 -0.217612  0.534667  -2
  1  0  0.938300 -0.123111  0.243174  0.209104  -3
  1  0  0.938300 -0.069367  0.003651  0.337390  -1
  1  0  0.938300 -0.122084 -0.150837  0.420364  -2
  1  0  0.938300  0.163631 -0.041512  0.523182  -1
  1  0  0.938300 -0.088746 -0.298933  0.054472  -4
  1  0  0.938300 -0.162179  0.110821  0.378766  -5
  1  0  0.938300 -0.001327 -0.015450  0.768886  -1
  1  0  0.938300  0.068934 -0.009310  0.473213  -1
  1  0  0.938300 -0.059882  0.145073  0.493155  -2
  1  0  0.938300 -0.104413 -0.053012  0.441887  -2
  1  0  0.938300 -0.286784 -0.090089  0.636376  -5
  1  0  0.938300  0.070275 -0.143220  0.300498  -4
  1  0  0.938300  0.106603 -0.231077  0.169938  -7
  1  0  0.938300 -0.028207  0.140387  0.174362  -2
  1  0  0.938300  0.111963  0.017182  0.629688  -1
  1  0  0.938300  0.105042  0.116025  0.060802  -2
  1  0  0.938300 -0.060400  0.191124  0.176200  -4
  1  0  0.938300  0.070168  0.042145  0.348602  -2
  1  0  0.938300 -0.150709 -0.301626  0.099315  -5
  1  0  0.938300  0.006601  0.188368  0.295249  -5
  1  0  0.938300  0.054327  0.220995  0.402831  -4
  1  0  0.938300 -0.000075  0.160646  0.282886  -2
  1  0  0.938300 -0.157375 -0.033029  0.155777  -6
  1  0  0.938300 -0.010696 -0.023881  0.429715  -1
  1  0  0.938300 -0.082455 -0.383476  0.769001  -3
  1  0  0.938300 -0.042920 -0.176084  0.208846  -3
  1  0  0.938300 -0.012833  0.111356  0.197598  -4
  1  0  0.938300  0.169664  0.175518  0.078980  -2
  1  0  0.938300 -0.050448 -0.061513  0.506383  -3
  1  0  0.938300  0.173183 -0.295737  0.413348  -2
  1  0  0.938300  0.513035 -0.248880 -0.168407  -3
  1  0  0.938300 -0.058107  0.022892  0.438543  -1
  1  0  0.938300 -0.193951 -0.072358  0.359778  -7
  1  0  0.938300  0.038811 -0.044438  0.495793  -4
  1  0  0.938300  0.371379  0.115761  0.483629  -3
  1  0  0.938300  0.070782 -0.044447  0.436073  -2
  1  0  0.938300 -0.081839  0.381468  0.374361  -3
  1  0  0.938300  0.042720  0.043801  0.468561  -2
  1  0  0.938300 -0.008773 -0.022730  0.395492  -3
  1  0  0.938300  0.029136 -0.065349  0.484671  -1
  1  0  0.938300 -0.055463  0.056488  0.276687  -2
  1  0  0.938300  0.256244 -0.047223  0.160832  -2
  1  0  0.938300 -0.273603  0.081445  0.462857  -3
  1  0  0.938300 -0.136137 -0.020289  0.512723  -1
  1  0  0.938300 -0.334318 -0.057908  0.161538  -4
  1  0  0.938300  0.276792  0.263941  0.335106  -2
  1  0  0.938300  0.133491  0.165971  0.462722  -3
  1  0  0.938300  0.209682 -0.261103  0.598083  -5
  1  0  0.938300 -0.219993 -0.144085  0.173552  -2
  1  0  0.938300  0.167585  0.074213  0.331778  -2
  1  0  0.938300  0.266835  0.104855  0.244634  -3
  1  0  0.938300 -0.126746  0.284151  0.237140  -2
  1  0  0.938300  0.047440  0.172272  0.301126  -2
  1  0  0.938300 -0.003502 -0.013796  0.348638  -2
  1  0  0.938300  0.058373 -0.167410  0.310719  -4
  1  0  0.938300  0.088001 -0.182584  0.548632  -1
  1  0  0.938300 -0.110500 -0.067488  0.593923  -2
  1  0  0.938300  0.028289  0.145378  0.458477  -1
  1  0  0.938300  0.327482  0.091949 -0.044664  -8
  1  0  0.938300  0.034154 -0.229344  0.406117  -2