  1  1  0.938300 -0.125755  0.313155  0.415908   3
  1  1  0.938300 -0.297609  0.042643  0.260345   2
  1  1  0.938300  0.166692  0.153713  0.584567   3
  1  1  0.938300  0.046544 -0.097179  0.440470   2
  1  1  0.938300  0.421348 -0.139065  0.281580   2
  1  1  0.938300  0.235119 -0.032518  0.336871   2
  1  1  0.938300  0.135045 -0.111325  0.071819   1
  1  1  0.938300 -0.308892 -0.324892  0.427213   2
  1  1  0.938300  0.158799  0.011388  0.069572   1
  1  1  0.938300  0.040609  0.027498  0.495850   2
  1  1  0.938300  0.029963 -0.139677  0.115614   2
  1  1  0.938300 -0.126172 -0.121846  0.137319   4
  1  1  0.938300 -0.000414  0.039720 -0.096719   1
  1  1  0.938300 -0.185858  0.161887  0.319459   2
  1  1  0.938300  0.026845 -0.006021  0.116110   5
  1  1  0.938300 -0.048645 -0.021777 -0.062428   1
  1  1  0.938300 -0.038786 -0.047135  0.101809   2
  1  1  0.938300  0.281156  0.077140  0.099657   2
  1  1  0.938300  0.009793  0.124312  0.205024   4
  1  1  0.938300  0.083494 -0.115501  0.421784   4
  1  1  0.938300 -0.072094 -0.035686 -0.073230   2
  1  1  0.938300 -0.000605 -0.092439  0.489792   3
  1  1  0.938300 -0.185699  0.224131  0.078621   3
  1  1  0.938300  0.106956  0.105722 -0.015671   1
  1  1  0.938300  0.181569  0.290299  0.345735   3
  1  1  0.938300  0.050574 -0.099373 -0.078993   3
  1  1  0.938300 -0.062397 -0.148400  0.276971   2
  1  1  0.938300  0.384308 -0.059469  0.309502   3
  1  1  0.938300  0.061350 -0.010306  0.030902   2
  1  1  0.938300  0.263985 -0.252111  0.086698   4
  1  1  0.938300  0.277424 -0.086432 -0.001576   2
  1  1  0.938300 -0.069153  0.145461  0.639122   4
  1  1  0.938300 -0.008356 -0.055926  0.038609   2
  1  1  0.938300 -0.014853 -0.162919  0.516730   3
  1  1  0.938300 -0.129581 -0.073710 -0.047547   5
  1  1  0.938300 -0.071148  0.269255  0.201984   4
  1  1  0.938300 -0.075935 -0.146324  0.194871   2
  1  1  0.938300  0.042738  0.168653  0.335826   2
  1  1  0.938300  0.197799 -0.366858  0.215203   3
  1  1  0.938300  0.106740  0.004929  0.045314   2
  1  1  0.938300  0.142144  0.192009  0.364561   3
  1  1  0.938300 -0.568604  0.304689  0.495083   7
  1  1  0.938300  0.406486 -0.227876  0.145769   2
  1  1  0.938300 -0.031886 -0.093993 -0.063831   1
  1  1  0.938300 -0.015820 -0.173704  0.018640   1
  1  1  0.938300 -0.383234 -0.136703  0.439971   2
  1  1  0.938300  0.077765 -0.109047  0.194888   2
  1  1  0.938300 -0.101683  0.315135  0.160419   5
  1  1  0.938300  0.124133 -0.002663  0.378877   4
  1  1  0.938300 -0.218478  0.367827  0.406941   3
  1  1  0.938300  0.135446 -0.001237 -0.021600   1
  1  1  0.938300 -0.083810 -0.145247  0.359361   3
  1  1  0.938300  0.045116 -0.161271 -0.021383   1
  1  1  0.938300 -0.089214 -0.120325  0.251693   2
  1  1  0.938300 -0.017107 -0.150772  0.714949   4
  1  1  0.938300 -0.196035  0.247381  0.197013   3
  1  1  0.938300  0.394119  0.399280  0.685110   5
  1  1  0.938300 -0.051676 -0.107896 -0.028169   1
  1  1  0.938300 -0.079746  0.004007  0.250801   2
  1  1  0.938300 -0.065234  0.285699  0.045094   3
  1  1  0.938300  0.175117 -0.031270  0.158312   3
  1  1  0.938300  0.222326 -0.338283  0.330226   7
  1  1  0.938300  0.011236 -0.010045  0.038011   1
  1  1  0.938300  0.143171  0.134538  0.076407   1
  1  1  0.938300  0.028882  0.084859 -0.028942   1
  1  1  0.938300  0.172389 -0.071146  0.440162   2
  1  1  0.938300 -0.139258 -0.398170  0.283659   3
  1  1  0.938300  0.150197  0.275259  0.318329   3
  1  1  0.938300  0.138997  0.105722  0.091776   4
  1  1  0.938300  0.399022 -0.299096  0.156298   3
  1  1  0.938300 -0.174382 -0.124033  0.327061   2
  1  1  0.938300 -0.065250 -0.107544  0.274791   2
  1  1  0.938300  0.510290  0.114165  0.115148   3
  1  1  0.938300  0.102612  0.426686  0.208439   2
  1  1  0.938300 -0.139289 -0.037706  0.035789   1
  1  1  0.938300  0.120119 -0.008754  0.796864   3
  1  1  0.938300  0.206430  0.242373  0.202708   2
  1  1  0.938300 -0.025171 -0.114612  0.135255   1
  1  1  0.938300  0.119074  0.079214 -0.118905   1
  1  0  0.938300  0.055804  0.178609  0.435746   2
  1  0  0.938300 -0.049791 -0.188451  0.149793   3
  1  0  0.938300  0.005646 -0.256753  0.258648   5
  1  0  0.938300 -0.020100 -0.134947  0.223629   1
  1  0  0.938300 -0.175021 -0.000538  0.277793   2
  1  0  0.938300  0.007382  0.297929  0.164875   5
  1  0  0.938300  0.200625 -0.215488  0.318601   2
  1  0  0.938300 -0.056308  0.009332  0.029183   4
  1  0  0.938300 -0.179305 -0.036368  0.102660   2
  1  0  0.938300  0.123619 -0.224750  0.181999   4
  1  0  0.938300  0.108257 -0.165549  0.132832   4
  1  0  0.938300 -0.162156  0.293740  0.088884   3
  1  0  0.938300 -0.289012 -0.252339  0.440809   3
  1  0  0.938300  0.282908  0.233787  0.498140   2
  1  0  0.938300  0.064732  0.177672  0.401651   4
  1  0  0.938300  0.318039  0.101283  0.525631   2
  1  0  0.938300 -0.087054  0.131023 -0.008537   1
  1  0  0.938300  0.143517  0.185912  0.586883   4
  1  0  0.938300  0.152508 -0.155047  0.383810   7
  1  0  0.938300 -0.202761  0.069010  0.038551   1
  1  0  0.938300 -0.435429 -0.028890  0.425115   3
  1  0  0.938300  0.136839  0.152870  0.260179   4
  1  0  0.938300 -0.115003  0.111709  0.198711   1
  1  0  0.938300  0.080171  0.200431  0.157275   2
  1  0  0.938300 -0.029263  0.084915  0.279997   5
  1  0  0.938300  0.159559 -0.144311  0.654973   5
  1  0  0.938300 -0.157150  0.020457 -0.072787   2
  1  0  0.938300 -0.182839  0.256417  0.575877   3
  1  0  0.938300  0.069173  0.090573  0.204349   4
  1  0  0.938300 -0.005415  0.039400  0.265029   5
  1  0  0.938300 -0.088542  0.075837  0.242264   7
  1  0  0.938300 -0.075646 -0.001255  0.083270   1
  1  0  0.938300  0.002696 -0.157534 -0.001387   1
  1  0  0.938300  0.097734  0.283650  0.108627   3
  1  0  0.938300 -0.094857 -0.209331  0.266656   4
  1  0  0.938300  0.131733  0.039853  0.129825   1
  1  0  0.938300 -0.064115 -0.048254  0.333320   4
  1  0  0.938300  0.292130  0.085995  0.064336   5
  1  0  0.938300 -0.295357 -0.135707  0.299948   2
  1  0  0.938300  0.034619 -0.170367  0.087894   3
  1  0  0.938300  0.011178 -0.163084  0.006008   1
  1  0  0.938300 -0.161202  0.111014  0.084964   4
  1  0  0.938300 -0.036253  0.016557  0.341132   1
  1  0  0.938300  0.030390 -0.007824  0.609696   4
  1  0  0.938300 -0.016278 -0.378045  0.083552   7
  1  0  0.938300 -0.244751  0.171935  0.040932   4
  1  0  0.938300 -0.279741 -0.109967  0.292585   6
  1  0  0.938300 -0.098071  0.095845  0.131957   1
  1  0  0.938300  0.026717  0.077296  0.175119   4
  1  0  0.938300  0.062462  0.086680 -0.040919   1
  1  0  0.938300 -0.002263 -0.116767  0.103334   1
  1  0  0.938300 -0.009830 -0.155489  0.054208   1
  1  0  0.938300  0.038452  0.133590  0.139094   2
  1  0  0.938300  0.185269  0.120994  0.159746   2
  1  0  0.938300 -0.061261 -0.069584  0.179609   5
  1  0  0.938300 -0.108558 -0.061946  0.142387   1
  1  0  0.938300 -0.027380 -0.072596  0.024719   1
  1  0  0.938300 -0.066728  0.205004  0.445653   4
  1  0  0.938300 -0.436812 -0.203645  0.291950   2
  1  0  0.938300  0.179435 -0.193574  0.152204   2
  1  0  0.938300 -0.001004  0.153875  0.353994   2
  1  0  0.938300 -0.172178  0.273383  0.385470   4
  1  0  0.938300 -0.058823  0.075175  0.145559   2
  1  0  0.938300 -0.220064 -0.179025  0.147449   1
  1  0  0.938300  0.037760 -0.062925  0.450390   4
  1  0  0.938300  0.070738  0.169581  0.219704   3
  1  0  0.938300 -0.193678 -0.113292  0.585695   3
  1  0  0.938300 -0.070124  0.034218  0.150583   2
  1  0  0.938300 -0.057982  0.050801  0.162288   2
  1  0  0.938300  0.170151 -0.130894  0.111085   2
  1  0  0.938300  0.040396 -0.024268  0.284942   1
  1  0  0.938300  0.120347 -0.091869  0.128049   7
  1  0  0.938300 -0.180808  0.189352  0.358871   3
  1  0  0.938300  0.029913  0.205072  0.125079   5
  1  0  0.938300  0.150421  0.129374  0.216054   1
  1  0  0.938300 -0.045145 -0.073992 -0.011609   1
  1  0  0.938300  0.053785 -0.036139  0.296055   3
  1  0  0.938300  0.038186 -0.184967  0.395390   5
  1  0  0.938300  0.038220  0.115248 -0.015036   1
  1  0  0.938300  0.094525 -0.002063  0.032547   1
  1  0  0.938300 -0.009665  0.107651  0.074721   1
  1  0  0.938300 -0.230965  0.023852  0.281431   2
  1  0  0.938300  0.062935  0.308498  0.439517   3
  1  0  0.938300  0.050201 -0.174436  0.206441   3
  1  0  0.938300  0.045079 -0.142547  0.130253   2
  1  0  0.938300 -0.054165 -0.076028  0.080211   2
  1  0  0.938300 -0.030237  0.220017  0.157056   1
  1  0  0.938300  0.009270 -0.191685  0.057492   3
  1  0  0.938300 -0.036875  0.149345  0.281711   2
  1  0  0.938300  0.072027 -0.025839 -0.117728   1
  1  0  0.938300 -0.000241  0.358081  0.566662   2
  1  0  0.938300  0.216007  0.094335  0.073391   4
  1  0  0.938300 -0.260288  0.057239  0.203935   2
  1  0  0.938300 -0.013572  0.015911  0.047509   1
  1  0  0.938300  0.183905 -0.099764 -0.120834   2
  1  0  0.938300 -0.135583  0.088997  0.149429   1
  1  0  0.938300 -0.212671 -0.050765  0.135648   3
  1  0  0.938300 -0.299255  0.020067  0.152644   2
  1  0  0.938300  0.103114  0.145570  0.375730   6
  1  0  0.938300  0.092171  0.025948  0.285840   2
  1  0  0.938300 -0.057797  0.010204  0.091641   1
  1  0  0.938300 -0.178150 -0.081773  0.128188   1
  1  0  0.938300  0.078012 -0.028054  0.133989   4
  1  0  0.938300  0.286899  0.127404  0.036982   4
  1  0  0.938300 -0.066514  0.018760  0.299903   3
  1  0  0.938300  0.094579 -0.088518  0.122688   1
  1  0  0.938300 -0.198955 -0.188062  0.243861   4
  1  0  0.938300  0.013975  0.049773  0.310962   3
  1  0  0.938300 -0.019139  0.144191  0.444738   2
  1  0  0.938300  0.127446  0.262128  0.078577   5
  1  0  0.938300  0.021980 -0.103497  0.156900   4
  1  0  0.938300 -0.006862 -0.211518 -0.013430   1
  1  0  0.938300 -0.136748  0.050008  0.387154   4
  1  0  0.938300 -0.052520  0.119319  0.364656   3
  1  0  0.938300 -0.123522  0.046024  0.038550   1
  1  0  0.938300 -0.035896 -0.046729  0.224338   1
  1  0  0.938300 -0.149651  0.010388 -0.074710   1
  1  0  0.938300  0.038310  0.132561  0.184407   1
  1  1  0.938300  0.251227  0.317351  0.224496  -6
  1  1  0.938300 -0.537756  0.100287  0.301220  -6
  1  1  0.938300  0.016047 -0.060506  0.154113  -2
  1  1  0.938300 -0.054908  0.154268  0.432183  -2
  1  1  0.938300  0.191909 -0.104676  0.630759  -6
  1  1  0.938300 -0.254941  0.002117  0.201410  -3
  1  1  0.938300 -0.346117  0.042139  0.515339  -2
  1  1  0.938300 -0.007606 -0.104582  0.541843  -1
  1  1  0.938300  0.085707 -0.051118  0.447920  -1
  1  1  0.938300 -0.187451 -0.355789  0.306367  -3
  1  1  0.938300  0.115241 -0.199856  0.501598  -2
  1  1  0.938300  0.043227 -0.036701  0.537159  -3
  1  1  0.938300  0.131104  0.321850  0.389536  -2
  1  1  0.938300  0.240076  0.035910  0.301857  -4
  1  1  0.938300 -0.111496  0.126771  0.302089  -2
  1  1  0.938300  0.138181 -0.006869  0.556777  -2
  1  1  0.938300  0.021325 -0.176682  0.284612  -2
  1  1  0.938300  0.145830 -0.090212  0.234487  -3
  1  1  0.938300 -0.198701  0.104783  0.317758  -3
  1  1  0.938300  0.032858 -0.009352  0.517548  -1
  1  1  0.938300 -0.132763 -0.079865  0.265485  -3
  1  1  0.938300 -0.068872  0.078661  0.328238  -1
  1  1  0.938300 -0.224614  0.313824 -0.054588  -2
  1  1  0.938300 -0.215358  0.292429  0.328875  -2
  1  1  0.938300 -0.413669 -0.033429  0.661963  -2
  1  1  0.938300  0.088698  0.030032  0.397278  -3
  1  1  0.938300 -0.172090 -0.006236  0.263307  -2
  1  1  0.938300  0.087022 -0.101026  0.369419  -2
  1  1  0.938300 -0.045622  0.048594  0.433060  -1
  1  1  0.938300 -0.272340 -0.136074  0.514338  -7
  1  1  0.938300 -0.024288 -0.149761  0.260170  -3
  1  1  0.938300  0.025141  0.083520  0.303290  -1
  1  1  0.938300  0.153896 -0.024149  0.302670  -2
  1  1  0.938300  0.007622 -0.278972  0.293919  -2
  1  1  0.938300  0.080640  0.253191  0.388138  -5
  1  1  0.938300  0.130425  0.153936  0.230750  -3
  1  1  0.938300  0.055214  0.195652  0.109002  -3
  1  1  0.938300 -0.185367 -0.014922  0.145207  -4
  1  1  0.938300 -0.406653  0.095616  0.652531  -3
  1  1  0.938300  0.000352 -0.017240  0.211396  -5
  1  1  0.938300  0.032478 -0.095041  0.370344  -3
  1  1  0.938300  0.280120  0.160532  0.136820  -5
  1  1  0.938300  0.125394  0.047504  0.138321  -3
  1  1  0.938300  0.040144  0.009734  0.178751  -1
  1  1  0.938300  0.077698 -0.083146  0.545064  -1
  1  1  0.938300  0.002523  0.025826  0.554491  -1
  1  1  0.938300  0.304186  0.160622  0.134476  -4
  1  1  0.938300 -0.084952 -0.077369  0.210205  -2
  1  1  0.938300  0.000780  0.044488  0.317620  -2
  1  1  0.938300  0.035459 -0.205399  0.461717  -4
  1  1  0.938300  0.231487  0.066537  0.438102  -3
  1  1  0.938300  0.021694  0.266739  0.358416  -5
  1  1  0.938300  0.114393 -0.059989  0.581710  -1
  1  1  0.938300  0.062584 -0.219442  0.303549  -2
  1  1  0.938300  0.037253 -0.086466  0.447483  -2
  1  1  0.938300 -0.268968  0.134909  0.471312  -2
  1  1  0.938300  0.181681  0.020212  0.534637  -1
  1  1  0.938300  0.231778 -0.037289  0.097678  -6
  1  1  0.938300  0.044738  0.021227  0.507672  -3
  1  1  0.938300  0.132008 -0.245167  0.263652  -2
  1  1  0.938300  0.148447  0.059309  0.516941  -1
  1  1  0.938300  0.188199  0.037320  0.542877  -1
  1  1  0.938300 -0.330147 -0.219640  0.548779  -3
  1  1  0.938300 -0.008240  0.092456  0.090476  -6
  1  1  0.938300 -0.093713  0.013133  0.346212  -2
  1  1  0.938300  0.068941 -0.270961  0.191323  -5
  1  1  0.938300 -0.124695  0.116284  0.548553  -2
  1  1  0.938300 -0.074187 -0.024822  0.604630  -3
  1  1  0.938300  0.050452  0.114520  0.097529  -4
  1  1  0.938300 -0.096550  0.283422  0.222571  -2
  1  1  0.938300  0.329485 -0.383441  0.297421  -3
  1  1  0.938300  0.058078 -0.111341  0.241093  -2
  1  1  0.938300  0.067028 -0.188601  0.277005  -3
  1  1  0.938300  0.015360 -0.069942  0.530901  -3
  1  1  0.938300 -0.069285  0.035232  0.279819  -4
  1  1  0.938300 -0.120428 -0.049399  0.602825  -2
  1  1  0.938300 -0.043323  0.226576  0.529252  -4
  1  1  0.938300 -0.105871  0.024053  0.449655  -1
  1  1  0.938300 -0.041760  0.082898  0.087331  -2
  1  0  0.938300  0.114257  0.086317  0.634472  -1
  1  0  0.938300  0.157469 -0.023363  0.121732  -2
  1  0  0.938300  0.081059 -0.002481  0.586996  -1
  1  0  0.938300 -0.213304 -0.097015  0.168680  -4
  1  0  0.938300  0.179078  0.256235  0.116179  -3
  1  0  0.938300 -0.233127  0.018350  0.616713  -6
  1  0  0.938300 -0.109797  0.034963  0.608660  -1
  1  0  0.938300 -0.003389  0.157083  0.228550  -5
  1  0  0.938300  0.060812  0.079972  0.508363  -1
  1  0  0.938300  0.033941  0.029649  0.635095  -1
  1  0  0.938300  0.047370  0.021878  0.325082  -5
  1  0  0.938300  0.135699  0.151270  0.412151  -3
  1  0  0.938300 -0.284674 -0.147195  0.416752  -3
  1  0  0.938300  0.005472  0.113580  0.484818  -1
  1  0  0.938300  0.105686  0.080024  0.471104  -2
  1  0  0.938300 -0.037189 -0.156477  0.048703  -7
  1  0  0.938300 -0.195787 -0.005798  0.415189  -4
  1  0  0.938300 -0.019727 -0.044954  0.454965  -2
  1  0  0.938300 -0.267961  0.286477  0.261298  -4
  1  0  0.938300  0.155151 -0.051959  0.316222  -3
  1  0  0.938300 -0.276042  0.081893  0.312941  -5
  1  0  0.938300  0.035495  0.188961  0.398862  -1
  1  0  0.938300 -0.120692  0.045239  0.441093  -5
  1  0  0.938300 -0.063977  0.067673  0.306006  -2
  1  0  0.938300 -0.055038  0.071546  0.438276  -1
  1  0  0.938300 -0.129730 -0.216271  0.462716  -4
  1  0  0.938300  0.168806 -0.295823  0.222198  -3
  1  0  0.938300 -0.082959  0.128295  0.424272  -3
  1  0  0.938300 -0.041440  0.115019  0.121856  -5
  1  0  0.938300 -0.168511  0.235721  0.199800  -3
  1  0  0.938300 -0.025963 -0.153585  0.287498  -4
  1  0  0.938300  0.061979  0.012789  0.149887  -3
  1  0  0.938300 -0.167019  0.037157  0.416860  -2
  1  0  0.938300 -0.041898  0.419011  0.298817  -3
  1  0  0.938300  0.042740 -0.021795  0.209071  -1
  1  0  0.938300  0.191447  0.080187  0.109345  -2
  1  0  0.938300  0.015742  0.178816  0.235728  -3
  1  0  0.938300  0.331961 -0.103924  0.408802  -3
  1  0  0.938300 -0.125939 -0.257205  0.453516  -2
  1  0  0.938300 -0.080965 -0.070004  0.309827  -2
  1  0  0.938300 -0.114548 -0.090231  0.413576  -3
  1  0  0.938300 -0.066768  0.075682  0.475640  -2
  1  0  0.938300  0.196087 -0.162519  0.145975  -4
  1  0  0.938300  0.026539  0.086312  0.598470  -1
  1  0  0.938300 -0.133202 -0.031374  0.191880  -3
  1  0  0.938300  0.152356  0.277339  0.087651  -4
  1  0  0.938300 -0.219514  0.050354  0.534277  -1
  1  0  0.938300 -0.025646  0.033573  0.472458  -1
  1  0  0.938300  0.132943 -0.186300  0.220100  -3
  1  0  0.938300  0.124356  0.056306  0.331133  -1
  1  0  0.938300  0.003756  0.148526  0.436010  -1
  1  0  0.938300 -0.064331 -0.260647  0.535952  -2
  1  0  0.938300 -0.056690 -0.034736  0.083854  -3
  1  0  0.938300  0.049817  0.110972  0.230599  -3
  1  0  0.938300  0.183976  0.082124  0.215932  -4
  1  0  0.938300 -0.223404 -0.126239  0.345975  -4
  1  0  0.938300 -0.125021 -0.098045  0.207453  -3
  1  0  0.938300  0.155583 -0.171839  0.040411  -3
  1  0  0.938300 -0.267939 -0.034394  0.409975  -7
  1  0  0.938300 -0.125486  0.193368  0.451501  -2
  1  0  0.938300  0.038506 -0.072813  0.678651  -1
  1  0  0.938300 -0.086720  0.043503  0.048635  -7
  1  0  0.938300 -0.070103  0.035448  0.460049  -1
  1  0  0.938300 -0.187746  0.029616  0.380369  -8
  1  0  0.938300  0.071841  0.294455  0.158279  -2
  1  0  0.938300  0.215733 -0.145906  0.455406  -3
  1  0  0.938300  0.224021  0.315586  0.309242  -8
  1  0  0.938300  0.234368 -0.385899  0.272901  -2
  1  0  0.938300  0.367138 -0.111589  0.790058  -3
  1  0  0.938300  0.066738 -0.064984  0.541962  -1
  1  0  0.938300 -0.039451  0.026324  0.607171  -1
  1  0  0.938300 -0.183368 -0.072946  0.349122  -3
  1  0  0.938300 -0.138462  0.025128  0.233077  -6
  1  0  0.938300  0.149215  0.109549  0.254387  -4
  1  0  0.938300  0.045753  0.240885  0.169466  -2
  1  0  0.938300  0.076093  0.092812  0.434846  -2
  1  0  0.938300 -0.021233 -0.022745  0.514840  -1
  1  0  0.938300  0.012157 -0.180732  0.288004  -2
  1  0  0.938300  0.083364 -0.048691  0.276151  -1
  1  0  0.938300 -0.247248  0.019331  0.588117  -4
  1  0  0.938300 -0.021911 -0.083553  0.646816  -3
  1  0  0.938300 -0.102811 -0.101216  0.117547  -7
  1  0  0.938300  0.119218  0.175174  0.170518  -3
  1  0  0.938300 -0.156597  0.143596  0.282324  -2
  1  0  0.938300  0.095179 -0.010865  0.290282  -2
  1  0  0.938300  0.220961  0.141448  0.457881  -3
  1  0  0.938300 -0.025868 -0.018797  0.469756  -1
  1  0  0.938300  0.112032 -0.025738  0.265119  -2
  1  0  0.938300  0.051551  0.080683  0.409459  -1
  1  0  0.938300 -0.035470 -0.145295  0.330067  -2
  1  0  0.938300  0.195052 -0.043987  0.463296  -3
  1  0  0.938300 -0.062578 -0.356319  0.251388  -2
  1  0  0.938300 -0.034834 -0.134869  0.219489  -1
  1  0  0.938300 -0.235808  0.300284  0.069581  -5
  1  0  0.938300 -0.029146 -0.300428  0.192946  -2
  1  0  0.938300  0.118890  0.036232  0.240400  -9
  1  0  0.938300 -0.230522 -0.104965  0.075580  -2
  1  0  0.938300  0.016628 -0.245524  0.317647  -2
  1  0  0.938300 -0.031530 -0.167732  0.416807  -1
  1  0  0.938300  0.205418  0.341339  0.434394  -3
  1  0  0.938300  0.008517 -0.124039  0.240711  -2
  1  0  0.938300 -0.378467 -0.067337  0.239962  -8
  1  0  0.938300  0.002056  0.028086  0.425772  -3
  1  0  0.938300 -0.145251  0.011165  0.204725  -5
  1  0  0.938300  0.207581 -0.177387  0.162634  -2
  1  0  0.938300  0.044359 -0.091570  0.487636  -1
  1  0  0.938300  0.134625 -0.113928  0.592512  -2
  1  0  0.938300 -0.029649 -0.123496  0.223859  -4
  1  0  0.938300  0.119669 -0.137248  0.393996  -3
  1  0  0.938300 -0.037941  0.063328  0.348622  -2
  1  0  0.938300 -0.230532 -0.192524  0.229036  -2
  1  0  0.938300 -0.036907  0.248501  0.170948  -3
  1  0  0.938300 -0.254124  0.067667  0.295111  -3
  1  0  0.938300 -0.135389 -0.069211  0.231841  -4
  1  0  0.938300 -0.152477  0.082424  0.307801  -2
  1  0  0.938300  0.242695 -0.002106  0.303557  -5
  1  0  0.938300 -0.047518  0.092789  0.535206  -2
  1  0  0.938300  0.217385  0.008587  0.044383  -2