  1  1  0.938300  0.043689 -0.202858  0.022439   1
  1  1  0.938300  0.003690 -0.059667 -0.077056   1
  1  1  0.938300 -0.286551  0.405176  0.437865   4
  1  1  0.938300  0.310785  0.254008  0.322177  10
  1  1  0.938300 -0.050149  0.302692  0.579317   3
  1  1  0.938300  0.024790  0.056780  0.202937   2
  1  1  0.938300  0.220125  0.153644  0.291509   3
  1  1  0.938300 -0.270313  0.131011  0.132422   3
  1  1  0.938300  0.043724 -0.086820  0.146292   4
  1  1  0.938300  0.088406  0.084050 -0.008897   1
  1  1  0.938300  0.019109 -0.113616  0.124428   1
  1  1  0.938300  0.067005 -0.498937  0.219162   6
  1  1  0.938300 -0.221763  0.183507  0.505219   3
  1  1  0.938300  0.004823  0.287022  0.256051   4
  1  1  0.938300  0.209064 -0.145699  0.239741   2
  1  1  0.938300 -0.001023 -0.035661  0.189733   4
  1  1  0.938300  0.266767 -0.098935  0.338483   3
  1  1  0.938300 -0.158111  0.033105  0.166203   2
  1  1  0.938300 -0.030978 -0.358911  0.133999   4
  1  1  0.938300 -0.169639  0.026366  0.155034   3
  1  1  0.938300 -0.006187 -0.157911 -0.129496   4
  1  1  0.938300  0.166938  0.270890  0.109043   4
  1  1  0.938300  0.201433 -0.253146  0.444768   4
  1  1  0.938300 -0.091294  0.032827  0.385857   6
  1  1  0.938300 -0.031234 -0.176110 -0.029334   2
  1  1  0.938300  0.056187 -0.002900 -0.047684   1
  1  1  0.938300  0.085219  0.140507  0.321254   3
  1  1  0.938300  0.113262 -0.283932  0.211057   2
  1  1  0.938300 -0.090419  0.087118  0.260136   2
  1  1  0.938300 -0.031735  0.043511  0.124407   1
  1  1  0.938300 -0.106743 -0.061263  0.270534   3
  1  1  0.938300  0.182389  0.168871  0.202590   3
  1  1  0.938300 -0.096252 -0.017972  0.277337   4
  1  1  0.938300  0.040835  0.037886 -0.152023   1
  1  1  0.938300  0.039128 -0.127282  0.150822   2
  1  1  0.938300  0.078420 -0.031592  0.166186   3
  1  1  0.938300 -0.291565 -0.137717  0.190771   2
  1  1  0.938300  0.107690  0.041236  0.040732   2
  1  1  0.938300  0.215665 -0.140161  0.119400   4
  1  1  0.938300 -0.183520  0.209225  0.245821   2
  1  1  0.938300  0.047206  0.067947  0.159824   3
  1  1  0.938300 -0.091449 -0.380586  0.438010   3
  1  1  0.938300 -0.089044  0.064988  0.354851   3
  1  1  0.938300  0.103475 -0.330697  0.160272   5
  1  1  0.938300  0.012003 -0.014139  0.097011   8
  1  1  0.938300 -0.073091  0.132508  0.469775   2
  1  1  0.938300 -0.114323  0.008185  0.248193   2
  1  1  0.938300  0.111692  0.217638  0.487358   6
  1  1  0.938300 -0.051296 -0.023077  0.761091   4
  1  1  0.938300 -0.014030  0.072847  0.235484   4
  1  1  0.938300 -0.021585 -0.194646  0.368071   3
  1  1  0.938300  0.136823 -0.086469  0.076203   1
  1  1  0.938300  0.091070  0.063149  0.259526   6
  1  1  0.938300 -0.160640 -0.067381  0.027497   3
  1  1  0.938300 -0.090189  0.033437  0.554476   2
  1  1  0.938300  0.313851 -0.041821 -0.040447   2
  1  1  0.938300  0.120131 -0.018616  0.252434   5
  1  1  0.938300  0.301756  0.257280  0.603887   9
  1  1  0.938300 -0.003140 -0.043203  0.361735   4
  1  1  0.938300 -0.005419 -0.161409  0.445350   4
  1  1  0.938300 -0.211097 -0.114931  0.333903   3
  1  1  0.938300 -0.155701  0.184585  0.163938   3
  1  1  0.938300  0.184810  0.446469  0.214753   2
  1  1  0.938300 -0.223627 -0.271839  0.258619   2
  1  1  0.938300 -0.152046  0.495131  0.119920   4
  1  1  0.938300 -0.033085  0.196753  0.148524   2
  1  1  0.938300  0.149666 -0.093699 -0.043818   1
  1  1  0.938300  0.192034  0.105990  0.279442   5
  1  1  0.938300  0.108608 -0.072464  0.324515   3
  1  1  0.938300 -0.094588 -0.012053  0.202987   1
  1  1  0.938300  0.339874 -0.009071 -0.048670   2
  1  1  0.938300  0.056751 -0.264405  0.272379   6
  1  1  0.938300 -0.010072  0.029579  0.255035   2
  1  1  0.938300 -0.072842  0.199752  0.512838   3
  1  1  0.938300  0.098915 -0.093857  0.332026   3
  1  1  0.938300  0.023864 -0.025932  0.403108   2
  1  1  0.938300 -0.383176 -0.174099  0.086754   4
  1  1  0.938300 -0.028107  0.034780  0.111691   2
  1  1  0.938300 -0.023465  0.097346  0.112102   1
  1  0  0.938300 -0.066997  0.192089  0.204650   2
  1  0  0.938300 -0.082896  0.042136  0.072223   1
  1  0  0.938300  0.054146 -0.225613  0.017742   1
  1  0  0.938300  0.235710  0.114406  0.732308   3
  1  0  0.938300  0.218191 -0.007967  0.499324   2
  1  0  0.938300 -0.153686  0.130942  0.058386   1
  1  0  0.938300 -0.213258 -0.247572  0.330807   6
  1  0  0.938300 -0.085361  0.049623  0.011237   4
  1  0  0.938300 -0.037429  0.214379  0.032428   1
  1  0  0.938300 -0.142898 -0.140034 -0.012416   1
  1  0  0.938300 -0.045328 -0.211252  0.112636   3
  1  0  0.938300 -0.094670 -0.036910  0.041326   1
  1  0  0.938300 -0.125636 -0.252625  0.269027   2
  1  0  0.938300  0.113795  0.182165  0.356970   2
  1  0  0.938300 -0.073705  0.174460  0.500745   3
  1  0  0.938300  0.104330  0.342689  0.353581   7
  1  0  0.938300 -0.134006 -0.039874  0.438560   4
  1  0  0.938300  0.239149  0.017843  0.485888   5
  1  0  0.938300 -0.199930 -0.059497  0.060738   2
  1  0  0.938300 -0.191730 -0.061208  0.156085   1
  1  0  0.938300 -0.182121  0.149371  0.415463   5
  1  0  0.938300 -0.000450 -0.067819  0.043754   3
  1  0  0.938300  0.133259 -0.064791  0.015463   1
  1  0  0.938300  0.067016  0.111553 -0.139826   1
  1  0  0.938300 -0.204653 -0.354532  0.244452   6
  1  0  0.938300  0.108889 -0.153495  0.353823   2
  1  0  0.938300 -0.338595 -0.024617  0.112979   2
  1  0  0.938300 -0.161261  0.096798  0.213887   2
  1  0  0.938300  0.032585  0.166305  0.532363   5
  1  1  0.938300 -0.188437  0.026375  0.220766   5
  1  0  0.938300  0.094171  0.081704  0.003006   6
  1  0  0.938300  0.016175  0.124147 -0.008302   1
  1  0  0.938300  0.006373  0.118896  0.135375   1
  1  0  0.938300 -0.080060 -0.251491  0.364909   3
  1  0  0.938300 -0.107561 -0.167864  0.045587   1
  1  0  0.938300 -0.063522  0.054803  0.483842   4
  1  0  0.938300  0.044994 -0.350119  0.560682   4
  1  0  0.938300  0.297683 -0.181419  0.006628   2
  1  0  0.938300 -0.179115  0.117777 -0.038424   1
  1  0  0.938300 -0.396948 -0.182686  0.194790   3
  1  0  0.938300  0.074834  0.096425  0.009264   1
  1  0  0.938300  0.121854  0.220563  0.199054   5
  1  0  0.938300  0.023816  0.067221  0.384207   2
  1  0  0.938300 -0.058008  0.060552  0.842941   3
  1  0  0.938300 -0.392057  0.046336 -0.144775   3
  1  0  0.938300  0.076571 -0.050470  0.044209   3
  1  0  0.938300  0.188023 -0.030538 -0.022973   1
  1  0  0.938300  0.009587  0.139045  0.125520   2
  1  0  0.938300 -0.032567  0.236201 -0.006403   5
  1  0  0.938300 -0.231356 -0.082611  0.445938   6
  1  0  0.938300 -0.080708  0.057609  0.036086   1
  1  0  0.938300  0.159185  0.084405  0.242927   4
  1  0  0.938300  0.081261  0.194627  0.118335   2
  1  0  0.938300 -0.250289  0.016241  0.061181   9
  1  0  0.938300 -0.054588  0.096401  0.669741   2
  1  0  0.938300  0.079376  0.129196  0.332820   6
  1  0  0.938300  0.228475  0.015830 -0.012195   1
  1  0  0.938300 -0.126471 -0.150479  0.321218   3
  1  0  0.938300  0.039194  0.222129  0.598395   5
  1  0  0.938300  0.049674  0.077446  0.226525   2
  1  0  0.938300 -0.083872 -0.200598  0.375512   3
  1  0  0.938300 -0.001503  0.000037  0.224681   2
  1  0  0.938300  0.219057  0.131787 -0.041496   2
  1  0  0.938300  0.084445  0.022033  0.522945   6
  1  0  0.938300 -0.208522 -0.223170  0.323221   5
  1  0  0.938300 -0.061020 -0.112377  0.108240   3
  1  0  0.938300  0.109609 -0.243654  0.048802   3
  1  0  0.938300  0.023358 -0.127530  0.200187   3
  1  0  0.938300  0.134295 -0.046879  0.130331   2
  1  0  0.938300 -0.121552 -0.083670  0.273969   3
  1  0  0.938300  0.014390  0.018930  0.364418   5
  1  0  0.938300  0.084531 -0.041567  0.192280   8
  1  0  0.938300 -0.353608  0.176988  0.268693   2
  1  0  0.938300  0.080952 -0.019115  0.320880   3
  1  0  0.938300  0.108240 -0.155502  0.103624   4
  1  0  0.938300 -0.060963 -0.127430  0.135078   1
  1  0  0.938300  0.049268 -0.158538  0.057577   2
  1  0  0.938300  0.318543 -0.133793  0.289273   3
  1  0  0.938300  0.082867  0.040870  0.068662   2
  1  0  0.938300  0.000319  0.125176  0.090639   2
  1  0  0.938300 -0.387327 -0.034946  0.024836   3
  1  0  0.938300 -0.075479  0.136501  0.239466   3
  1  0  0.938300  0.246746  0.108540  0.341342   2
  1  0  0.938300  0.088883 -0.193255  0.119473   1
  1  0  0.938300 -0.204690  0.068041  0.137376   8
  1  0  0.938300  0.226106  0.027658  0.102803   2
  1  0  0.938300  0.145346  0.138219 -0.066915   1
  1  0  0.938300  0.028516 -0.013470  0.137543   1
  1  0  0.938300  0.023781  0.086108  0.366050   4
  1  0  0.938300 -0.176265 -0.140863  0.447332   2
  1  0  0.938300  0.004831 -0.192220  0.262294   3
  1  0  0.938300  0.071998  0.007199 -0.163592   1
  1  0  0.938300  0.047121 -0.216470  0.077554   3
  1  0  0.938300 -0.137459  0.189405  0.132677   2
  1  0  0.938300 -0.096158 -0.002561  0.326739   1
  1  0  0.938300 -0.070297 -0.024669  0.200773   3
  1  0  0.938300 -0.418482 -0.098766  0.318268   3
  1  0  0.938300 -0.184669 -0.349499  0.216478   6
  1  0  0.938300 -0.096950 -0.402502  0.449568   3
  1  0  0.938300 -0.111072 -0.017946  0.049386   1
  1  0  0.938300  0.074496  0.202067  0.093997   6
  1  0  0.938300 -0.084000 -0.221587  0.175070   2
  1  0  0.938300 -0.087094 -0.057845  0.005818   1
  1  0  0.938300 -0.160905 -0.035648  0.278600   3
  1  0  0.938300  0.144124 -0.065839  0.001499   2
  1  0  0.938300 -0.454851  0.073621  0.380698   3
  1  0  0.938300 -0.302794  0.005802 -0.087209   4
  1  0  0.938300 -0.415388 -0.251439  0.288973   4
  1  0  0.938300 -0.060209  0.015575  0.510405   4
  1  0  0.938300  0.021130 -0.115313 -0.071335   1
  1  0  0.938300 -0.093834  0.201995  0.047657   1
  1  0  0.938300 -0.242186 -0.078775  0.034041   1
  1  0  0.938300  0.048804 -0.004311  0.050633   1
  1  0  0.938300 -0.208873  0.440120  0.210148   4
  1  0  0.938300 -0.314464  0.066461  0.414888   3
  1  0  0.938300 -0.132819  0.305761  0.286843   6
  1  0  0.938300  0.181645  0.070684  0.322963   3
  1  0  0.938300 -0.174347 -0.179482  0.437895   4
  1  1  0.938300  0.066071 -0.166750 -0.082995  -3
  1  1  0.938300  0.352622 -0.051436  0.140693  -2
  1  1  0.938300  0.171683 -0.187302  0.177367  -3
  1  1  0.938300 -0.245807 -0.213322  0.505119  -3
  1  1  0.938300  0.068978  0.072819  0.219661  -4
  1  1  0.938300  0.053040 -0.192179  0.357771  -2
  1  1  0.938300 -0.052134 -0.000139  0.241293  -2
  1  1  0.938300 -0.303606 -0.345120  0.458023  -3
  1  0  0.938300 -0.414420 -0.131109  0.216029  -6
  1  1  0.938300 -0.089225 -0.065676  0.178231  -3
  1  1  0.938300  0.248385  0.018224  0.207779  -2
  1  1  0.938300 -0.062946 -0.074389  0.693407  -1
  1  1  0.938300  0.145961 -0.042662  0.519138  -1
  1  1  0.938300 -0.012427  0.039116  0.484780  -1
  1  1  0.938300  0.159063 -0.063136  0.366741  -1
  1  1  0.938300 -0.068191 -0.190138  0.594792  -3
  1  1  0.938300  0.137721  0.104963  0.495928  -1
  1  1  0.938300 -0.261682 -0.147815  0.471948  -2
  1  1  0.938300  0.260687 -0.013176  0.224798  -3
  1  1  0.938300 -0.023931  0.219845  0.180957  -3
  1  1  0.938300  0.183376  0.084456  0.324368  -3
  1  1  0.938300  0.273282 -0.172671  0.162035  -2
  1  1  0.938300  0.192599 -0.078473  0.497007  -3
  1  1  0.938300  0.198150 -0.074917  0.250197  -5
  1  1  0.938300 -0.052081  0.036299  0.206890  -6
  1  1  0.938300 -0.336734  0.047389  0.184117  -4
  1  1  0.938300  0.411793  0.148241  0.051138  -3
  1  1  0.938300 -0.050787 -0.093590  0.575989  -1
  1  1  0.938300 -0.257591  0.245131  0.125057  -4
  1  1  0.938300 -0.160019 -0.076803  0.530547  -1
  1  1  0.938300  0.010907 -0.095447  0.695918  -4
  1  1  0.938300 -0.030917  0.074351  0.260838  -4
  1  1  0.938300  0.426166 -0.492437  0.299976  -3
  1  1  0.938300 -0.031646 -0.291228  0.330887  -2
  1  1  0.938300 -0.132513  0.272793  0.146635  -2
  1  1  0.938300 -0.294274 -0.328086 -0.006166  -3
  1  1  0.938300 -0.127632 -0.100900  0.323719  -2
  1  1  0.938300 -0.295548 -0.274463  0.420763  -3
  1  1  0.938300  0.222045 -0.321041  0.214926  -2
  1  1  0.938300 -0.089694  0.078222  0.535090  -1
  1  1  0.938300 -0.222772  0.131507  0.302128  -4
  1  1  0.938300 -0.015493  0.212084  0.506596  -1
  1  1  0.938300 -0.082036 -0.025683  0.601362  -3
  1  1  0.938300  0.383289  0.123419  0.574133  -2
  1  1  0.938300 -0.148705  0.051516  0.608503  -1
  1  1  0.938300 -0.047891  0.243208  0.171087  -3
  1  1  0.938300 -0.196447  0.161724  0.228124  -3
  1  1  0.938300 -0.267754  0.324023  0.342215  -3
  1  1  0.938300 -0.025709 -0.415307  0.171852  -2
  1  1  0.938300  0.052470 -0.064394  0.504324  -4
  1  1  0.938300 -0.217393  0.000832  0.306360  -6
  1  1  0.938300  0.005839  0.021097  0.559044  -2
  1  1  0.938300  0.096121  0.104476  0.459710  -1
  1  1  0.938300 -0.128062  0.035277  0.202592  -5
  1  1  0.938300 -0.143852  0.176113  0.223623  -3
  1  1  0.938300  0.055358  0.186239  0.368991  -1
  1  1  0.938300  0.043267  0.206643  0.442980  -2
  1  1  0.938300 -0.025422  0.277072  0.087281  -5
  1  1  0.938300  0.015806  0.367837  0.744758  -2
  1  1  0.938300  0.135504  0.174620  0.282975  -4
  1  1  0.938300 -0.024094  0.048116  0.599121  -1
  1  1  0.938300  0.184179 -0.066495  0.461755  -2
  1  1  0.938300  0.039728 -0.053455  0.187172  -5
  1  1  0.938300 -0.177910 -0.097662  0.610010  -1
  1  1  0.938300 -0.091973 -0.191077  0.182037  -4
  1  1  0.938300 -0.016389 -0.089872  0.377937  -3
  1  1  0.938300 -0.078132 -0.022366  0.188914  -2
  1  1  0.938300 -0.436488 -0.199731  0.708099  -4
  1  1  0.938300  0.038122  0.237065  0.296327  -4
  1  1  0.938300 -0.018445 -0.002256  0.160678  -5
  1  1  0.938300 -0.068603 -0.111286  0.628982  -3
  1  1  0.938300  0.137741  0.060482  0.500264  -1
  1  1  0.938300 -0.122578 -0.073262  0.451684  -1
  1  1  0.938300 -0.127767  0.127194  0.205598  -3
  1  1  0.938300  0.156898  0.129413  0.215510  -2
  1  1  0.938300  0.143519 -0.048058  0.416545  -1
  1  1  0.938300  0.012761 -0.103467  0.392414  -4
  1  1  0.938300 -0.237711  0.071476  0.154528  -4
  1  1  0.938300  0.254297 -0.181221  0.527307  -5
  1  0  0.938300  0.128211 -0.264058  0.565642  -2
  1  0  0.938300 -0.115009  0.376647  0.321205  -3
  1  0  0.938300  0.059363  0.122792  0.423236  -3
  1  0  0.938300  0.126374  0.068165  0.448922  -1
  1  0  0.938300  0.136183  0.066429  0.158914  -4
  1  0  0.938300 -0.115882  0.327981 -0.018132  -8
  1  0  0.938300 -0.111624  0.047420  0.494406  -1
  1  0  0.938300  0.219018  0.035370  0.302995  -2
  1  0  0.938300 -0.113025  0.099171  0.427386  -9
  1  0  0.938300 -0.113392  0.622420  0.263951  -2
  1  0  0.938300  0.161979  0.120017  0.667579  -2
  1  0  0.938300  0.037910 -0.071456  0.564016  -1
  1  0  0.938300  0.031453  0.331327 -0.124278  -3
  1  0  0.938300 -0.126207  0.271119  0.047589  -2
  1  0  0.938300 -0.178586 -0.005522  0.584816  -1
  1  0  0.938300 -0.257270 -0.133248  0.132590  -2
  1  0  0.938300 -0.101412  0.061065  0.417527  -2
  1  0  0.938300  0.184604  0.157564  0.536242  -2
  1  0  0.938300  0.014550 -0.008481  0.481970  -1
  1  0  0.938300  0.336247 -0.047934  0.195297  -2
  1  0  0.938300 -0.033958  0.016675  0.457405  -1
  1  0  0.938300  0.099258  0.126440  0.124517  -8
  1  0  0.938300 -0.409331 -0.171118  0.495730  -3
  1  0  0.938300  0.025052 -0.004442  0.456950  -1
  1  0  0.938300  0.081866  0.108129  0.531354  -4
  1  0  0.938300  0.025509  0.161750  0.261695  -6
  1  0  0.938300 -0.295811  0.079936  0.676365  -2
  1  0  0.938300 -0.481116  0.223553  0.273816  -4
  1  0  0.938300 -0.132256 -0.300816  0.103652  -2
  1  0  0.938300  0.113319 -0.034029  0.037707  -4
  1  0  0.938300  0.217872  0.153585  0.325356  -2
  1  0  0.938300 -0.170963  0.029531  0.199954  -3
  1  0  0.938300 -0.155859 -0.305030  0.280045  -2
  1  0  0.938300  0.014847  0.373633  0.472162  -2
  1  0  0.938300  0.140011  0.116557  0.565935  -1
  1  0  0.938300 -0.141346 -0.275454  0.271819  -5
  1  0  0.938300  0.075202  0.052413  0.388788  -2
  1  0  0.938300 -0.132405 -0.066441  0.603183  -1
  1  0  0.938300 -0.274682 -0.180249  0.099991  -5
  1  0  0.938300 -0.171982 -0.128671  0.447661  -1
  1  0  0.938300 -0.223775 -0.263032  0.176128  -4
  1  0  0.938300 -0.180855  0.005583  0.486083  -2
  1  0  0.938300 -0.203886  0.252851  0.562196  -4
  1  0  0.938300 -0.055517 -0.105071  0.599274  -1
  1  0  0.938300 -0.082015  0.021476  0.129780  -4
  1  0  0.938300  0.040014 -0.149375  0.184809  -6
  1  0  0.938300 -0.110891 -0.059374  0.262056  -3
  1  0  0.938300  0.170921 -0.020266  0.298476  -5
  1  0  0.938300  0.024629 -0.153699  0.637469  -1
  1  0  0.938300 -0.145408 -0.047653  0.599376  -1
  1  0  0.938300 -0.160086  0.073148  0.324826  -5
  1  0  0.938300  0.139257  0.075060  0.297053  -3
  1  0  0.938300  0.092736  0.129460  0.473001  -3
  1  0  0.938300  0.194188  0.060507  0.476821  -1
  1  0  0.938300  0.116250 -0.004450  0.485368  -5
  1  0  0.938300 -0.189227 -0.184889  0.272676  -4
  1  0  0.938300  0.045892  0.070061  0.319050  -1
  1  0  0.938300 -0.174975 -0.197123 -0.134791  -3
  1  0  0.938300 -0.016527  0.114140  0.537322  -1
  1  0  0.938300  0.187388 -0.111173  0.449327  -4
  1  0  0.938300 -0.232390 -0.270746  0.410293  -4
  1  0  0.938300 -0.017902 -0.292100  0.282131  -3
  1  0  0.938300 -0.120403 -0.089677  0.391103  -3
  1  0  0.938300 -0.055599  0.074695  0.698635  -1
  1  0  0.938300  0.089473  0.024309  0.682530  -1
  1  0  0.938300  0.138480 -0.069959  0.138459  -4
  1  0  0.938300  0.229162 -0.344573  0.496053  -4
  1  0  0.938300  0.147372  0.191745  0.593104  -2
  1  0  0.938300 -0.019390 -0.255311  0.307686  -2
  1  0  0.938300 -0.002731 -0.154878  0.209417  -3
  1  0  0.938300  0.232482  0.277153  0.246425  -4
  1  0  0.938300 -0.188127  0.324931  0.080578  -4
  1  0  0.938300  0.417699 -0.033671  0.284095  -2
  1  0  0.938300  0.096646  0.048220  0.319264  -1
  1  0  0.938300  0.064981  0.244727  0.458022  -3
  1  0  0.938300 -0.105249  0.095195  0.507342  -2
  1  0  0.938300 -0.108448 -0.174996  0.393351  -3
  1  0  0.938300  0.129614 -0.109217  0.417638  -1
  1  0  0.938300  0.188163 -0.019521  0.478441  -2
  1  0  0.938300 -0.231667  0.061410  0.588076  -3
  1  0  0.938300 -0.123842  0.166039  0.433116  -1
  1  0  0.938300  0.110160  0.066607  0.414471  -4
  1  0  0.938300  0.125686  0.088566  0.378602  -2
  1  0  0.938300  0.096033 -0.116009  0.393290  -4
  1  0  0.938300  0.356982  0.181990  0.545060  -2
  1  0  0.938300  0.232828 -0.190797  0.349100  -5
  1  0  0.938300 -0.164036  0.053895  0.026174  -6
  1  0  0.938300 -0.242894 -0.076803  0.200315  -4
  1  0  0.938300 -0.081213  0.219961  0.063838  -4
  1  0  0.938300  0.147316  0.150682  0.266261  -4
  1  0  0.938300  0.129338 -0.132046  0.111929  -3
  1  0  0.938300 -0.021447  0.151419  0.672633  -4
  1  0  0.938300 -0.030633  0.076167  0.401996  -4
  1  0  0.938300 -0.068567  0.050434  0.486521  -4
  1  0  0.938300  0.050184 -0.082880  0.597005  -3
  1  0  0.938300  0.183712 -0.179721  0.398512  -3
  1  0  0.938300  0.058660 -0.086305  0.045769  -3
  1  0  0.938300  0.408440 -0.091031  0.423369  -5
  1  0  0.938300 -0.034098 -0.131032  0.617858  -2
  1  0  0.938300  0.053520  0.303565  0.051364  -9
  1  0  0.938300  0.262056  0.069082  0.147507  -3
  1  0  0.938300 -0.062976  0.072134  0.585168  -1
  1  0  0.938300  0.047129  0.035020  0.671213  -1
  1  0  0.938300  0.021120 -0.039815  0.318563  -3
  1  0  0.938300 -0.104326 -0.032790  0.449646  -1
  1  0  0.938300  0.058504  0.092525  0.175384  -2
  1  0  0.938300 -0.034868  0.156373  0.323641  -2
  1  0  0.938300  0.261839  0.011051  0.369168  -6
  1  0  0.938300  0.344876 -0.028749  0.485633  -2
  1  0  0.938300 -0.142967 -0.141882  0.372181  -1
  1  0  0.938300 -0.122606  0.388389  0.293183  -3
  1  0  0.938300  0.304122 -0.268686  0.235481  -6
  1  0  0.938300  0.074510 -0.174810  0.153033  -5
  1  1  0.938300 -0.139488 -0.007183  0.215805  -6
  1  0  0.938300 -0.064125 -0.211697  0.447590  -1
  1  0  0.938300  0.159750 -0.005109  0.314181  -2
  1  0  0.938300 -0.117435 -0.156359  0.293913  -4
  1  0  0.938300 -0.181427  0.020570  0.231744  -4