  1  1  0.938300 -0.115994 -0.154867  0.060725   1
  1  1  0.938300  0.139788  0.143500  0.277962   6
  1  1  0.938300  0.027087 -0.098421  0.079853   1
  1  1  0.938300 -0.022823  0.456590 -0.004081   3
  1  1  0.938300 -0.083424 -0.191823  0.158255   2
  1  1  0.938300 -0.088680 -0.015076  0.333978   3
  1  1  0.938300 -0.103753 -0.040087  0.437483   3
  1  1  0.938300  0.142221  0.206218  0.427958   3
  1  1  0.938300  0.054809  0.205159  0.058406   1
  1  1  0.938300 -0.012211 -0.152759  0.498089   2
  1  1  0.938300  0.180147  0.031906  0.422097   2
  1  1  0.938300  0.002473 -0.021487  0.161118   3
  1  1  0.938300  0.040539 -0.010852 -0.049250   1
  1  1  0.938300  0.088846 -0.432711 -0.028522   4
  1  1  0.938300  0.071449  0.157436  0.006862   1
  1  1  0.938300 -0.053229  0.042224  0.071652   1
  1  1  0.938300  0.172210  0.280249  0.309641   2
  1  1  0.938300  0.059620 -0.223562  0.299818   5
  1  1  0.938300  0.282863  0.405487  0.213601   6
  1  1  0.938300  0.165598  0.044476  0.453565   3
  1  1  0.938300 -0.070885 -0.032100  0.161492   4
  1  1  0.938300  0.169668 -0.038269  0.203407   3
  1  1  0.938300  0.174759  0.094462  0.053701   2
  1  1  0.938300 -0.320538  0.076820  0.356803   2
  1  1  0.938300  0.213660 -0.273029  0.360041   3
  1  1  0.938300  0.021939  0.100935  0.005829   1
  1  1  0.938300  0.122321  0.105169  0.051520   1
  1  1  0.938300  0.101238 -0.119449  0.119351   1
  1  1  0.938300 -0.729075  0.042715  0.298338   3
  1  1  0.938300  0.013882 -0.116162  0.249985   4
  1  1  0.938300  0.239585  0.016105  0.306087   3
  1  1  0.938300  0.056402  0.072356 -0.066185   1
  1  1  0.938300  0.453926 -0.192714  0.302810   2
  1  1  0.938300 -0.350511  0.339895 -0.192737   2
  1  1  0.938300  0.114108  0.172478  0.302955   3
  1  1  0.938300  0.246302 -0.081981 -0.097828   2
  1  1  0.938300 -0.221240  0.083574  0.180781   2
  1  1  0.938300 -0.088723 -0.143942  0.180177   6
  1  1  0.938300 -0.205150 -0.166826  0.093493   1
  1  1  0.938300  0.139603 -0.161023  0.503609   5
  1  1  0.938300 -0.071618 -0.068643  0.493474   4
  1  1  0.938300 -0.100311  0.021819  0.025905   2
  1  1  0.938300 -0.024640 -0.116867  0.458842   3
  1  1  0.938300  0.077866 -0.031938  0.240336   2
  1  1  0.938300  0.086801  0.075408  0.307429   7
  1  1  0.938300  0.007186  0.157330 -0.007952   1
  1  1  0.938300  0.002456 -0.090766  0.612769   3
  1  1  0.938300 -0.404291  0.109816  0.383502   5
  1  1  0.938300 -0.218095 -0.113562  0.419510   2
  1  1  0.938300  0.032744  0.232074  0.465310   4
  1  1  0.938300 -0.052226  0.183789  0.053073   1
  1  1  0.938300  0.071927 -0.055358 -0.024141   1
  1  1  0.938300  0.165405 -0.373666  0.117515   4
  1  1  0.938300 -0.100292 -0.161730  0.021314   1
  1  1  0.938300 -0.043944  0.057724  0.026211   4
  1  1  0.938300 -0.115132 -0.154063  0.136970   2
  1  1  0.938300 -0.007793 -0.216388  0.003950   5
  1  1  0.938300 -0.039717 -0.037619  0.264787   4
  1  1  0.938300  0.137730 -0.004416  0.178468   1
  1  1  0.938300 -0.038692  0.301083 -0.001356   2
  1  1  0.938300  0.220141  0.162103 -0.064074   2
  1  1  0.938300 -0.100718  0.120337  0.222298   3
  1  1  0.938300 -0.076731  0.023014  0.130158   1
  1  1  0.938300 -0.277203 -0.084902  0.659530   4
  1  1  0.938300  0.018691  0.054245  0.064772   9
  1  1  0.938300 -0.197047  0.239513  0.269752   2
  1  1  0.938300  0.171342  0.143270  0.176813   3
  1  1  0.938300  0.050944 -0.079617  0.022031   1
  1  1  0.938300 -0.160438  0.299475  0.028108   3
  1  1  0.938300 -0.036238 -0.235038  0.272678   2
  1  1  0.938300 -0.121776  0.022244  0.418883   4
  1  1  0.938300  0.028369  0.103647  0.387143   3
  1  1  0.938300  0.089706  0.118209  0.185061   1
  1  1  0.938300 -0.051909 -0.339065  0.005599   3
  1  1  0.938300 -0.351612 -0.084071  0.752863   4
  1  1  0.938300 -0.085717 -0.062352  0.187874   1
  1  1  0.938300  0.326992  0.079071  0.513386   2
  1  1  0.938300  0.119626 -0.090212  0.003551   1
  1  1  0.938300  0.240007 -0.070364  0.144898   1
  1  0  0.938300  0.021646  0.043975  0.026862   1
  1  0  0.938300  0.031225  0.349998  0.359877   5
  1  0  0.938300  0.003011 -0.110205 -0.078396   2
  1  0  0.938300 -0.566713  0.273344  0.396353   3
  1  0  0.938300  0.202219  0.098632  0.306098   2
  1  0  0.938300 -0.083614 -0.022446 -0.200398   1
  1  0  0.938300  0.048377 -0.021878  0.312235   1
  1  0  0.938300  0.200064 -0.338918  0.238633   2
  1  0  0.938300 -0.018756  0.152885  0.111545   4
  1  0  0.938300 -0.229743 -0.084596  0.325329   4
  1  0  0.938300 -0.336603  0.032139  0.257998   2
  1  0  0.938300 -0.160956 -0.191570  0.147155   5
  1  0  0.938300  0.268488 -0.366407  0.327867   3
  1  0  0.938300 -0.010769 -0.119974  0.196022   2
  1  0  0.938300  0.204684 -0.126795  0.095087   1
  1  0  0.938300  0.076729  0.636251  0.591074   3
  1  0  0.938300  0.123429 -0.180515  0.136037   3
  1  0  0.938300 -0.133694  0.091401 -0.194435   2
  1  0  0.938300 -0.116883  0.051683 -0.107204   1
  1  0  0.938300 -0.036989 -0.009951  0.107436   4
  1  0  0.938300 -0.114949  0.244750  0.025444   2
  1  0  0.938300  0.060614 -0.022408 -0.021108   4
  1  0  0.938300  0.041022 -0.083419  0.186275   1
  1  0  0.938300 -0.181957  0.124126  0.297910   2
  1  0  0.938300  0.267118 -0.040073  0.595267   3
  1  0  0.938300 -0.109817  0.176072  0.298732   6
  1  0  0.938300  0.021164  0.315940  0.432520   3
  1  0  0.938300 -0.342568  0.322496  0.078890   2
  1  0  0.938300  0.079406  0.224674  0.215065   5
  1  0  0.938300  0.065539  0.306980  0.144284   5
  1  0  0.938300 -0.025566 -0.009711  0.115906   1
  1  0  0.938300  0.151115  0.102428  0.344869   4
  1  0  0.938300 -0.333312  0.166254  0.702477   3
  1  0  0.938300 -0.028263  0.076803  0.149388   4
  1  0  0.938300  0.165820  0.044409  0.065845   1
  1  0  0.938300 -0.127630 -0.079441  0.079641   1
  1  0  0.938300 -0.168400  0.286803  0.287363   2
  1  0  0.938300 -0.103922 -0.065977  0.115807   3
  1  0  0.938300 -0.115678  0.230199 -0.103647   1
  1  0  0.938300  0.248394  0.059467  0.315480   5
  1  0  0.938300 -0.073674 -0.088009  0.008638   1
  1  0  0.938300 -0.016209  0.331612  0.311629   2
  1  0  0.938300 -0.263313  0.176506  0.305259   4
  1  0  0.938300 -0.067576  0.153086  0.268213   3
  1  0  0.938300  0.049957  0.038095  0.058713   1
  1  0  0.938300  0.296484  0.107711  0.116151   2
  1  0  0.938300  0.163848 -0.058095  0.091867   2
  1  0  0.938300  0.102346  0.029257  0.001049   1
  1  0  0.938300 -0.040149 -0.153002  0.135349   3
  1  0  0.938300  0.172894  0.193458  0.216146   4
  1  0  0.938300  0.112041 -0.211576  0.653442   3
  1  0  0.938300  0.059019 -0.147818 -0.125350   1
  1  0  0.938300 -0.161678 -0.053826  0.088453   2
  1  0  0.938300  0.038242 -0.127044 -0.077804   2
  1  0  0.938300 -0.085903 -0.110266  0.187095   2
  1  0  0.938300 -0.081372 -0.050444  0.419783   2
  1  0  0.938300 -0.202282 -0.174605  0.015889   3
  1  0  0.938300  0.137687  0.307619  0.254055   2
  1  0  0.938300  0.022932  0.189432  0.049517   5
  1  0  0.938300 -0.287462  0.089496  0.439123   3
  1  0  0.938300 -0.382648  0.026375 -0.060755   2
  1  0  0.938300 -0.052467  0.175615  0.273869   2
  1  0  0.938300  0.032594 -0.323847 -0.009581   5
  1  0  0.938300 -0.243748  0.111858  0.443849   2
  1  0  0.938300 -0.072746 -0.266793  0.164986   5
  1  0  0.938300  0.150809  0.136521  0.138219   1
  1  0  0.938300  0.035752 -0.096843 -0.086362   1
  1  0  0.938300 -0.051175  0.079010  0.315874   3
  1  0  0.938300 -0.027905 -0.079404  0.221658   5
  1  0  0.938300  0.242107  0.138892  0.122137   6
  1  0  0.938300  0.269312  0.192109  0.497785   5
  1  0  0.938300 -0.148993  0.115392  0.031619   2
  1  0  0.938300  0.114481  0.231941  0.404782   8
  1  0  0.938300 -0.350547  0.022565  0.593733   3
  1  0  0.938300 -0.267088  0.152587  0.259992   6
  1  0  0.938300  0.393957  0.258236  0.075262   2
  1  0  0.938300 -0.221580  0.067960 -0.083702   1
  1  0  0.938300 -0.156532  0.002479  0.113775   2
  1  0  0.938300  0.015136 -0.048341  0.115014   5
  1  0  0.938300  0.207700  0.057550  0.449098  13
  1  0  0.938300 -0.061138 -0.169445  0.039641   1
  1  0  0.938300  0.123798  0.119035 -0.037023   1
  1  0  0.938300  0.031527  0.071125 -0.048509   1
  1  0  0.938300 -0.063497  0.000130 -0.014501   1
  1  0  0.938300  0.015362 -0.035120  0.240269   5
  1  0  0.938300 -0.015407 -0.065516 -0.028049   4
  1  0  0.938300  0.217063  0.030041  0.318403   4
  1  0  0.938300 -0.267388 -0.024479 -0.021123   3
  1  0  0.938300  0.046546 -0.052338 -0.081466   1
  1  0  0.938300 -0.110011  0.031725  0.084353   2
  1  0  0.938300 -0.001533  0.098747  0.183047   3
  1  0  0.938300 -0.078998 -0.207690  0.153175   3
  1  0  0.938300 -0.000851 -0.008709  0.075404   3
  1  0  0.938300 -0.030129 -0.120345  0.038040   1
  1  0  0.938300  0.214873  0.037208  0.223727   2
  1  0  0.938300  0.223796 -0.163846  0.209757   4
  1  0  0.938300  0.055609 -0.036247  0.159866   1
  1  0  0.938300 -0.046710 -0.060985  0.413769   3
  1  0  0.938300 -0.234752  0.010084  0.060648   1
  1  0  0.938300  0.053371  0.309779  0.357499   4
  1  0  0.938300  0.051434  0.193112  0.070046   1
  1  0  0.938300 -0.029444 -0.325014  0.275049   5
  1  0  0.938300  0.013838 -0.025619  0.526743   6
  1  0  0.938300  0.015293  0.158033  0.059444   2
  1  0  0.938300  0.318790 -0.047179  0.071166   2
  1  0  0.938300  0.096910 -0.292186  0.180756   4
  1  0  0.938300 -0.295792 -0.051310  0.425183   4
  1  0  0.938300 -0.167233 -0.113376  0.069990   5
  1  0  0.938300  0.038029 -0.067019  0.266332   2
  1  0  0.938300 -0.160027  0.017510  0.169369   3
  1  0  0.938300 -0.209148  0.270055  0.135330   3
  1  0  0.938300 -0.019300  0.051637  0.118626   2
  1  0  0.938300  0.111785 -0.121645  0.075113   1
  1  0  0.938300 -0.127991  0.225377  0.425687   2
  1  0  0.938300  0.322563 -0.128474  0.187805   3
  1  0  0.938300 -0.144237 -0.042351  0.162670   3
  1  0  0.938300  0.057520  0.299122  0.208785   2
  1  0  0.938300  0.310687  0.176545  0.288079   3
  1  1  0.938300  0.031100 -0.234470  0.379051  -2
  1  1  0.938300  0.209967  0.209776  0.292069  -2
  1  1  0.938300  0.397773 -0.120018  0.291487  -6
  1  1  0.938300  0.056443  0.146201  0.252226  -2
  1  1  0.938300 -0.339425 -0.107846  0.262811  -2
  1  1  0.938300 -0.041593 -0.053709  0.438929  -1
  1  1  0.938300 -0.024559 -0.103908  0.608537  -1
  1  1  0.938300  0.139140  0.224297  0.608308  -4
  1  1  0.938300  0.229503 -0.205731  0.246453  -2
  1  1  0.938300 -0.029393 -0.076040  0.451577  -3
  1  1  0.938300  0.065485 -0.182817  0.100986  -3
  1  1  0.938300 -0.009056 -0.000118  0.462479  -1
  1  1  0.938300  0.009566 -0.240317  0.363773  -2
  1  1  0.938300 -0.046641 -0.133739  0.296519  -3
  1  1  0.938300  0.408973 -0.047780  0.192947  -2
  1  1  0.938300 -0.025318  0.062335  0.297120  -3
  1  1  0.938300  0.082745  0.139964  0.322709  -2
  1  1  0.938300  0.238552 -0.185666  0.421182  -2
  1  1  0.938300  0.256350 -0.153266  0.382667  -3
  1  1  0.938300 -0.172115  0.166358  0.514197  -2
  1  1  0.938300 -0.111334 -0.014361  0.345055  -1
  1  1  0.938300  0.077554  0.066723  0.089098  -3
  1  1  0.938300 -0.140570  0.078668  0.187651  -3
  1  1  0.938300 -0.313230  0.111551  0.215844  -4
  1  1  0.938300 -0.094727  0.021612  0.542143  -1
  1  1  0.938300 -0.094600  0.077991  0.719566  -1
  1  1  0.938300 -0.039162  0.056330  0.217743  -4
  1  1  0.938300 -0.099646  0.352830  0.151582  -2
  1  1  0.938300 -0.007050 -0.154943  0.538928  -1
  1  1  0.938300 -0.486258  0.116631  0.623760  -3
  1  1  0.938300  0.238946 -0.070394  0.214423  -2
  1  1  0.938300 -0.186787  0.053214  0.468984  -1
  1  1  0.938300  0.138872 -0.009024  0.304152  -3
  1  1  0.938300  0.182323  0.217886  0.093353  -3
  1  1  0.938300 -0.151061 -0.093509  0.319469  -3
  1  1  0.938300  0.084943 -0.024843  0.268614  -2
  1  1  0.938300  0.247095 -0.290351 -0.129774  -4
  1  1  0.938300  0.045255 -0.063736  0.478924  -1
  1  1  0.938300 -0.078827 -0.060027  0.273443  -6
  1  1  0.938300 -0.012820 -0.056788  0.661143  -1
  1  1  0.938300  0.050559  0.074327  0.404363  -2
  1  1  0.938300  0.112738  0.072625  0.499851  -1
  1  1  0.938300  0.024961  0.063984  0.423194  -2
  1  1  0.938300 -0.115214  0.051384  0.514552  -1
  1  1  0.938300  0.197026  0.397315  0.295662  -3
  1  1  0.938300 -0.238760  0.102452  0.050291  -2
  1  1  0.938300  0.074672 -0.045361  0.518945  -1
  1  1  0.938300 -0.156327 -0.048813  0.065675  -2
  1  1  0.938300 -0.120426 -0.074143  0.220937  -3
  1  1  0.938300  0.006713 -0.055271  0.143383  -5
  1  1  0.938300 -0.107452  0.295516  0.301282  -4
  1  1  0.938300 -0.067202  0.209969  0.427742  -3
  1  1  0.938300 -0.066131  0.019837  0.667885  -2
  1  1  0.938300 -0.007413 -0.118673  0.140426  -3
  1  1  0.938300  0.142826 -0.037624  0.222087  -3
  1  1  0.938300 -0.175076 -0.012719  0.587864  -1
  1  1  0.938300  0.420774 -0.232891  0.468365  -4
  1  1  0.938300 -0.141100  0.172147  0.246831  -3
  1  1  0.938300  0.063446 -0.182553  0.566192  -1
  1  1  0.938300 -0.003076 -0.157785  0.379002  -4
  1  1  0.938300  0.066923 -0.062251  0.344629  -1
  1  1  0.938300 -0.022447 -0.173621  0.593499  -1
  1  1  0.938300  0.156514 -0.059266  0.708962  -3
  1  1  0.938300 -0.159758  0.004505  0.626849  -1
  1  1  0.938300  0.063104  0.062171  0.562927  -4
  1  1  0.938300  0.065997 -0.005383  0.465470  -2
  1  1  0.938300 -0.153787  0.104094  0.546184  -2
  1  1  0.938300 -0.203487  0.108976  0.503972  -2
  1  1  0.938300  0.006975  0.016756  0.322400  -1
  1  1  0.938300  0.158419  0.016929  0.024426  -3
  1  1  0.938300 -0.011017 -0.015503  0.239283  -4
  1  1  0.938300 -0.072070 -0.014914  0.288561  -2
  1  1  0.938300 -0.069552  0.112452  0.294867  -2
  1  1  0.938300  0.043134  0.083859  0.587728  -1
  1  1  0.938300  0.147733  0.044136  0.303649  -2
  1  1  0.938300  0.091641 -0.100330  0.290398  -2
  1  1  0.938300 -0.047122  0.055926  0.526798  -1
  1  1  0.938300 -0.036257  0.122737  0.437763  -4
  1  1  0.938300 -0.112409 -0.044661  0.608000  -1
  1  0  0.938300 -0.044410 -0.050945  0.585831  -4
  1  0  0.938300 -0.169660 -0.070485  0.050854  -3
  1  0  0.938300  0.282962 -0.069916  0.264559  -6
  1  0  0.938300 -0.225169 -0.187029  0.354509  -3
  1  0  0.938300 -0.061767  0.034771  0.352409  -2
  1  0  0.938300 -0.144583 -0.197873  0.168325  -3
  1  0  0.938300 -0.371495  0.037260  0.204990  -3
  1  0  0.938300 -0.027048  0.145569  0.125481  -3
  1  0  0.938300 -0.012535  0.100116  0.533495  -1
  1  0  0.938300 -0.092962 -0.057368  0.414096  -3
  1  0  0.938300 -0.119886 -0.069519 -0.061473  -3
  1  0  0.938300  0.017947  0.257525  0.276274 -11
  1  0  0.938300  0.075170  0.074723  0.087763  -6
  1  0  0.938300 -0.050232 -0.062516  0.412818  -2
  1  0  0.938300  0.172038 -0.097697  0.021802  -3
  1  0  0.938300 -0.019883 -0.163177  0.675683  -3
  1  0  0.938300  0.306942  0.188192  0.160946  -2
  1  0  0.938300 -0.027332 -0.213242  0.210299  -2
  1  0  0.938300  0.332174  0.058453  0.565105  -2
  1  0  0.938300  0.383818  0.070175  0.444088  -3
  1  0  0.938300 -0.317002  0.050074  0.144290  -2
  1  0  0.938300  0.182380 -0.014377  0.632966  -3
  1  0  0.938300  0.141719  0.065477  0.437377  -1
  1  0  0.938300  0.270178 -0.078870  0.452094  -3
  1  0  0.938300 -0.304751  0.077046  0.341743  -2
  1  0  0.938300  0.090789 -0.160393  0.369727  -4
  1  0  0.938300  0.089932  0.131917  0.378167  -1
  1  0  0.938300 -0.060740  0.191843  0.082607  -5
  1  0  0.938300  0.035068  0.427387  0.279350  -3
  1  0  0.938300 -0.185534 -0.019711  0.210021  -2
  1  0  0.938300  0.157381 -0.054626  0.331683  -3
  1  0  0.938300  0.106823 -0.074143  0.250966  -2
  1  0  0.938300  0.146586 -0.143221  0.466603  -3
  1  0  0.938300  0.151767  0.105125  0.547752  -2
  1  0  0.938300 -0.057760 -0.064037  0.265797  -4
  1  0  0.938300  0.232673  0.204205  0.304802  -2
  1  0  0.938300  0.152423 -0.062718  0.240978  -3
  1  0  0.938300  0.003615  0.100854  0.539018  -3
  1  0  0.938300 -0.069231 -0.081294  0.260661  -2
  1  0  0.938300 -0.182833 -0.220740  0.708863  -2
  1  0  0.938300 -0.246516 -0.016252  0.138986  -2
  1  0  0.938300  0.047345 -0.262071  0.295614  -2
  1  0  0.938300 -0.016700 -0.031437  0.581374  -1
  1  0  0.938300 -0.082640 -0.177140  0.445828  -1
  1  0  0.938300  0.019428  0.027223  0.364958  -1
  1  0  0.938300  0.124184  0.033054  0.350576  -2
  1  0  0.938300 -0.098576  0.002319  0.583944  -1
  1  0  0.938300 -0.081123 -0.028181  0.359532  -2
  1  0  0.938300 -0.137258 -0.009241  0.468793  -2
  1  0  0.938300  0.095463 -0.147152  0.318272  -5
  1  0  0.938300 -0.015443 -0.393020  0.161390  -3
  1  0  0.938300 -0.026446  0.020769  0.085204  -2
  1  0  0.938300  0.004060 -0.139990  0.409971  -2
  1  0  0.938300 -0.035932  0.216997  0.145822  -3
  1  0  0.938300  0.174314  0.089321  0.460926  -1
  1  0  0.938300 -0.000194 -0.089929  0.288195  -3
  1  0  0.938300  0.030098  0.008459  0.253158  -2
  1  0  0.938300 -0.100083 -0.037789  0.612107  -3
  1  0  0.938300  0.069324 -0.208175  0.312418  -2
  1  0  0.938300  0.129635  0.164984  0.326408  -2
  1  0  0.938300 -0.070143 -0.244722  0.232809  -2
  1  0  0.938300  0.309655 -0.192587  0.123961  -3
  1  0  0.938300 -0.137186 -0.070019  0.130875  -2
  1  0  0.938300 -0.071822 -0.284085  0.180464  -2
  1  0  0.938300  0.140858  0.008410  0.095915  -6
  1  0  0.938300 -0.015968  0.272229  0.686228  -2
  1  0  0.938300 -0.041525  0.068710  0.079998  -5
  1  0  0.938300  0.108423 -0.209716  0.546208  -1
  1  0  0.938300  0.081440  0.063445  0.280842  -7
  1  0  0.938300 -0.054114 -0.062972  0.361582  -2
  1  0  0.938300 -0.375658  0.274128  0.565451  -3
  1  0  0.938300 -0.147612  0.005678  0.314373  -3
  1  0  0.938300 -0.032005  0.048506  0.356721  -5
  1  0  0.938300  0.052840  0.154323  0.336180  -2
  1  0  0.938300  0.158220 -0.000267  0.217019  -2
  1  0  0.938300  0.033691  0.023916  0.521899  -1
  1  0  0.938300  0.191217  0.008144 -0.264033  -6
  1  0  0.938300  0.039308  0.240689  0.212354  -3
  1  0  0.938300  0.215683 -0.182828  0.258992  -7
  1  0  0.938300  0.180565 -0.123639  0.717777  -1
  1  0  0.938300  0.112078  0.202938  0.452962  -3
  1  0  0.938300 -0.006917  0.045091  0.582898  -1
  1  0  0.938300  0.066730 -0.049276  0.585434  -1
  1  0  0.938300 -0.105966 -0.354510  0.451060  -2
  1  0  0.938300 -0.119665 -0.007914  0.496674  -1
  1  0  0.938300 -0.045794 -0.148307  0.356946  -1
  1  0  0.938300 -0.223988  0.011846  0.602179  -2
  1  0  0.938300 -0.176928 -0.158104  0.356835  -2
  1  0  0.938300  0.200223  0.003467  0.230413  -6
  1  0  0.938300  0.193644 -0.100731  0.670350  -2
  1  0  0.938300  0.459841 -0.116630 -0.028427  -4
  1  0  0.938300 -0.008694  0.392077  0.428436  -2
  1  0  0.938300  0.007298 -0.039081  0.051198  -3
  1  0  0.938300  0.097098  0.027399  0.576467  -1
  1  0  0.938300 -0.600813 -0.189577  0.403147  -2
  1  0  0.938300 -0.111276  0.073765  0.062325  -3
  1  0  0.938300  0.053061  0.065125  0.278838  -1
  1  0  0.938300  0.110965 -0.194225  0.396582  -2
  1  0  0.938300  0.125663 -0.264003  0.336481  -4
  1  0  0.938300 -0.133405  0.134383  0.510438  -1
  1  0  0.938300  0.107821  0.007933  0.572640  -1
  1  0  0.938300 -0.048523 -0.088855  0.286477  -1
  1  0  0.938300 -0.023670 -0.038369  0.657633  -1
  1  0  0.938300  0.060671  0.032873  0.416390  -2
  1  0  0.938300 -0.114113  0.220379  0.767545  -2
  1  0  0.938300  0.116661  0.133356  0.361292  -1
  1  0  0.938300 -0.255190  0.054727  0.360809  -3
  1  0  0.938300 -0.073021  0.198915  0.420553  -2
  1  0  0.938300 -0.088082 -0.033088  0.467490  -1
  1  0  0.938300 -0.190062  0.173399  0.423700  -1
  1  0  0.938300  0.169734  0.192090 -0.025450  -4
  1  0  0.938300  0.077352 -0.273384  0.158393  -4
  1  0  0.938300  0.039541 -0.157241  0.383937  -2
  1  0  0.938300  0.232608  0.182959  0.777305  -6
  1  0  0.938300 -0.017011  0.008024  0.714908  -1
  1  0  0.938300  0.273286 -0.303696  0.486371  -3
  1  0  0.938300  0.246064 -0.117393  0.214844  -2
  1  0  0.938300 -0.085179 -0.050884  0.381037  -1