  1  1  0.938300 -0.051660 -0.004429  0.104511   1
  1  1  0.938300 -0.002434 -0.111094  0.302745   3
  1  1  0.938300  0.138139 -0.236399  0.154236   2
  1  1  0.938300 -0.150741  0.060245 -0.036527   1
  1  1  0.938300  0.041318 -0.010114 -0.106534   1
  1  1  0.938300 -0.164668 -0.472509  0.346107   6
  1  1  0.938300 -0.015782  0.061518  0.016187   2
  1  1  0.938300 -0.285077 -0.051972  0.423897   2
  1  1  0.938300  0.100242  0.060753  0.469203   5
  1  1  0.938300 -0.194511 -0.013146  0.199403   3
  1  1  0.938300 -0.070216 -0.055421  0.085562   3
  1  1  0.938300  0.063393 -0.097962  0.080810   1
  1  1  0.938300  0.186017 -0.337374  0.334108   2
  1  1  0.938300 -0.063053 -0.048194  0.188489   1
  1  1  0.938300  0.100953  0.132045  0.203438   4
  1  1  0.938300 -0.128918  0.115485  0.002582   1
  1  1  0.938300 -0.051337  0.068391  0.139577   6
  1  1  0.938300  0.115697  0.264291  0.517210   5
  1  1  0.938300 -0.085586  0.033788 -0.024097   1
  1  1  0.938300 -0.154543  0.170867  0.454264   4
  1  1  0.938300  0.100214  0.167360  0.051400   1
  1  1  0.938300 -0.135648  0.011155  0.104682   1
  1  1  0.938300  0.007773 -0.376881  0.161891   2
  1  1  0.938300 -0.003721  0.038388  0.481826   5
  1  1  0.938300  0.300930  0.393893  0.552750   3
  1  1  0.938300  0.069103  0.084201  0.462113   2
  1  1  0.938300  0.217746 -0.148244  0.452856   5
  1  1  0.938300 -0.084827  0.089924  0.167738   2
  1  1  0.938300 -0.278147  0.094657  0.373672   3
  1  1  0.938300  0.029407  0.101351 -0.042355   1
  1  1  0.938300  0.319396  0.262618  0.514485   2
  1  1  0.938300 -0.050945  0.060936 -0.077309   1
  1  1  0.938300  0.074400 -0.049440  0.107446   6
  1  1  0.938300 -0.155943 -0.001374  0.029169   2
  1  1  0.938300 -0.067713  0.072446  0.689833   4
  1  1  0.938300  0.077219  0.577065  0.051984   4
  1  1  0.938300 -0.156903 -0.053135  0.131835   1
  1  1  0.938300  0.107777 -0.170909  0.301669   4
  1  1  0.938300  0.500420 -0.054554  0.702279   4
  1  1  0.938300  0.201139  0.061495  0.064839   1
  1  1  0.938300 -0.119358 -0.070723  0.052538   1
  1  1  0.938300 -0.104667 -0.200699  0.284565   4
  1  1  0.938300  0.120880  0.178509  0.490190   2
  1  1  0.938300 -0.020269 -0.036319  0.145576   1
  1  1  0.938300  0.006387 -0.048398  0.300446   2
  1  1  0.938300  0.147196  0.112739  0.151788   2
  1  1  0.938300  0.075626 -0.058156  0.543885   5
  1  1  0.938300  0.511137 -0.009570  0.562485   3
  1  1  0.938300 -0.143851  0.095897  0.436498   3
  1  1  0.938300 -0.309502  0.068897  0.380410   3
  1  1  0.938300  0.247060 -0.014103  0.125070   3
  1  1  0.938300 -0.023893  0.321926  0.059197   2
  1  1  0.938300 -0.190396  0.257252  0.069851   6
  1  1  0.938300  0.094914 -0.040474  0.180541   3
  1  1  0.938300 -0.015820 -0.088984 -0.018115   3
  1  1  0.938300 -0.003463 -0.126670  0.026861   4
  1  1  0.938300  0.111467  0.100918  0.226445   2
  1  1  0.938300  0.303824  0.252555  0.423053   9
  1  1  0.938300  0.094481 -0.096709  0.061316   2
  1  1  0.938300  0.054184 -0.014156  0.305452   5
  1  1  0.938300 -0.281839 -0.152821  0.080998   6
  1  1  0.938300 -0.078386  0.006962  0.049643   1
  1  1  0.938300 -0.053031 -0.065592  0.221654   1
  1  1  0.938300 -0.064544  0.104982  0.248617   2
  1  1  0.938300 -0.075425 -0.028069  0.109404   2
  1  1  0.938300  0.171768  0.011268  0.211679   3
  1  1  0.938300  0.012809  0.164893  0.189131   3
  1  1  0.938300 -0.110936 -0.015114  0.342914  11
  1  1  0.938300  0.010489  0.022031  0.058641   3
  1  1  0.938300 -0.090229 -0.265065  0.178457   8
  1  1  0.938300 -0.021437  0.229932  0.596433   3
  1  1  0.938300  0.230984  0.162057  0.202427   2
  1  1  0.938300  0.028857 -0.127181  0.512996   6
  1  1  0.938300 -0.102739  0.155706  0.751845   5
  1  1  0.938300 -0.003443  0.269232  0.058691   2
  1  1  0.938300 -0.249944 -0.084589  0.512671   8
  1  1  0.938300 -0.054483  0.248177  0.007709   3
  1  1  0.938300  0.041270 -0.020960  0.110989   1
  1  1  0.938300  0.071093 -0.212157  0.191855   3
  1  0  0.938300 -0.026461 -0.047753  0.142087   3
  1  0  0.938300  0.211568 -0.244336  0.460584   2
  1  0  0.938300 -0.005455  0.004371  0.183179   5
  1  0  0.938300  0.059276 -0.209240  0.043505   3
  1  0  0.938300  0.147031 -0.132272  0.373410   6
  1  0  0.938300  0.057110  0.095854  0.245493   4
  1  0  0.938300  0.156870  0.021292  0.197225   3
  1  0  0.938300 -0.011209  0.197444  0.071351   2
  1  0  0.938300  0.139572 -0.075308  0.267726   3
  1  0  0.938300 -0.051821  0.103597  0.153051   2
  1  0  0.938300  0.105551  0.434599  0.215253   6
  1  0  0.938300 -0.134593 -0.157484  0.100545   3
  1  0  0.938300  0.161105 -0.119523  0.089557   4
  1  0  0.938300  0.017232 -0.013440  0.121554   1
  1  0  0.938300  0.057509  0.028794  0.327559   3
  1  0  0.938300  0.260908  0.113656  0.413072   2
  1  0  0.938300 -0.166614 -0.159915  0.263070   5
  1  0  0.938300  0.078023  0.086706  0.026932   1
  1  0  0.938300  0.012540  0.170060  0.405493   4
  1  0  0.938300  0.162831  0.059641  0.555516   2
  1  0  0.938300  0.118394  0.012992 -0.013132   1
  1  0  0.938300 -0.028146 -0.221168  0.292803   2
  1  0  0.938300 -0.211073  0.067321  0.497541   3
  1  0  0.938300 -0.206615 -0.184764  0.219918   2
  1  0  0.938300  0.015977  0.234810  0.191887   3
  1  0  0.938300 -0.302806 -0.018649  0.141189   2
  1  0  0.938300  0.165598  0.019537  0.501287   2
  1  0  0.938300  0.102460 -0.190082  0.340679   4
  1  0  0.938300  0.133210 -0.129000  0.306458   3
  1  0  0.938300  0.135958  0.033310 -0.092577   1
  1  0  0.938300  0.043904 -0.508571  0.158501   5
  1  0  0.938300  0.049668  0.123872  0.068434   1
  1  0  0.938300 -0.020635 -0.290961  0.345251   4
  1  0  0.938300 -0.040405 -0.186124  0.043571   5
  1  0  0.938300 -0.005872  0.242047  0.305174   8
  1  0  0.938300 -0.077053 -0.093655  0.199100   1
  1  0  0.938300  0.047646  0.091054  0.168833   3
  1  0  0.938300 -0.264478 -0.097719  0.516279   4
  1  0  0.938300 -0.074476  0.254606  0.258078   6
  1  0  0.938300 -0.065689 -0.151320 -0.065464   1
  1  0  0.938300 -0.155673  0.148441  0.304670   3
  1  0  0.938300 -0.141106 -0.014494  0.118680   2
  1  0  0.938300 -0.081636  0.230754  0.167429   3
  1  0  0.938300  0.244173 -0.205553  0.166139   3
  1  0  0.938300  0.259029 -0.209442  0.274245   5
  1  0  0.938300  0.171605 -0.277034  0.269581   3
  1  0  0.938300 -0.004780 -0.140730  0.117084   2
  1  0  0.938300 -0.193090 -0.013778  0.378516   3
  1  0  0.938300 -0.109740 -0.250130  0.350789   2
  1  0  0.938300  0.023986  0.073031 -0.075102   1
  1  0  0.938300  0.266531  0.277625  0.363153   2
  1  0  0.938300  0.023478  0.142850  0.329281   3
  1  0  0.938300  0.012995  0.072398  0.107477   3
  1  0  0.938300  0.215165 -0.195221  0.006306   2
  1  0  0.938300 -0.108702 -0.105508  0.102888   1
  1  0  0.938300  0.023491  0.046896  0.148186   2
  1  0  0.938300  0.469086  0.233244  0.048652   4
  1  0  0.938300 -0.094102  0.175362  0.084260   2
  1  0  0.938300  0.142925 -0.191995  0.186632   2
  1  0  0.938300 -0.076389 -0.176427  0.246545   2
  1  0  0.938300  0.066153 -0.039388 -0.063134   1
  1  0  0.938300  0.338195 -0.177470  0.118044   2
  1  0  0.938300  0.162309 -0.101386  0.374460   3
  1  0  0.938300 -0.146969  0.011171 -0.074808   1
  1  0  0.938300 -0.161066 -0.046179  0.145966   4
  1  0  0.938300 -0.024519  0.132727  0.409938   6
  1  0  0.938300  0.152274 -0.097858  0.051267   5
  1  0  0.938300  0.271148 -0.102572  0.301130   2
  1  0  0.938300  0.049987 -0.057375 -0.181667   2
  1  0  0.938300 -0.097979  0.006362  0.223236   3
  1  0  0.938300  0.052869 -0.100835 -0.013867   1
  1  0  0.938300 -0.312855  0.045518  0.094944   2
  1  0  0.938300  0.090161 -0.395910 -0.014481   3
  1  0  0.938300  0.107552  0.008538  0.005907   1
  1  0  0.938300 -0.041955 -0.050499  0.534371   4
  1  0  0.938300  0.011016 -0.024505  0.493258   3
  1  0  0.938300 -0.222026  0.109886  0.415801   7
  1  0  0.938300  0.028815  0.017061  0.725392   5
  1  0  0.938300 -0.436255 -0.055836  0.405292   4
  1  0  0.938300  0.258890  0.156888  0.114783   3
  1  0  0.938300  0.072312 -0.287562  0.401186   2
  1  0  0.938300 -0.225344  0.330637  0.054586   5
  1  0  0.938300 -0.016261 -0.059027  0.313050   3
  1  0  0.938300 -0.038537  0.099114  0.231811   3
  1  0  0.938300  0.050193 -0.295986 -0.110291   3
  1  0  0.938300  0.015920 -0.336103  0.039721   4
  1  0  0.938300  0.167624 -0.142979  0.117955   1
  1  0  0.938300  0.050790 -0.160129  0.188829   4
  1  0  0.938300 -0.105064 -0.106908  0.390080   2
  1  0  0.938300 -0.080857  0.117941  0.260128   3
  1  0  0.938300 -0.054635  0.029774  0.568526   2
  1  0  0.938300 -0.135397  0.327720  0.205374   4
  1  0  0.938300  0.189133 -0.169041  0.184684   2
  1  0  0.938300 -0.046833 -0.077957  0.309003   2
  1  0  0.938300  0.201334  0.192323  0.164133   7
  1  0  0.938300 -0.252030 -0.092166 -0.041939   3
  1  0  0.938300 -0.140223  0.053666  0.125083   3
  1  0  0.938300  0.144971 -0.206189  0.528283   4
  1  0  0.938300 -0.077594  0.230569  0.187739   9
  1  0  0.938300 -0.129580 -0.044944  0.328753   4
  1  0  0.938300  0.157029  0.002912  0.629296   6
  1  0  0.938300 -0.082905  0.103569  0.049399   1
  1  0  0.938300 -0.054120 -0.091872  0.095422   1
  1  0  0.938300 -0.035661  0.077219  0.300951   5
  1  0  0.938300  0.024654 -0.067630  0.244845   1
  1  0  0.938300  0.232391 -0.230025 -0.007098   2
  1  0  0.938300 -0.099542 -0.123841 -0.050851   1
  1  0  0.938300 -0.033734 -0.122818  0.077695   5
  1  0  0.938300  0.295389  0.323215  0.106824   4
  1  0  0.938300  0.020043  0.067053  0.048688   3
  1  0  0.938300 -0.048848 -0.144050  0.272297   2
  1  0  0.938300 -0.021037 -0.138563  0.029153   5
  1  0  0.938300 -0.271131 -0.192335  0.585122   5
  1  0  0.938300 -0.122679 -0.013990  0.304830   2
  1  0  0.938300  0.005864  0.041178 -0.157375   3
  1  0  0.938300 -0.020983 -0.026236  0.053290   1
  1  0  0.938300 -0.214057 -0.055227 -0.008344   1
  1  0  0.938300  0.060547  0.210299  0.601709   4
  1  1  0.938300  0.041531  0.146550  0.574101  -2
  1  1  0.938300 -0.082638 -0.005433  0.545909  -1
  1  1  0.938300  0.138784  0.102499 -0.019617  -5
  1  1  0.938300 -0.201066 -0.211845  0.237078  -4
  1  1  0.938300 -0.023001 -0.150598  0.167211  -3
  1  1  0.938300 -0.002177 -0.095315  0.367163  -3
  1  1  0.938300 -0.128429 -0.058147  0.437463  -1
  1  1  0.938300 -0.004868 -0.081878  0.419491  -1
  1  1  0.938300  0.271258  0.013833  0.384439  -2
  1  1  0.938300 -0.107095  0.236275  0.198614  -4
  1  1  0.938300 -0.006033 -0.107013  0.286250  -7
  1  1  0.938300  0.090635 -0.429917  0.345994  -3
  1  1  0.938300  0.382635  0.071916  0.115169  -5
  1  1  0.938300  0.131649  0.161900  0.106306  -3
  1  1  0.938300  0.068236 -0.245690  0.472707  -1
  1  1  0.938300 -0.236948  0.265166  0.340568  -5
  1  1  0.938300  0.121000 -0.086839  0.314631  -3
  1  1  0.938300  0.083328  0.338223  0.086260  -3
  1  1  0.938300 -0.059299 -0.066620  0.490050  -1
  1  1  0.938300 -0.171864 -0.018902  0.011142  -3
  1  1  0.938300  0.172412  0.432062  0.251727  -6
  1  1  0.938300  0.073215  0.154860  0.092162  -2
  1  1  0.938300 -0.391960 -0.065014  0.149542  -4
  1  1  0.938300  0.122750 -0.028172  0.190632  -2
  1  1  0.938300  0.054285 -0.051317  0.468108  -1
  1  1  0.938300 -0.241767 -0.083654  0.509707  -2
  1  1  0.938300  0.023924 -0.194812  0.322775  -3
  1  1  0.938300 -0.009547  0.029383  0.185250  -4
  1  1  0.938300 -0.165107  0.133440 -0.049327  -4
  1  1  0.938300 -0.039190 -0.046956  0.697999  -1
  1  1  0.938300 -0.008515  0.054285  0.551181  -1
  1  1  0.938300  0.143131 -0.047878  0.505864  -5
  1  1  0.938300  0.104269  0.159325  0.239242  -3
  1  1  0.938300  0.149817 -0.475212  0.515346  -2
  1  1  0.938300 -0.051109 -0.017926  0.312171  -3
  1  1  0.938300 -0.124250  0.178708  0.525669  -1
  1  1  0.938300 -0.047591 -0.202597  0.391265  -1
  1  1  0.938300  0.065794 -0.284754  0.312123  -3
  1  1  0.938300 -0.042573 -0.051411  0.331132  -4
  1  1  0.938300 -0.171623 -0.141072  0.184905  -4
  1  1  0.938300 -0.140556 -0.041427  0.083725  -3
  1  1  0.938300 -0.043710  0.216491  0.247617  -3
  1  1  0.938300  0.049141  0.038080  0.411134  -2
  1  1  0.938300 -0.026244 -0.174122  0.087024  -3
  1  1  0.938300  0.110659 -0.001790  0.620484  -4
  1  1  0.938300 -0.061344 -0.023066  0.647614  -1
  1  1  0.938300  0.006962 -0.088878  0.074970  -3
  1  1  0.938300 -0.197521  0.075443  0.604251  -2
  1  1  0.938300  0.016509  0.003547  0.468454  -1
  1  1  0.938300 -0.216881 -0.017035  0.113201  -3
  1  1  0.938300  0.069051 -0.040768  0.199710  -6
  1  1  0.938300 -0.264871 -0.135377  0.275147  -4
  1  1  0.938300  0.132866 -0.203705  0.321522  -3
  1  1  0.938300  0.156496  0.290237  0.187867  -2
  1  1  0.938300  0.017106 -0.129479  0.438386  -3
  1  1  0.938300  0.016666  0.142477  0.364953  -6
  1  1  0.938300  0.047777 -0.317155  0.321748  -2
  1  1  0.938300  0.148252 -0.046487  0.252404  -4
  1  1  0.938300  0.098903  0.138149  0.595188  -1
  1  1  0.938300  0.070257 -0.141541  0.392299  -3
  1  1  0.938300  0.088421  0.059580  0.671381  -1
  1  1  0.938300 -0.219362 -0.120280  0.567760  -3
  1  1  0.938300  0.208986 -0.145081  0.435214  -3
  1  1  0.938300 -0.014673  0.131669  0.418341  -2
  1  1  0.938300 -0.095976 -0.122168  0.473945  -1
  1  1  0.938300  0.009366 -0.044089  0.290379  -5
  1  1  0.938300 -0.564593  0.098297  0.314907  -3
  1  1  0.938300 -0.120000 -0.118260  0.324280  -3
  1  1  0.938300  0.014228 -0.058814  0.583488  -1
  1  1  0.938300 -0.076345  0.355781  0.373071  -2
  1  1  0.938300  0.183127  0.174062  0.336199  -3
  1  1  0.938300 -0.221699  0.046069  0.405075  -3
  1  1  0.938300 -0.011872 -0.162473  0.173766  -5
  1  1  0.938300  0.154120  0.140691  0.798262  -3
  1  1  0.938300 -0.077527  0.224278  0.516962  -2
  1  1  0.938300  0.108527 -0.131515  0.459254  -2
  1  1  0.938300 -0.015627 -0.118773  0.399228  -1
  1  1  0.938300 -0.215180  0.026957  0.527180  -1
  1  1  0.938300 -0.082918 -0.123204  0.160494  -2
  1  0  0.938300 -0.042773  0.132722  0.493551  -5
  1  0  0.938300  0.091890  0.193859  0.415474  -2
  1  0  0.938300  0.227965  0.319179  0.374642  -2
  1  0  0.938300  0.059789  0.062175  0.335541  -2
  1  0  0.938300 -0.114065  0.090308  0.505644  -1
  1  0  0.938300  0.583867 -0.174284  0.336706  -4
  1  0  0.938300  0.101919 -0.028022  0.133365  -2
  1  0  0.938300 -0.108671 -0.080813  0.400545  -2
  1  0  0.938300 -0.267489  0.260769  0.247109  -4
  1  0  0.938300 -0.076262  0.005651  0.249028  -4
  1  0  0.938300 -0.418211  0.238359  0.485665  -2
  1  0  0.938300 -0.063053  0.174015  0.409096  -1
  1  0  0.938300  0.058528  0.087176  0.504388  -1
  1  0  0.938300  0.020733 -0.169188  0.370801  -4
  1  0  0.938300  0.117719 -0.184735  0.534357  -1
  1  0  0.938300 -0.382084 -0.159493  0.198048  -2
  1  0  0.938300  0.056568 -0.025316  0.196909  -4
  1  0  0.938300  0.010185  0.085430  0.347985  -3
  1  0  0.938300  0.026874  0.035583  0.359942  -1
  1  0  0.938300  0.017429 -0.076446  0.338685  -1
  1  0  0.938300 -0.233985  0.030714  0.514936  -2
  1  0  0.938300  0.048939 -0.153226  0.277948  -2
  1  0  0.938300  0.109470 -0.065926  0.711815  -2
  1  0  0.938300  0.208341  0.186793  0.226370  -2
  1  0  0.938300  0.127402 -0.051591  0.280832  -1
  1  0  0.938300 -0.112499  0.457789  0.081521  -3
  1  0  0.938300 -0.081865 -0.053529 -0.088567  -4
  1  0  0.938300  0.215601  0.208099  0.422481  -3
  1  0  0.938300 -0.110089 -0.008947  0.560507  -3
  1  0  0.938300 -0.095983 -0.159011 -0.019337  -3
  1  0  0.938300 -0.150945  0.008350  0.412457  -3
  1  0  0.938300 -0.335423  0.036350  0.288213  -3
  1  0  0.938300 -0.003207  0.143994  0.408243  -2
  1  0  0.938300  0.121384 -0.165629  0.437698  -3
  1  0  0.938300  0.009750  0.001766  0.384944  -1
  1  0  0.938300  0.162552  0.021692  0.093944  -6
  1  0  0.938300  0.185475  0.030799  0.587257  -2
  1  0  0.938300 -0.167333  0.218530  0.359589  -3
  1  0  0.938300 -0.005058  0.160982  0.613593  -2
  1  0  0.938300  0.305447 -0.267538  0.436232  -3
  1  0  0.938300 -0.031611 -0.190171  0.071269  -3
  1  0  0.938300  0.093637  0.403231  0.419307  -6
  1  0  0.938300  0.062021  0.028554  0.272623  -3
  1  0  0.938300  0.205344 -0.045781  0.502030  -5
  1  0  0.938300  0.097180  0.037722  0.341983  -4
  1  0  0.938300 -0.132027  0.103338 -0.032727  -3
  1  0  0.938300  0.195231  0.251917  0.281389  -6
  1  0  0.938300  0.032398 -0.010236  0.537589  -1
  1  0  0.938300  0.100383  0.062589  0.128525  -6
  1  0  0.938300 -0.119259 -0.127963  0.503355  -3
  1  0  0.938300 -0.040682 -0.025232  0.150842  -1
  1  0  0.938300 -0.008987 -0.217719  0.146877  -3
  1  0  0.938300 -0.373969  0.035045  0.144330  -6
  1  0  0.938300  0.263532 -0.440590  0.310406  -3
  1  0  0.938300  0.127606 -0.081497  0.149797  -3
  1  0  0.938300 -0.083145  0.327869  0.165283  -3
  1  0  0.938300  0.313618  0.315212  0.209231  -2
  1  0  0.938300 -0.070886 -0.056491  0.530766  -1
  1  0  0.938300 -0.183806 -0.016152  0.122505  -5
  1  0  0.938300 -0.041864 -0.070899  0.291430  -2
  1  0  0.938300 -0.177371  0.012563  0.608958  -1
  1  0  0.938300  0.103780  0.103379  0.296729  -6
  1  0  0.938300  0.067579 -0.246210  0.109699  -3
  1  0  0.938300  0.156973  0.033246  0.415854  -1
  1  0  0.938300 -0.248121 -0.323692  0.292142  -7
  1  0  0.938300  0.039020  0.242972  0.259889  -3
  1  0  0.938300  0.002315 -0.022755  0.581868  -1
  1  0  0.938300  0.224347  0.055173  0.439761  -5
  1  0  0.938300  0.025699 -0.054277  0.274678  -4
  1  0  0.938300  0.102384  0.022659  0.529343  -1
  1  0  0.938300 -0.386882 -0.053390  0.375716  -2
  1  0  0.938300  0.017045 -0.001262  0.268309  -4
  1  0  0.938300 -0.023533 -0.048130  0.610319  -6
  1  0  0.938300  0.079867 -0.019659  0.238304  -2
  1  0  0.938300  0.370536 -0.223348  0.250628  -4
  1  0  0.938300 -0.346672  0.164497  0.697249  -5
  1  0  0.938300  0.051318 -0.130644  0.150106  -4
  1  0  0.938300 -0.084353 -0.051421  0.096763  -5
  1  0  0.938300 -0.072220 -0.207942  0.318437  -6
  1  0  0.938300 -0.024404 -0.402093  0.048722  -2
  1  0  0.938300 -0.067444 -0.017950 -0.144825  -2
  1  0  0.938300  0.052634  0.135582  0.311081  -2
  1  0  0.938300  0.034252  0.115747  0.351195  -6
  1  0  0.938300 -0.064801  0.107853  0.651384  -1
  1  0  0.938300  0.125775 -0.100204  0.490347  -1
  1  0  0.938300  0.063468 -0.219622  0.583671  -2
  1  0  0.938300  0.083152 -0.118953  0.427787  -1
  1  0  0.938300 -0.109777  0.143059  0.513885  -1
  1  0  0.938300 -0.302860 -0.129990  0.237101  -3
  1  0  0.938300  0.039474 -0.238093  0.486879  -2
  1  0  0.938300  0.057109 -0.069546  0.545451  -1
  1  0  0.938300  0.238564 -0.015327  0.477281  -2
  1  0  0.938300 -0.173140 -0.213830  0.596718  -3
  1  0  0.938300 -0.006962 -0.097691  0.156127  -3
  1  0  0.938300  0.062443  0.119289  0.552423  -4
  1  0  0.938300 -0.544600  0.254665  0.379414  -3
  1  0  0.938300  0.247440 -0.153437  0.711886  -2
  1  0  0.938300 -0.021539 -0.007188  0.031553  -6
  1  0  0.938300 -0.103941 -0.019567  0.210228 -10
  1  0  0.938300 -0.207783 -0.139149  0.262184  -8
  1  0  0.938300  0.248446  0.255531  0.296833  -7
  1  0  0.938300  0.082176  0.060877  0.723606  -2
  1  0  0.938300  0.089382  0.359965  0.031373  -2
  1  0  0.938300  0.154353  0.311852  0.521286  -2
  1  0  0.938300 -0.195615  0.080860  0.544045  -3
  1  0  0.938300 -0.076615  0.126688  0.073718  -3
  1  0  0.938300  0.076559 -0.003206  0.646179  -1
  1  0  0.938300  0.182496  0.109007  0.405106  -1
  1  0  0.938300 -0.134385  0.106546  0.685674  -1
  1  0  0.938300 -0.304925  0.123713  0.476581  -2
  1  0  0.938300  0.129563  0.025973  0.400501  -1
  1  0  0.938300 -0.190344 -0.046862  0.379389  -2
  1  0  0.938300  0.099480  0.142753  0.408265  -4
  1  0  0.938300 -0.469037 -0.118166  0.300037  -6
  1  0  0.938300 -0.093420 -0.077088  0.347847  -3
  1  0  0.938300 -0.062892  0.187612  0.329345  -3
  1  0  0.938300 -0.361371 -0.011903  0.162691  -3
  1  0  0.938300  0.258596 -0.062662  0.226370  -3