  1  1  0.938300  0.142938 -0.016453  0.294650   5
  1  1  0.938300  0.311240  0.252501  0.309559   4
  1  1  0.938300  0.037678  0.043260  0.313577   3
  1  1  0.938300  0.124664  0.023160  0.107857   4
  1  1  0.938300 -0.075085 -0.021942  0.110404   1
  1  1  0.938300  0.246717  0.194494  0.127944   2
  1  1  0.938300  0.081809 -0.080190 -0.086577   1
  1  1  0.938300 -0.182273 -0.410162  0.326546   3
  1  1  0.938300  0.087963 -0.272520 -0.050437   3
  1  1  0.938300 -0.057598 -0.030483 -0.084574   3
  1  1  0.938300 -0.025918 -0.108372  0.304244   4
  1  1  0.938300  0.241534 -0.017578  0.417103   3
  1  1  0.938300 -0.048654  0.157032 -0.033540   1
  1  1  0.938300  0.144182 -0.269401  0.530270   2
  1  1  0.938300  0.445112  0.120468  0.526473   6
  1  1  0.938300  0.012884 -0.162972  0.036910   3
  1  1  0.938300  0.138348  0.055804  0.405334   5
  1  1  0.938300  0.133997  0.016288  0.329805   2
  1  1  0.938300 -0.125482 -0.166508 -0.045959   4
  1  1  0.938300 -0.150283 -0.146350  0.076577   2
  1  1  0.938300  0.142435 -0.182432  0.198629   3
  1  1  0.938300  0.102441  0.364508  0.329107   3
  1  1  0.938300 -0.219936 -0.100534  0.241157   2
  1  1  0.938300 -0.048910 -0.060837  0.244445   6
  1  1  0.938300  0.208173  0.017989  0.105262   1
  1  1  0.938300  0.203904  0.130306  0.042134   1
  1  1  0.938300 -0.142740  0.110508  0.040144   2
  1  1  0.938300  0.000325  0.006278 -0.036825   2
  1  1  0.938300  0.051717  0.295664  0.106722   2
  1  1  0.938300  0.106437 -0.162856  0.228504   2
  1  1  0.938300 -0.039361 -0.160680  0.013998   3
  1  1  0.938300 -0.260600 -0.171185  0.282056   2
  1  1  0.938300  0.085535  0.255815  0.277360   2
  1  1  0.938300 -0.144786  0.230866  0.279186   2
  1  1  0.938300 -0.194623 -0.058868  0.034305   1
  1  1  0.938300 -0.335361 -0.076253  0.016119   3
  1  1  0.938300  0.039472  0.065397  0.471122   3
  1  1  0.938300 -0.052441 -0.034477  0.095236   1
  1  1  0.938300  0.026780 -0.108665  0.346917   4
  1  1  0.938300  0.063362  0.111314 -0.015900   2
  1  1  0.938300  0.058404  0.046518  0.207698   1
  1  1  0.938300 -0.526672 -0.236359  0.302328   2
  1  1  0.938300  0.201609 -0.036130  0.231837   5
  1  1  0.938300 -0.077805 -0.060211  0.037545   7
  1  1  0.938300  0.141883 -0.063984  0.384725   2
  1  1  0.938300  0.112860 -0.141637  0.666509   3
  1  1  0.938300 -0.264601 -0.332209 -0.043774   2
  1  1  0.938300 -0.363049  0.247338  0.296822   2
  1  1  0.938300  0.125968 -0.117847  0.029357   2
  1  1  0.938300 -0.093867 -0.093526 -0.034413   1
  1  1  0.938300 -0.009160  0.264170  0.393729   3
  1  1  0.938300 -0.010227  0.062552 -0.067838   5
  1  1  0.938300 -0.318992  0.081099  0.292485   5
  1  1  0.938300 -0.246887  0.074501  0.191722   2
  1  1  0.938300 -0.049649 -0.017517 -0.023440   1
  1  1  0.938300 -0.060215  0.057819  0.264629   3
  1  1  0.938300  0.209873 -0.039170  0.597242   2
  1  1  0.938300 -0.019815  0.103860  0.329767   2
  1  1  0.938300 -0.002889  0.156044  0.019744   1
  1  1  0.938300 -0.139871 -0.169792 -0.034966   2
  1  1  0.938300  0.199624  0.141194  0.617014   3
  1  1  0.938300 -0.089308  0.112080  0.168836   4
  1  1  0.938300  0.128530  0.268247  0.169816   4
  1  1  0.938300 -0.080003 -0.077550  0.782537   2
  1  1  0.938300  0.428185 -0.075644  0.370944   2
  1  1  0.938300  0.269990  0.072439  0.299158   2
  1  1  0.938300 -0.050322 -0.004040 -0.041915   2
  1  1  0.938300 -0.307996 -0.026434  0.207398   3
  1  1  0.938300  0.372181  0.098092  0.008661   3
  1  1  0.938300  0.148338 -0.139854  0.101216   2
  1  1  0.938300  0.194964 -0.099255  0.360948   2
  1  1  0.938300  0.083314  0.048612  0.255612   3
  1  1  0.938300  0.027657  0.152073  0.353434   5
  1  1  0.938300  0.074764  0.053269  0.384686   3
  1  1  0.938300  0.182229 -0.157596  0.230285   3
  1  1  0.938300  0.176021 -0.298773  0.258429   6
  1  1  0.938300 -0.035650  0.010420  0.080311   2
  1  1  0.938300 -0.001045  0.002047 -0.048665   1
  1  1  0.938300  0.179086 -0.177548  0.404359   4
  1  0  0.938300 -0.363215 -0.117737  0.152690   2
  1  0  0.938300  0.009371 -0.075912  0.065486   1
  1  0  0.938300 -0.026664 -0.093917  0.117641   2
  1  0  0.938300 -0.265621 -0.211825  0.080333   2
  1  0  0.938300 -0.102698  0.041458  0.447255   2
  1  0  0.938300  0.175412  0.023216  0.371034   3
  1  0  0.938300  0.066450 -0.096331  0.262841   4
  1  0  0.938300 -0.139093 -0.038078  0.415822   3
  1  0  0.938300 -0.366186 -0.090055  0.367896   3
  1  0  0.938300 -0.069081 -0.163285  0.141972   3
  1  0  0.938300  0.194003 -0.094182  0.250506   2
  1  0  0.938300 -0.138635 -0.052948  0.150551   2
  1  0  0.938300 -0.095214  0.123774  0.372339   4
  1  0  0.938300  0.099159 -0.109777  0.034793   1
  1  0  0.938300 -0.054317  0.000731  0.126398   3
  1  0  0.938300  0.016892 -0.212963  0.225529   3
  1  0  0.938300 -0.249091 -0.126973  0.150923   3
  1  0  0.938300  0.213805 -0.093994  0.113575   3
  1  0  0.938300 -0.036722 -0.073479  0.045531   1
  1  0  0.938300 -0.127091  0.149050  0.156842   2
  1  0  0.938300  0.272167 -0.214376  0.014682   2
  1  0  0.938300 -0.083370  0.224312  0.453454   4
  1  0  0.938300  0.099234  0.114074 -0.001343   1
  1  0  0.938300 -0.018516  0.257861  0.243285   3
  1  0  0.938300 -0.078857 -0.035596  0.050393   1
  1  0  0.938300 -0.157232  0.103059  0.209689   5
  1  0  0.938300  0.050275 -0.020738  0.260581   4
  1  0  0.938300 -0.103923 -0.158701  0.155896   3
  1  0  0.938300 -0.114242  0.025726  0.405877   3
  1  0  0.938300  0.141438 -0.014315 -0.059484   1
  1  0  0.938300  0.108142 -0.285785  0.564825   5
  1  0  0.938300  0.040072 -0.300154  0.435561   4
  1  0  0.938300 -0.013752  0.106380 -0.034301   1
  1  0  0.938300 -0.232500 -0.088015  0.422908   6
  1  0  0.938300  0.078456  0.040184  0.204551   2
  1  0  0.938300 -0.141614 -0.177658  0.220133   2
  1  0  0.938300  0.134775  0.051165  0.046168   6
  1  0  0.938300 -0.089742 -0.000397  0.187411   4
  1  0  0.938300 -0.066836 -0.126785  0.238508   2
  1  0  0.938300 -0.265453 -0.138202  0.098307   2
  1  0  0.938300 -0.180240 -0.068765  0.307538   2
  1  0  0.938300 -0.197245  0.048066  0.493350   7
  1  0  0.938300  0.136092 -0.351857  0.181455   4
  1  0  0.938300 -0.067589  0.044969  0.242292   2
  1  0  0.938300 -0.052038  0.072538  0.126321   3
  1  0  0.938300 -0.342160 -0.014214  0.472005   4
  1  0  0.938300 -0.250902  0.041486 -0.025694   2
  1  0  0.938300  0.301228  0.105547  0.084511   6
  1  0  0.938300 -0.150671  0.079476  0.041253   2
  1  0  0.938300 -0.192532  0.358327  0.130656   2
  1  0  0.938300 -0.083619  0.031181  0.094154   3
  1  0  0.938300  0.292292  0.176468  0.322867   4
  1  0  0.938300  0.175361  0.066516  0.436691   3
  1  0  0.938300  0.243742  0.135805  0.055216   2
  1  0  0.938300 -0.287430 -0.059774  0.440084   3
  1  0  0.938300  0.205567  0.034864 -0.019671   2
  1  0  0.938300  0.193986 -0.021038  0.313134   3
  1  0  0.938300 -0.011946 -0.009713  0.432686   3
  1  0  0.938300 -0.141810  0.190323  0.326722   2
  1  0  0.938300 -0.165576  0.182782  0.118247   4
  1  0  0.938300 -0.045813  0.035953 -0.074700   1
  1  0  0.938300 -0.021933  0.007354 -0.187525   1
  1  0  0.938300 -0.019610 -0.004279  0.082909   1
  1  0  0.938300 -0.167686  0.016061  0.136697   2
  1  0  0.938300  0.035722 -0.260619  0.015557   3
  1  0  0.938300 -0.077929  0.053331  0.305819   1
  1  0  0.938300  0.015888  0.140079  0.265294   2
  1  0  0.938300  0.038912 -0.065697 -0.152519   1
  1  0  0.938300 -0.014286 -0.150212  0.474924   6
  1  0  0.938300  0.226371  0.074227  0.329174   2
  1  0  0.938300  0.137318 -0.160785  0.122462   2
  1  0  0.938300 -0.005537 -0.158272 -0.111261   1
  1  0  0.938300  0.147331 -0.035418  0.167126   3
  1  0  0.938300 -0.208963  0.033644 -0.214782   3
  1  0  0.938300 -0.037307  0.142423  0.211812   3
  1  0  0.938300  0.380524  0.162354  0.066549   3
  1  0  0.938300  0.103850  0.303359  0.167838   2
  1  0  0.938300 -0.118353 -0.087078  0.141284   3
  1  0  0.938300  0.117365  0.108466 -0.020081   1
  1  0  0.938300  0.093779  0.232610  0.277729   4
  1  0  0.938300  0.070455  0.207285 -0.002500   3
  1  0  0.938300 -0.071465  0.111408  0.207541   2
  1  0  0.938300 -0.098217  0.101201 -0.051189   1
  1  0  0.938300  0.024060 -0.063445  0.219010   1
  1  0  0.938300  0.131751 -0.062955  0.224847   2
  1  0  0.938300  0.180905 -0.060670  0.184412   3
  1  0  0.938300 -0.054242  0.180816  0.238813   2
  1  0  0.938300 -0.246378  0.088066  0.343929   5
  1  0  0.938300 -0.049931 -0.119098 -0.055128   1
  1  0  0.938300 -0.068347  0.150181  0.446789   5
  1  0  0.938300 -0.184877  0.387657  0.086501   5
  1  0  0.938300  0.119916 -0.102886  0.410476   4
  1  0  0.938300 -0.216958 -0.048784  0.125721   2
  1  0  0.938300 -0.166742 -0.181827  0.029543   1
  1  0  0.938300  0.280622 -0.092195  0.031562   3
  1  0  0.938300  0.180488  0.235763 -0.024222   2
  1  0  0.938300  0.221518 -0.279784  0.108331   3
  1  0  0.938300  0.102995  0.110555  0.170005   1
  1  0  0.938300 -0.206302  0.185207  0.307077   4
  1  0  0.938300 -0.078118  0.061100  0.086797   3
  1  0  0.938300  0.229293 -0.046670  0.102271   3
  1  0  0.938300 -0.240323  0.191518  0.314161   6
  1  0  0.938300  0.213346 -0.105977  0.032881   4
  1  0  0.938300 -0.039036  0.059950  0.317470   3
  1  0  0.938300 -0.088498 -0.180253  0.277857   2
  1  0  0.938300  0.193495 -0.133743  0.414131   2
  1  0  0.938300 -0.006011  0.168170 -0.097445   1
  1  0  0.938300  0.043618 -0.030532  0.469643   3
  1  0  0.938300 -0.037390  0.093526  0.036281   4
  1  0  0.938300 -0.118526 -0.059117 -0.083577   2
  1  0  0.938300 -0.190002 -0.150696  0.290905   2
  1  0  0.938300 -0.150068 -0.181175  0.451842   4
  1  0  0.938300 -0.040200  0.182828  0.519585   3
  1  0  0.938300 -0.173536 -0.128693  0.246112   3
  1  0  0.938300 -0.076636 -0.217119  0.183918   2
  1  0  0.938300  0.003769 -0.159618  0.067974   5
  1  0  0.938300  0.055108  0.106196 -0.081830   3
  1  0  0.938300 -0.150800  0.200248  0.261420   3
  1  1  0.938300  0.016026 -0.074307  0.568113  -1
  1  1  0.938300  0.058939 -0.022472 -0.089238  -4
  1  1  0.938300  0.100253 -0.020027  0.401433  -2
  1  1  0.938300 -0.174681  0.193970  0.147106  -3
  1  1  0.938300 -0.019928  0.066002  0.329969  -3
  1  1  0.938300 -0.182080  0.089281  0.520943  -5
  1  1  0.938300 -0.357940 -0.094646  0.375497  -3
  1  1  0.938300 -0.152981  0.240340  0.178555  -2
  1  1  0.938300 -0.271333  0.118460  0.065565  -2
  1  1  0.938300 -0.072088 -0.106772  0.274240  -1
  1  1  0.938300 -0.301270  0.156456  0.241770  -3
  1  1  0.938300  0.060848  0.088200  0.072623  -4
  1  1  0.938300 -0.237985  0.226286  0.101451  -4
  1  1  0.938300 -0.016809 -0.180742  0.608030  -1
  1  1  0.938300 -0.030229 -0.181924  0.126893  -4
  1  1  0.938300  0.152224 -0.007557  0.365087  -2
  1  1  0.938300 -0.024255  0.303272  0.431260  -5
  1  1  0.938300 -0.094005 -0.107960  0.437989  -2
  1  1  0.938300 -0.186668  0.034639  0.351238  -2
  1  1  0.938300 -0.155991 -0.029956  0.463684  -1
  1  1  0.938300  0.078308 -0.046500  0.529467  -1
  1  1  0.938300  0.116828 -0.084638  0.667626  -6
  1  1  0.938300 -0.031564 -0.045925  0.087012  -5
  1  1  0.938300  0.116860  0.070835  0.446611  -1
  1  1  0.938300  0.279923 -0.023874  0.524135  -3
  1  1  0.938300  0.128331  0.177264  0.213495  -6
  1  1  0.938300 -0.196708  0.177777  0.158805  -2
  1  1  0.938300  0.131320  0.114317  0.213113  -3
  1  1  0.938300  0.118276 -0.213299  0.548257  -2
  1  1  0.938300  0.040444  0.178204  0.491520  -3
  1  1  0.938300  0.103519  0.043438  0.468192  -1
  1  1  0.938300 -0.031240 -0.278261  0.307943  -2
  1  1  0.938300 -0.019564  0.097258  0.453104  -4
  1  1  0.938300  0.094502  0.187364  0.255161  -2
  1  1  0.938300 -0.231730  0.021921  0.152424  -5
  1  1  0.938300  0.055612 -0.078036  0.289578  -3
  1  1  0.938300  0.007284 -0.034360  0.170253  -4
  1  1  0.938300 -0.257103  0.120094  0.161666  -5
  1  1  0.938300 -0.004442  0.062438  0.340672  -3
  1  1  0.938300 -0.041149 -0.119908  0.622838  -1
  1  1  0.938300  0.416389  0.512543  0.418607  -7
  1  1  0.938300  0.184142  0.054661  0.333708  -4
  1  1  0.938300 -0.327729  0.191380  0.524391  -2
  1  1  0.938300  0.027096 -0.136124  0.364755  -2
  1  1  0.938300 -0.265023  0.147776  0.419891  -4
  1  1  0.938300  0.198038  0.107214  0.256379  -4
  1  1  0.938300 -0.199427  0.043268  0.189900  -2
  1  1  0.938300  0.156502  0.035797  0.655484  -1
  1  1  0.938300 -0.136992  0.230570  0.350491  -2
  1  1  0.938300 -0.134796 -0.031105  0.357606  -1
  1  1  0.938300  0.067576  0.087401  0.416752  -4
  1  1  0.938300 -0.072470  0.089866  0.476034  -1
  1  1  0.938300  0.174963 -0.184706  0.152767  -3
  1  1  0.938300  0.131531 -0.003207  0.627844  -1
  1  1  0.938300  0.031742  0.079332  0.334462  -5
  1  1  0.938300  0.086363 -0.018159 -0.038518  -5
  1  1  0.938300 -0.086378 -0.435086  0.205690  -2
  1  1  0.938300  0.135165 -0.051058  0.366389  -2
  1  1  0.938300  0.147459 -0.181065  0.232936  -5
  1  1  0.938300 -0.236023 -0.129429  0.316411  -8
  1  1  0.938300 -0.121905 -0.015877  0.073485  -4
  1  1  0.938300 -0.095271 -0.061176  0.462580  -1
  1  1  0.938300  0.415455 -0.261526  0.370295  -3
  1  1  0.938300  0.083133  0.142273  0.214120  -2
  1  1  0.938300  0.438387  0.250645  0.265253  -3
  1  1  0.938300  0.070285 -0.087777  0.483645  -3
  1  1  0.938300 -0.160901 -0.010977  0.526232  -3
  1  1  0.938300 -0.093659 -0.167241  0.465660  -1
  1  1  0.938300 -0.015723 -0.140591  0.390767  -8
  1  1  0.938300  0.030761  0.053706  0.525872  -1
  1  1  0.938300  0.170693 -0.077734  0.726422  -4
  1  1  0.938300 -0.037023 -0.006581  0.305897  -3
  1  1  0.938300  0.069287  0.043020  0.341916  -2
  1  1  0.938300  0.067351  0.005684  0.521342  -1
  1  1  0.938300 -0.348563  0.078696  0.262931  -3
  1  1  0.938300  0.192335 -0.020297  0.560674  -1
  1  1  0.938300  0.370433 -0.155144  0.326894  -3
  1  1  0.938300  0.211892  0.177069  0.401284  -4
  1  1  0.938300  0.134062 -0.122838  0.098251  -3
  1  0  0.938300 -0.171278  0.129019  0.627615  -3
  1  0  0.938300  0.082288  0.276408  0.397040  -2
  1  0  0.938300  0.336019 -0.413363  0.156853  -3
  1  0  0.938300 -0.089637 -0.025051  0.607190  -1
  1  0  0.938300 -0.223885  0.230076  0.161434  -3
  1  0  0.938300 -0.202115 -0.289184  0.211670  -3
  1  0  0.938300  0.145257  0.312762  0.372198  -3
  1  0  0.938300  0.315617 -0.115732  0.305399  -3
  1  0  0.938300 -0.086987 -0.003644  0.336164  -3
  1  0  0.938300  0.247456 -0.054831  0.477760  -3
  1  0  0.938300  0.263105 -0.054700  0.270809  -4
  1  0  0.938300 -0.115414  0.253069  0.320620  -2
  1  0  0.938300  0.356370 -0.045729  0.466485  -5
  1  0  0.938300  0.001757 -0.050473  0.367908  -3
  1  0  0.938300 -0.080076  0.075172  0.611122  -2
  1  0  0.938300 -0.041561 -0.124265  0.237586  -1
  1  0  0.938300 -0.123945  0.217343  0.338812  -5
  1  0  0.938300 -0.113585 -0.142428  0.488412  -1
  1  0  0.938300  0.103479 -0.159084  0.096146  -3
  1  0  0.938300 -0.291183 -0.166572  0.458125  -2
  1  0  0.938300 -0.244775 -0.224967  0.570146  -2
  1  0  0.938300  0.234499 -0.146085  0.222248  -3
  1  0  0.938300 -0.039933  0.101341  0.308225  -3
  1  0  0.938300  0.039080  0.198131  0.564506  -2
  1  0  0.938300 -0.074004  0.172959  0.621451  -1
  1  0  0.938300  0.221504 -0.010700  0.280321  -4
  1  0  0.938300  0.161427  0.048239  0.299126  -3
  1  0  0.938300  0.056939 -0.040382  0.589919  -1
  1  0  0.938300  0.251433 -0.068136  0.315272  -2
  1  0  0.938300 -0.028861 -0.106311  0.268255  -2
  1  0  0.938300  0.228399 -0.258608  0.060844  -3
  1  0  0.938300  0.140934 -0.087570  0.452326  -5
  1  0  0.938300 -0.085310 -0.074068  0.500238  -3
  1  0  0.938300 -0.144789  0.035282  0.574161  -1
  1  0  0.938300  0.228876 -0.028715  0.224381  -3
  1  0  0.938300 -0.051741 -0.029999  0.451535  -1
  1  0  0.938300 -0.224925  0.219380  0.037691  -4
  1  0  0.938300  0.063783 -0.013845  0.387325  -3
  1  0  0.938300 -0.060130  0.012528  0.559171  -2
  1  0  0.938300 -0.118726  0.257759  0.189791  -2
  1  0  0.938300 -0.166656 -0.300966  0.332314  -2
  1  0  0.938300 -0.105551  0.102352  0.477566  -1
  1  0  0.938300 -0.188823 -0.102911  0.281905  -4
  1  0  0.938300  0.266594  0.189429  0.537184  -3
  1  0  0.938300 -0.054638  0.041241  0.324035  -3
  1  0  0.938300 -0.126994 -0.042694  0.439941  -3
  1  0  0.938300  0.126571  0.105310  0.088579  -2
  1  0  0.938300  0.113733  0.128432  0.431033  -1
  1  0  0.938300 -0.002277  0.162870  0.418397  -5
  1  0  0.938300 -0.283175  0.003152  0.366143  -2
  1  0  0.938300 -0.040769 -0.052648  0.357021  -5
  1  0  0.938300  0.185032  0.014869  0.322843  -1
  1  0  0.938300  0.211123 -0.075030  0.382506  -2
  1  0  0.938300  0.131178  0.123684  0.331291  -2
  1  0  0.938300  0.188830  0.096289  0.546273  -3
  1  0  0.938300  0.051110 -0.091620  0.423669  -1
  1  0  0.938300  0.349083 -0.060997  0.240875  -3
  1  0  0.938300 -0.096789 -0.144683  0.591840  -1
  1  0  0.938300 -0.235353  0.016036  0.216224  -3
  1  0  0.938300  0.022031  0.085154  0.265070  -4
  1  0  0.938300  0.069659 -0.083043  0.598825  -1
  1  0  0.938300  0.010142  0.055016  0.303960  -3
  1  0  0.938300 -0.003930 -0.007264  0.285191  -2
  1  0  0.938300 -0.376066  0.291336  0.131082  -8
  1  0  0.938300 -0.294773  0.301932  0.298018  -2
  1  0  0.938300  0.047797 -0.145392  0.293188  -3
  1  0  0.938300  0.188132  0.071230 -0.067727  -3
  1  0  0.938300 -0.225782  0.017309  0.195082  -2
  1  0  0.938300 -0.093710  0.239892  0.258573  -4
  1  0  0.938300  0.334435  0.012682  0.034922  -3
  1  0  0.938300 -0.253295 -0.099378  0.379474  -3
  1  0  0.938300 -0.140160  0.107740  0.322041  -3
  1  0  0.938300  0.239728 -0.100890  0.250202  -4
  1  0  0.938300  0.155564  0.177351  0.012050  -4
  1  0  0.938300  0.083750  0.093324  0.237679  -3
  1  0  0.938300 -0.016137  0.393703  0.518090  -2
  1  0  0.938300 -0.011259  0.078785  0.492300  -2
  1  0  0.938300 -0.089715  0.007767  0.130270  -5
  1  0  0.938300 -0.296834 -0.363435  0.201382  -5
  1  0  0.938300  0.010938 -0.007090  0.186056  -8
  1  0  0.938300 -0.270749  0.145740  0.154151  -5
  1  0  0.938300 -0.007688 -0.056902  0.138821  -2
  1  0  0.938300 -0.092770 -0.158610  0.352487  -1
  1  0  0.938300  0.012651  0.056474  0.102829  -4
  1  0  0.938300  0.105093 -0.107948  0.628099  -3
  1  0  0.938300 -0.266180 -0.047093  0.348500  -2
  1  0  0.938300  0.248262  0.031577  0.376743  -2
  1  0  0.938300 -0.234650  0.137763  0.678921  -5
  1  0  0.938300  0.171422  0.072399  0.464098  -1
  1  0  0.938300  0.076017  0.232536  0.056921  -3
  1  0  0.938300 -0.079102  0.032523  0.811294  -3
  1  0  0.938300  0.053527  0.215975  0.537122  -3
  1  0  0.938300 -0.220437 -0.095164  0.339327  -3
  1  0  0.938300  0.180439 -0.052789  0.066873  -2
  1  0  0.938300  0.058572  0.193921  0.397832  -4
  1  0  0.938300  0.050042 -0.116585  0.597595  -1
  1  0  0.938300  0.153303  0.039511  0.503575  -1
  1  0  0.938300  0.242970 -0.154330  0.466982  -5
  1  0  0.938300  0.570429  0.207668  0.136778  -3
  1  0  0.938300 -0.454709 -0.320938  0.324329  -4
  1  0  0.938300  0.046209 -0.113355  0.507468  -2
  1  0  0.938300  0.083022  0.204178  0.381981  -4
  1  0  0.938300 -0.102348 -0.100997  0.397297  -1
  1  0  0.938300 -0.054956 -0.061158  0.510032  -1
  1  0  0.938300 -0.126785 -0.226743  0.280092  -3
  1  0  0.938300  0.091569 -0.237449  0.182011  -5
  1  0  0.938300 -0.392208  0.252061  0.334446  -3
  1  0  0.938300  0.026496 -0.415213  0.294853  -3
  1  0  0.938300 -0.067219 -0.020519  0.515759  -1
  1  0  0.938300  0.169110 -0.029511 -0.077513  -4
  1  0  0.938300  0.027672  0.017080  0.669948  -1
  1  0  0.938300  0.005165 -0.040350  0.464247  -2
  1  0  0.938300 -0.057102 -0.023300  0.015275  -2
  1  0  0.938300 -0.263077 -0.147353  0.272942  -4
  1  0  0.938300  0.068360 -0.163742  0.756010  -1
  1  0  0.938300 -0.102389 -0.174521  0.298903  -5
  1  0  0.938300 -0.178803 -0.156011  0.277142  -4
  1  0  0.938300  0.249965  0.066242  0.346197  -2