  1  1  0.938300 -0.213919 -0.111223  0.246436   3
  1  1  0.938300 -0.004224  0.220277  0.295496   4
  1  1  0.938300 -0.038909 -0.291729 -0.011044   2
  1  1  0.938300  0.065835 -0.058492  0.160771   1
  1  1  0.938300  0.251145  0.152108  0.016847   6
  1  1  0.938300 -0.043094  0.089483  0.130658   2
  1  1  0.938300  0.020898 -0.228184  0.153051   3
  1  1  0.938300  0.095359  0.200499  0.090150   1
  1  1  0.938300 -0.033943  0.071930  0.149584   2
  1  1  0.938300 -0.160335  0.089488  0.376150   3
  1  1  0.938300 -0.009621  0.061640  0.032841   1
  1  1  0.938300 -0.222083  0.017386  0.044514   3
  1  1  0.938300  0.227076 -0.018651  0.237594   2
  1  1  0.938300  0.144245  0.091668  0.565923   2
  1  1  0.938300 -0.031772 -0.166447  0.319225   2
  1  1  0.938300 -0.219882  0.099792  0.015438   2
  1  1  0.938300 -0.001758 -0.012047  0.066310   1
  1  1  0.938300  0.028909 -0.066619  0.065552   1
  1  1  0.938300 -0.032579 -0.015920  0.738392   3
  1  1  0.938300  0.184812 -0.022252  0.051637   2
  1  1  0.938300 -0.076649 -0.224457  0.356084   9
  1  1  0.938300  0.038070 -0.060882  0.271481   4
  1  1  0.938300 -0.072648  0.063389  0.331930   3
  1  1  0.938300 -0.081348 -0.007799  0.275432   2
  1  1  0.938300 -0.044414 -0.015754 -0.091164   3
  1  1  0.938300 -0.158706 -0.144151  0.301199   3
  1  1  0.938300  0.282153 -0.191657  0.418475   3
  1  1  0.938300 -0.057566 -0.124563 -0.027596   1
  1  1  0.938300 -0.337387 -0.249539  0.066954   4
  1  1  0.938300 -0.054526 -0.097712  0.209395   2
  1  1  0.938300 -0.129940  0.060322  0.193126   3
  1  1  0.938300  0.142911 -0.114735  0.494748   3
  1  1  0.938300  0.117958  0.130830  0.006020   4
  1  1  0.938300 -0.029053  0.041166  0.363220   5
  1  1  0.938300  0.268422  0.279721 -0.009421   2
  1  1  0.938300  0.024079  0.376380  0.458860   3
  1  1  0.938300  0.089610  0.189904  0.167441   4
  1  1  0.938300 -0.275285 -0.057541  0.487925   4
  1  1  0.938300 -0.076582  0.131298  0.198649   2
  1  1  0.938300 -0.311610  0.101133  0.281737   4
  1  1  0.938300  0.122235  0.273714  0.292507   3
  1  1  0.938300 -0.025567  0.047739  0.311712   4
  1  1  0.938300  0.231411  0.096502  0.170949   3
  1  1  0.938300  0.185298  0.236472  0.270486   2
  1  1  0.938300 -0.072502 -0.249506 -0.059477   2
  1  1  0.938300  0.233880 -0.102581  0.115359   2
  1  1  0.938300  0.072197  0.326029  0.095193   2
  1  1  0.938300  0.328646  0.231759  0.389527   3
  1  1  0.938300 -0.083532 -0.134500  0.216204   2
  1  1  0.938300  0.008529 -0.152961 -0.023615   1
  1  1  0.938300  0.036261 -0.110539  0.022894   2
  1  1  0.938300  0.333224 -0.028149  0.262929   3
  1  1  0.938300 -0.146647  0.002144 -0.037737   1
  1  1  0.938300  0.287456  0.075681  0.197449   4
  1  1  0.938300  0.141906  0.075838  0.229024   2
  1  1  0.938300  0.131452 -0.080305  0.160209   3
  1  1  0.938300 -0.133163  0.127480  0.589541   5
  1  1  0.938300  0.024164  0.062971  0.396052   4
  1  1  0.938300 -0.107787  0.017163  0.492089   4
  1  1  0.938300 -0.154963  0.117956  0.161878   3
  1  1  0.938300 -0.362181  0.209825  0.112992   2
  1  1  0.938300  0.154392 -0.255373  0.091226   3
  1  1  0.938300 -0.144087  0.105973  0.316716   3
  1  1  0.938300  0.112936  0.122771  0.202862   2
  1  1  0.938300  0.156843 -0.182964  0.215940   3
  1  1  0.938300  0.231032 -0.191300  0.267798   4
  1  1  0.938300 -0.020208  0.098991  0.605945   4
  1  1  0.938300  0.085104 -0.034515  0.244429   2
  1  1  0.938300  0.124708 -0.024131  0.228595   4
  1  1  0.938300 -0.211316  0.045797  0.358386   3
  1  1  0.938300  0.195028 -0.216140  0.542472   2
  1  1  0.938300 -0.043152  0.174870  0.101213   2
  1  1  0.938300 -0.044894  0.017144  0.163297   3
  1  1  0.938300 -0.049046 -0.120913  0.341756   3
  1  1  0.938300  0.138702  0.201603  0.028068   2
  1  1  0.938300  0.084805 -0.206825  0.372024   2
  1  1  0.938300  0.158585 -0.185993  0.020643   5
  1  1  0.938300  0.228519 -0.285515  0.344307   8
  1  1  0.938300 -0.240375 -0.074222  0.034786   2
  1  0  0.938300  0.138027 -0.090857  0.369583   8
  1  0  0.938300  0.004512  0.060643  0.309303   3
  1  0  0.938300 -0.164426  0.056864  0.070724   2
  1  0  0.938300 -0.061604 -0.090522  0.075409   2
  1  0  0.938300 -0.142537 -0.002152 -0.004612   1
  1  0  0.938300 -0.132758  0.052430  0.104080   8
  1  0  0.938300 -0.142288  0.153953  0.508740   2
  1  0  0.938300 -0.156299  0.148574  0.135702   4
  1  0  0.938300 -0.097785 -0.064438  0.290148   2
  1  0  0.938300 -0.089869  0.098320  0.024038   3
  1  0  0.938300 -0.050390  0.126803  0.080454   4
  1  0  0.938300 -0.180093  0.006076  0.008965   5
  1  0  0.938300  0.050829 -0.154861  0.114151   2
  1  0  0.938300  0.282310  0.047183 -0.074752   2
  1  0  0.938300  0.149249 -0.026527  0.184736   3
  1  0  0.938300  0.064493 -0.142224  0.310336   1
  1  0  0.938300 -0.259888 -0.205026  0.467030   3
  1  0  0.938300  0.131237  0.221585  0.301083   4
  1  0  0.938300 -0.079444  0.072486  0.227089   1
  1  0  0.938300 -0.310889 -0.194343  0.398384   4
  1  0  0.938300 -0.153638 -0.033290  0.417343   3
  1  0  0.938300  0.108512  0.137280 -0.013457   3
  1  0  0.938300  0.133676  0.024600 -0.011286   4
  1  0  0.938300 -0.081518  0.042197  0.156460   1
  1  0  0.938300 -0.150484  0.394559 -0.111546   2
  1  0  0.938300 -0.157862  0.124142  0.270942   4
  1  0  0.938300  0.338978  0.176003  0.357631   3
  1  0  0.938300 -0.106066  0.082702  0.066949   1
  1  0  0.938300 -0.159873  0.182556  0.177471   2
  1  0  0.938300  0.034116  0.061305  0.028522   2
  1  0  0.938300 -0.172398  0.048849  0.320748   4
  1  0  0.938300  0.058132 -0.143852  0.188061   5
  1  0  0.938300 -0.089323 -0.102206 -0.021468   1
  1  0  0.938300 -0.066997  0.171662  0.074115   1
  1  0  0.938300 -0.152923 -0.016245 -0.087776   1
  1  0  0.938300  0.111694  0.022557 -0.062580   1
  1  0  0.938300  0.084082 -0.015841  0.270686   1
  1  0  0.938300 -0.090572  0.037183  0.128381   1
  1  0  0.938300 -0.150613 -0.049994  0.140412   4
  1  0  0.938300  0.097787 -0.036315  0.104841   4
  1  0  0.938300 -0.127875 -0.087187  0.156547   2
  1  0  0.938300  0.059592 -0.133878  0.078091   1
  1  0  0.938300  0.124520  0.051714  0.382941   2
  1  0  0.938300 -0.001004 -0.159738  0.204933   2
  1  0  0.938300  0.012338  0.104746  0.309055   3
  1  0  0.938300 -0.191488 -0.004532  0.670355   4
  1  0  0.938300 -0.150158 -0.066210 -0.041094   1
  1  0  0.938300 -0.062120  0.001224 -0.064606   1
  1  0  0.938300 -0.183236  0.031752  0.013183   1
  1  0  0.938300 -0.221546  0.134665 -0.092290   5
  1  0  0.938300  0.114310 -0.153225  0.145175   2
  1  0  0.938300 -0.043920 -0.142704  0.306822   6
  1  0  0.938300  0.120774  0.006838  0.468508   6
  1  0  0.938300  0.025100  0.398114  0.191538   6
  1  0  0.938300  0.160647  0.013851  0.004260   1
  1  0  0.938300  0.165142  0.165161  0.040982   1
  1  0  0.938300 -0.188825 -0.229027  0.246673   3
  1  0  0.938300 -0.012430  0.143041  0.256786   6
  1  0  0.938300  0.081328 -0.054224  0.163026   2
  1  0  0.938300  0.186723  0.078024  0.221116   3
  1  0  0.938300 -0.166499 -0.020152 -0.053091   1
  1  0  0.938300 -0.038162  0.214019  0.114106   1
  1  0  0.938300  0.054679 -0.149426  0.320027   3
  1  0  0.938300 -0.201436  0.085870  0.417763   4
  1  0  0.938300  0.101145 -0.003048  0.743282   3
  1  0  0.938300 -0.058229 -0.118975 -0.108512   1
  1  0  0.938300  0.048742 -0.166639 -0.142974   2
  1  0  0.938300 -0.049725  0.016249  0.068503   1
  1  0  0.938300 -0.198556 -0.149315  0.055814   1
  1  0  0.938300  0.205621 -0.011108  0.011886   3
  1  0  0.938300  0.021553  0.186182  0.225417   2
  1  0  0.938300 -0.132408 -0.120936 -0.132183   3
  1  0  0.938300  0.316125 -0.067172 -0.025371   2
  1  0  0.938300  0.023815 -0.105296  0.003007   2
  1  0  0.938300  0.156489 -0.331616  0.504543   4
  1  0  0.938300 -0.082059 -0.086412 -0.095317   1
  1  0  0.938300 -0.014802 -0.080034  0.056343   1
  1  0  0.938300 -0.096894  0.019782 -0.062757   1
  1  0  0.938300 -0.131032  0.009201 -0.009279   2
  1  0  0.938300  0.347336 -0.178792  0.540308   7
  1  0  0.938300 -0.095285 -0.046577  0.361005   2
  1  0  0.938300  0.135389 -0.415001  0.334630   6
  1  0  0.938300  0.021543 -0.008799  0.065556   4
  1  0  0.938300 -0.105650  0.163953  0.046344   1
  1  0  0.938300  0.185008  0.068003 -0.034843   3
  1  0  0.938300 -0.020958 -0.061862 -0.024322   3
  1  0  0.938300  0.055999 -0.152490  0.175155   2
  1  0  0.938300 -0.008825  0.080436  0.404727   2
  1  0  0.938300 -0.031688  0.105966  0.236886   4
  1  0  0.938300 -0.198000 -0.104013  0.412680   2
  1  0  0.938300  0.016924  0.195466  0.157692   2
  1  0  0.938300  0.048066 -0.026884 -0.178818   2
  1  0  0.938300  0.231446  0.193496  0.676372   4
  1  0  0.938300  0.144633  0.123382  0.561008   3
  1  0  0.938300  0.056500  0.273867 -0.008682   2
  1  0  0.938300 -0.285527 -0.409657  0.261569   2
  1  0  0.938300  0.311865  0.073934  0.275701   2
  1  0  0.938300 -0.306505 -0.093748  0.292780   3
  1  0  0.938300  0.158273 -0.019648 -0.021685   2
  1  0  0.938300  0.044801 -0.315527 -0.184768   2
  1  0  0.938300 -0.013795 -0.040200  0.382136   4
  1  0  0.938300 -0.048989 -0.210380  0.142770   2
  1  0  0.938300  0.098620 -0.133374  0.463286   3
  1  0  0.938300 -0.039105 -0.002879  0.242422   4
  1  0  0.938300  0.438261 -0.024640  0.339352   3
  1  0  0.938300  0.025450  0.282378  0.413032   3
  1  0  0.938300  0.015780 -0.072127  0.442742   2
  1  0  0.938300 -0.019471  0.000489  0.159180   3
  1  0  0.938300  0.018662  0.087319  0.142510   3
  1  0  0.938300 -0.381837  0.008709  0.231453   4
  1  0  0.938300  0.105432 -0.049308  0.166082   4
  1  0  0.938300  0.097236  0.129730 -0.051810   1
  1  0  0.938300  0.150031 -0.144166  0.420917   6
  1  0  0.938300 -0.140871 -0.104795  0.151374   4
  1  0  0.938300 -0.057916  0.072059  0.341189   3
  1  0  0.938300 -0.433925  0.072741  0.449284   3
  1  0  0.938300  0.080580 -0.234911  0.491726   4
  1  0  0.938300  0.276572  0.002884  0.460925   4
  1  1  0.938300  0.019225  0.109106  0.508689  -2
  1  1  0.938300  0.234826  0.161218  0.239344  -6
  1  1  0.938300 -0.017976 -0.016530  0.442874  -2
  1  1  0.938300  0.036357 -0.052181  0.160180  -1
  1  1  0.938300  0.125661 -0.132336  0.463385  -1
  1  1  0.938300 -0.142305 -0.149462  0.574895  -7
  1  1  0.938300 -0.097919  0.087654  0.450288  -2
  1  1  0.938300  0.081898  0.102895  0.533707  -1
  1  1  0.938300  0.388111  0.228724  0.408221  -3
  1  1  0.938300 -0.122999 -0.010893  0.516260  -2
  1  1  0.938300  0.394476  0.051318  0.789988  -8
  1  1  0.938300 -0.008911 -0.123695  0.461206  -2
  1  1  0.938300  0.068131  0.095036  0.240147  -4
  1  1  0.938300  0.022728 -0.132135  0.135559  -3
  1  1  0.938300  0.057222 -0.229470  0.151659  -7
  1  1  0.938300  0.221418 -0.007465  0.338909  -6
  1  1  0.938300 -0.297726  0.293588  0.315080  -5
  1  1  0.938300  0.031839  0.004793  0.286202  -2
  1  1  0.938300  0.038108 -0.057448  0.238420  -2
  1  1  0.938300  0.026580  0.076121  0.345888  -5
  1  1  0.938300 -0.389103 -0.295882  0.258237  -2
  1  1  0.938300  0.023675 -0.337534  0.303328  -5
  1  1  0.938300  0.087436 -0.026075  0.499041  -2
  1  1  0.938300  0.044723 -0.045015  0.367609  -7
  1  1  0.938300  0.028129 -0.263947  0.766706  -3
  1  1  0.938300  0.153154 -0.034962  0.660461  -1
  1  1  0.938300 -0.136924  0.112000  0.405897  -2
  1  1  0.938300  0.020243  0.097271  0.599761  -4
  1  1  0.938300  0.095826 -0.405797  0.077459  -2
  1  1  0.938300  0.210968 -0.094237 -0.165689  -7
  1  1  0.938300  0.094587  0.080036  0.353480  -4
  1  1  0.938300 -0.123540 -0.172287  0.085560  -2
  1  1  0.938300  0.060817  0.125503  0.363170  -3
  1  1  0.938300 -0.203861  0.057956  0.454002  -2
  1  1  0.938300 -0.003374  0.009474  0.414137  -1
  1  1  0.938300  0.031084  0.047531  0.645284  -1
  1  1  0.938300 -0.035505  0.058393  0.228794  -3
  1  1  0.938300 -0.291790 -0.036718  0.253315  -3
  1  1  0.938300 -0.093240  0.204274  0.217830  -3
  1  1  0.938300 -0.188833 -0.244623  0.339275  -2
  1  1  0.938300 -0.015433 -0.183124  0.620863  -1
  1  1  0.938300  0.191400 -0.065214  0.594257  -2
  1  1  0.938300  0.004960 -0.188945  0.101149  -3
  1  1  0.938300  0.121715 -0.058617  0.630515  -1
  1  1  0.938300 -0.270761  0.101961  0.497252  -2
  1  1  0.938300 -0.110303 -0.281995  0.242401  -2
  1  1  0.938300 -0.023241  0.193432  0.187138  -7
  1  1  0.938300 -0.210098 -0.100041  0.323083  -4
  1  1  0.938300  0.293667 -0.052324  0.566001  -2
  1  1  0.938300 -0.105860 -0.093403  0.886739  -4
  1  1  0.938300  0.335279 -0.101861  0.332125  -5
  1  1  0.938300 -0.024609  0.001489  0.594243  -1
  1  1  0.938300  0.038806 -0.009625  0.354106  -1
  1  1  0.938300 -0.112899  0.118765 -0.062905  -2
  1  1  0.938300 -0.024833  0.287586  0.310856  -3
  1  1  0.938300  0.241295 -0.010729  0.352279  -2
  1  1  0.938300 -0.196835 -0.062415  0.219182  -5
  1  1  0.938300 -0.123364 -0.022926  0.087448  -2
  1  1  0.938300  0.056945 -0.063428  0.483065  -1
  1  1  0.938300  0.258597 -0.026178 -0.132135  -6
  1  1  0.938300  0.073324  0.251352  0.245681  -5
  1  1  0.938300 -0.175085 -0.073531  0.272213  -4
  1  1  0.938300 -0.122803 -0.311286  0.524285  -2
  1  1  0.938300 -0.053146  0.304031  0.180375  -2
  1  1  0.938300 -0.306337 -0.155450 -0.077811  -3
  1  1  0.938300 -0.348758  0.153013  0.209390  -5
  1  1  0.938300  0.246565  0.092154  0.238398  -9
  1  1  0.938300 -0.142893  0.267667  0.423214  -3
  1  1  0.938300  0.101063 -0.271487  0.364063  -3
  1  1  0.938300  0.050720 -0.009928  0.543653  -3
  1  1  0.938300 -0.108979  0.054629  0.496355  -1
  1  1  0.938300  0.140846  0.105742  0.398750  -6
  1  1  0.938300 -0.118525  0.067895 -0.077976  -3
  1  1  0.938300  0.120225 -0.291867  0.453206  -2
  1  1  0.938300  0.020106 -0.084188  0.523582  -2
  1  1  0.938300  0.017690  0.001073  0.629147  -1
  1  1  0.938300  0.156397  0.008770  0.231460  -7
  1  1  0.938300  0.197660 -0.072407  0.270260  -2
  1  1  0.938300 -0.195145  0.173556  0.406299  -5
  1  0  0.938300 -0.047914 -0.009759  0.296343  -1
  1  0  0.938300  0.161614 -0.259833  0.480070  -2
  1  0  0.938300 -0.020217  0.056895  0.106350  -5
  1  0  0.938300 -0.070612  0.143503  0.093604  -4
  1  0  0.938300  0.381523 -0.089560  0.096329  -7
  1  0  0.938300 -0.268443 -0.171062  0.183550  -3
  1  0  0.938300 -0.099259  0.098169  0.203400  -3
  1  0  0.938300  0.175229  0.204434  0.182683  -5
  1  0  0.938300 -0.072442 -0.011269  0.466547  -3
  1  0  0.938300  0.261408  0.171936  0.159755  -3
  1  0  0.938300 -0.158743 -0.100942  0.289635  -4
  1  0  0.938300 -0.032492  0.078437  0.340750  -1
  1  0  0.938300  0.184047 -0.069452  0.618139  -1
  1  0  0.938300 -0.211787  0.259321  0.531573  -5
  1  0  0.938300  0.124071  0.158653  0.606791  -1
  1  0  0.938300 -0.114095 -0.039882  0.081407  -4
  1  0  0.938300  0.015537 -0.101150  0.502391  -1
  1  0  0.938300  0.059446  0.025920  0.467745  -2
  1  0  0.938300 -0.007696  0.069649  0.216590  -2
  1  0  0.938300  0.114867 -0.070999  0.548919  -1
  1  0  0.938300 -0.165646 -0.266939  0.528940  -2
  1  0  0.938300  0.270218 -0.128538  0.487058  -3
  1  0  0.938300 -0.020171  0.017928  0.672814  -1
  1  0  0.938300 -0.000017  0.051823  0.356675  -4
  1  0  0.938300 -0.260203 -0.143337  0.264989  -3
  1  0  0.938300  0.080186 -0.010087  0.192433  -5
  1  0  0.938300  0.232702 -0.287888  0.226336  -3
  1  0  0.938300 -0.236865  0.195242  0.215907  -3
  1  0  0.938300 -0.017136  0.029173  0.452813  -1
  1  0  0.938300  0.092706  0.138328  0.203225  -2
  1  0  0.938300  0.066947  0.272515  0.364369  -3
  1  0  0.938300 -0.091427  0.117416  0.514224  -1
  1  0  0.938300 -0.359299 -0.185809  0.189832  -4
  1  0  0.938300 -0.055778 -0.036088  0.167076  -1
  1  0  0.938300 -0.322671 -0.066574  0.372795  -3
  1  0  0.938300 -0.174236 -0.452678  0.268858  -5
  1  0  0.938300 -0.017435  0.100709  0.575768  -2
  1  0  0.938300 -0.070514  0.063727  0.642495  -2
  1  0  0.938300 -0.096412  0.134056  0.472015  -4
  1  0  0.938300 -0.210101 -0.050004  0.289463  -2
  1  0  0.938300  0.164759  0.237485  0.498037  -6
  1  0  0.938300 -0.035237 -0.010097  0.193751  -2
  1  0  0.938300  0.075752 -0.246716  0.430196  -3
  1  0  0.938300 -0.093700  0.284418  0.441505  -3
  1  0  0.938300  0.170563 -0.220745  0.536459  -3
  1  0  0.938300 -0.161541 -0.232320  0.261866  -5
  1  0  0.938300 -0.012418  0.000116  0.171428  -2
  1  0  0.938300  0.170222 -0.037242  0.266389  -4
  1  0  0.938300 -0.035701  0.042942  0.451497  -2
  1  0  0.938300  0.023884  0.090338  0.411842  -2
  1  0  0.938300 -0.455722 -0.101308  0.687059  -3
  1  0  0.938300 -0.083030  0.164485  0.468772  -2
  1  0  0.938300 -0.125346  0.072286  0.294677  -1
  1  0  0.938300  0.151698 -0.147257  0.500748  -1
  1  0  0.938300  0.317541 -0.103893  0.418688  -7
  1  0  0.938300 -0.105670 -0.098114  0.611375  -2
  1  0  0.938300  0.185744  0.009863  0.385917  -1
  1  0  0.938300 -0.234801 -0.166588  0.549550  -2
  1  0  0.938300  0.146289  0.004473  0.229148 -11
  1  0  0.938300 -0.089123  0.000299  0.351977  -2
  1  0  0.938300 -0.048241 -0.105420  0.678545  -1
  1  0  0.938300  0.223793  0.098924  0.297027  -3
  1  0  0.938300 -0.001307 -0.006131  0.566389  -1
  1  0  0.938300  0.152919 -0.053109  0.314787  -1
  1  0  0.938300  0.176267  0.048775  0.598802  -1
  1  0  0.938300  0.006349 -0.098877  0.067257  -3
  1  0  0.938300 -0.161942  0.233015  0.598988  -2
  1  0  0.938300  0.034556 -0.118797  0.595693  -1
  1  0  0.938300 -0.035204  0.014480  0.330180  -3
  1  0  0.938300  0.060954 -0.188156  0.540667  -1
  1  0  0.938300 -0.202384  0.073062  0.523601  -2
  1  0  0.938300 -0.277229  0.046389  0.352860  -2
  1  0  0.938300  0.135735  0.186118  0.482927  -2
  1  0  0.938300 -0.156630 -0.310098  0.189728  -4
  1  0  0.938300  0.200343 -0.147703  0.197815  -3
  1  0  0.938300 -0.060866  0.091777  0.335760  -3
  1  0  0.938300 -0.227217  0.195281  0.284313  -5
  1  0  0.938300 -0.212655 -0.069040  0.395811  -5
  1  0  0.938300  0.156992 -0.153168  0.431369  -4
  1  0  0.938300  0.284853 -0.030731  0.058687  -2
  1  0  0.938300  0.099785 -0.046077  0.652725  -1
  1  0  0.938300  0.019494  0.197452  0.348239  -1
  1  0  0.938300  0.025685  0.207384  0.490523  -5
  1  0  0.938300 -0.411540 -0.357176  0.494944  -5
  1  0  0.938300 -0.081618 -0.062750  0.184361  -3
  1  0  0.938300  0.124848 -0.034695  0.353062  -5
  1  0  0.938300  0.211904  0.091238  0.143563  -4
  1  0  0.938300  0.169848  0.264266  0.375958  -3
  1  0  0.938300 -0.145552 -0.151326  0.067913  -2
  1  0  0.938300  0.103817 -0.243340  0.584600  -1
  1  0  0.938300 -0.273117 -0.011146  0.477193  -2
  1  0  0.938300 -0.191887 -0.077137  0.442289  -1
  1  0  0.938300  0.197969  0.192088  0.569395  -2
  1  0  0.938300  0.036385 -0.313819  0.602016  -2
  1  0  0.938300 -0.029868  0.173518  0.555560  -1
  1  0  0.938300  0.002722 -0.136721  0.399030  -4
  1  0  0.938300  0.007951 -0.158286  0.471808  -5
  1  0  0.938300  0.093161  0.187838  0.530524  -3
  1  0  0.938300  0.020520  0.051154  0.452513  -3
  1  0  0.938300 -0.107070  0.051104  0.324022  -6
  1  0  0.938300 -0.169252 -0.109343  0.647346  -2
  1  0  0.938300 -0.105662  0.337287  0.462803  -5
  1  0  0.938300 -0.040858 -0.004508  0.602289  -1
  1  0  0.938300  0.018823 -0.081770  0.560757  -1
  1  0  0.938300 -0.181911  0.042044  0.289927  -2
  1  0  0.938300 -0.065747  0.091955  0.220374  -2
  1  0  0.938300  0.109751 -0.218522  0.604528  -1
  1  0  0.938300  0.012849  0.220221  0.390913  -4
  1  0  0.938300 -0.452822 -0.145618  0.130582  -3
  1  0  0.938300 -0.479077  0.050928  0.401025  -2
  1  0  0.938300  0.192092  0.144752  0.305090  -8
  1  0  0.938300  0.103354  0.101647  0.278758  -2
  1  0  0.938300 -0.007591 -0.030404  0.092468  -7
  1  0  0.938300  0.196623 -0.003289  0.483282  -2
  1  0  0.938300  0.018261  0.194027  0.358393  -2
  1  0  0.938300 -0.036097 -0.102243  0.707412  -1
  1  0  0.938300 -0.016313 -0.127673  0.224509  -7
  1  0  0.938300  0.107488  0.341176  0.101605  -6