  1  1  0.938300  0.056110  0.110322  0.003675   2
  1  1  0.938300 -0.048549 -0.174909  0.214626   3
  1  1  0.938300  0.018012  0.154989  0.298291   3
  1  1  0.938300 -0.075960 -0.118583 -0.002138   1
  1  1  0.938300 -0.165626 -0.146539  0.399716   3
  1  1  0.938300 -0.083756  0.032166  0.042873   2
  1  1  0.938300  0.234681 -0.225193  0.285884   2
  1  1  0.938300 -0.005207  0.164161  0.357046   4
  1  1  0.938300  0.067747 -0.063543  0.091505   1
  1  1  0.938300 -0.091528 -0.043148  0.028553   1
  1  1  0.938300 -0.030926  0.230950  0.502880   5
  1  1  0.938300 -0.008363  0.335164  0.127350   2
  1  1  0.938300 -0.266987  0.054050  0.442190   5
  1  1  0.938300  0.192793 -0.205307  0.158841   3
  1  1  0.938300 -0.102889 -0.014817  0.121167   2
  1  1  0.938300  0.018750 -0.130123  0.173308   4
  1  1  0.938300 -0.153823  0.187890  0.044914   2
  1  1  0.938300 -0.030469 -0.485756  0.209726   2
  1  1  0.938300 -0.161371 -0.039367  0.112504   1
  1  1  0.938300  0.154223  0.011599  0.209153   2
  1  1  0.938300 -0.065633 -0.094835 -0.003036   2
  1  1  0.938300 -0.241938  0.021043  0.255253   3
  1  1  0.938300  0.302094 -0.056881  0.499010   3
  1  1  0.938300  0.009312 -0.082427  0.122683   1
  1  1  0.938300  0.089437 -0.130552  0.445366   5
  1  1  0.938300  0.101488 -0.118023  0.208774   1
  1  1  0.938300  0.133806  0.123038  0.129464   5
  1  1  0.938300  0.280964 -0.103867  0.093225   4
  1  1  0.938300  0.100318  0.109986  0.320907   2
  1  1  0.938300 -0.005733 -0.256819  0.426174   4
  1  1  0.938300 -0.008750  0.184165  0.395967   5
  1  1  0.938300 -0.079027  0.009967  0.032254   1
  1  1  0.938300  0.125676  0.105116  0.466920   7
  1  1  0.938300 -0.085561 -0.161491  0.035944   1
  1  1  0.938300 -0.036113  0.048377  0.492569   3
  1  1  0.938300 -0.146616  0.130620  0.084917   4
  1  1  0.938300  0.179389  0.144102  0.483645   3
  1  1  0.938300 -0.084016  0.291276  0.497657   6
  1  1  0.938300  0.158181 -0.384209  0.183208   3
  1  1  0.938300 -0.248500  0.026589  0.073210   5
  1  1  0.938300  0.137083 -0.197465  0.332086   2
  1  1  0.938300 -0.010597 -0.100081  0.208396   2
  1  1  0.938300 -0.042992  0.138930  0.107983   1
  1  1  0.938300  0.294746 -0.241083  0.519091   3
  1  1  0.938300  0.109708 -0.035368  0.304132   1
  1  1  0.938300 -0.164542 -0.248529  0.406961   4
  1  1  0.938300  0.263591  0.034900  0.299341   4
  1  1  0.938300  0.017684  0.069530  0.192051  10
  1  1  0.938300  0.100701  0.037588 -0.006603   1
  1  1  0.938300  0.049663  0.101371  0.119449   3
  1  1  0.938300  0.043152 -0.071911  0.126899   3
  1  1  0.938300 -0.296498  0.144715  0.458095   3
  1  1  0.938300  0.244687  0.385329  0.413450   2
  1  1  0.938300  0.145948  0.015246 -0.009414   1
  1  1  0.938300 -0.097307 -0.035715  0.195880   2
  1  1  0.938300  0.009360 -0.157151  0.252871   3
  1  1  0.938300 -0.032241  0.155101  0.418924   4
  1  1  0.938300  0.193284  0.016654  0.362161   3
  1  1  0.938300 -0.046704 -0.112001  0.440854   7
  1  1  0.938300 -0.069632  0.016508  0.396836   5
  1  1  0.938300  0.159306 -0.081502 -0.039883   1
  1  1  0.938300  0.058159 -0.021518  0.189517   3
  1  1  0.938300 -0.134400  0.157192  0.440759   5
  1  1  0.938300  0.015223  0.001526  0.182481   5
  1  1  0.938300  0.424469  0.253919  0.400855   7
  1  1  0.938300  0.344337  0.013150  0.335888   2
  1  1  0.938300 -0.043323  0.323075  0.351384   3
  1  1  0.938300 -0.166491 -0.208983  0.392792   7
  1  1  0.938300 -0.068873  0.122354  0.174459   5
  1  1  0.938300  0.211372  0.094589  0.228301   2
  1  1  0.938300  0.217355 -0.041310  0.662641   3
  1  1  0.938300 -0.045700  0.214503  0.184546   3
  1  1  0.938300 -0.028725  0.070995  0.211886   3
  1  1  0.938300  0.176662  0.002223  0.062298   4
  1  1  0.938300  0.166840  0.126762  0.160438   3
  1  1  0.938300 -0.115640  0.232152  0.119246   2
  1  1  0.938300 -0.114029 -0.004651  0.098714   1
  1  1  0.938300 -0.124338 -0.134746  0.101692   1
  1  1  0.938300 -0.089847 -0.022175 -0.083831   1
  1  0  0.938300 -0.020419  0.048456  0.135520   1
  1  0  0.938300  0.122841  0.274891  0.530355   2
  1  0  0.938300 -0.050338 -0.184153  0.051469   3
  1  0  0.938300  0.009087 -0.047911 -0.024129   1
  1  0  0.938300  0.145157  0.093853  0.241834   3
  1  0  0.938300 -0.052996 -0.087267  0.047062   1
  1  0  0.938300  0.039489 -0.034132  0.208874   3
  1  0  0.938300 -0.259421  0.074651  0.046815   3
  1  0  0.938300 -0.207641 -0.089702  0.183265   2
  1  0  0.938300  0.168622  0.103892  0.133082   1
  1  0  0.938300  0.169400 -0.063131  0.565730   3
  1  0  0.938300  0.195713 -0.107817  0.208768   3
  1  0  0.938300  0.078556 -0.073723  0.482037   5
  1  0  0.938300  0.072822 -0.058683  0.355343   2
  1  0  0.938300 -0.118796  0.204965  0.238446   3
  1  0  0.938300 -0.236138  0.101041  0.522598   5
  1  0  0.938300 -0.181843 -0.125712  0.037782   3
  1  0  0.938300  0.367138  0.177089  0.094225   3
  1  0  0.938300 -0.218655 -0.091131  0.226232   2
  1  0  0.938300  0.010642  0.062057 -0.017714   1
  1  0  0.938300 -0.094109  0.068437  0.119362   3
  1  0  0.938300 -0.035373  0.061106  0.505979   3
  1  0  0.938300  0.207767  0.099242  0.135172   2
  1  0  0.938300  0.096053 -0.201097  0.442932   2
  1  0  0.938300  0.182916  0.220463  0.322163   3
  1  0  0.938300  0.038503 -0.056346  0.158752   1
  1  0  0.938300  0.009867  0.062005  0.379454   3
  1  0  0.938300 -0.095563  0.134160  0.178589   2
  1  0  0.938300  0.132621 -0.029359  0.155217   2
  1  0  0.938300  0.210414 -0.089232  0.057283   3
  1  0  0.938300 -0.264374  0.197571  0.189206   6
  1  0  0.938300  0.225346  0.023058  0.042375   3
  1  0  0.938300  0.346814  0.163745  0.263880   4
  1  0  0.938300 -0.097608  0.150977  0.223550   2
  1  0  0.938300  0.051439 -0.079009  0.323729   6
  1  0  0.938300  0.060731 -0.113559  0.089842   3
  1  0  0.938300 -0.027790  0.103474  0.405582   3
  1  0  0.938300 -0.075545 -0.046963 -0.077127   1
  1  0  0.938300 -0.125776  0.047206  0.375125   4
  1  0  0.938300  0.042404  0.050749  0.201216   1
  1  0  0.938300  0.307087 -0.223147 -0.137624   4
  1  0  0.938300  0.014959 -0.082139  0.620391   4
  1  0  0.938300  0.019765 -0.115049  0.256278   2
  1  0  0.938300  0.087144  0.189671  0.333317   3
  1  0  0.938300 -0.183323 -0.101970  0.375885   2
  1  0  0.938300 -0.122227 -0.317575  0.612617   4
  1  0  0.938300  0.168359  0.112695  0.101801   6
  1  0  0.938300 -0.231916 -0.030902  0.236535   2
  1  0  0.938300  0.066005 -0.620684  0.159503   3
  1  0  0.938300 -0.278474 -0.079562  0.362786   4
  1  0  0.938300  0.196768  0.072871  0.462360   3
  1  0  0.938300  0.093030 -0.099519  0.454467   5
  1  0  0.938300 -0.231613  0.029837  0.239477   4
  1  0  0.938300 -0.163596 -0.064494  0.155673   1
  1  0  0.938300  0.092016  0.372960  0.525707   4
  1  0  0.938300  0.050788  0.154362  0.316979   5
  1  0  0.938300  0.223128  0.291293  0.031442   4
  1  0  0.938300  0.218941 -0.027255  0.040589   2
  1  0  0.938300 -0.236992  0.026988  0.238382   8
  1  0  0.938300  0.208210 -0.095274  0.135203   2
  1  0  0.938300  0.036691 -0.011588  0.114541   1
  1  0  0.938300 -0.142543 -0.141411  0.374921   3
  1  0  0.938300 -0.063818 -0.122521  0.362583   2
  1  0  0.938300 -0.059251  0.119873  0.143264   2
  1  0  0.938300 -0.329281 -0.059810  0.002857   6
  1  0  0.938300 -0.205568  0.419341  0.045578   3
  1  0  0.938300  0.167291  0.077960  0.007995   1
  1  0  0.938300 -0.003814 -0.094376 -0.032714   1
  1  0  0.938300  0.189448 -0.249140  0.495368   3
  1  0  0.938300  0.278949 -0.119564  0.193204   3
  1  0  0.938300  0.065734 -0.065270 -0.048319   1
  1  0  0.938300 -0.095352  0.326892  0.436676   4
  1  0  0.938300 -0.121614 -0.020133  0.177355   4
  1  0  0.938300  0.170801 -0.029652  0.363311   3
  1  0  0.938300 -0.172106 -0.177894  0.302189   4
  1  0  0.938300 -0.005201  0.360447  0.157424   3
  1  0  0.938300 -0.057298 -0.236417  0.231450   3
  1  0  0.938300 -0.218221 -0.117085  0.490062   4
  1  0  0.938300  0.078750 -0.100803  0.244863   1
  1  0  0.938300  0.018793  0.050692 -0.012225   1
  1  0  0.938300  0.238942 -0.001216  0.489878   3
  1  0  0.938300 -0.040273  0.126503 -0.159431   2
  1  0  0.938300 -0.074471 -0.051647  0.231562   7
  1  0  0.938300 -0.435378  0.125294  0.467505   5
  1  0  0.938300 -0.008864  0.214570  0.505021   6
  1  0  0.938300  0.003074 -0.091413 -0.027008   1
  1  0  0.938300 -0.120778 -0.156962  0.345881   4
  1  0  0.938300 -0.056523 -0.124036 -0.117788   3
  1  0  0.938300  0.017516 -0.003639  0.483305   4
  1  0  0.938300 -0.149859 -0.122238 -0.027046   1
  1  0  0.938300  0.190452  0.045291  0.091651   3
  1  0  0.938300 -0.058668  0.332993  0.528830   2
  1  0  0.938300  0.019212  0.229250 -0.066079   1
  1  0  0.938300 -0.101844  0.222958  0.477139   4
  1  0  0.938300 -0.260161 -0.086530  0.295099   5
  1  0  0.938300 -0.112090  0.148446  0.334263   2
  1  0  0.938300  0.125296 -0.110404  0.202369   3
  1  0  0.938300  0.075475  0.133156  0.255560   1
  1  0  0.938300 -0.007586 -0.095771  0.087766   1
  1  0  0.938300 -0.177490 -0.102080  0.013546   3
  1  0  0.938300 -0.174046  0.086338  0.106260   2
  1  0  0.938300 -0.111987  0.230388  0.071697   5
  1  0  0.938300 -0.008834 -0.173736  0.120180   1
  1  0  0.938300  0.111296 -0.113859 -0.078831   1
  1  0  0.938300  0.036125 -0.005307  0.179130   1
  1  0  0.938300  0.054044  0.090772  0.261773   2
  1  0  0.938300  0.024580 -0.218207  0.069985   2
  1  0  0.938300  0.021131 -0.091877 -0.011532   1
  1  0  0.938300 -0.142192  0.121790  0.201024   2
  1  0  0.938300 -0.165773 -0.168222  0.387138   4
  1  0  0.938300  0.072161 -0.031359  0.442054   5
  1  0  0.938300 -0.248037  0.081719  0.155866   2
  1  0  0.938300  0.239005 -0.176252  0.305799   2
  1  0  0.938300 -0.323934  0.231357  0.160907   5
  1  0  0.938300  0.335184 -0.158266  0.234866   4
  1  0  0.938300 -0.135466  0.046191  0.022143   1
  1  0  0.938300  0.070108  0.235880  0.244226   4
  1  0  0.938300 -0.112505  0.013908 -0.035873   1
  1  1  0.938300  0.379624 -0.182053  0.248284  -2
  1  1  0.938300  0.022313  0.124971  0.525327  -3
  1  1  0.938300  0.088055 -0.112116  0.129857  -3
  1  1  0.938300 -0.391629 -0.130418  0.295308  -3
  1  1  0.938300 -0.156636  0.061662  0.659548  -1
  1  1  0.938300 -0.010816 -0.131359  0.343770  -1
  1  1  0.938300  0.171812  0.113883 -0.055304  -5
  1  1  0.938300 -0.011778  0.093775  0.139199  -4
  1  1  0.938300  0.012636 -0.006085  0.616851  -1
  1  1  0.938300  0.160648 -0.065786  0.152900  -2
  1  1  0.938300  0.213320  0.230941  0.572131  -8
  1  1  0.938300  0.050987 -0.162927  0.356002  -3
  1  1  0.938300 -0.005382 -0.152775  0.472421  -3
  1  1  0.938300 -0.043116  0.023529  0.312565  -5
  1  1  0.938300  0.120495 -0.144470  0.249119  -3
  1  1  0.938300  0.033880  0.120653  0.424945  -3
  1  1  0.938300  0.048132  0.301631  0.162577  -3
  1  1  0.938300 -0.120972  0.109487  0.521079  -2
  1  1  0.938300  0.132743 -0.304235  0.303202  -3
  1  1  0.938300 -0.143909  0.291987  0.569314  -5
  1  1  0.938300  0.027541 -0.415065  0.227208  -5
  1  1  0.938300 -0.206649  0.015056  0.411236  -3
  1  1  0.938300  0.337379  0.174593  0.368152  -3
  1  1  0.938300 -0.170139  0.304905  0.180363  -2
  1  1  0.938300 -0.093235  0.020859  0.584997  -1
  1  1  0.938300  0.225167  0.009658  0.475575  -2
  1  1  0.938300  0.209140 -0.220030  0.253548  -5
  1  1  0.938300 -0.407151  0.049958  0.177824  -3
  1  1  0.938300  0.092917  0.132837  0.240155  -2
  1  1  0.938300  0.207890 -0.084653  0.161607  -7
  1  1  0.938300  0.165515 -0.371384  0.220496  -2
  1  1  0.938300  0.018248 -0.434218  0.301062  -4
  1  1  0.938300 -0.333528  0.152942  0.375139  -4
  1  1  0.938300 -0.122857  0.143671  0.578819  -1
  1  1  0.938300  0.029749  0.024353  0.888952  -5
  1  1  0.938300 -0.136189  0.027979  0.513992  -5
  1  1  0.938300  0.162246  0.158874  0.201828  -3
  1  1  0.938300 -0.020776 -0.264007  0.266944  -5
  1  1  0.938300 -0.212626  0.001202  0.670770  -1
  1  1  0.938300  0.043267 -0.219215  0.239725  -4
  1  1  0.938300 -0.097375 -0.098161  0.553793  -3
  1  1  0.938300  0.044769 -0.166140  0.382268  -3
  1  1  0.938300  0.019205  0.165558  0.419698  -2
  1  1  0.938300  0.058447 -0.030202  0.428544  -1
  1  1  0.938300  0.139144  0.230622  0.251509  -3
  1  1  0.938300 -0.157505  0.133088  0.365586  -3
  1  1  0.938300 -0.019564 -0.054898  0.399138  -3
  1  1  0.938300  0.217253 -0.147395  0.415941  -3
  1  1  0.938300  0.011728 -0.077565  0.504770  -1
  1  1  0.938300 -0.382303  0.152784  0.325026  -3
  1  1  0.938300 -0.205485  0.046299  0.244371  -4
  1  1  0.938300 -0.158479  0.175605  0.268866  -8
  1  1  0.938300  0.125072 -0.107663  0.441358  -1
  1  1  0.938300  0.118134 -0.134546  0.447262  -1
  1  1  0.938300 -0.043650 -0.164622  0.190753  -3
  1  1  0.938300  0.086081 -0.019025  0.124160  -4
  1  1  0.938300 -0.237311  0.385807  0.138508  -2
  1  1  0.938300  0.201343  0.175031  0.339227  -3
  1  1  0.938300  0.013488  0.038609  0.324080  -1
  1  1  0.938300 -0.263382  0.347853  0.251460  -2
  1  1  0.938300  0.091527 -0.146944  0.659033  -4
  1  1  0.938300  0.026473 -0.001503  0.548395  -1
  1  1  0.938300  0.340831 -0.038734  0.285237  -4
  1  1  0.938300 -0.070664 -0.100912  0.535696  -1
  1  1  0.938300  0.088073  0.268898  0.437669  -2
  1  1  0.938300 -0.091347 -0.081985  0.381627  -5
  1  1  0.938300 -0.081101 -0.090713  0.512704  -1
  1  1  0.938300  0.071389 -0.065453  0.119757  -4
  1  1  0.938300 -0.004419  0.021856  0.455666  -1
  1  1  0.938300  0.012723  0.093881  0.502175  -4
  1  1  0.938300 -0.042395  0.019573  0.548045  -2
  1  1  0.938300  0.051610  0.200350  0.045607  -2
  1  1  0.938300 -0.347293  0.047058  0.197197  -3
  1  1  0.938300 -0.089653 -0.119489  0.485998  -1
  1  1  0.938300  0.198965 -0.009477  0.528777  -3
  1  1  0.938300 -0.298851 -0.123938  0.238749  -2
  1  1  0.938300 -0.108439 -0.075846  0.183355  -5
  1  1  0.938300 -0.044354  0.107623  0.266071  -5
  1  1  0.938300  0.098286  0.480022  0.564581  -3
  1  0  0.938300 -0.036420  0.298944  0.349407  -2
  1  0  0.938300 -0.109150 -0.107862  0.406216  -2
  1  0  0.938300 -0.134914  0.101983  0.429803  -3
  1  0  0.938300 -0.047198 -0.028224  0.386161  -1
  1  0  0.938300  0.138238  0.084893  0.509319  -4
  1  0  0.938300  0.110541  0.071014  0.511295  -4
  1  0  0.938300  0.008331  0.263221  0.514255  -2
  1  0  0.938300  0.020445  0.025470  0.158678  -3
  1  0  0.938300  0.231762 -0.128904 -0.041197  -2
  1  0  0.938300 -0.352098  0.394157  0.641120  -3
  1  0  0.938300 -0.126112 -0.232891  0.174580  -4
  1  0  0.938300 -0.030034  0.001748  0.203792  -1
  1  0  0.938300  0.066868 -0.152159  0.575558  -2
  1  0  0.938300 -0.051397 -0.174129  0.570213  -1
  1  0  0.938300  0.099201 -0.136391  0.407079  -1
  1  0  0.938300  0.158579  0.171961  0.175445  -6
  1  0  0.938300  0.269328  0.248161  0.185744  -3
  1  0  0.938300 -0.005693  0.000123  0.752835  -1
  1  0  0.938300 -0.071983 -0.152155  0.590078  -2
  1  0  0.938300  0.387847 -0.151450  0.185427  -8
  1  0  0.938300  0.185851  0.126873  0.280410  -5
  1  0  0.938300  0.152329 -0.012149  0.581669  -1
  1  0  0.938300  0.006424 -0.059948  0.398630  -2
  1  0  0.938300  0.056739 -0.176309  0.310804  -4
  1  0  0.938300 -0.051705  0.190475  0.633167  -1
  1  0  0.938300  0.001275 -0.174899  0.360297  -5
  1  0  0.938300 -0.368333 -0.144380  0.314403  -4
  1  0  0.938300  0.089524 -0.028257  0.510637  -2
  1  0  0.938300 -0.088292  0.139305  0.414902  -5
  1  0  0.938300  0.081915 -0.051578  0.422583  -1
  1  0  0.938300 -0.108860  0.179681  0.189944  -4
  1  0  0.938300 -0.146524 -0.312775  0.262039  -3
  1  0  0.938300 -0.276191  0.015371  0.205708  -3
  1  0  0.938300 -0.076374 -0.096051  0.316028  -2
  1  0  0.938300 -0.153867 -0.167583  0.050401  -4
  1  0  0.938300  0.016932  0.153693  0.475426  -1
  1  0  0.938300 -0.284485 -0.389484  0.508935  -6
  1  0  0.938300 -0.449976 -0.264690  0.018026  -3
  1  0  0.938300 -0.210416 -0.141893  0.012471  -5
  1  0  0.938300  0.101979  0.060026  0.372249  -3
  1  0  0.938300 -0.147979  0.163988  0.249394  -3
  1  0  0.938300  0.220685  0.180026  0.034281  -2
  1  0  0.938300 -0.079277  0.290795  0.253023  -4
  1  0  0.938300 -0.158732 -0.322310  0.182801  -2
  1  0  0.938300 -0.175212  0.246233  0.563520  -5
  1  0  0.938300 -0.100012  0.322204  0.132946  -4
  1  0  0.938300  0.275011 -0.129027  0.256772  -4
  1  0  0.938300  0.395678  0.190422  0.469170  -2
  1  0  0.938300  0.189699 -0.208760  0.243460  -2
  1  0  0.938300  0.060116  0.281233 -0.024029  -4
  1  0  0.938300  0.094989  0.190034  0.007253  -3
  1  0  0.938300  0.086291 -0.126495  0.546637  -1
  1  0  0.938300 -0.071904 -0.127511  0.214341  -3
  1  0  0.938300  0.049767 -0.109610  0.433103  -1
  1  0  0.938300  0.120280 -0.065302  0.461607  -1
  1  0  0.938300  0.461586 -0.178993  0.743248  -5
  1  0  0.938300 -0.156091 -0.027438  0.643470  -1
  1  0  0.938300 -0.131386  0.029097  0.351261  -3
  1  0  0.938300  0.111090  0.339647  0.286764  -2
  1  0  0.938300  0.019953 -0.018440  0.281101  -2
  1  0  0.938300  0.186725 -0.153092  0.469895  -3
  1  0  0.938300 -0.412363 -0.086374 -0.074690  -3
  1  0  0.938300  0.249952 -0.100143  0.037371  -6
  1  0  0.938300 -0.043261 -0.182394  0.571688  -6
  1  0  0.938300  0.136820  0.137864  0.148922  -2
  1  0  0.938300 -0.011224 -0.184779  0.507537  -2
  1  0  0.938300 -0.005549  0.078644  0.501626  -6
  1  0  0.938300  0.115950 -0.090194  0.428990  -6
  1  0  0.938300 -0.198145  0.228375  0.165395  -2
  1  0  0.938300  0.060296  0.157841  0.288661  -3
  1  0  0.938300 -0.270200  0.170555  0.340944  -2
  1  0  0.938300  0.183415  0.021505  0.346142  -4
  1  0  0.938300  0.050457  0.009564  0.278975  -3
  1  0  0.938300  0.051493 -0.080399  0.630105  -1
  1  0  0.938300  0.018551  0.064655  0.619715  -1
  1  0  0.938300  0.009568  0.013698  0.606846  -1
  1  0  0.938300  0.301107  0.061640  0.441101  -2
  1  0  0.938300  0.036133 -0.246543  0.305085  -3
  1  0  0.938300  0.088103  0.061460  0.271152  -6
  1  0  0.938300  0.003819 -0.185745  0.125285  -3
  1  0  0.938300  0.105433 -0.028887  0.289501  -3
  1  0  0.938300  0.046679 -0.160148 -0.044293  -2
  1  0  0.938300  0.108333 -0.050842  0.440852  -1
  1  0  0.938300  0.146617  0.467009  0.159133  -3
  1  0  0.938300 -0.061528 -0.067259  0.237327  -2
  1  0  0.938300  0.024875 -0.121162  0.180982  -2
  1  0  0.938300  0.099656  0.052061  0.180327  -2
  1  0  0.938300  0.157096  0.073922  0.342414  -2
  1  0  0.938300 -0.177760 -0.139227 -0.088594  -6
  1  0  0.938300 -0.214358  0.079879  0.483335  -5
  1  0  0.938300  0.272108  0.177405  0.256723  -4
  1  0  0.938300  0.212808 -0.072982  0.583502  -3
  1  0  0.938300  0.148051 -0.273747 -0.101357  -4
  1  0  0.938300  0.190439  0.066871  0.153610  -3
  1  0  0.938300 -0.289580 -0.173458  0.209834  -2
  1  0  0.938300 -0.370664  0.065141  0.310217  -3
  1  0  0.938300 -0.009640 -0.342355  0.564564  -5
  1  0  0.938300 -0.079759 -0.057189  0.640425  -1
  1  0  0.938300  0.061187 -0.054760  0.254333  -2
  1  0  0.938300 -0.000154 -0.104192  0.480850  -5
  1  0  0.938300  0.315830  0.044867  0.494958  -2
  1  0  0.938300 -0.018597 -0.223274  0.163215  -5
  1  0  0.938300 -0.085421  0.270261  0.325782  -4
  1  0  0.938300 -0.177539  0.164376  0.162139  -3
  1  0  0.938300  0.206888  0.025346  0.588468  -1
  1  0  0.938300 -0.017826 -0.000782  0.490464  -1
  1  0  0.938300  0.102026 -0.008749  0.348485  -3
  1  0  0.938300  0.090513 -0.033189  0.533082  -1
  1  0  0.938300 -0.068745 -0.025416  0.630375  -1
  1  0  0.938300  0.067429  0.154921  0.382556  -5
  1  0  0.938300 -0.132528  0.354686  0.486586  -3
  1  0  0.938300  0.153584  0.049339  0.186249  -5
  1  0  0.938300  0.176248 -0.239936  0.319633  -3
  1  0  0.938300  0.212133 -0.206369  0.548483  -2
  1  0  0.938300 -0.246234 -0.318245  0.283765  -2
  1  0  0.938300  0.082981 -0.151533  0.515805  -1
  1  0  0.938300  0.343178  0.078642  0.303721  -2
  1  0  0.938300 -0.084259  0.007894  0.547078  -2