  1  1  0.938300  0.097317 -0.116787  0.294985   4
  1  1  0.938300 -0.010594  0.131151  0.364421   2
  1  1  0.938300  0.181892  0.234806  0.191858   3
  1  1  0.938300 -0.044176  0.018563  0.307623   9
  1  1  0.938300  0.036564  0.219727  0.541441   2
  1  1  0.938300 -0.025945  0.260156  0.210525   3
  1  1  0.938300 -0.161578  0.007993  0.024174   1
  1  1  0.938300 -0.002484 -0.060557 -0.076127   1
  1  1  0.938300 -0.018692  0.284702  0.384860   6
  1  1  0.938300 -0.351141  0.139086  0.076009   3
  1  1  0.938300 -0.491866 -0.155751  0.029595   2
  1  1  0.938300 -0.177053  0.190969  0.381125   3
  1  1  0.938300  0.062600  0.065877  0.409422   5
  1  1  0.938300 -0.300786 -0.223575  0.322919   6
  1  1  0.938300  0.233585 -0.302501  0.238753   2
  1  1  0.938300 -0.175482 -0.087178  0.034871   1
  1  1  0.938300 -0.130682 -0.027053  0.314864   2
  1  1  0.938300 -0.338822 -0.094817  0.742074   4
  1  1  0.938300  0.017088 -0.215279  0.533350   3
  1  1  0.938300  0.085992  0.096543  0.042822   3
  1  1  0.938300 -0.197107  0.184826  0.107076   4
  1  1  0.938300  0.119092  0.053092  0.234869   2
  1  1  0.938300 -0.073673  0.076378  0.003618   2
  1  1  0.938300 -0.525467 -0.026394  0.219557   3
  1  1  0.938300 -0.005761  0.098388  0.373235   7
  1  1  0.938300  0.031504 -0.255704  0.098145   6
  1  1  0.938300  0.014489  0.164882  0.424722   3
  1  1  0.938300 -0.056989 -0.026699  0.047535   2
  1  1  0.938300 -0.215945 -0.216359  0.359862   2
  1  1  0.938300 -0.094275 -0.315978  0.176563   4
  1  1  0.938300 -0.025057 -0.091177  0.147757   1
  1  1  0.938300  0.129337  0.233158  0.114249   1
  1  1  0.938300  0.377610  0.084228  0.613639   5
  1  1  0.938300  0.178542  0.110509  0.267909   4
  1  1  0.938300  0.091544 -0.182004 -0.062348   7
  1  1  0.938300 -0.070675 -0.104876  0.305714   7
  1  1  0.938300  0.210611 -0.098301  0.144040   2
  1  1  0.938300 -0.033684  0.166710  0.167985   3
  1  1  0.938300  0.050009  0.055552  0.103099   2
  1  1  0.938300 -0.083760 -0.239363  0.074859   3
  1  1  0.938300 -0.005207 -0.329444  0.309232   4
  1  1  0.938300  0.070807  0.076716  0.344022   5
  1  1  0.938300  0.016388 -0.022649 -0.038518   2
  1  1  0.938300  0.110744  0.131515  0.066531   2
  1  1  0.938300  0.124988  0.048131  0.137985   2
  1  1  0.938300  0.051335  0.065623 -0.129290   4
  1  1  0.938300 -0.131098 -0.095820 -0.015254   1
  1  1  0.938300  0.088536 -0.126148 -0.019910   1
  1  1  0.938300 -0.161087 -0.018151  0.222811   2
  1  1  0.938300  0.075707  0.075448  0.300519   2
  1  1  0.938300 -0.102961 -0.006894  0.121419   2
  1  1  0.938300  0.169541 -0.062539  0.179696   2
  1  1  0.938300  0.101013 -0.171495  0.125927   4
  1  1  0.938300  0.093514 -0.053749  0.124551   1
  1  1  0.938300  0.311053 -0.118817  0.217896   2
  1  1  0.938300 -0.287284  0.236456  0.439567   8
  1  1  0.938300  0.043122  0.204598  0.166429   1
  1  1  0.938300  0.168159 -0.159393  0.048632   3
  1  1  0.938300 -0.250409  0.041235  0.382098   4
  1  1  0.938300  0.116699  0.451308  0.454883   6
  1  1  0.938300 -0.060491 -0.172919  0.028759   1
  1  1  0.938300 -0.201563  0.045364  0.473483   3
  1  1  0.938300 -0.029569 -0.057354  0.061862   1
  1  1  0.938300  0.244435 -0.254130  0.391975   3
  1  1  0.938300 -0.142542  0.111639  0.492308   4
  1  1  0.938300  0.081333  0.129879 -0.050054   1
  1  1  0.938300 -0.065571  0.026286  0.081963   1
  1  1  0.938300  0.294853  0.240058  0.027134   2
  1  1  0.938300  0.087461  0.192294  0.635579   4
  1  1  0.938300  0.123916  0.442163 -0.009381   2
  1  1  0.938300 -0.026304 -0.128320 -0.000947   1
  1  1  0.938300 -0.025517 -0.072655 -0.193305   1
  1  1  0.938300 -0.072021  0.093934  0.082352   1
  1  1  0.938300 -0.049560 -0.052075  0.465253   6
  1  1  0.938300 -0.115178 -0.109993  0.053783   4
  1  1  0.938300  0.002975 -0.036009  0.345672   4
  1  1  0.938300  0.029095  0.178469  0.418513   3
  1  1  0.938300 -0.214318 -0.011811  0.041419   1
  1  1  0.938300  0.103548  0.033275  0.442661   6
  1  0  0.938300  0.079905  0.299645  0.319383   4
  1  0  0.938300  0.380967 -0.265079  0.226493   2
  1  0  0.938300 -0.101699  0.157356  0.512858   7
  1  0  0.938300 -0.147189 -0.143714  0.155664   6
  1  0  0.938300  0.163901  0.219361  0.099366   2
  1  0  0.938300  0.247896  0.074551  0.500649   2
  1  0  0.938300  0.076533 -0.223504  0.258500   3
  1  0  0.938300 -0.062551  0.126220  0.152833   2
  1  0  0.938300  0.030341 -0.120089  0.507227   3
  1  0  0.938300  0.056243 -0.005343  0.552486   3
  1  0  0.938300  0.220121  0.012576  0.014876   1
  1  0  0.938300  0.192427  0.016719  0.214506   3
  1  0  0.938300  0.083954  0.057047  0.338390   3
  1  0  0.938300  0.065583  0.083741  0.182482   3
  1  0  0.938300  0.021972  0.165752  0.064548   1
  1  0  0.938300 -0.002404 -0.024607  0.233048   2
  1  0  0.938300 -0.179309  0.088098  0.191460   2
  1  0  0.938300 -0.013204  0.088724  0.332125   8
  1  0  0.938300  0.286583 -0.121600  0.056489   2
  1  0  0.938300 -0.050278 -0.152328  0.625572   3
  1  0  0.938300  0.443137  0.017156 -0.028646   2
  1  0  0.938300  0.025057  0.161440  0.069374   1
  1  0  0.938300 -0.030828 -0.047456  0.516012   3
  1  0  0.938300 -0.255949  0.156273  0.113311   3
  1  0  0.938300  0.341367  0.074007  0.492726   4
  1  0  0.938300 -0.047012  0.187546  0.067315   2
  1  0  0.938300 -0.177996 -0.000744  0.345394   5
  1  0  0.938300 -0.225937 -0.058189  0.150746   3
  1  0  0.938300 -0.075197 -0.163609  0.244694   3
  1  0  0.938300 -0.098696  0.261025  0.620372   3
  1  0  0.938300  0.205061  0.028988  0.255812   4
  1  0  0.938300 -0.021696  0.087788  0.347976   5
  1  0  0.938300 -0.062646  0.032210  0.058539   5
  1  0  0.938300 -0.117263 -0.094860  0.199936   6
  1  0  0.938300  0.091027 -0.279525  0.030748   5
  1  0  0.938300 -0.030499  0.130811  0.215744   1
  1  0  0.938300  0.098733  0.189667  0.677830   7
  1  0  0.938300  0.406366 -0.318232  0.284484   4
  1  0  0.938300  0.128424  0.147752  0.388134   2
  1  0  0.938300  0.194070 -0.097937 -0.067237   2
  1  0  0.938300  0.127855 -0.115323  0.361171   8
  1  0  0.938300 -0.008741 -0.033444  0.423742   3
  1  0  0.938300 -0.176924  0.417325  0.377498   4
  1  0  0.938300 -0.219265 -0.249693  0.303603   7
  1  0  0.938300  0.128815 -0.007829  0.423563   2
  1  0  0.938300 -0.156573 -0.105502  0.106830   1
  1  0  0.938300 -0.503649  0.271296  0.370514   7
  1  0  0.938300  0.072610  0.219668  0.455191   4
  1  0  0.938300  0.001312 -0.036230  0.263846   3
  1  0  0.938300 -0.234809 -0.207006  0.274044   2
  1  0  0.938300 -0.147653 -0.406694  0.575503   2
  1  0  0.938300  0.016230 -0.079421  0.378315   2
  1  0  0.938300  0.162372  0.041356 -0.033534   2
  1  0  0.938300  0.044200  0.196587  0.103801   1
  1  0  0.938300 -0.160827 -0.137839  0.344825   2
  1  0  0.938300 -0.148073 -0.061664  0.217256   1
  1  0  0.938300  0.124755  0.134532  0.485002   3
  1  0  0.938300 -0.082703  0.125038 -0.014015   1
  1  0  0.938300  0.021586 -0.077258  0.373943   4
  1  0  0.938300  0.315147  0.072248  0.393148   4
  1  0  0.938300 -0.210115  0.109155  0.243614   3
  1  0  0.938300 -0.278621  0.185303 -0.120659   2
  1  0  0.938300 -0.267331  0.183336  0.046427   2
  1  0  0.938300 -0.177108 -0.027782  0.066061   2
  1  0  0.938300 -0.027436  0.311875  0.211720   4
  1  0  0.938300 -0.029441  0.297714  0.232138   2
  1  0  0.938300  0.028563  0.108532  0.114031   1
  1  0  0.938300  0.011089 -0.010015  0.235856   3
  1  0  0.938300 -0.114622 -0.161830 -0.016033   1
  1  0  0.938300 -0.009180 -0.171512  0.010401   1
  1  0  0.938300 -0.095818 -0.174234  0.228702   4
  1  0  0.938300  0.059507 -0.060257  0.011770   1
  1  0  0.938300 -0.120845  0.217780  0.047980   6
  1  0  0.938300 -0.055012 -0.181855  0.008373   1
  1  0  0.938300  0.083859  0.069153  0.308282   4
  1  0  0.938300 -0.241264 -0.008724  0.387563   7
  1  0  0.938300  0.033034 -0.191977  0.391722   3
  1  0  0.938300 -0.052788  0.033606  0.067611   2
  1  0  0.938300  0.062010 -0.177258  0.504086   3
  1  0  0.938300  0.022298 -0.319187  0.256116   2
  1  0  0.938300 -0.226590 -0.308596  0.257366   3
  1  0  0.938300 -0.287926 -0.157603  0.270962   3
  1  0  0.938300  0.056896 -0.119852  0.474141   4
  1  0  0.938300 -0.181774 -0.074485  0.105070   3
  1  0  0.938300  0.184039 -0.109953  0.465027   5
  1  0  0.938300 -0.269959 -0.241356  0.347555   4
  1  0  0.938300 -0.244104  0.000285 -0.001683   1
  1  0  0.938300  0.354819 -0.008994  0.533357   4
  1  0  0.938300 -0.115465 -0.050810  0.171657   1
  1  0  0.938300 -0.001444 -0.201676  0.204416   5
  1  0  0.938300  0.105656  0.012799  0.322824   3
  1  0  0.938300 -0.056135  0.034228 -0.084058   1
  1  0  0.938300  0.196445 -0.008927  0.177176   1
  1  0  0.938300 -0.080649 -0.061412  0.232380   1
  1  0  0.938300  0.171659 -0.029369  0.507428   3
  1  0  0.938300 -0.033562  0.043709  0.361860   4
  1  0  0.938300 -0.169682 -0.110651  0.542555   3
  1  0  0.938300 -0.064895 -0.056636 -0.025263   3
  1  0  0.938300 -0.256965 -0.262255  0.439378   4
  1  0  0.938300 -0.109792 -0.068086  0.503083   3
  1  0  0.938300  0.164265  0.117223  0.060164   1
  1  0  0.938300  0.236464 -0.062472  0.062867   4
  1  0  0.938300 -0.027399  0.192479  0.122754   7
  1  0  0.938300  0.039184 -0.452453  0.295264   4
  1  0  0.938300 -0.020139 -0.093371  0.197278   1
  1  0  0.938300  0.022784  0.067373  0.013257   1
  1  0  0.938300  0.226721 -0.057597  0.269435   5
  1  0  0.938300  0.191531  0.026827  0.204178   4
  1  0  0.938300  0.029152  0.104165  0.180150   2
  1  0  0.938300  0.028172  0.103109  0.137310   3
  1  0  0.938300  0.050871  0.023753 -0.054773   1
  1  0  0.938300  0.223769 -0.098183  0.159219   2
  1  0  0.938300 -0.209821  0.061212  0.055708   2
  1  0  0.938300  0.344301  0.019658  0.386929   3
  1  0  0.938300 -0.006694  0.064207 -0.167147   1
  1  0  0.938300  0.127383  0.183023  0.106905   4
  1  0  0.938300 -0.062352 -0.190386  0.205334   4
  1  0  0.938300  0.117936  0.044275  0.140608   2
  1  1  0.938300 -0.211545  0.253267  0.054186  -5
  1  1  0.938300  0.223788  0.200185 -0.062593  -7
  1  1  0.938300  0.091565 -0.207514  0.428297  -3
  1  1  0.938300  0.164394  0.115882  0.231154  -2
  1  1  0.938300 -0.078620 -0.312831  0.515311  -5
  1  1  0.938300  0.178232  0.096422  0.332992  -2
  1  1  0.938300  0.074002  0.142502  0.104344  -5
  1  1  0.938300  0.015002  0.114636  0.332777  -1
  1  1  0.938300  0.076869 -0.095794  0.443740  -3
  1  1  0.938300 -0.029807  0.228095  0.529024  -2
  1  1  0.938300  0.040003 -0.205970  0.409172  -1
  1  1  0.938300 -0.077383  0.020468  0.081643  -2
  1  1  0.938300 -0.237765 -0.138391  0.118555  -2
  1  1  0.938300  0.069533  0.085261  0.438653  -3
  1  1  0.938300  0.006088  0.041155 -0.060032  -4
  1  1  0.938300 -0.245398 -0.236764  0.355170  -2
  1  1  0.938300  0.069222  0.227041  0.295438  -3
  1  1  0.938300  0.375198 -0.095186  0.100624  -3
  1  1  0.938300 -0.094053 -0.179652  0.360835  -2
  1  1  0.938300  0.083976  0.028917  0.228029  -5
  1  1  0.938300  0.015251 -0.008525  0.118025  -4
  1  1  0.938300 -0.102086  0.216117  0.385119  -3
  1  1  0.938300 -0.053281 -0.022943  0.439470  -2
  1  1  0.938300 -0.355383  0.148626  0.193768  -2
  1  1  0.938300 -0.103063 -0.134585  0.197005  -3
  1  1  0.938300 -0.034225 -0.185864  0.464959  -1
  1  1  0.938300  0.066954  0.050556  0.487996  -1
  1  1  0.938300 -0.057233  0.022326  0.444180  -2
  1  1  0.938300 -0.043022  0.109697  0.238830  -4
  1  1  0.938300 -0.336038  0.520259  0.503099  -4
  1  1  0.938300 -0.149336  0.076035  0.423095  -2
  1  1  0.938300 -0.314505 -0.254777  0.285637  -3
  1  1  0.938300  0.113371 -0.082929  0.572149  -3
  1  1  0.938300  0.147965 -0.122901  0.330684  -3
  1  1  0.938300  0.146616  0.033902  0.375944  -2
  1  1  0.938300  0.260159 -0.046422  0.314100  -3
  1  1  0.938300 -0.209313 -0.142823  0.457229  -1
  1  1  0.938300  0.306563 -0.027927  0.157526  -3
  1  1  0.938300 -0.210863  0.290245  0.093310  -2
  1  1  0.938300 -0.028655 -0.006371  0.358568  -7
  1  1  0.938300  0.013527 -0.117937  0.480672  -2
  1  1  0.938300  0.053122 -0.002141  0.506287  -1
  1  1  0.938300 -0.225491  0.109723 -0.049547  -3
  1  1  0.938300 -0.095773 -0.072289  0.266394  -3
  1  1  0.938300 -0.015940 -0.138645  0.703223  -4
  1  1  0.938300 -0.164479  0.157760  0.201402  -6
  1  1  0.938300 -0.304821  0.078191  0.214094  -3
  1  1  0.938300  0.173659  0.298252  0.360674  -3
  1  1  0.938300 -0.096884 -0.007624  0.581571  -2
  1  1  0.938300  0.308769  0.058678  0.121929  -5
  1  1  0.938300 -0.126313 -0.261502  0.454083  -3
  1  1  0.938300 -0.295454  0.066173  0.438107  -4
  1  1  0.938300 -0.324557  0.015887  0.381552  -2
  1  1  0.938300 -0.107071  0.048746 -0.174601  -4
  1  1  0.938300 -0.235152  0.024000  0.273579  -4
  1  1  0.938300  0.003990 -0.008156  0.277329  -3
  1  1  0.938300  0.087683 -0.279925  0.261998  -2
  1  1  0.938300 -0.070110 -0.176991 -0.027674  -3
  1  1  0.938300 -0.011970 -0.256007  0.657257  -3
  1  1  0.938300 -0.122203 -0.098560  0.597116  -1
  1  1  0.938300 -0.080870 -0.007748  0.083070  -3
  1  1  0.938300 -0.019205 -0.043140  0.919123  -2
  1  1  0.938300 -0.099219  0.423000  0.329651  -2
  1  1  0.938300  0.093121 -0.188994  0.249590  -2
  1  1  0.938300  0.149175 -0.056057  0.367082  -2
  1  1  0.938300  0.141905 -0.265834  0.033395  -4
  1  1  0.938300  0.012385  0.060243  0.531260  -2
  1  1  0.938300  0.088258 -0.343935  0.311860  -2
  1  1  0.938300 -0.031943  0.344564  0.505112  -2
  1  1  0.938300  0.041943  0.160963  0.409115  -1
  1  1  0.938300 -0.079044 -0.026374  0.400447  -3
  1  1  0.938300 -0.207262  0.253726  0.155129  -2
  1  1  0.938300  0.127031 -0.120817  0.042470  -4
  1  1  0.938300  0.093144  0.048846  0.568908  -1
  1  1  0.938300  0.096288  0.022158  0.303649  -2
  1  1  0.938300 -0.051273  0.181530  0.274738  -4
  1  1  0.938300 -0.170767 -0.287037  0.368562  -2
  1  1  0.938300 -0.160792 -0.011043  0.244931  -3
  1  1  0.938300  0.074710  0.153908  0.251559  -2
  1  0  0.938300 -0.248468  0.222017  0.159997  -5
  1  0  0.938300 -0.023435 -0.100434  0.360272  -2
  1  0  0.938300  0.186321 -0.255642  0.335557  -6
  1  0  0.938300 -0.137220 -0.061794  0.613227  -1
  1  0  0.938300  0.021337 -0.166124  0.435319  -4
  1  0  0.938300  0.034291 -0.000781  0.716683  -3
  1  0  0.938300  0.070859  0.174567  0.298043  -5
  1  0  0.938300 -0.003769 -0.024099  0.270050  -2
  1  0  0.938300 -0.264039  0.132222  0.324796  -2
  1  0  0.938300 -0.209208 -0.051869 -0.070534  -3
  1  0  0.938300  0.221494 -0.178899  0.792649  -7
  1  0  0.938300  0.017901 -0.072148 -0.093835  -5
  1  0  0.938300  0.086962 -0.342951  0.296062  -3
  1  0  0.938300  0.130561  0.151427  0.230220  -2
  1  0  0.938300 -0.399642  0.041199  0.098961  -4
  1  0  0.938300  0.124337  0.430787  0.371598  -2
  1  0  0.938300 -0.033161 -0.157000  0.196779  -5
  1  0  0.938300  0.275657  0.017378  0.325885  -3
  1  0  0.938300 -0.055330  0.121872  0.325222  -2
  1  0  0.938300 -0.230913  0.042409  0.581337  -1
  1  0  0.938300 -0.076571 -0.136049  0.618742  -1
  1  0  0.938300  0.022889  0.141193 -0.055044  -2
  1  0  0.938300 -0.182575 -0.066043  0.347564  -3
  1  0  0.938300 -0.113324 -0.177853  0.281741  -3
  1  0  0.938300 -0.066465  0.720444  0.496033  -4
  1  0  0.938300  0.098974 -0.427282  0.337356  -4
  1  0  0.938300 -0.156739 -0.092542  0.429971  -4
  1  0  0.938300 -0.208322  0.042817  0.136568  -3
  1  0  0.938300 -0.148130 -0.092482  0.116401  -4
  1  0  0.938300 -0.010552 -0.024947  0.682763  -1
  1  0  0.938300  0.171014 -0.226370  0.563128  -1
  1  0  0.938300 -0.135743  0.087727  0.641390  -1
  1  0  0.938300  0.136919  0.012218  0.372477  -7
  1  0  0.938300 -0.153604  0.177262  0.404537  -2
  1  0  0.938300 -0.044992  0.050150  0.588195  -1
  1  0  0.938300  0.137873 -0.248272  0.252809  -2
  1  0  0.938300 -0.194311  0.002893  0.281412  -2
  1  0  0.938300 -0.102701 -0.122393  0.308770  -3
  1  0  0.938300  0.261021  0.131119  0.667154  -4
  1  0  0.938300  0.067599  0.530915  0.128148  -3
  1  0  0.938300 -0.198751 -0.205812  0.454202  -2
  1  0  0.938300  0.052855 -0.259159  0.422962  -2
  1  0  0.938300  0.026439 -0.098501  0.553867  -1
  1  0  0.938300  0.091376 -0.109125  0.096629  -4
  1  0  0.938300 -0.192648 -0.120097  0.369826  -2
  1  0  0.938300 -0.022676 -0.007516  0.315516  -1
  1  0  0.938300  0.196861  0.247124  0.407661  -9
  1  0  0.938300  0.202406  0.461504  0.222016  -3
  1  0  0.938300  0.240459  0.012437  0.521896  -3
  1  0  0.938300  0.264514  0.253925  0.267862  -3
  1  0  0.938300  0.023520 -0.004085  0.142480  -3
  1  0  0.938300 -0.090162  0.404756  0.233436  -4
  1  0  0.938300 -0.042120  0.082621  0.612110  -2
  1  0  0.938300  0.226537 -0.123288  0.179335  -6
  1  0  0.938300 -0.138178 -0.205202  0.197889  -3
  1  0  0.938300 -0.052196 -0.019513  0.266802  -1
  1  0  0.938300  0.263916 -0.161122  0.268202  -2
  1  0  0.938300  0.185698  0.008326  0.333155  -3
  1  0  0.938300 -0.204639  0.116871  0.267362  -2
  1  0  0.938300  0.148769  0.026771  0.480377  -3
  1  0  0.938300 -0.092819 -0.121460  0.615912  -1
  1  0  0.938300 -0.035197 -0.024396  0.347977  -2
  1  0  0.938300 -0.036801 -0.243663  0.370593  -5
  1  0  0.938300 -0.029341  0.045713  0.382542  -4
  1  0  0.938300 -0.181934  0.024587  0.264541  -3
  1  0  0.938300  0.342203  0.250748  0.213128  -5
  1  0  0.938300 -0.119290  0.099253  0.356954  -5
  1  0  0.938300  0.082690  0.243755  0.582575  -1
  1  0  0.938300 -0.432036 -0.186960  0.025753  -3
  1  0  0.938300 -0.219777  0.244994  0.446220  -2
  1  0  0.938300 -0.203662 -0.009244  0.277316  -2
  1  0  0.938300  0.070756  0.354602  0.237954  -7
  1  0  0.938300  0.169593 -0.280616  0.310863  -3
  1  0  0.938300  0.085785 -0.082912  0.496030  -2
  1  0  0.938300  0.249139 -0.139458  0.391304  -3
  1  0  0.938300  0.241260 -0.004816  0.470967  -5
  1  0  0.938300 -0.277369  0.071719  0.266082  -4
  1  0  0.938300 -0.134947 -0.107198  0.612216  -1
  1  0  0.938300 -0.256048  0.132063  0.406318 -11
  1  0  0.938300  0.009783 -0.075842  0.427968  -1
  1  0  0.938300 -0.197914 -0.126392  0.375603  -3
  1  0  0.938300 -0.279386 -0.430108  0.161750  -4
  1  0  0.938300 -0.152398  0.204844  0.226862  -6
  1  0  0.938300 -0.421305  0.021214  0.191277  -4
  1  0  0.938300 -0.030610  0.199769  0.517304  -3
  1  0  0.938300 -0.093753  0.136047  0.424879  -2
  1  0  0.938300  0.207267 -0.128533  0.305335  -3
  1  0  0.938300  0.138124 -0.082209  0.243841  -2
  1  0  0.938300 -0.265621 -0.103459  0.370382  -2
  1  0  0.938300  0.145289 -0.284272  0.416622  -4
  1  0  0.938300  0.039104  0.167658  0.551613  -1
  1  0  0.938300 -0.415130 -0.251933  0.448166  -2
  1  0  0.938300 -0.052506  0.036445  0.337367  -1
  1  0  0.938300 -0.062088 -0.212044  0.299960  -6
  1  0  0.938300  0.303800  0.060864  0.163093  -5
  1  0  0.938300  0.024972  0.002035  0.400452  -3
  1  0  0.938300 -0.186618 -0.297078  0.088896  -5
  1  0  0.938300 -0.078971  0.143102  0.613925  -1
  1  0  0.938300  0.057644  0.284489  0.307916  -4
  1  0  0.938300 -0.043002 -0.201929  0.490166  -1
  1  0  0.938300  0.061760 -0.199769  0.128846  -6
  1  0  0.938300  0.046801  0.090298  0.542817  -1
  1  0  0.938300 -0.117512  0.304448  0.175459  -4
  1  0  0.938300  0.037276 -0.025465  0.378636  -1
  1  0  0.938300 -0.053968  0.072528  0.533038  -5
  1  0  0.938300 -0.064371 -0.062502  0.065610  -5
  1  0  0.938300 -0.360166 -0.124877  0.487865  -2
  1  0  0.938300  0.046338 -0.045580  0.209943  -2
  1  0  0.938300 -0.007479  0.206417  0.475902  -2
  1  0  0.938300 -0.029053  0.010127  0.520773  -1
  1  0  0.938300 -0.007274 -0.229002  0.269715  -4
  1  0  0.938300  0.112009 -0.183582  0.362754  -2
  1  0  0.938300  0.076794  0.007779 -0.058018  -2
  1  0  0.938300  0.071425 -0.114736  0.354250  -4
  1  0  0.938300 -0.109085 -0.139228  0.181427  -2
  1  0  0.938300  0.248135  0.240019  0.290282  -4
  1  0  0.938300 -0.019989  0.097499  0.744207  -5
  1  0  0.938300  0.089935 -0.264553  0.173731  -5