  1  1  0.938300 -0.034002 -0.010117  0.093399   3
  1  1  0.938300  0.005695 -0.066635 -0.108684   1
  1  1  0.938300  0.003223  0.189065  0.317718   4
  1  1  0.938300 -0.402356  0.074092  0.198157   5
  1  1  0.938300 -0.053967  0.308011  0.173198   2
  1  1  0.938300 -0.124089  0.074925  0.018791   2
  1  1  0.938300  0.047336 -0.297085  0.112300   3
  1  1  0.938300  0.205434 -0.001137  0.272565   3
  1  1  0.938300 -0.098182 -0.212563 -0.032152   1
  1  1  0.938300  0.042433  0.006448 -0.026671   1
  1  1  0.938300 -0.090501  0.067003  0.088053   1
  1  1  0.938300  0.110584  0.057881  0.601979   4
  1  1  0.938300 -0.165391 -0.111028 -0.199800   3
  1  1  0.938300  0.173338  0.116274  0.136192   2
  1  1  0.938300  0.005572 -0.128254  0.075621   1
  1  1  0.938300 -0.084504  0.067527  0.158542   1
  1  1  0.938300 -0.206594 -0.107264  0.162808   2
  1  1  0.938300 -0.089983  0.274259  0.116833   4
  1  1  0.938300 -0.227440  0.118183 -0.122882   3
  1  1  0.938300  0.045035 -0.022533  0.164192   1
  1  1  0.938300 -0.007171 -0.051922  0.274966   3
  1  1  0.938300  0.101303 -0.075603  0.035516   3
  1  1  0.938300 -0.120066 -0.054426  0.157814   4
  1  1  0.938300 -0.062218 -0.036930 -0.036972   1
  1  1  0.938300  0.166925  0.036141  0.122343   3
  1  1  0.938300 -0.172216  0.101863  0.027934   1
  1  1  0.938300  0.030497  0.166627  0.332536   2
  1  1  0.938300 -0.005071  0.029082  0.279252   1
  1  1  0.938300 -0.110711 -0.185049  0.255591   6
  1  1  0.938300  0.345210 -0.276271  0.548923   4
  1  1  0.938300 -0.135433  0.091963  0.239071   4
  1  1  0.938300  0.187176 -0.024235  0.236075   4
  1  1  0.938300  0.005484  0.112613  0.358016   7
  1  1  0.938300 -0.448527 -0.034916  0.387334   4
  1  1  0.938300  0.036630 -0.045408  0.105095   1
  1  1  0.938300 -0.030145 -0.164334  0.116681   2
  1  1  0.938300  0.181047  0.012877  0.341535   2
  1  1  0.938300  0.131571  0.105351  0.130183   2
  1  1  0.938300  0.034159 -0.012218  0.134124   1
  1  1  0.938300 -0.014370 -0.046990  0.399484   3
  1  1  0.938300 -0.022397 -0.024065  0.276639   2
  1  1  0.938300 -0.186737  0.020653  0.169989   1
  1  1  0.938300  0.031877  0.105165  0.435390   8
  1  1  0.938300  0.008992 -0.112318  0.076062   3
  1  1  0.938300  0.100842  0.303566  0.335601   4
  1  1  0.938300  0.029670  0.001219 -0.016305   1
  1  1  0.938300  0.000600 -0.177724  0.158500   1
  1  1  0.938300 -0.285343  0.112654  0.543328   3
  1  1  0.938300  0.013557  0.005785  0.059799   2
  1  1  0.938300  0.206068 -0.030424  0.404833   4
  1  1  0.938300  0.254061 -0.215771  0.131686   4
  1  1  0.938300 -0.057256 -0.180345  0.182167   4
  1  1  0.938300  0.407413  0.215504  0.250687   3
  1  1  0.938300  0.089281  0.036072  0.187347   1
  1  1  0.938300  0.159229 -0.147334  0.176771   3
  1  1  0.938300  0.037292 -0.143295  0.056610   1
  1  1  0.938300  0.121019  0.025038  0.448199   2
  1  1  0.938300 -0.011202  0.010520  0.182277   2
  1  1  0.938300 -0.053772 -0.132889  0.230828   5
  1  1  0.938300  0.119833  0.077822  0.307785   3
  1  1  0.938300 -0.098894 -0.112816  0.322978   5
  1  1  0.938300  0.010761 -0.053532  0.391929   2
  1  1  0.938300  0.071352 -0.029991  0.289810   3
  1  1  0.938300 -0.070948 -0.137972  0.149981   1
  1  1  0.938300 -0.268109  0.016770  0.120190   3
  1  1  0.938300 -0.019363 -0.107632  0.130787   2
  1  1  0.938300 -0.097550  0.005926  0.167612   1
  1  1  0.938300 -0.164240  0.121515  0.206043   4
  1  1  0.938300 -0.076625 -0.011780  0.355632   2
  1  1  0.938300  0.333709  0.084122  0.257816   4
  1  1  0.938300 -0.266216 -0.325973  0.408546   4
  1  1  0.938300  0.116285 -0.313360  0.163785   3
  1  1  0.938300  0.105292  0.092300  0.074514   1
  1  1  0.938300  0.437945  0.085897  0.594725   4
  1  1  0.938300 -0.088878 -0.122369  0.693720   3
  1  1  0.938300 -0.053675  0.138776 -0.075596   2
  1  1  0.938300  0.071210 -0.078921  0.346654   3
  1  1  0.938300 -0.194151  0.017326  0.079461   1
  1  1  0.938300  0.163938 -0.119421  0.202737   4
  1  0  0.938300  0.044626 -0.169767  0.476111   6
  1  0  0.938300  0.090318  0.072318  0.126892   1
  1  0  0.938300  0.113493  0.161329  0.323228   7
  1  0  0.938300 -0.060096  0.002191  0.241775   2
  1  0  0.938300  0.142159 -0.213250  0.397505   3
  1  0  0.938300  0.227791  0.111459  0.436610   2
  1  0  0.938300  0.277725 -0.164819  0.216188   4
  1  0  0.938300  0.036857  0.155926  0.170301   3
  1  0  0.938300 -0.049038  0.135166  0.082449   3
  1  0  0.938300 -0.119414  0.148355  0.289354   3
  1  0  0.938300  0.101443 -0.232840  0.461100   2
  1  0  0.938300  0.006243  0.035210 -0.009589   4
  1  0  0.938300 -0.024602 -0.157831  0.110667   2
  1  0  0.938300  0.093029 -0.153624  0.216852   7
  1  0  0.938300 -0.061146  0.069823  0.274629   2
  1  0  0.938300 -0.187638 -0.040032  0.221347   3
  1  0  0.938300  0.023541 -0.244045  0.250874   2
  1  0  0.938300 -0.102685  0.211419  0.179823   1
  1  0  0.938300  0.035436 -0.107992  0.013016   1
  1  0  0.938300 -0.114787 -0.396435  0.181832   2
  1  0  0.938300  0.014278 -0.016689  0.255219   1
  1  0  0.938300 -0.100649 -0.193145  0.003993   1
  1  0  0.938300 -0.114948 -0.182907  0.129059   1
  1  0  0.938300  0.012585 -0.078746  0.181661   3
  1  0  0.938300 -0.138087 -0.178545  0.219987   2
  1  0  0.938300 -0.035081 -0.163249 -0.005372   2
  1  0  0.938300 -0.059275 -0.190643 -0.010465   2
  1  0  0.938300  0.010044  0.124848  0.186219   3
  1  0  0.938300  0.046319 -0.201779  0.242772   2
  1  0  0.938300  0.089025 -0.012169  0.228899   3
  1  0  0.938300  0.082068  0.053908  0.426109   2
  1  0  0.938300  0.243289 -0.264813  0.399650   3
  1  0  0.938300  0.029035 -0.178727  0.136386   1
  1  0  0.938300 -0.141821 -0.051404  0.285744   4
  1  0  0.938300  0.141430  0.000269  0.209346   4
  1  0  0.938300 -0.018122 -0.215086  0.216791   5
  1  0  0.938300 -0.171229 -0.171934  0.180867   3
  1  0  0.938300  0.338065  0.167683  0.029213   9
  1  0  0.938300  0.049599  0.007822  0.491545   3
  1  0  0.938300 -0.023369 -0.105609  0.485084   5
  1  0  0.938300  0.294736  0.095054  0.440600   7
  1  0  0.938300 -0.058428  0.047419  0.053824   1
  1  0  0.938300 -0.001665 -0.075464 -0.050311   1
  1  0  0.938300 -0.038630 -0.161302  0.506315   2
  1  0  0.938300 -0.010523 -0.141286 -0.001869   3
  1  0  0.938300 -0.029890  0.196103  0.078606   4
  1  0  0.938300 -0.147325 -0.078826  0.195778   2
  1  0  0.938300 -0.017222 -0.020226  0.019053   1
  1  0  0.938300  0.017460  0.040382 -0.114397   4
  1  0  0.938300 -0.030304  0.083823  0.291911   4
  1  0  0.938300  0.249843  0.292856  0.125246   8
  1  0  0.938300  0.230621 -0.222498  0.335219   2
  1  0  0.938300  0.071590 -0.051741  0.510602   6
  1  0  0.938300  0.132631  0.176461  0.190532   5
  1  0  0.938300 -0.145648 -0.154589  0.261300   3
  1  0  0.938300  0.278346 -0.069107  0.157325   2
  1  0  0.938300 -0.066287  0.032277 -0.022591   1
  1  0  0.938300  0.219003  0.053190  0.099819   3
  1  0  0.938300  0.122853  0.345989  0.481790   2
  1  0  0.938300  0.178171 -0.020605  0.306845   2
  1  0  0.938300  0.031746 -0.157305 -0.058650   2
  1  0  0.938300  0.322108 -0.012904  0.157266   2
  1  0  0.938300 -0.018561  0.147777 -0.049579   4
  1  0  0.938300 -0.073576 -0.117287  0.250608   2
  1  0  0.938300  0.020875  0.234954 -0.046292   2
  1  0  0.938300  0.263487 -0.024926  0.380034   2
  1  0  0.938300 -0.008946 -0.112989  0.104210   1
  1  0  0.938300 -0.192323 -0.274217  0.181044   3
  1  0  0.938300  0.062508 -0.133505  0.135514   3
  1  0  0.938300 -0.041803  0.170269  0.281595   3
  1  0  0.938300  0.047334  0.038804  0.513415   4
  1  0  0.938300  0.188042  0.128649  0.294878   4
  1  0  0.938300 -0.046390 -0.126266  0.412819   3
  1  0  0.938300 -0.111891  0.172608  0.174265   4
  1  0  0.938300  0.060022  0.445548  0.316666   4
  1  0  0.938300 -0.002720 -0.031424  0.479384   5
  1  0  0.938300  0.284855  0.191146  0.083090   2
  1  0  0.938300 -0.106440  0.137970  0.291502   3
  1  0  0.938300  0.061595 -0.133286  0.154436   1
  1  0  0.938300 -0.071690  0.249371  0.266361   3
  1  0  0.938300 -0.140678  0.113946  0.253550   5
  1  0  0.938300 -0.202027 -0.068893  0.212169   1
  1  0  0.938300  0.094807 -0.038298  0.137110   1
  1  0  0.938300  0.121134 -0.025298  0.190263   5
  1  0  0.938300 -0.291696  0.071709  0.078648   2
  1  0  0.938300 -0.089285 -0.331678  0.114294   5
  1  0  0.938300 -0.156644 -0.342378 -0.041171   2
  1  0  0.938300 -0.078100 -0.238866  0.319136   3
  1  0  0.938300  0.092839  0.139124  0.125433   5
  1  0  0.938300 -0.192395  0.015667 -0.205561   3
  1  0  0.938300  0.105269 -0.211583  0.258155   3
  1  0  0.938300  0.075375  0.148106  0.188416   1
  1  0  0.938300 -0.239435 -0.000192  0.060031   1
  1  0  0.938300 -0.076713 -0.063218  0.079673   2
  1  0  0.938300  0.062223  0.027017  0.298755   6
  1  0  0.938300 -0.071121  0.119728  0.408352   3
  1  0  0.938300 -0.131971  0.000756  0.424801   3
  1  0  0.938300 -0.028350 -0.033128  0.135288   5
  1  0  0.938300 -0.158192  0.054309  0.138740   2
  1  0  0.938300 -0.094375 -0.007624 -0.029065   2
  1  0  0.938300 -0.130501  0.166827  0.206136   3
  1  0  0.938300 -0.069773  0.055971 -0.042101   1
  1  0  0.938300 -0.147127 -0.123586  0.110484   3
  1  0  0.938300 -0.031450 -0.084886  0.084486   2
  1  0  0.938300 -0.006289  0.007812  0.131494   1
  1  0  0.938300  0.194239 -0.039654  0.606333   4
  1  0  0.938300 -0.017055 -0.106032  0.238299   1
  1  0  0.938300  0.038360 -0.217044  0.344636   2
  1  0  0.938300  0.206486  0.069510  0.289051   2
  1  0  0.938300  0.009884 -0.154906  0.281054   4
  1  0  0.938300 -0.268375  0.006768  0.148768   3
  1  0  0.938300 -0.028967 -0.162488  0.088446   1
  1  0  0.938300  0.093777  0.009572  0.091792   1
  1  0  0.938300 -0.126065 -0.108325  0.290711   3
  1  0  0.938300  0.110145  0.150683  0.103722   1
  1  0  0.938300  0.171482 -0.024629  0.283308   2
  1  0  0.938300  0.351708  0.093369  0.295000   3
  1  0  0.938300 -0.062159 -0.078279  0.213411   1
  1  1  0.938300  0.012739 -0.100316  0.284419  -1
  1  1  0.938300 -0.065501 -0.019221  0.312948  -1
  1  1  0.938300  0.024220 -0.139954  0.430747  -1
  1  1  0.938300  0.399477  0.064489  0.367388  -2
  1  1  0.938300 -0.112521  0.135667  0.421544  -1
  1  1  0.938300  0.253500  0.097779  0.283376  -2
  1  1  0.938300 -0.199890 -0.133651  0.476191  -2
  1  1  0.938300  0.335715  0.222206  0.365722  -4
  1  1  0.938300  0.048772 -0.112878  0.598074  -1
  1  1  0.938300  0.208161 -0.110110  0.284371  -3
  1  1  0.938300  0.041396 -0.208571  0.313572  -3
  1  1  0.938300  0.216612 -0.002972  0.207200  -2
  1  1  0.938300 -0.236468  0.152768  0.171336  -4
  1  1  0.938300  0.004242  0.027822  0.321535  -2
  1  1  0.938300  0.087830  0.002448  0.386550  -1
  1  1  0.938300  0.179163  0.035014  0.272329  -3
  1  1  0.938300 -0.045800 -0.182279 -0.122481  -3
  1  1  0.938300 -0.097145  0.058528  0.119448  -2
  1  1  0.938300 -0.017501  0.194414  0.364751  -3
  1  1  0.938300 -0.224495  0.170564  0.542580  -4
  1  1  0.938300 -0.131020 -0.033114  0.628914  -1
  1  1  0.938300  0.099771  0.014023  0.582388  -1
  1  1  0.938300  0.097796 -0.242794  0.315148  -2
  1  1  0.938300  0.120181  0.078355  0.322631  -1
  1  1  0.938300 -0.028413  0.110987  0.358257  -1
  1  1  0.938300  0.037911 -0.094300  0.336255  -1
  1  1  0.938300 -0.190153  0.084693  0.466477  -3
  1  1  0.938300  0.055011  0.078102  0.339986  -2
  1  1  0.938300  0.045573  0.074977  0.333157  -1
  1  1  0.938300  0.123076  0.029008 -0.035111  -6
  1  1  0.938300  0.053597 -0.057923  0.003087  -2
  1  1  0.938300  0.159599 -0.023485  0.278854  -2
  1  1  0.938300 -0.087536 -0.051344  0.414956  -1
  1  1  0.938300  0.181511  0.107127 -0.004110  -4
  1  1  0.938300 -0.050899 -0.179212  0.253082  -8
  1  1  0.938300 -0.293033 -0.155806  0.429671  -3
  1  1  0.938300 -0.044137  0.137512  0.474529  -1
  1  1  0.938300 -0.183664  0.060196  0.018437  -2
  1  1  0.938300  0.036340  0.184443  0.571105  -1
  1  1  0.938300 -0.222549  0.002664  0.315344  -4
  1  1  0.938300 -0.170045 -0.177482  0.454397  -4
  1  1  0.938300  0.060441  0.358140  0.474269  -3
  1  1  0.938300 -0.079547 -0.076389  0.574038  -1
  1  1  0.938300 -0.194665 -0.064523  0.390014  -2
  1  1  0.938300 -0.199545  0.005789  0.359170  -1
  1  1  0.938300 -0.002960  0.293988  0.265422  -3
  1  1  0.938300 -0.073966  0.101636  0.467471  -4
  1  1  0.938300 -0.095113 -0.051996  0.760590  -4
  1  1  0.938300 -0.031507  0.005311  0.339903  -1
  1  1  0.938300  0.085659  0.080109  0.379748  -2
  1  1  0.938300  0.151103  0.173991  0.282123  -3
  1  1  0.938300  0.061587 -0.176106  0.544137  -2
  1  1  0.938300  0.118615  0.228219  0.530211  -2
  1  1  0.938300  0.233359  0.064898  0.430806  -3
  1  1  0.938300 -0.118924 -0.142051  0.653441  -3
  1  1  0.938300 -0.349828  0.062515  0.502532  -3
  1  1  0.938300 -0.034477 -0.108330  0.309866  -1
  1  1  0.938300  0.098775 -0.161516  0.343729  -2
  1  1  0.938300 -0.090607  0.006268 -0.002647  -3
  1  1  0.938300  0.101894 -0.056397  0.050162  -4
  1  1  0.938300 -0.340834 -0.013015  0.290328  -2
  1  1  0.938300 -0.088320 -0.070248  0.359012  -1
  1  1  0.938300 -0.072226 -0.280175  0.272655  -3
  1  1  0.938300 -0.118513 -0.057090  0.662693  -1
  1  1  0.938300 -0.132529  0.074300  0.092508  -3
  1  1  0.938300  0.037955  0.060389  0.453290  -1
  1  1  0.938300  0.048829 -0.281458  0.281996  -3
  1  1  0.938300 -0.252187 -0.070045  0.388246  -2
  1  1  0.938300  0.132398 -0.108894  0.333974  -3
  1  1  0.938300 -0.071125  0.169872  0.269358  -3
  1  1  0.938300 -0.229971  0.025423  0.276138  -4
  1  1  0.938300 -0.033792 -0.107285  0.322287  -1
  1  1  0.938300  0.006136 -0.143755  0.655073  -1
  1  1  0.938300 -0.089586 -0.296789  0.373239  -3
  1  1  0.938300 -0.421664  0.040403  0.249873  -3
  1  1  0.938300 -0.254393 -0.352175  0.289126  -3
  1  1  0.938300  0.057263  0.072538  0.101481  -5
  1  1  0.938300  0.138962 -0.189272  0.347468  -3
  1  1  0.938300 -0.154434 -0.072842  0.156288  -3
  1  0  0.938300  0.018835  0.154461  0.300693  -3
  1  0  0.938300 -0.047718  0.228455  0.440124  -7
  1  0  0.938300  0.091826 -0.223914  0.289255  -3
  1  0  0.938300  0.044398  0.019310  0.282330  -3
  1  0  0.938300 -0.137360 -0.286364  0.241425  -2
  1  0  0.938300 -0.234998 -0.087014  0.344993  -2
  1  0  0.938300  0.147842  0.093545  0.455340  -2
  1  0  0.938300 -0.165006 -0.106482  0.224585  -1
  1  0  0.938300 -0.167135 -0.358392  0.605101  -4
  1  0  0.938300 -0.043756 -0.306775  0.040088  -3
  1  0  0.938300 -0.090536 -0.024678  0.093320  -5
  1  0  0.938300  0.014782 -0.013942  0.294813  -1
  1  0  0.938300 -0.250218 -0.116140  0.405983  -5
  1  0  0.938300  0.061113  0.043375  0.295169  -3
  1  0  0.938300 -0.143550  0.225242  0.324585  -2
  1  0  0.938300 -0.073661  0.072248  0.483109  -1
  1  0  0.938300  0.186317 -0.067532  0.218219  -4
  1  0  0.938300 -0.007639 -0.131923  0.512642  -1
  1  0  0.938300 -0.105940  0.122876  0.187156  -3
  1  0  0.938300  0.018217  0.243921  0.160520  -3
  1  0  0.938300 -0.070655  0.058614  0.451909  -2
  1  0  0.938300 -0.226631 -0.015241  0.228876  -5
  1  0  0.938300  0.147229 -0.135626  0.558975  -1
  1  0  0.938300 -0.208255 -0.204897  0.288987  -3
  1  0  0.938300 -0.057700 -0.306794  0.248148  -2
  1  0  0.938300  0.204613  0.072155  0.149976  -2
  1  0  0.938300 -0.109029  0.003312  0.485013  -2
  1  0  0.938300  0.291763 -0.215771  0.105780  -3
  1  0  0.938300 -0.199089  0.039972  0.398326  -6
  1  0  0.938300 -0.009611  0.140611  0.114022  -3
  1  0  0.938300 -0.131707  0.107343  0.379350  -1
  1  0  0.938300 -0.202752  0.142219  0.317638  -3
  1  0  0.938300  0.016206 -0.138227  0.370149  -4
  1  0  0.938300 -0.183509  0.268243  0.390478  -4
  1  0  0.938300  0.023965 -0.067853  0.133099  -3
  1  0  0.938300 -0.339757 -0.021508  0.322501  -3
  1  0  0.938300 -0.090129  0.121997  0.607195  -4
  1  0  0.938300  0.148371  0.050403  0.290491  -2
  1  0  0.938300 -0.145523  0.061259  0.302909  -8
  1  0  0.938300 -0.061730  0.060794  0.376645  -3
  1  0  0.938300  0.054436 -0.158407  0.606515  -1
  1  0  0.938300  0.002192  0.041328  0.459008  -1
  1  0  0.938300 -0.157390  0.236129  0.563801  -4
  1  0  0.938300 -0.009632 -0.023257  0.380691  -3
  1  0  0.938300  0.002580 -0.189652  0.437188  -1
  1  0  0.938300  0.046924 -0.098356  0.387781  -2
  1  0  0.938300 -0.077299 -0.292895  0.424197  -2
  1  0  0.938300  0.095320  0.115793  0.287207  -6
  1  0  0.938300  0.123922  0.017890  0.437826  -3
  1  0  0.938300 -0.155379 -0.200413  0.500606  -6
  1  0  0.938300 -0.321010  0.211192  0.594404  -3
  1  0  0.938300  0.069545 -0.025755  0.714492  -1
  1  0  0.938300 -0.015405 -0.099571  0.278036  -2
  1  0  0.938300 -0.012377  0.108695  0.538588  -1
  1  0  0.938300  0.097702  0.258098  0.404870  -3
  1  0  0.938300 -0.190917 -0.004147  0.492146  -1
  1  0  0.938300 -0.170236 -0.013840  0.502495  -1
  1  0  0.938300 -0.078448  0.321320  0.311206  -3
  1  0  0.938300 -0.019933 -0.025569  0.377333  -2
  1  0  0.938300 -0.171056  0.194927  0.038552  -2
  1  0  0.938300  0.287733  0.065685  0.437372  -4
  1  0  0.938300 -0.291128 -0.229061  0.179207  -2
  1  0  0.938300 -0.007353 -0.071200  0.350454  -3
  1  0  0.938300 -0.194667 -0.086691  0.413856  -2
  1  0  0.938300 -0.263251  0.076252  0.572017  -2
  1  0  0.938300  0.015887  0.392916  0.470354  -2
  1  0  0.938300  0.000908  0.092250  0.613389  -5
  1  0  0.938300 -0.071609 -0.036281  0.197692  -1
  1  0  0.938300  0.047989 -0.380623  0.348753  -2
  1  0  0.938300 -0.089346  0.064457  0.243892  -4
  1  0  0.938300 -0.208298 -0.060717  0.259801  -5
  1  0  0.938300 -0.333726 -0.029046 -0.119489  -4
  1  0  0.938300  0.257559 -0.264811  0.284254  -5
  1  0  0.938300  0.305646 -0.146917  0.745064  -3
  1  0  0.938300 -0.119318  0.077589  0.583334  -1
  1  0  0.938300 -0.015923  0.197841  0.131687  -3
  1  0  0.938300 -0.107525 -0.083807  0.463336  -1
  1  0  0.938300  0.103921 -0.234775  0.494233  -4
  1  0  0.938300  0.057411 -0.147731  0.149068  -3
  1  0  0.938300  0.163309  0.157639  0.430771  -3
  1  0  0.938300  0.142390 -0.072126  0.396864  -2
  1  0  0.938300  0.068724 -0.133335  0.458731  -1
  1  0  0.938300  0.130568 -0.202902  0.480844  -4
  1  0  0.938300  0.122399  0.065660  0.147124  -3
  1  0  0.938300  0.048197  0.064400  0.412036  -1
  1  0  0.938300 -0.172827  0.008804  0.632648  -2
  1  0  0.938300  0.054221  0.066338  0.401880  -3
  1  0  0.938300 -0.040820 -0.263918  0.295662  -2
  1  0  0.938300  0.087966  0.102047  0.559681  -7
  1  0  0.938300  0.144552  0.129300  0.470807  -1
  1  0  0.938300  0.056401 -0.298760  0.146868  -7
  1  0  0.938300 -0.139388  0.113214  0.591158  -5
  1  0  0.938300 -0.209398  0.217120  0.422120  -5
  1  0  0.938300 -0.024639 -0.164129  0.338424  -5
  1  0  0.938300 -0.013493  0.024352  0.399971  -1
  1  0  0.938300  0.041574 -0.164754 -0.172220  -4
  1  0  0.938300  0.130881 -0.165538  0.158423  -5
  1  0  0.938300  0.117968 -0.078979  0.523873  -1
  1  0  0.938300 -0.010676  0.023171  0.307389  -3
  1  0  0.938300 -0.055151  0.149870  0.441654  -1
  1  0  0.938300  0.214374  0.040025  0.493355  -3
  1  0  0.938300 -0.054773 -0.114705  0.184023  -3
  1  0  0.938300 -0.068759 -0.078340  0.486856  -2
  1  0  0.938300 -0.027290  0.153920  0.228406  -2
  1  0  0.938300  0.119987  0.113087  0.351078  -1
  1  0  0.938300 -0.054789  0.067056  0.389768  -2
  1  0  0.938300 -0.014208  0.051378  0.213384  -4
  1  0  0.938300  0.051292 -0.013235  0.072588  -4
  1  0  0.938300 -0.021781  0.143026  0.333769  -3
  1  0  0.938300  0.214622  0.215463  0.488755  -4
  1  0  0.938300 -0.317073  0.167682  0.186404  -3
  1  0  0.938300 -0.094026 -0.012220  0.626619  -1
  1  0  0.938300  0.049438 -0.013061  0.294175  -1
  1  0  0.938300 -0.025741  0.307534  0.393334  -5
  1  0  0.938300  0.039955 -0.056149  0.333590  -2
  1  0  0.938300  0.233418  0.336243  0.639791  -4
  1  0  0.938300 -0.009450  0.149026  0.265814  -3
  1  0  0.938300  0.072055  0.644865  0.314590  -3