  1  1  0.938300 -0.030233 -0.376866 -0.039076   2
  1  1  0.938300 -0.027148  0.186922  0.175284   7
  1  1  0.938300  0.169554  0.029181  0.235170   4
  1  1  0.938300 -0.087149 -0.352407  0.484056   5
  1  1  0.938300 -0.134231 -0.159007  0.456377   3
  1  1  0.938300 -0.139828 -0.193064  0.011708   2
  1  1  0.938300  0.105781 -0.307218  0.429414   5
  1  1  0.938300  0.027454  0.034657 -0.000584   1
  1  1  0.938300 -0.037833  0.149000  0.285469   2
  1  1  0.938300  0.016296  0.019154  0.156657   2
  1  1  0.938300  0.124991  0.095194  0.337999   3
  1  1  0.938300  0.164017 -0.121049  0.216028   3
  1  1  0.938300 -0.144851  0.080036  0.122417   1
  1  1  0.938300 -0.011283 -0.107481  0.008824   2
  1  1  0.938300  0.083405  0.023716 -0.004326   1
  1  1  0.938300 -0.041081 -0.470024  0.109872   2
  1  1  0.938300  0.065091  0.212606  0.110216   4
  1  1  0.938300  0.071687  0.064298  0.197383   5
  1  1  0.938300  0.139154 -0.273110  0.351877   2
  1  1  0.938300  0.002589 -0.048965  0.218439   1
  1  1  0.938300  0.096030 -0.087812  0.210632   4
  1  1  0.938300 -0.458842  0.107933  0.278716   3
  1  1  0.938300  0.130260 -0.117010  0.528406   5
  1  1  0.938300 -0.337532  0.066761  0.326671   3
  1  1  0.938300  0.218059 -0.040332  0.396880   6
  1  1  0.938300  0.128384 -0.266447  0.216391   4
  1  1  0.938300  0.032857  0.470540  0.370594   3
  1  1  0.938300 -0.161304  0.045593  0.445023   3
  1  1  0.938300 -0.221669 -0.072302  0.542431   3
  1  1  0.938300 -0.285927 -0.009685  0.193200   2
  1  1  0.938300 -0.216525 -0.239954  0.173033   2
  1  1  0.938300  0.096472  0.258867 -0.082966   4
  1  1  0.938300  0.066858 -0.178371 -0.128488   2
  1  1  0.938300 -0.073486  0.069403  0.322840   5
  1  1  0.938300  0.353854 -0.136937  0.391846   5
  1  1  0.938300  0.055588  0.309669  0.645938   7
  1  1  0.938300  0.157045 -0.115137  0.219476   3
  1  1  0.938300 -0.011611 -0.234315  0.181491   2
  1  1  0.938300  0.011550 -0.130088  0.160691   3
  1  1  0.938300 -0.095276  0.165150  0.053226   4
  1  1  0.938300  0.077565 -0.000528  0.423360   3
  1  1  0.938300 -0.409888  0.140124  0.372047   3
  1  1  0.938300  0.051553  0.224127  0.537614   4
  1  1  0.938300 -0.068015 -0.023008  0.161287   1
  1  1  0.938300 -0.022409  0.347478  0.145673   4
  1  1  0.938300  0.143000  0.049933  0.094867   2
  1  1  0.938300 -0.446966  0.011791  0.352174   3
  1  1  0.938300 -0.116845  0.334957  0.196561   4
  1  1  0.938300 -0.057401  0.134692  0.471725   6
  1  1  0.938300 -0.131807 -0.090740  0.135670   1
  1  1  0.938300 -0.128757 -0.198436 -0.067869   4
  1  1  0.938300  0.135954 -0.039290  0.299829   2
  1  1  0.938300 -0.179129 -0.127587  0.039680   2
  1  1  0.938300 -0.055889 -0.471160  0.356575   4
  1  1  0.938300  0.134472  0.033427  0.203040   3
  1  1  0.938300  0.096122 -0.259856  0.334868   2
  1  1  0.938300  0.129560  0.155431  0.277970   5
  1  1  0.938300 -0.039580  0.051093  0.171325   2
  1  1  0.938300 -0.108512 -0.019340  0.165541   6
  1  1  0.938300  0.000502  0.209670  0.120880   1
  1  1  0.938300 -0.314628 -0.095802  0.249618   2
  1  1  0.938300 -0.204541  0.037768  0.186209   1
  1  1  0.938300 -0.176606 -0.060882  0.228743   2
  1  1  0.938300  0.105592 -0.033737  0.413364   6
  1  1  0.938300 -0.101082  0.097512  0.198518   5
  1  1  0.938300 -0.058736  0.170219  0.246401   4
  1  1  0.938300 -0.205346  0.046951  0.168426   8
  1  1  0.938300 -0.211912 -0.201613  0.237708   3
  1  1  0.938300 -0.286743 -0.028116  0.531780   2
  1  1  0.938300  0.103609 -0.183788 -0.091701   2
  1  1  0.938300  0.032978  0.017716  0.057060   1
  1  1  0.938300 -0.262393  0.275608 -0.024229   3
  1  1  0.938300 -0.099093 -0.043032  0.290856   3
  1  1  0.938300  0.011488 -0.447482  0.308595   3
  1  1  0.938300  0.056203 -0.033661  0.171407   3
  1  1  0.938300 -0.274945  0.298905  0.411655   3
  1  1  0.938300 -0.018745 -0.419157  0.406396   2
  1  1  0.938300  0.150711  0.195776  0.043376   1
  1  1  0.938300 -0.020336 -0.018917  0.325346   4
  1  0  0.938300  0.028972  0.087685  0.265110   3
  1  0  0.938300 -0.015669  0.052911  0.259388   1
  1  0  0.938300 -0.011703 -0.168483  0.070718   2
  1  0  0.938300  0.117450  0.077503  0.292229   3
  1  0  0.938300 -0.101338  0.218331  0.216384   5
  1  0  0.938300 -0.122255 -0.173444  0.034557   4
  1  0  0.938300  0.447788 -0.072662  0.169612   3
  1  0  0.938300 -0.090871  0.010852 -0.066016   1
  1  0  0.938300  0.203102  0.047661  0.166866  12
  1  0  0.938300  0.178172 -0.076593  0.232680   2
  1  0  0.938300  0.133104  0.036778  0.321433   3
  1  0  0.938300 -0.064378 -0.286198  0.214782   2
  1  0  0.938300 -0.529224  0.007779  0.343267   3
  1  0  0.938300  0.139931  0.264844 -0.054860   2
  1  0  0.938300 -0.026754 -0.266631  0.014947   2
  1  0  0.938300  0.066706 -0.161796  0.173396   1
  1  0  0.938300 -0.302845 -0.105001  0.344998   3
  1  0  0.938300  0.140251  0.151927  0.252619   2
  1  0  0.938300  0.035619  0.034796 -0.061214   3
  1  0  0.938300 -0.134162 -0.112237  0.303073   2
  1  0  0.938300  0.269394 -0.024334  0.192691   5
  1  0  0.938300  0.186595  0.101001  0.418739   3
  1  0  0.938300 -0.233260 -0.010769  0.676529   3
  1  0  0.938300  0.076265  0.177520  0.050188   1
  1  0  0.938300 -0.165496 -0.205709  0.027629   2
  1  0  0.938300  0.037614 -0.231836  0.184808   2
  1  0  0.938300 -0.057784  0.048526  0.383531   2
  1  0  0.938300 -0.027027  0.089648  0.540496   5
  1  0  0.938300  0.069423 -0.194920  0.188752   3
  1  0  0.938300 -0.355820  0.097269  0.067863   3
  1  0  0.938300  0.030544  0.114204  0.241303   3
  1  0  0.938300 -0.135440  0.029289 -0.185166   2
  1  0  0.938300 -0.007322  0.027460  0.402280   7
  1  0  0.938300  0.023332  0.074172  0.412340   2
  1  0  0.938300 -0.084770 -0.103984  0.180262   9
  1  0  0.938300  0.031064 -0.263538  0.423475   2
  1  0  0.938300 -0.147865  0.049028  0.069605   1
  1  0  0.938300 -0.055562 -0.137158  0.109835   3
  1  0  0.938300  0.018933  0.182246  0.238161   2
  1  0  0.938300 -0.304758 -0.175442  0.063574   4
  1  0  0.938300 -0.289465 -0.016613  0.426264   2
  1  0  0.938300 -0.107302 -0.085140 -0.143857   1
  1  0  0.938300  0.121604 -0.118725  0.566421   3
  1  0  0.938300  0.028557 -0.121871  0.081635   1
  1  0  0.938300  0.060626 -0.104287  0.109547   2
  1  0  0.938300 -0.102432  0.313724  0.182799   3
  1  0  0.938300  0.064802  0.057072  0.538554   4
  1  0  0.938300  0.194095  0.406792  0.296305   2
  1  0  0.938300  0.087429 -0.013195  0.249871   7
  1  0  0.938300  0.132034  0.182453  0.444891   4
  1  0  0.938300  0.262709  0.094746  0.098116   4
  1  0  0.938300 -0.192000  0.117335  0.504976   2
  1  0  0.938300 -0.069303  0.121657  0.368201   3
  1  0  0.938300 -0.024266 -0.364913  0.495197   4
  1  0  0.938300 -0.163651  0.250824  0.200157   6
  1  0  0.938300 -0.023672  0.123762  0.141826   3
  1  0  0.938300  0.055335  0.203819  0.009645   1
  1  0  0.938300  0.047236 -0.039496  0.025744   2
  1  0  0.938300  0.120380  0.149788  0.122009   3
  1  0  0.938300  0.208851 -0.202671  0.412435   3
  1  0  0.938300  0.071685  0.199658  0.387700   2
  1  0  0.938300  0.070914 -0.061257 -0.015023   1
  1  0  0.938300  0.137112 -0.123066  0.125524   2
  1  0  0.938300  0.009706  0.007746 -0.024817   2
  1  0  0.938300  0.070452  0.004554  0.336057   3
  1  0  0.938300  0.151848  0.136431  0.313632   2
  1  0  0.938300  0.043733 -0.156604  0.272642   2
  1  0  0.938300 -0.035856 -0.002419  0.015082  10
  1  0  0.938300  0.059086  0.048006  0.292237   3
  1  0  0.938300 -0.274144 -0.320429  0.415688   4
  1  0  0.938300 -0.097634 -0.112449  0.448523   7
  1  0  0.938300  0.129086 -0.101810 -0.020687   1
  1  0  0.938300  0.049421 -0.161775  0.319348   4
  1  0  0.938300 -0.018987 -0.033223  0.131607   1
  1  0  0.938300 -0.110802  0.224122  0.173659   2
  1  0  0.938300 -0.168472 -0.591257 -0.009764   3
  1  0  0.938300  0.011921 -0.053388 -0.038737   1
  1  0  0.938300  0.122148 -0.007798  0.072843   1
  1  0  0.938300  0.151735 -0.047864  0.016999   1
  1  0  0.938300  0.058808 -0.057768 -0.047483   3
  1  0  0.938300 -0.081072  0.013960  0.173701   3
  1  0  0.938300  0.005479  0.159248  0.172996   4
  1  0  0.938300 -0.075348  0.073695 -0.024077   1
  1  0  0.938300 -0.035344 -0.129025  0.050815   2
  1  0  0.938300  0.003706  0.052553  0.583953   4
  1  0  0.938300  0.283700 -0.319861  0.404522   4
  1  0  0.938300 -0.281794 -0.063366  0.658207   3
  1  0  0.938300  0.096007 -0.076950  0.307539   1
  1  0  0.938300  0.040826 -0.052018 -0.061740   1
  1  0  0.938300  0.440846 -0.257541  0.257330   4
  1  0  0.938300  0.060825 -0.002249  0.175087   1
  1  0  0.938300  0.066238  0.201250  0.110792   1
  1  0  0.938300 -0.133702 -0.130828  0.128735   2
  1  0  0.938300  0.010661  0.111105  0.102313   1
  1  0  0.938300  0.085152  0.100798  0.075360   2
  1  0  0.938300  0.019786  0.236369  0.508185   5
  1  0  0.938300  0.005447  0.015995  0.100745   1
  1  0  0.938300  0.132185 -0.193083  0.329052   2
  1  0  0.938300 -0.063099  0.104218  0.186710   2
  1  0  0.938300 -0.522182  0.186523  0.272220   6
  1  0  0.938300 -0.008156  0.062054  0.046820   3
  1  0  0.938300  0.044013 -0.030719  0.059526   4
  1  0  0.938300 -0.117306  0.052860  0.140252   3
  1  0  0.938300  0.087254  0.025955  0.108882   5
  1  0  0.938300 -0.055606 -0.060248  0.121449   2
  1  0  0.938300 -0.296489  0.054814  0.266605   3
  1  0  0.938300 -0.099091 -0.046886  0.224514   5
  1  0  0.938300  0.011330  0.136281  0.251703   2
  1  0  0.938300  0.140274 -0.040767  0.142931   4
  1  0  0.938300  0.042689 -0.015466  0.303557   3
  1  0  0.938300 -0.000470  0.201179  0.427022   5
  1  0  0.938300  0.268734 -0.073315  0.196409   2
  1  0  0.938300 -0.115818  0.009923  0.159388   5
  1  0  0.938300  0.106447  0.103646  0.108466   2
  1  0  0.938300 -0.160070  0.116757  0.039321   1
  1  0  0.938300  0.170626  0.017213  0.079988   1
  1  0  0.938300  0.345162  0.133907  0.330867   4
  1  0  0.938300  0.352665  0.412871  0.109598   5
  1  1  0.938300 -0.101353 -0.012436 -0.156873  -4
  1  1  0.938300  0.280586 -0.180669  0.279047  -4
  1  1  0.938300 -0.103849  0.067998  0.600057  -1
  1  1  0.938300  0.061315 -0.039034  0.339352  -2
  1  1  0.938300 -0.153440 -0.190749 -0.177433  -3
  1  1  0.938300 -0.131992  0.184069  0.486275  -1
  1  1  0.938300  0.312930  0.288634  0.534593  -2
  1  1  0.938300  0.207492  0.216324  0.540207  -2
  1  1  0.938300  0.263776  0.290675  0.221386  -8
  1  1  0.938300 -0.072417  0.083939  0.332450  -4
  1  1  0.938300  0.057168  0.067431  0.359294  -4
  1  1  0.938300 -0.235869  0.007610  0.367540  -3
  1  1  0.938300  0.312655  0.009288  0.613728  -2
  1  1  0.938300 -0.145505  0.057172  0.444156  -1
  1  1  0.938300 -0.012705  0.238484  0.601047  -1
  1  1  0.938300  0.060412  0.164191  0.412489  -3
  1  1  0.938300 -0.063336 -0.175839  0.322592  -3
  1  1  0.938300  0.016557 -0.043059  0.425509  -3
  1  1  0.938300 -0.005700  0.026782  0.369585  -1
  1  1  0.938300  0.141028  0.157595  0.148382  -4
  1  1  0.938300 -0.074870  0.083316  0.581078  -2
  1  1  0.938300 -0.089075  0.160272  0.223024  -4
  1  1  0.938300  0.070847 -0.040850  0.248505  -5
  1  1  0.938300 -0.237770 -0.124773  0.367806  -4
  1  1  0.938300  0.273999 -0.140278  0.648311  -2
  1  1  0.938300  0.088131  0.045009  0.340901  -1
  1  1  0.938300  0.170111  0.198737  0.197862  -2
  1  1  0.938300  0.147279 -0.117705  0.583874  -3
  1  1  0.938300  0.079869  0.028800  0.577290  -1
  1  1  0.938300 -0.151035 -0.033131  0.613676  -1
  1  1  0.938300 -0.271438  0.027863  0.455434  -3
  1  1  0.938300  0.122864  0.097818  0.669506  -1
  1  1  0.938300  0.137947 -0.021902  0.180780  -3
  1  1  0.938300  0.243979 -0.071112  0.482892  -6
  1  1  0.938300  0.580652  0.315122  0.574188  -4
  1  1  0.938300  0.250018 -0.309703  0.564423  -2
  1  1  0.938300  0.021762 -0.008172  0.191760  -6
  1  1  0.938300 -0.024920  0.313424  0.301876  -2
  1  1  0.938300 -0.034856  0.123627 -0.017715  -3
  1  1  0.938300 -0.034061  0.126458  0.471136  -1
  1  1  0.938300  0.136865 -0.247270  0.259588  -3
  1  1  0.938300 -0.128602  0.380578  0.335497  -2
  1  1  0.938300 -0.007433  0.024074  0.074221  -5
  1  1  0.938300 -0.015593 -0.022241  0.491383  -1
  1  1  0.938300 -0.013408  0.053661  0.453556  -1
  1  1  0.938300 -0.107085  0.076651  0.232689  -2
  1  1  0.938300 -0.106229  0.095230  0.500309  -1
  1  1  0.938300  0.354111 -0.142270  0.395062  -6
  1  1  0.938300 -0.007107 -0.029581  0.618782  -1
  1  1  0.938300 -0.216801 -0.337528  0.051475  -5
  1  1  0.938300  0.002760 -0.084605  0.643630  -1
  1  1  0.938300  0.265159  0.156366  0.306449  -3
  1  1  0.938300  0.248556 -0.015073  0.592977  -2
  1  1  0.938300 -0.200021 -0.038708  0.252968  -4
  1  1  0.938300  0.243015  0.033430  0.136337  -4
  1  1  0.938300 -0.077878 -0.294528  0.446674  -4
  1  1  0.938300  0.037869 -0.036141  0.228300  -1
  1  1  0.938300 -0.197116 -0.079975  0.329960  -3
  1  1  0.938300  0.044653  0.030449  0.333173  -3
  1  1  0.938300  0.024222  0.037934  0.610685  -1
  1  1  0.938300  0.143990 -0.033176  0.270897  -2
  1  1  0.938300  0.111330  0.217046  0.316722  -3
  1  1  0.938300  0.174127 -0.106246  0.172079  -3
  1  1  0.938300 -0.125873  0.071105  0.383719  -1
  1  1  0.938300  0.091442  0.130256  0.161369  -2
  1  1  0.938300 -0.054935  0.110561  0.553796  -1
  1  1  0.938300  0.239974 -0.083144  0.402203  -2
  1  1  0.938300  0.096175 -0.434689 -0.042845  -2
  1  1  0.938300 -0.295406 -0.133079  0.276126  -2
  1  1  0.938300 -0.018056  0.161026  0.005330  -4
  1  1  0.938300 -0.030181 -0.030323  0.614421  -1
  1  1  0.938300 -0.127161  0.015612  0.428976  -1
  1  1  0.938300  0.214888  0.226354  0.149239  -2
  1  1  0.938300 -0.028433 -0.054825  0.083084  -2
  1  1  0.938300 -0.078084 -0.280868  0.282780  -3
  1  1  0.938300  0.264888 -0.215830  0.127495  -4
  1  1  0.938300 -0.017947  0.117793  0.339309  -1
  1  1  0.938300 -0.050770 -0.376238  0.069509  -2
  1  1  0.938300 -0.021629 -0.223385  0.169668  -4
  1  0  0.938300  0.061654 -0.041479  0.401450  -3
  1  0  0.938300  0.257105  0.119385  0.520609  -3
  1  0  0.938300 -0.416518 -0.049412  0.188622  -4
  1  0  0.938300  0.080041  0.019504  0.293708  -3
  1  0  0.938300 -0.011227  0.195128  0.342759  -2
  1  0  0.938300  0.181843 -0.159879  0.495285  -5
  1  0  0.938300  0.121319  0.105740  0.425509  -4
  1  0  0.938300 -0.205780 -0.204457  0.216599  -4
  1  0  0.938300  0.087923  0.089139 -0.091642  -3
  1  0  0.938300 -0.048744  0.015672  0.088995  -4
  1  0  0.938300  0.042118 -0.126808  0.296089  -1
  1  0  0.938300 -0.152786 -0.011147  0.757249  -1
  1  0  0.938300  0.056843  0.073496  0.539215  -4
  1  0  0.938300  0.098408  0.060901  0.204667  -4
  1  0  0.938300 -0.240420  0.281334  0.518743  -2
  1  0  0.938300  0.005058 -0.215434  0.117396  -5
  1  0  0.938300 -0.147537 -0.070353  0.608114  -1
  1  0  0.938300  0.171883  0.299247  0.468011  -3
  1  0  0.938300  0.105475  0.270996  0.619314  -3
  1  0  0.938300  0.144434 -0.073879  0.064468  -2
  1  0  0.938300 -0.082213  0.030357  0.176872  -2
  1  0  0.938300 -0.040992 -0.012567  0.688544  -1
  1  0  0.938300  0.009467  0.225241  0.431766  -3
  1  0  0.938300  0.069346  0.161558  0.497643  -1
  1  0  0.938300 -0.334457 -0.166334  0.419344  -6
  1  0  0.938300 -0.283314  0.059884  0.279609  -4
  1  0  0.938300  0.082234 -0.382434  0.444659  -2
  1  0  0.938300  0.284519 -0.240302  0.430152  -2
  1  0  0.938300 -0.084830  0.120484  0.322044  -6
  1  0  0.938300 -0.042029 -0.262051  0.762311  -2
  1  0  0.938300  0.013925  0.013443  0.306330  -3
  1  0  0.938300  0.208666  0.034328  0.451302  -2
  1  0  0.938300  0.030172  0.065385  0.362772  -2
  1  0  0.938300  0.084277  0.254057  0.229246  -5
  1  0  0.938300 -0.026922  0.010938  0.420785  -2
  1  0  0.938300  0.099770 -0.093024  0.450938  -4
  1  0  0.938300 -0.265986 -0.036573  0.509426  -3
  1  0  0.938300  0.124580  0.284465  0.041064  -3
  1  0  0.938300 -0.052662 -0.273907  0.455697  -4
  1  0  0.938300  0.127626 -0.104049  0.267172  -3
  1  0  0.938300 -0.287134  0.062801  0.148406  -2
  1  0  0.938300  0.132990 -0.138114  0.329934  -7
  1  0  0.938300  0.000382 -0.069424  0.257915  -1
  1  0  0.938300 -0.079463  0.020483  0.222063  -4
  1  0  0.938300 -0.055541 -0.366021  0.438416  -2
  1  0  0.938300  0.168015  0.064425  0.544745  -5
  1  0  0.938300 -0.073922  0.163528  0.196545  -3
  1  0  0.938300  0.117402 -0.078739  0.218321  -4
  1  0  0.938300  0.027366  0.093564  0.388116  -2
  1  0  0.938300  0.166430 -0.379152  0.355473  -5
  1  0  0.938300 -0.184249  0.073007  0.345221  -2
  1  0  0.938300 -0.016020  0.101984  0.522708  -1
  1  0  0.938300 -0.258059  0.030135  0.300954  -4
  1  0  0.938300 -0.137819  0.106718  0.117746  -4
  1  0  0.938300 -0.200084  0.297616  0.430018  -3
  1  0  0.938300 -0.198417 -0.231489  0.285811  -2
  1  0  0.938300  0.295147  0.239328  0.352666  -4
  1  0  0.938300  0.244041  0.161448  0.408024  -3
  1  0  0.938300 -0.043425 -0.194028  0.520165  -1
  1  0  0.938300  0.192127  0.076876  0.433778  -3
  1  0  0.938300 -0.075092  0.107344  0.464981  -2
  1  0  0.938300 -0.042491 -0.148440  0.330144  -2
  1  0  0.938300 -0.007384  0.056866  0.308020  -2
  1  0  0.938300  0.276052  0.035368  0.583532  -4
  1  0  0.938300  0.044613 -0.088398  0.170901  -1
  1  0  0.938300  0.082563  0.092940  0.445633  -1
  1  0  0.938300 -0.029316 -0.053836  0.650634  -1
  1  0  0.938300 -0.079168  0.022099  0.326818  -1
  1  0  0.938300  0.153088 -0.138356  0.270193  -2
  1  0  0.938300 -0.039803  0.147180  0.602848  -1
  1  0  0.938300 -0.264107  0.099486  0.380905  -2
  1  0  0.938300 -0.053554 -0.065226  0.268966  -2
  1  0  0.938300 -0.406000 -0.136225  0.349502  -5
  1  0  0.938300  0.083308  0.051566  0.514371  -2
  1  0  0.938300  0.146411 -0.400912  0.342424  -7
  1  0  0.938300 -0.050827  0.158648  0.113357  -7
  1  0  0.938300 -0.011098  0.055953  0.629367  -5
  1  0  0.938300  0.071994 -0.107923  0.329540  -3
  1  0  0.938300  0.004654  0.070206  0.466025  -1
  1  0  0.938300 -0.278357  0.154645  0.349596  -2
  1  0  0.938300 -0.076226  0.066332  0.203779  -5
  1  0  0.938300  0.015033  0.040880  0.070941  -3
  1  0  0.938300 -0.005321  0.031416  0.387852  -4
  1  0  0.938300 -0.017539  0.101371  0.315562  -2
  1  0  0.938300 -0.188655 -0.284751  0.186905  -6
  1  0  0.938300  0.095885 -0.035309  0.403289  -1
  1  0  0.938300  0.167232  0.268936  0.337686  -5
  1  0  0.938300 -0.051697 -0.241298  0.315393  -6
  1  0  0.938300 -0.263343 -0.233303  0.026692  -5
  1  0  0.938300 -0.087001 -0.177384  0.217413  -3
  1  0  0.938300  0.011352  0.002010  0.131979  -4
  1  0  0.938300  0.027114 -0.304587  0.488272  -2
  1  0  0.938300  0.190932  0.125478  0.489315  -1
  1  0  0.938300 -0.018395  0.173225  0.311314  -2
  1  0  0.938300 -0.307935  0.220059 -0.058007  -3
  1  0  0.938300  0.172845 -0.098329  0.339475  -3
  1  0  0.938300 -0.033882  0.243280  0.368536  -2
  1  0  0.938300  0.080520  0.029039  0.262759  -3
  1  0  0.938300 -0.264794  0.059592  0.093854  -3
  1  0  0.938300 -0.013285  0.031713  0.388879  -3
  1  0  0.938300  0.109001 -0.041329  0.665249  -1
  1  0  0.938300  0.333063 -0.065375  0.470731  -3
  1  0  0.938300  0.175376  0.193886  0.564303  -3
  1  0  0.938300 -0.141820 -0.066058  0.183421  -5
  1  0  0.938300 -0.123474 -0.015168  0.613447  -1
  1  0  0.938300 -0.135963  0.001288  0.192879  -2
  1  0  0.938300  0.342786 -0.101992  0.134059  -6
  1  0  0.938300 -0.040509 -0.046349  0.685534  -8
  1  0  0.938300 -0.231741  0.351487  0.518501  -5
  1  0  0.938300  0.060272  0.308524  0.314182  -2
  1  0  0.938300  0.115859  0.148360  0.408624  -9
  1  0  0.938300 -0.053317 -0.255240  0.373991  -3
  1  0  0.938300  0.169166  0.016829  0.685909  -1
  1  0  0.938300  0.097010 -0.066979  0.480028  -4
  1  0  0.938300 -0.016165 -0.164624  0.362422  -6
  1  0  0.938300  0.016377 -0.060239  0.633572  -2
  1  0  0.938300  0.186010  0.101286  0.589896  -1
  1  0  0.938300  0.243393 -0.010784  0.278180  -6