  1  1  0.938300  0.178355 -0.241398  0.131882   2
  1  1  0.938300 -0.154312 -0.010166  0.163127   2
  1  1  0.938300  0.353732 -0.072511  0.031722   4
  1  1  0.938300 -0.275357  0.149621  0.197152   3
  1  1  0.938300 -0.223604 -0.234840  0.412391   2
  1  1  0.938300  0.020994  0.011538  0.301338   2
  1  1  0.938300  0.086084  0.105019  0.076611   1
  1  1  0.938300  0.008861  0.090801  0.080936   1
  1  1  0.938300  0.017277  0.195556  0.180781   2
  1  1  0.938300  0.040161 -0.226470 -0.004094   4
  1  1  0.938300 -0.163073  0.030220  0.345118   3
  1  1  0.938300 -0.205644 -0.236061  0.266514   3
  1  1  0.938300  0.241064  0.166850  0.307113   3
  1  1  0.938300 -0.196318  0.103502  0.608296   4
  1  1  0.938300 -0.016145 -0.063733  0.196324   2
  1  1  0.938300  0.294625 -0.181500 -0.059194   4
  1  1  0.938300  0.002872 -0.283170  0.427270   2
  1  1  0.938300 -0.169885  0.261490  0.253961   2
  1  1  0.938300  0.238716  0.360940 -0.044496   4
  1  1  0.938300  0.382853 -0.396325  0.560384   2
  1  1  0.938300 -0.306468 -0.140967  0.504783   4
  1  1  0.938300  0.022762  0.282313  0.117782   4
  1  1  0.938300 -0.049712 -0.164862  0.468245   2
  1  1  0.938300  0.204264  0.066242  0.065628   1
  1  1  0.938300 -0.274001 -0.052249  0.160284   2
  1  1  0.938300  0.193349  0.261609  0.153382   2
  1  1  0.938300 -0.198101  0.119935  0.395752   4
  1  1  0.938300  0.428153  0.120517 -0.110593   3
  1  1  0.938300 -0.087708  0.252803  0.490225   6
  1  1  0.938300  0.036027 -0.149123 -0.016133   2
  1  1  0.938300  0.077212 -0.172171  0.115701   3
  1  1  0.938300  0.247949  0.101895  0.103506   4
  1  1  0.938300 -0.122763  0.009634  0.003275   1
  1  1  0.938300  0.283413  0.141476  0.148100   2
  1  1  0.938300 -0.074204 -0.101235  0.121562   4
  1  1  0.938300 -0.076284  0.190698  0.246272   2
  1  1  0.938300 -0.214525  0.159399  0.275717   3
  1  1  0.938300 -0.072153  0.116704  0.233725   2
  1  1  0.938300  0.137003  0.315622  0.196609   2
  1  1  0.938300  0.246303 -0.006052  0.111200   2
  1  1  0.938300  0.059676 -0.016851  0.382944   4
  1  1  0.938300  0.108209  0.084128  0.205161   2
  1  1  0.938300 -0.207121  0.151710  0.221960   2
  1  1  0.938300  0.188357  0.123096  0.391676   2
  1  1  0.938300 -0.088210 -0.127854  0.414969   3
  1  1  0.938300  0.191437 -0.034446 -0.002766   1
  1  1  0.938300  0.195452 -0.119739  0.367593   5
  1  1  0.938300  0.039760 -0.022611 -0.049937   1
  1  1  0.938300  0.195454 -0.346270  0.104732   3
  1  1  0.938300 -0.180730  0.047972  0.230600   2
  1  1  0.938300 -0.002234  0.247393  0.317586   3
  1  1  0.938300  0.068874  0.302596  0.346127   2
  1  1  0.938300  0.153031  0.255966  0.510635   3
  1  1  0.938300  0.169056 -0.281901  0.413557   2
  1  1  0.938300  0.188450  0.047255  0.037397   1
  1  1  0.938300  0.060826 -0.041020  0.161301   1
  1  1  0.938300 -0.019798 -0.054846  0.192969   3
  1  1  0.938300  0.371568  0.137131  0.462955   4
  1  1  0.938300  0.146682  0.124392  0.090741   2
  1  1  0.938300  0.037106  0.307577  0.114172   2
  1  1  0.938300  0.249181  0.171969  0.159759   6
  1  1  0.938300 -0.270207 -0.018893  0.292195   2
  1  1  0.938300 -0.012231 -0.035040  0.110510   3
  1  1  0.938300 -0.226609  0.155440  0.149853   3
  1  1  0.938300 -0.155586  0.154991  0.172459   2
  1  1  0.938300 -0.648741 -0.042885  0.588316   3
  1  1  0.938300  0.104475  0.041743 -0.035797   1
  1  1  0.938300 -0.083593 -0.070650  0.219275   2
  1  1  0.938300  0.066125  0.265463  0.537769   4
  1  1  0.938300 -0.074916  0.173147  0.001696   2
  1  1  0.938300  0.093577 -0.081879  0.303967   5
  1  1  0.938300  0.060699 -0.024366  0.317888   5
  1  1  0.938300 -0.088716 -0.099609  0.222431   3
  1  1  0.938300 -0.088914 -0.100257  0.319893   4
  1  1  0.938300  0.075243 -0.107258  0.059855   1
  1  1  0.938300  0.161279 -0.167433  0.336561   2
  1  1  0.938300 -0.120452  0.251452  0.260021   5
  1  1  0.938300 -0.009229 -0.060538 -0.026682   3
  1  1  0.938300 -0.113501  0.088158  0.319909   2
  1  0  0.938300  0.130583  0.011586 -0.071853   1
  1  0  0.938300 -0.146640  0.440126  0.297511   3
  1  0  0.938300 -0.277789  0.134130  0.297086   2
  1  0  0.938300  0.088870 -0.077201 -0.026135   1
  1  0  0.938300  0.062400  0.333865  0.490637   3
  1  0  0.938300 -0.064394  0.082134  0.068604   1
  1  0  0.938300 -0.156048 -0.009075 -0.087080   3
  1  0  0.938300 -0.402352 -0.223191  0.244178   2
  1  0  0.938300 -0.189381 -0.090745  0.206490   2
  1  0  0.938300 -0.178661 -0.333429  0.336605   6
  1  0  0.938300  0.011348  0.047716 -0.060900   2
  1  0  0.938300  0.034809 -0.010401 -0.104637   1
  1  0  0.938300 -0.023653 -0.058712  0.429489   4
  1  0  0.938300 -0.000565  0.195349 -0.046835   1
  1  0  0.938300 -0.048657  0.074370  0.233059   4
  1  0  0.938300  0.023475 -0.037445  0.092081   1
  1  0  0.938300  0.340002 -0.010478  0.198261   4
  1  0  0.938300 -0.149304 -0.033028  0.277038   6
  1  0  0.938300 -0.006976 -0.150826  0.159054   1
  1  0  0.938300 -0.278452 -0.099628  0.296712   3
  1  0  0.938300 -0.074201 -0.093227  0.200062   2
  1  0  0.938300 -0.195761  0.128398  0.332488   3
  1  0  0.938300 -0.466890  0.424596  0.064467   3
  1  0  0.938300  0.012641 -0.005122  0.350080   3
  1  0  0.938300  0.106271  0.195057  0.145899   3
  1  0  0.938300 -0.103124 -0.345705  0.384028   2
  1  0  0.938300  0.281542  0.260893  0.036163   4
  1  0  0.938300 -0.095945 -0.012360 -0.015084   1
  1  0  0.938300  0.037245  0.052750  0.461996   6
  1  0  0.938300  0.034247 -0.301347  0.029602   4
  1  0  0.938300  0.094044 -0.351643  0.210595   3
  1  0  0.938300  0.127723  0.046953 -0.006522   8
  1  0  0.938300 -0.129366 -0.234061  0.328299   4
  1  0  0.938300 -0.073611  0.187652  0.302692   4
  1  0  0.938300  0.112995  0.114016  0.167781   2
  1  0  0.938300  0.191321  0.117057  0.097667   3
  1  0  0.938300  0.036972 -0.005399  0.200866   3
  1  0  0.938300 -0.010110 -0.069062  0.272964   4
  1  0  0.938300 -0.066000 -0.097288  0.368506   2
  1  0  0.938300 -0.232843 -0.112002  0.337044   4
  1  0  0.938300 -0.256485  0.328304  0.404447   3
  1  0  0.938300  0.142729 -0.347175  0.448987   6
  1  0  0.938300 -0.031829 -0.018928 -0.107015   1
  1  0  0.938300 -0.004007  0.029686 -0.061577   3
  1  0  0.938300 -0.100172 -0.159570  0.573925   2
  1  0  0.938300  0.216085 -0.054261  0.397465   3
  1  0  0.938300  0.081655 -0.127138  0.310340   3
  1  0  0.938300  0.038651 -0.127267  0.136500   1
  1  0  0.938300  0.087498 -0.071333 -0.023196   2
  1  0  0.938300  0.071924  0.106743  0.153637   1
  1  0  0.938300  0.016692 -0.085611  0.231178   3
  1  0  0.938300 -0.025377  0.303088  0.153466   2
  1  0  0.938300 -0.081307 -0.087100  0.630498   5
  1  0  0.938300  0.073487  0.094455  0.438074   3
  1  0  0.938300  0.052625  0.259683  0.313833   5
  1  0  0.938300  0.027108  0.240271  0.592216   2
  1  0  0.938300  0.105777  0.107565 -0.036226   1
  1  0  0.938300 -0.169904  0.277008  0.294037   3
  1  0  0.938300 -0.034057 -0.249458  0.288170   5
  1  0  0.938300  0.480689  0.164933  0.154559   4
  1  0  0.938300 -0.154774 -0.191642  0.312940   4
  1  0  0.938300  0.233439  0.242977  0.383168   5
  1  0  0.938300 -0.218661  0.086883  0.510233   4
  1  0  0.938300 -0.105311  0.059322  0.314599   2
  1  0  0.938300 -0.003661  0.055968 -0.040007   1
  1  0  0.938300 -0.189331 -0.421275 -0.070212   2
  1  0  0.938300  0.190529 -0.056597  0.265271   3
  1  0  0.938300 -0.203172  0.279852  0.125287   6
  1  0  0.938300  0.193473  0.247583  0.034138   9
  1  0  0.938300  0.110304  0.016866  0.445566   3
  1  0  0.938300 -0.088159 -0.042395  0.011161   1
  1  0  0.938300  0.148658  0.013294  0.050217   1
  1  0  0.938300  0.396440 -0.053213  0.393036   7
  1  0  0.938300  0.114112  0.160933  0.277008   5
  1  0  0.938300 -0.084510 -0.140983  0.337335   2
  1  0  0.938300  0.335312  0.156120  0.179951   6
  1  0  0.938300 -0.023868 -0.032471  0.112804   3
  1  0  0.938300 -0.085065  0.055506  0.105590   1
  1  0  0.938300 -0.108372  0.187308  0.230958   2
  1  0  0.938300  0.047706  0.130333 -0.014449   2
  1  0  0.938300 -0.113396  0.093492  0.492071   3
  1  0  0.938300  0.127592  0.116049  0.334178   3
  1  0  0.938300  0.026917 -0.102650  0.205092   3
  1  0  0.938300 -0.257047 -0.108953  0.116125   3
  1  0  0.938300  0.120300  0.058548  0.542111   6
  1  0  0.938300  0.290275 -0.087951  0.367180  10
  1  0  0.938300  0.167841  0.253091  0.041098   2
  1  0  0.938300  0.211601  0.024545 -0.027206   5
  1  0  0.938300  0.250747 -0.010331  0.090894   2
  1  0  0.938300  0.167099 -0.079802  0.266465   6
  1  0  0.938300 -0.006310 -0.095466 -0.085095   1
  1  0  0.938300  0.012516  0.151374  0.036877   3
  1  0  0.938300 -0.122841  0.041054  0.034967   1
  1  0  0.938300 -0.138121 -0.057356  0.411539   2
  1  0  0.938300  0.263358  0.017093  0.092500   4
  1  0  0.938300  0.121168  0.044965 -0.183936   2
  1  0  0.938300  0.360064  0.174086  0.263638   6
  1  0  0.938300  0.057296 -0.649032  0.204143   3
  1  0  0.938300 -0.115464  0.174621  0.050468   3
  1  0  0.938300  0.032136  0.146174  0.125334   4
  1  0  0.938300 -0.138164 -0.114517  0.438268   3
  1  0  0.938300  0.080234  0.143570  0.254419   4
  1  0  0.938300  0.038885  0.174136 -0.045065   1
  1  0  0.938300  0.053758 -0.220543  0.136690   3
  1  0  0.938300 -0.006259 -0.063791  0.421129   4
  1  0  0.938300  0.201856 -0.050698  0.557001   5
  1  0  0.938300 -0.090412 -0.089876  0.044367   2
  1  0  0.938300 -0.104654 -0.118216  0.041787   1
  1  0  0.938300 -0.030881 -0.125039  0.090006   1
  1  0  0.938300  0.139205  0.253790  0.295736   5
  1  0  0.938300  0.295510  0.099049  0.320867   4
  1  0  0.938300 -0.261398  0.020446  0.663697   4
  1  0  0.938300  0.097061 -0.048895  0.319017   3
  1  0  0.938300 -0.139657  0.208510  0.451066   2
  1  0  0.938300 -0.102316  0.228528  0.104891   3
  1  0  0.938300 -0.102651 -0.045144  0.705324   7
  1  0  0.938300 -0.222720  0.055917  0.024607   1
  1  0  0.938300  0.000241  0.080917  0.061275   2
  1  1  0.938300  0.051607 -0.026934  0.390724  -2
  1  1  0.938300  0.063778 -0.039819  0.537955  -4
  1  1  0.938300 -0.087797 -0.056613  0.384993  -1
  1  1  0.938300 -0.125518  0.267384  0.492071  -2
  1  1  0.938300  0.130735 -0.275905  0.349904  -2
  1  1  0.938300  0.267197  0.095131  0.192931  -2
  1  1  0.938300  0.013426 -0.040908  0.374159  -2
  1  1  0.938300  0.076155  0.211869  0.548616  -3
  1  1  0.938300 -0.099058 -0.064981  0.077431  -2
  1  1  0.938300 -0.112049  0.055191  0.649012  -2
  1  1  0.938300  0.080972 -0.546147  0.176478  -3
  1  1  0.938300 -0.052613  0.079779  0.174115  -2
  1  1  0.938300 -0.280275 -0.216772  0.129920  -3
  1  1  0.938300  0.056066 -0.188195  0.229407  -2
  1  1  0.938300 -0.110391 -0.184362  0.214684  -2
  1  1  0.938300  0.118723 -0.169949  0.208552  -7
  1  1  0.938300  0.097484 -0.011368  0.463834  -3
  1  1  0.938300 -0.114229 -0.097760  0.181587  -7
  1  1  0.938300  0.040998  0.204675  0.443922  -2
  1  1  0.938300  0.156118 -0.003860  0.074790  -3
  1  1  0.938300  0.155225 -0.095574  0.128718  -3
  1  1  0.938300 -0.053943  0.073321  0.277574  -2
  1  1  0.938300 -0.165675  0.170122  0.231439  -2
  1  1  0.938300 -0.179348 -0.199209  0.440944  -2
  1  1  0.938300 -0.013943 -0.212061  0.511289  -3
  1  1  0.938300 -0.085430 -0.038678  0.191514  -3
  1  1  0.938300 -0.138988  0.263539  0.668408  -2
  1  1  0.938300  0.055572 -0.256272  0.382769  -5
  1  1  0.938300 -0.162228  0.326525  0.410737  -2
  1  1  0.938300 -0.035663 -0.192985 -0.008404  -3
  1  1  0.938300  0.310094  0.178885  0.395048  -5
  1  1  0.938300 -0.121135 -0.053918  0.401104  -2
  1  1  0.938300  0.066113  0.069883 -0.029581  -4
  1  1  0.938300 -0.122697  0.035662  0.458027  -3
  1  1  0.938300 -0.181315  0.082707  0.454312  -1
  1  1  0.938300 -0.160214  0.398278  0.328490  -5
  1  1  0.938300  0.063202 -0.098944  0.304319  -3
  1  1  0.938300  0.052992  0.197516  0.518544  -2
  1  1  0.938300 -0.115173 -0.048936  0.500349  -1
  1  1  0.938300 -0.052014 -0.091337  0.547358  -2
  1  1  0.938300  0.013659 -0.277960  0.057101  -4
  1  1  0.938300  0.054774 -0.021992  0.286864  -5
  1  1  0.938300  0.112567  0.169179  0.193375  -4
  1  1  0.938300 -0.128624 -0.142538  0.357498  -1
  1  1  0.938300  0.066999  0.059781  0.370373  -4
  1  1  0.938300 -0.304323 -0.030049  0.282257  -4
  1  1  0.938300  0.013898  0.117039  0.418265  -1
  1  1  0.938300  0.326450 -0.079068  0.403928  -2
  1  1  0.938300  0.015896  0.228529  0.418096  -4
  1  1  0.938300 -0.005708  0.535585  0.367365  -2
  1  1  0.938300  0.149677 -0.449799  0.317968  -2
  1  1  0.938300 -0.308533  0.154269  0.236465  -2
  1  1  0.938300  0.065098 -0.025285  0.427617  -6
  1  1  0.938300  0.184449 -0.047235  0.051929  -4
  1  1  0.938300 -0.209468 -0.000952  0.427628  -2
  1  1  0.938300 -0.224383  0.113981  0.213317  -5
  1  1  0.938300  0.092507  0.185379  0.141682  -4
  1  1  0.938300  0.124829 -0.026664  0.283921  -7
  1  1  0.938300 -0.207597  0.138571  0.358653  -2
  1  1  0.938300  0.276986  0.108772  0.185295  -5
  1  1  0.938300  0.154558 -0.058119  0.126619  -3
  1  1  0.938300  0.449378  0.031691  0.190321  -4
  1  1  0.938300 -0.257954  0.010481  0.260936  -3
  1  1  0.938300 -0.252590  0.131974  0.444899  -3
  1  1  0.938300  0.216476 -0.042308  0.539320  -6
  1  1  0.938300  0.026009 -0.123730  0.176150  -4
  1  1  0.938300  0.004305 -0.258292  0.497969  -3
  1  1  0.938300 -0.032983 -0.007967  0.560556  -2
  1  1  0.938300 -0.070918  0.048807  0.425353  -2
  1  1  0.938300 -0.235326 -0.369983  0.324318  -5
  1  1  0.938300 -0.021643  0.395681  0.286191  -4
  1  1  0.938300  0.265285  0.039516  0.371578  -2
  1  1  0.938300 -0.084958 -0.038573  0.282786  -2
  1  1  0.938300 -0.102918  0.205751  0.232143  -4
  1  1  0.938300  0.121633  0.252258  0.147299  -2
  1  1  0.938300  0.059101  0.172414  0.038899  -3
  1  1  0.938300  0.131521 -0.084130  0.339457  -8
  1  1  0.938300 -0.007192 -0.064992  0.405928  -1
  1  1  0.938300  0.112262  0.129030  0.113120  -3
  1  0  0.938300  0.084483 -0.269896  0.383344  -3
  1  0  0.938300  0.137877  0.083655  0.148183  -3
  1  0  0.938300  0.119750 -0.197324  0.413061  -1
  1  0  0.938300  0.190663  0.048867  0.578458  -1
  1  0  0.938300 -0.066016 -0.150149  0.149499  -3
  1  0  0.938300 -0.272405  0.111256  0.009184  -2
  1  0  0.938300  0.095329 -0.274362  0.193991  -4
  1  0  0.938300 -0.110950 -0.010837  0.053176  -7
  1  0  0.938300  0.176292  0.104322  0.257777  -3
  1  0  0.938300  0.013966 -0.306395  0.588070  -3
  1  0  0.938300  0.002306 -0.054519  0.348139  -2
  1  0  0.938300 -0.324655 -0.192102  0.481656  -2
  1  0  0.938300  0.115835 -0.098278  0.611527  -1
  1  0  0.938300  0.087196 -0.153075  0.376947  -2
  1  0  0.938300  0.403682 -0.298545  0.316806  -3
  1  0  0.938300  0.095407  0.115437  0.648810  -3
  1  0  0.938300 -0.107664  0.196870  0.352669  -2
  1  0  0.938300 -0.177871 -0.086691  0.108404  -3
  1  0  0.938300  0.008502  0.305140  0.628038  -5
  1  0  0.938300 -0.068084  0.148143  0.157025  -4
  1  0  0.938300  0.032631 -0.009760  0.345457  -1
  1  0  0.938300 -0.055293 -0.144309  0.478911  -1
  1  0  0.938300  0.061953 -0.157169  0.406656  -2
  1  0  0.938300  0.155429  0.083767  0.523419  -3
  1  0  0.938300 -0.231520  0.136199  0.267170  -2
  1  0  0.938300  0.072279  0.077107  0.314989  -3
  1  0  0.938300  0.183637  0.085300  0.347732  -4
  1  0  0.938300 -0.086732  0.163845  0.303573  -5
  1  0  0.938300  0.057043  0.071040  0.332492  -4
  1  0  0.938300  0.226708  0.199088  0.366992  -3
  1  0  0.938300  0.042894  0.140120  0.085635  -7
  1  0  0.938300  0.066357 -0.215143  0.124673  -4
  1  0  0.938300 -0.095734 -0.239716  0.259135  -2
  1  0  0.938300  0.284601  0.166247  0.263928  -4
  1  0  0.938300 -0.169916  0.045199  0.551319  -1
  1  0  0.938300  0.143130 -0.268108  0.288274  -4
  1  0  0.938300 -0.051699 -0.019029  0.254031  -2
  1  0  0.938300  0.050777  0.129735  0.036849  -5
  1  0  0.938300 -0.201200 -0.134341  0.356434  -3
  1  0  0.938300 -0.322834 -0.164542  0.585590  -3
  1  0  0.938300  0.000134 -0.182389  0.026097  -3
  1  0  0.938300  0.128650  0.314909  0.365159  -5
  1  0  0.938300  0.104795  0.007625  0.257324  -2
  1  0  0.938300  0.081729  0.017802  0.104417  -6
  1  0  0.938300 -0.008763 -0.125478  0.399072  -3
  1  0  0.938300  0.114523  0.020469  0.484093  -1
  1  0  0.938300  0.012940 -0.236099  0.263988  -4
  1  0  0.938300  0.019011  0.393159  0.082730  -3
  1  0  0.938300 -0.084307 -0.227087  0.214873  -3
  1  0  0.938300 -0.460879  0.252505  0.098415  -5
  1  0  0.938300  0.175460  0.061988  0.420309  -1
  1  0  0.938300 -0.137216  0.070495  0.330655  -3
  1  0  0.938300 -0.014930 -0.136512  0.700381  -4
  1  0  0.938300  0.281013  0.235988  0.030280  -4
  1  0  0.938300 -0.035174  0.047172  0.489353  -1
  1  0  0.938300  0.065178  0.044426  0.616473  -2
  1  0  0.938300  0.102948 -0.286952  0.282371  -2
  1  0  0.938300  0.088221 -0.046164  0.284111  -2
  1  0  0.938300 -0.102299 -0.039675  0.407916  -4
  1  0  0.938300  0.239931  0.027943  0.461182  -1
  1  0  0.938300  0.036392  0.223795  0.256754  -4
  1  0  0.938300 -0.087802 -0.093087  0.324746  -4
  1  0  0.938300  0.207057  0.019453  0.259386  -3
  1  0  0.938300  0.146664  0.199898  0.192182  -3
  1  0  0.938300 -0.100848  0.161575 -0.182075  -2
  1  0  0.938300 -0.254257 -0.107252  0.513998  -5
  1  0  0.938300  0.248641  0.260704  0.069891  -3
  1  0  0.938300 -0.292333  0.201604  0.489152  -4
  1  0  0.938300  0.143151  0.072442  0.414125  -3
  1  0  0.938300  0.106287  0.031917  0.258160  -2
  1  0  0.938300 -0.052739  0.035411  0.577409  -1
  1  0  0.938300  0.004832 -0.371683  0.597318  -3
  1  0  0.938300  0.172031 -0.023953  0.692771  -3
  1  0  0.938300  0.023233  0.377923 -0.063347  -5
  1  0  0.938300 -0.043287 -0.338629  0.507368  -5
  1  0  0.938300  0.242164 -0.180187  0.399742  -2
  1  0  0.938300  0.020232 -0.031447  0.286561  -2
  1  0  0.938300 -0.003123 -0.064295  0.047584  -5
  1  0  0.938300  0.114272 -0.089253  0.488564  -3
  1  0  0.938300 -0.010067  0.014099  0.585702  -3
  1  0  0.938300 -0.055247  0.252155  0.588668  -1
  1  0  0.938300  0.009036  0.056876  0.599840  -4
  1  0  0.938300 -0.026409 -0.124982  0.551277  -1
  1  0  0.938300 -0.056583 -0.072301  0.429129  -4
  1  0  0.938300  0.143923 -0.018457  0.637122  -2
  1  0  0.938300  0.079738 -0.106813  0.667995  -1
  1  0  0.938300 -0.281347  0.128694  0.317032  -4
  1  0  0.938300  0.009324  0.265676  0.482910  -2
  1  0  0.938300  0.259223 -0.075454  0.052530  -4
  1  0  0.938300  0.081722 -0.012159  0.485237  -2
  1  0  0.938300  0.439630 -0.119519  0.218263  -3
  1  0  0.938300 -0.240552  0.158874  0.239517  -2
  1  0  0.938300  0.013300 -0.170707  0.529141  -1
  1  0  0.938300 -0.328616  0.331075  0.016798  -6
  1  0  0.938300  0.029788 -0.132175  0.130685  -4
  1  0  0.938300  0.350400  0.056886  0.381836  -3
  1  0  0.938300  0.039033 -0.039813  0.362573  -2
  1  0  0.938300 -0.085494 -0.034576  0.407945  -1
  1  0  0.938300 -0.023946  0.120951  0.432844  -4
  1  0  0.938300  0.039748 -0.009825  0.231777  -4
  1  0  0.938300 -0.392099 -0.367333  0.071780  -3
  1  0  0.938300  0.368568  0.180436  0.570424  -4
  1  0  0.938300 -0.010530  0.042892 -0.165882  -5
  1  0  0.938300 -0.205504 -0.201460  0.206488  -3
  1  0  0.938300  0.097436 -0.043302  0.235164  -4
  1  0  0.938300 -0.170084 -0.093957  0.142351  -6
  1  0  0.938300 -0.160731 -0.047474  0.157679  -5
  1  0  0.938300 -0.238152 -0.098594  0.406160  -2
  1  0  0.938300  0.153160  0.115002  0.506764  -2
  1  0  0.938300 -0.297719 -0.151708  0.570151  -2
  1  0  0.938300  0.030922 -0.099715  0.381057  -5
  1  0  0.938300 -0.139426 -0.091040  0.267776  -3
  1  0  0.938300  0.107474 -0.176791  0.219640  -2
  1  0  0.938300 -0.094438  0.369662  0.180524  -2
  1  0  0.938300 -0.160356 -0.087720  0.483764  -1
  1  0  0.938300  0.111169 -0.177649  0.276319  -5
  1  0  0.938300 -0.001011 -0.112201  0.288289  -2
  1  0  0.938300 -0.365397 -0.059805  0.524474  -2