  1  1  0.938300  0.097239  0.051395  0.041686   1
  1  1  0.938300  0.056313 -0.102212  0.155518   5
  1  1  0.938300  0.051112 -0.114251  0.506450   2
  1  1  0.938300  0.009622 -0.297076  0.088247   2
  1  1  0.938300 -0.031857  0.208997  0.015437   1
  1  1  0.938300  0.236198 -0.090248  0.747131   3
  1  1  0.938300  0.235085 -0.106529  0.063960   3
  1  1  0.938300 -0.022667 -0.323977  0.458233   3
  1  1  0.938300  0.013830  0.076779  0.047267   1
  1  1  0.938300  0.176055 -0.149921  0.198152   2
  1  1  0.938300 -0.185752  0.009340  0.072262   2
  1  1  0.938300  0.286699 -0.310759  0.210479   3
  1  1  0.938300 -0.152054  0.033846  0.033454   2
  1  1  0.938300 -0.300213  0.613670  0.734444   4
  1  1  0.938300 -0.275712 -0.154749  0.097911   3
  1  1  0.938300 -0.113217 -0.026058 -0.019487   2
  1  1  0.938300 -0.057029  0.045579  0.019446   1
  1  1  0.938300 -0.253304 -0.047521 -0.056067   3
  1  1  0.938300 -0.092172 -0.282981  0.158918   2
  1  1  0.938300 -0.068304  0.051359 -0.134691   1
  1  1  0.938300  0.039501  0.191285  0.145900   4
  1  1  0.938300  0.016004 -0.034003 -0.039523   7
  1  1  0.938300  0.192609  0.071857  0.253181   3
  1  1  0.938300  0.333346  0.102355  0.553208   3
  1  1  0.938300  0.178559 -0.024171  0.249062   2
  1  1  0.938300 -0.261723  0.308831  0.153019   3
  1  1  0.938300  0.072019 -0.419975  0.324781   3
  1  1  0.938300 -0.032471  0.140298  0.376030   4
  1  1  0.938300 -0.087439 -0.063967  0.285727   4
  1  1  0.938300  0.005328 -0.164099  0.156021   2
  1  1  0.938300  0.226395  0.401121  0.690245   5
  1  1  0.938300 -0.188424 -0.151856  0.420240   3
  1  1  0.938300  0.082679  0.138983  0.032323   1
  1  1  0.938300  0.150487  0.092802  0.265818   2
  1  1  0.938300  0.123469 -0.233321  0.079401   3
  1  1  0.938300 -0.323348 -0.216676  0.356321   2
  1  1  0.938300 -0.076086 -0.031952  0.043800   4
  1  1  0.938300 -0.395573  0.151359  0.094743   5
  1  1  0.938300 -0.077127 -0.127946  0.231852   3
  1  1  0.938300  0.008067  0.129866  0.265052   3
  1  1  0.938300 -0.052777  0.123067  0.035220   3
  1  1  0.938300 -0.115252  0.222972  0.459547   3
  1  1  0.938300 -0.255229 -0.146379  0.406540   5
  1  1  0.938300  0.314057 -0.166797  0.326409   4
  1  1  0.938300  0.004305  0.013198  0.687644   4
  1  1  0.938300  0.004923  0.009375  0.063774   2
  1  1  0.938300 -0.038679 -0.399943  0.371847   2
  1  1  0.938300  0.170795  0.057238 -0.029658   1
  1  1  0.938300  0.146619 -0.043172  0.186197   2
  1  1  0.938300  0.054759 -0.004338  0.166012   1
  1  1  0.938300  0.135776 -0.016962  0.000601   3
  1  1  0.938300 -0.059546 -0.032689  0.430407   3
  1  1  0.938300 -0.178670 -0.070812  0.233230   2
  1  1  0.938300  0.261947 -0.071989  0.418079   4
  1  1  0.938300  0.000903 -0.122169  0.143612   4
  1  1  0.938300  0.077441 -0.035501  0.054114   1
  1  1  0.938300 -0.066653 -0.076512  0.078907   1
  1  1  0.938300  0.019638 -0.163412  0.049996   1
  1  1  0.938300 -0.240457 -0.145093  0.509297   3
  1  1  0.938300  0.075801  0.043912  0.215863   3
  1  1  0.938300 -0.008471  0.124074 -0.055416   4
  1  1  0.938300  0.202370  0.004913  0.398047   3
  1  1  0.938300  0.387921 -0.033017  0.384732   3
  1  1  0.938300 -0.081833  0.079078  0.352939   3
  1  1  0.938300  0.138364  0.132507  0.086472   3
  1  1  0.938300  0.134877  0.175122 -0.165439   3
  1  1  0.938300  0.218843 -0.362748  0.524022   6
  1  1  0.938300 -0.062277 -0.198366  0.453329   2
  1  1  0.938300  0.012359  0.072032  0.179206   2
  1  1  0.938300  0.466726 -0.041912 -0.062237   2
  1  1  0.938300  0.096634  0.096454  0.146932   1
  1  1  0.938300  0.193135  0.147311  0.110720   3
  1  1  0.938300 -0.121299 -0.343313  0.170472   3
  1  1  0.938300 -0.095851 -0.509768  0.528689   2
  1  1  0.938300 -0.056565  0.009266  0.126382   1
  1  1  0.938300  0.259425 -0.131808  0.201275   2
  1  1  0.938300 -0.136569 -0.059429 -0.043437   1
  1  1  0.938300 -0.069884  0.002754  0.042456   1
  1  1  0.938300 -0.095484 -0.105573  0.075827   1
  1  0  0.938300 -0.115459  0.118914  0.014020   2
  1  0  0.938300  0.037941  0.123445 -0.154865   3
  1  0  0.938300  0.058856  0.169507  0.141754   2
  1  0  0.938300 -0.075936  0.180183  0.386584   2
  1  0  0.938300  0.038903 -0.008369 -0.064923   4
  1  0  0.938300  0.146897  0.207616  0.112659   3
  1  0  0.938300  0.005918 -0.147389  0.009289   3
  1  0  0.938300  0.129946 -0.016667  0.105601   3
  1  0  0.938300 -0.160557  0.364303  0.016159   3
  1  0  0.938300 -0.274238  0.041152  0.414628   2
  1  0  0.938300  0.191792  0.020317  0.116110   1
  1  0  0.938300  0.176715  0.128193  0.333237   2
  1  0  0.938300 -0.065146  0.154824  0.218846   2
  1  0  0.938300 -0.025232 -0.090713  0.095505   1
  1  0  0.938300  0.035742 -0.064147 -0.083396   1
  1  0  0.938300  0.015563  0.131200  0.350930   2
  1  0  0.938300 -0.063116  0.141079  0.170142   3
  1  0  0.938300 -0.167061 -0.025004  0.308071   5
  1  0  0.938300  0.108533  0.031910  0.466863   3
  1  0  0.938300 -0.072802  0.070089  0.041250   2
  1  0  0.938300 -0.049209 -0.170481  0.364291   4
  1  0  0.938300  0.062745  0.099822  0.349763   3
  1  0  0.938300 -0.203864 -0.027437  0.018738   1
  1  0  0.938300  0.019017 -0.018659 -0.055025   1
  1  0  0.938300 -0.049943  0.109502 -0.118135   2
  1  0  0.938300  0.274754 -0.238005  0.035694   2
  1  0  0.938300 -0.008359 -0.061964  0.101608   1
  1  0  0.938300  0.125574  0.112013  0.318484   4
  1  0  0.938300  0.175809  0.004402  0.271687   2
  1  0  0.938300  0.082051 -0.081523  0.279057   1
  1  0  0.938300  0.150642  0.294568  0.242278   2
  1  0  0.938300 -0.042275 -0.014071  0.432586   2
  1  0  0.938300 -0.305770 -0.041106  0.317969   5
  1  0  0.938300  0.033909  0.095571  0.107956   1
  1  0  0.938300 -0.149222 -0.079695  0.252660   3
  1  0  0.938300  0.204465 -0.241062  0.227743   4
  1  0  0.938300 -0.172148  0.292304  0.420449   3
  1  0  0.938300 -0.064553 -0.050918  0.119285   1
  1  0  0.938300  0.098422  0.091763  0.002063   1
  1  0  0.938300  0.139117 -0.175825  0.125096   6
  1  0  0.938300 -0.117900  0.034951  0.235482   2
  1  0  0.938300  0.033396  0.123016  0.359305   2
  1  0  0.938300  0.196821 -0.346853  0.407132   3
  1  0  0.938300 -0.015630  0.155531  0.107294   1
  1  0  0.938300  0.047940 -0.069540 -0.038859   1
  1  0  0.938300 -0.230202  0.081641  0.389764   2
  1  0  0.938300 -0.294193 -0.052236  0.030221   3
  1  0  0.938300  0.006830 -0.126078  0.113226   1
  1  0  0.938300  0.105697  0.090958  0.029291   3
  1  0  0.938300 -0.173442 -0.102806 -0.049850   2
  1  0  0.938300  0.003066  0.024940  0.196781   3
  1  0  0.938300  0.047297 -0.031815  0.072434   1
  1  0  0.938300 -0.239464 -0.077508  0.298076   2
  1  0  0.938300  0.109770 -0.214575  0.459501   3
  1  0  0.938300 -0.007981  0.344733 -0.185734   2
  1  0  0.938300 -0.276430  0.292168  0.204286   2
  1  0  0.938300  0.112252  0.186703  0.123905   2
  1  0  0.938300  0.222274 -0.104602  0.173122   3
  1  0  0.938300  0.106592 -0.115611  0.078655   3
  1  0  0.938300  0.059292  0.039718  0.104611   1
  1  0  0.938300  0.040065  0.198551  0.035585   6
  1  0  0.938300 -0.028389  0.078335 -0.015481   1
  1  0  0.938300 -0.039122 -0.374381  0.206354   3
  1  0  0.938300  0.220109  0.087640  0.320598   2
  1  0  0.938300  0.029479 -0.139583  0.425425   4
  1  0  0.938300 -0.056557 -0.025083  0.306605   2
  1  0  0.938300  0.128798  0.070001  0.371499   4
  1  0  0.938300 -0.040932 -0.056434  0.432799   8
  1  0  0.938300 -0.104071  0.155155  0.036136   1
  1  0  0.938300 -0.153956 -0.034627  0.320149   5
  1  0  0.938300  0.097310  0.117242  0.107575   4
  1  0  0.938300 -0.095495  0.179773  0.256670   4
  1  0  0.938300  0.312811 -0.069768  0.579233   2
  1  0  0.938300 -0.079927  0.250112  0.474886   3
  1  0  0.938300 -0.135914  0.092896  0.173148   2
  1  0  0.938300 -0.087918 -0.245152  0.346935   2
  1  0  0.938300 -0.061566 -0.180353  0.451906   4
  1  0  0.938300  0.177931 -0.146438  0.514069   3
  1  0  0.938300  0.058627 -0.040900  0.247845   7
  1  0  0.938300 -0.063026 -0.203438  0.388868   6
  1  0  0.938300  0.128354 -0.287910  0.072821   2
  1  0  0.938300  0.158871  0.070961  0.772466   3
  1  0  0.938300 -0.063936  0.145697  0.455926   7
  1  0  0.938300 -0.438018  0.031461  0.566759   6
  1  0  0.938300  0.434096 -0.229424  0.210114   2
  1  0  0.938300 -0.151303  0.324326  0.199095   2
  1  0  0.938300 -0.240018 -0.054532  0.254472   2
  1  0  0.938300  0.064022 -0.143464 -0.050992   1
  1  0  0.938300 -0.057705  0.002489  0.163145   3
  1  0  0.938300  0.100174  0.120516  0.063506   5
  1  0  0.938300 -0.225366 -0.142936  0.236809   3
  1  0  0.938300 -0.224149  0.265812 -0.028155   4
  1  0  0.938300  0.203212  0.189574  0.271354   2
  1  0  0.938300  0.015604  0.107706  0.327687   3
  1  0  0.938300  0.121535 -0.109854  0.152457   4
  1  0  0.938300  0.094044  0.178939  0.276125   2
  1  0  0.938300  0.068723  0.235702 -0.082048   3
  1  0  0.938300  0.101687 -0.145978  0.167232   4
  1  0  0.938300  0.096608 -0.006329  0.184526   1
  1  0  0.938300  0.121239  0.103012  0.093100   4
  1  0  0.938300 -0.049082  0.251088  0.613743   4
  1  0  0.938300  0.241680  0.198124  0.065486   4
  1  0  0.938300  0.083737 -0.111736  0.140187   2
  1  0  0.938300 -0.279678  0.154570 -0.032479   4
  1  0  0.938300 -0.311668  0.416495  0.491275   2
  1  0  0.938300  0.092296 -0.081717  0.315707   4
  1  0  0.938300  0.160672 -0.097271  0.320312   2
  1  0  0.938300  0.121803  0.137602  0.416067   4
  1  0  0.938300 -0.308908  0.202876  0.488567   3
  1  0  0.938300  0.137484 -0.069458  0.000022   1
  1  0  0.938300 -0.205244 -0.149615  0.307607   2
  1  0  0.938300  0.103542 -0.138628  0.246376   2
  1  0  0.938300 -0.079626 -0.067134  0.371767   3
  1  0  0.938300 -0.108146 -0.163366  0.130148   1
  1  0  0.938300  0.179621  0.035066  0.043800   1
  1  0  0.938300 -0.109169 -0.123275 -0.093035   1
  1  0  0.938300 -0.114373 -0.165980  0.330513   3
  1  0  0.938300  0.134756  0.083798  0.448792   3
  1  1  0.938300 -0.142018 -0.143202  0.297348  -3
  1  1  0.938300 -0.117483 -0.014646  0.386567  -1
  1  1  0.938300  0.342159 -0.228774  0.246145  -7
  1  1  0.938300 -0.036944  0.135108  0.444199  -1
  1  1  0.938300  0.034416  0.169321  0.422958  -2
  1  1  0.938300 -0.263716  0.066302  0.146008  -3
  1  1  0.938300 -0.106366  0.092889  0.290345  -2
  1  1  0.938300  0.039936 -0.138832  0.496116  -1
  1  1  0.938300 -0.216821 -0.123996  0.335139  -3
  1  1  0.938300 -0.112329 -0.011152  0.514554  -1
  1  1  0.938300 -0.344550  0.148262  0.291671  -3
  1  1  0.938300 -0.106872 -0.095065  0.365047  -2
  1  1  0.938300  0.156887  0.032621  0.180786  -2
  1  1  0.938300  0.055356 -0.142112  0.598190  -1
  1  1  0.938300  0.087464 -0.087905 -0.113179  -6
  1  1  0.938300 -0.071422  0.035267  0.584397  -1
  1  1  0.938300 -0.056708 -0.179021  0.254683  -4
  1  1  0.938300 -0.061538  0.328271  0.484554  -4
  1  1  0.938300  0.404421 -0.022649  0.232920  -2
  1  1  0.938300  0.096705 -0.078893  0.413936  -3
  1  1  0.938300  0.050833 -0.090214  0.488794  -1
  1  1  0.938300 -0.304149 -0.004862 -0.003610  -3
  1  1  0.938300  0.088579  0.021385 -0.045923  -3
  1  1  0.938300  0.130955  0.034614  0.299585  -2
  1  1  0.938300 -0.320450 -0.040778  0.522242  -2
  1  1  0.938300  0.189496  0.309297  0.269058  -2
  1  1  0.938300 -0.093742  0.225464  0.241398  -4
  1  1  0.938300 -0.455696  0.399711  0.169915  -3
  1  1  0.938300 -0.003552  0.051217  0.505028  -1
  1  1  0.938300 -0.222125  0.033402  0.637929  -5
  1  1  0.938300 -0.034537  0.093763  0.503225  -1
  1  1  0.938300 -0.000892  0.075427  0.453629  -2
  1  1  0.938300 -0.138716  0.014412  0.419524  -1
  1  1  0.938300 -0.340954 -0.193112  0.179165  -2
  1  1  0.938300 -0.215792 -0.179718  0.452137  -4
  1  1  0.938300 -0.034115 -0.188596  0.398353  -2
  1  1  0.938300  0.255986 -0.325928 -0.023097  -3
  1  1  0.938300 -0.101375  0.076129  0.111133  -2
  1  1  0.938300  0.020610 -0.027358  0.611366  -1
  1  1  0.938300  0.105590  0.450780  0.071613  -2
  1  1  0.938300 -0.103067 -0.030625  0.396446  -2
  1  1  0.938300 -0.076526 -0.046962  0.373013  -4
  1  1  0.938300 -0.257829  0.025391  0.079982  -6
  1  1  0.938300 -0.010418  0.076199 -0.083329  -3
  1  1  0.938300  0.167297  0.163413  0.323178  -4
  1  1  0.938300 -0.191626 -0.045556  0.614057  -2
  1  1  0.938300 -0.311034 -0.216799  0.268322  -5
  1  1  0.938300  0.000305  0.049328  0.615175  -1
  1  1  0.938300 -0.070492  0.029095  0.645758  -1
  1  1  0.938300 -0.094361 -0.079144  0.573976  -2
  1  1  0.938300 -0.205821 -0.127671  0.088534  -2
  1  1  0.938300 -0.209913 -0.468871  0.208216  -5
  1  1  0.938300  0.186491  0.110674  0.544193  -3
  1  1  0.938300 -0.119690 -0.035836  0.343702  -1
  1  1  0.938300 -0.225303 -0.201855  0.497918  -2
  1  1  0.938300 -0.040938  0.117165  0.473511  -1
  1  1  0.938300  0.050245  0.127245  0.213255  -2
  1  1  0.938300  0.136246  0.043489  0.365244  -1
  1  1  0.938300  0.174598  0.039716  0.087887  -3
  1  1  0.938300 -0.108025  0.099403  0.460353  -2
  1  1  0.938300  0.155795  0.177845  0.441773  -2
  1  1  0.938300  0.016795  0.117961  0.778273  -4
  1  1  0.938300  0.128538  0.000336  0.337097  -2
  1  1  0.938300 -0.211293  0.052211  0.401967  -5
  1  1  0.938300  0.099236 -0.063919  0.343077  -2
  1  1  0.938300  0.115182  0.103838  0.096159  -4
  1  1  0.938300 -0.194609  0.131058  0.537401  -2
  1  1  0.938300 -0.041451  0.156574  0.463150  -1
  1  1  0.938300  0.211129 -0.224141  0.184026  -6
  1  1  0.938300  0.128694  0.283230  0.601155  -2
  1  1  0.938300 -0.051071  0.101615  0.445930  -2
  1  1  0.938300  0.093486  0.194082  0.573961  -1
  1  1  0.938300 -0.045691  0.095498  0.364672  -6
  1  1  0.938300 -0.151921 -0.323836  0.273518  -2
  1  1  0.938300 -0.176031 -0.042470  0.191044  -4
  1  1  0.938300  0.282109 -0.154883  0.528649  -2
  1  1  0.938300 -0.281132  0.132116  0.618130  -4
  1  1  0.938300  0.054402  0.068211  0.344255  -2
  1  1  0.938300  0.057707  0.104120  0.126482  -3
  1  0  0.938300 -0.010017  0.013471  0.269406  -2
  1  0  0.938300 -0.025419 -0.041000  0.077974  -5
  1  0  0.938300  0.338642  0.149892  0.508267  -2
  1  0  0.938300  0.227837 -0.034515  0.236701  -3
  1  0  0.938300  0.117244  0.077617  0.513155  -1
  1  0  0.938300  0.054337 -0.138359 -0.200584  -5
  1  0  0.938300 -0.083106 -0.351209  0.440191  -3
  1  0  0.938300 -0.141184  0.087949  0.456014  -2
  1  0  0.938300 -0.041322  0.024282  0.347304  -3
  1  0  0.938300  0.212067  0.161420  0.138869  -3
  1  0  0.938300 -0.287353  0.448947  0.340330  -7
  1  0  0.938300  0.206405 -0.071439  0.197522  -3
  1  0  0.938300  0.413097  0.199829  0.458859  -2
  1  0  0.938300  0.073535 -0.201289  0.184176  -3
  1  0  0.938300 -0.123162  0.037663  0.606756  -1
  1  0  0.938300  0.185075 -0.120621  0.061122  -2
  1  0  0.938300 -0.001698 -0.020512  0.256733  -5
  1  0  0.938300  0.126579  0.065339  0.560308  -3
  1  0  0.938300 -0.106988  0.066777  0.628008  -1
  1  0  0.938300 -0.026929  0.237386  0.295685  -2
  1  0  0.938300  0.068582 -0.095460  0.530955  -1
  1  0  0.938300 -0.101900  0.231753  0.308775  -4
  1  0  0.938300  0.048130  0.065054  0.696682  -1
  1  0  0.938300  0.334834 -0.166745  0.530323  -4
  1  0  0.938300 -0.060914  0.147825  0.155782  -6
  1  0  0.938300 -0.061387 -0.035229  0.019656  -2
  1  0  0.938300  0.097869  0.329637  0.151563  -3
  1  0  0.938300  0.166086 -0.196916  0.518060  -5
  1  0  0.938300 -0.046114  0.121011  0.373343  -2
  1  0  0.938300  0.042689  0.009219  0.242770  -1
  1  0  0.938300  0.094078  0.009752 -0.032434  -5
  1  0  0.938300  0.171695 -0.004490  0.181413  -6
  1  0  0.938300  0.147095 -0.081482  0.406256  -2
  1  0  0.938300  0.338910 -0.129836  0.456477  -4
  1  0  0.938300  0.152774 -0.140778  0.472508  -2
  1  0  0.938300  0.186680  0.194606  0.215424  -2
  1  0  0.938300  0.121394 -0.051412  0.237949  -3
  1  0  0.938300  0.169433 -0.096187  0.523843 -10
  1  0  0.938300  0.238056  0.244690  0.109894  -6
  1  0  0.938300 -0.024423 -0.042637  0.385019  -1
  1  0  0.938300  0.043207  0.100510  0.594801  -4
  1  0  0.938300 -0.191140  0.084307  0.602245  -2
  1  0  0.938300 -0.113967 -0.112772  0.126878  -2
  1  0  0.938300  0.322642 -0.040842  0.086601  -4
  1  0  0.938300 -0.298882  0.101033 -0.036859  -4
  1  0  0.938300 -0.172770 -0.074486  0.112894  -5
  1  0  0.938300  0.169782  0.071795  0.452503  -1
  1  0  0.938300  0.150401  0.014968  0.316003  -2
  1  0  0.938300 -0.179482  0.078052  0.410018  -1
  1  0  0.938300  0.028745  0.123228  0.404346  -1
  1  0  0.938300  0.073242  0.061830  0.601647  -3
  1  0  0.938300 -0.139998  0.065924  0.379497  -4
  1  0  0.938300 -0.245541 -0.316997  0.529019  -2
  1  0  0.938300  0.027670  0.284747  0.409878  -2
  1  0  0.938300  0.124845 -0.068263  0.313269  -7
  1  0  0.938300  0.326659  0.063763  0.473490  -3
  1  0  0.938300  0.097293  0.375234  0.483669  -3
  1  0  0.938300  0.131910 -0.036087  0.399573  -2
  1  0  0.938300  0.290309  0.212644  0.488805  -2
  1  0  0.938300 -0.007057  0.187985  0.567031  -3
  1  0  0.938300 -0.226338 -0.245542  0.629684  -2
  1  0  0.938300  0.370700 -0.174411  0.290960  -4
  1  0  0.938300  0.002003 -0.111221 -0.057561  -4
  1  0  0.938300 -0.113451 -0.166290  0.188273  -4
  1  0  0.938300 -0.043339  0.188366  0.633401  -1
  1  0  0.938300  0.072341 -0.064171  0.551868  -2
  1  0  0.938300  0.160705  0.036479  0.384638  -3
  1  0  0.938300 -0.000115 -0.036765  0.424743  -2
  1  0  0.938300 -0.290226  0.271834  0.061196  -2
  1  0  0.938300  0.176519 -0.153122  0.267685  -2
  1  0  0.938300  0.037878 -0.159140  0.527386  -4
  1  0  0.938300 -0.096444  0.162274  0.176518  -2
  1  0  0.938300  0.100788 -0.307613  0.348868  -2
  1  0  0.938300  0.015686  0.118875  0.218848  -3
  1  0  0.938300  0.016154 -0.340763  0.427793  -3
  1  0  0.938300 -0.076839  0.145273  0.527467  -1
  1  0  0.938300 -0.009620 -0.244153  0.221344  -4
  1  0  0.938300  0.010986 -0.688459  0.616572  -6
  1  0  0.938300  0.064645 -0.125242  0.607449  -3
  1  0  0.938300  0.067865 -0.098407  0.497406  -1
  1  0  0.938300 -0.036554 -0.242028  0.496983  -4
  1  0  0.938300  0.055100  0.015016  0.326883  -2
  1  0  0.938300 -0.030917  0.158339  0.580015  -1
  1  0  0.938300  0.048118 -0.128003  0.448701  -5
  1  0  0.938300 -0.139182 -0.049064  0.697942  -4
  1  0  0.938300 -0.101548  0.072262  0.661376  -1
  1  0  0.938300  0.023163 -0.041042  0.694321  -1
  1  0  0.938300 -0.088199 -0.134528  0.719522  -2
  1  0  0.938300 -0.241517  0.218772  0.398895  -5
  1  0  0.938300 -0.027526 -0.024375  0.552460  -8
  1  0  0.938300  0.237399  0.208901  0.206575  -5
  1  0  0.938300 -0.059385  0.026083  0.158970  -2
  1  0  0.938300  0.306509  0.103694  0.381967  -2
  1  0  0.938300 -0.248028 -0.037716  0.288050  -5
  1  0  0.938300  0.091650  0.011966  0.529864  -1
  1  0  0.938300 -0.129348  0.038923  0.198637  -3
  1  0  0.938300  0.072812  0.059806  0.313021  -1
  1  0  0.938300  0.118944  0.032024  0.605375  -5
  1  0  0.938300  0.163960  0.223281  0.356283  -2
  1  0  0.938300 -0.086119  0.011436  0.380517  -1
  1  0  0.938300 -0.108024  0.017589  0.185008  -4
  1  0  0.938300  0.038214 -0.042731  0.399094  -1
  1  0  0.938300 -0.012902 -0.073041  0.187163  -5
  1  0  0.938300  0.099986  0.133703  0.122353  -3
  1  0  0.938300  0.210940 -0.041172  0.415558  -2
  1  0  0.938300 -0.456202  0.200540  0.398057  -4
  1  0  0.938300  0.028532 -0.119905  0.426474  -4
  1  0  0.938300 -0.080405  0.213646  0.561172  -2
  1  0  0.938300 -0.016323 -0.063007  0.254357  -1
  1  0  0.938300  0.552625 -0.277326  0.500904  -3
  1  0  0.938300  0.110284 -0.067580  0.076381  -5
  1  0  0.938300  0.095618 -0.276850  0.475512  -2
  1  0  0.938300  0.121699  0.028048  0.206148  -3
  1  0  0.938300  0.135732 -0.057425  0.334937  -2
  1  0  0.938300 -0.109399  0.139153  0.125143  -2
  1  0  0.938300 -0.046742 -0.160825  0.464898  -7
  1  0  0.938300 -0.083595 -0.153841  0.328381  -5
  1  0  0.938300 -0.074326  0.152711  0.516114  -1