  1  1  0.938300  0.164689 -0.004850  0.136584   1
  1  1  0.938300  0.123084 -0.038852  0.098321   1
  1  1  0.938300  0.388613  0.254636  0.027879   2
  1  1  0.938300 -0.264064  0.229406  0.419567   3
  1  1  0.938300 -0.040803  0.374710  0.257828   4
  1  1  0.938300  0.094558  0.100591  0.008180   1
  1  1  0.938300  0.341449 -0.132550  0.050795   2
  1  1  0.938300 -0.013527  0.076375  0.011517   1
  1  1  0.938300 -0.051130  0.037197  0.135151   2
  1  1  0.938300  0.100023  0.278088  0.441684   2
  1  1  0.938300  0.115139 -0.227023  0.186608   2
  1  1  0.938300 -0.083653 -0.140987  0.059107   3
  1  1  0.938300  0.246374 -0.140916  0.392530   3
  1  1  0.938300  0.041706 -0.010084  0.105687   2
  1  1  0.938300  0.123352 -0.051825  0.095271   5
  1  1  0.938300 -0.104870  0.126701  0.307073   4
  1  1  0.938300  0.060906 -0.475865  0.439981   3
  1  1  0.938300 -0.210967 -0.286446  0.457907   2
  1  1  0.938300 -0.078977 -0.129694  0.426322   3
  1  1  0.938300 -0.152865 -0.024988  0.430545   4
  1  1  0.938300  0.106932  0.214440  0.038076   2
  1  1  0.938300 -0.187248 -0.254760  0.789681   3
  1  1  0.938300 -0.126018  0.051132  0.169709   1
  1  1  0.938300  0.023319  0.104496  0.056757   1
  1  1  0.938300 -0.108261 -0.184116  0.597062   5
  1  1  0.938300 -0.082974 -0.264480  0.361966   6
  1  1  0.938300 -0.187398 -0.021948  0.354846   3
  1  1  0.938300  0.006493 -0.061680 -0.004984   3
  1  1  0.938300 -0.026387 -0.109820  0.210518   4
  1  1  0.938300 -0.091176 -0.112502  0.045925   3
  1  1  0.938300  0.223171  0.047200 -0.056272   5
  1  1  0.938300  0.122972 -0.116873  0.011437   2
  1  1  0.938300 -0.049208  0.079598  0.150957   3
  1  1  0.938300  0.051125  0.043681  0.265411   2
  1  1  0.938300  0.071183  0.013612 -0.129603   1
  1  1  0.938300 -0.308596  0.129409  0.449283   3
  1  1  0.938300 -0.176215 -0.159202  0.032279   1
  1  1  0.938300  0.230870  0.160481  0.218478   2
  1  1  0.938300 -0.144812 -0.072856  0.004186   1
  1  1  0.938300 -0.068033 -0.163463  0.333794   3
  1  1  0.938300  0.007918 -0.450921 -0.129699   7
  1  1  0.938300 -0.036793  0.113702  0.006207   1
  1  1  0.938300 -0.352680 -0.194701  0.326258   5
  1  1  0.938300 -0.109672  0.145006  0.164990   2
  1  1  0.938300  0.031630 -0.092320  0.083845   1
  1  1  0.938300  0.001766  0.263423  0.172364   3
  1  1  0.938300  0.125064  0.015534  0.113332   2
  1  1  0.938300 -0.125064  0.156381  0.615887   6
  1  1  0.938300  0.088119  0.016461  0.024371   1
  1  1  0.938300  0.147546 -0.073816  0.081804   2
  1  1  0.938300  0.164984 -0.111362  0.361053   2
  1  1  0.938300 -0.162044 -0.020900  0.353847   3
  1  1  0.938300  0.087716 -0.145057  0.058670   1
  1  1  0.938300 -0.006601 -0.082835  0.375877   2
  1  1  0.938300  0.080003 -0.078316  0.141314   3
  1  1  0.938300  0.146903 -0.198464  0.000590   1
  1  1  0.938300  0.146639  0.137903  0.069061   1
  1  1  0.938300  0.003158  0.046159  0.399821   4
  1  1  0.938300 -0.018628  0.091178  0.203646   4
  1  1  0.938300 -0.197082 -0.075316  0.222254   2
  1  1  0.938300 -0.291953  0.031092  0.438328   2
  1  1  0.938300  0.040678 -0.010023  0.100787   1
  1  1  0.938300  0.271223  0.268421  0.208638   2
  1  1  0.938300 -0.143792  0.017431  0.000544   1
  1  1  0.938300 -0.068151 -0.028492  0.050331   2
  1  1  0.938300 -0.138334  0.058568 -0.089623   1
  1  1  0.938300 -0.117000  0.099530  0.198380   2
  1  1  0.938300  0.040744 -0.093131 -0.122195   1
  1  1  0.938300 -0.015327  0.014900  0.909376   2
  1  1  0.938300 -0.014768 -0.140997  0.370852   2
  1  1  0.938300 -0.071782 -0.254608  0.381639   2
  1  1  0.938300 -0.085403 -0.197611  0.146898   3
  1  1  0.938300  0.071187  0.148329  0.060690   1
  1  1  0.938300 -0.002440  0.324788  0.188809   2
  1  1  0.938300 -0.074933  0.096171  0.504377   4
  1  1  0.938300  0.125629 -0.105705  0.178550   1
  1  1  0.938300  0.120960 -0.075111 -0.033468   1
  1  1  0.938300  0.375639  0.216193  0.251679   2
  1  1  0.938300  0.014917 -0.073714  0.010573   2
  1  0  0.938300 -0.159404  0.062688  0.492224   3
  1  0  0.938300  0.062823  0.110126  0.086744   2
  1  0  0.938300 -0.143166  0.122589  0.440173   3
  1  0  0.938300  0.426656 -0.065683  0.420895   3
  1  0  0.938300  0.044818 -0.155988  0.116094   2
  1  0  0.938300  0.060343 -0.149361  0.096529   1
  1  0  0.938300  0.051332 -0.045031 -0.054205   1
  1  0  0.938300  0.159352  0.187854  0.177987   3
  1  0  0.938300  0.007734 -0.229300  0.241196   4
  1  0  0.938300 -0.077526  0.059915 -0.119790   1
  1  0  0.938300 -0.098244  0.246373  0.180385   2
  1  0  0.938300 -0.317556  0.155372  0.506408   4
  1  0  0.938300 -0.097168 -0.273966 -0.117253   3
  1  0  0.938300  0.069134 -0.081405  0.040612   1
  1  0  0.938300  0.201901  0.020631  0.609457   7
  1  0  0.938300  0.224549 -0.196729 -0.029861   3
  1  0  0.938300 -0.150370  0.056408 -0.019093   1
  1  1  0.938300  0.085424 -0.118063  0.130595   2
  1  0  0.938300 -0.204396  0.119072  0.087817   3
  1  0  0.938300  0.025521  0.180389  0.272735   2
  1  0  0.938300  0.297779  0.113009  0.375139   3
  1  0  0.938300  0.232489  0.207827  0.167569   3
  1  0  0.938300  0.183126 -0.087986  0.361524   2
  1  0  0.938300 -0.090226  0.003461 -0.006026   1
  1  0  0.938300 -0.074460 -0.070563 -0.047315   1
  1  0  0.938300  0.002072  0.449402  0.284146   5
  1  0  0.938300  0.114538  0.223314  0.392918   2
  1  0  0.938300  0.142245 -0.174279  0.260793   4
  1  0  0.938300 -0.043707 -0.267170  0.144926   4
  1  0  0.938300 -0.385751  0.171539  0.216057   4
  1  0  0.938300 -0.105994  0.049710  0.292076   3
  1  0  0.938300 -0.001764  0.144087  0.155482   4
  1  0  0.938300 -0.119305  0.137920  0.322591   3
  1  0  0.938300  0.041460  0.018441  0.143757   3
  1  0  0.938300 -0.094518 -0.162710  0.206362   3
  1  0  0.938300 -0.503524  0.210007  0.341975   3
  1  0  0.938300  0.071316  0.076511 -0.063902   1
  1  0  0.938300  0.220102 -0.030002  0.242357   2
  1  0  0.938300 -0.195878 -0.003161  0.285085   2
  1  0  0.938300  0.231333  0.077007  0.221555   4
  1  0  0.938300  0.065513  0.071909 -0.004286   5
  1  0  0.938300 -0.077801  0.213021  0.270462   2
  1  0  0.938300  0.062463  0.006622  0.312893   1
  1  0  0.938300  0.084426 -0.117407  0.390145   3
  1  0  0.938300  0.158933 -0.094370  0.029348   1
  1  0  0.938300  0.204688 -0.090040  0.054896   1
  1  0  0.938300 -0.316356 -0.030315  0.029367   3
  1  0  0.938300 -0.132995  0.117395  0.074962  10
  1  0  0.938300  0.082767 -0.139247  0.213101   7
  1  0  0.938300  0.029433  0.050934  0.346263   7
  1  0  0.938300  0.210069  0.112516  0.317179   6
  1  0  0.938300 -0.174127  0.090832  0.123429   3
  1  0  0.938300 -0.046214 -0.181902  0.132517   1
  1  0  0.938300  0.193117 -0.008713  0.183391   1
  1  0  0.938300 -0.106378  0.070753  0.411404   3
  1  0  0.938300  0.278669 -0.125298  0.181987   2
  1  0  0.938300 -0.208441 -0.238418  0.524234   3
  1  0  0.938300  0.097256  0.212115  0.195170   3
  1  0  0.938300 -0.143840  0.002209  0.310478   2
  1  0  0.938300  0.195681  0.344030  0.162484   6
  1  0  0.938300 -0.185241  0.152013  0.249388   2
  1  0  0.938300  0.112146  0.053230  0.297318   4
  1  0  0.938300  0.057153  0.073152  0.508738   2
  1  0  0.938300  0.065458  0.103280  0.130378   1
  1  0  0.938300  0.057848  0.053181  0.011563   2
  1  0  0.938300  0.184927 -0.216824  0.325442   4
  1  0  0.938300  0.037197 -0.222747  0.050806   1
  1  0  0.938300 -0.224516  0.243018  0.330635   4
  1  0  0.938300  0.102831  0.095014  0.361699   3
  1  0  0.938300 -0.000425 -0.131334  0.252684   3
  1  0  0.938300 -0.478470 -0.063225  0.428604   2
  1  0  0.938300 -0.310587 -0.065476  0.202235   6
  1  0  0.938300  0.050819 -0.029821 -0.033059   1
  1  0  0.938300 -0.001671 -0.176679  0.134931   3
  1  0  0.938300 -0.100588 -0.020821 -0.066158   1
  1  0  0.938300  0.068275 -0.245650  0.090277   5
  1  0  0.938300 -0.210238  0.026305  0.354661   2
  1  0  0.938300 -0.338516  0.009051  0.260789   2
  1  0  0.938300  0.142714  0.149655  0.484809   3
  1  0  0.938300 -0.000385  0.068939  0.019136   1
  1  0  0.938300 -0.110111  0.006933  0.092625   1
  1  0  0.938300  0.048488  0.007159 -0.120837   4
  1  0  0.938300 -0.222444  0.119395  0.320088   5
  1  0  0.938300  0.135420 -0.257272  0.178181   4
  1  0  0.938300  0.232656 -0.079200  0.108624   5
  1  0  0.938300 -0.104697  0.137331  0.057714   2
  1  0  0.938300 -0.026353  0.110228 -0.047548   1
  1  0  0.938300 -0.202446 -0.261489  0.212904   4
  1  0  0.938300  0.078660  0.002820  0.422294   3
  1  0  0.938300  0.027464 -0.123175  0.076180   4
  1  0  0.938300  0.121453  0.279474  0.056809   2
  1  0  0.938300  0.206416 -0.192461  0.449847   5
  1  0  0.938300 -0.096255 -0.121443  0.212980   4
  1  0  0.938300 -0.078975 -0.007318 -0.119729   1
  1  0  0.938300  0.135424  0.148905  0.130764   3
  1  0  0.938300  0.342165  0.179328  0.420881   6
  1  0  0.938300 -0.144421 -0.254394  0.182905   5
  1  0  0.938300  0.038639  0.342617  0.163847   2
  1  0  0.938300  0.055889  0.328160  0.261687   2
  1  0  0.938300  0.151928 -0.202114  0.106841   3
  1  0  0.938300 -0.239500 -0.194443  0.300901   5
  1  0  0.938300  0.095978  0.053986  0.201827   4
  1  0  0.938300 -0.018510 -0.052128 -0.062882   4
  1  0  0.938300 -0.022510 -0.243765  0.339799   5
  1  0  0.938300  0.000271 -0.108931  0.118430   6
  1  0  0.938300 -0.055983  0.158915  0.054894   3
  1  0  0.938300 -0.086327  0.008379  0.051126   6
  1  0  0.938300 -0.119105 -0.120761  0.287151   3
  1  0  0.938300 -0.007539 -0.395645  0.324771   2
  1  0  0.938300  0.170716 -0.107182  0.455282   2
  1  0  0.938300  0.204592  0.120843  0.163203   4
  1  0  0.938300 -0.060588 -0.113149  0.110345   3
  1  0  0.938300  0.034017 -0.006030  0.066489   1
  1  0  0.938300  0.017225 -0.096473  0.472349   2
  1  0  0.938300 -0.116903  0.110380  0.104406   2
  1  0  0.938300 -0.039807  0.041316  0.064905   4
  1  0  0.938300  0.094579  0.254248  0.204993   2
  1  0  0.938300  0.203127  0.000945  0.014316   5
  1  1  0.938300 -0.148826 -0.111319  0.613159  -1
  1  1  0.938300 -0.011946 -0.404524  0.298945  -2
  1  1  0.938300 -0.048080  0.178096  0.085970  -2
  1  1  0.938300  0.276709  0.257386  0.290484  -2
  1  1  0.938300  0.092925 -0.054260  0.278822  -2
  1  1  0.938300 -0.204256  0.038866  0.454531  -2
  1  1  0.938300 -0.083292  0.038233  0.463417  -1
  1  1  0.938300 -0.052205  0.232832  0.303609  -5
  1  1  0.938300  0.013655  0.165351  0.539233  -3
  1  1  0.938300 -0.011968  0.139618  0.043968  -7
  1  1  0.938300  0.057930  0.111434  0.485037  -3
  1  1  0.938300 -0.013904 -0.015770  0.087602  -3
  1  1  0.938300  0.114957 -0.014275  0.472140  -1
  1  1  0.938300  0.028789  0.290557  0.168646  -5
  1  1  0.938300 -0.004530 -0.025131  0.337447  -7
  1  1  0.938300 -0.147332  0.016376  0.254787  -3
  1  1  0.938300 -0.051540 -0.069351  0.514218  -4
  1  1  0.938300 -0.444505 -0.284648  0.276151  -6
  1  1  0.938300  0.195128 -0.113247  0.113307  -2
  1  1  0.938300 -0.135871 -0.103260  0.192100  -3
  1  1  0.938300  0.057387  0.044342  0.188937  -5
  1  1  0.938300 -0.024598 -0.398287  0.420466  -2
  1  1  0.938300 -0.069229 -0.285712  0.279911  -4
  1  1  0.938300 -0.112321 -0.023333  0.586119  -3
  1  1  0.938300 -0.042662  0.080159  0.509597  -2
  1  1  0.938300  0.160307 -0.026184  0.077893  -2
  1  1  0.938300  0.133722 -0.116099  0.567831  -4
  1  1  0.938300 -0.026384  0.265764  0.380750  -3
  1  1  0.938300 -0.092645 -0.129735  0.517402  -2
  1  1  0.938300  0.451810  0.123461  0.280434  -4
  1  1  0.938300  0.080562 -0.115470  0.474526  -1
  1  1  0.938300  0.108534 -0.097422  0.531846  -7
  1  1  0.938300 -0.306406 -0.168267  0.227021  -2
  1  1  0.938300  0.158661 -0.067373  0.011148  -3
  1  1  0.938300 -0.157020  0.247191  0.869895  -2
  1  1  0.938300 -0.103221  0.031126  0.409919  -4
  1  1  0.938300  0.248223  0.326604  0.130097  -6
  1  1  0.938300  0.090846 -0.062102  0.356403  -2
  1  1  0.938300 -0.083851 -0.039186  0.362629  -1
  1  1  0.938300 -0.157180  0.133827  0.401902  -5
  1  1  0.938300 -0.016491 -0.228314  0.147525  -3
  1  1  0.938300 -0.244229  0.015620  0.142865  -5
  1  1  0.938300  0.337725 -0.070155  0.175015  -2
  1  1  0.938300  0.012412 -0.039457  0.256951  -3
  1  1  0.938300  0.264647 -0.052848  0.267413  -4
  1  1  0.938300  0.136207 -0.029573  0.319967  -2
  1  1  0.938300 -0.100480  0.122050  0.511541  -1
  1  1  0.938300  0.104169 -0.071797  0.180350  -3
  1  1  0.938300  0.127203  0.171203  0.378779  -2
  1  1  0.938300 -0.101626  0.059946  0.134066  -2
  1  1  0.938300  0.067190  0.317308  0.308503  -2
  1  1  0.938300 -0.064290 -0.225575  0.339765  -3
  1  1  0.938300 -0.089697  0.002813  0.584557  -1
  1  1  0.938300  0.247276  0.265589  0.212094  -2
  1  1  0.938300 -0.192254 -0.368843  0.159109  -2
  1  1  0.938300  0.022886  0.080626  0.163907  -2
  1  1  0.938300 -0.039369 -0.096272  0.481633  -1
  1  1  0.938300  0.201298 -0.117730  0.413091  -2
  1  1  0.938300  0.081814 -0.260202  0.427967  -3
  1  1  0.938300  0.016944 -0.114312  0.257137  -3
  1  1  0.938300  0.299081  0.288570  0.274042  -3
  1  1  0.938300 -0.079127  0.141905  0.392866  -2
  1  1  0.938300 -0.209833  0.186403  0.233143  -4
  1  1  0.938300 -0.120638  0.178264  0.226958  -3
  1  1  0.938300  0.025742  0.253068  0.136661  -2
  1  1  0.938300  0.054918  0.335762  0.289784  -2
  1  1  0.938300 -0.050448 -0.114311  0.132133  -3
  1  1  0.938300 -0.043664 -0.173277  0.504652  -1
  1  1  0.938300 -0.090317  0.117899  0.501221  -1
  1  1  0.938300 -0.060738 -0.136570  0.598775  -1
  1  1  0.938300  0.124553  0.070382  0.348563  -1
  1  1  0.938300  0.004558 -0.065926  0.524042  -1
  1  1  0.938300 -0.000605  0.055837  0.664806  -2
  1  0  0.938300 -0.439862 -0.394568  0.629975  -4
  1  1  0.938300  0.156783  0.138958  0.536558  -1
  1  1  0.938300 -0.151126  0.008333  0.314108  -3
  1  1  0.938300 -0.142091  0.037846  0.370067  -1
  1  1  0.938300 -0.028737  0.080652  0.490295  -3
  1  1  0.938300 -0.093054 -0.038618  0.502668  -1
  1  0  0.938300  0.017224  0.044283  0.384872  -1
  1  0  0.938300  0.136660 -0.011016  0.328431  -3
  1  0  0.938300  0.071656 -0.116629  0.419263  -1
  1  0  0.938300  0.286358 -0.166354  0.727397  -3
  1  0  0.938300  0.048719  0.069445  0.175726  -3
  1  0  0.938300  0.361471 -0.096163  0.342328  -4
  1  0  0.938300 -0.087927 -0.019628  0.315122  -3
  1  0  0.938300  0.152937  0.016358  0.560007  -1
  1  0  0.938300 -0.093140  0.005829  0.290215  -1
  1  0  0.938300  0.011301 -0.290553  0.509874  -5
  1  0  0.938300  0.342123 -0.388794  0.723109  -3
  1  0  0.938300 -0.301392 -0.076296  0.354316  -3
  1  0  0.938300 -0.103635  0.116771  0.119870  -3
  1  0  0.938300 -0.130153 -0.009154  0.326266  -1
  1  0  0.938300  0.218443 -0.050204  0.300065  -5
  1  0  0.938300 -0.055518  0.122666  0.394124  -1
  1  0  0.938300 -0.032055 -0.039422  0.349037  -4
  1  0  0.938300  0.090675  0.239418  0.385398  -2
  1  0  0.938300  0.575801 -0.213711  0.331141  -4
  1  0  0.938300 -0.168158  0.059686  0.457811  -5
  1  0  0.938300 -0.226728  0.110196  0.085306  -3
  1  0  0.938300  0.135909  0.238749  0.384273  -7
  1  0  0.938300  0.063893 -0.196235  0.136309  -2
  1  0  0.938300  0.087167 -0.163579  0.625632  -2
  1  0  0.938300 -0.026464  0.001450  0.511813  -1
  1  0  0.938300  0.168731 -0.115759  0.470308  -4
  1  0  0.938300 -0.011651 -0.074330  0.055526  -6
  1  0  0.938300 -0.021652  0.184826  0.542601  -1
  1  0  0.938300 -0.133551 -0.100865  0.526348  -5
  1  0  0.938300  0.017833  0.109100  0.500822  -1
  1  0  0.938300 -0.300309 -0.093621  0.323440  -3
  1  0  0.938300  0.064991 -0.060071  0.291047  -3
  1  0  0.938300 -0.176110 -0.029259 -0.005369  -2
  1  0  0.938300  0.126627  0.278187  0.186890  -3
  1  0  0.938300 -0.084081  0.209185  0.619883  -2
  1  0  0.938300 -0.109117  0.473439  0.401732  -2
  1  0  0.938300 -0.022725 -0.258775  0.687674  -3
  1  0  0.938300 -0.162882 -0.034154  0.120416  -2
  1  0  0.938300  0.240707  0.046668  0.000459  -3
  1  0  0.938300  0.001030  0.029264  0.318540  -1
  1  0  0.938300  0.067601 -0.099509  0.180565  -3
  1  0  0.938300  0.035033  0.182427  0.146296  -8
  1  0  0.938300 -0.035448  0.171237  0.350145  -1
  1  0  0.938300  0.060468  0.143971  0.275935  -6
  1  0  0.938300  0.116675 -0.003713  0.069029  -2
  1  0  0.938300 -0.319223  0.155962  0.149489  -2
  1  0  0.938300 -0.238539 -0.320287  0.487151  -2
  1  0  0.938300  0.115912 -0.107842  0.559198  -2
  1  0  0.938300 -0.155473  0.029687  0.576719  -3
  1  0  0.938300 -0.126491 -0.150274  0.417173  -2
  1  0  0.938300  0.098360  0.199504  0.418487  -3
  1  0  0.938300 -0.119557 -0.396213  0.469028  -3
  1  0  0.938300 -0.074101 -0.162810  0.132696  -4
  1  0  0.938300 -0.067769  0.008693  0.619078  -1
  1  0  0.938300 -0.079186 -0.091239  0.505548  -1
  1  0  0.938300  0.053666  0.115062  0.487072  -4
  1  0  0.938300 -0.155403 -0.055344  0.331207  -2
  1  0  0.938300  0.035186 -0.165326  0.461622  -1
  1  0  0.938300 -0.304092  0.285221  0.316418  -3
  1  0  0.938300  0.065799 -0.341284  0.404891  -2
  1  0  0.938300 -0.083485 -0.046591  0.605346  -1
  1  0  0.938300  0.197738 -0.055164  0.384099  -2
  1  0  0.938300 -0.094111  0.045487  0.292802  -6
  1  0  0.938300  0.011995  0.147806  0.512270  -1
  1  0  0.938300 -0.013378  0.029065  0.577434  -3
  1  0  0.938300 -0.160977  0.334285  0.400348  -3
  1  0  0.938300 -0.122511 -0.083866  0.392354  -5
  1  0  0.938300 -0.292518 -0.243065  0.321118  -4
  1  0  0.938300 -0.025784 -0.006483  0.709954  -1
  1  0  0.938300 -0.139003  0.187711  0.581490  -2
  1  0  0.938300  0.020921 -0.091269  0.065658  -4
  1  0  0.938300  0.021961 -0.008128  0.506814  -1
  1  0  0.938300  0.104035  0.220464  0.246043  -2
  1  0  0.938300 -0.005506  0.021198  0.398742  -2
  1  0  0.938300  0.035945 -0.044649  0.665273  -1
  1  0  0.938300  0.009618  0.258512  0.320173  -2
  1  0  0.938300 -0.100393 -0.211814  0.570904  -4
  1  0  0.938300 -0.299339 -0.010439  0.350328  -3
  1  0  0.938300  0.327876  0.042477  0.238827  -3
  1  0  0.938300 -0.215603 -0.090582  0.176369  -4
  1  0  0.938300 -0.054710 -0.055599  0.394135  -8
  1  0  0.938300 -0.049844  0.191049  0.594854  -2
  1  0  0.938300 -0.068110 -0.128789  0.616593  -3
  1  0  0.938300  0.183386  0.122363  0.242864  -5
  1  0  0.938300  0.231033 -0.100953  0.541930  -1
  1  0  0.938300 -0.027258  0.112377  0.438585  -4
  1  0  0.938300  0.061734  0.001027  0.642759  -1
  1  0  0.938300  0.007698 -0.120947  0.561037  -1
  1  0  0.938300 -0.055875 -0.153844  0.266993  -3
  1  0  0.938300  0.084666  0.029664  0.737236  -1
  1  0  0.938300  0.068016  0.002638  0.392535  -1
  1  0  0.938300  0.061870 -0.188613  0.078985  -3
  1  0  0.938300  0.059394  0.106589  0.443188  -2
  1  0  0.938300  0.007317 -0.115802  0.146620  -2
  1  0  0.938300  0.413398 -0.093209  0.649892  -3
  1  0  0.938300  0.216672  0.067587  0.673977  -4
  1  0  0.938300 -0.133514  0.193331  0.321622  -2
  1  0  0.938300 -0.055575  0.026619  0.404764  -5
  1  0  0.938300 -0.041026  0.144562  0.093146  -3
  1  0  0.938300 -0.077762  0.151245  0.433836  -5
  1  0  0.938300  0.187278 -0.042938  0.191524  -3
  1  0  0.938300  0.410323  0.179643  0.352602  -4
  1  0  0.938300 -0.294928 -0.138446  0.753422  -2
  1  0  0.938300 -0.223706  0.045314  0.445514  -3
  1  0  0.938300  0.139189 -0.167038  0.111902  -4
  1  0  0.938300 -0.137149  0.028105  0.033419  -3
  1  0  0.938300  0.179108  0.007963  0.440296  -2
  1  0  0.938300  0.000172 -0.127227  0.587928  -1
  1  0  0.938300 -0.077179 -0.032146  0.506031  -1
  1  0  0.938300  0.183185  0.206309  0.053065  -2
  1  0  0.938300  0.047064 -0.045179  0.201150  -5
  1  0  0.938300  0.384714 -0.059230  0.407578  -4
  1  0  0.938300  0.002698  0.036218  0.590447  -1
  1  0  0.938300 -0.346848  0.071996  0.372308  -7
  1  0  0.938300 -0.036292 -0.173309  0.014090  -3
  1  0  0.938300  0.046769  0.096089  0.137823  -4
  1  0  0.938300  0.276633  0.352431  0.111227  -2
  1  0  0.938300  0.095029 -0.129800  0.273689  -2