  1  1  0.938300  0.085295  0.093645  0.098032   3
  1  1  0.938300 -0.480499 -0.213798  0.388849   4
  1  1  0.938300 -0.126499  0.155587  0.261640   2
  1  1  0.938300  0.089293  0.046999  0.073755   1
  1  1  0.938300  0.075593  0.089892  0.293603   5
  1  1  0.938300  0.069235  0.038458  0.131056   1
  1  1  0.938300  0.204057 -0.288303  0.480591   2
  1  1  0.938300 -0.007074  0.111402  0.299763   1
  1  1  0.938300  0.058591  0.088401  0.166738   1
  1  1  0.938300  0.102680  0.196368  0.289948   4
  1  1  0.938300 -0.334426 -0.074720  0.529380   2
  1  1  0.938300 -0.154386 -0.426486  0.205404   3
  1  1  0.938300 -0.220850  0.125750  0.556187   4
  1  1  0.938300 -0.124725  0.011944 -0.012919   1
  1  1  0.938300  0.110510 -0.119356  0.297245   2
  1  1  0.938300  0.093508  0.044082  0.218000   2
  1  1  0.938300  0.135933 -0.013729  0.150280   2
  1  1  0.938300 -0.228098 -0.055838  0.151509   3
  1  1  0.938300 -0.077519 -0.154809  0.057564   2
  1  1  0.938300  0.038603 -0.197962  0.525939   4
  1  1  0.938300  0.030113  0.078722  0.159324   1
  1  1  0.938300 -0.134336  0.027831  0.366832   3
  1  1  0.938300  0.137074  0.100697 -0.111258   2
  1  1  0.938300 -0.119670  0.051712  0.236095   7
  1  1  0.938300 -0.058898  0.018158  0.339943   2
  1  1  0.938300  0.113411  0.013612  0.086991   1
  1  1  0.938300 -0.267530 -0.096595  0.131339   3
  1  1  0.938300  0.120828 -0.003899  0.121144   4
  1  1  0.938300 -0.025242 -0.205074  0.087413   1
  1  1  0.938300 -0.031572  0.041215  0.197071   3
  1  1  0.938300 -0.070918 -0.079620  0.122836   2
  1  1  0.938300 -0.210480 -0.131283 -0.051379   2
  1  1  0.938300  0.040448 -0.172063  0.250645   2
  1  1  0.938300  0.053849  0.138854  0.392787   3
  1  1  0.938300 -0.252607  0.309368  0.037128   3
  1  1  0.938300 -0.205145  0.303561  0.015477   3
  1  1  0.938300 -0.154611 -0.017961  0.211850   5
  1  1  0.938300 -0.037714  0.049970  0.097156   3
  1  1  0.938300  0.309469  0.120187  0.264887   3
  1  1  0.938300 -0.029546  0.153065  0.279127   3
  1  1  0.938300 -0.128899  0.138085 -0.018064   1
  1  1  0.938300 -0.345789  0.066206  0.398944   3
  1  1  0.938300 -0.035215 -0.108301  0.058127   1
  1  1  0.938300 -0.096521 -0.091879  0.108715   1
  1  1  0.938300 -0.042305 -0.078762  0.075014   1
  1  1  0.938300  0.030610  0.040856  0.010498   1
  1  1  0.938300  0.027071  0.199163  0.371235   3
  1  1  0.938300 -0.481186  0.154306  0.248291   3
  1  1  0.938300  0.134069 -0.100888  0.346047   3
  1  1  0.938300 -0.100576 -0.232985  0.092741   3
  1  1  0.938300  0.388890  0.000504  0.282524   2
  1  1  0.938300 -0.183342 -0.036509 -0.109074   4
  1  1  0.938300 -0.038590 -0.116373  0.524199   2
  1  1  0.938300  0.031242 -0.085138  0.005626   1
  1  1  0.938300  0.069415 -0.120412  0.170851   3
  1  1  0.938300 -0.189072  0.089847 -0.010740   2
  1  1  0.938300  0.045684 -0.085428  0.451486   5
  1  1  0.938300  0.104438  0.199509  0.270220   2
  1  1  0.938300 -0.035336 -0.177214 -0.009028   1
  1  1  0.938300  0.152862  0.094081  0.003367   1
  1  1  0.938300 -0.084942 -0.115052 -0.021686   1
  1  1  0.938300  0.357006 -0.242631  0.195057   2
  1  1  0.938300  0.251879 -0.500320  0.129422   3
  1  1  0.938300 -0.142078  0.286370  0.416173   2
  1  1  0.938300 -0.172097  0.321927  0.452127   3
  1  1  0.938300  0.276108  0.251449  0.197836   3
  1  1  0.938300  0.034080  0.014172 -0.098914   1
  1  1  0.938300  0.000985  0.020528  0.162690   2
  1  1  0.938300  0.004985  0.010153 -0.092915   1
  1  1  0.938300 -0.004559  0.090465  0.549807   5
  1  1  0.938300 -0.100986  0.056793  0.086520   1
  1  1  0.938300 -0.014713  0.081674  0.106366   2
  1  1  0.938300 -0.055160 -0.176826  0.004688   1
  1  1  0.938300  0.193419 -0.004542  0.322452   4
  1  1  0.938300 -0.163150 -0.193564 -0.043145   4
  1  1  0.938300  0.119327 -0.034715  0.267373   1
  1  1  0.938300  0.240721  0.161243  0.389847   3
  1  1  0.938300 -0.085148  0.082073  0.649532   3
  1  1  0.938300  0.195971  0.109852  0.488817   3
  1  0  0.938300 -0.310193  0.190730  0.235720   3
  1  0  0.938300 -0.048876  0.069293  0.230296   1
  1  0  0.938300 -0.124510 -0.191310  0.248282   3
  1  0  0.938300  0.116811 -0.004825  0.210678   6
  1  0  0.938300  0.213091 -0.254153  0.335861   3
  1  0  0.938300 -0.069947 -0.230378  0.070948   2
  1  0  0.938300 -0.035890  0.225956 -0.127621   2
  1  0  0.938300  0.085750  0.092800  0.066701   1
  1  0  0.938300  0.072675 -0.223225  0.470049   2
  1  0  0.938300  0.064607 -0.175800  0.303423   4
  1  0  0.938300  0.397415 -0.132510  0.277656   3
  1  0  0.938300  0.219541 -0.152903  0.400042   4
  1  0  0.938300  0.047304 -0.063120  0.089678   2
  1  0  0.938300  0.281018  0.197885  0.074541   4
  1  0  0.938300  0.183686  0.225641  0.210366   2
  1  0  0.938300 -0.008334  0.182593  0.412013   2
  1  0  0.938300 -0.085631  0.037807  0.198734   3
  1  0  0.938300 -0.183250  0.118790  0.311312   3
  1  0  0.938300 -0.058614 -0.044386  0.300855   2
  1  0  0.938300 -0.262936  0.085857  0.116223   1
  1  0  0.938300  0.072899 -0.151382  0.102737   1
  1  0  0.938300  0.218469  0.049109 -0.033918   4
  1  0  0.938300 -0.075691 -0.282596  0.270882   4
  1  0  0.938300  0.315954 -0.037580  0.159195   4
  1  0  0.938300 -0.297224  0.246042  0.562342   4
  1  0  0.938300  0.174336 -0.025005  0.248290   1
  1  0  0.938300  0.108182 -0.286404  0.367295   4
  1  0  0.938300 -0.165585  0.128636  0.564726   2
  1  0  0.938300  0.226205  0.085796  0.332541   5
  1  0  0.938300 -0.124149  0.177209  0.244379   2
  1  0  0.938300  0.002561 -0.058100  0.208958   2
  1  0  0.938300  0.058948 -0.157131 -0.032982   1
  1  0  0.938300  0.116319 -0.026048  0.229363   3
  1  0  0.938300  0.098236 -0.159842  0.241898   2
  1  0  0.938300  0.467288 -0.038702  0.048768   2
  1  0  0.938300  0.043076 -0.186633  0.136942   1
  1  0  0.938300 -0.120833 -0.072792  0.330344   2
  1  0  0.938300  0.050534 -0.153549  0.298761   2
  1  0  0.938300 -0.036130 -0.012677  0.305154   4
  1  0  0.938300 -0.187348  0.081950  0.585012   3
  1  0  0.938300  0.075159  0.154290  0.110896   4
  1  0  0.938300 -0.215912  0.065237  0.291029   2
  1  0  0.938300  0.089114 -0.132394  0.486581   2
  1  0  0.938300 -0.048822  0.030234  0.110930   2
  1  0  0.938300 -0.348325  0.006495  0.343654   3
  1  0  0.938300  0.213284 -0.055597  0.109603   3
  1  0  0.938300  0.025124  0.134493 -0.118668   1
  1  0  0.938300  0.170446 -0.030172  0.056327   2
  1  0  0.938300 -0.023109  0.234663  0.245350   3
  1  0  0.938300  0.187507 -0.191762  0.097594   3
  1  0  0.938300 -0.282847 -0.062665  0.162632   2
  1  0  0.938300  0.224385 -0.147175  0.187323   3
  1  0  0.938300  0.128005 -0.136396  0.375981   5
  1  0  0.938300  0.036881 -0.160627  0.094722   1
  1  0  0.938300  0.019248  0.047083 -0.031788   2
  1  0  0.938300 -0.048101 -0.011563  0.178137   1
  1  0  0.938300 -0.025697 -0.224686  0.105239   2
  1  0  0.938300  0.136421 -0.063269 -0.020287   1
  1  0  0.938300 -0.310073  0.162767  0.169426   2
  1  0  0.938300 -0.320586  0.059931  0.289737   2
  1  0  0.938300  0.100127  0.143060  0.262754   3
  1  0  0.938300  0.070934 -0.027773  0.060365   5
  1  0  0.938300 -0.112016 -0.308648  0.139448   3
  1  0  0.938300 -0.095278  0.211697  0.025098   5
  1  0  0.938300  0.197381  0.054379  0.433316   3
  1  0  0.938300  0.090874 -0.151909  0.114109   1
  1  0  0.938300  0.254351  0.053866  0.175451   2
  1  0  0.938300 -0.168398 -0.148530  0.174495   2
  1  0  0.938300 -0.014619  0.049203  0.002220   1
  1  0  0.938300  0.092989  0.185271  0.024716   1
  1  0  0.938300  0.126073  0.049179  0.236705   6
  1  0  0.938300 -0.004824 -0.081674 -0.019945   1
  1  0  0.938300 -0.403981  0.129142  0.245641   4
  1  0  0.938300 -0.124053 -0.332709  0.068332   2
  1  0  0.938300 -0.241802 -0.043072 -0.016086   1
  1  0  0.938300  0.060896 -0.099174  0.046743   3
  1  0  0.938300 -0.422131 -0.130404  0.262437   2
  1  0  0.938300  0.156893 -0.386689  0.430386   4
  1  0  0.938300  0.193925 -0.250754  0.106708   3
  1  0  0.938300 -0.093740 -0.035163  0.210051   2
  1  0  0.938300  0.107136 -0.176410  0.320171   2
  1  0  0.938300 -0.166862 -0.006798  0.085573   3
  1  0  0.938300 -0.231993 -0.030824  0.116257   5
  1  0  0.938300  0.003881 -0.183749  0.025175   1
  1  0  0.938300  0.011815 -0.106428 -0.031613   2
  1  0  0.938300  0.193533  0.070625  0.459810   4
  1  0  0.938300  0.086015 -0.159271  0.288130   4
  1  0  0.938300 -0.175470  0.244423  0.231791   5
  1  0  0.938300 -0.098881  0.304046  0.353683   2
  1  0  0.938300 -0.100245  0.116225 -0.080022   2
  1  0  0.938300  0.024064 -0.016047  0.684566   2
  1  0  0.938300  0.081978 -0.002894  0.331351   2
  1  0  0.938300  0.155587  0.033478  0.685858   5
  1  0  0.938300  0.056873  0.201410 -0.086007   2
  1  0  0.938300 -0.103658 -0.137163  0.224963   3
  1  0  0.938300  0.191895  0.113353  0.070939   1
  1  0  0.938300  0.125680  0.027782  0.399565   4
  1  0  0.938300 -0.107501  0.128115  0.360072   7
  1  0  0.938300 -0.071639  0.062547  0.341254   5
  1  0  0.938300  0.272388 -0.001946  0.335348   3
  1  0  0.938300 -0.063354 -0.043048  0.311911   4
  1  0  0.938300 -0.229978 -0.096882  0.009059   1
  1  0  0.938300  0.250536 -0.239648 -0.027276   3
  1  0  0.938300 -0.010532  0.036073  0.093038   1
  1  0  0.938300 -0.060673  0.094752 -0.060087   1
  1  0  0.938300  0.010950 -0.243207  0.579157   4
  1  0  0.938300 -0.064050 -0.025535  0.035633   1
  1  0  0.938300 -0.255459 -0.001165  0.297419   3
  1  0  0.938300 -0.277835  0.272688  0.066663   3
  1  0  0.938300  0.031211  0.009920  0.134922   1
  1  0  0.938300  0.120113 -0.167785  0.276484   2
  1  0  0.938300  0.056573  0.011500 -0.065066   1
  1  0  0.938300 -0.029480 -0.009595  0.023415   1
  1  0  0.938300  0.123159  0.230882  0.320561   2
  1  0  0.938300  0.062801 -0.051119  0.210321   3
  1  0  0.938300  0.163795 -0.094348  0.141101   3
  1  0  0.938300 -0.116955  0.012215  0.211920   5
  1  0  0.938300  0.150152 -0.453252  0.539596   6
  1  1  0.938300 -0.001698 -0.030164  0.211624  -4
  1  1  0.938300  0.078729  0.412386  0.430738  -3
  1  1  0.938300  0.297022  0.034124  0.079949  -2
  1  1  0.938300  0.004042  0.084942  0.634294  -1
  1  1  0.938300  0.059997  0.182128  0.268361  -2
  1  1  0.938300 -0.076034 -0.000143  0.458065  -2
  1  1  0.938300 -0.190428  0.000172  0.258583  -3
  1  1  0.938300  0.122776  0.025835  0.428604  -3
  1  1  0.938300 -0.009776 -0.172047  0.425464  -1
  1  1  0.938300  0.040335 -0.071998  0.422598  -2
  1  1  0.938300 -0.142508 -0.099633  0.208656  -2
  1  1  0.938300 -0.079245  0.121180  0.446321  -1
  1  1  0.938300 -0.344190 -0.082799  0.297215  -3
  1  1  0.938300  0.104607 -0.090705  0.372793  -2
  1  1  0.938300 -0.198392  0.108233  0.217825  -8
  1  1  0.938300 -0.196818  0.057257  0.401033  -1
  1  1  0.938300  0.001499 -0.071454  0.202853  -3
  1  1  0.938300  0.185306  0.053644  0.442267  -5
  1  1  0.938300 -0.198185 -0.057523  0.165195  -5
  1  1  0.938300  0.071037  0.059685  0.274104  -6
  1  1  0.938300  0.018967 -0.079752  0.230837  -2
  1  1  0.938300  0.078481  0.138325  0.406983  -3
  1  1  0.938300  0.050227  0.422953  0.439948  -6
  1  1  0.938300  0.168400 -0.266790  0.277066  -2
  1  1  0.938300  0.441768 -0.462393  0.487988  -3
  1  1  0.938300  0.108366  0.185977  0.485720  -3
  1  1  0.938300  0.345151  0.074985 -0.004916  -4
  1  1  0.938300 -0.131702 -0.074382  0.659707  -2
  1  1  0.938300 -0.433063  0.089901  0.195851  -6
  1  1  0.938300  0.076937  0.019242  0.259511  -2
  1  1  0.938300  0.078462 -0.002811  0.506225  -1
  1  1  0.938300  0.172739 -0.106051  0.057586  -4
  1  1  0.938300 -0.447399  0.084115  0.273771  -2
  1  1  0.938300  0.143241 -0.156775  0.083105  -2
  1  1  0.938300  0.053144  0.001599  0.502580  -1
  1  1  0.938300 -0.296332  0.030995  0.425732  -2
  1  1  0.938300  0.006856  0.058237  0.553802  -1
  1  1  0.938300  0.052837  0.381665  0.190386  -3
  1  1  0.938300  0.351287  0.123979  0.237255  -5
  1  1  0.938300  0.129972 -0.107668  0.651002  -2
  1  1  0.938300  0.147733 -0.128699 -0.093559  -3
  1  1  0.938300 -0.009676 -0.239128  0.321844  -9
  1  1  0.938300 -0.252864 -0.067764  0.354165  -2
  1  1  0.938300 -0.152329  0.038235  0.403759  -1
  1  1  0.938300  0.035628  0.013255  0.425936  -1
  1  1  0.938300 -0.076479  0.086667  0.250709  -6
  1  1  0.938300  0.142150  0.129056  0.174898  -2
  1  1  0.938300  0.071324 -0.197586  0.047664  -2
  1  1  0.938300 -0.350404 -0.124866  0.738417  -2
  1  1  0.938300 -0.221323  0.140186  0.304356  -3
  1  1  0.938300  0.080950  0.170154  0.451352  -3
  1  1  0.938300 -0.081998  0.148164  0.347485  -1
  1  1  0.938300  0.197894 -0.060365  0.262725  -2
  1  1  0.938300  0.139777  0.152711  0.591907  -2
  1  1  0.938300  0.010197 -0.084348  0.724870  -6
  1  1  0.938300  0.093031  0.242668  0.193013  -2
  1  1  0.938300  0.030635  0.132911  0.291353  -1
  1  1  0.938300  0.282817 -0.302735  0.533639  -3
  1  1  0.938300 -0.091217  0.224229 -0.004980  -5
  1  1  0.938300 -0.264104 -0.093756  0.418549  -6
  1  1  0.938300 -0.076646  0.234214  0.596538  -1
  1  1  0.938300  0.006516  0.091522  0.302436  -1
  1  1  0.938300  0.053855  0.138591  0.563039  -6
  1  1  0.938300 -0.038977 -0.066423  0.418656  -1
  1  1  0.938300  0.179594 -0.209329  0.181679  -2
  1  1  0.938300 -0.183292  0.127340  0.436232  -6
  1  1  0.938300 -0.078026 -0.122967  0.196108  -6
  1  1  0.938300  0.122950  0.206802  0.375869  -5
  1  1  0.938300 -0.096792  0.151087  0.041998  -4
  1  1  0.938300 -0.089387  0.118038  0.459996  -1
  1  1  0.938300  0.010094  0.039396  0.509627  -5
  1  1  0.938300  0.106918 -0.025715  0.144292  -3
  1  1  0.938300 -0.094141  0.116119  0.448140  -2
  1  1  0.938300  0.003254  0.153408  0.573762  -1
  1  1  0.938300 -0.211997  0.057087  0.106286  -2
  1  1  0.938300 -0.223167 -0.131033  0.463796  -4
  1  1  0.938300 -0.135249  0.204890  0.782544  -3
  1  1  0.938300 -0.043997 -0.111982  0.301786  -2
  1  1  0.938300 -0.046737 -0.172232  0.601580  -1
  1  0  0.938300 -0.433198  0.062816  0.445846  -3
  1  0  0.938300  0.062235  0.082321  0.119750  -5
  1  0  0.938300 -0.095817  0.127292  0.253579 -10
  1  0  0.938300  0.169767  0.366297  0.258438  -3
  1  0  0.938300 -0.128738 -0.150610  0.437015  -2
  1  0  0.938300  0.054728  0.100715  0.499217  -2
  1  0  0.938300  0.217121 -0.117031  0.266906  -2
  1  0  0.938300  0.115005  0.045128  0.391240  -6
  1  0  0.938300  0.039758  0.138538  0.515791  -2
  1  0  0.938300 -0.380655 -0.366679  0.321950  -2
  1  0  0.938300 -0.424677 -0.008306  0.485812  -5
  1  0  0.938300  0.144019 -0.001536  0.479622  -1
  1  0  0.938300 -0.050955  0.007389  0.589260  -1
  1  0  0.938300  0.135709 -0.068918  0.529152  -1
  1  0  0.938300  0.346202  0.312136  0.319955  -2
  1  0  0.938300 -0.080917 -0.114051 -0.048878  -2
  1  0  0.938300 -0.219985  0.037699  0.234898  -2
  1  0  0.938300 -0.060086 -0.065331  0.409185  -3
  1  0  0.938300  0.074926  0.093041  0.411812  -2
  1  0  0.938300 -0.223641 -0.042723  0.360218  -1
  1  0  0.938300 -0.030139  0.231299  0.219958  -2
  1  0  0.938300  0.137687 -0.247417  0.101855  -6
  1  0  0.938300  0.076917 -0.218401  0.321343  -3
  1  0  0.938300 -0.335378 -0.030416  0.213641  -7
  1  0  0.938300  0.210324  0.044929  0.516342  -1
  1  0  0.938300  0.087263 -0.117398  0.337256  -3
  1  0  0.938300  0.207531  0.593547  0.531709  -2
  1  0  0.938300  0.524291  0.053285  0.180896  -2
  1  0  0.938300  0.267607 -0.152868  0.273527  -2
  1  0  0.938300  0.445278 -0.311476  0.274934  -3
  1  0  0.938300 -0.188829 -0.200349  0.348445  -3
  1  0  0.938300  0.094090 -0.104490  0.702154  -1
  1  0  0.938300 -0.228930 -0.291711  0.392242  -3
  1  0  0.938300 -0.264432 -0.022997  0.425844  -5
  1  0  0.938300  0.261098  0.021235  0.754975  -2
  1  0  0.938300  0.198552  0.003529  0.577080  -1
  1  0  0.938300 -0.090957 -0.023116  0.598027  -2
  1  0  0.938300  0.138295 -0.111055  0.661901  -2
  1  0  0.938300  0.020925 -0.055611 -0.014258  -2
  1  0  0.938300 -0.151236  0.174244  0.049270  -5
  1  0  0.938300  0.051173  0.249658  0.308844  -3
  1  0  0.938300 -0.144546 -0.051902  0.479936  -3
  1  0  0.938300 -0.272349 -0.024612  0.432031  -2
  1  0  0.938300  0.089081  0.132433  0.732074  -1
  1  0  0.938300 -0.047031  0.022947  0.390057  -1
  1  0  0.938300  0.038911  0.085879  0.692545  -1
  1  0  0.938300  0.203135 -0.120292  0.315740  -2
  1  0  0.938300  0.049095  0.215401  0.411795  -2
  1  0  0.938300 -0.051587  0.158818  0.584873  -1
  1  0  0.938300 -0.138607 -0.118207  0.290360  -4
  1  0  0.938300  0.117233  0.146479  0.332980  -3
  1  0  0.938300 -0.206533  0.142380  0.517617  -1
  1  0  0.938300 -0.085744 -0.032783  0.771571  -3
  1  0  0.938300  0.093643 -0.177402  0.094573  -4
  1  0  0.938300 -0.277648 -0.148094  0.097748  -5
  1  0  0.938300 -0.080474 -0.514677  0.515839  -2
  1  0  0.938300 -0.193847  0.079799  0.750203  -2
  1  0  0.938300  0.083885  0.071773 -0.077420  -3
  1  0  0.938300 -0.041009  0.073017  0.537053  -1
  1  0  0.938300 -0.104006 -0.067298  0.639102  -1
  1  0  0.938300  0.007530 -0.136235  0.418777  -2
  1  0  0.938300  0.286551 -0.126195  0.178885  -3
  1  0  0.938300 -0.092861 -0.007979  0.160991  -3
  1  0  0.938300  0.221819 -0.120198  0.218962  -3
  1  0  0.938300  0.179499  0.142336  0.474464  -1
  1  0  0.938300 -0.119489  0.316207  0.784510  -3
  1  0  0.938300 -0.124636 -0.351885  0.333495  -4
  1  0  0.938300 -0.037559  0.229896  0.337871  -4
  1  0  0.938300  0.098626 -0.102419  0.273613  -8
  1  0  0.938300 -0.143089 -0.050490  0.658741  -1
  1  0  0.938300 -0.053121  0.126059  0.003822  -5
  1  0  0.938300  0.318920 -0.124525  0.284340  -3
  1  0  0.938300  0.006952  0.215856  0.420984  -3
  1  0  0.938300  0.019421  0.089095  0.325461  -6
  1  0  0.938300 -0.154780  0.351395 -0.015639  -2
  1  0  0.938300  0.077669 -0.056607  0.469404  -1
  1  0  0.938300  0.158007 -0.159350  0.357418  -2
  1  0  0.938300 -0.347980  0.000107  0.395845  -3
  1  0  0.938300 -0.522494 -0.023101  0.330099  -3
  1  0  0.938300  0.173894  0.064487  0.526909  -1
  1  0  0.938300 -0.196216  0.120867  0.040176  -3
  1  0  0.938300  0.016403 -0.058043  0.416511  -3
  1  0  0.938300  0.024918 -0.245878  0.204448  -3
  1  0  0.938300 -0.386453  0.266730  0.112139  -7
  1  0  0.938300  0.008776  0.315586  0.073427  -2
  1  0  0.938300 -0.104659 -0.014706  0.499650  -3
  1  0  0.938300 -0.278981 -0.044210  0.402406  -2
  1  0  0.938300  0.182265 -0.004841  0.393960  -4
  1  0  0.938300 -0.094734  0.057655  0.433915  -1
  1  0  0.938300  0.100050  0.096468  0.039309  -4
  1  0  0.938300  0.001969 -0.155464  0.334336  -2
  1  0  0.938300 -0.082651 -0.013851  0.174258  -7
  1  0  0.938300  0.117936 -0.005684  0.356177  -2
  1  0  0.938300  0.085768 -0.116290  0.502764  -1
  1  0  0.938300  0.027617 -0.160801  0.380614  -2
  1  0  0.938300  0.029291  0.010893  0.660974  -1
  1  0  0.938300  0.115890 -0.335056  0.297392  -3
  1  0  0.938300 -0.164766 -0.047782  0.549278  -1
  1  0  0.938300 -0.093310  0.077649  0.536562  -2
  1  0  0.938300 -0.127774  0.412664  0.430386  -3
  1  0  0.938300  0.041584  0.002315  0.363522  -2
  1  0  0.938300 -0.003393 -0.251313  0.177728  -3
  1  0  0.938300 -0.157945  0.420703  0.193505  -3
  1  0  0.938300  0.178277  0.045118  0.451664  -4
  1  0  0.938300  0.077964  0.295957  0.258274  -3
  1  0  0.938300  0.266635  0.016300  0.420039  -5
  1  0  0.938300  0.048672 -0.166978  0.671102  -1
  1  0  0.938300  0.132936  0.032258  0.397870  -4
  1  0  0.938300 -0.192802  0.357825  0.347097  -3
  1  0  0.938300  0.044335 -0.013326  0.053162  -2
  1  0  0.938300  0.018208  0.035426  0.296043  -3
  1  0  0.938300 -0.051140  0.155930  0.377925  -5
  1  0  0.938300  0.047320  0.178389  0.675275  -2
  1  0  0.938300 -0.081020 -0.279202  0.516631  -7
  1  0  0.938300 -0.129828  0.030748  0.332086  -1
  1  0  0.938300  0.187398 -0.066192 -0.031799  -3
  1  0  0.938300 -0.043185 -0.079434  0.325450  -7
  1  0  0.938300 -0.176332  0.059490  0.546869  -3