  1  1  0.938300  0.010414 -0.156164 -0.095346   6
  1  1  0.938300  0.164268  0.201853  0.224964   2
  1  1  0.938300 -0.070270 -0.204717  0.019213   1
  1  1  0.938300  0.041976  0.169093  0.341850   3
  1  1  0.938300 -0.062531  0.447566  0.485548   4
  1  1  0.938300 -0.078011 -0.002040 -0.000637   1
  1  1  0.938300 -0.025459  0.109534  0.011608   1
  1  1  0.938300  0.615621 -0.144659  0.298517   3
  1  1  0.938300  0.008952  0.090447  0.124929   2
  1  1  0.938300  0.153842 -0.155449  0.320825   2
  1  1  0.938300  0.251147 -0.114825  0.507750   7
  1  1  0.938300 -0.210971  0.201402 -0.087462   4
  1  1  0.938300  0.105944 -0.275078  0.145198   2
  1  1  0.938300 -0.193002  0.071654 -0.088230   1
  1  1  0.938300  0.301944  0.111945  0.130355   5
  1  1  0.938300 -0.019763 -0.280742  0.357256   7
  1  1  0.938300  0.044374  0.071105 -0.051026   3
  1  1  0.938300  0.003604 -0.223642 -0.039185   1
  1  1  0.938300 -0.216957 -0.181510 -0.098140   2
  1  1  0.938300 -0.047322  0.052809  0.443013   4
  1  1  0.938300 -0.162996 -0.037249  0.058623   1
  1  1  0.938300 -0.372224 -0.053858  0.194819   3
  1  1  0.938300 -0.083741  0.130585  0.336632   6
  1  1  0.938300 -0.055503 -0.104086  0.045653   2
  1  1  0.938300 -0.138833  0.054301  0.615647   6
  1  1  0.938300  0.094060 -0.180368  0.245978   2
  1  1  0.938300 -0.133530  0.041399  0.168254   1
  1  1  0.938300 -0.001488 -0.080595  0.337942   2
  1  1  0.938300  0.147949 -0.213134  0.471208   4
  1  1  0.938300  0.035131 -0.205761 -0.067040   2
  1  1  0.938300 -0.160000 -0.265677  0.257464   2
  1  1  0.938300  0.327842  0.273759  0.081717   4
  1  1  0.938300 -0.037122 -0.354659  0.394228   3
  1  1  0.938300  0.191880  0.239371  0.031932   2
  1  1  0.938300  0.039876 -0.044986  0.324503   3
  1  1  0.938300  0.188202 -0.189441  0.030922   2
  1  1  0.938300 -0.115045  0.144081  0.384632   3
  1  1  0.938300 -0.236182 -0.083109  0.236950   2
  1  1  0.938300 -0.010313  0.042169 -0.030262   1
  1  1  0.938300  0.029859 -0.006606  0.100139   1
  1  1  0.938300  0.148564  0.033959 -0.013326   1
  1  1  0.938300  0.242500 -0.110494  0.327185   5
  1  1  0.938300 -0.179327  0.147736  0.232546   2
  1  1  0.938300  0.119272  0.157953 -0.078123   2
  1  1  0.938300 -0.340010  0.095377  0.482652   5
  1  1  0.938300  0.169011  0.192765 -0.081680   2
  1  1  0.938300 -0.040059 -0.510880 -0.001686   4
  1  1  0.938300 -0.141436  0.039696  0.192447   4
  1  1  0.938300  0.153794 -0.206709  0.049997   1
  1  1  0.938300  0.060308 -0.021815  0.112866   2
  1  1  0.938300  0.094950  0.044611  0.158946   2
  1  1  0.938300  0.086329 -0.308713  0.250869   6
  1  1  0.938300  0.182514  0.201430  0.412483   4
  1  1  0.938300  0.226271 -0.145828  0.689937   5
  1  1  0.938300  0.167654  0.145002  0.246913   3
  1  1  0.938300  0.290417 -0.239666  0.383281   3
  1  1  0.938300 -0.131308  0.131569  0.214953   3
  1  1  0.938300 -0.143661 -0.027472  0.090784   1
  1  1  0.938300  0.063613 -0.032029  0.246078   4
  1  1  0.938300 -0.156176  0.358786  0.205876   2
  1  1  0.938300  0.249803  0.137968  0.452389   2
  1  1  0.938300 -0.192128 -0.184413  0.372109   2
  1  1  0.938300 -0.224635 -0.157343  0.563887   2
  1  1  0.938300  0.002051  0.075395  0.217297   3
  1  1  0.938300 -0.121117 -0.056710  0.044481   1
  1  1  0.938300  0.169052 -0.402274  0.322770   2
  1  1  0.938300 -0.119216 -0.342976 -0.051311   2
  1  1  0.938300  0.186488  0.007610  0.426011   9
  1  1  0.938300  0.040457 -0.105662  0.380435   4
  1  1  0.938300  0.020595  0.072865  0.188489   2
  1  1  0.938300  0.180688 -0.071744 -0.013121   2
  1  1  0.938300  0.072880  0.101640  0.101152   2
  1  1  0.938300 -0.042165 -0.108013  0.238790   2
  1  1  0.938300 -0.179052 -0.100096 -0.133749   3
  1  1  0.938300  0.207530 -0.086313  0.082240   7
  1  1  0.938300  0.127535  0.123124  0.331773   4
  1  1  0.938300  0.350531 -0.106928  0.227298   2
  1  1  0.938300  0.011965 -0.125347  0.032592   3
  1  1  0.938300 -0.113320 -0.399903  0.271442   5
  1  0  0.938300  0.062937 -0.022684  0.223579   1
  1  0  0.938300  0.146292  0.093418  0.760191   2
  1  0  0.938300  0.118003  0.158042  0.009936   2
  1  0  0.938300  0.017410  0.005360  0.001359   1
  1  0  0.938300  0.007333 -0.133230  0.283056   3
  1  0  0.938300  0.528096 -0.049066  0.054229   2
  1  0  0.938300 -0.108364  0.168144  0.026186   1
  1  0  0.938300  0.023923  0.042467 -0.090609   4
  1  0  0.938300  0.262688 -0.067730  0.051154   2
  1  0  0.938300  0.125957 -0.006742  0.051060   2
  1  0  0.938300 -0.313252  0.079907  0.332812   2
  1  0  0.938300  0.190865 -0.198272  0.068470   4
  1  0  0.938300 -0.075109  0.008578  0.238177   2
  1  0  0.938300  0.037495  0.288080  0.247184   2
  1  0  0.938300  0.106811  0.009875 -0.015356   1
  1  0  0.938300  0.016755 -0.170260  0.230051   4
  1  0  0.938300 -0.133621  0.152967 -0.024533   1
  1  0  0.938300 -0.101349  0.093950  0.382006   3
  1  0  0.938300  0.231862  0.110000  0.311004   5
  1  0  0.938300 -0.177457 -0.216341  0.235394   2
  1  0  0.938300 -0.048323 -0.208417  0.062763   1
  1  0  0.938300 -0.204395 -0.040963  0.095361   2
  1  0  0.938300 -0.033540  0.148313  0.394561   2
  1  0  0.938300  0.142452 -0.232924  0.143741   3
  1  0  0.938300 -0.139884 -0.254203  0.131736   6
  1  0  0.938300 -0.155002 -0.261075  0.483545   3
  1  0  0.938300 -0.103625  0.111211  0.073724   1
  1  0  0.938300 -0.555279  0.108434  0.105878   2
  1  0  0.938300 -0.042982  0.013387  0.130272   3
  1  0  0.938300 -0.045278  0.096043 -0.004488   1
  1  0  0.938300  0.025270  0.174415 -0.000253   1
  1  0  0.938300  0.136672  0.140300  0.334081   3
  1  0  0.938300  0.190928 -0.069936  0.105364   1
  1  0  0.938300 -0.033722 -0.044430  0.131130   1
  1  0  0.938300  0.086341 -0.042613  0.462802   5
  1  0  0.938300  0.014234 -0.134018  0.052896   3
  1  0  0.938300 -0.394738  0.064284  0.678496   3
  1  0  0.938300 -0.018258 -0.163320  0.106774   2
  1  0  0.938300 -0.047306 -0.217418  0.086654   1
  1  0  0.938300 -0.021843  0.034620  0.085330   5
  1  0  0.938300  0.000055 -0.104907  0.304027   2
  1  0  0.938300  0.230483  0.015698  0.020714   1
  1  0  0.938300 -0.175118  0.209420  0.621528   3
  1  0  0.938300  0.002187 -0.075863  0.364956   2
  1  0  0.938300  0.000086 -0.019332  0.053798   1
  1  0  0.938300 -0.052950  0.015594  0.289253   3
  1  0  0.938300 -0.043215 -0.128020  0.205728   3
  1  0  0.938300 -0.064420 -0.029542  0.116958   1
  1  0  0.938300 -0.013132  0.095476  0.247358   2
  1  0  0.938300  0.057970 -0.062698  0.222736   5
  1  0  0.938300 -0.091560 -0.159898  0.067145   1
  1  0  0.938300 -0.023222 -0.152935 -0.007468   1
  1  0  0.938300 -0.144527 -0.131103  0.378819   2
  1  0  0.938300 -0.005211  0.055192  0.143089   5
  1  0  0.938300 -0.100356  0.214272  0.262587   3
  1  0  0.938300  0.040979  0.186308  0.180283   3
  1  0  0.938300 -0.018848 -0.138520  0.191222   5
  1  0  0.938300 -0.005204  0.170624  0.087288   3
  1  0  0.938300 -0.001004 -0.067412  0.102463   1
  1  0  0.938300  0.045423  0.231784  0.071141   2
  1  0  0.938300 -0.121164 -0.023979 -0.012660   3
  1  0  0.938300  0.286988  0.222202  0.309997   3
  1  0  0.938300  0.104964  0.157178  0.117546   2
  1  0  0.938300 -0.263773  0.181636  0.326951   4
  1  0  0.938300  0.123140 -0.150257  0.454402   4
  1  0  0.938300 -0.232645 -0.098110  0.190452   4
  1  0  0.938300 -0.145670  0.018368 -0.119162   1
  1  0  0.938300 -0.068476  0.216689  0.370873   3
  1  0  0.938300 -0.090155 -0.132509  0.233115   3
  1  0  0.938300  0.006759  0.111389  0.067417   1
  1  0  0.938300  0.208167  0.067424  0.091830   2
  1  0  0.938300 -0.293910 -0.218991  0.142091   3
  1  0  0.938300  0.012838  0.019830 -0.060511   7
  1  0  0.938300  0.224915  0.079220  0.266571   9
  1  0  0.938300 -0.053829 -0.113464  0.292883   3
  1  0  0.938300 -0.135757  0.114858  0.149324   3
  1  0  0.938300  0.181479 -0.206425  0.023676   1
  1  0  0.938300  0.147469 -0.104629  0.373954   2
  1  0  0.938300 -0.337537 -0.005903  0.122074   2
  1  0  0.938300  0.239028  0.036509  0.390480   3
  1  0  0.938300  0.043061 -0.011567 -0.028720   1
  1  0  0.938300  0.200870  0.198666  0.085130   3
  1  0  0.938300 -0.100754  0.040633  0.009444   1
  1  0  0.938300 -0.229505  0.042895  0.104250   2
  1  0  0.938300  0.188804  0.340918 -0.082812   2
  1  0  0.938300  0.075214 -0.145897  0.221180   3
  1  0  0.938300  0.170033 -0.002393 -0.058208   1
  1  0  0.938300 -0.062613  0.020182  0.308093   2
  1  0  0.938300  0.000352  0.057621  0.029335   1
  1  0  0.938300  0.045122  0.111737  0.144131   2
  1  0  0.938300  0.011051  0.091843 -0.022626   4
  1  0  0.938300 -0.185955 -0.083125 -0.042667   1
  1  1  0.938300  0.326862 -0.055346  0.206177   6
  1  0  0.938300 -0.171346 -0.219573  0.006775   2
  1  0  0.938300  0.046426  0.003196 -0.105654   1
  1  0  0.938300 -0.339750 -0.126253  0.357344   2
  1  0  0.938300 -0.051691 -0.070551  0.023270   1
  1  0  0.938300 -0.053947 -0.046112  0.499138   2
  1  0  0.938300 -0.266868  0.046391  0.314094   6
  1  0  0.938300  0.024103  0.219961  0.182150   2
  1  0  0.938300 -0.113637  0.153329  0.323776   2
  1  0  0.938300 -0.085025  0.127639  0.264372   2
  1  0  0.938300 -0.004500 -0.152476  0.247058   1
  1  0  0.938300 -0.090701 -0.061074  0.538010   3
  1  0  0.938300 -0.056214 -0.013981  0.239065   1
  1  0  0.938300  0.011083 -0.010411 -0.052472   1
  1  0  0.938300 -0.012652  0.111319  0.237087   3
  1  0  0.938300  0.027009  0.012572  0.039384   1
  1  0  0.938300 -0.214272  0.226544  0.459709   3
  1  0  0.938300  0.017938 -0.160680  0.101596   2
  1  0  0.938300  0.442949 -0.003239  0.188956   2
  1  0  0.938300 -0.016128 -0.038445  0.371043   3
  1  0  0.938300  0.120243 -0.018921 -0.072325   1
  1  0  0.938300 -0.079568  0.145996  0.376438   3
  1  0  0.938300  0.055257  0.009837  0.369153   3
  1  0  0.938300  0.160464  0.286829  0.127417   2
  1  0  0.938300  0.218827  0.007940  0.160022   4
  1  0  0.938300 -0.225123  0.037486  0.506023   7
  1  1  0.938300 -0.119669 -0.139019  0.435977  -4
  1  1  0.938300  0.193319 -0.056396  0.250477  -3
  1  1  0.938300  0.023387  0.285930  0.398710  -2
  1  1  0.938300  0.015540  0.128013  0.041815  -2
  1  1  0.938300 -0.135114 -0.031564  0.477848  -1
  1  1  0.938300 -0.194034  0.051965  0.346336  -2
  1  1  0.938300  0.138807 -0.384018  0.241683  -2
  1  1  0.938300  0.096293  0.016142  0.559072  -1
  1  1  0.938300 -0.227024  0.224107  0.038406  -3
  1  1  0.938300  0.088682 -0.130387  0.419120  -4
  1  1  0.938300 -0.226818  0.138232  0.197500  -5
  1  1  0.938300  0.159287  0.103894  0.513565  -3
  1  1  0.938300 -0.315376  0.023086  0.590936  -4
  1  1  0.938300  0.094622 -0.134056  0.638262  -1
  1  1  0.938300  0.083621  0.185213  0.088031  -3
  1  1  0.938300 -0.168040 -0.031412  0.565003  -2
  1  1  0.938300  0.000814  0.226194  0.508100  -3
  1  1  0.938300 -0.174439  0.113090  0.480879  -3
  1  1  0.938300 -0.224719 -0.030106  0.331126  -4
  1  1  0.938300 -0.119320  0.057467  0.393665  -5
  1  1  0.938300 -0.022414 -0.055572  0.056352  -4
  1  1  0.938300  0.034736  0.097296  0.511166  -1
  1  1  0.938300 -0.116176 -0.246554  0.279478  -3
  1  1  0.938300 -0.174113 -0.126111  0.270501  -3
  1  1  0.938300 -0.031453  0.060963  0.478872  -1
  1  1  0.938300 -0.177082 -0.377599  0.308703  -2
  1  1  0.938300  0.014188  0.173087  0.143505  -2
  1  1  0.938300  0.088339 -0.030975  0.622340  -1
  1  1  0.938300 -0.056882 -0.126345  0.385884  -1
  1  1  0.938300 -0.101483  0.037527  0.576644  -1
  1  1  0.938300 -0.039803  0.150023  0.507361  -3
  1  1  0.938300  0.041682  0.177284  0.616857  -3
  1  1  0.938300 -0.117918  0.175654  0.449324  -2
  1  1  0.938300  0.021480  0.019181 -0.218765  -3
  1  1  0.938300  0.272547 -0.076371  0.026366  -4
  1  1  0.938300  0.028602  0.211228  0.400604  -3
  1  1  0.938300  0.295574  0.270806  0.507718  -6
  1  1  0.938300 -0.060091  0.256481  0.425715  -3
  1  1  0.938300 -0.212246  0.048835  0.121658  -3
  1  1  0.938300 -0.120265  0.213026  0.222967  -2
  1  1  0.938300 -0.323174 -0.248619  0.752058  -4
  1  1  0.938300 -0.105980  0.105978  0.565680  -1
  1  1  0.938300 -0.135237 -0.218550  0.047882  -3
  1  1  0.938300 -0.043798  0.026505  0.537037  -1
  1  1  0.938300  0.106605 -0.112539  0.345133  -2
  1  1  0.938300 -0.231025  0.178014  0.392764  -2
  1  1  0.938300 -0.117953  0.066832  0.364113  -2
  1  1  0.938300  0.403037 -0.260731  0.405201  -3
  1  1  0.938300  0.016798  0.060943  0.405169  -2
  1  1  0.938300 -0.278437 -0.073947  0.599305  -2
  1  1  0.938300  0.177173 -0.197736  0.192197  -2
  1  1  0.938300  0.218756 -0.100614  0.614248  -2
  1  0  0.938300  0.277080 -0.183070  0.580635  -5
  1  1  0.938300  0.271336 -0.060252  0.089648  -3
  1  1  0.938300  0.159393 -0.015744  0.230582  -2
  1  1  0.938300 -0.031393  0.153706  0.606350  -4
  1  1  0.938300 -0.112051 -0.163676  0.441757  -2
  1  1  0.938300  0.075362  0.002775  0.571790  -1
  1  1  0.938300  0.098851  0.051455  0.672546  -2
  1  1  0.938300 -0.237754  0.064801  0.384502  -2
  1  1  0.938300 -0.406217 -0.027069  0.562511  -2
  1  1  0.938300  0.094019  0.249645  0.200672  -3
  1  1  0.938300  0.100962 -0.126163  0.588972  -1
  1  1  0.938300 -0.271124  0.240497  0.103068  -4
  1  1  0.938300  0.349889  0.061820  0.069865  -2
  1  1  0.938300 -0.097333 -0.002107  0.539551  -1
  1  1  0.938300 -0.116512  0.094780  0.146235  -2
  1  1  0.938300 -0.058538 -0.233630  0.286608  -2
  1  1  0.938300  0.058527 -0.434265 -0.086937  -2
  1  1  0.938300  0.227094  0.053528  0.323167  -2
  1  1  0.938300  0.207908 -0.070275  0.597783  -1
  1  1  0.938300  0.242630 -0.289801 -0.043674  -2
  1  1  0.938300 -0.167151 -0.014721  0.485652  -1
  1  1  0.938300 -0.010622  0.100884  0.592883  -2
  1  1  0.938300  0.006029  0.174491  0.666611  -1
  1  1  0.938300 -0.031047  0.059268  0.536010  -1
  1  1  0.938300 -0.073264 -0.078048  0.591412  -1
  1  1  0.938300 -0.291524  0.096206  0.335577  -3
  1  1  0.938300 -0.123967  0.086886  0.492053  -2
  1  0  0.938300 -0.051111 -0.047898  0.373788  -2
  1  0  0.938300 -0.184653  0.064636  0.330520  -4
  1  0  0.938300  0.145356 -0.185324  0.219964  -2
  1  0  0.938300  0.004975 -0.081102  0.120908  -2
  1  0  0.938300 -0.231657  0.139099  0.573481  -2
  1  0  0.938300 -0.193102 -0.065963  0.546367  -1
  1  0  0.938300  0.037316  0.069114  0.433238  -3
  1  0  0.938300 -0.240390  0.156548 -0.109198  -8
  1  0  0.938300 -0.163292  0.365565  0.465290  -3
  1  0  0.938300 -0.466818  0.016383  0.255980  -2
  1  0  0.938300 -0.266514  0.126969  0.357925  -3
  1  0  0.938300 -0.194962 -0.020045  0.624915  -1
  1  0  0.938300  0.004412 -0.189672  0.309154  -4
  1  0  0.938300 -0.084395 -0.166032  0.098103  -2
  1  0  0.938300  0.213741 -0.132026  0.349824  -4
  1  0  0.938300  0.301799  0.138512  0.176785  -2
  1  0  0.938300 -0.032484  0.189070  0.654343  -1
  1  0  0.938300 -0.185388  0.243832  0.453525  -3
  1  0  0.938300  0.274485  0.120519  0.239791  -3
  1  0  0.938300 -0.004702 -0.073928  0.347678  -3
  1  0  0.938300  0.023495  0.269510  0.443033  -6
  1  0  0.938300 -0.144652  0.032901  0.326636  -5
  1  0  0.938300 -0.006259  0.112137  0.341773  -3
  1  0  0.938300  0.211028 -0.045833  0.456097  -2
  1  0  0.938300 -0.047370  0.127591  0.527796  -2
  1  0  0.938300 -0.075140 -0.026766 -0.041540  -6
  1  0  0.938300 -0.017477 -0.221535  0.356322  -3
  1  0  0.938300 -0.193348  0.060954  0.504516  -3
  1  0  0.938300  0.444133 -0.445848  0.180463  -3
  1  0  0.938300 -0.195962 -0.035737  0.000196  -4
  1  0  0.938300  0.011969 -0.347587  0.681030  -2
  1  0  0.938300 -0.119165  0.111673 -0.032261  -3
  1  0  0.938300 -0.057051  0.005722  0.622268  -1
  1  0  0.938300 -0.060669 -0.181124  0.303353  -2
  1  0  0.938300 -0.088225  0.145563  0.216206  -3
  1  0  0.938300 -0.223615  0.097822  0.668590  -3
  1  0  0.938300 -0.041809 -0.232544  0.452070  -1
  1  0  0.938300  0.352603 -0.001497  0.170896  -2
  1  0  0.938300  0.123131  0.089835  0.469556  -1
  1  0  0.938300  0.288628 -0.329818  0.469108  -2
  1  0  0.938300  0.145568  0.199185  0.411234  -5
  1  0  0.938300 -0.035680  0.235115  0.147573  -4
  1  0  0.938300 -0.139925 -0.023803  0.361988  -3
  1  0  0.938300  0.280131  0.263283  0.300010  -4
  1  0  0.938300  0.155575 -0.100125  0.478894  -1
  1  0  0.938300  0.299438  0.041142  0.122521  -4
  1  0  0.938300  0.142286  0.071194  0.288511  -3
  1  0  0.938300  0.129603 -0.001939  0.297050  -5
  1  0  0.938300  0.054960  0.018226  0.232415  -3
  1  0  0.938300  0.164260  0.095730  0.141489  -3
  1  0  0.938300 -0.226363  0.062660  0.415719  -1
  1  0  0.938300 -0.130222 -0.017474  0.537045  -2
  1  0  0.938300 -0.020537 -0.074289  0.574861  -1
  1  0  0.938300 -0.325043 -0.182748  0.476530  -7
  1  0  0.938300  0.058392  0.067582  0.714014  -2
  1  0  0.938300  0.106913 -0.118120  0.680564  -1
  1  0  0.938300 -0.079692 -0.289940  0.256424  -4
  1  0  0.938300 -0.290344 -0.137369  0.599439  -2
  1  0  0.938300  0.012608  0.082679  0.352103  -2
  1  0  0.938300 -0.059940  0.091254  0.559974  -6
  1  0  0.938300  0.026086  0.104680  0.163121  -6
  1  0  0.938300  0.015077  0.164235  0.478484  -1
  1  0  0.938300  0.228912  0.201458  0.480840  -2
  1  0  0.938300  0.131216 -0.080353  0.410117  -2
  1  0  0.938300 -0.086452 -0.099569  0.506758  -2
  1  0  0.938300 -0.242313  0.066427  0.319846  -5
  1  0  0.938300  0.003874  0.125975  0.256071  -3
  1  0  0.938300  0.026548  0.073093  0.630003  -1
  1  0  0.938300  0.078211 -0.081971  0.322426  -2
  1  0  0.938300  0.093398 -0.136064  0.214856  -3
  1  0  0.938300 -0.096589 -0.180036  0.460346  -3
  1  0  0.938300  0.313467  0.268745  0.349724  -3
  1  0  0.938300 -0.191581 -0.102183  0.448649  -3
  1  0  0.938300 -0.099057  0.186254  0.357429  -1
  1  0  0.938300 -0.060075 -0.130084  0.225250  -2
  1  0  0.938300  0.110501  0.012590  0.259907  -4
  1  0  0.938300 -0.315553  0.062558  0.331670  -4
  1  0  0.938300 -0.221493 -0.017875  0.378499  -2
  1  0  0.938300  0.124979  0.077987  0.582166  -1
  1  0  0.938300 -0.175226 -0.295849  0.256391  -5
  1  0  0.938300 -0.382209  0.114922  0.193211  -3
  1  0  0.938300 -0.118622  0.151396  0.603024 -10
  1  0  0.938300  0.109535 -0.219546  0.670023  -7
  1  0  0.938300 -0.009176 -0.047628  0.232267  -4
  1  0  0.938300  0.147150  0.158006  0.102481  -3
  1  0  0.938300  0.017932 -0.140397  0.421924  -3
  1  0  0.938300  0.222952 -0.268796  0.326170  -3
  1  0  0.938300  0.038924 -0.072700  0.584686  -7
  1  0  0.938300 -0.007979  0.132027  0.315974  -2
  1  0  0.938300  0.205670 -0.034635  0.175715  -4
  1  0  0.938300  0.191517  0.037446  0.502172  -6
  1  0  0.938300 -0.091029 -0.052529  0.616650  -6
  1  0  0.938300  0.023687 -0.124787  0.508861  -3
  1  0  0.938300  0.039801 -0.104676  0.277141  -9
  1  0  0.938300  0.012210 -0.005075  0.654884  -1
  1  0  0.938300 -0.169616 -0.050498  0.213285  -3
  1  0  0.938300  0.003356 -0.048914  0.521365  -1
  1  0  0.938300  0.020707 -0.050763  0.595594  -1
  1  0  0.938300 -0.060391 -0.161499  0.543562  -1
  1  0  0.938300  0.054981 -0.231703  0.447280  -1
  1  0  0.938300  0.000196  0.286269  0.473944  -2
  1  0  0.938300 -0.167762 -0.029605  0.333985  -1
  1  0  0.938300  0.135458  0.035230  0.394109  -3
  1  0  0.938300 -0.116673  0.032256  0.602336  -2
  1  0  0.938300 -0.434973  0.153146 -0.032468  -3
  1  0  0.938300  0.203520  0.055237  0.187978  -4
  1  0  0.938300 -0.150753  0.006973  0.149201  -3
  1  0  0.938300 -0.055998  0.264847  0.404216  -7
  1  0  0.938300 -0.115779  0.244419  0.403091  -2
  1  0  0.938300  0.193075  0.098335  0.646403  -3
  1  0  0.938300  0.368353 -0.012148  0.410188  -3
  1  0  0.938300 -0.187970  0.084902  0.609652  -1
  1  0  0.938300  0.176154  0.053673  0.060529  -6
  1  0  0.938300  0.312060 -0.163303  0.313908  -2
  1  0  0.938300  0.219616  0.268377  0.341126  -4
  1  0  0.938300  0.260566 -0.233480  0.019621  -2
  1  0  0.938300  0.085259  0.000291  0.487668  -1
  1  0  0.938300 -0.157793 -0.065902  0.140281  -4