  1  1  0.938300  0.327626  0.114228  0.204052   2
  1  1  0.938300 -0.056737 -0.313023  0.285441   3
  1  1  0.938300 -0.144619 -0.119938 -0.003551   1
  1  1  0.938300  0.034056 -0.197644  0.655948   2
  1  1  0.938300 -0.485628  0.014422  0.477433   3
  1  1  0.938300 -0.070250 -0.183138  0.146445   2
  1  1  0.938300 -0.154706  0.111034  0.162431   1
  1  1  0.938300 -0.247012 -0.165166  0.368186   5
  1  1  0.938300 -0.024350 -0.081716  0.076485   1
  1  1  0.938300  0.156604  0.039494  0.029827   1
  1  1  0.938300  0.123700  0.044242  0.264106   2
  1  1  0.938300  0.079605  0.011738 -0.030051   1
  1  1  0.938300 -0.330259 -0.478502  0.445795   3
  1  1  0.938300  0.156411 -0.052915  0.140406   2
  1  1  0.938300  0.335562 -0.344123  0.281792   2
  1  1  0.938300 -0.222415 -0.333852  0.116961   4
  1  1  0.938300 -0.700178 -0.037526  0.072827   3
  1  1  0.938300  0.101318 -0.085993  0.163193   1
  1  1  0.938300  0.093967  0.037557  0.082596   7
  1  1  0.938300  0.077895 -0.011847  0.237927   2
  1  1  0.938300  0.077355  0.093418  0.121440   3
  1  1  0.938300 -0.022318  0.018401  0.257155   5
  1  1  0.938300  0.148433 -0.020595 -0.019473   3
  1  1  0.938300 -0.069540  0.045420 -0.030746   6
  1  1  0.938300  0.229515  0.147501  0.212740   6
  1  1  0.938300 -0.071761  0.171343  0.067752   5
  1  1  0.938300 -0.117219  0.079469  0.558382   6
  1  1  0.938300  0.287587  0.155444  0.174723   2
  1  1  0.938300 -0.391611 -0.010686  0.450681   4
  1  1  0.938300 -0.035815  0.056894 -0.042828   2
  1  1  0.938300  0.020376 -0.120312 -0.104135   2
  1  1  0.938300  0.157648  0.278446  0.352280   2
  1  1  0.938300 -0.104471 -0.028491  0.155504   3
  1  1  0.938300 -0.005277  0.106158  0.180358   3
  1  1  0.938300  0.099775  0.108609  0.212941   6
  1  1  0.938300  0.014754 -0.037723  0.376452   1
  1  1  0.938300  0.109208  0.189564  0.250633   9
  1  1  0.938300 -0.045463 -0.004506  0.120231   2
  1  1  0.938300  0.116164  0.120121  0.238222   3
  1  1  0.938300  0.264639 -0.129537  0.336358   2
  1  1  0.938300  0.026836  0.021344  0.028318   1
  1  1  0.938300 -0.082952  0.031067  0.146296   1
  1  1  0.938300  0.117610 -0.118176 -0.018639   1
  1  1  0.938300  0.028014 -0.201647  0.027619   1
  1  1  0.938300  0.044361  0.132148 -0.038181   5
  1  1  0.938300  0.116342  0.028449  0.202393   1
  1  1  0.938300 -0.050289 -0.073394  0.585110   5
  1  1  0.938300  0.030097  0.249855  0.016731   7
  1  1  0.938300 -0.090357  0.241304  0.229546   3
  1  1  0.938300 -0.149899 -0.071623  0.197780   1
  1  1  0.938300 -0.037250  0.092623  0.340742   2
  1  1  0.938300 -0.073961  0.475206  0.275967   2
  1  1  0.938300  0.228244 -0.192561  0.139040   3
  1  1  0.938300  0.058799 -0.194300  0.191507   2
  1  1  0.938300  0.021115  0.159585  0.192051   1
  1  1  0.938300  0.006085  0.233452  0.172387   2
  1  1  0.938300 -0.259603  0.006687  0.079207   4
  1  1  0.938300 -0.113277 -0.188189 -0.015147   6
  1  1  0.938300 -0.144855 -0.192163 -0.024969   2
  1  1  0.938300  0.536254 -0.283113  0.314444   2
  1  1  0.938300 -0.234668  0.094992  0.031510   3
  1  1  0.938300  0.018670 -0.191622  0.124313   1
  1  1  0.938300  0.106378 -0.193003  0.063647   1
  1  1  0.938300 -0.160533 -0.004859  0.456807   2
  1  1  0.938300  0.012354  0.164223  0.365376   2
  1  1  0.938300 -0.345975 -0.029473  0.047661   3
  1  1  0.938300  0.083518  0.161552  0.035137   2
  1  1  0.938300  0.023984  0.021791 -0.051281   1
  1  1  0.938300  0.308632  0.127519  0.613681   2
  1  1  0.938300 -0.024803 -0.012406  0.169915   1
  1  1  0.938300 -0.120178 -0.580085  0.268568   2
  1  1  0.938300 -0.338157  0.219319  0.442157   4
  1  1  0.938300  0.027186  0.060747  0.007463   1
  1  1  0.938300 -0.007540  0.198172  0.414769   4
  1  1  0.938300 -0.123284 -0.042424  0.292172   3
  1  1  0.938300  0.052642  0.041156 -0.006711   2
  1  1  0.938300  0.216781  0.019840  0.132807   4
  1  1  0.938300  0.350441  0.000799  0.093949   5
  1  1  0.938300 -0.211169  0.010092  0.390249   3
  1  0  0.938300 -0.020430 -0.076369 -0.055785   1
  1  0  0.938300 -0.053697  0.219755  0.343725   6
  1  0  0.938300 -0.118667 -0.255488  0.041942   5
  1  0  0.938300 -0.037683  0.220170  0.185187   3
  1  0  0.938300 -0.005607  0.091769  0.352524   2
  1  0  0.938300 -0.095941  0.055776  0.387233   4
  1  0  0.938300 -0.064804 -0.018605  0.346042   4
  1  0  0.938300 -0.187096  0.139495 -0.050480   1
  1  0  0.938300 -0.209017 -0.092076 -0.026551   2
  1  0  0.938300  0.278452  0.079767  0.123706   2
  1  0  0.938300  0.119003  0.115740  0.236001   2
  1  0  0.938300 -0.079654  0.079582  0.600704   3
  1  0  0.938300  0.166161  0.113856  0.081564   1
  1  0  0.938300 -0.352814  0.263629  0.170118   6
  1  0  0.938300  0.129342  0.042433  0.280303   6
  1  0  0.938300 -0.069095  0.138591  0.134967   3
  1  0  0.938300 -0.269895  0.069412  0.173289   7
  1  0  0.938300 -0.348063 -0.196023 -0.019155   2
  1  0  0.938300  0.060670 -0.295374  0.304986   3
  1  0  0.938300  0.002346 -0.202547  0.014409   3
  1  0  0.938300 -0.096853 -0.109904  0.157398   3
  1  0  0.938300  0.151512  0.097990  0.083065   2
  1  0  0.938300 -0.160791 -0.069157  0.445328   5
  1  0  0.938300 -0.139085 -0.034632  0.218243   1
  1  0  0.938300 -0.182675  0.101242  0.287433   3
  1  0  0.938300  0.043139 -0.024489 -0.015788   1
  1  0  0.938300 -0.061196  0.093257  0.097112   3
  1  0  0.938300 -0.009622 -0.162128  0.210681   4
  1  0  0.938300 -0.096456  0.087632  0.409138   8
  1  0  0.938300  0.288758 -0.066965  0.257467   5
  1  0  0.938300 -0.118287  0.100979 -0.071729   2
  1  0  0.938300  0.003797  0.210765  0.253986   5
  1  0  0.938300  0.145169 -0.020888  0.423911   2
  1  0  0.938300  0.265553 -0.120276  0.238502   4
  1  0  0.938300 -0.024080  0.076524  0.210660   3
  1  0  0.938300  0.034923 -0.066091  0.148180   4
  1  0  0.938300  0.272147 -0.099704  0.080515   4
  1  0  0.938300  0.012148 -0.147258  0.385115   4
  1  0  0.938300  0.295693  0.205587  0.473678   6
  1  0  0.938300 -0.128087 -0.118457 -0.309202   3
  1  0  0.938300  0.052879  0.117371  0.333089   3
  1  0  0.938300  0.009407  0.053641  0.617710   3
  1  0  0.938300 -0.234264 -0.216573  0.438883   3
  1  0  0.938300 -0.122520  0.109471  0.021663   2
  1  0  0.938300 -0.115145  0.323753 -0.040768   2
  1  0  0.938300  0.106644  0.282825  0.020545   4
  1  0  0.938300  0.087012 -0.049419  0.112681   4
  1  0  0.938300  0.077223 -0.079254  0.192320   4
  1  0  0.938300  0.110916  0.271493  0.116035   3
  1  0  0.938300 -0.386435  0.135700  0.456227   4
  1  0  0.938300  0.010834  0.206643  0.062511   2
  1  0  0.938300  0.112776 -0.032223  0.427448   4
  1  0  0.938300 -0.241835 -0.334071  0.042799   2
  1  0  0.938300  0.190844  0.161611  0.317920   5
  1  0  0.938300  0.055146  0.020406  0.199944   4
  1  0  0.938300  0.164459  0.085099  0.297458   2
  1  0  0.938300 -0.024452  0.071376  0.037497   1
  1  0  0.938300  0.104727  0.235431  0.039233   2
  1  0  0.938300  0.035214  0.126717  0.035954   3
  1  0  0.938300  0.182539  0.058659  0.404045   2
  1  0  0.938300  0.000551  0.101007 -0.062750   1
  1  0  0.938300  0.022432  0.184410 -0.084242   6
  1  0  0.938300  0.011968  0.018167  0.127556   3
  1  0  0.938300 -0.129201 -0.296984  0.476360   4
  1  0  0.938300 -0.015071 -0.271871  0.304738   2
  1  0  0.938300  0.085056  0.448672  0.013738   2
  1  0  0.938300  0.094304  0.209501  0.055658   4
  1  0  0.938300 -0.163851 -0.128156  0.152940   3
  1  0  0.938300  0.137367 -0.009312  0.086971   1
  1  0  0.938300 -0.202526  0.039799  0.057744   1
  1  0  0.938300  0.151817 -0.078508  0.427209   3
  1  0  0.938300 -0.014063  0.164864  0.131084   2
  1  0  0.938300  0.333783 -0.106627  0.127562   2
  1  0  0.938300 -0.387686 -0.030974  0.122708   2
  1  0  0.938300 -0.076274  0.179700  0.245707   4
  1  0  0.938300 -0.005280 -0.171409  0.615969   3
  1  0  0.938300  0.063487 -0.168521  0.128106   3
  1  0  0.938300 -0.052992  0.155454  0.348095   2
  1  0  0.938300  0.025077  0.201460  0.140076   1
  1  0  0.938300  0.444454 -0.146001  0.165177   2
  1  0  0.938300  0.332933 -0.014151  0.079551   3
  1  0  0.938300 -0.085230  0.058762  0.180264   1
  1  0  0.938300 -0.063858 -0.038665  0.251005   5
  1  0  0.938300  0.147244  0.035475  0.636077  10
  1  0  0.938300 -0.048784  0.083072  0.146413   2
  1  0  0.938300 -0.234258  0.083791 -0.049296   1
  1  0  0.938300 -0.096866  0.026290 -0.042716   3
  1  0  0.938300  0.013138 -0.031407  0.297971   2
  1  0  0.938300  0.016938 -0.356782  0.160922   4
  1  0  0.938300  0.124174  0.022498 -0.027317   1
  1  0  0.938300  0.313857  0.287839  0.506815   6
  1  0  0.938300  0.031925  0.086979  0.091009   5
  1  0  0.938300  0.031622 -0.110608  0.286747   9
  1  0  0.938300 -0.348966  0.105766 -0.044898   5
  1  0  0.938300  0.151892 -0.118433  0.037879   3
  1  0  0.938300  0.062664 -0.198401  0.329502   3
  1  0  0.938300  0.149340 -0.201821 -0.012977   3
  1  0  0.938300  0.087669 -0.099693  0.311275   2
  1  0  0.938300 -0.242937  0.062646  0.296817   4
  1  0  0.938300 -0.052596  0.122615  0.278577   3
  1  0  0.938300 -0.199210  0.096789  0.350208   3
  1  0  0.938300  0.024463 -0.094313  0.153321   1
  1  0  0.938300  0.452901 -0.137817  0.380549   2
  1  0  0.938300 -0.008201  0.026000  0.185675   2
  1  0  0.938300  0.067756 -0.171585  0.033305   2
  1  0  0.938300 -0.062152  0.066892  0.170137   3
  1  0  0.938300 -0.011244 -0.000960  0.117955   1
  1  0  0.938300 -0.027129 -0.081018  0.165686   2
  1  0  0.938300  0.271608 -0.155471  0.358695   2
  1  0  0.938300 -0.105608  0.319385  0.187316   2
  1  0  0.938300 -0.104253 -0.138671  0.038929   1
  1  0  0.938300 -0.090381  0.117964  0.452770   4
  1  0  0.938300  0.063402 -0.024695 -0.023497   1
  1  0  0.938300 -0.339255 -0.257504  0.044595   2
  1  0  0.938300 -0.204204 -0.000633  0.075678   2
  1  0  0.938300 -0.004435 -0.020908  0.206766   1
  1  0  0.938300 -0.188318  0.029021  0.481995   6
  1  0  0.938300 -0.201047 -0.200237  0.492772   3
  1  1  0.938300  0.240916 -0.543561  0.454839  -2
  1  1  0.938300  0.074349  0.039971  0.177277  -3
  1  1  0.938300 -0.120091  0.014648  0.369223  -4
  1  1  0.938300  0.249370  0.301890 -0.012387  -6
  1  1  0.938300 -0.006810 -0.031091  0.406388  -2
  1  1  0.938300  0.276331 -0.066536  0.380205  -2
  1  1  0.938300 -0.008376  0.340609  0.294050  -2
  1  1  0.938300  0.222902  0.158580  0.427582  -1
  1  1  0.938300  0.278810 -0.259687  0.419831  -2
  1  1  0.938300 -0.098858  0.035728  0.253072  -1
  1  1  0.938300  0.081935 -0.025273  0.188001  -4
  1  1  0.938300  0.024258 -0.137838 -0.018633  -7
  1  1  0.938300 -0.011842 -0.107618  0.423850  -1
  1  1  0.938300  0.016707  0.037895  0.210741  -2
  1  1  0.938300 -0.091573  0.073600  0.598728  -2
  1  1  0.938300  0.375790 -0.022727  0.288133  -2
  1  1  0.938300 -0.234470 -0.096398  0.243973  -5
  1  1  0.938300 -0.070152 -0.268890  0.066345  -4
  1  1  0.938300 -0.115685  0.099948  0.547698  -2
  1  1  0.938300  0.574725  0.063537  0.730670  -3
  1  1  0.938300 -0.114225 -0.155109  0.514648  -2
  1  1  0.938300 -0.020928 -0.033118  0.662518  -4
  1  1  0.938300 -0.192166  0.051105  0.508652  -3
  1  1  0.938300  0.169220 -0.059143  0.502133  -1
  1  1  0.938300 -0.187607 -0.155004  0.388813  -3
  1  1  0.938300  0.036743 -0.035443  0.225433  -2
  1  1  0.938300 -0.037438  0.059340  0.501477  -1
  1  1  0.938300  0.027485 -0.065816  0.115874  -2
  1  1  0.938300 -0.076078 -0.009886  0.486704  -1
  1  1  0.938300  0.033204  0.359406  0.375707  -2
  1  1  0.938300  0.008689  0.060161  0.468408  -2
  1  1  0.938300 -0.118890  0.077132  0.649561  -1
  1  1  0.938300 -0.040120 -0.080362  0.255263  -2
  1  1  0.938300  0.003638  0.039173  0.621424  -4
  1  1  0.938300  0.034544  0.078512  0.273900  -2
  1  1  0.938300  0.132094  0.209537  0.543142  -2
  1  1  0.938300  0.049603  0.328674  0.169381  -8
  1  1  0.938300 -0.077890  0.369223  0.406890  -4
  1  1  0.938300 -0.144938  0.255795  0.567734  -2
  1  1  0.938300  0.054176  0.079366  0.429095  -5
  1  1  0.938300 -0.080830 -0.153745  0.526271  -4
  1  1  0.938300  0.162632  0.199553  0.150775  -4
  1  1  0.938300 -0.054170  0.037820  0.252932  -3
  1  1  0.938300 -0.053782  0.063155  0.475231  -1
  1  1  0.938300 -0.024734 -0.031252  0.235275  -3
  1  1  0.938300 -0.218807 -0.194268  0.469394  -3
  1  1  0.938300  0.013497 -0.123178  0.328800  -6
  1  1  0.938300  0.042345  0.034559  0.600933  -1
  1  1  0.938300 -0.022792 -0.180160  0.614834  -1
  1  1  0.938300  0.067740  0.367278  0.269605  -2
  1  1  0.938300  0.131230  0.170753  0.033630  -5
  1  1  0.938300  0.239920  0.154760  0.221044  -4
  1  1  0.938300  0.067313 -0.096741  0.174403  -3
  1  1  0.938300  0.039371 -0.223060  0.258957  -3
  1  1  0.938300  0.000068 -0.068222  0.234486  -3
  1  1  0.938300  0.148404 -0.134484  0.552586  -1
  1  1  0.938300  0.080436  0.094331  0.400371  -7
  1  1  0.938300 -0.236674  0.013556  0.231632  -4
  1  1  0.938300 -0.096757  0.160717  0.475628  -1
  1  1  0.938300  0.177765  0.151135  0.464924  -6
  1  1  0.938300  0.050844 -0.018907  0.411057  -2
  1  1  0.938300  0.330219  0.132776  0.175069  -3
  1  1  0.938300  0.071628  0.322012  0.317076  -2
  1  1  0.938300 -0.018412 -0.007126  0.205990  -7
  1  1  0.938300  0.111495 -0.197759  0.325353  -6
  1  1  0.938300 -0.102671 -0.102762  0.558215  -1
  1  1  0.938300  0.170963 -0.017827  0.182627  -2
  1  1  0.938300  0.020405 -0.144013  0.333724  -2
  1  1  0.938300 -0.111986  0.091386  0.587869  -1
  1  1  0.938300 -0.141007  0.125904  0.461108  -5
  1  1  0.938300  0.034734  0.055724  0.511370  -1
  1  1  0.938300 -0.089381  0.121662  0.458775  -5
  1  1  0.938300  0.124926  0.043103  0.565566  -2
  1  1  0.938300 -0.080465  0.213405  0.061758  -2
  1  1  0.938300 -0.199013 -0.023589  0.298461  -5
  1  1  0.938300 -0.080482 -0.001643  0.369524  -2
  1  1  0.938300 -0.110522  0.026098  0.521142  -2
  1  1  0.938300  0.023475  0.102915  0.226574  -5
  1  1  0.938300 -0.266293  0.011312  0.541226  -2
  1  0  0.938300  0.117548 -0.161966  0.354987  -1
  1  0  0.938300 -0.165554 -0.397812  0.577255  -2
  1  0  0.938300  0.109290  0.093435  0.246411  -3
  1  0  0.938300 -0.067053 -0.174110  0.273609  -3
  1  0  0.938300 -0.200826  0.145528  0.267769  -2
  1  0  0.938300 -0.050710  0.255660  0.173333  -2
  1  0  0.938300  0.217653 -0.134859 -0.130837  -3
  1  0  0.938300  0.003097 -0.008548 -0.016919  -5
  1  0  0.938300 -0.007335 -0.128660  0.209388  -3
  1  0  0.938300  0.044236 -0.122916  0.401692  -1
  1  0  0.938300 -0.043693  0.074697  0.301504  -2
  1  0  0.938300 -0.058316 -0.131876  0.567334  -4
  1  0  0.938300 -0.226161  0.122113  0.242175  -2
  1  0  0.938300  0.145137  0.319631  0.350418  -5
  1  0  0.938300  0.248290  0.137631  0.696980  -3
  1  0  0.938300 -0.197627 -0.083146  0.283258  -2
  1  0  0.938300 -0.089189  0.150372  0.287626  -2
  1  0  0.938300  0.060281  0.125385  0.593293  -1
  1  0  0.938300 -0.116756  0.142257  0.561896  -2
  1  0  0.938300  0.182265  0.070317  0.260715  -2
  1  0  0.938300  0.151873 -0.037057  0.228574  -2
  1  0  0.938300  0.055429 -0.345396  0.382144  -2
  1  0  0.938300  0.099976 -0.058894  0.479214  -2
  1  0  0.938300  0.220910 -0.152569  0.516024  -2
  1  0  0.938300  0.007372  0.223516  0.585141  -1
  1  0  0.938300 -0.085813  0.003357  0.485074  -1
  1  0  0.938300  0.158347  0.030120  0.262752  -3
  1  0  0.938300  0.294712 -0.192162  0.167550  -2
  1  0  0.938300  0.101887  0.127509  0.376797  -6
  1  0  0.938300 -0.011834  0.238341  0.176966  -3
  1  0  0.938300 -0.141606 -0.185811  0.194146  -2
  1  0  0.938300  0.192127 -0.169589  0.467450  -2
  1  0  0.938300 -0.055757 -0.017541  0.430274  -1
  1  0  0.938300  0.126119 -0.045259  0.468385  -3
  1  0  0.938300  0.160820  0.045634  0.277992  -5
  1  0  0.938300  0.101702 -0.167278  0.547649  -1
  1  0  0.938300 -0.084306 -0.127100  0.140540  -3
  1  0  0.938300 -0.205669 -0.243718  0.102648  -4
  1  0  0.938300 -0.289292 -0.109764  0.338106  -2
  1  0  0.938300 -0.039566  0.164653  0.430890  -1
  1  0  0.938300 -0.107735  0.118591  0.571906  -1
  1  0  0.938300 -0.003695  0.217035  0.258180  -2
  1  0  0.938300 -0.197548 -0.286242  0.164626  -4
  1  0  0.938300  0.206573  0.265038  0.295968  -5
  1  0  0.938300  0.094991  0.097395  0.648180  -1
  1  0  0.938300 -0.124972 -0.171440  0.456121  -2
  1  0  0.938300  0.181331  0.139211  0.326768  -3
  1  0  0.938300  0.166296 -0.169421 -0.106542  -4
  1  0  0.938300 -0.170634  0.064017  0.407850  -1
  1  0  0.938300  0.007590 -0.210133  0.564928  -4
  1  0  0.938300  0.176915 -0.361693  0.395458  -2
  1  0  0.938300 -0.082548 -0.265254  0.478795  -3
  1  0  0.938300  0.225514  0.141568  0.328722  -3
  1  0  0.938300 -0.036410 -0.009779  0.367803  -1
  1  0  0.938300  0.006365  0.038426  0.536237  -1
  1  0  0.938300 -0.174391  0.039840  0.476431  -3
  1  0  0.938300  0.015727  0.138907  0.598908  -1
  1  0  0.938300  0.326096 -0.025580  0.340566  -4
  1  0  0.938300  0.085354 -0.383295  0.535200  -4
  1  0  0.938300  0.122235  0.036957  0.117880  -3
  1  0  0.938300 -0.044062 -0.045060  0.665710  -5
  1  0  0.938300 -0.004098  0.104307  0.571779  -3
  1  0  0.938300  0.049447 -0.002991  0.492965  -1
  1  0  0.938300 -0.061952 -0.026060  0.636545  -4
  1  0  0.938300 -0.297385  0.061797  0.418776  -2
  1  0  0.938300 -0.119773  0.138687  0.106956  -5
  1  0  0.938300  0.048090  0.084754  0.510488  -1
  1  0  0.938300 -0.214318 -0.011278  0.461029  -3
  1  0  0.938300 -0.142957 -0.157355  0.361508  -2
  1  0  0.938300 -0.025452 -0.099050  0.262899  -3
  1  0  0.938300 -0.009822  0.082450  0.463690  -1
  1  0  0.938300  0.072352  0.095155  0.574020  -2
  1  0  0.938300 -0.030457  0.141935  0.406263  -3
  1  0  0.938300  0.389263 -0.029909  0.389248  -2
  1  0  0.938300 -0.201886  0.218098  0.261948  -5
  1  0  0.938300 -0.022767  0.049444  0.232289  -6
  1  0  0.938300  0.038015  0.205316  0.703745  -4
  1  0  0.938300 -0.067736  0.160740  0.274509  -4
  1  0  0.938300  0.012451  0.052156  0.298739  -4
  1  0  0.938300  0.052635  0.399093  0.191636  -2
  1  0  0.938300  0.262955 -0.126932  0.536841  -3
  1  0  0.938300 -0.082003 -0.113863  0.074947  -2
  1  0  0.938300  0.132628 -0.116715  0.332788  -9
  1  0  0.938300 -0.129058 -0.352432  0.465052  -4
  1  0  0.938300 -0.297068  0.099380  0.465353  -4
  1  0  0.938300  0.005531  0.000995  0.034691  -2
  1  0  0.938300  0.091376 -0.177709 -0.009929  -4
  1  0  0.938300  0.076062  0.028113  0.469464  -1
  1  0  0.938300 -0.067319  0.245409  0.126150  -7
  1  0  0.938300  0.038108  0.341675  0.670523  -4
  1  0  0.938300 -0.135626  0.045779  0.483195  -1
  1  0  0.938300 -0.195411 -0.102799  0.279205  -4
  1  0  0.938300 -0.099850  0.229848  0.387738  -2
  1  0  0.938300 -0.135616 -0.108721  0.316003  -3
  1  0  0.938300  0.124636 -0.064828  0.329195  -2
  1  0  0.938300  0.113880  0.083788  0.519526  -4
  1  0  0.938300  0.074081  0.100570  0.469844  -2
  1  0  0.938300  0.128928 -0.152657  0.430300  -8
  1  0  0.938300 -0.113255  0.057120  0.246822  -3
  1  0  0.938300  0.145697  0.027729  0.365382  -1
  1  0  0.938300  0.394205 -0.068922 -0.082628  -6
  1  0  0.938300  0.027229  0.173679  0.254014  -3
  1  0  0.938300  0.138356  0.265876  0.386936  -2
  1  0  0.938300 -0.064873 -0.171771  0.397296 -14
  1  0  0.938300 -0.285925  0.110616  0.300198  -3
  1  0  0.938300 -0.023178 -0.035599  0.331477  -3
  1  0  0.938300 -0.139290  0.036946  0.361891  -2
  1  0  0.938300 -0.255566 -0.101768  0.244083  -2
  1  0  0.938300 -0.009315 -0.265644  0.548847  -3
  1  0  0.938300 -0.225748 -0.134009  0.449021  -2
  1  0  0.938300  0.080405  0.165416  0.111297  -3
  1  0  0.938300  0.270467  0.157310  0.350138  -3
  1  0  0.938300 -0.184548  0.112213  0.472704  -1
  1  0  0.938300 -0.220165 -0.229659  0.264192  -2
  1  0  0.938300  0.021577  0.058413  0.546648  -2
  1  0  0.938300 -0.319701 -0.018206  0.516177  -4
  1  0  0.938300 -0.007914  0.067129  0.251217  -2
  1  0  0.938300  0.080273 -0.065841  0.244797  -5