  1  1  0.938300  0.008986  0.294774  0.334534   3
  1  1  0.938300  0.005964 -0.361052  0.174226   3
  1  1  0.938300 -0.073169 -0.187525  0.290328   4
  1  1  0.938300 -0.009393  0.719217 -0.166626   3
  1  1  0.938300 -0.029642 -0.082386 -0.060403   1
  1  1  0.938300  0.122639 -0.069502  0.150939   1
  1  1  0.938300  0.153275 -0.302315  0.524290   3
  1  1  0.938300 -0.018155 -0.287636  0.157190   3
  1  1  0.938300 -0.065033  0.105809  0.134513   1
  1  1  0.938300  0.158673 -0.339364  0.567046   2
  1  1  0.938300 -0.031389 -0.209561  0.129022   3
  1  1  0.938300  0.066571  0.304208  0.509535   3
  1  1  0.938300 -0.058580 -0.397969  0.522088   3
  1  1  0.938300  0.517181 -0.142044  0.787075   5
  1  1  0.938300  0.069900  0.004031  0.178072   1
  1  1  0.938300 -0.129992  0.051014  0.234530   2
  1  1  0.938300 -0.162053 -0.133972  0.131847   1
  1  1  0.938300  0.002174 -0.110951  0.257338   2
  1  1  0.938300  0.087809 -0.118379 -0.065529   5
  1  1  0.938300 -0.109438  0.059586  0.355100   4
  1  1  0.938300 -0.052875  0.226791  0.284655   3
  1  1  0.938300 -0.028432 -0.107811  0.038088   4
  1  1  0.938300  0.106544  0.305571  0.414052   2
  1  1  0.938300 -0.034995  0.218600  0.621014   4
  1  1  0.938300 -0.237561 -0.057049  0.393936   2
  1  1  0.938300  0.109870 -0.133800  0.084293   1
  1  1  0.938300 -0.304572 -0.144970  0.244549   2
  1  1  0.938300  0.080306  0.118010  0.398762   4
  1  1  0.938300 -0.184408 -0.076661  0.100500   5
  1  1  0.938300  0.189590 -0.074639  0.176808   2
  1  1  0.938300  0.229602 -0.029375 -0.009229   3
  1  1  0.938300 -0.110528  0.037063  0.094081  10
  1  1  0.938300 -0.319748  0.110918  0.201065   2
  1  1  0.938300 -0.124587 -0.075762  0.032983   1
  1  1  0.938300 -0.148629 -0.180232 -0.013735   3
  1  1  0.938300  0.046411 -0.183788  0.113597   1
  1  1  0.938300  0.330608 -0.052674 -0.183741   3
  1  1  0.938300 -0.021448  0.016609  0.309067   1
  1  1  0.938300 -0.158230 -0.056635  0.279740   4
  1  1  0.938300 -0.412745 -0.116960  0.519467   4
  1  1  0.938300  0.167155  0.209213  0.131074   4
  1  1  0.938300 -0.173957  0.065197  0.154424   2
  1  1  0.938300 -0.159433  0.127401  0.211934   4
  1  1  0.938300  0.160341  0.180220  0.078167   2
  1  1  0.938300 -0.117866  0.142685  0.198386   1
  1  1  0.938300 -0.060590  0.142368  0.078050   2
  1  1  0.938300 -0.096399 -0.063777  0.060635   1
  1  1  0.938300  0.021823 -0.171071  0.044759   1
  1  1  0.938300 -0.007563  0.026517  0.003116   1
  1  1  0.938300  0.110835  0.190254  0.010021   2
  1  1  0.938300  0.001036  0.331368  0.330737   6
  1  1  0.938300 -0.193591 -0.256240  0.227258   2
  1  1  0.938300  0.088695  0.140651  0.226641   5
  1  1  0.938300 -0.051717  0.094651  0.253956   4
  1  1  0.938300 -0.267285  0.289057  0.598650   5
  1  1  0.938300 -0.111029 -0.394978  0.449968   5
  1  1  0.938300  0.021574 -0.068473  0.505264   4
  1  1  0.938300 -0.168241 -0.069838  0.383463   5
  1  1  0.938300  0.078909 -0.029605  0.067334   1
  1  1  0.938300 -0.079117 -0.246097  0.089994   3
  1  1  0.938300  0.059557  0.178917 -0.025425   1
  1  1  0.938300 -0.110988  0.087761 -0.000245   1
  1  1  0.938300  0.039038  0.006581 -0.026953   1
  1  1  0.938300  0.091441  0.107731  0.064028   1
  1  1  0.938300  0.183730  0.257446  0.366601   2
  1  1  0.938300 -0.142948  0.358012  0.315881   2
  1  1  0.938300  0.022328  0.077162  0.170290   3
  1  1  0.938300  0.024556  0.010773  0.109274   1
  1  1  0.938300 -0.098360 -0.031309  0.032485   1
  1  1  0.938300 -0.354046 -0.011480  0.108043   2
  1  1  0.938300 -0.186841  0.233667  0.298203   5
  1  1  0.938300 -0.005757  0.246287  0.415343   4
  1  1  0.938300 -0.008725 -0.072766  0.065139   1
  1  1  0.938300  0.390983 -0.207173  0.286289   6
  1  1  0.938300  0.073121  0.285840  0.229858   2
  1  1  0.938300 -0.171456 -0.113778  0.270473   2
  1  1  0.938300  0.015154  0.019347  0.191526   4
  1  1  0.938300  0.101223 -0.090370  0.167977   3
  1  1  0.938300  0.307585  0.025185  0.097832   2
  1  0  0.938300 -0.072354 -0.130767  0.316989   3
  1  0  0.938300 -0.134668 -0.022376  0.186001   2
  1  0  0.938300  0.343003 -0.119569  0.161459   2
  1  0  0.938300  0.065460  0.263028 -0.007521   1
  1  0  0.938300 -0.301461 -0.086313  0.025918   3
  1  0  0.938300  0.326062  0.044774  0.643014   3
  1  0  0.938300 -0.050252 -0.216995  0.386285   4
  1  0  0.938300  0.081584  0.234006  0.095661   7
  1  0  0.938300 -0.114699 -0.054547 -0.078299   1
  1  0  0.938300 -0.130465  0.081841  0.210849   2
  1  0  0.938300  0.301178 -0.045929  0.214168   3
  1  0  0.938300 -0.264821  0.001510  0.386061   3
  1  0  0.938300 -0.063914 -0.066434  0.061492   1
  1  0  0.938300 -0.034428 -0.179793  0.119341   5
  1  0  0.938300 -0.073917  0.040543  0.416636   3
  1  0  0.938300  0.090468 -0.189929  0.221984   2
  1  0  0.938300  0.187666  0.226568 -0.072669   3
  1  0  0.938300  0.119226  0.062158  0.324729   4
  1  0  0.938300  0.000033  0.080404  0.131192   1
  1  0  0.938300 -0.049103  0.198019  0.180503   4
  1  0  0.938300  0.022183  0.048141 -0.001454   4
  1  0  0.938300 -0.140272 -0.199120  0.326528   5
  1  0  0.938300 -0.188542  0.189311  0.502453   5
  1  0  0.938300 -0.145181  0.133692  0.369284   5
  1  0  0.938300 -0.095736  0.107079  0.315155   3
  1  0  0.938300 -0.143065 -0.453329  0.446895   5
  1  0  0.938300 -0.305974 -0.001224  0.156651   6
  1  0  0.938300 -0.067954  0.217513  0.383819   2
  1  0  0.938300  0.482677  0.130729  0.606946   3
  1  0  0.938300  0.124817  0.256432  0.691834   3
  1  0  0.938300 -0.282678  0.057787  0.376458   4
  1  0  0.938300 -0.067173  0.077663 -0.105825   1
  1  0  0.938300 -0.051727  0.104826  0.367048   4
  1  0  0.938300  0.010121 -0.201780  0.333041   3
  1  0  0.938300 -0.070677  0.213208  0.084590   3
  1  0  0.938300 -0.186716  0.069599  0.589093   5
  1  0  0.938300  0.342494 -0.319615  0.207442   4
  1  0  0.938300  0.002479 -0.449819  0.334351   3
  1  0  0.938300  0.290863  0.039334  0.193153   2
  1  0  0.938300  0.037124 -0.017364  0.145375   1
  1  0  0.938300 -0.038888 -0.072148 -0.039804   2
  1  0  0.938300  0.091430 -0.115831  0.043504   2
  1  0  0.938300  0.089680 -0.131392  0.269228   3
  1  0  0.938300 -0.029618 -0.204741  0.030371   2
  1  0  0.938300 -0.228183  0.068070  0.108086   1
  1  0  0.938300 -0.190140 -0.048566 -0.087235   2
  1  0  0.938300  0.134420  0.124675  0.090646   1
  1  0  0.938300 -0.215254 -0.066745  0.501076   5
  1  0  0.938300  0.260396  0.160396  0.036523   4
  1  0  0.938300 -0.148587  0.010151 -0.100731   2
  1  0  0.938300 -0.087123  0.076244 -0.048467   4
  1  0  0.938300  0.019210  0.285736  0.421303   7
  1  0  0.938300  0.254413  0.015367  0.447184   4
  1  0  0.938300  0.025622 -0.082833  0.128004   9
  1  0  0.938300  0.077901  0.207881  0.276807   3
  1  0  0.938300 -0.082922 -0.060879  0.023829   1
  1  0  0.938300 -0.034213 -0.076062  0.351978   4
  1  0  0.938300  0.204317 -0.004791  0.309179   3
  1  0  0.938300 -0.080905  0.181460  0.051429   1
  1  0  0.938300  0.254345 -0.173780  0.510064   2
  1  0  0.938300  0.014312 -0.119902  0.318311   9
  1  0  0.938300 -0.230572  0.239428  0.251533   3
  1  0  0.938300  0.066286  0.048057  0.070424   2
  1  0  0.938300  0.009061  0.137716  0.226532   3
  1  0  0.938300  0.241035  0.013709  0.048255   6
  1  0  0.938300 -0.171971  0.081696  0.513006   6
  1  0  0.938300  0.274158 -0.389642  0.093525   2
  1  0  0.938300 -0.038319  0.047061  0.184754   5
  1  0  0.938300  0.028082 -0.108706  0.258131   3
  1  0  0.938300  0.103168 -0.215088  0.247973   4
  1  0  0.938300 -0.063700 -0.210183  0.511285   4
  1  0  0.938300  0.054517 -0.012632 -0.067583   2
  1  0  0.938300  0.185785  0.201024  0.222098   2
  1  0  0.938300  0.238833  0.153706  0.353473   4
  1  0  0.938300  0.242433  0.055720  0.200432   4
  1  0  0.938300  0.051168 -0.108212  0.346705   5
  1  0  0.938300  0.380474  0.065618  0.177522   2
  1  0  0.938300  0.042245 -0.041727  0.329127   5
  1  0  0.938300  0.360209  0.349848  0.032555   6
  1  0  0.938300  0.070356  0.123405 -0.091826   1
  1  0  0.938300 -0.194921 -0.109386  0.293832   2
  1  0  0.938300  0.010639 -0.222450  0.263721   2
  1  0  0.938300  0.197421  0.033510  0.202513   3
  1  0  0.938300 -0.113864  0.097966  0.431055   5
  1  0  0.938300 -0.060922  0.036796 -0.045250   1
  1  0  0.938300 -0.135828 -0.040044  0.180271   1
  1  0  0.938300  0.282263  0.116774  0.257150   8
  1  0  0.938300  0.274127 -0.145204  0.023028   3
  1  0  0.938300 -0.175077  0.058513  0.174696   3
  1  0  0.938300 -0.025961  0.063361 -0.044793   1
  1  0  0.938300 -0.227515  0.062725  0.252760   3
  1  0  0.938300  0.024094  0.041635  0.344848   4
  1  0  0.938300 -0.159275 -0.196865  0.139388   5
  1  0  0.938300 -0.074530  0.046724  0.158600   2
  1  0  0.938300  0.094375  0.081734  0.138996   2
  1  0  0.938300 -0.129461  0.334893  0.540620   8
  1  0  0.938300 -0.022975  0.085387  0.153017   2
  1  0  0.938300 -0.199665  0.010027 -0.093874   2
  1  0  0.938300  0.025955 -0.085415 -0.020284   2
  1  0  0.938300  0.029438  0.114168  0.037928   2
  1  0  0.938300  0.206069  0.052177  0.039629   1
  1  0  0.938300  0.047893  0.226718 -0.092511   1
  1  0  0.938300 -0.109727  0.178871  0.354512   6
  1  0  0.938300  0.088949  0.077004  0.066245   1
  1  0  0.938300 -0.255450  0.089283  0.312441   5
  1  0  0.938300 -0.116685 -0.436221  0.487479   7
  1  0  0.938300 -0.070176 -0.190931  0.061249   2
  1  0  0.938300 -0.009111  0.095109  0.080384   5
  1  0  0.938300 -0.048392 -0.126809  0.357894   5
  1  0  0.938300  0.088032 -0.043406  0.246952   3
  1  0  0.938300  0.068805 -0.100885  0.179428   7
  1  0  0.938300 -0.186939 -0.145420  0.303593   4
  1  0  0.938300  0.195710 -0.014556  0.085687   4
  1  0  0.938300 -0.076826  0.081994 -0.044695   1
  1  0  0.938300  0.144585  0.105679  0.205312   4
  1  0  0.938300  0.168738 -0.068413  0.089527   1
  1  0  0.938300 -0.137530  0.284844  0.142351   2
  1  0  0.938300  0.241336 -0.140348  0.428782   4
  1  1  0.938300 -0.022295 -0.052979  0.217995  -2
  1  1  0.938300  0.082983  0.347688  0.069964  -5
  1  1  0.938300 -0.015326 -0.419719  0.301495  -4
  1  1  0.938300 -0.051241  0.162439  0.067183  -5
  1  1  0.938300 -0.485210 -0.005833  0.218502  -2
  1  1  0.938300 -0.057750  0.303132  0.292244  -3
  1  1  0.938300 -0.024883  0.110493  0.520754  -9
  1  1  0.938300 -0.159614  0.297781  0.229784  -2
  1  1  0.938300  0.031801 -0.028715  0.334268  -1
  1  1  0.938300 -0.006690  0.061362  0.372370  -6
  1  1  0.938300  0.139036  0.130762  0.536743  -2
  1  1  0.938300  0.056973  0.073266  0.499485  -1
  1  1  0.938300 -0.268510 -0.354761  0.456839  -8
  1  1  0.938300  0.171393 -0.055252  0.355224  -6
  1  1  0.938300  0.048454  0.054547  0.170855  -1
  1  1  0.938300  0.138405  0.110076  0.434527  -1
  1  1  0.938300 -0.129586  0.041097  0.234007  -2
  1  1  0.938300 -0.008579 -0.291518  0.290317  -6
  1  1  0.938300  0.349733 -0.146905  0.370145  -5
  1  1  0.938300  0.472346  0.337493  0.149711  -4
  1  1  0.938300 -0.203928  0.106973  0.449280  -5
  1  1  0.938300  0.166931 -0.036085  0.404213  -1
  1  1  0.938300  0.154863  0.018441  0.046963  -2
  1  1  0.938300  0.029044 -0.129610 -0.014264  -6
  1  1  0.938300 -0.258162  0.048473  0.304908  -5
  1  1  0.938300 -0.112670 -0.148896  0.352411  -2
  1  1  0.938300  0.073687 -0.003000  0.294426  -9
  1  1  0.938300 -0.046538  0.073415  0.318999  -3
  1  1  0.938300  0.048511  0.164890  0.086722  -3
  1  1  0.938300 -0.139319 -0.141657  0.559843  -2
  1  1  0.938300 -0.016336 -0.139230  0.595175  -2
  1  1  0.938300 -0.040275 -0.049635  0.289470  -3
  1  1  0.938300  0.016421 -0.051072  0.356939  -5
  1  1  0.938300  0.092289  0.029057  0.523726  -1
  1  1  0.938300  0.017404 -0.223749  0.374170  -6
  1  1  0.938300 -0.297270  0.317006  0.273561  -5
  1  1  0.938300  0.128397 -0.145371  0.535451  -1
  1  1  0.938300 -0.062272  0.047213  0.092964  -4
  1  1  0.938300 -0.103919  0.062415  0.554178  -1
  1  1  0.938300  0.294173  0.274251  0.378689  -2
  1  1  0.938300  0.349252 -0.165167  0.276279 -12
  1  1  0.938300  0.106860  0.356081  0.498063  -4
  1  1  0.938300  0.076268 -0.002090  0.535271  -1
  1  1  0.938300 -0.460712 -0.128933  0.212707  -3
  1  1  0.938300 -0.056447 -0.080972  0.234900  -3
  1  1  0.938300 -0.198672  0.118088  0.447634  -4
  1  1  0.938300 -0.140478  0.019986  0.431198  -5
  1  1  0.938300 -0.094848 -0.042048  0.474222  -3
  1  1  0.938300  0.038262 -0.414466  0.407979  -4
  1  1  0.938300  0.156543 -0.240765  0.387032  -4
  1  1  0.938300  0.222618  0.019414  0.622246  -2
  1  1  0.938300  0.170697 -0.188745  0.573424  -2
  1  1  0.938300  0.079308 -0.222173  0.362256  -2
  1  1  0.938300 -0.068089 -0.124526  0.137974  -3
  1  1  0.938300 -0.065013 -0.043794  0.399782  -1
  1  1  0.938300  0.162454  0.036286  0.077951  -7
  1  1  0.938300  0.174636 -0.101484  0.589692  -3
  1  1  0.938300  0.189167 -0.041915  0.150011  -4
  1  1  0.938300 -0.036495  0.007756  0.199599  -2
  1  1  0.938300  0.029125 -0.190189  0.312308  -2
  1  1  0.938300  0.025853 -0.264532  0.312045  -3
  1  1  0.938300  0.049845 -0.019230  0.604357  -1
  1  1  0.938300 -0.095311 -0.065268  0.342903  -4
  1  1  0.938300  0.094243 -0.022408  0.226692  -3
  1  1  0.938300  0.535230  0.385770  0.358929  -3
  1  1  0.938300 -0.242717 -0.118955  0.356899  -7
  1  1  0.938300 -0.019394 -0.076899  0.379198  -1
  1  1  0.938300  0.017454 -0.038710  0.239511  -3
  1  1  0.938300  0.313866  0.205655  0.489751 -14
  1  1  0.938300  0.056286  0.026809  0.364521  -6
  1  1  0.938300 -0.085566  0.039508  0.400692  -3
  1  1  0.938300 -0.391468  0.005815  0.265091  -2
  1  1  0.938300 -0.129550 -0.127122  0.184279  -4
  1  1  0.938300  0.382667 -0.002323  0.295429  -2
  1  1  0.938300 -0.094500  0.142867  0.246182  -2
  1  1  0.938300  0.231681  0.035148  0.250118  -3
  1  1  0.938300  0.237606  0.256587  0.072895  -4
  1  1  0.938300 -0.300532  0.079686  0.431828  -5
  1  1  0.938300 -0.166146 -0.271387  0.239673  -2
  1  0  0.938300 -0.253591  0.295983  0.043330  -6
  1  0  0.938300  0.085926  0.168666  0.396998  -2
  1  0  0.938300  0.076255 -0.066074  0.133526  -5
  1  0  0.938300  0.076490  0.009001  0.459013  -4
  1  0  0.938300 -0.237904  0.260740  0.278581  -5
  1  0  0.938300  0.139826 -0.150022  0.592826  -3
  1  0  0.938300  0.085831  0.033612  0.288338  -4
  1  0  0.938300 -0.003775 -0.141008  0.298194  -4
  1  0  0.938300  0.180049 -0.008127  0.662980  -1
  1  0  0.938300  0.028169  0.041743 -0.131118  -6
  1  0  0.938300 -0.108561  0.005669  0.474776  -1
  1  0  0.938300  0.065322  0.030594  0.575793  -1
  1  0  0.938300 -0.068844 -0.336229  0.455752  -3
  1  0  0.938300 -0.081643  0.226297  0.501895  -5
  1  0  0.938300 -0.102648  0.175035  0.364905  -6
  1  0  0.938300 -0.029209 -0.043506  0.602478  -1
  1  0  0.938300  0.015251 -0.304352  0.545360  -3
  1  0  0.938300 -0.019554  0.216456  0.297661  -4
  1  0  0.938300 -0.507161  0.001236  0.216393  -5
  1  0  0.938300  0.087303 -0.020165  0.228939  -2
  1  0  0.938300 -0.028724  0.066499  0.490073  -9
  1  0  0.938300 -0.077812 -0.344362  0.094534  -3
  1  0  0.938300  0.047594  0.002349  0.384022  -6
  1  0  0.938300 -0.134461 -0.062940  0.463317  -1
  1  0  0.938300 -0.211750 -0.120662  0.554159  -4
  1  0  0.938300 -0.098395 -0.019490 -0.165837  -3
  1  0  0.938300  0.054826 -0.176539 -0.109946  -6
  1  0  0.938300 -0.064958 -0.131013  0.224327  -3
  1  0  0.938300  0.111933 -0.122353  0.598458  -1
  1  0  0.938300  0.075779  0.058578  0.715192  -3
  1  0  0.938300  0.421100  0.061672  0.381185  -5
  1  0  0.938300 -0.185466 -0.014994  0.081271  -6
  1  0  0.938300  0.095723  0.075600  0.354085  -3
  1  0  0.938300  0.169620 -0.103589  0.327066  -1
  1  0  0.938300  0.270844 -0.238681  0.462525  -4
  1  0  0.938300  0.025481 -0.078816  0.278363  -4
  1  0  0.938300 -0.070451  0.277149  0.278828  -3
  1  0  0.938300  0.165876 -0.033924  0.170956  -5
  1  0  0.938300  0.230179  0.030725  0.544873  -2
  1  0  0.938300  0.055298  0.000980  0.391792  -2
  1  0  0.938300 -0.119940  0.114228  0.446562  -1
  1  0  0.938300 -0.196285 -0.330758  0.381417  -2
  1  0  0.938300  0.125044  0.197151  0.102148  -6
  1  0  0.938300 -0.052885 -0.060597  0.519290  -1
  1  0  0.938300  0.407406 -0.022941 -0.007980  -6
  1  0  0.938300 -0.290231  0.102183  0.650515  -4
  1  0  0.938300  0.082686 -0.033004  0.655968  -1
  1  0  0.938300  0.073825  0.064335  0.481010  -2
  1  0  0.938300 -0.021037 -0.180519  0.441264  -2
  1  0  0.938300 -0.051691  0.072418  0.420021  -2
  1  0  0.938300 -0.301981  0.001941  0.219155  -2
  1  0  0.938300 -0.215689  0.087117  0.085653  -3
  1  0  0.938300 -0.076791  0.398399  0.168248  -3
  1  0  0.938300  0.061334 -0.238646  0.046117  -5
  1  0  0.938300 -0.192984  0.309267  0.492250  -4
  1  0  0.938300 -0.373383  0.328790  0.329305  -5
  1  0  0.938300  0.108654 -0.145569  0.719794  -2
  1  0  0.938300 -0.337562  0.090804  0.111940  -2
  1  0  0.938300 -0.017547  0.224690  0.212888  -4
  1  0  0.938300  0.216492 -0.066822  0.312147  -3
  1  0  0.938300  0.076819 -0.026828  0.285677  -3
  1  0  0.938300 -0.047960  0.321664  0.421333  -2
  1  0  0.938300 -0.264971 -0.153718  0.326280  -3
  1  0  0.938300 -0.157596 -0.087416  0.263070  -6
  1  0  0.938300 -0.040970 -0.103340  0.504800  -1
  1  0  0.938300  0.014832  0.024520  0.603738  -2
  1  0  0.938300 -0.227909 -0.004449  0.566633  -1
  1  0  0.938300  0.101449  0.005358  0.077269  -4
  1  0  0.938300  0.159511  0.289294  0.353567  -2
  1  0  0.938300 -0.118383 -0.037609  0.712925  -2
  1  0  0.938300  0.110326  0.556090  0.337724  -3
  1  0  0.938300  0.299706 -0.277317  0.405868  -4
  1  0  0.938300 -0.134770  0.170770  0.638769  -2
  1  0  0.938300 -0.119630  0.247556  0.555217  -3
  1  0  0.938300 -0.214207  0.225656  0.229564  -2
  1  0  0.938300 -0.144044 -0.048252  0.374801  -5
  1  0  0.938300 -0.014561  0.050139  0.692056  -1
  1  0  0.938300  0.179079 -0.245924  0.334770  -5
  1  0  0.938300 -0.215016 -0.127555  0.582457  -1
  1  0  0.938300  0.525266 -0.082907  0.686079  -3
  1  0  0.938300 -0.217388 -0.060778  0.523390  -1
  1  0  0.938300 -0.208745  0.296524  0.343388  -4
  1  0  0.938300  0.288292  0.239536  0.487621  -3
  1  0  0.938300  0.000766  0.185789 -0.099237  -2
  1  0  0.938300  0.443803 -0.278959  0.394229  -4
  1  0  0.938300  0.140729 -0.008517  0.392760  -1
  1  0  0.938300 -0.323275 -0.202381  0.141624  -4
  1  0  0.938300  0.191716 -0.169466  0.414704  -2
  1  0  0.938300 -0.017072  0.194843  0.613140  -1
  1  0  0.938300  0.256472 -0.109948  0.115932  -4
  1  0  0.938300  0.188409 -0.124161  0.122153  -6
  1  0  0.938300  0.126432  0.211001  0.323538  -2
  1  0  0.938300  0.013848  0.128315  0.478768  -1
  1  0  0.938300  0.160384  0.040860  0.318193  -5
  1  0  0.938300 -0.011418 -0.198950  0.171915  -2
  1  0  0.938300  0.094201  0.066711  0.210083  -3
  1  0  0.938300 -0.003396  0.025762  0.307896  -3
  1  0  0.938300 -0.052543  0.291595  0.369130  -4
  1  0  0.938300  0.143321  0.179167  0.806909  -3
  1  0  0.938300 -0.221414  0.279279 -0.012008  -3
  1  0  0.938300  0.044532  0.005948  0.372938  -4
  1  0  0.938300  0.144985  0.198612  0.260091  -3
  1  0  0.938300  0.084136  0.082418  0.320441  -4
  1  0  0.938300  0.266159 -0.244372  0.343683  -3
  1  0  0.938300 -0.293838 -0.111703  0.113932  -2
  1  0  0.938300  0.053941  0.037846  0.132624  -6
  1  0  0.938300 -0.178579  0.190716  0.173548  -2
  1  0  0.938300 -0.029300  0.111509  0.265360  -3
  1  0  0.938300  0.085037  0.101377  0.357543  -5
  1  0  0.938300 -0.072843  0.253325  0.368858  -2
  1  0  0.938300  0.356888  0.043858  0.343938  -4
  1  0  0.938300 -0.070406 -0.418561  0.139143  -4
  1  0  0.938300  0.002043  0.167076  0.425097  -2
  1  0  0.938300 -0.020690 -0.028192  0.187757  -3
  1  0  0.938300 -0.168565  0.049020  0.266406  -2
  1  0  0.938300  0.063774  0.075947  0.257635  -3
  1  0  0.938300  0.308665  0.118313  0.266206  -5
  1  0  0.938300 -0.050284  0.060638  0.148079  -3