  1  1  0.938300 -0.153013  0.055299  0.284679   3
  1  1  0.938300  0.114976 -0.127347  0.528365  10
  1  1  0.938300  0.304931  0.160709  0.036013   4
  1  1  0.938300 -0.004376 -0.198148  0.404135   4
  1  1  0.938300 -0.084844 -0.147639 -0.045379   1
  1  1  0.938300  0.167769 -0.016533  0.365529   3
  1  1  0.938300 -0.261094 -0.146156  0.350902   3
  1  1  0.938300  0.296472 -0.212437  0.037411   5
  1  1  0.938300 -0.189013  0.035248  0.193959   3
  1  1  0.938300  0.056559 -0.228102 -0.091747   5
  1  1  0.938300  0.214339  0.153026  0.441640   5
  1  1  0.938300 -0.014921  0.103246  0.182123   3
  1  1  0.938300  0.247596 -0.080760 -0.000585   2
  1  1  0.938300 -0.189921  0.001872  0.570055   2
  1  1  0.938300 -0.040280 -0.008368 -0.024617   1
  1  1  0.938300  0.301916  0.190052  0.264343   4
  1  1  0.938300  0.198893  0.034543  0.498828   3
  1  0  0.938300 -0.163670  0.075735  0.251618   3
  1  1  0.938300 -0.212268 -0.135289  0.081667   2
  1  1  0.938300  0.115738  0.222717  0.432206   2
  1  1  0.938300 -0.022749 -0.022604  0.428241   2
  1  1  0.938300 -0.044924  0.227912  0.242658   2
  1  1  0.938300  0.151578  0.394926  0.165361   2
  1  1  0.938300 -0.000601 -0.145020  0.037471   1
  1  1  0.938300  0.149468 -0.083418  0.510085   5
  1  1  0.938300 -0.024399  0.008341  0.127953   1
  1  1  0.938300 -0.186087 -0.108217  0.326695   4
  1  1  0.938300 -0.132556  0.126901  0.337102   4
  1  1  0.938300 -0.215937  0.059948  0.079841   1
  1  1  0.938300 -0.325332  0.260377 -0.108244   3
  1  1  0.938300 -0.105176 -0.073726  0.095559   2
  1  1  0.938300 -0.128595 -0.038206  0.068882   1
  1  1  0.938300  0.102662 -0.188727  0.134064   3
  1  1  0.938300 -0.164334 -0.005684  0.414910   2
  1  1  0.938300  0.017357 -0.120151  0.380599   3
  1  1  0.938300  0.092534  0.074531  0.278043   5
  1  1  0.938300 -0.149341  0.085024  0.110797   1
  1  1  0.938300 -0.149728  0.371334  0.333499   2
  1  1  0.938300  0.226570  0.007278  0.319143   3
  1  1  0.938300 -0.232070 -0.093797  0.153053   5
  1  1  0.938300  0.138508  0.032266  0.037751   1
  1  1  0.938300  0.150377 -0.254206  0.008222   3
  1  1  0.938300  0.067142  0.154893  0.171135   1
  1  1  0.938300 -0.239878 -0.108614  0.530359   4
  1  1  0.938300 -0.084185 -0.249285  0.096337   2
  1  1  0.938300  0.156988 -0.032512 -0.085164   1
  1  1  0.938300  0.352106 -0.146777  0.257381   3
  1  1  0.938300 -0.018756 -0.025169  0.023145   1
  1  1  0.938300  0.039800 -0.249806  0.155831   2
  1  1  0.938300  0.147003  0.055020  0.005451   1
  1  1  0.938300 -0.111727  0.026091  0.196165   4
  1  1  0.938300  0.030615  0.012802  0.032340   5
  1  1  0.938300  0.063939 -0.098969 -0.071916   1
  1  1  0.938300 -0.001602 -0.089751  0.012539   1
  1  1  0.938300  0.146253 -0.007527 -0.004351   1
  1  1  0.938300 -0.141555  0.156957  0.086520   7
  1  1  0.938300 -0.102901 -0.147762  0.386920   3
  1  1  0.938300  0.102238 -0.030086  0.153176   1
  1  1  0.938300  0.018594  0.198957  0.390858   6
  1  1  0.938300 -0.116574 -0.006873  0.101173   1
  1  1  0.938300 -0.292676 -0.097253  0.009201   3
  1  1  0.938300 -0.050508  0.162802 -0.018835   1
  1  1  0.938300  0.015208 -0.013134  0.061160   2
  1  1  0.938300  0.054663  0.067012  0.380258  10
  1  1  0.938300 -0.100978 -0.029416  0.037631   1
  1  1  0.938300 -0.046104  0.230710  0.192496   4
  1  1  0.938300 -0.104175  0.051464  0.252264   5
  1  1  0.938300 -0.142953  0.035307  0.165944   2
  1  1  0.938300 -0.108217 -0.011683 -0.004400   1
  1  1  0.938300 -0.139995 -0.072533 -0.002092   1
  1  1  0.938300 -0.148955 -0.208791  0.238467   3
  1  1  0.938300  0.034223 -0.178164  0.295687   4
  1  1  0.938300  0.012896  0.008981  0.076127   1
  1  1  0.938300  0.081378 -0.089910  0.273000   2
  1  1  0.938300 -0.220335 -0.099705  0.078767   3
  1  1  0.938300  0.370437 -0.136670  0.104715   3
  1  1  0.938300 -0.073350  0.088914  0.191721   5
  1  1  0.938300  0.245781 -0.005288  0.373723   4
  1  1  0.938300  0.246119  0.123504  0.136576   4
  1  1  0.938300 -0.104935  0.145944  0.303887   5
  1  0  0.938300  0.409486 -0.203884  0.323055   3
  1  0  0.938300  0.529576  0.037249  0.175892   2
  1  0  0.938300  0.183450  0.185792  0.318145   4
  1  0  0.938300 -0.047533 -0.237093  0.121467   3
  1  0  0.938300 -0.190045 -0.049981  0.231126   7
  1  0  0.938300 -0.043774  0.074289  0.202210   3
  1  0  0.938300 -0.267148 -0.130359  0.010240   4
  1  0  0.938300 -0.205658  0.183511  0.189732   6
  1  0  0.938300  0.502391 -0.011073  0.101520   9
  1  0  0.938300 -0.159656  0.095273  0.162120   1
  1  0  0.938300  0.175147 -0.142966  0.135070   2
  1  0  0.938300 -0.087592  0.061734  0.042666   1
  1  0  0.938300  0.011922 -0.125264  0.446481   3
  1  0  0.938300 -0.028151  0.047630  0.029861   1
  1  0  0.938300 -0.323908  0.119725  0.430203   3
  1  0  0.938300  0.189764 -0.050947  0.060787   4
  1  0  0.938300  0.067229 -0.037565  0.091656   1
  1  0  0.938300 -0.015341 -0.101355  0.075899   1
  1  0  0.938300 -0.066806 -0.321235  0.458454   6
  1  0  0.938300  0.014253 -0.010032  0.429581   3
  1  0  0.938300 -0.035537  0.021529  0.259283   4
  1  0  0.938300 -0.498724 -0.118958  0.202093   3
  1  0  0.938300  0.219859 -0.140639  0.722154   2
  1  0  0.938300 -0.166165 -0.277313  0.250987   5
  1  0  0.938300  0.008843  0.095477  0.167512   5
  1  0  0.938300 -0.159829  0.078799  0.156046   3
  1  0  0.938300  0.067962  0.115239  0.262893   2
  1  0  0.938300 -0.035129 -0.194229  0.092384   1
  1  0  0.938300  0.010292  0.282627  0.500531   3
  1  0  0.938300  0.074727  0.113963  0.022098   1
  1  0  0.938300  0.106438 -0.108059  0.027187   1
  1  0  0.938300 -0.045061 -0.225921  0.427198   3
  1  0  0.938300  0.032568 -0.067216 -0.076183   1
  1  0  0.938300  0.050041 -0.242300  0.186195   5
  1  0  0.938300 -0.136686  0.087086  0.165781   1
  1  0  0.938300 -0.032864 -0.021705  0.018627   2
  1  0  0.938300  0.053591 -0.029970  0.216179   1
  1  0  0.938300 -0.272907 -0.189855  0.175234   3
  1  0  0.938300  0.400324  0.048813  0.092550   3
  1  0  0.938300 -0.257043 -0.067568  0.275024   2
  1  0  0.938300 -0.430217  0.078392  0.080751   6
  1  0  0.938300 -0.250119  0.419604  0.423733   5
  1  0  0.938300 -0.001384 -0.146661  0.177701   2
  1  0  0.938300  0.040881 -0.176309  0.060224   1
  1  0  0.938300  0.126685  0.043983 -0.099504   1
  1  0  0.938300 -0.207669  0.084143  0.438151   3
  1  0  0.938300  0.159919  0.068860 -0.019250   1
  1  0  0.938300  0.015899 -0.317871  0.256100   4
  1  0  0.938300 -0.181934 -0.059139  0.205436   3
  1  0  0.938300 -0.077451  0.039389  0.051208   1
  1  0  0.938300  0.092675 -0.180822  0.134717   3
  1  0  0.938300  0.050926  0.125656  0.420678   3
  1  0  0.938300 -0.100439  0.057334  0.111284   2
  1  0  0.938300 -0.015395 -0.208152  0.324626   3
  1  0  0.938300  0.381606 -0.324508  0.354224   2
  1  0  0.938300  0.122418  0.099229 -0.096393   1
  1  0  0.938300  0.080629  0.029912  0.306583   2
  1  0  0.938300  0.060701 -0.335148  0.433331   2
  1  0  0.938300  0.047793 -0.006639  0.124783   3
  1  0  0.938300 -0.044544 -0.099237 -0.059832   1
  1  0  0.938300 -0.162366  0.019305  0.007508   1
  1  0  0.938300  0.090676  0.230893  0.183179   2
  1  0  0.938300  0.045346 -0.129865  0.495305   3
  1  0  0.938300 -0.269320 -0.053688  0.266854   3
  1  1  0.938300  0.179217  0.039852  0.379351   5
  1  0  0.938300 -0.024272  0.104612 -0.137935   2
  1  0  0.938300 -0.260679  0.238058  0.146027   3
  1  0  0.938300 -0.121774  0.134391  0.123821   2
  1  0  0.938300  0.075533 -0.074316  0.026324   1
  1  0  0.938300 -0.004945  0.082239  0.117452   2
  1  0  0.938300 -0.092104  0.137350  0.133769   2
  1  0  0.938300 -0.024549  0.119736  0.165247   3
  1  0  0.938300  0.067845 -0.071594  0.108522   2
  1  0  0.938300  0.251413 -0.102342  0.008616   2
  1  0  0.938300  0.216498 -0.053203  0.234745   3
  1  0  0.938300  0.044421  0.008305  0.373815   4
  1  0  0.938300 -0.067634  0.189741  0.588388   3
  1  0  0.938300 -0.099286  0.086929  0.415947   2
  1  0  0.938300  0.043434  0.190884  0.515640   6
  1  0  0.938300 -0.191620  0.264497  0.374881   5
  1  0  0.938300  0.285602 -0.134518  0.459843   2
  1  0  0.938300  0.031739  0.202608  0.236739   2
  1  0  0.938300  0.035025 -0.005248  0.366951   3
  1  0  0.938300 -0.167052  0.315443  0.202630   7
  1  0  0.938300  0.268774  0.202773  0.093951   2
  1  0  0.938300  0.144944 -0.013450  0.343667   6
  1  0  0.938300 -0.002608  0.036340  0.420598   2
  1  0  0.938300  0.071215 -0.118048  0.142371   1
  1  0  0.938300 -0.193795 -0.098624  0.231549   3
  1  0  0.938300  0.073243  0.170054  0.451687   4
  1  0  0.938300  0.165271 -0.216953  0.047658   3
  1  0  0.938300 -0.020491 -0.107752  0.299968   2
  1  0  0.938300  0.066436  0.168056  0.245147   4
  1  0  0.938300 -0.031875  0.113300  0.019527   2
  1  0  0.938300 -0.099966 -0.149644  0.023674   1
  1  0  0.938300 -0.036066 -0.059476  0.175577   1
  1  0  0.938300 -0.153511  0.066030 -0.006831   1
  1  0  0.938300  0.164984 -0.035716  0.134360   3
  1  0  0.938300 -0.062706 -0.120295  0.043176   1
  1  0  0.938300  0.012100  0.063235  0.532502   7
  1  0  0.938300  0.008718 -0.014050  0.013622   1
  1  0  0.938300 -0.126580  0.394652 -0.039845   2
  1  0  0.938300 -0.011246  0.061149  0.287984   3
  1  0  0.938300 -0.176394  0.082721 -0.008364   2
  1  0  0.938300 -0.035078 -0.004831  0.059347   1
  1  0  0.938300 -0.095400 -0.155148 -0.052982   2
  1  0  0.938300  0.183147 -0.182398  0.695940   3
  1  0  0.938300  0.175095  0.151530  0.469423   2
  1  0  0.938300 -0.301947  0.021125  0.179566   2
  1  0  0.938300 -0.297306  0.135760  0.492195   4
  1  0  0.938300 -0.116622  0.015211  0.291461   3
  1  0  0.938300 -0.108061 -0.112236  0.128692   1
  1  0  0.938300  0.065189  0.037451 -0.165046   1
  1  0  0.938300  0.125753 -0.184024  0.084496   2
  1  0  0.938300  0.011160 -0.141029  0.078712   1
  1  0  0.938300 -0.059621  0.174116  0.380412   3
  1  0  0.938300  0.023420 -0.077903  0.557167   3
  1  1  0.938300  0.169276 -0.057939  0.598118  -1
  1  1  0.938300 -0.143966 -0.033300  0.241716  -6
  1  1  0.938300 -0.160173 -0.021939  0.486055  -1
  1  1  0.938300 -0.016227  0.309668  0.562383  -4
  1  1  0.938300 -0.049426  0.407626  0.359387  -5
  1  1  0.938300  0.212749 -0.172485  0.437009  -4
  1  1  0.938300  0.059190  0.067468  0.320587  -2
  1  1  0.938300 -0.248992  0.126787  0.215535  -6
  1  1  0.938300  0.391321  0.056659  0.239756  -3
  1  1  0.938300 -0.029820 -0.079954  0.655859  -1
  1  1  0.938300 -0.139710  0.257043  0.289587  -2
  1  1  0.938300  0.266469  0.019662  0.242156  -2
  1  1  0.938300  0.008378  0.210237  0.236364  -2
  1  1  0.938300  0.181278  0.022554  0.546074  -1
  1  1  0.938300  0.147443 -0.031647  0.184987  -2
  1  1  0.938300 -0.452264  0.178463  0.543098  -2
  1  1  0.938300 -0.043915  0.181937  0.468770  -1
  1  1  0.938300  0.042600  0.152011  0.597403  -2
  1  1  0.938300  0.117667  0.094982  0.516256  -1
  1  1  0.938300  0.313489 -0.030758  0.226460  -2
  1  1  0.938300 -0.216235  0.203462  0.286053  -3
  1  1  0.938300  0.332473 -0.075130  0.410241  -3
  1  1  0.938300  0.061783 -0.063748  0.265010  -4
  1  1  0.938300 -0.029452 -0.058475  0.539061  -2
  1  1  0.938300 -0.178963  0.253472  0.544244  -2
  1  1  0.938300  0.049107 -0.333688  0.398642  -2
  1  1  0.938300 -0.003943  0.214806  0.498083  -3
  1  1  0.938300  0.024838  0.100209  0.306574  -3
  1  1  0.938300  0.046080  0.245428  0.172893  -3
  1  1  0.938300  0.545653 -0.062756  0.081311  -3
  1  1  0.938300 -0.024176 -0.241667  0.533159  -2
  1  1  0.938300  0.052385 -0.109757  0.432492  -4
  1  1  0.938300  0.034568 -0.141717  0.320763  -1
  1  1  0.938300 -0.236256 -0.046309  0.050969 -10
  1  1  0.938300  0.221897 -0.098072  0.365279  -4
  1  1  0.938300 -0.002513  0.015173  0.467061  -1
  1  1  0.938300  0.028224 -0.045271  0.666018  -2
  1  1  0.938300  0.091680  0.066902  0.543693  -5
  1  1  0.938300 -0.499210  0.139253  0.594879  -3
  1  1  0.938300 -0.042198  0.060259  0.429926  -1
  1  1  0.938300  0.048189  0.224437  0.247510  -2
  1  1  0.938300 -0.024401  0.247929  0.482676  -3
  1  1  0.938300 -0.209257  0.019687  0.172206  -2
  1  1  0.938300 -0.079710 -0.130711  0.345637  -2
  1  1  0.938300 -0.088352 -0.188737  0.606740  -1
  1  1  0.938300  0.013722  0.315897  0.155059  -4
  1  1  0.938300 -0.022795 -0.101688  0.064238  -5
  1  1  0.938300  0.369403  0.064865  0.212264  -3
  1  1  0.938300 -0.077694 -0.142492  0.431953  -1
  1  1  0.938300 -0.033642 -0.149352  0.163310  -5
  1  1  0.938300 -0.001669 -0.059354  0.440147  -1
  1  1  0.938300  0.074315 -0.072357  0.399038  -4
  1  1  0.938300 -0.089454 -0.083569  0.295835  -1
  1  1  0.938300  0.188188  0.178846 -0.013820  -2
  1  1  0.938300 -0.086979  0.059996  0.259398  -2
  1  1  0.938300  0.093475 -0.373160  0.237970  -3
  1  1  0.938300 -0.111269 -0.161250  0.298247  -3
  1  1  0.938300 -0.102625  0.116051  0.573491  -1
  1  1  0.938300 -0.170170  0.305590  0.202509  -2
  1  1  0.938300 -0.093725  0.087103  0.378888  -3
  1  1  0.938300  0.200458 -0.186432  0.307711  -3
  1  1  0.938300 -0.177548  0.014492  0.471874  -3
  1  1  0.938300 -0.113909  0.052632  0.416175  -5
  1  1  0.938300  0.097571 -0.205969  0.663470  -2
  1  1  0.938300  0.093186 -0.528164  0.042342  -3
  1  1  0.938300 -0.152552 -0.066634  0.420903  -5
  1  1  0.938300  0.082311 -0.144456  0.117059  -4
  1  1  0.938300 -0.154695  0.001052  0.536789  -1
  1  1  0.938300  0.194834 -0.163508  0.476614  -2
  1  1  0.938300 -0.044794  0.036715 -0.077022  -6
  1  1  0.938300 -0.208543 -0.189025  0.066302  -3
  1  1  0.938300 -0.065083  0.118467  0.401245  -2
  1  1  0.938300  0.140781  0.195556  0.255601  -4
  1  1  0.938300  0.351649 -0.148764 -0.096772  -3
  1  1  0.938300  0.165239 -0.121646  0.305185  -7
  1  1  0.938300 -0.045390  0.099985  0.492984  -3
  1  1  0.938300  0.022544  0.004296  0.371259  -1
  1  1  0.938300  0.053741  0.048270  0.395369  -3
  1  1  0.938300  0.017673 -0.029383  0.405786  -1
  1  0  0.938300  0.076572  0.092137  0.387752  -2
  1  0  0.938300  0.033868  0.033614  0.237096  -4
  1  0  0.938300  0.180663 -0.118364  0.294163  -3
  1  0  0.938300 -0.061046  0.088437  0.504416  -2
  1  0  0.938300  0.163919 -0.102240  0.213412  -3
  1  0  0.938300 -0.273036 -0.056817  0.393267  -4
  1  0  0.938300 -0.029923 -0.165735  0.520686  -1
  1  0  0.938300  0.048837 -0.280341  0.325785  -7
  1  0  0.938300 -0.017732  0.032441  0.351095  -2
  1  0  0.938300 -0.066059 -0.194016  0.342377  -3
  1  0  0.938300 -0.226536  0.122918  0.019267  -4
  1  0  0.938300 -0.148263 -0.062898 -0.092402  -7
  1  0  0.938300  0.187547  0.098532  0.403116  -3
  1  0  0.938300  0.215109  0.081479  0.511594  -1
  1  0  0.938300 -0.029664  0.042503  0.635266  -1
  1  0  0.938300 -0.230528  0.074321  0.511036  -1
  1  0  0.938300 -0.119253  0.036161  0.657191  -5
  1  0  0.938300 -0.040493 -0.113893  0.193712  -6
  1  0  0.938300  0.247455 -0.177701  0.714525  -2
  1  0  0.938300 -0.046345 -0.094858  0.227796  -2
  1  0  0.938300 -0.060781 -0.095227  0.083863  -2
  1  0  0.938300 -0.152785  0.041659  0.273403  -2
  1  0  0.938300 -0.006339 -0.063679  0.488102  -5
  1  0  0.938300  0.040552 -0.181664  0.204378  -4
  1  0  0.938300 -0.022983 -0.064150  0.435830  -1
  1  0  0.938300 -0.203205 -0.118556  0.221983  -3
  1  0  0.938300  0.492775  0.317238  0.121368  -6
  1  0  0.938300 -0.165844  0.122833  0.427172  -5
  1  0  0.938300 -0.108309 -0.069580  0.304194  -6
  1  0  0.938300 -0.096618  0.081103  0.540251  -3
  1  0  0.938300 -0.060206  0.089825  0.311663  -3
  1  0  0.938300 -0.113778  0.002548  0.384982  -1
  1  0  0.938300  0.059784 -0.052292  0.503368  -3
  1  0  0.938300 -0.166061  0.016687  0.638404  -1
  1  0  0.938300 -0.133879  0.004575  0.277219  -3
  1  0  0.938300  0.098493  0.023634  0.139088  -2
  1  0  0.938300  0.050491  0.030051  0.364838  -5
  1  0  0.938300  0.006101 -0.162048  0.473042  -1
  1  0  0.938300 -0.126886  0.095752  0.153341  -2
  1  0  0.938300  0.127155 -0.083115  0.272770  -2
  1  0  0.938300  0.109386 -0.268765  0.268347  -4
  1  0  0.938300 -0.235007 -0.052116  0.610863  -1
  1  0  0.938300 -0.004579  0.034846  0.004039  -3
  1  0  0.938300 -0.013698  0.174282  0.575711  -3
  1  0  0.938300 -0.133249  0.022448  0.488346  -1
  1  0  0.938300  0.075461 -0.044556  0.425859  -1
  1  0  0.938300 -0.230319 -0.240560  0.163398  -2
  1  0  0.938300 -0.001297  0.035283  0.715157  -1
  1  0  0.938300 -0.163188 -0.053304  0.417038  -3
  1  0  0.938300  0.126643 -0.318319  0.403543  -3
  1  0  0.938300 -0.015397 -0.220493  0.590637  -2
  1  0  0.938300  0.096681 -0.089089  0.035557  -4
  1  0  0.938300  0.100924  0.013102  0.083763  -3
  1  0  0.938300 -0.357548 -0.017095  0.601017  -5
  1  0  0.938300 -0.150259 -0.025209 -0.064408  -3
  1  0  0.938300 -0.113348  0.181725  0.329170 -10
  1  0  0.938300 -0.179844 -0.166960  0.473991  -4
  1  0  0.938300 -0.229484 -0.000280  0.129318  -4
  1  0  0.938300  0.154960 -0.071980  0.423800  -3
  1  0  0.938300 -0.269738  0.043141  0.148113  -2
  1  0  0.938300 -0.258703 -0.224048  0.278949  -3
  1  0  0.938300 -0.076992 -0.190634  0.509637  -1
  1  0  0.938300 -0.102720  0.076638  0.271227  -2
  1  0  0.938300  0.044158  0.050160  0.601554  -1
  1  0  0.938300 -0.149609  0.096370  0.472010  -2
  1  0  0.938300  0.095909 -0.063454  0.633328  -1
  1  0  0.938300 -0.124372  0.128662  0.456131  -1
  1  0  0.938300 -0.291298  0.293640  0.236312  -2
  1  0  0.938300  0.219698 -0.112792  0.206109  -3
  1  0  0.938300  0.192841  0.094968  0.098688  -8
  1  0  0.938300 -0.014298 -0.133237  0.316447  -2
  1  0  0.938300  0.163407 -0.048167  0.171088  -2
  1  0  0.938300 -0.028148 -0.103424  0.052638  -4
  1  0  0.938300 -0.099597 -0.215428  0.396225  -4
  1  0  0.938300 -0.073396 -0.340480  0.243809  -4
  1  0  0.938300  0.007197 -0.021511  0.340989  -1
  1  0  0.938300  0.009638 -0.059523  0.304468  -4
  1  1  0.938300  0.060677  0.279874  0.396672  -7
  1  0  0.938300  0.067398  0.150483  0.495302  -1
  1  0  0.938300  0.331498  0.257301  0.171163  -4
  1  0  0.938300 -0.219039  0.088773  0.631439  -1
  1  0  0.938300 -0.066313  0.022134  0.355602  -1
  1  0  0.938300 -0.005306  0.249481 -0.091375 -11
  1  0  0.938300  0.037772 -0.190207  0.476380  -3
  1  0  0.938300  0.060117  0.025826  0.774323  -5
  1  0  0.938300  0.070461  0.113560  0.550370  -1
  1  0  0.938300  0.420335 -0.068360  0.437779  -2
  1  0  0.938300 -0.268570 -0.042163  0.522296  -5
  1  0  0.938300 -0.042783  0.107399  0.537840  -4
  1  0  0.938300 -0.143671 -0.120817  0.503846  -2
  1  0  0.938300 -0.023920 -0.211017  0.157268  -5
  1  0  0.938300  0.175142  0.029956  0.078845  -2
  1  0  0.938300 -0.207934  0.659541  0.438975  -2
  1  0  0.938300 -0.197120 -0.086973  0.431723  -7
  1  0  0.938300 -0.165303  0.104615  0.394519  -5
  1  0  0.938300  0.048524  0.011171  0.362052  -3
  1  0  0.938300  0.145772  0.384840  0.083760  -6
  1  0  0.938300  0.115483 -0.059270  0.434068  -1
  1  0  0.938300 -0.025197 -0.060394  0.232317  -1
  1  0  0.938300  0.149618  0.039839  0.495715  -1
  1  0  0.938300  0.043674  0.054775  0.172250  -2
  1  0  0.938300  0.045067 -0.131530  0.387323  -4
  1  0  0.938300  0.005004 -0.046555  0.519095  -1
  1  0  0.938300  0.228287 -0.089288  0.250742  -2
  1  0  0.938300  0.239016  0.141178  0.580624  -4
  1  0  0.938300 -0.279818  0.269789  0.245989  -2
  1  0  0.938300 -0.193308  0.158398  0.525517  -1
  1  0  0.938300  0.128041 -0.350789  0.079133  -3
  1  0  0.938300 -0.011973 -0.072498  0.312757  -3
  1  0  0.938300  0.155708 -0.045672  0.355348  -1
  1  0  0.938300 -0.071029  0.108891  0.562164  -1
  1  0  0.938300 -0.236020  0.127971  0.258329  -3
  1  0  0.938300 -0.143141 -0.117934  0.039588  -7
  1  0  0.938300 -0.097254  0.047687  0.407349  -3
  1  0  0.938300  0.162420  0.262513  0.238625  -2
  1  0  0.938300  0.459045 -0.035852  0.132984  -3
  1  0  0.938300 -0.083599 -0.203918  0.429122  -3
  1  0  0.938300  0.117644 -0.225758  0.384902 -10