  1  1  0.938300 -0.110194  0.054451 -0.292841   2
  1  1  0.938300 -0.137944 -0.294257  0.379947   2
  1  1  0.938300 -0.055333 -0.398841  0.185039   4
  1  1  0.938300 -0.248989 -0.175624  0.220648   3
  1  1  0.938300  0.179377  0.099250  0.582780   5
  1  1  0.938300  0.070978 -0.085129 -0.063985   1
  1  1  0.938300  0.092835  0.011022  0.445818   3
  1  1  0.938300 -0.136726 -0.308837  0.522646   3
  1  1  0.938300 -0.010467 -0.007411  0.014705   1
  1  1  0.938300  0.246072 -0.226023  0.295199   4
  1  1  0.938300 -0.194358 -0.211656  0.262359   2
  1  1  0.938300 -0.288710  0.022914  0.186848   3
  1  1  0.938300 -0.043363 -0.013948  0.500040   3
  1  1  0.938300 -0.145926 -0.004270  0.271930   4
  1  1  0.938300  0.185369  0.305565  0.277597   4
  1  1  0.938300  0.081934  0.072284  0.009013   1
  1  1  0.938300  0.046573  0.023712  0.411248   3
  1  1  0.938300  0.232638  0.274629  0.512646   5
  1  1  0.938300 -0.099768 -0.267647  0.474880   2
  1  1  0.938300 -0.108679 -0.194382  0.585906   5
  1  1  0.938300 -0.025523  0.094671  0.153351   1
  1  1  0.938300 -0.240562  0.066565  0.340027   3
  1  1  0.938300 -0.089466  0.148052 -0.070936   1
  1  1  0.938300 -0.127945  0.222981  0.296154   2
  1  1  0.938300  0.148301 -0.228457  0.348062   4
  1  1  0.938300 -0.135812 -0.039274  0.140149   1
  1  1  0.938300  0.322652  0.004912  0.095993   4
  1  1  0.938300 -0.107215  0.339631  0.396073   3
  1  1  0.938300 -0.018087  0.027473  0.003940   1
  1  1  0.938300  0.146055 -0.003689  0.056588   1
  1  1  0.938300  0.277388 -0.050330 -0.118230   3
  1  1  0.938300  0.183471  0.333098  0.230368   2
  1  1  0.938300  0.045938  0.171910  0.018982   2
  1  1  0.938300 -0.163213  0.055137  0.473185   3
  1  1  0.938300 -0.160603 -0.076547  0.065358   7
  1  1  0.938300 -0.033457 -0.103454  0.337755   3
  1  1  0.938300 -0.004968  0.037840  0.417259   7
  1  1  0.938300 -0.007947 -0.063734  0.032036   3
  1  1  0.938300 -0.078326 -0.017403  0.222415   2
  1  1  0.938300  0.139929  0.164745  0.576875   3
  1  1  0.938300 -0.227781 -0.087745 -0.008043   1
  1  1  0.938300 -0.003742 -0.028909 -0.028410   1
  1  1  0.938300  0.172571 -0.350343  0.142963   2
  1  1  0.938300 -0.128165  0.109482  0.433475   3
  1  1  0.938300 -0.051884  0.004554  0.343925   2
  1  1  0.938300  0.084131  0.092218  0.253790   3
  1  1  0.938300 -0.466570  0.088532  0.395966   3
  1  1  0.938300 -0.311917 -0.106816  0.632709   2
  1  1  0.938300 -0.047007 -0.085650  0.153059   3
  1  1  0.938300 -0.062898 -0.039912  0.296969   2
  1  1  0.938300 -0.168369 -0.045329 -0.075130   1
  1  1  0.938300  0.257587 -0.083350  0.353635   7
  1  1  0.938300  0.028289  0.045136  0.064691   1
  1  1  0.938300 -0.045928 -0.287827  0.210469   2
  1  1  0.938300 -0.177850 -0.035772  0.127329   4
  1  1  0.938300  0.218670  0.239441  0.472948   4
  1  1  0.938300 -0.002708  0.100119  0.098811   1
  1  1  0.938300 -0.220913 -0.135186 -0.051357   3
  1  1  0.938300  0.018797 -0.268727  0.325278   2
  1  1  0.938300  0.024723 -0.048440  0.071069   2
  1  1  0.938300  0.110061  0.303630  0.219794   3
  1  1  0.938300 -0.106088  0.150477  0.455383   2
  1  1  0.938300  0.042377  0.172314 -0.055959   1
  1  1  0.938300  0.018843  0.029602  0.084287   1
  1  1  0.938300 -0.251567 -0.097649  0.207943   2
  1  1  0.938300  0.140900  0.170183  0.656803   5
  1  1  0.938300  0.089589  0.190064  0.221255   3
  1  1  0.938300 -0.138197  0.193009  0.386784   2
  1  1  0.938300  0.130403 -0.185447  0.478558   3
  1  1  0.938300 -0.010813 -0.051022  0.420806   3
  1  1  0.938300 -0.040008 -0.061282  0.052121   1
  1  1  0.938300  0.093633 -0.095014  0.078684   2
  1  1  0.938300  0.024774 -0.023902 -0.033672   1
  1  1  0.938300  0.145550  0.019515  0.049707   1
  1  1  0.938300 -0.086439 -0.191669  0.089691   1
  1  1  0.938300 -0.095248 -0.286757  0.148723   5
  1  1  0.938300 -0.144991  0.009686  0.091393   2
  1  1  0.938300  0.096324  0.014939 -0.224750   2
  1  1  0.938300 -0.218890 -0.021464  0.179566   3
  1  0  0.938300  0.214641  0.215742  0.170420   3
  1  0  0.938300 -0.020048  0.186700  0.212637   2
  1  0  0.938300 -0.076302  0.082495  0.243692   5
  1  0  0.938300  0.054180 -0.006850  0.161689   3
  1  0  0.938300 -0.069968  0.173082  0.279998   2
  1  0  0.938300 -0.062817  0.419902  0.128283   3
  1  0  0.938300  0.052298 -0.063744  0.008311   1
  1  0  0.938300  0.402311 -0.157532  0.063324   5
  1  0  0.938300 -0.049086  0.095397 -0.103398   5
  1  0  0.938300 -0.194150  0.150049  0.479666   2
  1  0  0.938300 -0.186457 -0.075373  0.122209   2
  1  0  0.938300 -0.087080  0.156775  0.143616   1
  1  0  0.938300  0.198615  0.275186  0.159280   2
  1  0  0.938300 -0.162363 -0.126978  0.169951   1
  1  0  0.938300 -0.009350  0.296421  0.360321   3
  1  0  0.938300 -0.391660 -0.314193  0.025218   2
  1  0  0.938300 -0.393697 -0.115361 -0.134594   2
  1  0  0.938300 -0.038410 -0.034176  0.257543   3
  1  0  0.938300 -0.097516  0.069992  0.605714   4
  1  0  0.938300 -0.031971  0.014725  0.317212   4
  1  0  0.938300  0.227997 -0.250111  0.156954   2
  1  0  0.938300  0.107358  0.080241  0.138086   2
  1  0  0.938300  0.232692  0.097409 -0.146599   2
  1  0  0.938300 -0.100533  0.096122  0.057022   1
  1  0  0.938300  0.101079  0.159423  0.068772   5
  1  0  0.938300 -0.136801 -0.084890  0.187224   2
  1  0  0.938300  0.153341 -0.139653  0.073804   1
  1  0  0.938300 -0.008381  0.094204  0.156160   1
  1  0  0.938300 -0.063119  0.244057  0.569583   5
  1  0  0.938300 -0.205140 -0.058759  0.494944   4
  1  0  0.938300 -0.131041 -0.157826  0.120000   2
  1  0  0.938300  0.072182  0.098730 -0.033102   1
  1  0  0.938300 -0.366200 -0.031410  0.524774   4
  1  0  0.938300  0.042758 -0.158512  0.353815   3
  1  0  0.938300  0.046717  0.104921  0.030903   1
  1  0  0.938300 -0.080931  0.461449  0.177244   3
  1  0  0.938300 -0.096249  0.014837 -0.107159   1
  1  0  0.938300  0.070755 -0.043330 -0.119698   1
  1  0  0.938300  0.183224  0.024484  0.232387   1
  1  0  0.938300  0.194645  0.171876  0.564808   3
  1  0  0.938300 -0.144075 -0.112585  0.611449   6
  1  0  0.938300  0.179695  0.139508  0.258669   3
  1  0  0.938300 -0.184873  0.059820  0.311668   3
  1  0  0.938300  0.162492 -0.135296  0.198856   2
  1  0  0.938300  0.161270  0.305547  0.218867   3
  1  0  0.938300  0.013226  0.010769  0.262896   4
  1  0  0.938300  0.114770 -0.128017  0.073243   1
  1  0  0.938300  0.045267 -0.246274  0.078316   2
  1  0  0.938300  0.143069 -0.316531  0.374552   3
  1  0  0.938300 -0.128171  0.015434  0.041537   1
  1  0  0.938300 -0.023775  0.220031  0.310473   2
  1  0  0.938300  0.032170 -0.103441  0.007538   2
  1  0  0.938300 -0.218617  0.102501  0.005784   2
  1  0  0.938300 -0.201144  0.091964  0.000301   4
  1  0  0.938300  0.500218  0.104698  0.000081   6
  1  0  0.938300 -0.025860  0.105837  0.423195   7
  1  0  0.938300 -0.272577 -0.414997  0.460165   4
  1  0  0.938300  0.098756 -0.127844  0.207702   1
  1  0  0.938300 -0.138402 -0.111926 -0.103681   4
  1  0  0.938300  0.086882  0.062755  0.161482   2
  1  0  0.938300  0.318905  0.053811  0.257413   2
  1  0  0.938300  0.165643  0.233843  0.107416   9
  1  0  0.938300  0.015841  0.196316  0.183908   4
  1  0  0.938300  0.063208 -0.099913  0.089520   1
  1  0  0.938300 -0.148753 -0.247658  0.103210   4
  1  0  0.938300  0.070228  0.023580  0.034784   1
  1  0  0.938300 -0.177020 -0.125543  0.000591   1
  1  0  0.938300 -0.142855  0.227875  0.438915   2
  1  0  0.938300  0.177427  0.048580  0.306761   6
  1  0  0.938300 -0.203659  0.015774 -0.060139   2
  1  0  0.938300  0.330364  0.007138  0.564810   6
  1  0  0.938300  0.030256  0.083258  0.243465   4
  1  0  0.938300  0.069378 -0.078069  0.149909   3
  1  0  0.938300  0.360703 -0.208924  0.425935   4
  1  0  0.938300 -0.136356 -0.338208  0.407448   2
  1  0  0.938300 -0.225432 -0.001101  0.304566   2
  1  0  0.938300 -0.204641 -0.090861  0.582454   4
  1  0  0.938300 -0.120043 -0.070945  0.119724   8
  1  0  0.938300 -0.116439 -0.077240  0.058933   3
  1  0  0.938300  0.456136  0.051250  0.493314   2
  1  0  0.938300 -0.038989 -0.014117  0.214081   2
  1  0  0.938300  0.030364 -0.016211  0.014566   1
  1  0  0.938300  0.001329  0.171009  0.003456   3
  1  0  0.938300  0.120543 -0.074665  0.139694   1
  1  0  0.938300 -0.228874 -0.162109  0.314595   3
  1  0  0.938300 -0.257188  0.225633  0.070959   4
  1  0  0.938300  0.206271  0.211799  0.122621   2
  1  0  0.938300  0.196172 -0.006396  0.055176   1
  1  0  0.938300  0.063496 -0.005682  0.381430   8
  1  0  0.938300  0.171248 -0.261162  0.150034   4
  1  0  0.938300  0.099574  0.304002  0.374286   3
  1  0  0.938300  0.241559  0.114435  0.248233   4
  1  0  0.938300 -0.149277  0.000603  0.245250   4
  1  0  0.938300 -0.325166 -0.012529  0.039430   9
  1  0  0.938300 -0.108422 -0.055750 -0.023996   3
  1  0  0.938300 -0.179193  0.201989  0.197230   2
  1  0  0.938300  0.223647 -0.023635  0.053654   1
  1  0  0.938300 -0.134285  0.058584 -0.101414   2
  1  0  0.938300 -0.275352  0.088971 -0.060199   4
  1  0  0.938300 -0.001674 -0.084896 -0.106554   1
  1  0  0.938300  0.029412 -0.075980  0.258740   2
  1  0  0.938300 -0.102501 -0.090233 -0.063235   1
  1  0  0.938300  0.033972 -0.105195  0.061012   2
  1  0  0.938300  0.232712 -0.225380  0.364595   4
  1  0  0.938300  0.255136 -0.077270  0.095718   2
  1  0  0.938300 -0.090197  0.068961  0.407016   2
  1  0  0.938300 -0.036585  0.218080  0.297517   3
  1  0  0.938300  0.177545  0.056744  0.397963   3
  1  0  0.938300 -0.116243  0.060276  0.061044   1
  1  0  0.938300  0.016204  0.279909 -0.221311   2
  1  0  0.938300 -0.006989 -0.167527  0.126403   1
  1  0  0.938300 -0.110792 -0.292976  0.313388   5
  1  0  0.938300 -0.056482 -0.173255  0.049617   1
  1  0  0.938300 -0.079886 -0.069245 -0.079923   1
  1  0  0.938300  0.020038 -0.191124  0.131487   1
  1  0  0.938300  0.028909  0.097348 -0.071430   3
  1  0  0.938300 -0.006197  0.096975  0.252702   3
  1  0  0.938300 -0.041906  0.167424  0.102969   1
  1  1  0.938300 -0.174203 -0.143300  0.169568  -5
  1  1  0.938300 -0.428319  0.255842  0.194879  -2
  1  1  0.938300 -0.073825 -0.324650  0.411593  -3
  1  1  0.938300  0.221299 -0.036486  0.048993  -6
  1  1  0.938300 -0.135862  0.215166  0.373321  -2
  1  1  0.938300 -0.000464 -0.083371  0.560235  -1
  1  1  0.938300 -0.147561  0.106419  0.464511  -1
  1  1  0.938300 -0.100697 -0.018401  0.443169  -4
  1  1  0.938300 -0.118802  0.099029  0.588921  -1
  1  1  0.938300 -0.007165  0.225296  0.082128  -5
  1  1  0.938300 -0.191969  0.230952  0.360294  -3
  1  1  0.938300 -0.039051 -0.295082  0.470939  -3
  1  1  0.938300  0.116426  0.124672  0.019220  -3
  1  1  0.938300 -0.074582 -0.185975  0.539067  -1
  1  1  0.938300  0.167031  0.163455  0.514129  -1
  1  1  0.938300  0.026648  0.171344  0.366376  -2
  1  1  0.938300 -0.224859  0.033837  0.049546  -4
  1  1  0.938300 -0.036159  0.015681  0.511960  -1
  1  1  0.938300 -0.142567  0.018737  0.672298  -3
  1  1  0.938300  0.176678 -0.222523 -0.042359  -2
  1  1  0.938300  0.072072 -0.361217  0.449546  -3
  1  1  0.938300  0.095860 -0.139791  0.271697  -3
  1  1  0.938300  0.176723  0.335310  0.389636  -3
  1  1  0.938300  0.001413 -0.130543  0.004775  -3
  1  1  0.938300 -0.025403 -0.248604  0.181975  -3
  1  1  0.938300 -0.005861  0.086797  0.347879  -5
  1  1  0.938300 -0.160461  0.098655  0.487504  -2
  1  1  0.938300 -0.111138 -0.085666  0.424507  -1
  1  1  0.938300 -0.360589 -0.086252  0.531364  -2
  1  1  0.938300  0.248415 -0.236882  0.507577  -2
  1  1  0.938300 -0.287827 -0.237470  0.385064  -2
  1  1  0.938300 -0.400651 -0.253391 -0.033401  -3
  1  1  0.938300 -0.326549  0.034037  0.285171  -3
  1  1  0.938300 -0.053017 -0.169875  0.517622  -2
  1  1  0.938300  0.075275 -0.039360  0.071206  -3
  1  1  0.938300  0.054289  0.094558  0.255179  -5
  1  1  0.938300  0.273385  0.156448  0.384147  -2
  1  1  0.938300 -0.159358  0.009822  0.447374  -2
  1  1  0.938300 -0.102950 -0.115530  0.454603  -3
  1  1  0.938300  0.182072  0.314276  0.366618  -2
  1  1  0.938300  0.047453 -0.087231  0.455813  -2
  1  1  0.938300  0.146236 -0.194020  0.274147  -3
  1  1  0.938300 -0.208653 -0.107779  0.173482  -2
  1  1  0.938300  0.151525  0.160743  0.584223  -2
  1  1  0.938300 -0.429269  0.141802  0.406914  -4
  1  1  0.938300  0.040792  0.013135  0.287318  -2
  1  1  0.938300 -0.047779  0.071763  0.383317  -2
  1  1  0.938300 -0.023823 -0.196605  0.621899  -1
  1  1  0.938300 -0.260406 -0.019393  0.397015  -5
  1  1  0.938300  0.375392 -0.110736  0.469214  -2
  1  1  0.938300 -0.056838 -0.354725  0.342891  -2
  1  1  0.938300 -0.232848 -0.071632  0.493555  -2
  1  1  0.938300 -0.001598  0.126344  0.035397  -5
  1  1  0.938300  0.044463 -0.155298  0.512185  -1
  1  1  0.938300  0.081292 -0.138027  0.552183  -1
  1  1  0.938300  0.189641 -0.072799  0.160591  -3
  1  1  0.938300 -0.243534  0.149676 -0.068088  -4
  1  1  0.938300  0.072504 -0.011540  0.444263  -3
  1  1  0.938300  0.396968  0.355891  0.390022  -2
  1  1  0.938300  0.039639 -0.068471  0.164954  -3
  1  1  0.938300 -0.062766 -0.110171  0.324028  -1
  1  1  0.938300 -0.264194  0.114781  0.339646  -2
  1  1  0.938300  0.002586 -0.018877  0.130413  -2
  1  1  0.938300  0.141568 -0.059337  0.548217  -1
  1  1  0.938300  0.248545  0.073247  0.247614  -3
  1  1  0.938300  0.096561 -0.239937  0.417599  -4
  1  1  0.938300 -0.121805  0.006943  0.578692  -1
  1  1  0.938300 -0.037970  0.062515  0.154496  -3
  1  1  0.938300 -0.178386 -0.283691  0.191950  -7
  1  1  0.938300  0.096271  0.279556  0.289855  -3
  1  1  0.938300 -0.269964 -0.061949  0.192756  -4
  1  1  0.938300  0.057796 -0.121725  0.049330  -2
  1  1  0.938300 -0.066153 -0.127448  0.578690  -2
  1  1  0.938300 -0.050022 -0.199731  0.507063  -5
  1  1  0.938300  0.387697  0.061278  0.086780  -3
  1  1  0.938300  0.002150  0.071348  0.057710  -4
  1  1  0.938300  0.018650  0.116767  0.631536  -1
  1  1  0.938300 -0.126965 -0.119284  0.156037  -2
  1  1  0.938300  0.118827  0.336068  0.223899  -3
  1  0  0.938300  0.237152  0.083668  0.407433  -5
  1  0  0.938300  0.050147  0.178557 -0.018908  -5
  1  0  0.938300  0.164382  0.198437  0.539464  -2
  1  0  0.938300 -0.144103  0.108243  0.110161  -9
  1  0  0.938300  0.015866  0.198430  0.207310  -4
  1  0  0.938300 -0.035806 -0.028725  0.497633  -1
  1  0  0.938300 -0.024304 -0.103955  0.491730  -2
  1  0  0.938300  0.174061  0.118701  0.430872  -2
  1  0  0.938300 -0.124044 -0.064796  0.358169  -2
  1  0  0.938300  0.141796 -0.132335  0.431389  -4
  1  0  0.938300  0.082089 -0.002490  0.249095  -3
  1  0  0.938300 -0.178028  0.087338  0.299879  -7
  1  0  0.938300  0.107963  0.189392  0.726198  -7
  1  0  0.938300  0.176911 -0.132650  0.583460  -3
  1  0  0.938300  0.038979 -0.057400  0.488664  -1
  1  0  0.938300  0.573911 -0.180579  0.148773  -3
  1  0  0.938300  0.001401 -0.254998  0.364993  -2
  1  0  0.938300  0.120055 -0.064621  0.349660  -2
  1  0  0.938300 -0.171929 -0.030626  0.547451  -1
  1  0  0.938300  0.061865 -0.263446  0.117919  -3
  1  0  0.938300  0.180961  0.340528  0.528494  -7
  1  0  0.938300 -0.155243 -0.087135  0.224356  -2
  1  0  0.938300  0.170715  0.093641  0.006210  -3
  1  0  0.938300  0.030592 -0.158058  0.432834  -1
  1  0  0.938300  0.104859  0.151383  0.381543  -1
  1  0  0.938300 -0.146999 -0.233480  0.484256  -2
  1  0  0.938300 -0.224908 -0.155152  0.292016  -4
  1  0  0.938300 -0.106987  0.029316  0.421823  -1
  1  0  0.938300 -0.112747 -0.035736  0.302896  -2
  1  0  0.938300 -0.185339  0.177658  0.345488  -2
  1  0  0.938300  0.110955 -0.115588  0.215324  -2
  1  0  0.938300  0.221645  0.080621  0.204999  -6
  1  0  0.938300 -0.004680  0.054153  0.342457  -1
  1  0  0.938300  0.057185 -0.052468  0.722349  -3
  1  0  0.938300 -0.071450 -0.072247  0.583511  -2
  1  0  0.938300 -0.337862 -0.245981  0.250652  -7
  1  0  0.938300 -0.079625 -0.084296  0.287810  -2
  1  0  0.938300 -0.028026  0.022053  0.066861  -3
  1  0  0.938300  0.270504 -0.116219  0.289251  -2
  1  0  0.938300 -0.037903  0.163844  0.173883  -3
  1  0  0.938300 -0.037300  0.036976  0.384901  -1
  1  0  0.938300 -0.320479 -0.154340  0.359125  -5
  1  0  0.938300  0.081926 -0.053232  0.106524  -3
  1  0  0.938300 -0.123453  0.136457  0.400105  -2
  1  0  0.938300  0.102641  0.133415  0.484303  -3
  1  0  0.938300  0.198423  0.009730  0.243057  -2
  1  0  0.938300 -0.024302 -0.211416  0.127634  -4
  1  0  0.938300 -0.002773  0.169030  0.387658  -2
  1  0  0.938300  0.391278 -0.122675 -0.030539  -6
  1  0  0.938300  0.023116 -0.100162  0.313585  -1
  1  0  0.938300  0.183167  0.035715  0.230357  -3
  1  0  0.938300  0.160410 -0.162686  0.506589  -3
  1  0  0.938300 -0.219744  0.053415  0.507618  -4
  1  0  0.938300 -0.274148 -0.019087  0.545186  -3
  1  0  0.938300 -0.023704  0.046480  0.740931  -4
  1  0  0.938300 -0.166560 -0.143567  0.505714  -2
  1  0  0.938300 -0.019611 -0.224878  0.719076  -6
  1  0  0.938300  0.055507  0.172646  0.503386  -1
  1  0  0.938300 -0.011531 -0.325855  0.321615  -2
  1  0  0.938300 -0.073508  0.086658  0.444516  -5
  1  0  0.938300  0.096289 -0.084085  0.679436  -2
  1  0  0.938300 -0.063178  0.070545  0.277886  -7
  1  0  0.938300 -0.023248  0.141291  0.580758  -1
  1  0  0.938300  0.028868  0.112902  0.592071  -1
  1  0  0.938300 -0.210826  0.002395  0.528630  -2
  1  0  0.938300  0.064051  0.143701  0.474667  -2
  1  0  0.938300 -0.186597  0.165184  0.569932  -1
  1  0  0.938300  0.123924 -0.133514  0.399101  -2
  1  0  0.938300  0.092848  0.093217  0.628861  -1
  1  0  0.938300  0.286965  0.155807  0.236063  -2
  1  0  0.938300  0.275137  0.030278  0.205078  -3
  1  0  0.938300 -0.123551 -0.043832  0.540498  -2
  1  0  0.938300 -0.028729 -0.096856  0.556802  -2
  1  0  0.938300  0.242941  0.184575  0.148042  -5
  1  0  0.938300  0.066496 -0.206523  0.120881  -2
  1  0  0.938300  0.146032  0.285270  0.327052  -5
  1  0  0.938300 -0.179925 -0.176360  0.388237  -2
  1  0  0.938300 -0.071769 -0.012507  0.247216  -3
  1  0  0.938300  0.123579  0.035276  0.449177  -1
  1  0  0.938300 -0.094518  0.205641  0.529587  -6
  1  0  0.938300  0.069299  0.086082  0.493901  -2
  1  0  0.938300 -0.120754  0.126014  0.223032  -8
  1  0  0.938300  0.287358  0.070002  0.606986  -3
  1  0  0.938300  0.025675  0.374645  0.319133  -3
  1  0  0.938300  0.034281 -0.125764  0.602966  -1
  1  0  0.938300  0.149811  0.096343  0.477658  -3
  1  0  0.938300  0.356745 -0.136536  0.360320  -5
  1  0  0.938300 -0.217920 -0.029973  0.242534  -3
  1  0  0.938300 -0.027643  0.088319  0.438089  -1
  1  0  0.938300  0.152101  0.143455  0.620597  -3
  1  0  0.938300  0.149071 -0.145362  0.630547  -2
  1  0  0.938300  0.114646  0.086928  0.761647  -3
  1  0  0.938300 -0.156458 -0.195980  0.282297  -3
  1  0  0.938300  0.103720 -0.023003  0.315551  -3
  1  0  0.938300 -0.104297 -0.072262  0.558166  -1
  1  0  0.938300 -0.170615 -0.135530  0.327925  -5
  1  0  0.938300  0.148471 -0.206193  0.349287  -5
  1  0  0.938300  0.040713 -0.166061  0.402473  -1
  1  0  0.938300  0.227127  0.041675  0.466044  -2
  1  0  0.938300 -0.137110  0.120699  0.544054  -2
  1  0  0.938300  0.098208  0.075462  0.489904  -3
  1  0  0.938300 -0.097633  0.054041  0.098248  -2
  1  0  0.938300  0.103763  0.135815  0.057182  -2
  1  0  0.938300  0.006257  0.027067 -0.004772  -4
  1  0  0.938300 -0.146024 -0.042898  0.236771  -4
  1  0  0.938300  0.065468  0.064705  0.381299  -4
  1  0  0.938300 -0.124309 -0.046066  0.120483  -2
  1  0  0.938300 -0.170773  0.126053  0.232564  -4
  1  0  0.938300  0.106226  0.218488  0.430831  -2
  1  0  0.938300 -0.234493  0.184726  0.502404  -2
  1  0  0.938300 -0.155091  0.189018  0.300568  -2
  1  0  0.938300  0.074366  0.003319  0.545657  -1
  1  0  0.938300 -0.006935 -0.021590  0.413725  -2
  1  0  0.938300  0.023221 -0.043679  0.510652  -8
  1  0  0.938300  0.176186 -0.133245  0.314130  -3
  1  0  0.938300  0.177821 -0.206618  0.401184  -4
  1  0  0.938300 -0.058544  0.097523  0.325841  -1
  1  0  0.938300  0.300921  0.251206  0.227941  -4