  1  1  0.938300  0.096056  0.059455  0.102037   6
  1  1  0.938300 -0.126078  0.090226  0.018918   1
  1  1  0.938300  0.050620 -0.232251  0.043279   7
  1  1  0.938300  0.004969  0.192533  0.166601   4
  1  1  0.938300  0.139583  0.263003  0.590448   4
  1  1  0.938300 -0.158252 -0.124361  0.287811   5
  1  1  0.938300  0.045015  0.019729  0.345063   4
  1  1  0.938300  0.157278  0.319193  0.097487   3
  1  1  0.938300 -0.177803 -0.163118  0.319666   5
  1  1  0.938300 -0.372839  0.257389  0.359160   4
  1  1  0.938300  0.061266 -0.226075  0.379822   5
  1  1  0.938300 -0.172039  0.012791  0.058755   2
  1  1  0.938300 -0.076961 -0.450019  0.045744   4
  1  1  0.938300  0.039599  0.045283  0.108867   1
  1  1  0.938300 -0.305659  0.055923  0.152465   6
  1  1  0.938300  0.276681  0.124304  0.200117   2
  1  1  0.938300 -0.269865  0.261306  0.362573   3
  1  1  0.938300  0.044792 -0.037946  0.285723   8
  1  1  0.938300 -0.089929  0.225493  0.055108   1
  1  1  0.938300  0.188745  0.150610  0.389334   5
  1  1  0.938300  0.092685 -0.044491 -0.032360   1
  1  1  0.938300  0.023874 -0.162826 -0.040237   1
  1  1  0.938300 -0.063611 -0.074019  0.254110   6
  1  1  0.938300  0.226402 -0.233962  0.174746   4
  1  1  0.938300 -0.141094 -0.121974  0.222271   2
  1  1  0.938300  0.046980 -0.156376  0.408894   3
  1  1  0.938300 -0.307169 -0.130004  0.406199   2
  1  1  0.938300  0.115119 -0.082344  0.072031   1
  1  1  0.938300  0.048546  0.139295  0.119702   4
  1  1  0.938300  0.156035 -0.305117  0.307056   3
  1  1  0.938300  0.003436  0.034509  0.397199   4
  1  1  0.938300  0.121890 -0.107106  0.309613   2
  1  1  0.938300  0.102073 -0.144891 -0.008861   2
  1  1  0.938300  0.171820 -0.045094  0.523777   2
  1  1  0.938300  0.048946  0.074516  0.024426   5
  1  1  0.938300  0.030476  0.212760 -0.001747   2
  1  1  0.938300 -0.401798  0.088423  0.210589   3
  1  1  0.938300 -0.051363  0.139883  0.130698   1
  1  1  0.938300 -0.047791  0.124585  0.417318   2
  1  1  0.938300 -0.091434  0.067617  0.386736   3
  1  1  0.938300 -0.289187 -0.008779  0.417235   5
  1  1  0.938300  0.283370 -0.003631  0.445515   3
  1  1  0.938300  0.096953 -0.055259  0.138841   5
  1  1  0.938300 -0.058837  0.093301  0.018575   1
  1  1  0.938300  0.078887 -0.044763  0.326921   3
  1  1  0.938300 -0.311748 -0.241945  0.334003   2
  1  1  0.938300  0.048540  0.022346  0.359598   4
  1  1  0.938300  0.147735 -0.170522  0.175046   3
  1  1  0.938300 -0.141158 -0.047728 -0.067177   1
  1  1  0.938300 -0.136744 -0.191103  0.026719   3
  1  1  0.938300  0.119301  0.217713  0.003647   6
  1  1  0.938300 -0.164048  0.073925  0.041460   1
  1  1  0.938300 -0.016758 -0.156163 -0.023284   3
  1  1  0.938300  0.072797  0.027113  0.381572   8
  1  1  0.938300  0.010273 -0.059371  0.673423   2
  1  1  0.938300  0.087530 -0.027873  0.450311   5
  1  1  0.938300 -0.013742 -0.015325  0.043598   2
  1  1  0.938300 -0.187890 -0.125321  0.003175   2
  1  1  0.938300 -0.211446 -0.365782  0.222865   4
  1  1  0.938300 -0.033643  0.251094  0.252139   6
  1  1  0.938300  0.002531 -0.259753  0.356570   3
  1  1  0.938300  0.279597  0.265101  0.082031   2
  1  1  0.938300  0.243674 -0.255926  0.430745   4
  1  1  0.938300 -0.268130  0.025675  0.215304   8
  1  1  0.938300  0.132932 -0.022186  0.104873   2
  1  1  0.938300 -0.026394 -0.167934  0.318104   3
  1  1  0.938300 -0.131776  0.168312  0.313675   2
  1  1  0.938300  0.078139  0.221786  0.254968   5
  1  1  0.938300  0.264348 -0.017104  0.054940   6
  1  1  0.938300  0.210465 -0.129800  0.235027   2
  1  1  0.938300  0.325654 -0.001851 -0.088987   2
  1  1  0.938300 -0.136281  0.057544  0.209537   2
  1  1  0.938300  0.132711 -0.067717  0.260278   2
  1  1  0.938300  0.037885  0.066439  0.035057   1
  1  1  0.938300 -0.040277 -0.097662 -0.042533   1
  1  1  0.938300 -0.266431  0.045590  0.073301   2
  1  1  0.938300 -0.016482 -0.378468  0.319578   4
  1  1  0.938300  0.025044  0.097372  0.144445   7
  1  1  0.938300  0.325951  0.058078  0.370882   3
  1  0  0.938300  0.117516  0.175185  0.155902   2
  1  0  0.938300 -0.054205  0.139381  0.358763   5
  1  0  0.938300 -0.033577 -0.062215  0.167831   2
  1  0  0.938300  0.139548  0.391603  0.462426   6
  1  0  0.938300 -0.126871 -0.210265  0.206996   2
  1  0  0.938300 -0.307612 -0.177100  0.433215   3
  1  0  0.938300 -0.150994 -0.361529  0.589662   2
  1  0  0.938300 -0.336330 -0.077894  0.194044   2
  1  0  0.938300 -0.166664  0.027421  0.083009   2
  1  0  0.938300  0.108731 -0.112969 -0.044351   1
  1  0  0.938300 -0.133950 -0.036574  0.236683   1
  1  0  0.938300  0.009072 -0.022929  0.475857   3
  1  0  0.938300  0.189801  0.019824  0.167728   1
  1  0  0.938300  0.146906 -0.035544  0.170806   3
  1  0  0.938300 -0.380543  0.134202  0.336035   4
  1  0  0.938300 -0.089882  0.064140  0.139533   4
  1  0  0.938300 -0.247019  0.126146  0.082708   3
  1  0  0.938300  0.042630  0.056457  0.038338   3
  1  0  0.938300 -0.210406 -0.075097  0.601964   3
  1  0  0.938300 -0.012078  0.134495  0.150249   3
  1  0  0.938300 -0.074981 -0.170022  0.249248   2
  1  0  0.938300  0.109090 -0.050269 -0.011329   1
  1  0  0.938300 -0.023491 -0.037076  0.126429   2
  1  0  0.938300  0.063939  0.025376  0.099465   4
  1  0  0.938300  0.165361  0.009519  0.414929   5
  1  0  0.938300  0.146248 -0.231776  0.395155   2
  1  0  0.938300 -0.202545  0.037556  0.008102   1
  1  0  0.938300 -0.222838 -0.319536  0.218937   5
  1  0  0.938300  0.108633 -0.022249  0.442995   3
  1  0  0.938300 -0.303935 -0.104211  0.193551   3
  1  0  0.938300  0.165622 -0.006653 -0.041408   3
  1  0  0.938300 -0.125604 -0.098915 -0.006261   1
  1  0  0.938300 -0.101130  0.200378  0.167219   2
  1  0  0.938300  0.060281  0.063401  0.384314   3
  1  0  0.938300  0.091006  0.311095  0.164598   3
  1  0  0.938300  0.187314  0.016515 -0.147709   2
  1  0  0.938300  0.007430  0.067926 -0.108700   1
  1  0  0.938300 -0.017998  0.130375  0.309041   3
  1  0  0.938300  0.264411  0.005669  0.145345   2
  1  0  0.938300 -0.363558 -0.270574 -0.069573   4
  1  0  0.938300 -0.189883  0.281362  0.538337   2
  1  0  0.938300 -0.015619 -0.205257  0.364966   5
  1  0  0.938300  0.095476  0.044604  0.364558   2
  1  0  0.938300  0.048861 -0.129128  0.225207   5
  1  0  0.938300 -0.120892  0.042473  0.133188   3
  1  0  0.938300 -0.033462  0.074755  0.074448   1
  1  0  0.938300  0.029443  0.005277  0.339201   5
  1  0  0.938300  0.084870 -0.374785  0.525134   2
  1  0  0.938300 -0.022121 -0.003269 -0.126046   1
  1  0  0.938300 -0.174016 -0.127349  0.270485   3
  1  0  0.938300 -0.043941 -0.058004 -0.169673   1
  1  0  0.938300  0.140850  0.162589 -0.159506   8
  1  0  0.938300  0.175517 -0.002852  0.229728   2
  1  0  0.938300 -0.106304 -0.157152  0.189482   5
  1  0  0.938300  0.018263  0.043953  0.291560   2
  1  0  0.938300  0.228209  0.145581  0.620721   3
  1  0  0.938300  0.034193 -0.124739  0.002915   1
  1  0  0.938300 -0.101895 -0.033027  0.259111   3
  1  0  0.938300  0.287986 -0.129150  0.156482   2
  1  0  0.938300 -0.076104  0.149617  0.657028   2
  1  0  0.938300  0.111575  0.121225  0.137141   1
  1  0  0.938300  0.034579 -0.245460  0.113756   3
  1  0  0.938300 -0.439000  0.156863  0.046284   2
  1  0  0.938300 -0.029510 -0.197600  0.041712   4
  1  0  0.938300  0.043346  0.156301 -0.018195   1
  1  0  0.938300  0.239286 -0.005114  0.240357   3
  1  0  0.938300  0.068323 -0.108968  0.082794   1
  1  0  0.938300  0.114552  0.293888  0.238244   4
  1  0  0.938300  0.009819  0.083176  0.088326   3
  1  0  0.938300  0.033315  0.133520 -0.125258   1
  1  0  0.938300 -0.095532 -0.222793  0.277734   2
  1  0  0.938300  0.024533 -0.022468 -0.029893   1
  1  0  0.938300 -0.077713 -0.033594  0.235486   2
  1  0  0.938300 -0.108593  0.156323  0.262503   4
  1  0  0.938300 -0.136298  0.078825 -0.054176   1
  1  0  0.938300 -0.192558 -0.097073  0.136269   2
  1  0  0.938300 -0.383238  0.003805  0.257007   3
  1  0  0.938300 -0.051969 -0.238539  0.044078   5
  1  0  0.938300 -0.095584  0.119241  0.390917   7
  1  0  0.938300 -0.221017  0.102251  0.110146   1
  1  0  0.938300  0.110389 -0.184798  0.005360   1
  1  0  0.938300  0.145490 -0.182141  0.150529   2
  1  0  0.938300  0.043154  0.116354  0.087336   5
  1  0  0.938300  0.053024 -0.000922  0.324788   2
  1  0  0.938300 -0.299243  0.081999  0.448565   2
  1  0  0.938300  0.117862 -0.020955  0.076318   2
  1  0  0.938300 -0.070825 -0.122543 -0.074376   1
  1  0  0.938300  0.065717  0.021482  0.238043   4
  1  0  0.938300  0.197631  0.173919  0.433992   5
  1  0  0.938300  0.028053  0.146512 -0.009814   2
  1  0  0.938300  0.250568  0.017933  0.028129   1
  1  0  0.938300  0.010649 -0.079257 -0.104378   1
  1  0  0.938300  0.025804 -0.170236  0.219819   2
  1  0  0.938300  0.031865  0.039251  0.209025   1
  1  0  0.938300 -0.400840 -0.015862  0.097878   3
  1  0  0.938300 -0.073423  0.290924 -0.053868   2
  1  0  0.938300 -0.230526 -0.215054  0.077562   3
  1  0  0.938300 -0.076837 -0.210376  0.467915   2
  1  0  0.938300 -0.035233 -0.021916  0.030716   2
  1  0  0.938300 -0.466804 -0.390660  0.604645   2
  1  0  0.938300 -0.081956  0.015857  0.326914   4
  1  0  0.938300 -0.063174 -0.160492  0.278365   6
  1  0  0.938300  0.294447  0.216568  0.192075   2
  1  0  0.938300  0.078363  0.146208 -0.036355   1
  1  0  0.938300 -0.041751 -0.000730  0.396200   2
  1  0  0.938300 -0.178581  0.081711  0.187192   7
  1  0  0.938300 -0.249807 -0.143723  0.009960   3
  1  0  0.938300  0.101579 -0.299393  0.223662   2
  1  0  0.938300 -0.260382 -0.104108  0.269446   4
  1  0  0.938300  0.161376  0.142791 -0.014417   1
  1  0  0.938300  0.255900  0.000074  0.213390   2
  1  0  0.938300  0.021362  0.036672  0.158934   1
  1  0  0.938300 -0.056567  0.156912  0.174617   3
  1  0  0.938300 -0.037393 -0.077464  0.106082   1
  1  0  0.938300 -0.129934 -0.061351  0.198192   4
  1  0  0.938300 -0.139650 -0.066435  0.011854   4
  1  0  0.938300 -0.152325  0.095691  0.108760   1
  1  0  0.938300 -0.047906  0.189270 -0.010449   1
  1  1  0.938300 -0.222351 -0.053958  0.149997  -2
  1  1  0.938300 -0.121678  0.295234  0.320657  -2
  1  1  0.938300 -0.096067 -0.065068  0.732524  -4
  1  1  0.938300  0.121228 -0.093892  0.341592  -2
  1  1  0.938300  0.115151 -0.053712  0.346453  -3
  1  1  0.938300  0.000462  0.195889  0.373653  -1
  1  1  0.938300  0.144437 -0.185078  0.161678  -2
  1  1  0.938300  0.016061  0.163708  0.503841  -6
  1  1  0.938300  0.314985 -0.340799  0.240640  -2
  1  1  0.938300 -0.193802  0.181011  0.416560  -2
  1  1  0.938300 -0.081565 -0.091201  0.476024  -1
  1  1  0.938300 -0.179079 -0.044639  0.316965  -2
  1  1  0.938300  0.022545 -0.148328  0.400752  -1
  1  1  0.938300 -0.039259  0.079750  0.511985  -1
  1  1  0.938300  0.024732  0.067227  0.025114  -4
  1  1  0.938300  0.209063  0.295083 -0.004575  -6
  1  1  0.938300 -0.113177  0.082177  0.522143  -1
  1  1  0.938300 -0.003300 -0.023365  0.595570  -2
  1  1  0.938300  0.209705  0.183378  0.477341  -2
  1  1  0.938300  0.109528  0.186460  0.362426  -5
  1  1  0.938300  0.238899 -0.345318  0.172145  -2
  1  1  0.938300 -0.135527 -0.103788  0.480724  -1
  1  1  0.938300 -0.102586  0.097687  0.548739  -1
  1  1  0.938300  0.150099  0.188656  0.234638  -6
  1  1  0.938300 -0.063763  0.129639  0.396824  -1
  1  1  0.938300 -0.083352  0.042167  0.587903  -1
  1  1  0.938300  0.147212  0.156827  0.272997  -3
  1  1  0.938300 -0.066851  0.038686  0.462294  -1
  1  1  0.938300 -0.054773 -0.113949  0.117025  -2
  1  1  0.938300  0.171565  0.301029  0.421887  -3
  1  1  0.938300 -0.040178 -0.073494  0.620254  -1
  1  1  0.938300  0.335498 -0.023602  0.393836  -5
  1  1  0.938300  0.153942  0.216648  0.454070  -2
  1  1  0.938300 -0.110683  0.085505  0.473272  -2
  1  1  0.938300  0.153378  0.251967  0.625057  -3
  1  1  0.938300  0.403352  0.054356  0.423396  -6
  1  1  0.938300  0.123497 -0.071594  0.013567  -4
  1  1  0.938300  0.051072 -0.170823  0.325089  -2
  1  1  0.938300  0.031763 -0.115788  0.426173  -1
  1  1  0.938300  0.102071 -0.119006  0.473769  -5
  1  1  0.938300 -0.067266  0.000360  0.309936  -3
  1  1  0.938300 -0.268685  0.392739 -0.061253  -6
  1  1  0.938300 -0.213204 -0.001905  0.089293  -2
  1  1  0.938300  0.001242 -0.111556  0.644594  -3
  1  1  0.938300  0.076061  0.345252  0.282547  -2
  1  1  0.938300 -0.053528 -0.209615  0.030908  -3
  1  1  0.938300  0.041211 -0.173957  0.359090  -4
  1  1  0.938300  0.088565  0.036254  0.345930  -6
  1  1  0.938300  0.136785 -0.061704  0.204752  -2
  1  1  0.938300 -0.003676 -0.181456  0.390713  -2
  1  1  0.938300  0.075778  0.169913 -0.077800  -3
  1  1  0.938300 -0.045679 -0.022450  0.350030  -1
  1  1  0.938300  0.358216 -0.219319  0.174175  -3
  1  1  0.938300 -0.200433 -0.117524  0.378832  -2
  1  1  0.938300 -0.011691  0.008497  0.443426  -1
  1  1  0.938300  0.215355  0.036765  0.346645  -2
  1  1  0.938300  0.136749 -0.016932  0.160401  -6
  1  1  0.938300  0.303269  0.067425 -0.263702  -3
  1  1  0.938300 -0.102116  0.067745  0.460592  -2
  1  1  0.938300 -0.099847 -0.111282  0.553422  -2
  1  1  0.938300 -0.414153 -0.101795  0.060422  -4
  1  1  0.938300  0.395241  0.075133  0.747720  -2
  1  1  0.938300  0.258568 -0.255573  0.509500  -2
  1  1  0.938300 -0.048932 -0.067144  0.571249  -1
  1  1  0.938300  0.205992  0.029172  0.188787  -7
  1  1  0.938300  0.082956 -0.288844  0.516363  -2
  1  1  0.938300  0.203703 -0.037409  0.358092  -3
  1  1  0.938300  0.175054 -0.194845  0.122543  -6
  1  1  0.938300  0.007068  0.045994  0.423401  -2
  1  1  0.938300 -0.250921  0.135419  0.233449  -3
  1  1  0.938300 -0.071946  0.270597  0.425689  -9
  1  1  0.938300  0.300160 -0.041052  0.017457  -3
  1  1  0.938300 -0.036801  0.121764  0.574456  -1
  1  1  0.938300  0.300391 -0.162958  0.518102  -5
  1  1  0.938300  0.065682 -0.167863  0.316848  -2
  1  1  0.938300 -0.083883  0.051911  0.407184  -1
  1  1  0.938300 -0.271925  0.152385  0.283675  -5
  1  1  0.938300 -0.000541 -0.371454  0.271794  -2
  1  1  0.938300  0.130934  0.019861  0.341993  -1
  1  0  0.938300  0.198156 -0.110357  0.389192  -4
  1  0  0.938300  0.142207 -0.410831  0.299885  -3
  1  0  0.938300  0.216561  0.169557  0.247371  -3
  1  0  0.938300 -0.242534 -0.060117  0.290501  -2
  1  0  0.938300  0.101766  0.096277  0.452315  -3
  1  0  0.938300  0.055434  0.073250  0.520476  -1
  1  0  0.938300 -0.036884  0.089652  0.287412  -2
  1  0  0.938300  0.052879  0.378263  0.592097  -3
  1  0  0.938300  0.004738 -0.069970  0.408210  -3
  1  0  0.938300 -0.224390 -0.140339  0.054142  -2
  1  0  0.938300  0.019353 -0.122127  0.353816  -5
  1  0  0.938300 -0.033244  0.142615  0.622072  -3
  1  0  0.938300  0.000922  0.115821  0.159218  -3
  1  0  0.938300 -0.110912  0.038259  0.216242  -4
  1  0  0.938300 -0.358405  0.066871  0.251356  -2
  1  0  0.938300  0.036562 -0.122294  0.735661  -2
  1  0  0.938300  0.076282 -0.227368  0.323758  -6
  1  0  0.938300 -0.092510 -0.051110  0.692441  -1
  1  0  0.938300  0.022641  0.036258  0.460962  -1
  1  0  0.938300 -0.167123  0.282591  0.295888  -2
  1  0  0.938300 -0.000634 -0.230581  0.140355  -3
  1  0  0.938300  0.378292  0.082085  0.194110  -2
  1  0  0.938300  0.258100 -0.159247  0.296197  -3
  1  0  0.938300  0.072784 -0.064467  0.277081  -3
  1  0  0.938300  0.068283 -0.145947  0.270779  -4
  1  0  0.938300  0.059748  0.335068  0.327942  -4
  1  0  0.938300 -0.030754  0.042267  0.298281  -2
  1  0  0.938300 -0.020522  0.069100  0.397276  -5
  1  0  0.938300  0.340949  0.335353  0.066105  -7
  1  0  0.938300 -0.206238  0.388895  0.298675  -4
  1  0  0.938300 -0.021563 -0.083364  0.308108  -4
  1  0  0.938300  0.073543 -0.052996  0.519211  -1
  1  0  0.938300  0.031145 -0.185158  0.489469  -1
  1  0  0.938300 -0.137144 -0.328739  0.506224  -3
  1  0  0.938300  0.085756 -0.222475  0.204755  -2
  1  0  0.938300  0.056589  0.029255  0.529629  -1
  1  0  0.938300  0.146366 -0.053055  0.440320  -4
  1  0  0.938300  0.183498  0.103862  0.192749  -3
  1  0  0.938300 -0.074640 -0.065727  0.545965  -1
  1  0  0.938300 -0.083901  0.003929  0.553976  -2
  1  0  0.938300 -0.048423 -0.047905  0.212676  -6
  1  0  0.938300  0.242699 -0.022362  0.705274  -2
  1  0  0.938300  0.029567  0.028057  0.366416  -3
  1  0  0.938300  0.162169  0.108941  0.505668  -1
  1  0  0.938300  0.330983 -0.218892  0.097936  -7
  1  0  0.938300  0.013458 -0.066185  0.383429  -1
  1  0  0.938300  0.220316 -0.095780  0.178775  -4
  1  0  0.938300  0.297703 -0.315692  0.604231  -5
  1  0  0.938300  0.110346  0.059924  0.289721  -2
  1  0  0.938300  0.026057 -0.096211  0.547918  -1
  1  0  0.938300  0.127804  0.155980  0.487998  -2
  1  0  0.938300  0.034368 -0.137258  0.341160  -3
  1  0  0.938300 -0.236440 -0.104586 -0.002447  -2
  1  0  0.938300 -0.234491  0.189158  0.487740  -5
  1  0  0.938300 -0.071894 -0.334211  0.204755  -3
  1  0  0.938300 -0.014531 -0.047012  0.482580  -1
  1  0  0.938300 -0.283650  0.095711  0.236450  -3
  1  0  0.938300 -0.117704  0.129086  0.168005  -4
  1  0  0.938300  0.301342 -0.032376  0.169893  -3
  1  0  0.938300  0.064724  0.112531  0.479294  -4
  1  0  0.938300 -0.084152 -0.139785  0.606380  -2
  1  0  0.938300  0.247296 -0.008227  0.251643  -3
  1  0  0.938300 -0.260443  0.195988  0.420011  -2
  1  0  0.938300  0.168982 -0.211142  0.398317  -3
  1  0  0.938300 -0.254568 -0.092524  0.338281  -2
  1  0  0.938300  0.120221  0.019203  0.508424  -3
  1  0  0.938300  0.272953  0.016130  0.560543  -2
  1  0  0.938300  0.006071 -0.012370  0.581382  -1
  1  0  0.938300 -0.157227  0.053245  0.394203  -2
  1  0  0.938300  0.214692  0.078852  0.475579  -2
  1  0  0.938300  0.110583  0.126079  0.461253  -2
  1  0  0.938300  0.227683  0.074280  0.057386  -3
  1  0  0.938300 -0.063187 -0.214702  0.596871  -1
  1  0  0.938300  0.022177  0.089445  0.362234  -4
  1  0  0.938300 -0.023130 -0.279450  0.209726  -2
  1  0  0.938300 -0.111422  0.220126  0.197116  -3
  1  0  0.938300  0.050878 -0.286053  0.613752  -6
  1  0  0.938300 -0.200910  0.103900 -0.076218  -3
  1  0  0.938300  0.210958 -0.037696  0.394062  -2
  1  0  0.938300 -0.011702 -0.093605  0.630704  -2
  1  0  0.938300  0.212405  0.057425  0.351039  -3
  1  0  0.938300 -0.155785 -0.144468  0.277168  -5
  1  0  0.938300  0.110187  0.034552  0.526966  -1
  1  0  0.938300 -0.072475 -0.106187  0.418711  -2
  1  0  0.938300  0.202884 -0.054460  0.368548  -2
  1  0  0.938300 -0.131284 -0.175501  0.193390  -3
  1  0  0.938300 -0.117799 -0.152568  0.544231  -1
  1  0  0.938300  0.027277  0.386032  0.274373  -3
  1  0  0.938300 -0.038425 -0.071175 -0.033012  -3
  1  0  0.938300 -0.021283  0.142380  0.375136  -3
  1  0  0.938300  0.186482 -0.200441  0.138936  -2
  1  0  0.938300  0.130328 -0.217731  0.431733  -3
  1  0  0.938300 -0.404022 -0.047927  0.499448  -3
  1  0  0.938300 -0.023116 -0.089712  0.222589  -3
  1  0  0.938300 -0.011742  0.054870  0.458260  -1
  1  0  0.938300 -0.191116 -0.053458  0.372010  -6
  1  0  0.938300  0.209096 -0.251576  0.406988  -2
  1  0  0.938300 -0.312660  0.099057  0.538361  -3
  1  0  0.938300 -0.230953  0.181899  0.664164  -6
  1  0  0.938300 -0.141325  0.031377  0.496173  -3
  1  0  0.938300  0.164109  0.338339  0.292988  -5
  1  0  0.938300  0.023131 -0.081147  0.467629  -2
  1  0  0.938300 -0.270370  0.271427  0.366888  -4
  1  0  0.938300  0.111501  0.041042  0.531957  -1
  1  0  0.938300  0.384041  0.138783  0.520645  -3
  1  0  0.938300  0.039119  0.194508  0.365857  -4
  1  0  0.938300  0.022747 -0.051763  0.337298  -3
  1  0  0.938300  0.252811 -0.039478  0.207568  -3
  1  0  0.938300  0.274871  0.201204  0.270810  -3
  1  0  0.938300 -0.120606  0.069468  0.299493  -1
  1  0  0.938300 -0.123691 -0.072588  0.552503  -2
  1  0  0.938300 -0.162577 -0.004220  0.390574  -2
  1  0  0.938300  0.151076  0.062583  0.539885  -1
  1  0  0.938300 -0.048448 -0.026598  0.585754  -4
  1  0  0.938300 -0.236414 -0.025047  0.193655  -2
  1  0  0.938300  0.190329  0.163422  0.547098  -1
  1  0  0.938300  0.240755 -0.303821  0.586905  -2
  1  0  0.938300  0.088369 -0.258024  0.209308  -4