  1  1  0.938300 -0.126665  0.071878  0.038330   1
  1  1  0.938300  0.053618 -0.090849  0.115731   2
  1  1  0.938300  0.482506 -0.115090  0.119305   3
  1  1  0.938300  0.264360 -0.157628  0.321245   2
  1  1  0.938300 -0.229470 -0.002382  0.264713   2
  1  1  0.938300 -0.002352 -0.242093  0.197935   3
  1  1  0.938300  0.097510 -0.289519  0.659504   3
  1  1  0.938300  0.175398 -0.193439  0.132542   2
  1  1  0.938300  0.163480 -0.136263  0.131154   3
  1  1  0.938300 -0.242327  0.097594  0.632877   2
  1  1  0.938300  0.152698 -0.350769  0.093502   4
  1  1  0.938300 -0.079292  0.437651  0.019948   2
  1  1  0.938300  0.048451  0.154821  0.183350   3
  1  1  0.938300 -0.062939 -0.288440  0.155623   6
  1  1  0.938300  0.100286  0.161292  0.186489   2
  1  1  0.938300  0.013562 -0.118096  0.127941   5
  1  1  0.938300  0.350418 -0.211224  0.480381   4
  1  1  0.938300 -0.076482  0.113562 -0.055786   1
  1  1  0.938300  0.218418 -0.038240  0.196509   2
  1  1  0.938300 -0.127070 -0.135600  0.485277   3
  1  1  0.938300 -0.051576 -0.162031 -0.006320   1
  1  1  0.938300 -0.329928  0.018149  0.454971   2
  1  1  0.938300 -0.138281 -0.103541 -0.109309   5
  1  1  0.938300  0.213435  0.058415 -0.033073   3
  1  1  0.938300 -0.156782 -0.107117  0.086686   1
  1  1  0.938300  0.019141 -0.157101  0.204334   1
  1  1  0.938300 -0.194330 -0.034306  0.285002   2
  1  1  0.938300  0.046015 -0.156166  0.297638   4
  1  1  0.938300 -0.082199  0.041586  0.093791   4
  1  1  0.938300 -0.053349 -0.008213  0.202715   1
  1  1  0.938300 -0.144532  0.028052  0.325041   4
  1  1  0.938300  0.061574  0.100446  0.154339   4
  1  1  0.938300 -0.199742 -0.063012  0.091172   3
  1  1  0.938300 -0.028921 -0.029490  0.116664   2
  1  1  0.938300 -0.092530 -0.189931  0.138250   3
  1  1  0.938300  0.173550  0.167711  0.129968   3
  1  1  0.938300  0.250783  0.013279  0.233140   3
  1  1  0.938300 -0.204098 -0.181530  0.260725   2
  1  1  0.938300 -0.235650 -0.037464  0.448779   5
  1  1  0.938300 -0.150412 -0.062356  0.028751   1
  1  1  0.938300  0.045653  0.005743  0.109539   1
  1  1  0.938300  0.048431  0.103170  0.296364   7
  1  1  0.938300 -0.008503 -0.045015  0.085529   6
  1  1  0.938300  0.115555 -0.104312  0.267201   2
  1  1  0.938300 -0.136616 -0.203413  0.265989   2
  1  1  0.938300 -0.015684 -0.063588  0.248643   1
  1  1  0.938300  0.047080  0.134429  0.148758   2
  1  1  0.938300 -0.039766  0.138869  0.170412   1
  1  1  0.938300 -0.166824  0.151088  0.329929   5
  1  1  0.938300  0.145911  0.307365 -0.067476   3
  1  1  0.938300  0.056903 -0.144744 -0.025554   2
  1  1  0.938300 -0.121898 -0.157564  0.166107   5
  1  1  0.938300 -0.001900  0.293372  0.277378   4
  1  1  0.938300 -0.082650 -0.140006  0.133133   1
  1  1  0.938300  0.182304  0.282186  0.357244   6
  1  1  0.938300 -0.067350  0.131417  0.113185   1
  1  1  0.938300  0.070914  0.058226  0.075545   1
  1  1  0.938300  0.329017  0.461712  0.411293   9
  1  1  0.938300 -0.075352  0.197747  0.183345   2
  1  1  0.938300  0.137814  0.091506  0.502178   7
  1  1  0.938300 -0.091370 -0.184681  0.453253   3
  1  1  0.938300 -0.354537  0.251099  0.155499   6
  1  1  0.938300 -0.203646  0.195215  0.144271   2
  1  1  0.938300 -0.114998  0.269546  0.111717   4
  1  1  0.938300  0.186215  0.066193  0.114589   2
  1  1  0.938300 -0.384130  0.341078  0.322068   3
  1  1  0.938300 -0.056693  0.175370  0.291701   4
  1  1  0.938300 -0.115721  0.005230  0.178223   4
  1  1  0.938300 -0.099456 -0.178735  0.011104   3
  1  1  0.938300 -0.159548 -0.055637  0.333482   2
  1  1  0.938300  0.013110 -0.146959  0.141794   1
  1  1  0.938300  0.025332 -0.075758  0.183963   4
  1  1  0.938300 -0.074861 -0.115895  0.367675   3
  1  1  0.938300 -0.064476  0.028962  0.307117   3
  1  1  0.938300  0.152757  0.033632  0.702983   4
  1  1  0.938300 -0.126332 -0.087269  0.131169   2
  1  1  0.938300 -0.149191 -0.129196  0.297807   2
  1  1  0.938300  0.047252  0.136966  0.178070   4
  1  1  0.938300  0.239813 -0.384644  0.449777   4
  1  0  0.938300  0.229481  0.092933  0.152833   3
  1  0  0.938300 -0.118538 -0.026149  0.313804   3
  1  0  0.938300 -0.136917 -0.047332 -0.086704   3
  1  0  0.938300 -0.140527 -0.038502  0.179174   4
  1  0  0.938300  0.273710  0.560278  0.324725   3
  1  0  0.938300 -0.015249 -0.228424  0.208913   2
  1  0  0.938300 -0.038351  0.040308 -0.020893   1
  1  0  0.938300 -0.072985 -0.069181  0.003959   1
  1  0  0.938300 -0.050996  0.123056  0.079222   1
  1  0  0.938300 -0.035263 -0.041042  0.176311   2
  1  0  0.938300  0.282667  0.272286  0.559665   5
  1  0  0.938300  0.067528 -0.029592  0.141450   1
  1  0  0.938300 -0.030670  0.206346  0.318220   6
  1  0  0.938300  0.107268  0.136583  0.315355   6
  1  0  0.938300  0.217515  0.043244  0.165112   4
  1  0  0.938300  0.131632  0.018924  0.099005   4
  1  0  0.938300  0.043039  0.015208  0.504472   2
  1  0  0.938300 -0.113249  0.187864  0.345820   3
  1  0  0.938300 -0.112714  0.184575  0.137801   2
  1  0  0.938300  0.055388 -0.132410  0.293361   6
  1  0  0.938300 -0.114009 -0.244231  0.483038   4
  1  0  0.938300 -0.064922 -0.225033  0.066196   1
  1  0  0.938300 -0.033696 -0.044413  0.360631   4
  1  0  0.938300 -0.066503  0.011341  0.052938   1
  1  0  0.938300 -0.029847 -0.171039  0.475146   2
  1  0  0.938300  0.505539  0.261258  0.029602   5
  1  0  0.938300  0.212983 -0.370618  0.335850   3
  1  0  0.938300  0.148715  0.114066  0.112861   1
  1  0  0.938300 -0.136804 -0.087906  0.480237   6
  1  0  0.938300 -0.277813 -0.138569  0.138795   2
  1  0  0.938300  0.040836  0.070312  0.339557   3
  1  0  0.938300 -0.436875 -0.016168  0.314720   2
  1  0  0.938300  0.194245  0.104288  0.179486   1
  1  0  0.938300  0.261769 -0.127398  0.139610   2
  1  0  0.938300 -0.068365 -0.110789  0.535268   3
  1  0  0.938300 -0.005339  0.139720  0.096642   2
  1  0  0.938300 -0.275588 -0.069087  0.042700   3
  1  0  0.938300  0.034336  0.394278  0.319431   5
  1  0  0.938300 -0.038855 -0.010814  0.626551   3
  1  0  0.938300  0.007691  0.045057 -0.002413   3
  1  0  0.938300 -0.024904 -0.281094  0.100525   3
  1  0  0.938300 -0.062760  0.137226  0.403684   3
  1  0  0.938300 -0.191492  0.022060  0.445270   4
  1  0  0.938300 -0.039703 -0.190046  0.425920   2
  1  0  0.938300  0.358990  0.095224  0.328077   2
  1  0  0.938300 -0.387436 -0.091075  0.129787   4
  1  0  0.938300  0.047739  0.241367  0.357039   4
  1  0  0.938300  0.243400 -0.133503  0.120530   3
  1  0  0.938300  0.029893 -0.037575 -0.118202   1
  1  0  0.938300 -0.096610 -0.080333  0.170441   2
  1  0  0.938300  0.001179  0.128316  0.256832   3
  1  0  0.938300  0.042750 -0.129668  0.345035   6
  1  0  0.938300 -0.151221 -0.086204  0.037397   2
  1  0  0.938300  0.162532 -0.073719  0.022367   1
  1  0  0.938300  0.052690 -0.135352  0.067198   1
  1  0  0.938300 -0.207781  0.024885 -0.119992   2
  1  0  0.938300  0.074907 -0.051160  0.416700   2
  1  0  0.938300 -0.261489  0.133388  0.265455   4
  1  0  0.938300 -0.071381 -0.208686  0.190402   2
  1  0  0.938300 -0.159658  0.007142  0.075047   1
  1  0  0.938300  0.101757 -0.164903  0.237858   4
  1  0  0.938300 -0.094782  0.253065  0.283686   5
  1  0  0.938300  0.231529  0.016226 -0.019944   5
  1  0  0.938300  0.034493 -0.206539  0.203461   5
  1  0  0.938300  0.011483 -0.062731  0.173059   4
  1  0  0.938300 -0.080330  0.190329 -0.019646   3
  1  0  0.938300 -0.202447 -0.514690  0.464430   3
  1  0  0.938300 -0.091921 -0.149529 -0.063163   1
  1  0  0.938300 -0.542691  0.085991  0.133153   3
  1  0  0.938300  0.125324  0.159511 -0.206726   2
  1  0  0.938300  0.240394  0.135102  0.215065   2
  1  0  0.938300 -0.329765 -0.102073  0.301844   3
  1  0  0.938300 -0.245258 -0.071457  0.525860   7
  1  0  0.938300  0.168103  0.008408 -0.043903   3
  1  0  0.938300  0.134368 -0.060003  0.471031   3
  1  0  0.938300  0.180135  0.001291  0.446942   3
  1  0  0.938300  0.196421  0.011073  0.222182   2
  1  0  0.938300 -0.090600  0.123790  0.471807   5
  1  0  0.938300 -0.062395 -0.288599  0.228671   3
  1  0  0.938300  0.100159  0.077010 -0.063842   1
  1  0  0.938300  0.156952 -0.057321  0.601955   6
  1  0  0.938300  0.028283  0.199621  0.359220   3
  1  0  0.938300  0.039981  0.023150  0.002491   1
  1  0  0.938300  0.335247 -0.059976  0.347365   2
  1  0  0.938300 -0.456284  0.022885  0.080652   2
  1  0  0.938300 -0.302800 -0.067325  0.365727   4
  1  0  0.938300  0.267581  0.180084  0.254394   3
  1  0  0.938300  0.134891  0.109314  0.319152   3
  1  0  0.938300  0.046097  0.123231 -0.003610   1
  1  0  0.938300 -0.249525 -0.070618  0.378756   3
  1  0  0.938300 -0.002974  0.070104  0.049550   1
  1  0  0.938300 -0.124543  0.099116  0.396948   2
  1  0  0.938300 -0.141051 -0.005906  0.041166   3
  1  0  0.938300 -0.173419 -0.101091  0.299716   3
  1  0  0.938300  0.032460  0.273637  0.020794   4
  1  0  0.938300  0.039213 -0.098758  0.007101   1
  1  0  0.938300  0.016341  0.006066  0.253647   5
  1  0  0.938300  0.128406  0.074358  0.160191   1
  1  0  0.938300 -0.422254  0.046546  0.426777   4
  1  0  0.938300  0.247106 -0.039010  0.162807   4
  1  0  0.938300  0.095496  0.076301 -0.077090   1
  1  0  0.938300 -0.135046  0.263992  0.182318   3
  1  0  0.938300  0.043668 -0.189561  0.329616   4
  1  0  0.938300  0.144672 -0.081076  0.116580   1
  1  0  0.938300  0.364834  0.117471  0.473022   3
  1  0  0.938300  0.019232  0.301347  0.375853   2
  1  0  0.938300  0.326867 -0.140817  0.209131   2
  1  0  0.938300  0.037087  0.114803  0.289968   1
  1  0  0.938300 -0.174851 -0.339122  0.329206   2
  1  0  0.938300 -0.237311  0.224864  0.258635   2
  1  0  0.938300 -0.240693  0.027652 -0.185180   4
  1  0  0.938300  0.110428 -0.231773  0.452311   2
  1  0  0.938300  0.019935 -0.056744 -0.032401   2
  1  0  0.938300  0.069248 -0.159994  0.092275   2
  1  0  0.938300 -0.166995 -0.067208  0.231355   2
  1  0  0.938300  0.143150  0.159099  0.013600   1
  1  0  0.938300  0.128036  0.004960 -0.050101   1
  1  0  0.938300 -0.008320 -0.121364  0.235958   2
  1  1  0.938300 -0.437607  0.268767  0.240272  -2
  1  1  0.938300 -0.103418  0.177624 -0.085308  -5
  1  1  0.938300  0.150181 -0.125428  0.482473  -5
  1  1  0.938300 -0.045414  0.144538  0.534465  -1
  1  1  0.938300 -0.028391  0.040348  0.516273  -2
  1  1  0.938300  0.164783 -0.305514  0.206130  -2
  1  1  0.938300  0.657098 -0.301362  0.553008  -3
  1  1  0.938300  0.050266 -0.157393  0.376799  -4
  1  1  0.938300  0.223806  0.165760  0.232721  -2
  1  1  0.938300 -0.156693  0.269290  0.528095  -5
  1  1  0.938300 -0.050788 -0.016317  0.075960  -2
  1  1  0.938300 -0.168248 -0.027701  0.248176  -2
  1  1  0.938300 -0.125808 -0.036953  0.586178  -1
  1  1  0.938300 -0.009884 -0.162026  0.426206  -1
  1  1  0.938300 -0.154765 -0.083713  0.009337  -6
  1  1  0.938300 -0.177619  0.027177  0.468860  -8
  1  1  0.938300 -0.011118  0.089966  0.487202  -4
  1  1  0.938300 -0.013825  0.024768  0.358843  -4
  1  1  0.938300  0.304453 -0.132663  0.448482  -5
  1  1  0.938300  0.315575 -0.183397  0.232118  -2
  1  1  0.938300  0.115915 -0.133113  0.315509  -4
  1  1  0.938300  0.110746  0.246540  0.409059  -3
  1  1  0.938300  0.156141 -0.217330 -0.045923  -5
  1  1  0.938300  0.129507  0.153466  0.332058  -3
  1  1  0.938300  0.029898 -0.172200  0.299236  -2
  1  1  0.938300 -0.119562 -0.020784  0.519184  -3
  1  1  0.938300  0.067157  0.070375  0.329651  -3
  1  1  0.938300 -0.039888 -0.046981  0.577651  -1
  1  1  0.938300  0.040021  0.309520  0.556261  -2
  1  1  0.938300 -0.103615  0.037491  0.440883  -1
  1  1  0.938300  0.148444 -0.011781  0.549979  -2
  1  1  0.938300 -0.003851 -0.015533  0.007611  -3
  1  1  0.938300  0.158371  0.435678  0.228543  -3
  1  1  0.938300  0.266390  0.002802  0.196674  -4
  1  1  0.938300 -0.046589 -0.132554  0.313617  -5
  1  1  0.938300  0.347088  0.209360  0.580635  -3
  1  1  0.938300 -0.026713  0.035318  0.193644  -3
  1  1  0.938300  0.003039  0.038397  0.219291  -4
  1  1  0.938300 -0.002122  0.093314  0.051188  -2
  1  1  0.938300 -0.015304  0.042111  0.449057  -1
  1  1  0.938300 -0.158461 -0.379195  0.093924  -5
  1  1  0.938300 -0.144352 -0.536180  0.275894  -4
  1  1  0.938300 -0.062828  0.104722 -0.077004  -5
  1  1  0.938300  0.466385 -0.064223  0.308103  -2
  1  1  0.938300  0.053334 -0.293485  0.220915  -3
  1  1  0.938300  0.095819  0.040439  0.335573  -3
  1  1  0.938300 -0.189101  0.232429  0.464660  -2
  1  1  0.938300 -0.037704  0.090946  0.623457  -1
  1  1  0.938300  0.050948  0.072172  0.511205  -5
  1  1  0.938300  0.306621  0.232276  0.428621  -3
  1  1  0.938300 -0.038738 -0.243535  0.627052  -2
  1  1  0.938300  0.099790 -0.076287  0.349544  -3
  1  1  0.938300 -0.004231 -0.127097  0.609058  -1
  1  1  0.938300  0.332878 -0.124737  0.498008  -2
  1  1  0.938300 -0.015264 -0.079347  0.420796  -2
  1  1  0.938300 -0.038233 -0.054702  0.379887  -3
  1  1  0.938300 -0.299081  0.248158  0.241150  -3
  1  1  0.938300  0.034049  0.042298  0.578119  -1
  1  1  0.938300 -0.000752 -0.536877  0.374111  -4
  1  1  0.938300  0.102855  0.098757  0.420216  -1
  1  1  0.938300 -0.035245  0.032927  0.568421  -3
  1  1  0.938300  0.007953 -0.229007  0.415218  -1
  1  1  0.938300 -0.057927 -0.038137  0.342777  -1
  1  1  0.938300  0.060768  0.250091  0.312280  -2
  1  1  0.938300  0.054394  0.123294 -0.096280  -2
  1  1  0.938300 -0.316233  0.245767  0.453923  -5
  1  1  0.938300 -0.100725 -0.289498  0.374532  -2
  1  1  0.938300 -0.002581 -0.103256  0.640740  -1
  1  1  0.938300  0.070473  0.151929  0.355531  -2
  1  1  0.938300  0.170657 -0.024106  0.368267  -5
  1  1  0.938300  0.009562  0.179944  0.308512  -2
  1  1  0.938300 -0.111243  0.003488  0.338522  -2
  1  1  0.938300  0.021408 -0.123689  0.422456  -2
  1  1  0.938300  0.018200 -0.104491  0.076994  -2
  1  1  0.938300 -0.070007 -0.022433  0.082650  -4
  1  1  0.938300 -0.183793  0.027109  0.076023  -6
  1  1  0.938300 -0.176668 -0.022247  0.516590  -1
  1  1  0.938300  0.049984  0.271645  0.319549  -6
  1  1  0.938300  0.220084 -0.053478  0.294855  -3
  1  0  0.938300 -0.170383 -0.075627  0.319387  -3
  1  0  0.938300  0.207188  0.062442  0.514063  -2
  1  0  0.938300 -0.068271  0.049829  0.124683  -2
  1  0  0.938300  0.135574  0.117381  0.176771  -4
  1  0  0.938300 -0.070982 -0.017858 -0.105771  -3
  1  0  0.938300 -0.038569  0.067726  0.254716  -3
  1  0  0.938300 -0.057652 -0.093611  0.293157  -1
  1  0  0.938300 -0.027696 -0.011598  0.266264  -4
  1  0  0.938300  0.137280 -0.157555  0.467547  -3
  1  0  0.938300  0.181800  0.368600  0.129428  -5
  1  0  0.938300  0.018131 -0.270832  0.403256  -2
  1  0  0.938300 -0.102356  0.157259  0.059460  -6
  1  0  0.938300 -0.032348  0.107256  0.509307  -1
  1  0  0.938300 -0.078617 -0.256899  0.286066  -3
  1  0  0.938300 -0.520668  0.087371  0.082949  -7
  1  0  0.938300  0.026773 -0.043871  0.305532  -3
  1  0  0.938300  0.156293  0.078523  0.233941  -3
  1  0  0.938300  0.023257 -0.053301  0.326809  -7
  1  0  0.938300  0.027916  0.030466  0.446316  -1
  1  0  0.938300  0.231929  0.045780  0.714109  -3
  1  0  0.938300 -0.029499 -0.021792  0.235852  -6
  1  0  0.938300 -0.067844 -0.033306  0.433124  -1
  1  0  0.938300 -0.121554 -0.270026  0.401040  -2
  1  0  0.938300  0.327569  0.042136  0.164177  -3
  1  0  0.938300 -0.204507  0.139701  0.108912  -3
  1  0  0.938300 -0.075284 -0.012051  0.441665  -4
  1  0  0.938300 -0.022039  0.198272  0.357170  -4
  1  0  0.938300 -0.106500  0.094028  0.420348  -2
  1  0  0.938300 -0.098270  0.035482  0.389751  -1
  1  0  0.938300 -0.179462 -0.549510  0.401737  -2
  1  0  0.938300 -0.291584 -0.214096  0.485083  -3
  1  0  0.938300 -0.209931  0.299870  0.428450  -2
  1  0  0.938300 -0.013288  0.013564  0.064969  -5
  1  0  0.938300 -0.083633  0.107755  0.211467  -1
  1  0  0.938300 -0.068530 -0.043414  0.455218  -1
  1  0  0.938300  0.155986  0.308530  0.646282  -2
  1  0  0.938300 -0.072233  0.087130  0.429367  -6
  1  0  0.938300 -0.028614 -0.073035  0.601538  -1
  1  0  0.938300  0.031657 -0.105945  0.356479  -6
  1  0  0.938300  0.307079  0.253637  0.481247  -2
  1  0  0.938300  0.068290 -0.178708  0.192256  -2
  1  0  0.938300  0.122179  0.028370  0.454668  -1
  1  0  0.938300 -0.058349 -0.014677  0.379648  -7
  1  0  0.938300  0.005143 -0.003545  0.579150  -2
  1  0  0.938300  0.211270 -0.170930  0.456562  -6
  1  0  0.938300 -0.065521  0.225952  0.672813  -3
  1  0  0.938300 -0.171014  0.094499  0.182000  -7
  1  0  0.938300 -0.496297 -0.021353  0.237550  -5
  1  0  0.938300 -0.062731 -0.148733  0.404880  -1
  1  0  0.938300  0.172470  0.037568  0.287408  -2
  1  0  0.938300 -0.367797 -0.106365  0.368187  -3
  1  0  0.938300  0.072131  0.046207  0.500558  -1
  1  0  0.938300 -0.218170  0.081609  0.211883  -3
  1  0  0.938300 -0.252748 -0.161415  0.231115  -6
  1  0  0.938300  0.171948 -0.016760  0.301413  -3
  1  0  0.938300 -0.042996  0.097134  0.051353  -2
  1  0  0.938300 -0.207674 -0.028495  0.212654  -5
  1  0  0.938300 -0.213362 -0.183978  0.441569  -7
  1  0  0.938300 -0.033637 -0.064852  0.411838  -1
  1  0  0.938300 -0.272217 -0.094345  0.169254  -4
  1  0  0.938300 -0.090945  0.010425  0.285237  -4
  1  0  0.938300 -0.050247  0.119940  0.396147  -3
  1  0  0.938300  0.015749  0.292705  0.341428  -4
  1  0  0.938300 -0.109331 -0.044325  0.596626  -1
  1  0  0.938300 -0.290860 -0.151135  0.484113  -2
  1  0  0.938300  0.208355  0.075779  0.118506  -2
  1  0  0.938300 -0.010267  0.021596  0.309456  -1
  1  0  0.938300 -0.020406 -0.006022  0.458247  -4
  1  0  0.938300  0.013878 -0.028899  0.413382  -3
  1  0  0.938300  0.031718  0.035473  0.459804  -2
  1  0  0.938300  0.363878 -0.015286  0.619844  -2
  1  0  0.938300 -0.011495  0.264384  0.378462  -4
  1  0  0.938300 -0.026570  0.298985  0.124112  -3
  1  0  0.938300  0.211356 -0.063238  0.089575  -7
  1  0  0.938300 -0.093064 -0.021057  0.242432  -2
  1  0  0.938300  0.013718 -0.045631  0.863638  -2
  1  0  0.938300 -0.298662 -0.169412  0.495419  -7
  1  0  0.938300 -0.466884 -0.349361  0.222698  -3
  1  0  0.938300 -0.143046  0.143977  0.183791  -8
  1  0  0.938300  0.072289  0.013518  0.505396  -1
  1  0  0.938300 -0.083507  0.046014  0.386342  -3
  1  0  0.938300 -0.204712  0.083567  0.487703  -3
  1  0  0.938300  0.208319  0.147285  0.147424  -3
  1  0  0.938300  0.093245  0.304295  0.263413  -2
  1  0  0.938300  0.024381 -0.085095  0.624081  -1
  1  0  0.938300  0.114324  0.041185  0.318762  -2
  1  0  0.938300 -0.054916  0.030348  0.487049  -2
  1  0  0.938300 -0.121408 -0.208592  0.452585  -3
  1  0  0.938300  0.088756 -0.114207  0.412714  -1
  1  0  0.938300  0.049191  0.200313  0.473524  -1
  1  0  0.938300  0.062053  0.004955  0.408117  -2
  1  0  0.938300  0.027050  0.186279  0.431455  -6
  1  0  0.938300  0.108736  0.101758  0.257622  -2
  1  0  0.938300 -0.076886 -0.014696  0.049504  -4
  1  0  0.938300  0.185908 -0.067885  0.641991  -1
  1  0  0.938300  0.035072  0.007591  0.386707  -2
  1  0  0.938300  0.015661 -0.458464  0.441383  -3
  1  0  0.938300  0.110757  0.039975  0.611519  -1
  1  0  0.938300 -0.083056  0.393548  0.225206  -4
  1  0  0.938300 -0.057277  0.224157  0.266226  -2
  1  0  0.938300 -0.178178  0.074192  0.024564  -4
  1  0  0.938300 -0.063178  0.394218  0.119076  -3
  1  0  0.938300 -0.072790  0.132168  0.333584  -3
  1  0  0.938300 -0.049722  0.006450  0.532916  -1
  1  0  0.938300 -0.028126  0.336058  0.226862  -2
  1  0  0.938300 -0.085472  0.150532  0.620283  -1
  1  0  0.938300  0.205155  0.206498  0.179179  -2
  1  0  0.938300  0.064739  0.078803  0.383039  -3
  1  0  0.938300  0.184514 -0.179980  0.312972  -3
  1  0  0.938300 -0.112200 -0.047415  0.614214  -1
  1  0  0.938300  0.099740  0.244472  0.269780  -3
  1  0  0.938300  0.041203  0.114906  0.237905  -2
  1  0  0.938300  0.107157 -0.294425  0.648850  -6
  1  0  0.938300  0.003989 -0.102870  0.441623  -1
  1  0  0.938300 -0.116673 -0.111211  0.287379  -3
  1  0  0.938300 -0.129217  0.191998  0.134215  -4
  1  0  0.938300 -0.000694  0.010579  0.497563  -1
  1  0  0.938300 -0.048458  0.094977  0.138937  -3