  1  1  0.938300  0.053320  0.000461  0.340171   3
  1  1  0.938300  0.145510  0.372515  0.163529   4
  1  1  0.938300 -0.344944  0.042215  0.343564   3
  1  1  0.938300 -0.179788  0.081035  0.080437   4
  1  1  0.938300 -0.170330  0.134652  0.598157   2
  1  1  0.938300  0.163682 -0.135893  0.423140   3
  1  1  0.938300 -0.112831  0.111434  0.447393   3
  1  1  0.938300 -0.296372  0.204694  0.357687   3
  1  1  0.938300 -0.225952 -0.111495  0.308190   3
  1  1  0.938300 -0.004324 -0.077881  0.105161   1
  1  1  0.938300 -0.050699  0.016633  0.177284   6
  1  1  0.938300 -0.303216 -0.431416  0.365493   5
  1  1  0.938300 -0.013861 -0.067601  0.190160   3
  1  1  0.938300  0.058064 -0.090398  0.119080   1
  1  1  0.938300  0.187643 -0.265910  0.350445   4
  1  1  0.938300 -0.101591  0.159340  0.090993   4
  1  1  0.938300  0.023047  0.102157  0.513774   5
  1  1  0.938300  0.079613  0.028569 -0.064124   3
  1  1  0.938300  0.235618  0.106208  0.075661   4
  1  1  0.938300 -0.143826 -0.052361  0.226540   3
  1  1  0.938300 -0.508809  0.255168  0.278478   4
  1  1  0.938300 -0.062206  0.194520  0.089415   3
  1  1  0.938300 -0.117594  0.128372  0.132439   1
  1  1  0.938300  0.138749 -0.091924  0.267211   4
  1  1  0.938300 -0.159251  0.245110  0.041430   2
  1  1  0.938300 -0.099220 -0.092862  0.207178   3
  1  1  0.938300  0.206047 -0.294460  0.226512   4
  1  1  0.938300  0.088867  0.035162  0.228409   6
  1  1  0.938300  0.039860  0.191597  0.133341   7
  1  1  0.938300  0.425767 -0.182112  0.347379   2
  1  1  0.938300  0.085849  0.088551  0.209369   5
  1  1  0.938300  0.044985 -0.082936  0.100846   1
  1  1  0.938300 -0.000276 -0.136463  0.210007   3
  1  1  0.938300 -0.156674  0.241510  0.263451   2
  1  1  0.938300 -0.063743 -0.049160  0.333797   5
  1  1  0.938300  0.088644  0.036964  0.068011   1
  1  1  0.938300  0.016602 -0.204868  0.329673   4
  1  1  0.938300  0.169736  0.493823  0.307172   7
  1  1  0.938300 -0.093373 -0.149410  0.089989   2
  1  1  0.938300 -0.272684  0.069923  0.657107   2
  1  1  0.938300  0.059020  0.098279  0.382468   4
  1  1  0.938300  0.071113 -0.109976  0.370209   3
  1  1  0.938300  0.179223 -0.150349  0.086078   2
  1  1  0.938300  0.015752  0.013572  0.031077   1
  1  1  0.938300  0.016777  0.195899  0.087225   3
  1  1  0.938300 -0.130509  0.394424  0.536154   4
  1  1  0.938300  0.187999 -0.101466  0.036321   1
  1  1  0.938300  0.460047 -0.002603  0.387598   3
  1  1  0.938300  0.014249 -0.012274  0.050075   1
  1  1  0.938300  0.250873  0.143571  0.453345   2
  1  1  0.938300  0.083953 -0.015525  0.238302   2
  1  1  0.938300 -0.256886  0.076858  0.273332   2
  1  1  0.938300  0.066561 -0.257796  0.331146   5
  1  1  0.938300 -0.158478 -0.009584  0.070263   1
  1  1  0.938300 -0.033064  0.049719  0.064495   5
  1  1  0.938300 -0.069021 -0.089729  0.203777   2
  1  1  0.938300 -0.052526  0.236234  0.317664   3
  1  1  0.938300  0.018529  0.377689  0.199721   3
  1  1  0.938300  0.069213 -0.031674  0.072137   1
  1  1  0.938300  0.132597 -0.201820  0.278639   2
  1  1  0.938300 -0.192104 -0.183365  0.273371   5
  1  1  0.938300 -0.230237 -0.282180  0.214440   4
  1  1  0.938300  0.094837 -0.079401  0.115732   4
  1  1  0.938300 -0.070385 -0.103993  0.064359   2
  1  1  0.938300 -0.100158  0.147051  0.080475   7
  1  1  0.938300  0.163647  0.398191  0.512862   2
  1  1  0.938300 -0.104949  0.336807  0.122410   7
  1  1  0.938300  0.056980 -0.066831  0.050380   1
  1  1  0.938300 -0.129579  0.132058  0.578096   4
  1  1  0.938300  0.040412  0.003719  0.167961   3
  1  1  0.938300  0.445646  0.137470  0.215328   2
  1  1  0.938300 -0.156815  0.224179  0.216831   2
  1  1  0.938300 -0.371828 -0.473712  0.235018   3
  1  1  0.938300 -0.147597  0.067665  0.217142   3
  1  1  0.938300  0.137037 -0.099951  0.135465   1
  1  1  0.938300  0.051309 -0.296212  0.335866   2
  1  1  0.938300  0.280444 -0.035405  0.288263   8
  1  1  0.938300 -0.195059  0.015888  0.193462   2
  1  1  0.938300  0.110471 -0.273941  0.217859   3
  1  0  0.938300 -0.107624  0.130523  0.015198   1
  1  0  0.938300  0.114316 -0.253957  0.162847   3
  1  0  0.938300 -0.038447 -0.080819  0.378897   2
  1  0  0.938300  0.006920 -0.090642  0.156840   1
  1  0  0.938300  0.266933  0.125423  0.136274   3
  1  0  0.938300  0.016705 -0.156969  0.204230   2
  1  0  0.938300  0.091431 -0.278379  0.076776   5
  1  0  0.938300 -0.056180 -0.042318  0.107954   2
  1  0  0.938300  0.057597 -0.009518  0.006989   3
  1  1  0.938300  0.009221  0.104426  0.137872   7
  1  0  0.938300  0.002815 -0.223628  0.160527   2
  1  0  0.938300 -0.033327  0.127684  0.003377   1
  1  0  0.938300 -0.185341  0.165699  0.285249   6
  1  0  0.938300  0.172654  0.041233  0.014161   1
  1  0  0.938300 -0.042222 -0.102852  0.271626   3
  1  0  0.938300  0.108587  0.051843  0.371093   3
  1  0  0.938300  0.065335 -0.154496  0.337865   2
  1  0  0.938300  0.048222 -0.229490  0.029742   2
  1  0  0.938300 -0.136611 -0.144671  0.423223   2
  1  0  0.938300 -0.039599  0.330837  0.171483   4
  1  0  0.938300 -0.039203 -0.084952  0.125498   2
  1  0  0.938300 -0.176492  0.315512 -0.060517   3
  1  0  0.938300  0.045201  0.170723  0.555615   5
  1  0  0.938300 -0.023345 -0.229822  0.395168   3
  1  0  0.938300 -0.176990 -0.051859  0.139697   1
  1  0  0.938300  0.151794 -0.207983  0.025896   2
  1  0  0.938300 -0.017443  0.154552  0.068231   3
  1  0  0.938300 -0.000329  0.190484  0.309667   3
  1  0  0.938300  0.049181  0.045197  0.121269   6
  1  0  0.938300 -0.227935 -0.105185  0.423472   4
  1  0  0.938300 -0.309140 -0.172887  0.106776   2
  1  0  0.938300 -0.168817  0.515202  0.371640   6
  1  0  0.938300 -0.034935  0.131076  0.317305   3
  1  0  0.938300 -0.094729  0.231506  0.204198   2
  1  0  0.938300  0.081964 -0.075098  0.255946   3
  1  0  0.938300 -0.083859 -0.071357  0.295321   2
  1  0  0.938300  0.036848 -0.184688  0.510803   3
  1  0  0.938300 -0.021661 -0.241833  0.456588   2
  1  0  0.938300  0.151546  0.140376  0.082893   4
  1  0  0.938300 -0.057558 -0.308723  0.361536   8
  1  0  0.938300 -0.133556 -0.122988  0.124364   4
  1  0  0.938300 -0.175977 -0.254077 -0.026204   3
  1  0  0.938300 -0.039106 -0.060634 -0.093076   1
  1  0  0.938300 -0.012965 -0.032898  0.040808   1
  1  0  0.938300 -0.059515 -0.424244  0.015498   3
  1  0  0.938300 -0.250523 -0.085683  0.486519   2
  1  0  0.938300 -0.120188  0.026880 -0.097266   4
  1  0  0.938300 -0.305505  0.035712  0.349745   7
  1  0  0.938300 -0.108403  0.063784  0.550737   5
  1  0  0.938300 -0.061627 -0.028125  0.340693   2
  1  0  0.938300 -0.013989  0.140437  0.157326   4
  1  0  0.938300  0.230304  0.106113  0.535955   4
  1  0  0.938300 -0.038335  0.379110  0.025780   3
  1  0  0.938300  0.202111  0.205666  0.043810   4
  1  0  0.938300 -0.321187  0.097909  0.192445   2
  1  0  0.938300  0.091596  0.124152  0.088299   3
  1  0  0.938300  0.011386 -0.127520  0.469015   3
  1  0  0.938300  0.135752 -0.169222  0.304563   4
  1  0  0.938300  0.198847  0.078119 -0.040871   1
  1  0  0.938300  0.122186 -0.334318  0.174240   2
  1  0  0.938300  0.317810 -0.022639  0.030932   2
  1  0  0.938300  0.343387  0.037826  0.132406   4
  1  0  0.938300  0.293005 -0.040009  0.117490   4
  1  0  0.938300 -0.031183  0.037060  0.005226   1
  1  0  0.938300 -0.315014 -0.380127  0.250336   7
  1  0  0.938300 -0.040683  0.213200  0.407507   2
  1  0  0.938300 -0.071944  0.054264  0.191459   2
  1  0  0.938300  0.051923  0.118538  0.041160   2
  1  0  0.938300 -0.018567 -0.295888  0.322735   4
  1  0  0.938300 -0.040414 -0.166992  0.119253   4
  1  0  0.938300 -0.452512  0.322769  0.109104   4
  1  0  0.938300  0.078925  0.027517  0.187099   7
  1  0  0.938300 -0.203248 -0.019267  0.000071   1
  1  0  0.938300 -0.056800  0.066128 -0.016568   4
  1  0  0.938300  0.207221 -0.023815  0.004928   3
  1  0  0.938300 -0.071003 -0.031571  0.019499   1
  1  0  0.938300 -0.288790 -0.107010 -0.023621   2
  1  0  0.938300  0.088298 -0.142651  0.025399   1
  1  0  0.938300 -0.192750  0.025761  0.361028   4
  1  0  0.938300 -0.162828 -0.105545  0.090280   1
  1  0  0.938300  0.161677 -0.166066  0.181876   3
  1  0  0.938300  0.205671 -0.316691  0.352032   4
  1  0  0.938300 -0.441020 -0.154962  0.500572   2
  1  0  0.938300  0.018925 -0.052265  0.264103   1
  1  0  0.938300 -0.143605  0.047264  0.325044   4
  1  0  0.938300  0.247616  0.114895  0.222942   2
  1  0  0.938300  0.133469  0.078640  0.221172   4
  1  0  0.938300  0.143650  0.155414  0.215465   7
  1  0  0.938300  0.336062  0.025611  0.113684   6
  1  0  0.938300 -0.065060 -0.051507  0.017118   9
  1  0  0.938300 -0.188530 -0.146949  0.255717   3
  1  0  0.938300 -0.012262 -0.350777  0.114717   4
  1  0  0.938300 -0.072271 -0.094919  0.172557   3
  1  0  0.938300  0.167545 -0.066117  0.230498   2
  1  0  0.938300 -0.085115  0.186632  0.320131   5
  1  0  0.938300 -0.165649  0.096920  0.082647   2
  1  0  0.938300  0.082945  0.017172  0.099758   3
  1  0  0.938300 -0.071987 -0.095120  0.022659   1
  1  0  0.938300 -0.073128  0.079481 -0.058741   1
  1  0  0.938300 -0.278683 -0.020607  0.242626   4
  1  0  0.938300  0.058777  0.165169  0.549553   3
  1  0  0.938300 -0.068731  0.002590  0.027415   1
  1  0  0.938300  0.167037 -0.094418  0.265843   4
  1  0  0.938300  0.252070 -0.152454  0.348064   2
  1  0  0.938300 -0.090469  0.264175  0.920036   8
  1  0  0.938300  0.181062  0.073621  0.352530   6
  1  0  0.938300 -0.012750 -0.062085  0.129095   1
  1  0  0.938300 -0.225411 -0.029652  0.390018   2
  1  0  0.938300 -0.073272 -0.202712  0.085884   4
  1  0  0.938300  0.519044  0.058856  0.682763   3
  1  0  0.938300  0.045189  0.379436  0.459681   6
  1  0  0.938300  0.113894 -0.275987  0.263011   5
  1  0  0.938300 -0.324264  0.062156  0.131850   5
  1  0  0.938300  0.120399 -0.145092  0.043343   2
  1  0  0.938300 -0.098223 -0.291577  0.101958   4
  1  0  0.938300  0.005519  0.163230  0.029303   1
  1  0  0.938300 -0.451105 -0.069847  0.092666   2
  1  0  0.938300  0.013620 -0.063777  0.100069   5
  1  1  0.938300  0.054271  0.235306  0.486773  -2
  1  1  0.938300  0.023925  0.132928  0.239985  -3
  1  1  0.938300 -0.009046 -0.061482  0.554000  -1
  1  1  0.938300  0.218034 -0.032133  0.274957  -6
  1  1  0.938300 -0.323019  0.066915  0.358498  -3
  1  1  0.938300  0.041189  0.061392  0.395845  -1
  1  1  0.938300  0.094279  0.098255  0.259001  -2
  1  1  0.938300 -0.093689  0.202729  0.395845  -2
  1  1  0.938300  0.038950  0.037720  0.237922  -4
  1  1  0.938300  0.082411  0.104301  0.631299  -1
  1  1  0.938300 -0.484484 -0.270543  0.120419  -3
  1  1  0.938300 -0.001329  0.006270  0.472573  -1
  1  1  0.938300  0.342710  0.027507  0.317148  -2
  1  1  0.938300  0.047055 -0.192147  0.436455  -3
  1  1  0.938300  0.025474  0.111081  0.488703  -1
  1  1  0.938300  0.099791  0.162584  0.452955  -1
  1  1  0.938300 -0.333678 -0.091642  0.018140  -4
  1  1  0.938300 -0.213218  0.048810  0.445282  -4
  1  1  0.938300  0.114721 -0.142610  0.032851  -3
  1  1  0.938300  0.053213 -0.205355  0.580965  -2
  1  1  0.938300 -0.151085 -0.319811  0.002888  -5
  1  1  0.938300  0.320782  0.087394  0.356370  -5
  1  1  0.938300  0.072431  0.042162  0.658776  -1
  1  1  0.938300  0.040575  0.021135  0.361184  -3
  1  1  0.938300 -0.032694 -0.054569  0.607998  -1
  1  1  0.938300 -0.005344  0.079633  0.406152  -1
  1  1  0.938300  0.123695 -0.072134  0.571122  -3
  1  1  0.938300  0.386439  0.281484  0.448791  -2
  1  1  0.938300  0.155228 -0.084914  0.488068  -4
  1  1  0.938300 -0.084829  0.057920  0.525674  -1
  1  1  0.938300 -0.009391  0.242545  0.469453  -7
  1  1  0.938300  0.100617  0.594951  0.316940  -2
  1  1  0.938300  0.072071  0.024760  0.444899  -3
  1  0  0.938300  0.452561 -0.331213  0.424153  -4
  1  1  0.938300 -0.175762 -0.027516  0.471964  -1
  1  1  0.938300 -0.257656 -0.171465  0.461184  -4
  1  1  0.938300 -0.454788 -0.003918  0.260053  -7
  1  1  0.938300 -0.079201  0.323282 -0.092998  -5
  1  1  0.938300  0.015227 -0.366608  0.376921  -2
  1  1  0.938300  0.075907  0.235753  0.428319  -1
  1  1  0.938300  0.002312  0.138781  0.431283  -2
  1  1  0.938300 -0.314046  0.003985  0.206342  -2
  1  1  0.938300 -0.061231 -0.045886  0.622506  -1
  1  1  0.938300 -0.234420 -0.003445  0.337244  -3
  1  1  0.938300 -0.068381 -0.339888  0.321561  -4
  1  1  0.938300  0.287027  0.008662  0.277197  -5
  1  1  0.938300 -0.138500  0.189234  0.282331  -2
  1  1  0.938300  0.021760  0.017839  0.424290  -1
  1  1  0.938300 -0.068492  0.240338  0.341683  -2
  1  1  0.938300  0.059990 -0.306798  0.325673  -5
  1  1  0.938300  0.011208  0.029411  0.185341  -2
  1  1  0.938300  0.221419 -0.028382  0.434506  -2
  1  1  0.938300 -0.067596  0.272262  0.180854  -3
  1  1  0.938300  0.041612  0.116455  0.410213  -1
  1  1  0.938300  0.054879  0.000683  0.375011  -3
  1  1  0.938300 -0.008104  0.005768  0.463704  -5
  1  1  0.938300 -0.222939  0.012132  0.457213  -1
  1  1  0.938300  0.022052 -0.531236  0.247495  -3
  1  1  0.938300 -0.119939  0.096520  0.192493  -3
  1  1  0.938300  0.163828 -0.095920  0.519201  -3
  1  1  0.938300  0.261532 -0.135367  0.274160  -8
  1  1  0.938300 -0.017526  0.180517  0.198504  -4
  1  1  0.938300  0.134289  0.011373  0.348845  -1
  1  1  0.938300  0.077003  0.170325  0.290491  -3
  1  1  0.938300  0.110224  0.313272  0.321455  -3
  1  1  0.938300 -0.097080 -0.010328  0.316094  -1
  1  1  0.938300  0.024443  0.047648  0.030257  -5
  1  1  0.938300  0.061967  0.016695  0.524553  -1
  1  1  0.938300  0.192583 -0.090636 -0.002103  -3
  1  1  0.938300 -0.000574 -0.227368  0.416116  -4
  1  1  0.938300 -0.062492  0.112416  0.767934  -3
  1  1  0.938300 -0.100996 -0.093329  0.572967  -2
  1  1  0.938300  0.096363 -0.094583  0.236217  -2
  1  1  0.938300 -0.124005 -0.113031  0.670642  -1
  1  1  0.938300  0.091837  0.113027  0.542783  -1
  1  1  0.938300  0.031454  0.189894  0.225808  -2
  1  1  0.938300  0.238969  0.159905  0.151738  -2
  1  1  0.938300  0.180636  0.085760  0.078565  -3
  1  1  0.938300  0.370404 -0.137500  0.358903  -2
  1  0  0.938300 -0.032226  0.180772  0.500979  -2
  1  0  0.938300  0.159703  0.161448  0.586748  -1
  1  0  0.938300 -0.083096 -0.267202  0.127465  -2
  1  0  0.938300  0.082298 -0.084847  0.468072  -2
  1  0  0.938300 -0.251712 -0.052879  0.450162  -2
  1  0  0.938300  0.377767  0.022204  0.301138  -3
  1  0  0.938300 -0.133335  0.400877 -0.147882  -2
  1  0  0.938300 -0.086734 -0.090596  0.382346  -1
  1  0  0.938300 -0.027911  0.044147  0.107915  -2
  1  0  0.938300  0.340364  0.104804  0.196713  -3
  1  0  0.938300 -0.269643 -0.240522  0.299177  -2
  1  0  0.938300 -0.090317  0.073234  0.244203  -3
  1  0  0.938300 -0.086869 -0.007853  0.121842  -3
  1  0  0.938300 -0.050446  0.030937  0.003739  -6
  1  0  0.938300 -0.100451  0.182626  0.312637  -3
  1  0  0.938300  0.082338  0.102290  0.336162  -4
  1  0  0.938300 -0.049119  0.002072 -0.049044  -5
  1  0  0.938300 -0.050441 -0.036020  0.325401  -5
  1  0  0.938300  0.190247  0.100999  0.365676  -2
  1  0  0.938300  0.127899  0.104833  0.163180  -2
  1  0  0.938300 -0.076875  0.022946  0.544804  -1
  1  0  0.938300  0.224854  0.214609  0.118421  -5
  1  0  0.938300 -0.152023  0.086160  0.155489  -4
  1  0  0.938300  0.028027 -0.208724  0.382030  -2
  1  0  0.938300 -0.206238  0.381706  0.473818  -3
  1  0  0.938300 -0.296363 -0.044318  0.335573  -3
  1  0  0.938300 -0.024171  0.111705  0.236923  -1
  1  0  0.938300  0.476497  0.082915  0.476279  -5
  1  0  0.938300 -0.154940  0.240245  0.374140  -5
  1  0  0.938300  0.101579 -0.018801  0.320248  -3
  1  0  0.938300  0.102304  0.008329  0.533600  -2
  1  0  0.938300 -0.060093  0.116187  0.541109  -1
  1  0  0.938300  0.079822  0.039572  0.481341  -1
  1  0  0.938300 -0.070184  0.244856  0.104448  -4
  1  0  0.938300  0.008603 -0.075305  0.290233  -4
  1  0  0.938300 -0.039246  0.017702  0.637210  -1
  1  0  0.938300 -0.125868 -0.075556  0.619215  -1
  1  0  0.938300  0.058985 -0.160891 -0.003303  -4
  1  0  0.938300 -0.097831 -0.017399  0.536741  -7
  1  0  0.938300  0.074355  0.141137  0.625527  -4
  1  0  0.938300 -0.111631 -0.145883  0.222537  -4
  1  0  0.938300  0.165699  0.056665  0.466188  -1
  1  0  0.938300 -0.009801 -0.204671  0.670443  -3
  1  0  0.938300 -0.183591  0.452783  0.109752  -3
  1  0  0.938300 -0.077972  0.034260  0.235669  -3
  1  0  0.938300  0.053032  0.182136  0.228635  -3
  1  0  0.938300 -0.042921  0.214820  0.190697  -2
  1  0  0.938300  0.110741 -0.425342  0.183226  -3
  1  0  0.938300  0.100669  0.042939  0.078502  -6
  1  0  0.938300 -0.033885  0.063279  0.664028  -1
  1  0  0.938300  0.236837  0.312229  0.413940  -2
  1  0  0.938300 -0.190987  0.095602  0.276260  -3
  1  0  0.938300 -0.009211 -0.180307  0.398721  -2
  1  0  0.938300 -0.147947 -0.146634  0.205051  -4
  1  0  0.938300 -0.073528  0.022168  0.120930  -3
  1  0  0.938300  0.233403  0.467191  0.386863  -2
  1  0  0.938300 -0.072494  0.182465  0.639724  -3
  1  0  0.938300 -0.024728 -0.049548  0.316607  -5
  1  0  0.938300  0.292946 -0.234225  0.018987  -3
  1  0  0.938300  0.037446  0.266555  0.289997  -2
  1  0  0.938300 -0.020311 -0.154253  0.528758  -5
  1  0  0.938300 -0.103682  0.098407  0.630721  -1
  1  0  0.938300 -0.235045  0.319482  0.243660  -2
  1  0  0.938300 -0.067676 -0.025704  0.815992  -2
  1  0  0.938300 -0.186582  0.123985  0.576639  -2
  1  0  0.938300  0.133211 -0.144466  0.639020  -2
  1  0  0.938300 -0.040764 -0.182973  0.237316  -3
  1  0  0.938300  0.218295 -0.205812  0.143776  -4
  1  0  0.938300  0.030641  0.047294  0.140257  -3
  1  0  0.938300  0.015483 -0.022550  0.400683  -6
  1  0  0.938300  0.108857 -0.352666  0.160801  -3
  1  0  0.938300 -0.106561 -0.105375  0.427717  -2
  1  0  0.938300 -0.041374  0.018712  0.308264  -2
  1  0  0.938300  0.124746  0.016967  0.342463  -1
  1  0  0.938300 -0.026115  0.096473  0.109622  -3
  1  0  0.938300  0.019540  0.047731  0.661493  -2
  1  0  0.938300  0.056381 -0.075572  0.414111  -1
  1  0  0.938300 -0.001219 -0.054791  0.516025  -1
  1  0  0.938300 -0.069185 -0.015685  0.593271  -4
  1  0  0.938300  0.050625 -0.204891  0.489826  -2
  1  0  0.938300  0.026368  0.003046  0.517516  -4
  1  0  0.938300 -0.015016  0.071501  0.362971  -4
  1  0  0.938300 -0.011881 -0.127455  0.286808  -1
  1  0  0.938300 -0.132527  0.046703  0.214909  -4
  1  0  0.938300  0.154815 -0.206013  0.089869  -6
  1  0  0.938300  0.266386 -0.161545  0.263397  -5
  1  0  0.938300  0.053284 -0.239533  0.430525  -9
  1  0  0.938300 -0.127923 -0.001319  0.168094  -2
  1  0  0.938300 -0.098868  0.225451  0.467965  -3
  1  0  0.938300 -0.128019 -0.099873  0.218627  -1
  1  0  0.938300  0.010273 -0.326074  0.360779  -2
  1  0  0.938300 -0.104359 -0.158301  0.373188  -1
  1  0  0.938300  0.067072  0.176176  0.367311  -2
  1  0  0.938300  0.130745  0.064807  0.612634  -1
  1  0  0.938300  0.042291  0.049494  0.492187  -1
  1  0  0.938300  0.078588 -0.163190  0.371659  -2
  1  0  0.938300  0.035886  0.014018  0.590520  -1
  1  0  0.938300  0.379719  0.117651 -0.085841  -3
  1  0  0.938300  0.119383  0.247165  0.494262  -2
  1  0  0.938300 -0.325776  0.163536  0.187334  -2
  1  0  0.938300  0.037025  0.242869  0.192267  -5
  1  0  0.938300  0.076487 -0.007024  0.523542  -5
  1  0  0.938300 -0.076707  0.033266  0.044245  -2
  1  0  0.938300  0.182205  0.079911  0.129361  -7
  1  0  0.938300  0.195761  0.429746  0.329301  -3
  1  0  0.938300 -0.205297 -0.025499  0.463304  -2
  1  0  0.938300  0.197927 -0.252050  0.493163  -5
  1  0  0.938300  0.018213  0.143232  0.278674  -3
  1  0  0.938300 -0.015302 -0.007809  0.660044  -1
  1  0  0.938300  0.034050  0.036513  0.306067  -5
  1  0  0.938300  0.040796  0.126688  0.225784  -3
  1  0  0.938300 -0.094095  0.255305  0.119441  -3
  1  0  0.938300  0.173188  0.002300  0.750369  -3
  1  0  0.938300 -0.452840  0.225152  0.631526  -3
  1  0  0.938300  0.134077 -0.026761  0.526181  -3
  1  0  0.938300  0.132913  0.245852  0.317389  -6
  1  0  0.938300 -0.102333  0.228831  0.231779  -3
  1  0  0.938300 -0.370561 -0.144721  0.223753  -6