  1  1  0.938300  0.038388  0.070467  0.091464   4
  1  1  0.938300  0.018333 -0.112020  0.141538   1
  1  1  0.938300  0.151266  0.127758  0.241680   2
  1  1  0.938300  0.267509 -0.064866  0.594091   4
  1  1  0.938300 -0.197176  0.135967  0.763676   5
  1  1  0.938300  0.105192 -0.231740  0.061119   2
  1  1  0.938300  0.205767 -0.126799  0.519366   3
  1  1  0.938300 -0.006078 -0.069604  0.352233   3
  1  1  0.938300 -0.215084 -0.372165  0.360818   2
  1  1  0.938300 -0.171702  0.116044  0.446483   4
  1  1  0.938300  0.233194 -0.138890  0.148875   2
  1  1  0.938300  0.057513  0.136805  0.174208   2
  1  1  0.938300 -0.097372 -0.023648 -0.008988   6
  1  1  0.938300 -0.025621 -0.202996  0.100195   1
  1  1  0.938300 -0.173915 -0.021739 -0.140396   4
  1  1  0.938300 -0.116700  0.209974  0.745297   3
  1  1  0.938300 -0.383008 -0.185023  0.295125   5
  1  1  0.938300 -0.035119  0.087133 -0.033903   2
  1  1  0.938300  0.071982  0.144964  0.216217   2
  1  1  0.938300 -0.055880  0.068569 -0.076827   2
  1  1  0.938300 -0.006613 -0.036039  0.043793   1
  1  1  0.938300  0.506837  0.131347  0.315667   6
  1  1  0.938300 -0.096688  0.185938  0.347913   3
  1  1  0.938300 -0.097377 -0.159477  0.219317   4
  1  1  0.938300 -0.021246 -0.333012  0.222073   2
  1  1  0.938300 -0.156512  0.170679  0.043694   3
  1  1  0.938300  0.063606  0.300035  0.472468   4
  1  1  0.938300 -0.167160 -0.080879  0.620233   3
  1  1  0.938300  0.252285 -0.306273  0.231764   2
  1  1  0.938300  0.219434  0.040503  0.398038   7
  1  1  0.938300 -0.125395  0.232033  0.225511   6
  1  1  0.938300 -0.069633 -0.181133  0.280406   3
  1  1  0.938300 -0.026226  0.088735  0.310371   5
  1  1  0.938300 -0.114549  0.020367  0.317064   6
  1  1  0.938300  0.040453 -0.052284  0.349639   3
  1  1  0.938300 -0.153046  0.253779  0.467407   3
  1  1  0.938300 -0.062005 -0.004824  0.131778   1
  1  1  0.938300  0.100268 -0.175077  0.505514   3
  1  1  0.938300 -0.280991  0.209161  0.311043   2
  1  1  0.938300 -0.075792 -0.154723  0.172753   3
  1  1  0.938300  0.032171 -0.379789  0.167514   7
  1  1  0.938300 -0.282288  0.051256  0.370451   3
  1  1  0.938300  0.086562  0.314842  0.317088   4
  1  1  0.938300 -0.151682 -0.033874  0.084429   1
  1  1  0.938300 -0.216849  0.008820  0.561526   3
  1  1  0.938300 -0.282737 -0.063846  0.123091   3
  1  1  0.938300 -0.170339 -0.159343  0.016542   2
  1  1  0.938300 -0.115514  0.148841  0.071912   1
  1  1  0.938300 -0.062567  0.128174  0.320927   6
  1  1  0.938300  0.068256  0.085835  0.321536   2
  1  1  0.938300 -0.260538 -0.111452  0.481220   4
  1  1  0.938300  0.294524 -0.275153  0.178936   5
  1  1  0.938300  0.035610 -0.214000  0.352351   5
  1  1  0.938300  0.066598 -0.210726 -0.035663   2
  1  1  0.938300  0.022660  0.216373  0.136171   4
  1  1  0.938300  0.052576 -0.192651  0.190421   3
  1  1  0.938300 -0.093131 -0.060715 -0.028891   1
  1  1  0.938300 -0.125236  0.128369  0.343414   7
  1  1  0.938300 -0.087096 -0.045011 -0.067866   1
  1  1  0.938300  0.286323 -0.041552  0.427520   7
  1  1  0.938300 -0.209267  0.222834  0.226816   2
  1  1  0.938300 -0.075453  0.098892  0.234696   2
  1  1  0.938300 -0.064264  0.111307  0.081400   5
  1  1  0.938300  0.239770  0.008058  0.028393   2
  1  1  0.938300 -0.208051  0.046769  0.158043   2
  1  1  0.938300 -0.107968 -0.112357  0.099198   2
  1  1  0.938300 -0.205759 -0.203205  0.129479   3
  1  1  0.938300 -0.348491 -0.037151  0.078335   3
  1  1  0.938300 -0.011797 -0.094914  0.166578   2
  1  1  0.938300 -0.072430 -0.204211  0.505585   2
  1  1  0.938300 -0.143821  0.027902  0.475131  10
  1  1  0.938300 -0.225281 -0.038890  0.352388   8
  1  1  0.938300 -0.145987 -0.142115  0.050858   2
  1  1  0.938300 -0.114057 -0.089739 -0.042843   1
  1  1  0.938300 -0.131776 -0.208315  0.267543   2
  1  1  0.938300 -0.089732  0.006020  0.249733   6
  1  1  0.938300 -0.049333  0.123640  0.202225   1
  1  1  0.938300  0.047242 -0.245722  0.315049   3
  1  1  0.938300  0.005880  0.039780  0.189742   3
  1  0  0.938300  0.272354  0.116281  0.121023   7
  1  0  0.938300  0.009054  0.297728  0.197767   4
  1  0  0.938300  0.165094 -0.107106  0.223383   5
  1  0  0.938300  0.074430 -0.209635  0.226991   3
  1  0  0.938300  0.509400  0.281580  0.304723   2
  1  0  0.938300  0.128637  0.086474  0.002154   1
  1  0  0.938300 -0.143840  0.008020  0.008823   1
  1  0  0.938300 -0.128540  0.110248 -0.124453   4
  1  0  0.938300  0.190037  0.000949  0.041883   1
  1  0  0.938300 -0.327813  0.123727  0.062254   5
  1  0  0.938300 -0.022194  0.103616  0.541882   4
  1  0  0.938300 -0.154354 -0.280044  0.409439   7
  1  0  0.938300 -0.055818 -0.049724 -0.023244   2
  1  0  0.938300  0.052489  0.220854  0.124078   2
  1  0  0.938300  0.168373 -0.089303  0.153427   1
  1  0  0.938300 -0.113430 -0.021996  0.455739   3
  1  0  0.938300  0.088776 -0.137355  0.100717   1
  1  0  0.938300 -0.089089  0.185030  0.028452   2
  1  0  0.938300  0.146474  0.152132  0.144052   2
  1  0  0.938300 -0.143090  0.088813  0.064652   4
  1  0  0.938300 -0.045034  0.007167 -0.052841   1
  1  0  0.938300  0.195270  0.299411  0.277485   4
  1  0  0.938300  0.086001  0.042362  0.007220   1
  1  0  0.938300 -0.292431 -0.046931  0.173145   4
  1  0  0.938300 -0.241474 -0.181197  0.121613   7
  1  0  0.938300  0.167423 -0.097807  0.235822   3
  1  0  0.938300  0.074455  0.204093  0.197943   4
  1  0  0.938300 -0.255211  0.033249  0.520597   2
  1  0  0.938300  0.021747 -0.166953  0.522168   3
  1  0  0.938300 -0.093220  0.230166  0.210350   2
  1  0  0.938300  0.160320  0.047468  0.380740   4
  1  0  0.938300  0.025993  0.432240  0.578933   3
  1  0  0.938300 -0.015575  0.131030  0.230288   2
  1  0  0.938300 -0.121086  0.300881  0.320579   7
  1  0  0.938300 -0.004234 -0.452669  0.045373   2
  1  0  0.938300 -0.158115 -0.057769  0.073830   3
  1  0  0.938300  0.135075 -0.124415  0.233208   4
  1  0  0.938300 -0.182796  0.091353  0.123400   1
  1  0  0.938300  0.099356  0.137896  0.045067   1
  1  0  0.938300  0.181891 -0.047389  0.147173   1
  1  0  0.938300 -0.026254 -0.108759  0.280798   4
  1  0  0.938300 -0.023889  0.132507  0.154670   1
  1  0  0.938300  0.122511  0.057715  0.135332   1
  1  0  0.938300  0.111317 -0.136925  0.170248   2
  1  0  0.938300  0.031091 -0.037858  0.131970   7
  1  0  0.938300  0.208096  0.059167  0.372052   4
  1  0  0.938300  0.143219 -0.030474  0.407551   4
  1  0  0.938300 -0.156077  0.046654  0.294714   4
  1  0  0.938300 -0.100567  0.022429  0.064618   3
  1  0  0.938300  0.138509  0.087370  0.441434   2
  1  0  0.938300  0.098399 -0.083512  0.092175   1
  1  0  0.938300 -0.138326 -0.142399  0.170416   1
  1  0  0.938300 -0.059404 -0.108296  0.217313   4
  1  0  0.938300  0.081658 -0.104743 -0.051351   2
  1  0  0.938300 -0.052446 -0.074330  0.406399   3
  1  0  0.938300  0.031935  0.009037  0.076518   5
  1  0  0.938300 -0.150539 -0.295750  0.344791   4
  1  0  0.938300  0.252114  0.138674  0.205170   3
  1  0  0.938300  0.191334  0.027235  0.198296   6
  1  0  0.938300 -0.148605 -0.139446  0.782962   4
  1  0  0.938300  0.017692 -0.089961 -0.124589   1
  1  0  0.938300  0.029726  0.115226 -0.077564   1
  1  0  0.938300  0.054489 -0.013132  0.312928   2
  1  0  0.938300 -0.037531 -0.260326  0.035094   3
  1  0  0.938300  0.096453  0.074635  0.148059   2
  1  0  0.938300 -0.102224  0.101756  0.198697   2
  1  0  0.938300 -0.310583 -0.100975  0.285439   4
  1  0  0.938300  0.081577  0.089562  0.041271   2
  1  0  0.938300 -0.062785  0.280605  0.216847   2
  1  0  0.938300  0.065861  0.129807  0.139859   5
  1  0  0.938300  0.062632  0.140082  0.081263   1
  1  0  0.938300 -0.193391 -0.108135  0.123297   2
  1  0  0.938300  0.118209 -0.253389  0.532762   4
  1  0  0.938300 -0.189059  0.026957  0.199406   4
  1  0  0.938300  0.000290  0.195921  0.047922   4
  1  0  0.938300 -0.008013  0.025209  0.528657   4
  1  0  0.938300 -0.064438 -0.036898  0.224268   4
  1  0  0.938300  0.162164 -0.125223  0.447424   4
  1  0  0.938300  0.004713  0.074637 -0.039991   1
  1  0  0.938300 -0.069743  0.147534  0.235757   2
  1  0  0.938300 -0.045094 -0.169989  0.031608   5
  1  0  0.938300 -0.176567  0.201627  0.489714   4
  1  0  0.938300 -0.095210 -0.107521  0.368540   3
  1  0  0.938300 -0.089038  0.030163 -0.065417   1
  1  0  0.938300 -0.074347 -0.104572  0.096934   3
  1  0  0.938300 -0.119607 -0.063498  0.272733   4
  1  0  0.938300  0.025112 -0.061390  0.008716   1
  1  0  0.938300 -0.285096  0.020902  0.563647   4
  1  0  0.938300  0.180408  0.007538  0.115699   2
  1  0  0.938300  0.266196 -0.308617  0.123192   2
  1  0  0.938300 -0.091879 -0.154567  0.052538   3
  1  0  0.938300  0.150246  0.231800  0.245463   6
  1  0  0.938300 -0.119078 -0.030023  0.074300   2
  1  0  0.938300  0.057398 -0.025187  0.133651   4
  1  0  0.938300  0.039119  0.182805  0.163218   2
  1  0  0.938300  0.027279  0.182666  0.191006   3
  1  0  0.938300  0.275859  0.041738 -0.032347   2
  1  0  0.938300  0.217210 -0.187917  0.329846   2
  1  0  0.938300  0.100971  0.188952  0.344846   2
  1  0  0.938300  0.119504 -0.222412  0.572508   2
  1  0  0.938300 -0.368006 -0.128541  0.306181   3
  1  0  0.938300 -0.092699 -0.076193  0.117798   1
  1  0  0.938300 -0.078399 -0.140312  0.093472   5
  1  0  0.938300 -0.035876 -0.226588  0.304282   7
  1  0  0.938300  0.099455  0.444165  0.236222   3
  1  0  0.938300 -0.008774  0.001953  0.187401   1
  1  0  0.938300  0.114681 -0.260229  0.493971  13
  1  0  0.938300  0.092982 -0.150737  0.107900   1
  1  0  0.938300  0.136733  0.212789 -0.068319   2
  1  0  0.938300 -0.218764  0.053252  0.581820   3
  1  0  0.938300  0.474473  0.409951  0.237166   4
  1  0  0.938300  0.386245 -0.069496  0.147496   3
  1  0  0.938300 -0.263074  0.055100  0.201845   2
  1  0  0.938300 -0.255441 -0.192235  0.229542   2
  1  0  0.938300 -0.259371 -0.277759  0.425061   2
  1  0  0.938300  0.136099 -0.028913  0.156067   7
  1  0  0.938300 -0.018927  0.102990  0.045610   2
  1  0  0.938300  0.087767 -0.130799  0.121646   1
  1  1  0.938300 -0.147684  0.003707  0.501728  -1
  1  1  0.938300 -0.157958 -0.031437  0.169580  -2
  1  1  0.938300 -0.205773  0.155432  0.016383  -2
  1  1  0.938300 -0.027246  0.185920  0.253808  -3
  1  1  0.938300 -0.059325 -0.015457  0.573266  -2
  1  1  0.938300  0.035374  0.217974  0.359945  -5
  1  1  0.938300  0.107386 -0.064781  0.334401  -3
  1  1  0.938300  0.139756 -0.070100  0.071404  -2
  1  1  0.938300  0.046581 -0.081856  0.433855  -1
  1  1  0.938300  0.202142  0.265047  0.166942  -4
  1  1  0.938300  0.162957  0.034307  0.134691  -3
  1  1  0.938300  0.285797 -0.155851  0.178138  -6
  1  1  0.938300  0.282688  0.088055  0.565595  -5
  1  1  0.938300  0.288620  0.189097  0.327246  -3
  1  1  0.938300  0.149785 -0.068836  0.256511  -4
  1  1  0.938300 -0.185655  0.294751  0.356540  -2
  1  1  0.938300 -0.376191 -0.221954  0.206067  -2
  1  1  0.938300  0.025132 -0.354704 -0.039696  -2
  1  1  0.938300  0.195703  0.080597  0.191652  -3
  1  1  0.938300  0.231904 -0.064905 -0.138749  -2
  1  1  0.938300 -0.125694 -0.080229  0.610600  -1
  1  1  0.938300  0.046069 -0.208602  0.448435  -3
  1  1  0.938300  0.186785 -0.152652  0.462722  -2
  1  1  0.938300 -0.018009 -0.038029  0.549331  -1
  1  1  0.938300  0.034321  0.062840  0.507590  -1
  1  1  0.938300 -0.231853 -0.066832  0.112771 -11
  1  1  0.938300 -0.309237 -0.358210  0.469862  -5
  1  1  0.938300  0.094219  0.215339  0.407336  -2
  1  1  0.938300  0.317691  0.378357  0.180033  -2
  1  1  0.938300  0.266607  0.161492  0.125680  -3
  1  1  0.938300 -0.260847 -0.058273  0.464867  -3
  1  1  0.938300  0.074027 -0.157742  0.231524  -2
  1  1  0.938300  0.443562 -0.028139  0.512554  -2
  1  1  0.938300  0.154736 -0.348495  0.390847  -4
  1  1  0.938300 -0.221631 -0.042268  0.269211  -2
  1  1  0.938300  0.106801  0.237991 -0.070855  -6
  1  1  0.938300  0.137524 -0.061608  0.402988  -4
  1  1  0.938300  0.045175  0.001719  0.498975  -1
  1  1  0.938300  0.062844  0.327600  0.355026  -3
  1  1  0.938300  0.201807  0.093855  0.223627  -2
  1  1  0.938300  0.093552  0.385126  0.102084  -3
  1  1  0.938300  0.110501  0.093817  0.335874  -2
  1  1  0.938300 -0.100544  0.049582  0.216256  -7
  1  1  0.938300 -0.210026  0.005772  0.509829  -3
  1  1  0.938300  0.168425 -0.106554  0.404506  -2
  1  1  0.938300 -0.344315 -0.193153  0.489140  -2
  1  1  0.938300 -0.243933  0.083684  0.160458  -3
  1  1  0.938300  0.018584  0.169163  0.488960  -2
  1  1  0.938300 -0.083241 -0.066717  0.426904  -5
  1  1  0.938300  0.221652  0.011980  0.550757  -1
  1  1  0.938300 -0.148730  0.205454  0.152839  -4
  1  1  0.938300 -0.083279 -0.121170  0.310238  -1
  1  1  0.938300 -0.060785 -0.133011  0.386434  -2
  1  1  0.938300 -0.240211 -0.052606  0.240321  -2
  1  1  0.938300  0.268227 -0.208444  0.589902  -3
  1  1  0.938300 -0.030760 -0.125513  0.505370  -1
  1  1  0.938300 -0.278222 -0.036493  0.002830  -2
  1  1  0.938300  0.314049 -0.030891  0.322356  -6
  1  1  0.938300 -0.257225 -0.157312  0.195885  -3
  1  1  0.938300 -0.212626 -0.111692  0.072033  -8
  1  1  0.938300 -0.223684 -0.091909  0.599742  -2
  1  1  0.938300 -0.016374  0.108386  0.490969  -4
  1  1  0.938300  0.025057 -0.071738  0.468559  -1
  1  1  0.938300  0.350737  0.014774  0.289484  -6
  1  1  0.938300  0.006815 -0.031510  0.603025  -4
  1  1  0.938300 -0.025509 -0.179865  0.422142  -3
  1  1  0.938300 -0.078103  0.013662  0.117048  -5
  1  1  0.938300 -0.118574  0.011311  0.227226  -3
  1  1  0.938300  0.035619  0.196727  0.195369  -7
  1  1  0.938300 -0.088952  0.280437  0.331746  -5
  1  1  0.938300 -0.367548  0.021800  0.397051  -6
  1  1  0.938300  0.020610  0.135922  0.417436  -1
  1  1  0.938300  0.090850  0.192821  0.555289  -1
  1  1  0.938300  0.122261 -0.158568  0.218737  -3
  1  1  0.938300  0.097881  0.114226  0.139482  -3
  1  1  0.938300  0.067092 -0.235284  0.350903  -4
  1  1  0.938300  0.217463 -0.141769  0.310471  -3
  1  1  0.938300  0.057730 -0.191914  0.184628  -3
  1  1  0.938300 -0.125205  0.022933  0.310079  -3
  1  0  0.938300  0.040589 -0.175370  0.152054  -5
  1  0  0.938300  0.237352 -0.018934  0.134640  -4
  1  0  0.938300  0.062738  0.011853  0.176219  -3
  1  0  0.938300 -0.161589 -0.068769  0.318479  -1
  1  0  0.938300  0.014675 -0.012716  0.588851  -1
  1  0  0.938300 -0.010108 -0.087756  0.467886  -1
  1  0  0.938300 -0.160642  0.153628  0.418139  -1
  1  0  0.938300 -0.381431  0.229955  0.302342  -3
  1  0  0.938300 -0.271165  0.095111  0.292490  -3
  1  0  0.938300  0.332412  0.068763  0.279179  -2
  1  0  0.938300  0.100356 -0.036974  0.363604  -4
  1  0  0.938300 -0.141381  0.069001  0.607922  -1
  1  0  0.938300 -0.030284  0.019942  0.030722  -3
  1  0  0.938300  0.045187 -0.014180  0.287156  -2
  1  0  0.938300 -0.035607 -0.368794  0.674379  -2
  1  0  0.938300 -0.155616  0.234323  0.186945  -3
  1  0  0.938300 -0.095693  0.013360  0.318013  -3
  1  0  0.938300  0.258683 -0.285327  0.343713  -2
  1  0  0.938300 -0.084958  0.046017  0.473305  -4
  1  0  0.938300 -0.176686 -0.182014  0.576150  -1
  1  0  0.938300  0.053680  0.108020  0.513783  -3
  1  0  0.938300 -0.040834  0.123034  0.212811  -2
  1  0  0.938300 -0.112253 -0.068012  0.697839  -6
  1  0  0.938300  0.091993  0.408872  0.290892  -3
  1  0  0.938300 -0.280876  0.052899  0.371540  -7
  1  0  0.938300  0.041643  0.104749  0.066898  -3
  1  0  0.938300  0.004529  0.105868 -0.049282  -2
  1  0  0.938300 -0.046190  0.048673 -0.080179  -4
  1  0  0.938300 -0.000636  0.216108  0.123195  -2
  1  0  0.938300  0.128937  0.100162  0.448045  -5
  1  0  0.938300 -0.086431 -0.113650  0.379739  -3
  1  0  0.938300 -0.117863  0.025760  0.459260  -1
  1  0  0.938300  0.030412  0.419839  0.251583  -8
  1  0  0.938300  0.087897 -0.290320  0.223652  -2
  1  0  0.938300 -0.062271 -0.163024  0.315736  -3
  1  0  0.938300 -0.101597 -0.234302  0.372894  -5
  1  0  0.938300  0.009483  0.037538  0.654887  -1
  1  0  0.938300  0.279316  0.230514  0.095059  -4
  1  0  0.938300  0.114616 -0.163476  0.528552  -1
  1  0  0.938300 -0.215425 -0.315428  0.135223  -2
  1  0  0.938300  0.388283 -0.036929  0.376953  -3
  1  0  0.938300  0.171336  0.015373  0.312428  -1
  1  0  0.938300  0.051020 -0.409574  0.238006  -3
  1  0  0.938300 -0.077473 -0.414029  0.536276  -6
  1  0  0.938300  0.382500  0.013154  0.449087  -3
  1  0  0.938300 -0.035831  0.361898  0.467825  -3
  1  0  0.938300  0.191258  0.163137  0.248557  -3
  1  0  0.938300  0.078089  0.219165  0.317573  -3
  1  0  0.938300 -0.198744 -0.091454  0.554863  -3
  1  0  0.938300 -0.172776 -0.163935  0.594075  -3
  1  0  0.938300  0.005782  0.026513  0.476429  -3
  1  0  0.938300 -0.122777  0.255546  0.208014  -5
  1  0  0.938300  0.228752 -0.284305  0.549266  -3
  1  0  0.938300  0.078418 -0.164674  0.490030  -1
  1  0  0.938300 -0.075065 -0.369093  0.420264  -6
  1  0  0.938300 -0.105972 -0.118257  0.285804  -4
  1  0  0.938300  0.259653  0.107735  0.237298  -8
  1  0  0.938300  0.231614  0.286798  0.321951  -2
  1  0  0.938300 -0.219189  0.060686 -0.066170  -2
  1  0  0.938300 -0.016530  0.105463  0.180130  -6
  1  0  0.938300 -0.282983 -0.055021  0.558566  -4
  1  0  0.938300  0.249717  0.172072  0.433138  -5
  1  0  0.938300  0.012484 -0.016644  0.032559  -3
  1  0  0.938300 -0.058435 -0.066354  0.213100  -3
  1  0  0.938300 -0.018145 -0.100363  0.330848  -5
  1  0  0.938300  0.028497  0.089871  0.336463  -1
  1  0  0.938300 -0.414238 -0.003518  0.496046  -3
  1  0  0.938300  0.153532  0.212752  0.102560  -3
  1  0  0.938300  0.032965 -0.116179  0.260750  -3
  1  0  0.938300  0.282562 -0.119308  0.406566  -2
  1  0  0.938300 -0.065330 -0.403301  0.260240  -5
  1  0  0.938300 -0.049705 -0.103011  0.464566  -1
  1  0  0.938300  0.099399  0.132892  0.392207  -4
  1  0  0.938300  0.253764  0.160226  0.270439  -2
  1  0  0.938300  0.228485  0.074460 -0.037319  -3
  1  0  0.938300  0.047942  0.267087  0.724686  -2
  1  0  0.938300 -0.120176  0.018136  0.035823  -4
  1  0  0.938300  0.018196  0.180685  0.311204  -3
  1  0  0.938300 -0.248964 -0.039425  0.255906  -3
  1  0  0.938300 -0.161419 -0.217378  0.427785  -4
  1  0  0.938300 -0.074074 -0.086299  0.528810  -6
  1  0  0.938300  0.023580 -0.198876  0.191945  -3
  1  0  0.938300  0.127522  0.278009  0.592665  -9
  1  0  0.938300 -0.053182  0.282629  0.299031  -3
  1  0  0.938300  0.032708  0.483363  0.299616  -2
  1  0  0.938300 -0.044706 -0.115726  0.081259  -2
  1  0  0.938300 -0.086226  0.026523  0.079061  -5
  1  0  0.938300 -0.409904  0.015873  0.475094  -3
  1  0  0.938300  0.044002 -0.186234  0.419839  -6
  1  0  0.938300 -0.072715  0.272847  0.435263  -4
  1  0  0.938300  0.169645  0.015617  0.619845  -1
  1  0  0.938300 -0.156077 -0.084985  0.406935  -3
  1  0  0.938300 -0.243361  0.107242  0.479759  -3
  1  0  0.938300  0.125114  0.018976  0.471016  -1
  1  0  0.938300  0.074548 -0.252330 -0.015121  -5
  1  0  0.938300  0.124482 -0.178865  0.441181  -2
  1  0  0.938300  0.083357 -0.021403  0.065598  -2
  1  0  0.938300 -0.025287  0.098616  0.187623  -2
  1  0  0.938300 -0.041630 -0.162129  0.308710  -3
  1  0  0.938300  0.203135  0.074135  0.466752  -5
  1  0  0.938300 -0.010802 -0.013826 -0.009943  -3
  1  0  0.938300 -0.029292  0.231517  0.311623  -3
  1  0  0.938300  0.064003 -0.329739  0.384020  -2
  1  0  0.938300  0.125992  0.091987  0.626873  -1
  1  0  0.938300  0.043553 -0.214617  0.520231  -1
  1  0  0.938300 -0.037821  0.232008  0.460498 -10
  1  0  0.938300  0.027350  0.084336  0.256195  -3
  1  0  0.938300  0.102526  0.016080  0.569896  -3
  1  0  0.938300  0.039676 -0.129811  0.328757  -7
  1  0  0.938300  0.247930  0.164987  0.284563  -3
  1  0  0.938300  0.174483 -0.298343  0.467365  -3
  1  0  0.938300  0.095551  0.011633  0.399797  -2
  1  0  0.938300  0.100191  0.202743  0.584771  -1
  1  0  0.938300 -0.068833  0.094323  0.308684  -6
  1  0  0.938300 -0.200838 -0.018423  0.673123  -1
  1  0  0.938300 -0.017744 -0.094658  0.368632  -4
  1  0  0.938300  0.155665 -0.430946  0.504779  -2
  1  0  0.938300  0.374118 -0.191468  0.416413  -2