  1  1  0.938300 -0.068627 -0.044772 -0.009673   1
  1  1  0.938300 -0.113344  0.071067  0.303337   5
  1  1  0.938300 -0.117062 -0.066407 -0.088695   1
  1  1  0.938300  0.278036 -0.012708  0.593274   4
  1  1  0.938300  0.279623 -0.411651 -0.050440   2
  1  1  0.938300 -0.035409 -0.018998  0.193171   1
  1  1  0.938300 -0.017900  0.066910  0.289049   3
  1  1  0.938300 -0.340471  0.129969  0.244889   2
  1  1  0.938300 -0.536475 -0.030147  0.250051   2
  1  1  0.938300  0.122997  0.045273  0.128458   2
  1  1  0.938300 -0.036475  0.150221  0.159970   3
  1  1  0.938300 -0.000881  0.073965  0.339913   2
  1  1  0.938300 -0.081297 -0.021804  0.288626   4
  1  1  0.938300 -0.078743  0.097464  0.121682   1
  1  1  0.938300  0.108638 -0.003714  0.263353   2
  1  1  0.938300 -0.008138 -0.034257  0.102321   1
  1  1  0.938300  0.039947  0.167850  0.461425   2
  1  1  0.938300  0.122189  0.118340  0.015002   5
  1  1  0.938300  0.289196 -0.026537  0.170125   2
  1  1  0.938300  0.164347  0.161548  0.163997   2
  1  1  0.938300 -0.233573  0.310165  0.356377   2
  1  1  0.938300  0.006002 -0.133089 -0.025070   1
  1  1  0.938300 -0.184245  0.219926  0.147963   2
  1  1  0.938300 -0.265969 -0.025704  0.454101   2
  1  1  0.938300 -0.145439  0.076585  0.136898   4
  1  1  0.938300  0.214075 -0.070838  0.051866   2
  1  1  0.938300 -0.252051  0.159302  0.570931   3
  1  1  0.938300 -0.052182 -0.185364  0.114247   1
  1  1  0.938300 -0.137647  0.166402  0.250907   4
  1  1  0.938300  0.266648  0.027776  0.087818   3
  1  1  0.938300  0.010036 -0.089198  0.285253   2
  1  1  0.938300  0.080911  0.009410  0.202805   1
  1  1  0.938300  0.138839  0.024694  0.091843   2
  1  1  0.938300  0.489740 -0.436554  0.491411   4
  1  1  0.938300 -0.032467  0.204331  0.301403   5
  1  1  0.938300  0.214772  0.053459  0.192845   2
  1  1  0.938300 -0.001842 -0.088783  0.256629   4
  1  1  0.938300  0.191456 -0.117505  0.390600   4
  1  1  0.938300  0.109800  0.235559  0.271742   5
  1  1  0.938300  0.287776  0.156650  0.116191   2
  1  1  0.938300  0.105121 -0.378164  0.532158   3
  1  1  0.938300  0.301691 -0.042544  0.091433   2
  1  1  0.938300 -0.152009  0.168651  0.293955   5
  1  1  0.938300  0.084468  0.080870  0.512503   4
  1  1  0.938300 -0.026727  0.246443  0.696749   5
  1  1  0.938300 -0.110664  0.085917 -0.074990   1
  1  1  0.938300 -0.015887  0.103332  0.270006   2
  1  1  0.938300 -0.259542 -0.023474  0.402475   2
  1  1  0.938300 -0.089434 -0.097648 -0.083590   1
  1  1  0.938300  0.091120  0.147743  0.288245   2
  1  1  0.938300 -0.061620  0.081458  0.185305   1
  1  1  0.938300 -0.288456  0.177793  0.048346   2
  1  1  0.938300  0.117653 -0.158477 -0.043818   1
  1  1  0.938300  0.094205 -0.283659  0.257169   2
  1  1  0.938300  0.131516 -0.226643  0.364410   6
  1  1  0.938300 -0.028142 -0.103998 -0.054493   1
  1  1  0.938300 -0.240798  0.167882  0.400443   2
  1  1  0.938300  0.085091 -0.074916  0.226143   1
  1  1  0.938300  0.168624 -0.009578  0.025148   1
  1  1  0.938300 -0.252067 -0.010321  0.372546   8
  1  1  0.938300  0.043950  0.156317 -0.060658   1
  1  1  0.938300  0.140003 -0.074327  0.126204   1
  1  1  0.938300  0.213894 -0.116561  0.152318   2
  1  1  0.938300  0.208009 -0.017718  0.299760   4
  1  1  0.938300  0.125525  0.074035  0.001430   1
  1  1  0.938300 -0.047457 -0.236620  0.219943   5
  1  1  0.938300  0.118652  0.097844 -0.093262   2
  1  1  0.938300  0.024712  0.123234  0.234158   2
  1  1  0.938300 -0.351784 -0.310749  0.369726   3
  1  1  0.938300 -0.231567  0.057554  0.170830   5
  1  1  0.938300 -0.008584  0.072047  0.068858   1
  1  1  0.938300  0.050814 -0.009085  0.242572   2
  1  1  0.938300  0.096894 -0.081344  0.259801   6
  1  1  0.938300  0.044232 -0.042225  0.276248   3
  1  1  0.938300  0.121718  0.055577  0.026832   1
  1  1  0.938300  0.025025  0.034930  0.096707   1
  1  1  0.938300 -0.005969  0.270955  0.421420   5
  1  1  0.938300  0.060158  0.214982  0.181953   2
  1  1  0.938300 -0.124824  0.198658  0.352597   2
  1  0  0.938300  0.132028 -0.069233 -0.018049   1
  1  0  0.938300 -0.290140  0.027887  0.229899   2
  1  0  0.938300 -0.071597 -0.223239  0.043250   2
  1  0  0.938300 -0.042095 -0.176510  0.331431   7
  1  0  0.938300 -0.092439 -0.053813  0.254010   3
  1  0  0.938300 -0.036588  0.039889  0.047398   1
  1  0  0.938300  0.379643 -0.162571  0.151952   2
  1  0  0.938300  0.196152 -0.296969 -0.015746   7
  1  0  0.938300 -0.134119  0.027911 -0.093430   1
  1  0  0.938300 -0.017986 -0.017149 -0.022170   1
  1  0  0.938300  0.027401 -0.242559  0.348655   3
  1  0  0.938300  0.124236 -0.036423  0.079562   1
  1  0  0.938300  0.060897  0.143829  0.247947   2
  1  0  0.938300 -0.018836 -0.022285  0.667963   6
  1  0  0.938300  0.002036  0.028719  0.108392   3
  1  0  0.938300 -0.116772 -0.073933  0.262099   5
  1  0  0.938300 -0.185690  0.086142  0.006681   1
  1  0  0.938300  0.070756  0.090707  0.509685   4
  1  0  0.938300  0.068177 -0.101348  0.352764   3
  1  0  0.938300 -0.066356 -0.032336  0.089578   1
  1  0  0.938300 -0.114812  0.013864  0.499690   4
  1  0  0.938300 -0.517514 -0.154799  0.191212   6
  1  0  0.938300  0.267046 -0.022458  0.131855   3
  1  0  0.938300 -0.276761  0.002177 -0.048279   2
  1  0  0.938300 -0.335550 -0.136358  0.233196   3
  1  0  0.938300 -0.019817  0.433974  0.102410  10
  1  0  0.938300 -0.066281  0.019326 -0.048599   1
  1  0  0.938300 -0.096409 -0.148468 -0.025755   1
  1  0  0.938300  0.247751 -0.051713  0.024736   2
  1  0  0.938300 -0.383325 -0.212191  0.411017   3
  1  0  0.938300 -0.011488  0.128367  0.136551   1
  1  0  0.938300 -0.223704  0.132628  0.253381   3
  1  0  0.938300 -0.080650 -0.038432  0.023007   1
  1  0  0.938300 -0.312795 -0.038132  0.186401   3
  1  0  0.938300  0.079484  0.043831  0.131681   1
  1  0  0.938300 -0.041503  0.017467  0.399704   6
  1  0  0.938300 -0.004196 -0.183409  0.223901   2
  1  0  0.938300 -0.119687  0.087959  0.182027   2
  1  0  0.938300  0.019903  0.179049  0.476333   5
  1  0  0.938300  0.097457 -0.109352  0.107465   1
  1  0  0.938300  0.123027 -0.140516 -0.040243   2
  1  0  0.938300 -0.093612 -0.065231  0.079819   1
  1  0  0.938300 -0.205501 -0.107975  0.293084   5
  1  0  0.938300  0.108575  0.014255  0.046166   1
  1  0  0.938300 -0.010133 -0.468540  0.332649   3
  1  0  0.938300  0.225399  0.119058  0.198148   5
  1  0  0.938300  0.067020  0.170513  0.391303   5
  1  0  0.938300  0.212812 -0.218221  0.368078   2
  1  0  0.938300  0.234992 -0.127724  0.325910   2
  1  0  0.938300  0.392431  0.141488  0.078162   4
  1  0  0.938300  0.017542  0.213169  0.048811   2
  1  0  0.938300 -0.071114 -0.152088 -0.180707   4
  1  0  0.938300  0.171985  0.095161  0.344484   2
  1  0  0.938300  0.117988  0.061380  0.340526   5
  1  0  0.938300  0.220677  0.168755  0.370195   3
  1  0  0.938300 -0.111565  0.402585  0.310414   3
  1  0  0.938300  0.260273 -0.267834  0.035218   4
  1  0  0.938300  0.121984 -0.115296  0.094008   4
  1  0  0.938300  0.006404 -0.171763  0.592725   3
  1  0  0.938300 -0.314546 -0.041804  0.205776   7
  1  0  0.938300  0.154393 -0.088331  0.023535   1
  1  0  0.938300  0.030713 -0.068648  0.275475   4
  1  0  0.938300 -0.082214  0.229023  0.134527   2
  1  0  0.938300 -0.145513 -0.033376 -0.014143   1
  1  0  0.938300  0.025985 -0.124946  0.340818   2
  1  0  0.938300 -0.195106 -0.102898  0.430328   2
  1  0  0.938300  0.003001  0.062460  0.260268   3
  1  0  0.938300  0.156373  0.105800  0.142082   8
  1  0  0.938300  0.072146  0.117758  0.032176   1
  1  0  0.938300  0.062657 -0.004820  0.133040   4
  1  0  0.938300 -0.074273 -0.066150 -0.069583   1
  1  0  0.938300  0.023615  0.105333  0.017670   2
  1  0  0.938300 -0.051619  0.102378  0.299900   3
  1  0  0.938300  0.016536  0.145059  0.317396   4
  1  0  0.938300  0.008232  0.111345 -0.003356   1
  1  0  0.938300 -0.143413 -0.422908  0.273330   2
  1  0  0.938300  0.113823  0.270244  0.340276   8
  1  0  0.938300  0.069853  0.306310  0.513237   3
  1  0  0.938300  0.161438 -0.237057  0.423469   3
  1  0  0.938300  0.193089 -0.007538  0.182774   4
  1  0  0.938300  0.112255  0.238063  0.047651   1
  1  0  0.938300 -0.295893 -0.226239  0.364640   2
  1  0  0.938300  0.014415 -0.100606  0.559737   5
  1  0  0.938300 -0.095161  0.152856  0.238289   3
  1  0  0.938300  0.423086 -0.602158  0.271660   3
  1  0  0.938300 -0.092045 -0.001118  0.443196   7
  1  0  0.938300  0.204284 -0.078470  0.001717   1
  1  0  0.938300  0.078392  0.082387 -0.106241   1
  1  0  0.938300 -0.086942  0.177854  0.359714   4
  1  0  0.938300  0.227634 -0.245448  0.117327   3
  1  0  0.938300 -0.142382  0.064984  0.555035   4
  1  0  0.938300 -0.187623  0.066912  0.135859   2
  1  0  0.938300  0.091934 -0.102005  0.119944   2
  1  0  0.938300 -0.209902  0.167415  0.096649   6
  1  0  0.938300  0.337350  0.025980  0.188924   2
  1  0  0.938300  0.056261 -0.066740  0.045601   1
  1  0  0.938300  0.071805  0.038362  0.468464   2
  1  0  0.938300 -0.224122 -0.104432 -0.106662   2
  1  0  0.938300 -0.042105  0.000898  0.174514   3
  1  0  0.938300 -0.248230 -0.096545  0.247527   2
  1  0  0.938300 -0.485857 -0.327062  0.405834   2
  1  0  0.938300  0.180321 -0.111625  0.272812   2
  1  0  0.938300  0.083024  0.372645  0.347637   2
  1  0  0.938300  0.144932  0.131810  0.004400   1
  1  0  0.938300  0.063696 -0.011816  0.249486   3
  1  0  0.938300  0.098906  0.137986  0.232691   1
  1  0  0.938300  0.292689 -0.240159  0.241093   5
  1  0  0.938300  0.160529 -0.026427  0.117809   1
  1  0  0.938300  0.262781 -0.021704  0.027668   7
  1  0  0.938300 -0.120137  0.316382  0.463858   5
  1  0  0.938300  0.005197  0.087392  0.175202   4
  1  0  0.938300  0.038263  0.129677 -0.051294   1
  1  0  0.938300  0.005466  0.045168 -0.106651   1
  1  0  0.938300  0.146560  0.160538  0.133356   1
  1  0  0.938300 -0.249101  0.346715  0.314393   3
  1  0  0.938300 -0.219070  0.048032  0.056470   2
  1  0  0.938300 -0.065818  0.045649 -0.135731   1
  1  0  0.938300 -0.348845  0.047345  0.123780   5
  1  1  0.938300  0.052187 -0.136321  0.379621  -1
  1  1  0.938300 -0.146204  0.172073  0.133850  -4
  1  1  0.938300 -0.091903 -0.152733  0.607343  -4
  1  1  0.938300  0.081458  0.018826  0.395116  -1
  1  1  0.938300 -0.232543 -0.144023  0.233770  -2
  1  1  0.938300  0.030604 -0.136590  0.196543  -2
  1  1  0.938300  0.210119  0.135666  0.452003  -2
  1  1  0.938300  0.104240  0.022259  0.243032  -3
  1  1  0.938300  0.011900  0.105437  0.214096  -5
  1  1  0.938300 -0.062149 -0.071975  0.464066  -3
  1  1  0.938300 -0.037667  0.176597  0.235556  -3
  1  1  0.938300 -0.033531  0.287596  0.562538  -2
  1  1  0.938300  0.255205 -0.112629  0.629968  -3
  1  1  0.938300  0.196550 -0.218340  0.623230  -3
  1  1  0.938300  0.071737 -0.043659  0.428949  -1
  1  1  0.938300 -0.159415  0.163630  0.370552  -3
  1  1  0.938300  0.220145  0.272215  0.769015  -2
  1  1  0.938300  0.295402  0.068437  0.131296  -2
  1  1  0.938300 -0.122976 -0.132248  0.271813  -2
  1  1  0.938300 -0.102117  0.021997  0.631902  -6
  1  1  0.938300  0.093078  0.161441  0.123659  -8
  1  1  0.938300  0.020146  0.215264  0.181814  -3
  1  1  0.938300 -0.351058  0.316612  0.116379  -2
  1  1  0.938300  0.043838 -0.145267  0.507520  -1
  1  1  0.938300 -0.303158  0.048373  0.470785  -5
  1  1  0.938300 -0.019621  0.083236  0.274017  -2
  1  1  0.938300 -0.077041 -0.186471  0.327451  -2
  1  1  0.938300 -0.085473  0.500579  0.547037  -2
  1  1  0.938300  0.139347  0.177561  0.619014  -1
  1  1  0.938300 -0.021209 -0.004642  0.406871  -4
  1  1  0.938300  0.022007 -0.135429  0.303245  -3
  1  1  0.938300 -0.064459 -0.197117  0.433585  -1
  1  1  0.938300  0.066399 -0.350083  0.192509  -2
  1  1  0.938300 -0.292346  0.077607  0.236115  -2
  1  1  0.938300 -0.202813  0.242715  0.262192  -2
  1  1  0.938300  0.002769  0.029114  0.307326  -2
  1  1  0.938300  0.140712  0.022896  0.606515  -1
  1  1  0.938300 -0.185887  0.033489  0.392302  -3
  1  1  0.938300 -0.059103 -0.065504  0.582451  -1
  1  1  0.938300  0.055569 -0.316586  0.460150  -2
  1  1  0.938300  0.026373 -0.105392  0.470285  -2
  1  1  0.938300 -0.230753  0.259181  0.358413  -3
  1  1  0.938300 -0.177219 -0.139098  0.310330  -4
  1  1  0.938300  0.136780 -0.261004  0.698076  -4
  1  1  0.938300  0.093907  0.018007  0.232345  -2
  1  1  0.938300  0.146780 -0.176186 -0.014805  -3
  1  1  0.938300  0.143211  0.001828  0.013890  -2
  1  1  0.938300 -0.060783  0.386698  0.420591  -3
  1  1  0.938300  0.097554  0.228650  0.233605  -2
  1  1  0.938300  0.121818 -0.193044  0.172592  -4
  1  1  0.938300  0.128764  0.202313  0.203520  -8
  1  1  0.938300  0.145736 -0.153581  0.398438  -2
  1  1  0.938300 -0.161090 -0.244504  0.344982  -2
  1  1  0.938300  0.104318 -0.105959  0.526180  -1
  1  1  0.938300  0.203365  0.031340  0.327760  -3
  1  1  0.938300  0.031539  0.067636  0.406685  -2
  1  1  0.938300  0.425872 -0.049209  0.548438  -3
  1  1  0.938300  0.122433 -0.083968  0.040527  -2
  1  1  0.938300 -0.134875 -0.046450  0.056270  -3
  1  1  0.938300  0.061523  0.122284  0.634433  -1
  1  1  0.938300 -0.198890 -0.110295  0.120354  -3
  1  1  0.938300 -0.262453 -0.078881  0.375765  -7
  1  1  0.938300  0.001663 -0.083701  0.390649  -2
  1  1  0.938300 -0.258251  0.285722  0.387180  -2
  1  1  0.938300 -0.072153 -0.041868  0.603845  -1
  1  1  0.938300 -0.028757 -0.027157  0.247881  -4
  1  1  0.938300 -0.192068 -0.121518  0.500803  -1
  1  1  0.938300  0.076535  0.074752  0.114418  -2
  1  1  0.938300  0.087831 -0.090970  0.380633  -2
  1  1  0.938300  0.316103 -0.065762  0.218576  -3
  1  1  0.938300 -0.153171  0.118003  0.226457  -3
  1  1  0.938300 -0.139869 -0.099654  0.585880  -4
  1  1  0.938300  0.272527 -0.028913  0.341839  -5
  1  1  0.938300 -0.031401 -0.003397  0.169306  -3
  1  1  0.938300  0.077894 -0.062409  0.421510  -3
  1  1  0.938300 -0.163212 -0.105836  0.574055  -1
  1  1  0.938300  0.039090  0.409109  0.379603  -3
  1  1  0.938300 -0.102556 -0.057231  0.097002  -6
  1  1  0.938300  0.187842 -0.092025  0.615816  -2
  1  0  0.938300 -0.045756 -0.064873  0.586080  -1
  1  0  0.938300 -0.161624  0.004156  0.104608  -6
  1  0  0.938300  0.165512  0.040717  0.195943  -6
  1  0  0.938300 -0.054769  0.048527  0.590785  -5
  1  0  0.938300  0.170139 -0.022196  0.222932  -2
  1  0  0.938300  0.314701  0.076874  0.325495  -4
  1  0  0.938300 -0.195030 -0.098011  0.183926  -4
  1  0  0.938300 -0.013381  0.174952  0.632370 -13
  1  0  0.938300 -0.122673 -0.048446  0.489939  -1
  1  0  0.938300 -0.022207 -0.048616  0.341022  -1
  1  0  0.938300  0.376604  0.060202  0.321468  -2
  1  0  0.938300  0.127494  0.382546  0.409776  -4
  1  0  0.938300  0.302716 -0.030921  0.600087  -3
  1  0  0.938300  0.051069 -0.147052  0.633319  -1
  1  0  0.938300 -0.046839 -0.129889  0.424138  -3
  1  0  0.938300 -0.084186  0.172113  0.710863  -2
  1  0  0.938300 -0.034627  0.385659  0.462733  -2
  1  0  0.938300 -0.008485  0.167693  0.327794  -2
  1  0  0.938300 -0.127979 -0.373662  0.390884  -4
  1  0  0.938300 -0.164100 -0.158922  0.178939  -2
  1  0  0.938300  0.203922  0.067258  0.395297  -4
  1  0  0.938300  0.052292 -0.233215  0.352352  -4
  1  0  0.938300 -0.052781 -0.202163  0.419744  -2
  1  0  0.938300  0.039205 -0.050374  0.516262  -1
  1  0  0.938300 -0.116699  0.026240  0.168015  -2
  1  0  0.938300 -0.074785  0.098063 -0.093786  -3
  1  0  0.938300  0.219177  0.323071  0.389624 -10
  1  0  0.938300 -0.091716 -0.095035  0.544930  -3
  1  0  0.938300 -0.028247 -0.312856  0.125088  -3
  1  0  0.938300 -0.068190  0.379011  0.517239  -3
  1  0  0.938300  0.065366 -0.012900  0.605883  -1
  1  0  0.938300  0.033531  0.042962  0.595471  -1
  1  0  0.938300  0.144587 -0.283615  0.070898  -5
  1  0  0.938300  0.087632  0.121852  0.356422  -2
  1  0  0.938300  0.132921  0.057086  0.406525  -3
  1  0  0.938300  0.019214  0.029954  0.069657  -3
  1  0  0.938300 -0.111767  0.103834  0.079830  -2
  1  0  0.938300 -0.254683  0.021876  0.227784  -3
  1  0  0.938300 -0.129577  0.287066  0.486478  -6
  1  0  0.938300 -0.026539 -0.219354  0.417154  -3
  1  0  0.938300 -0.059851  0.048101  0.731287  -3
  1  0  0.938300  0.001140 -0.126513  0.332326  -3
  1  0  0.938300  0.085844  0.023695  0.449354  -2
  1  0  0.938300  0.028962  0.194354  0.501493  -6
  1  0  0.938300  0.152219  0.166586  0.460954  -3
  1  0  0.938300 -0.142291 -0.098570  0.277697  -4
  1  0  0.938300  0.127452  0.073436  0.495707  -1
  1  0  0.938300  0.108319 -0.000911  0.114245  -5
  1  0  0.938300  0.086447  0.171074  0.190995  -5
  1  0  0.938300 -0.020348 -0.018040  0.487952  -4
  1  0  0.938300 -0.162644 -0.325900  0.052991  -6
  1  0  0.938300 -0.057129 -0.064112  0.194624  -2
  1  0  0.938300 -0.024040 -0.097847 -0.008149  -4
  1  0  0.938300 -0.047457 -0.298484  0.514057  -3
  1  0  0.938300 -0.081706 -0.139054  0.216767  -3
  1  0  0.938300 -0.290490  0.024839  0.135602  -9
  1  0  0.938300 -0.169818  0.053578  0.304973  -2
  1  0  0.938300  0.029451 -0.058619  0.363012  -3
  1  0  0.938300 -0.058341 -0.320874  0.480278  -2
  1  0  0.938300 -0.133988 -0.036885  0.200968  -3
  1  0  0.938300  0.120883 -0.217184  0.186860  -2
  1  0  0.938300  0.240993  0.274877  0.471398  -3
  1  0  0.938300 -0.047201 -0.066214  0.342081  -5
  1  0  0.938300  0.087776  0.047399  0.069719  -4
  1  0  0.938300 -0.053225  0.058564  0.242875  -2
  1  0  0.938300 -0.079822 -0.036722  0.488879  -1
  1  0  0.938300 -0.154030  0.051239  0.108247  -2
  1  0  0.938300  0.040011  0.025404  0.565603  -1
  1  0  0.938300 -0.148384 -0.102862  0.103257  -2
  1  0  0.938300  0.054324  0.008208  0.217512  -5
  1  0  0.938300  0.041719 -0.097540  0.174782  -5
  1  0  0.938300 -0.057127 -0.217840  0.302556  -4
  1  0  0.938300  0.086782 -0.122053  0.250409  -3
  1  0  0.938300 -0.199959 -0.497201  0.512237  -4
  1  0  0.938300  0.048035 -0.151902  0.006573  -4
  1  0  0.938300 -0.145158 -0.046611  0.110873  -5
  1  0  0.938300  0.000492 -0.025258  0.445665  -3
  1  0  0.938300  0.141930 -0.135459  0.450799  -7
  1  0  0.938300  0.034365 -0.151289  0.517924  -1
  1  0  0.938300  0.043219  0.145881  0.155603  -2
  1  0  0.938300  0.048500  0.219308  0.447446  -3
  1  0  0.938300 -0.046474  0.200860  0.548023  -4
  1  0  0.938300 -0.090042 -0.131221  0.298507  -3
  1  0  0.938300  0.020845 -0.408889  0.558402  -2
  1  0  0.938300 -0.150283  0.161701  0.399156  -1
  1  0  0.938300 -0.142961 -0.107394  0.682329  -1
  1  0  0.938300  0.254766  0.110474  0.161952  -2
  1  0  0.938300  0.036294 -0.156698  0.229572  -6
  1  0  0.938300 -0.096384  0.212740  0.545076  -2
  1  0  0.938300 -0.006435  0.191202  0.618738  -1
  1  0  0.938300  0.204951 -0.136700  0.531517  -1
  1  0  0.938300 -0.119744  0.084766  0.457714  -3
  1  0  0.938300 -0.027001  0.385608  0.196284  -3
  1  0  0.938300 -0.131109 -0.283924  0.341509  -2
  1  0  0.938300 -0.068827  0.035211  0.411138  -1
  1  0  0.938300 -0.031887  0.252100  0.219831  -3
  1  0  0.938300  0.166056 -0.451542  0.088101  -2
  1  0  0.938300 -0.227573 -0.234101  0.477253  -5
  1  0  0.938300 -0.224454 -0.054321  0.655983  -2
  1  0  0.938300  0.003983  0.150772  0.659279  -1
  1  0  0.938300  0.152228  0.095963  0.127115  -2
  1  0  0.938300 -0.301162  0.133862  0.498504  -6
  1  0  0.938300  0.104098 -0.086306  0.621714  -1
  1  0  0.938300  0.167275 -0.061843  0.352026  -2
  1  0  0.938300  0.073960  0.177312  0.531161  -3
  1  0  0.938300 -0.017209 -0.148168  0.469928  -1
  1  0  0.938300  0.173474  0.581193  0.369327  -3
  1  0  0.938300  0.009072 -0.134105  0.280072  -3
  1  0  0.938300 -0.097078  0.204508  0.467360  -3
  1  0  0.938300 -0.182864  0.035052  0.455448  -2
  1  0  0.938300  0.152598 -0.083820  0.045881  -4
  1  0  0.938300 -0.143076  0.070206  0.036624  -7
  1  0  0.938300  0.002142 -0.032347  0.473102  -1
  1  0  0.938300 -0.574664  0.050697  0.595140  -2
  1  0  0.938300 -0.037900 -0.141924  0.260632  -4
  1  0  0.938300 -0.049327 -0.195552  0.268655  -4
  1  0  0.938300  0.132074 -0.206144  0.485904  -1
  1  0  0.938300  0.108516  0.057713  0.527347  -3