  1  1  0.938300  0.151920  0.199882  0.182065   3
  1  1  0.938300  0.262920  0.155028 -0.113839   4
  1  1  0.938300 -0.060135 -0.040107  0.214304   2
  1  1  0.938300  0.060257 -0.114028  0.438176   2
  1  1  0.938300 -0.041502  0.002759  0.084399   4
  1  1  0.938300  0.067576  0.133032  0.009211   1
  1  1  0.938300 -0.112583 -0.007328  0.323837   3
  1  1  0.938300  0.096240  0.026660  0.034928   2
  1  1  0.938300  0.080748  0.034986 -0.073018   1
  1  1  0.938300 -0.175856 -0.227667  0.282663   8
  1  1  0.938300  0.182396 -0.099826  0.086198   1
  1  1  0.938300  0.405633  0.137064  0.217373   3
  1  1  0.938300  0.028032 -0.042516  0.466594   3
  1  1  0.938300 -0.140525  0.063431  0.035902   2
  1  1  0.938300  0.075030  0.054261 -0.015180   1
  1  1  0.938300  0.183327 -0.094176  0.475628   3
  1  1  0.938300 -0.128901  0.165944  0.421793   5
  1  1  0.938300  0.242300 -0.554534  0.346189   2
  1  1  0.938300 -0.078123  0.150618 -0.077937   1
  1  1  0.938300 -0.104539 -0.023430  0.030342   2
  1  1  0.938300 -0.153854 -0.048910 -0.146285   4
  1  1  0.938300  0.195026 -0.012057  0.100367   1
  1  1  0.938300  0.092169  0.100183  0.168126   3
  1  1  0.938300  0.241969 -0.336890  0.137903   2
  1  1  0.938300  0.390154 -0.005120  0.430105   2
  1  1  0.938300  0.322207  0.478089  0.450196   4
  1  1  0.938300  0.075012 -0.166545  0.293549   2
  1  1  0.938300  0.125859 -0.033258  0.315121   4
  1  1  0.938300  0.009167 -0.057894  0.115176   1
  1  1  0.938300 -0.054070  0.104628 -0.010207   1
  1  1  0.938300  0.113584 -0.028480  0.186776   3
  1  1  0.938300  0.032028  0.014670  0.019192   2
  1  1  0.938300  0.197186 -0.040163 -0.082584   2
  1  1  0.938300 -0.151567 -0.239959  0.661355  11
  1  1  0.938300  0.083614  0.075085  0.176864   1
  1  1  0.938300  0.343336  0.309046 -0.197214   2
  1  1  0.938300 -0.211850 -0.111524  0.353811   9
  1  1  0.938300 -0.107605 -0.027769  0.475197   4
  1  1  0.938300  0.209415  0.102603  0.000938   1
  1  1  0.938300 -0.258664  0.082296  0.068225   2
  1  1  0.938300 -0.189414  0.148677  0.203254   2
  1  1  0.938300 -0.016270 -0.014675  0.568881   3
  1  1  0.938300 -0.021306  0.048618  0.040750   3
  1  1  0.938300  0.007848  0.240955  0.033749   2
  1  1  0.938300  0.383019  0.054650  0.248535   3
  1  1  0.938300 -0.220313 -0.426814  0.277945   2
  1  1  0.938300 -0.009750 -0.009122 -0.062582   4
  1  1  0.938300  0.272825 -0.211773  0.181565   3
  1  1  0.938300 -0.033763 -0.115282  0.137536   4
  1  1  0.938300  0.200748 -0.173634  0.403119   2
  1  1  0.938300  0.045170  0.123113 -0.030685   1
  1  1  0.938300 -0.078018 -0.111088  0.190096   1
  1  1  0.938300  0.191634 -0.169674  0.393242   2
  1  1  0.938300 -0.244371 -0.068260 -0.077773   4
  1  1  0.938300  0.172984  0.202022  0.593362   4
  1  1  0.938300  0.224951 -0.325725  0.477529   3
  1  1  0.938300  0.243520 -0.006191  0.079301   4
  1  1  0.938300 -0.035414 -0.250553  0.073935   1
  1  1  0.938300 -0.060434  0.000450  0.108497   1
  1  1  0.938300 -0.147160 -0.071258  0.060411   1
  1  1  0.938300  0.227252 -0.427453  0.221195   2
  1  1  0.938300 -0.069129 -0.071704  0.098409   1
  1  1  0.938300 -0.071434 -0.053583  0.067231   1
  1  1  0.938300  0.003859 -0.139859  0.012127   2
  1  1  0.938300 -0.155021  0.065953  0.188516   3
  1  1  0.938300  0.153122 -0.245402  0.197313   4
  1  1  0.938300  0.228832 -0.079633  0.520573   3
  1  1  0.938300 -0.299146  0.044555  0.345834   3
  1  1  0.938300  0.015479  0.178994  0.183335   2
  1  1  0.938300  0.287807 -0.186922 -0.090255   3
  1  1  0.938300  0.107360  0.125737  0.207438   3
  1  1  0.938300  0.036490 -0.392173  0.340416   2
  1  1  0.938300  0.112767  0.091382 -0.009032   1
  1  1  0.938300  0.214403 -0.081835  0.469132   2
  1  1  0.938300 -0.128546  0.251992  0.054902   8
  1  1  0.938300  0.137964 -0.064177  0.171566   2
  1  1  0.938300  0.152873 -0.022786  0.163928   3
  1  1  0.938300 -0.070496  0.063211  0.417367   5
  1  1  0.938300 -0.204036  0.130049  0.480143   2
  1  0  0.938300 -0.146787  0.135694  0.128986   1
  1  0  0.938300 -0.160560  0.046493  0.014628   1
  1  0  0.938300 -0.135310  0.173434  0.124937   1
  1  0  0.938300  0.028299  0.158485  0.154608   3
  1  0  0.938300  0.127801  0.181657 -0.034536   3
  1  0  0.938300  0.183610 -0.005498  0.187374   1
  1  0  0.938300 -0.123381 -0.131335  0.425155   3
  1  0  0.938300  0.223577  0.100755  0.251463   6
  1  0  0.938300  0.005701  0.150827  0.145122   1
  1  0  0.938300  0.217893 -0.124892  0.346937   5
  1  0  0.938300  0.063417 -0.075479  0.148840   3
  1  0  0.938300 -0.200830 -0.062122  0.363073   4
  1  0  0.938300  0.004955 -0.187755  0.055658   4
  1  0  0.938300 -0.198497 -0.254068  0.422881   9
  1  0  0.938300  0.070694  0.107196  0.249183   3
  1  0  0.938300 -0.259359  0.071335  0.003314   2
  1  0  0.938300  0.111087  0.004533  0.252687   3
  1  0  0.938300  0.246028 -0.073136  0.208191   4
  1  0  0.938300  0.244932  0.049084  0.358342   4
  1  0  0.938300  0.358124  0.005951  0.473522   4
  1  0  0.938300  0.185381  0.146876 -0.007275   5
  1  0  0.938300  0.292390 -0.083294  0.383361   3
  1  0  0.938300 -0.018002 -0.269046  0.165424   5
  1  0  0.938300 -0.094243  0.091267  0.244541   2
  1  0  0.938300  0.143166 -0.101815  0.185434   1
  1  0  0.938300  0.312467 -0.173109 -0.000030   2
  1  0  0.938300  0.045205  0.176921  0.329558   4
  1  0  0.938300 -0.002079 -0.049158  0.295339   3
  1  0  0.938300  0.032850  0.019652 -0.033226   3
  1  0  0.938300 -0.049237 -0.276056  0.230184   4
  1  0  0.938300  0.211501  0.127609  0.426376   2
  1  0  0.938300  0.273850  0.327763  0.154372   3
  1  0  0.938300  0.175286  0.163162  0.250621   2
  1  0  0.938300  0.141024 -0.023609 -0.002333   2
  1  0  0.938300  0.043262 -0.308205  0.406547   6
  1  0  0.938300  0.004420  0.220389  0.272077   2
  1  0  0.938300 -0.279812  0.005148  0.267828   3
  1  0  0.938300 -0.103584 -0.002394 -0.070558   1
  1  0  0.938300  0.081920  0.093629  0.298356   3
  1  0  0.938300  0.094332  0.269873  0.490875   5
  1  0  0.938300 -0.024204  0.185943  0.180890   2
  1  0  0.938300 -0.214418 -0.249917  0.044278   4
  1  0  0.938300  0.026565 -0.012837  0.269395   3
  1  0  0.938300  0.181844 -0.103813  0.108026   2
  1  0  0.938300  0.178126 -0.033578  0.092103   1
  1  0  0.938300  0.008392  0.183967  0.223873   8
  1  0  0.938300 -0.332614 -0.258186  0.124524   3
  1  0  0.938300  0.126330 -0.035746  0.092110   1
  1  0  0.938300 -0.080146  0.224321  0.430748   5
  1  0  0.938300 -0.167221  0.102313  0.267759   2
  1  0  0.938300 -0.188094  0.012235  0.196564   4
  1  0  0.938300  0.132331 -0.094584 -0.014437   1
  1  0  0.938300 -0.044304 -0.052965 -0.006129   1
  1  0  0.938300 -0.140017  0.297569  0.485205   3
  1  0  0.938300 -0.240195  0.291160  0.320055   3
  1  0  0.938300  0.011960  0.232244  0.479182   7
  1  0  0.938300  0.126093 -0.082000  0.037330   1
  1  0  0.938300  0.197994 -0.246391  0.435927   7
  1  0  0.938300  0.131316  0.091608  0.413393   6
  1  0  0.938300 -0.134557  0.002151  0.350154   8
  1  0  0.938300  0.172168 -0.114184  0.007811   1
  1  0  0.938300  0.178399 -0.070403 -0.086590   1
  1  0  0.938300 -0.030929  0.071073  0.182504   3
  1  0  0.938300  0.151719  0.063590  0.039417   2
  1  0  0.938300 -0.125712 -0.199088  0.244016   2
  1  0  0.938300 -0.099265 -0.091345  0.143090   2
  1  0  0.938300 -0.118254  0.077979  0.275004   4
  1  0  0.938300  0.010489  0.100936  0.151285   3
  1  0  0.938300 -0.148285  0.101935  0.104989   1
  1  0  0.938300  0.229534 -0.022610  0.275903   3
  1  0  0.938300 -0.084780 -0.100393  0.077616   1
  1  0  0.938300  0.103156  0.169309 -0.102124   1
  1  0  0.938300 -0.062711  0.110510 -0.006030   2
  1  0  0.938300 -0.074585  0.140063  0.286529   4
  1  0  0.938300 -0.078750  0.075078  0.507709   5
  1  0  0.938300  0.232214 -0.255611  0.039951   6
  1  0  0.938300 -0.137690 -0.106663  0.051637   3
  1  0  0.938300  0.003862  0.002112  0.143153   3
  1  0  0.938300  0.160825  0.053413  0.183197   3
  1  0  0.938300  0.094504 -0.058775  0.112037   2
  1  0  0.938300  0.107604  0.199171  0.082991   3
  1  0  0.938300 -0.080562 -0.126165  0.215821   1
  1  0  0.938300  0.007671  0.163815  0.091002   1
  1  0  0.938300 -0.071099 -0.055748  0.141795   1
  1  0  0.938300 -0.079767 -0.096064  0.264604   5
  1  0  0.938300 -0.070185  0.101340  0.135574   3
  1  0  0.938300 -0.067571  0.164419 -0.185044   5
  1  0  0.938300  0.043018  0.030516  0.027313   5
  1  0  0.938300  0.282722  0.246194  0.105277   2
  1  0  0.938300 -0.018111 -0.056137  0.314513   5
  1  0  0.938300  0.082718 -0.082711 -0.088110   2
  1  0  0.938300 -0.319344  0.115429  0.520023   2
  1  0  0.938300  0.294917 -0.173631  0.484810   5
  1  0  0.938300 -0.117597 -0.042399 -0.037598   1
  1  0  0.938300  0.131462  0.010741 -0.047108   2
  1  0  0.938300  0.277377 -0.038824  0.158065   2
  1  0  0.938300 -0.175787  0.201322  0.248859   4
  1  0  0.938300 -0.011163  0.027002  0.213684   4
  1  0  0.938300 -0.097624 -0.038764  0.139158   6
  1  0  0.938300 -0.271183  0.038283  0.343749   9
  1  0  0.938300 -0.033617 -0.247153  0.404025   6
  1  0  0.938300 -0.290827 -0.061674  0.193933   4
  1  0  0.938300 -0.032551 -0.382341  0.122732   2
  1  0  0.938300  0.015870  0.190508  0.400513   3
  1  0  0.938300  0.041168 -0.038060  0.325550   3
  1  0  0.938300  0.067880  0.598028 -0.027393   3
  1  0  0.938300 -0.047776  0.006067  0.207303   4
  1  0  0.938300 -0.033388 -0.279331  0.718707   3
  1  0  0.938300  0.291710  0.109587  0.136312   2
  1  0  0.938300  0.236274 -0.053034  0.209551   2
  1  0  0.938300 -0.159986 -0.097199  0.385874   4
  1  0  0.938300 -0.540065 -0.264362  0.394933   5
  1  0  0.938300 -0.132532  0.360691  0.083230   2
  1  0  0.938300 -0.171056 -0.170988  0.260170   2
  1  0  0.938300  0.117135  0.129092  0.062976   3
  1  0  0.938300 -0.129472  0.100034  0.138176   1
  1  0  0.938300 -0.042837  0.244728  0.592046   3
  1  0  0.938300 -0.098399 -0.002979  0.035196   2
  1  1  0.938300  0.293882 -0.109333  0.404514  -3
  1  1  0.938300  0.213718 -0.229239  0.225930  -4
  1  1  0.938300 -0.121496 -0.004292  0.231849  -3
  1  1  0.938300  0.007094 -0.002756  0.584268  -1
  1  1  0.938300  0.226300  0.067302  0.383619  -3
  1  1  0.938300 -0.023746 -0.155123  0.450764  -1
  1  1  0.938300 -0.317719  0.223750  0.431801  -4
  1  1  0.938300  0.241590  0.192965  0.245640  -5
  1  1  0.938300  0.193692  0.096608  0.409978  -1
  1  1  0.938300 -0.125744 -0.230829  0.509627  -2
  1  1  0.938300 -0.005585  0.019553  0.442628  -2
  1  1  0.938300  0.168615  0.339134  0.234276  -3
  1  1  0.938300 -0.137443 -0.009989  0.366175  -3
  1  1  0.938300 -0.215163 -0.002750  0.382875  -3
  1  1  0.938300  0.010744 -0.003248  0.166454  -3
  1  1  0.938300 -0.061204  0.295874  0.104946  -5
  1  1  0.938300  0.250334  0.391970  0.619372  -3
  1  1  0.938300  0.015065  0.115481  0.406044  -4
  1  1  0.938300 -0.223718 -0.037822  0.470301  -4
  1  1  0.938300 -0.107843 -0.062767 -0.021346  -5
  1  1  0.938300  0.023738 -0.347207  0.162094  -2
  1  1  0.938300 -0.105069  0.066526  0.354368  -5
  1  1  0.938300  0.346511 -0.266699  0.478907  -5
  1  1  0.938300 -0.096272  0.055263  0.368569  -3
  1  1  0.938300 -0.001079 -0.113773  0.162417  -2
  1  1  0.938300 -0.021549 -0.057764  0.100840  -5
  1  1  0.938300  0.111034 -0.251671  0.631904  -4
  1  1  0.938300 -0.088426 -0.043488  0.460714  -3
  1  1  0.938300  0.163823 -0.124570 -0.051529  -3
  1  1  0.938300 -0.090907  0.275188  0.303244 -10
  1  1  0.938300 -0.007674  0.151597  0.483442  -1
  1  1  0.938300  0.133050 -0.013018  0.162404  -5
  1  1  0.938300 -0.055450 -0.146737  0.455199  -2
  1  1  0.938300  0.055434 -0.033743  0.311275  -3
  1  1  0.938300 -0.240138 -0.020505  0.330910  -4
  1  1  0.938300  0.148970  0.103364  0.343765  -2
  1  1  0.938300  0.031377  0.041515  0.591548  -1
  1  1  0.938300 -0.106113  0.112699  0.427507 -10
  1  1  0.938300 -0.121666 -0.016830  0.314377  -2
  1  1  0.938300 -0.005876  0.102841  0.463379  -1
  1  1  0.938300  0.043981 -0.045340  0.564918  -1
  1  1  0.938300  0.268505 -0.169928  0.300492  -2
  1  1  0.938300 -0.043624  0.407797  0.765217  -2
  1  1  0.938300  0.095311 -0.177012  0.302419  -2
  1  1  0.938300  0.067987 -0.177696  0.548559  -3
  1  1  0.938300 -0.231640 -0.084727  0.288180  -6
  1  1  0.938300  0.139460  0.048404  0.101508  -3
  1  1  0.938300 -0.060856  0.084197  0.437676  -1
  1  1  0.938300  0.005562 -0.026315  0.185286  -4
  1  1  0.938300  0.072729  0.144405  0.425306  -4
  1  1  0.938300  0.107664  0.162731  0.535377  -1
  1  1  0.938300 -0.569575 -0.214361  0.265616  -4
  1  1  0.938300  0.285032 -0.142998  0.558549  -3
  1  1  0.938300 -0.058290 -0.020774  0.488098  -1
  1  1  0.938300 -0.102536 -0.126182  0.364424  -1
  1  1  0.938300  0.389283  0.487414  0.565390  -2
  1  1  0.938300  0.130640 -0.074749  0.409500  -2
  1  1  0.938300 -0.253748  0.117379  0.113781  -2
  1  1  0.938300 -0.042006  0.180148  0.221542  -4
  1  1  0.938300  0.112584  0.130684  0.366231  -3
  1  1  0.938300  0.079771 -0.003853  0.417642  -1
  1  1  0.938300  0.200768  0.015530  0.373475  -6
  1  1  0.938300  0.136737  0.029181  0.574493  -1
  1  1  0.938300  0.142211  0.197756  0.243321  -4
  1  1  0.938300 -0.084954 -0.152683  0.565549  -2
  1  1  0.938300  0.067131 -0.045830  0.470961  -2
  1  1  0.938300 -0.257469  0.225498  0.405334  -2
  1  1  0.938300 -0.143702  0.333918  0.341024  -6
  1  1  0.938300 -0.233851 -0.149829  0.026664  -2
  1  1  0.938300  0.074260 -0.269087  0.299367  -2
  1  1  0.938300 -0.144057 -0.176665  0.515232  -1
  1  1  0.938300 -0.146855 -0.027460  0.226874  -4
  1  1  0.938300 -0.173443  0.132054  0.469396  -1
  1  1  0.938300 -0.029618 -0.097332  0.645992  -1
  1  1  0.938300 -0.199234 -0.270416  0.212344  -2
  1  1  0.938300  0.245907 -0.135111  0.166210  -5
  1  1  0.938300 -0.191672  0.176738  0.321693  -3
  1  1  0.938300 -0.169332 -0.053175  0.174871  -4
  1  1  0.938300  0.117504 -0.228300  0.349397  -5
  1  0  0.938300 -0.030604  0.469296  0.362990  -9
  1  0  0.938300 -0.150036  0.034809  0.602368  -1
  1  0  0.938300  0.127235  0.132314  0.113044  -2
  1  0  0.938300  0.005090 -0.304423  0.261491  -3
  1  0  0.938300  0.002802 -0.126342  0.546089  -1
  1  0  0.938300  0.060629  0.094166  0.173113  -4
  1  0  0.938300 -0.138801  0.000489  0.226528  -4
  1  0  0.938300 -0.285987 -0.191632  0.259908  -7
  1  0  0.938300 -0.119296 -0.358117  0.145489 -10
  1  0  0.938300  0.009592  0.367584  0.446870  -5
  1  0  0.938300  0.019194  0.240316  0.265592  -3
  1  0  0.938300 -0.284897 -0.049113  0.504944  -3
  1  0  0.938300 -0.024844 -0.288766  0.290882  -2
  1  0  0.938300  0.096765 -0.067806  0.369968  -5
  1  0  0.938300  0.090970  0.143110  0.603546  -1
  1  0  0.938300 -0.243111  0.331196  0.452224  -2
  1  0  0.938300  0.150631 -0.134911  0.434680  -6
  1  0  0.938300  0.152564  0.179315  0.453110  -1
  1  0  0.938300  0.095447  0.085543  0.235722  -4
  1  0  0.938300 -0.055549  0.169532  0.486397  -4
  1  0  0.938300  0.096933  0.115093  0.600942  -6
  1  0  0.938300  0.020218 -0.104540 -0.009462  -6
  1  0  0.938300  0.029991 -0.176384  0.538391  -3
  1  0  0.938300 -0.025909 -0.157861  0.664223  -1
  1  0  0.938300  0.039273 -0.172855  0.533607  -4
  1  0  0.938300 -0.111605  0.287550  0.184282  -2
  1  0  0.938300 -0.149177  0.120646  0.443766  -3
  1  0  0.938300 -0.098282 -0.010695  0.191485  -4
  1  0  0.938300 -0.024119 -0.032883  0.444667  -3
  1  0  0.938300 -0.125871 -0.193929  0.492868  -3
  1  0  0.938300  0.041489 -0.288832  0.477275  -2
  1  0  0.938300  0.120932 -0.032950  0.168987  -3
  1  0  0.938300 -0.007741 -0.064628  0.655689  -1
  1  0  0.938300 -0.243884  0.082113  0.360688  -2
  1  0  0.938300 -0.022813 -0.107759  0.502928  -1
  1  0  0.938300  0.122155 -0.127050  0.162802  -2
  1  0  0.938300  0.081292  0.035661  0.192409  -4
  1  0  0.938300 -0.235648 -0.112000  0.170938  -5
  1  0  0.938300 -0.216705  0.305806  0.353817  -3
  1  0  0.938300 -0.021195  0.041706  0.411370  -3
  1  0  0.938300  0.417625 -0.135317 -0.000040  -8
  1  0  0.938300 -0.037899  0.056893  0.277753  -3
  1  0  0.938300 -0.299860  0.096183  0.214346  -2
  1  0  0.938300  0.232829  0.119845  0.398549  -2
  1  0  0.938300 -0.071496  0.025898  0.152027  -2
  1  0  0.938300 -0.215261 -0.126438  0.098333  -4
  1  0  0.938300  0.042274  0.169374  0.294127  -3
  1  0  0.938300  0.077411  0.008243  0.400009  -4
  1  0  0.938300 -0.161442  0.181205  0.205567  -5
  1  0  0.938300 -0.070300 -0.157501  0.244379  -2
  1  0  0.938300  0.224367  0.095794  0.497927  -2
  1  0  0.938300 -0.131462 -0.187493  0.302270  -3
  1  0  0.938300 -0.079220  0.013304  0.429279  -5
  1  0  0.938300  0.300111  0.084741  0.423565  -2
  1  0  0.938300 -0.059517  0.078675  0.075650  -3
  1  0  0.938300 -0.169254  0.146763  0.154154  -5
  1  0  0.938300 -0.122085 -0.010752  0.641175  -1
  1  0  0.938300  0.164855 -0.268470  0.395321  -2
  1  0  0.938300  0.369252  0.159256  0.790478  -4
  1  0  0.938300  0.068880  0.357634  0.364376  -3
  1  0  0.938300 -0.017335  0.127371  0.250868  -1
  1  0  0.938300 -0.098891  0.215923  0.175448  -4
  1  0  0.938300 -0.092329 -0.007900  0.370312  -1
  1  0  0.938300  0.315152 -0.292786  0.285326  -3
  1  0  0.938300  0.047155 -0.098788  0.222077  -3
  1  0  0.938300 -0.153828 -0.073199  0.149238  -3
  1  0  0.938300 -0.131733  0.023152  0.308835  -2
  1  0  0.938300 -0.098385  0.290632  0.177632  -4
  1  0  0.938300 -0.167448  0.195068  0.631051  -4
  1  0  0.938300  0.195743 -0.292227  0.241837  -2
  1  0  0.938300  0.047678  0.029321  0.501746  -1
  1  0  0.938300 -0.254486  0.121117  0.440473  -9
  1  0  0.938300  0.089203  0.144588  0.736577  -4
  1  0  0.938300  0.211801 -0.040027  0.410617  -5
  1  0  0.938300 -0.075792  0.108037  0.531487  -4
  1  0  0.938300 -0.032919 -0.024649  0.611482  -2
  1  0  0.938300  0.285459  0.464235  0.350843  -3
  1  0  0.938300 -0.166407 -0.162228  0.222735  -3
  1  0  0.938300 -0.238098 -0.138265  0.768659  -2
  1  0  0.938300  0.033047  0.156122  0.511861  -1
  1  0  0.938300  0.201264 -0.031551  0.377289  -2
  1  0  0.938300  0.006948 -0.008040  0.344186  -4
  1  0  0.938300 -0.232580 -0.188524  0.384174  -2
  1  0  0.938300  0.037252 -0.033556  0.434052  -1
  1  0  0.938300 -0.102051  0.192730  0.301007  -4
  1  0  0.938300  0.062319  0.106227  0.512615  -1
  1  0  0.938300  0.064547 -0.109530  0.583884  -1
  1  0  0.938300  0.301580  0.332794  0.171231  -5
  1  0  0.938300  0.026167 -0.000507  0.427557  -1
  1  0  0.938300  0.015603  0.088158  0.253832  -1
  1  0  0.938300 -0.147689  0.136346  0.322421  -2
  1  0  0.938300 -0.216233  0.277693  0.354215  -4
  1  0  0.938300  0.257709 -0.180105  0.215889  -3
  1  0  0.938300  0.377361  0.051584  0.483356  -2
  1  0  0.938300  0.031118  0.185056  0.328689  -2
  1  0  0.938300  0.049612  0.100237  0.312604  -1
  1  0  0.938300 -0.023625  0.153776  0.425099  -3
  1  0  0.938300 -0.176366  0.277214  0.240620  -2
  1  0  0.938300 -0.188621 -0.268876  0.541999  -4
  1  0  0.938300  0.006255 -0.008568  0.686831  -1
  1  0  0.938300 -0.006985  0.019746  0.404597  -1
  1  0  0.938300 -0.223998 -0.124154  0.363587  -3
  1  0  0.938300  0.067183  0.022888  0.571471  -2
  1  0  0.938300  0.161178  0.112445  0.319308  -2
  1  0  0.938300  0.057019 -0.173151  0.594293  -1
  1  0  0.938300 -0.157334 -0.485484  0.486483  -2
  1  0  0.938300 -0.145566 -0.156122  0.488859  -3
  1  0  0.938300 -0.180591  0.065181  0.551704  -1
  1  0  0.938300  0.267439  0.199302  0.138196  -3
  1  0  0.938300 -0.097086 -0.044561  0.570359  -1
  1  0  0.938300 -0.022863  0.069845  0.618003  -1
  1  0  0.938300  0.011472  0.136874  0.468018  -3
  1  0  0.938300  0.059587 -0.037080  0.443432  -1
  1  0  0.938300  0.152725  0.005161  0.500041  -1
  1  0  0.938300  0.039791  0.176812  0.398836  -3
  1  0  0.938300 -0.067607 -0.068763  0.229796  -6
  1  0  0.938300 -0.303961 -0.011769  0.462698  -2
  1  0  0.938300  0.288422 -0.147263  0.564592  -2