  1  1  0.938300  0.220537 -0.193498  0.232241   3
  1  1  0.938300 -0.276431  0.059851  0.041195   2
  1  1  0.938300  0.079179 -0.128654  0.201606   3
  1  1  0.938300  0.304817 -0.240220  0.129794   3
  1  1  0.938300  0.049440 -0.096648  0.075061   1
  1  1  0.938300 -0.282840  0.154470  0.168954   7
  1  1  0.938300  0.004655  0.030042  0.454916   5
  1  1  0.938300 -0.018452  0.129261  0.555042   2
  1  1  0.938300 -0.141270  0.273296  0.210175   2
  1  1  0.938300  0.199050  0.220383  0.084409   3
  1  1  0.938300  0.129502  0.050369 -0.015566   5
  1  1  0.938300  0.055871 -0.104447  0.018105   1
  1  1  0.938300 -0.049839 -0.044024  0.130553   5
  1  1  0.938300  0.078053  0.133804  0.168828   4
  1  1  0.938300 -0.088185  0.183458  0.095742   1
  1  1  0.938300 -0.307822 -0.242810  0.419863   5
  1  1  0.938300 -0.138674  0.082225  0.216457   1
  1  1  0.938300  0.046610 -0.070723 -0.097373   1
  1  1  0.938300  0.155314 -0.164506  0.297601   2
  1  1  0.938300 -0.117913 -0.243002  0.304333   3
  1  1  0.938300  0.003799 -0.024115 -0.076009   1
  1  1  0.938300 -0.205320  0.034220  0.316757   6
  1  1  0.938300 -0.064740 -0.046333 -0.074984   6
  1  1  0.938300  0.294708 -0.165147  0.285792   6
  1  1  0.938300 -0.068038  0.197425  0.249886   2
  1  1  0.938300 -0.012225 -0.076640  0.120076   1
  1  1  0.938300 -0.093238 -0.011983 -0.072239   1
  1  1  0.938300 -0.203604 -0.313119  0.171942   3
  1  1  0.938300  0.041953  0.149730 -0.026989   1
  1  1  0.938300 -0.192379 -0.178325  0.075944   4
  1  1  0.938300 -0.131310  0.017180  0.100939   2
  1  1  0.938300  0.253664 -0.152931  0.228808   5
  1  1  0.938300  0.046678 -0.145969 -0.099122   1
  1  1  0.938300 -0.003428  0.109671  0.113038   1
  1  1  0.938300 -0.043447 -0.172578 -0.041636   2
  1  1  0.938300  0.269108 -0.052723  0.203006   5
  1  1  0.938300 -0.226477 -0.025470  0.166431   3
  1  1  0.938300  0.099198 -0.133898  0.181944   1
  1  1  0.938300  0.205439 -0.092533  0.439096   2
  1  1  0.938300  0.167122  0.027948  0.133548   2
  1  1  0.938300  0.040871  0.012083 -0.051307   1
  1  1  0.938300  0.330084 -0.165039  0.319621   3
  1  1  0.938300 -0.184254 -0.267686  0.524952   5
  1  1  0.938300 -0.165083 -0.003113  0.347378   2
  1  1  0.938300 -0.128880  0.044678  0.245357   2
  1  1  0.938300 -0.051285  0.120436  0.114655   5
  1  1  0.938300 -0.138757 -0.155281  0.039678   6
  1  1  0.938300  0.316650  0.071444  0.506050   3
  1  1  0.938300  0.123053  0.052252 -0.000048   1
  1  1  0.938300  0.088207  0.067348  0.208297   1
  1  1  0.938300 -0.043165 -0.069771  0.116253   1
  1  1  0.938300 -0.069148  0.127137  0.281754   5
  1  1  0.938300  0.359010 -0.080879 -0.073198   4
  1  1  0.938300  0.505384  0.004489  0.301572   2
  1  1  0.938300 -0.299897  0.238102  0.247639   2
  1  1  0.938300  0.091284 -0.038468 -0.052346   1
  1  1  0.938300 -0.027474 -0.129646  0.017075   2
  1  1  0.938300  0.118499  0.079426  0.084266   1
  1  1  0.938300  0.010120 -0.342674  0.270654   3
  1  1  0.938300 -0.075555  0.156787  0.262380   3
  1  1  0.938300  0.143693 -0.029796  0.188709   1
  1  1  0.938300 -0.103303 -0.327127  0.580049   3
  1  1  0.938300 -0.021698 -0.204157  0.311525   3
  1  1  0.938300  0.144267  0.221386  0.356192   2
  1  1  0.938300 -0.126214 -0.047617  0.288555   2
  1  1  0.938300  0.072563  0.034700  0.074188   1
  1  1  0.938300 -0.107497  0.150434  0.310814   2
  1  1  0.938300  0.179470 -0.020175  0.118559   1
  1  1  0.938300  0.008489  0.195312  0.367444   4
  1  1  0.938300 -0.015240  0.041194  0.252115   3
  1  1  0.938300 -0.300476 -0.149881  0.409514   3
  1  1  0.938300  0.025544  0.047126 -0.180145   2
  1  1  0.938300  0.201511  0.096527  0.433745   3
  1  1  0.938300  0.025901  0.287323  0.585839   3
  1  1  0.938300 -0.180889  0.090229 -0.021724   2
  1  1  0.938300  0.054698 -0.010417  0.192098   5
  1  1  0.938300  0.117181  0.145259  0.139277   1
  1  1  0.938300 -0.220848 -0.002789 -0.112367   2
  1  1  0.938300 -0.035381  0.102528  0.086581   2
  1  0  0.938300  0.022079 -0.022360  0.176984   4
  1  0  0.938300  0.137861  0.044877  0.484579   2
  1  0  0.938300 -0.069612 -0.166203 -0.028285   1
  1  0  0.938300  0.141939 -0.046326  0.284906   8
  1  0  0.938300  0.221446  0.100597  0.450014   3
  1  0  0.938300 -0.315775  0.058433  0.331731   3
  1  0  0.938300  0.323067 -0.017431  0.205138   5
  1  0  0.938300  0.062552  0.045027  0.392956   5
  1  0  0.938300 -0.159542 -0.228893 -0.024607   5
  1  0  0.938300  0.127376  0.049240  0.086374   1
  1  0  0.938300 -0.226364  0.335966  0.264081   2
  1  0  0.938300 -0.035518 -0.015466  0.159219   2
  1  0  0.938300  0.004395  0.154874  0.303580   3
  1  0  0.938300  0.073247 -0.110741  0.226815   3
  1  0  0.938300 -0.104974 -0.232732  0.170844   3
  1  0  0.938300  0.089589  0.148955 -0.005098   2
  1  0  0.938300  0.099403  0.101774  0.081990   1
  1  0  0.938300 -0.061963 -0.044195 -0.029330   1
  1  0  0.938300  0.025566 -0.064023  0.025140   1
  1  0  0.938300 -0.124269  0.273876  0.268762   3
  1  0  0.938300  0.083960  0.001893  0.270109   3
  1  0  0.938300  0.001291  0.040839  0.032183   1
  1  0  0.938300 -0.078403 -0.067486  0.163170   3
  1  0  0.938300 -0.120524 -0.080856  0.132665   1
  1  0  0.938300  0.185483 -0.009231  0.081346   1
  1  0  0.938300 -0.261486  0.054077  0.299456   4
  1  0  0.938300 -0.013383  0.121917  0.021919   2
  1  0  0.938300  0.000088  0.178555  0.084661   4
  1  0  0.938300 -0.113327 -0.244679  0.272214   4
  1  0  0.938300 -0.094466 -0.170586  0.357613   3
  1  0  0.938300  0.040522  0.143136  0.211909   1
  1  0  0.938300  0.387827  0.016571  0.138044   3
  1  0  0.938300 -0.049136  0.114940  0.233411   6
  1  0  0.938300  0.242964  0.084442  0.135301   2
  1  0  0.938300 -0.060260  0.180602  0.260538   2
  1  0  0.938300  0.063200  0.243410  0.160468   2
  1  0  0.938300 -0.026255 -0.065980  0.176845   4
  1  0  0.938300  0.142102 -0.121824  0.222328   1
  1  0  0.938300  0.407541  0.159796  0.201329   3
  1  0  0.938300 -0.401307  0.139699  0.193832   2
  1  0  0.938300  0.191581 -0.264945 -0.004324   4
  1  0  0.938300 -0.027358 -0.010515  0.371925   2
  1  0  0.938300  0.166734  0.101766  0.074416   3
  1  0  0.938300  0.190817 -0.044697  0.267143   4
  1  0  0.938300  0.071394  0.025478  0.297246   5
  1  0  0.938300  0.001334  0.183477  0.293855   4
  1  0  0.938300  0.012719  0.016787  0.140714   1
  1  0  0.938300  0.140219 -0.072710  0.035428   2
  1  0  0.938300 -0.156634 -0.124171  0.443414   3
  1  0  0.938300  0.050123  0.078830  0.109982   1
  1  0  0.938300  0.070772  0.021846  0.098712   2
  1  0  0.938300  0.174543 -0.027881  0.089045   3
  1  0  0.938300 -0.244340  0.038600  0.332294   4
  1  0  0.938300 -0.199279 -0.031026  0.096240   1
  1  0  0.938300 -0.122210 -0.071912  0.199814   3
  1  0  0.938300  0.119241  0.215334  0.233772   5
  1  0  0.938300  0.055227  0.100893  0.030121   2
  1  0  0.938300 -0.115852  0.035181  0.569482   6
  1  0  0.938300 -0.116321  0.165363  0.535086   2
  1  0  0.938300 -0.069989 -0.035464 -0.037872   1
  1  0  0.938300 -0.168924  0.123657  0.352300   3
  1  0  0.938300 -0.110878  0.071016  0.039274   1
  1  0  0.938300  0.178286 -0.410986  0.358363   3
  1  0  0.938300  0.116961 -0.331766  0.121808   3
  1  0  0.938300 -0.206478 -0.013086  0.417500   3
  1  0  0.938300 -0.118063  0.002041  0.197794   5
  1  0  0.938300 -0.000797  0.156029  0.354042   2
  1  0  0.938300  0.393509  0.029244  0.268732   2
  1  0  0.938300  0.131299  0.104162 -0.027228   4
  1  0  0.938300  0.030517 -0.041001  0.120719   1
  1  0  0.938300  0.078487  0.347677  0.438959   2
  1  0  0.938300 -0.155308 -0.319953  0.286368   2
  1  0  0.938300  0.269932 -0.294372  0.464203   3
  1  0  0.938300 -0.088716 -0.049137  0.216377   6
  1  0  0.938300 -0.195162 -0.296164  0.244672   3
  1  0  0.938300  0.106863  0.071019  0.240594   3
  1  0  0.938300  0.173167 -0.129586  0.002621   1
  1  0  0.938300 -0.046975  0.423438  0.409790   4
  1  0  0.938300  0.237260  0.043023  0.121096   2
  1  0  0.938300 -0.160414  0.148462  0.261291   4
  1  0  0.938300 -0.000640 -0.099992  0.204044   4
  1  0  0.938300 -0.166449  0.223742  0.163798   5
  1  0  0.938300  0.425727 -0.148327  0.204199   3
  1  0  0.938300  0.022948  0.260100  0.241004   2
  1  0  0.938300  0.069188 -0.399779  0.352339   5
  1  0  0.938300 -0.214209  0.003902  0.456721   6
  1  0  0.938300 -0.235454  0.190727  0.275551   3
  1  0  0.938300 -0.080296 -0.076502  0.060246   1
  1  0  0.938300 -0.113497 -0.158053  0.542287   3
  1  0  0.938300  0.181260  0.035051 -0.062068   1
  1  0  0.938300  0.115392 -0.257968  0.180940   2
  1  0  0.938300  0.192469  0.035375  0.278397   3
  1  0  0.938300  0.132800  0.090960  0.180719   4
  1  0  0.938300 -0.098182  0.009312  0.200986   2
  1  0  0.938300 -0.117872 -0.089983  0.356323   9
  1  0  0.938300  0.139124  0.138132  0.187639   3
  1  0  0.938300  0.046308 -0.196580  0.356381   2
  1  0  0.938300  0.074996 -0.011519 -0.042621   4
  1  0  0.938300 -0.098154 -0.083531  0.010890   1
  1  0  0.938300  0.210645  0.010200  0.188988   6
  1  0  0.938300  0.058334  0.139390  0.344876   7
  1  0  0.938300 -0.168971 -0.088780  0.071129   1
  1  0  0.938300 -0.172530  0.033634  0.219853   4
  1  0  0.938300 -0.046694  0.164072  0.309318   3
  1  0  0.938300 -0.036156  0.155332  0.594672   5
  1  0  0.938300 -0.266811  0.008834  0.378166   6
  1  0  0.938300 -0.372081  0.019165  0.070107   3
  1  0  0.938300  0.033721 -0.344805  0.123102   3
  1  0  0.938300 -0.093841 -0.077596  0.024851   1
  1  0  0.938300 -0.181933 -0.000541  0.578618   3
  1  0  0.938300 -0.109285 -0.238942  0.180384   5
  1  0  0.938300 -0.102710 -0.028318  0.057087   1
  1  0  0.938300  0.047244  0.270974  0.045424   2
  1  0  0.938300  0.107333 -0.128386  0.041196   2
  1  0  0.938300 -0.075468  0.347927  0.418831   7
  1  0  0.938300 -0.214328  0.160299  0.315703   6
  1  0  0.938300  0.000924 -0.102231 -0.048820   1
  1  0  0.938300  0.168223 -0.004626  0.513141   3
  1  1  0.938300  0.153401  0.017670  0.488795  -2
  1  1  0.938300  0.171196 -0.048505  0.425219  -3
  1  1  0.938300  0.179145  0.109796 -0.012578  -2
  1  1  0.938300 -0.066801  0.033463  0.304265  -4
  1  1  0.938300 -0.035349 -0.279846  0.126645  -3
  1  1  0.938300  0.119469  0.093925  0.377648  -1
  1  1  0.938300  0.225040  0.059069  0.204764  -2
  1  1  0.938300  0.144301 -0.007848  0.374860  -1
  1  1  0.938300 -0.120388  0.071607  0.356563  -3
  1  1  0.938300 -0.305743 -0.178149  0.605201  -2
  1  1  0.938300  0.114939  0.062924  0.386012  -1
  1  1  0.938300 -0.199743 -0.115455  0.452283  -3
  1  1  0.938300  0.297595  0.168357  0.368062  -3
  1  1  0.938300 -0.413058 -0.343326  0.654863  -2
  1  1  0.938300 -0.308145 -0.455243  0.451768  -3
  1  1  0.938300  0.158149  0.235921  0.251755  -2
  1  1  0.938300  0.201821 -0.145710  0.406094  -5
  1  1  0.938300 -0.400658 -0.104195  0.116471  -2
  1  1  0.938300  0.023939 -0.020871 -0.149517  -6
  1  1  0.938300  0.003113 -0.209037  0.347845  -3
  1  1  0.938300  0.047805  0.067845  0.477597  -3
  1  1  0.938300  0.231526  0.027277  0.464896  -2
  1  1  0.938300 -0.149275 -0.048841  0.123646  -8
  1  1  0.938300 -0.028287 -0.100601  0.457911  -2
  1  1  0.938300  0.001375  0.031432  0.335266  -2
  1  1  0.938300 -0.193247 -0.027839  0.598122  -1
  1  1  0.938300  0.169726  0.082089  0.470104  -4
  1  1  0.938300  0.095277  0.286217  0.075941  -2
  1  1  0.938300 -0.104555  0.031822  0.493984  -1
  1  1  0.938300 -0.129562 -0.125860  0.388009  -1
  1  1  0.938300  0.065944  0.024319  0.555737  -1
  1  1  0.938300 -0.304024  0.179069  0.305681  -4
  1  1  0.938300  0.149457 -0.044860  0.246950  -3
  1  1  0.938300  0.031754 -0.119451  0.478471  -1
  1  1  0.938300  0.063342 -0.026423  0.111389  -3
  1  1  0.938300  0.154568  0.030103  0.310790  -6
  1  1  0.938300  0.032513 -0.231136  0.390932  -4
  1  1  0.938300 -0.001880 -0.093107  0.020397  -3
  1  1  0.938300 -0.091963  0.276866  0.516368  -3
  1  1  0.938300  0.163151  0.049498  0.113497  -5
  1  1  0.938300  0.231261  0.389766  0.837135  -3
  1  1  0.938300  0.015673 -0.336718  0.347781  -4
  1  1  0.938300 -0.048402  0.024665 -0.106462  -3
  1  1  0.938300 -0.001057 -0.012131  0.286258  -3
  1  1  0.938300 -0.096048  0.203678  0.324829  -2
  1  1  0.938300 -0.228592  0.253590 -0.029979  -3
  1  1  0.938300 -0.193903  0.047244  0.351692  -2
  1  1  0.938300  0.084624 -0.075709  0.228248  -2
  1  1  0.938300 -0.046805  0.018078  0.325388  -2
  1  1  0.938300 -0.105624 -0.375961  0.476289  -3
  1  1  0.938300 -0.198926  0.237705  0.189523  -3
  1  1  0.938300  0.047445 -0.013794  0.603337  -3
  1  1  0.938300  0.304810 -0.331095  0.568115  -3
  1  1  0.938300  0.006165 -0.039087  0.282708  -5
  1  1  0.938300 -0.093980 -0.018066  0.278382  -4
  1  1  0.938300 -0.205793  0.051002  0.651802  -4
  1  1  0.938300 -0.086564  0.011816  0.632412  -1
  1  1  0.938300  0.105384 -0.044206  0.197706  -2
  1  1  0.938300 -0.071564 -0.067173  0.201772  -3
  1  1  0.938300  0.172716 -0.047371  0.530558  -2
  1  1  0.938300  0.039394  0.006366  0.322975  -4
  1  1  0.938300 -0.282197  0.156325  0.321574  -2
  1  1  0.938300 -0.073559 -0.097934  0.036261  -6
  1  1  0.938300 -0.182660 -0.071630  0.209811  -4
  1  1  0.938300  0.364039 -0.003282  0.290226  -3
  1  1  0.938300  0.255072 -0.187616  0.046468  -4
  1  1  0.938300 -0.089039  0.100997  0.017623  -7
  1  1  0.938300 -0.112321  0.108969  0.321724  -2
  1  1  0.938300  0.016156  0.078068  0.149252  -8
  1  1  0.938300 -0.022732  0.153342  0.440295  -1
  1  1  0.938300 -0.048196 -0.218520  0.272768  -2
  1  1  0.938300 -0.106802 -0.137113  0.208252  -3
  1  1  0.938300 -0.002827 -0.084056  0.438742  -1
  1  1  0.938300 -0.007183  0.374705 -0.092537  -4
  1  1  0.938300 -0.158941 -0.139846  0.651045  -2
  1  1  0.938300 -0.074667  0.267254  0.182504  -6
  1  1  0.938300 -0.037883 -0.038034  0.497181  -1
  1  1  0.938300  0.198301 -0.162384  0.375039  -3
  1  1  0.938300  0.309379  0.021527  0.591679  -4
  1  0  0.938300  0.141362  0.032387  0.573385  -1
  1  0  0.938300 -0.428791  0.336900  0.483905  -6
  1  0  0.938300  0.217217 -0.190271  0.618979  -4
  1  0  0.938300  0.037152 -0.011702  0.490282  -1
  1  0  0.938300 -0.156461 -0.021132  0.482540  -4
  1  0  0.938300 -0.079299  0.239092  0.577154  -4
  1  0  0.938300 -0.016219 -0.142290  0.332978  -2
  1  0  0.938300 -0.126984 -0.091625  0.256443  -1
  1  0  0.938300 -0.184514  0.190260  0.174133  -4
  1  0  0.938300 -0.293554  0.100176  0.142228  -2
  1  0  0.938300 -0.450306  0.014637  0.200740  -3
  1  0  0.938300  0.093751  0.073787  0.288063  -7
  1  0  0.938300 -0.221682 -0.071377  0.173069  -2
  1  0  0.938300  0.006274  0.036080  0.440032  -1
  1  0  0.938300 -0.156199  0.122041  0.886160  -3
  1  0  0.938300  0.240798 -0.061946  0.484903  -2
  1  0  0.938300 -0.088246 -0.002677  0.636215  -3
  1  0  0.938300  0.065170 -0.066639  0.325300  -1
  1  0  0.938300 -0.029025 -0.042758  0.505551  -5
  1  0  0.938300 -0.245422  0.218341  0.460686  -5
  1  0  0.938300 -0.015070  0.040600  0.496438  -3
  1  0  0.938300  0.112904  0.105095  0.417052  -3
  1  0  0.938300  0.062325 -0.173686  0.239913  -5
  1  0  0.938300 -0.115124 -0.077653  0.220761  -2
  1  0  0.938300  0.075330 -0.367989  0.258900  -2
  1  0  0.938300 -0.146538  0.118502  0.254854  -3
  1  0  0.938300 -0.095247  0.164548  0.243159  -3
  1  0  0.938300  0.017093  0.153049  0.443274  -1
  1  0  0.938300 -0.064038  0.243730  0.481363  -3
  1  0  0.938300 -0.067045  0.223457  0.162209  -2
  1  0  0.938300  0.038764 -0.144984  0.210529  -5
  1  0  0.938300 -0.071635  0.127516  0.107922  -4
  1  0  0.938300  0.093728  0.189513  0.636587  -1
  1  0  0.938300  0.076961 -0.053684  0.378236  -2
  1  0  0.938300 -0.046093  0.084709  0.619082  -1
  1  0  0.938300 -0.238697 -0.102043  0.013390  -2
  1  0  0.938300 -0.001250  0.095654  0.285178  -5
  1  0  0.938300 -0.027531 -0.434195  0.421123  -2
  1  0  0.938300  0.018260  0.128869  0.476659  -1
  1  0  0.938300  0.085402 -0.226305  0.326418  -3
  1  0  0.938300 -0.019968  0.059761  0.535328  -1
  1  0  0.938300  0.078001 -0.041520  0.448485  -4
  1  0  0.938300  0.004883 -0.018343  0.733703  -1
  1  0  0.938300 -0.336322 -0.056163  0.169294  -7
  1  0  0.938300  0.194241  0.044166  0.602613  -2
  1  0  0.938300 -0.033891 -0.015711  0.703155  -1
  1  0  0.938300 -0.015726 -0.011193  0.723858  -1
  1  0  0.938300 -0.089387  0.153224  0.626037  -1
  1  0  0.938300 -0.108770 -0.126598  0.317107  -3
  1  0  0.938300  0.096804 -0.181471  0.451133  -2
  1  0  0.938300 -0.075834 -0.090698  0.651047  -1
  1  0  0.938300  0.315484  0.209957  0.503009  -6
  1  0  0.938300 -0.246707 -0.009245  0.704809  -2
  1  0  0.938300 -0.239994 -0.173483  0.361895  -5
  1  0  0.938300 -0.081155 -0.079446  0.371339  -1
  1  0  0.938300  0.276976 -0.029796  0.287429  -3
  1  0  0.938300 -0.069219  0.158138  0.535340  -1
  1  0  0.938300  0.083975  0.168709  0.419826  -3
  1  0  0.938300  0.213264  0.086182  0.097469  -6
  1  0  0.938300 -0.133372 -0.162576  0.588872  -2
  1  0  0.938300  0.061864 -0.034689  0.404637  -3
  1  0  0.938300  0.002154 -0.083952  0.174610  -3
  1  0  0.938300  0.073739 -0.294160  0.486779  -2
  1  0  0.938300 -0.156448 -0.166353  0.286208  -2
  1  0  0.938300 -0.147896  0.218173  0.441891  -3
  1  0  0.938300  0.080750  0.035227  0.377911  -2
  1  0  0.938300  0.086158 -0.177101  0.409140  -2
  1  0  0.938300 -0.281687 -0.068160  0.661178  -2
  1  0  0.938300 -0.129122 -0.072659  0.204464  -3
  1  0  0.938300  0.101957  0.444272  0.378839  -3
  1  0  0.938300  0.116485 -0.393887  0.508233  -5
  1  0  0.938300 -0.080682  0.021961  0.281584  -4
  1  0  0.938300 -0.079509  0.037104  0.654474  -1
  1  0  0.938300  0.033770 -0.101292  0.209736  -2
  1  0  0.938300 -0.365146 -0.236493  0.459393  -2
  1  0  0.938300  0.077009  0.042950  0.712559  -1
  1  0  0.938300  0.195894 -0.040347  0.422251  -3
  1  0  0.938300 -0.023275  0.187256  0.263599  -3
  1  0  0.938300 -0.201921  0.110106  0.212401  -2
  1  0  0.938300 -0.108205  0.116409  0.454572  -3
  1  0  0.938300  0.042845  0.060514  0.149706  -2
  1  0  0.938300 -0.074975 -0.123249  0.221098  -4
  1  0  0.938300 -0.042688 -0.299602  0.495663  -3
  1  0  0.938300 -0.095554  0.057226  0.416047  -1
  1  0  0.938300  0.003886  0.002406  0.518353  -6
  1  0  0.938300  0.364003 -0.315963  0.389804  -5
  1  0  0.938300  0.087763 -0.007256  0.285375  -2
  1  0  0.938300 -0.054791 -0.008765  0.237440  -3
  1  0  0.938300 -0.012439 -0.243175  0.464323  -1
  1  0  0.938300  0.028956 -0.149873  0.334534  -4
  1  0  0.938300  0.204087 -0.075694  0.526742  -1
  1  0  0.938300  0.344003  0.010130  0.112829  -2
  1  0  0.938300  0.048554  0.108843  0.365006  -3
  1  0  0.938300 -0.094635  0.052894  0.103171  -3
  1  0  0.938300  0.146361  0.047520  0.167167  -5
  1  0  0.938300 -0.097217 -0.050378  0.656368  -6
  1  0  0.938300  0.104658  0.142129  0.378279  -3
  1  0  0.938300  0.013123  0.078661  0.531039  -1
  1  0  0.938300 -0.106673  0.267305  0.060401  -2
  1  0  0.938300  0.107197 -0.007227  0.010298  -5
  1  0  0.938300  0.021873  0.014938  0.626670  -1
  1  0  0.938300 -0.277642  0.430048  0.334610  -2
  1  0  0.938300  0.125620 -0.158649  0.467185  -4
  1  0  0.938300 -0.141244 -0.054391  0.509008  -1
  1  0  0.938300  0.316941  0.188570  0.582478  -6
  1  0  0.938300  0.191165  0.100815  0.410951  -2
  1  0  0.938300  0.092320  0.202687  0.579581  -3
  1  0  0.938300 -0.025433 -0.418646  0.245475  -2
  1  0  0.938300 -0.038520 -0.137242  0.573438  -2
  1  0  0.938300  0.153079 -0.193340  0.180348  -2
  1  0  0.938300 -0.225176  0.000180  0.368399  -1
  1  0  0.938300 -0.095320 -0.046362  0.273736  -3
  1  0  0.938300  0.056722  0.140406  0.135649  -3
  1  0  0.938300  0.285605 -0.077730  0.120096  -6
  1  0  0.938300  0.188120 -0.043717  0.567945  -1
  1  0  0.938300  0.413422 -0.242517  0.476119  -5
  1  0  0.938300  0.249655 -0.047228  0.176150  -3
  1  0  0.938300 -0.090557 -0.136255  0.552234  -2