  1  1  0.938300  0.006568  0.044813  0.200366   1
  1  1  0.938300 -0.354005 -0.141504  0.405313   2
  1  1  0.938300 -0.188178 -0.069317  0.565912   2
  1  1  0.938300 -0.303759 -0.060728  0.240561   2
  1  1  0.938300 -0.108468 -0.007727  0.189428   1
  1  1  0.938300  0.229831  0.110684  0.266767   2
  1  1  0.938300 -0.189746 -0.095043  0.136986   3
  1  1  0.938300  0.053606 -0.094699  0.042625   1
  1  1  0.938300 -0.040776 -0.103946 -0.050353   1
  1  1  0.938300  0.085625 -0.161053  0.318760   2
  1  1  0.938300 -0.081790 -0.135844  0.057488   3
  1  1  0.938300  0.171920  0.073288  0.258418   5
  1  1  0.938300  0.124555 -0.194470  0.245306   2
  1  1  0.938300 -0.188004 -0.244199  0.274858   3
  1  1  0.938300 -0.268771  0.092984  0.064567   3
  1  1  0.938300 -0.012867  0.031351  0.119164   2
  1  1  0.938300 -0.060353  0.018293  0.059745   4
  1  1  0.938300  0.014635 -0.129524  0.277352   4
  1  1  0.938300  0.089421  0.094060  0.211830   3
  1  1  0.938300 -0.098888  0.006104  0.358106   3
  1  1  0.938300 -0.033437 -0.222534  0.503323   2
  1  1  0.938300 -0.096016  0.126704 -0.013059   5
  1  1  0.938300  0.059779  0.547360  0.385652   5
  1  1  0.938300 -0.270438  0.079569  0.620134   4
  1  1  0.938300 -0.113612 -0.062392  0.332409   3
  1  1  0.938300 -0.058066 -0.015026 -0.013114   1
  1  1  0.938300  0.192152 -0.124477  0.557996   4
  1  1  0.938300 -0.091597 -0.147778  0.203886   2
  1  1  0.938300 -0.309194  0.151089  0.480313   4
  1  1  0.938300 -0.238168  0.145204  0.419723   3
  1  1  0.938300 -0.483010 -0.183018  0.111777   2
  1  1  0.938300 -0.027290  0.065760  0.162643   5
  1  1  0.938300 -0.133790  0.222409  0.003105   5
  1  1  0.938300 -0.483152  0.513962  0.446920   4
  1  1  0.938300 -0.125663  0.007653  0.029050   2
  1  1  0.938300  0.116611  0.012226 -0.030053   1
  1  1  0.938300  0.067697 -0.137777  0.400171   4
  1  1  0.938300 -0.293875  0.092729 -0.034219   3
  1  1  0.938300  0.015902 -0.105852 -0.044767   1
  1  1  0.938300  0.003077  0.216064  0.263722   2
  1  1  0.938300 -0.060571 -0.109214  0.175527   1
  1  1  0.938300  0.006137  0.019685  0.265426   2
  1  1  0.938300  0.457151 -0.016258  0.345979   4
  1  1  0.938300  0.119191 -0.115431  0.413312   4
  1  1  0.938300 -0.174996  0.306827  0.368963   2
  1  1  0.938300 -0.052530  0.079765  0.124926   1
  1  1  0.938300 -0.063264  0.126341  0.487662   2
  1  1  0.938300 -0.326195 -0.228378  0.128377   2
  1  1  0.938300 -0.039686 -0.202892  0.445193   3
  1  1  0.938300  0.106867  0.047677 -0.023703   2
  1  1  0.938300  0.053349  0.008610 -0.003565   1
  1  1  0.938300 -0.029547  0.002532  0.122742   3
  1  1  0.938300 -0.203688 -0.290210  0.107614   4
  1  1  0.938300  0.031567  0.179441  0.303393   2
  1  1  0.938300  0.132126  0.271671  0.442497   3
  1  1  0.938300  0.071832 -0.131193  0.198917   2
  1  1  0.938300  0.027156 -0.423089  0.314637   2
  1  1  0.938300  0.076609 -0.194457  0.345002   3
  1  1  0.938300  0.019219 -0.039542  0.201546   3
  1  1  0.938300 -0.091266  0.004626  0.170064   3
  1  1  0.938300  0.050848  0.082137 -0.025226   1
  1  1  0.938300  0.282807  0.333167  0.335943   3
  1  1  0.938300 -0.200238  0.274214  0.200470   2
  1  1  0.938300 -0.012509 -0.110685  0.683880   3
  1  1  0.938300 -0.032351  0.003799 -0.065526   1
  1  1  0.938300  0.164463  0.274650  0.337249   4
  1  1  0.938300  0.074362 -0.039037  0.119628   3
  1  1  0.938300  0.013611 -0.029610  0.042332   3
  1  1  0.938300 -0.593958 -0.220060  0.192190   3
  1  1  0.938300 -0.072173  0.118395  0.214836   6
  1  1  0.938300  0.316271 -0.007800  0.372337   2
  1  1  0.938300 -0.189501  0.289794  0.022040   5
  1  1  0.938300 -0.054768  0.015794  0.071910   1
  1  1  0.938300  0.353348  0.068805  0.366100   4
  1  1  0.938300 -0.016588  0.088745  0.246005   3
  1  1  0.938300  0.411675 -0.039407  0.041796   5
  1  1  0.938300 -0.000534  0.128210 -0.018975   1
  1  1  0.938300 -0.083189 -0.165773 -0.028242   3
  1  1  0.938300 -0.015670  0.106138  0.289984   2
  1  0  0.938300  0.099724 -0.115258  0.027640   2
  1  0  0.938300 -0.138766  0.093248  0.315132   3
  1  0  0.938300 -0.016759  0.224940  0.391488   3
  1  0  0.938300 -0.110605  0.164536  0.235253   3
  1  0  0.938300  0.005157 -0.319257  0.533766   4
  1  0  0.938300  0.125212 -0.018149  0.349133   3
  1  0  0.938300  0.246736  0.203117  0.158538   3
  1  0  0.938300 -0.275856 -0.005919 -0.075354   6
  1  0  0.938300 -0.248774  0.009524  0.157578   1
  1  0  0.938300  0.092114  0.004935 -0.128486   1
  1  0  0.938300 -0.141877  0.118426  0.190103   4
  1  0  0.938300  0.069647 -0.076193  0.267923   2
  1  0  0.938300 -0.030740  0.023008 -0.008301   2
  1  0  0.938300 -0.153195 -0.172608  0.143609   2
  1  0  0.938300 -0.112360  0.286526  0.313488   6
  1  0  0.938300  0.286633  0.033825  0.493323   6
  1  0  0.938300 -0.040625  0.098781 -0.056881   2
  1  0  0.938300 -0.168270 -0.083444  0.003105   6
  1  0  0.938300 -0.021186 -0.064425  0.512619   3
  1  0  0.938300 -0.096022  0.175919  0.142109   1
  1  0  0.938300 -0.062342 -0.067627  0.139152   1
  1  0  0.938300  0.049141  0.240960  0.115049   2
  1  0  0.938300  0.158459 -0.061061  0.110946   2
  1  0  0.938300  0.143940 -0.195965  0.612504   4
  1  0  0.938300 -0.101188  0.113700  0.116082   2
  1  0  0.938300 -0.128420 -0.016302 -0.001008   3
  1  0  0.938300 -0.066670 -0.009239 -0.022253   1
  1  0  0.938300 -0.239626  0.007456  0.219849   4
  1  0  0.938300  0.276820 -0.128713  0.261864   4
  1  0  0.938300 -0.114463 -0.149169  0.032384   2
  1  0  0.938300 -0.230642  0.266908  0.683610   4
  1  0  0.938300  0.173089  0.232738  0.236616   3
  1  0  0.938300  0.085942 -0.261494  0.215637   2
  1  0  0.938300  0.290034  0.167306  0.216943   3
  1  0  0.938300  0.099487  0.044871  0.295745   8
  1  0  0.938300 -0.007686  0.107399  0.370127   1
  1  0  0.938300 -0.131006 -0.134817  0.431100   4
  1  0  0.938300  0.020072 -0.188566  0.344096   4
  1  0  0.938300 -0.039816 -0.045980  0.140163   1
  1  0  0.938300  0.211904  0.174450  0.103686   2
  1  0  0.938300  0.209414  0.044672  0.175919   4
  1  0  0.938300 -0.094183  0.015499  0.015459   1
  1  0  0.938300  0.181133 -0.089442  0.229336   3
  1  0  0.938300 -0.073711 -0.205486  0.031104   5
  1  0  0.938300  0.404903  0.194369  0.347312   3
  1  0  0.938300  0.100769  0.004520  0.136017   3
  1  0  0.938300  0.255209  0.075005  0.392026   5
  1  0  0.938300 -0.107941 -0.007480  0.322219   3
  1  0  0.938300 -0.085926 -0.105319  0.284721   5
  1  0  0.938300 -0.202145  0.026450  0.187100   1
  1  0  0.938300 -0.322517  0.086916  0.406679   4
  1  0  0.938300 -0.166164 -0.124828  0.155670   4
  1  0  0.938300 -0.322803 -0.098880  0.577237   5
  1  0  0.938300 -0.275581 -0.008919  0.099368   2
  1  0  0.938300 -0.070705 -0.229367  0.174337   5
  1  0  0.938300  0.114719 -0.398564  0.069432   5
  1  0  0.938300 -0.099443  0.049285 -0.002979   1
  1  0  0.938300  0.044870 -0.096428  0.372913   2
  1  0  0.938300  0.032817  0.157314 -0.022169   2
  1  0  0.938300  0.036681 -0.106764  0.018450   4
  1  0  0.938300 -0.041099 -0.047722 -0.038473   1
  1  0  0.938300  0.097780 -0.232168  0.117687   1
  1  0  0.938300 -0.082581 -0.078637 -0.019786   1
  1  0  0.938300  0.007337  0.204752  0.412989   2
  1  0  0.938300  0.076107 -0.132546  0.216537   2
  1  0  0.938300 -0.231370  0.036020  0.043057   3
  1  0  0.938300  0.157554 -0.070851  0.144065   1
  1  0  0.938300 -0.226763 -0.156747  0.405754   3
  1  0  0.938300  0.115435 -0.079258  0.161460   1
  1  0  0.938300 -0.141499  0.220278  0.432123  10
  1  0  0.938300  0.108358 -0.257461  0.622724   5
  1  0  0.938300 -0.119164  0.003381  0.033157   1
  1  0  0.938300 -0.233762  0.030959  0.169642   6
  1  0  0.938300 -0.001461  0.055978  0.174351   1
  1  0  0.938300  0.125831  0.044615 -0.084323   2
  1  0  0.938300 -0.128726  0.194357  0.066523   2
  1  0  0.938300  0.042798 -0.054390 -0.028835   1
  1  0  0.938300 -0.385523 -0.067729  0.185763   3
  1  0  0.938300 -0.252562 -0.009265  0.303541   3
  1  0  0.938300 -0.073363  0.203091  0.145351   3
  1  0  0.938300 -0.163950  0.249650  0.192378   2
  1  0  0.938300  0.222791 -0.002891  0.126311   4
  1  0  0.938300 -0.434718 -0.004594  0.334489   5
  1  0  0.938300  0.099654 -0.225272  0.133423   6
  1  0  0.938300 -0.162899  0.351751  0.244309   3
  1  0  0.938300  0.159126 -0.131940  0.135567   3
  1  0  0.938300  0.073967 -0.085114  0.402545   2
  1  0  0.938300 -0.245291  0.063732  0.425699   6
  1  0  0.938300  0.219033  0.040678  0.358731   2
  1  0  0.938300  0.138522 -0.182243  0.100997   2
  1  0  0.938300 -0.205272 -0.289160  0.389795   4
  1  0  0.938300  0.052637  0.137914  0.239277   3
  1  0  0.938300 -0.046929  0.190277  0.193686   5
  1  0  0.938300  0.259778  0.038928  0.104220   2
  1  0  0.938300 -0.005954 -0.034097  0.004885   2
  1  0  0.938300 -0.072532  0.267414  0.102455   1
  1  0  0.938300 -0.037057  0.313512  0.721970   4
  1  0  0.938300 -0.111672  0.067524  0.417217   4
  1  0  0.938300  0.078836 -0.021057  0.287778   5
  1  0  0.938300  0.158105  0.149163  0.482437   4
  1  0  0.938300 -0.021581  0.008162 -0.100523   1
  1  0  0.938300  0.258702 -0.164685  0.340348   6
  1  0  0.938300  0.081105  0.066793  0.273912   2
  1  0  0.938300  0.176921  0.093243  0.536768   5
  1  0  0.938300 -0.026554 -0.015509  0.226363   4
  1  0  0.938300  0.037927  0.039169 -0.076013   1
  1  0  0.938300 -0.226421  0.078513 -0.119313   3
  1  0  0.938300 -0.012663  0.122539  0.280957   6
  1  0  0.938300 -0.014537 -0.018144  0.020954   1
  1  0  0.938300  0.258731  0.078739  0.297832   4
  1  0  0.938300 -0.133215  0.151606  0.186924   4
  1  0  0.938300  0.244493  0.440451 -0.107760   3
  1  0  0.938300  0.239651 -0.005261  0.178408   2
  1  0  0.938300  0.198459  0.023313  0.318878   2
  1  0  0.938300 -0.013195  0.063836  0.022266   2
  1  0  0.938300  0.127856 -0.000075  0.498814   4
  1  0  0.938300  0.068269  0.020529  0.292855   4
  1  0  0.938300  0.009360 -0.128528  0.256583   3
  1  1  0.938300 -0.181527  0.139653  0.448615  -5
  1  1  0.938300  0.098244 -0.089797  0.409677  -2
  1  1  0.938300 -0.011331  0.119348  0.347279  -4
  1  1  0.938300 -0.061857 -0.305050  0.594459  -3
  1  1  0.938300 -0.323832  0.131368  0.530865 -10
  1  1  0.938300  0.432372  0.046973  0.560886  -3
  1  1  0.938300 -0.104351 -0.098139  0.520936  -3
  1  1  0.938300 -0.170376 -0.013805  0.515968  -6
  1  1  0.938300 -0.185961  0.050021  0.406623  -1
  1  1  0.938300 -0.034045 -0.048429  0.412775  -1
  1  1  0.938300 -0.012441 -0.175144  0.285735  -2
  1  1  0.938300  0.003371  0.036698  0.522266  -1
  1  1  0.938300  0.306430  0.516031  0.100855  -6
  1  1  0.938300 -0.007261 -0.215503  0.471097  -2
  1  1  0.938300 -0.100963  0.221726  0.296688  -2
  1  1  0.938300 -0.096909  0.091836  0.529805  -1
  1  1  0.938300 -0.214008 -0.371111  0.718786  -4
  1  1  0.938300 -0.048743 -0.080560  0.366636  -4
  1  1  0.938300 -0.010660  0.301111  0.558411  -3
  1  1  0.938300 -0.051846 -0.011503  0.535529  -2
  1  1  0.938300  0.074064 -0.050281  0.282456  -1
  1  1  0.938300  0.002360  0.013153  0.118848  -5
  1  1  0.938300  0.592507 -0.263378  0.299157  -4
  1  1  0.938300 -0.201422 -0.169779  0.108580  -2
  1  1  0.938300  0.223413  0.010342  0.291437  -6
  1  1  0.938300 -0.067044 -0.113612 -0.299702  -4
  1  1  0.938300  0.332924 -0.040354  0.501037  -3
  1  1  0.938300  0.131203 -0.121994  0.262642  -3
  1  1  0.938300 -0.280790  0.038192  0.017498  -4
  1  1  0.938300 -0.040966  0.051022  0.559329  -1
  1  1  0.938300  0.106902 -0.053958  0.363933  -2
  1  1  0.938300 -0.157641 -0.175742 -0.240237  -4
  1  1  0.938300 -0.009031 -0.175927  0.392783  -3
  1  1  0.938300  0.067345 -0.312519  0.448157  -4
  1  1  0.938300 -0.116135  0.223045  0.631077  -3
  1  1  0.938300 -0.009759  0.092685  0.234040  -3
  1  1  0.938300  0.096482  0.295223  0.232016  -3
  1  1  0.938300  0.053173 -0.015484  0.518956  -4
  1  1  0.938300  0.021842  0.336072  0.336690  -2
  1  1  0.938300 -0.142764  0.055111  0.288905  -2
  1  1  0.938300  0.133943 -0.241938  0.018054  -2
  1  1  0.938300  0.064138  0.090302  0.387815  -1
  1  1  0.938300  0.192836 -0.308681  0.540346  -2
  1  1  0.938300 -0.251894  0.104716  0.245092  -6
  1  1  0.938300 -0.413153 -0.332946  0.379616  -2
  1  1  0.938300 -0.084923 -0.155388  0.388693  -4
  1  1  0.938300 -0.070162  0.073124  0.353730  -4
  1  1  0.938300  0.192472  0.343814  0.400573  -3
  1  1  0.938300  0.125439 -0.039600  0.444606  -1
  1  1  0.938300 -0.003788 -0.192750  0.306004  -5
  1  1  0.938300 -0.089584 -0.183526  0.484832  -4
  1  1  0.938300 -0.071787 -0.235565  0.154698  -2
  1  1  0.938300  0.125427 -0.181527  0.510999  -1
  1  1  0.938300  0.209701  0.186324  0.380304  -2
  1  1  0.938300 -0.300211  0.084770  0.495458  -2
  1  1  0.938300  0.065507 -0.145325  0.416809  -2
  1  1  0.938300  0.261799 -0.140704  0.336133  -3
  1  1  0.938300  0.152487  0.097293  0.007796  -3
  1  1  0.938300  0.009611  0.357460  0.255418  -3
  1  1  0.938300 -0.118834 -0.196009  0.119253  -4
  1  1  0.938300  0.262081  0.156000  0.554309  -3
  1  1  0.938300  0.141105 -0.020267  0.225487  -3
  1  1  0.938300 -0.118484 -0.112107  0.335413  -5
  1  1  0.938300 -0.259916 -0.028640  0.182965  -5
  1  1  0.938300  0.158555 -0.099899  0.232970  -3
  1  1  0.938300  0.326159 -0.312811  0.137713  -3
  1  1  0.938300 -0.099601 -0.172434  0.269557  -3
  1  1  0.938300 -0.356461 -0.289038  0.203767  -2
  1  1  0.938300 -0.141571  0.257048  0.336657  -2
  1  1  0.938300  0.238262 -0.188236  0.441571  -2
  1  1  0.938300  0.211082  0.042960  0.420204  -2
  1  1  0.938300 -0.154844  0.268435  0.212214  -3
  1  1  0.938300  0.163359  0.126060  0.463276  -4
  1  1  0.938300 -0.127794 -0.174974  0.436651  -2
  1  1  0.938300 -0.119481  0.410644  0.420983  -2
  1  1  0.938300 -0.193338  0.154092  0.389396  -3
  1  1  0.938300 -0.175176  0.231722  0.424593  -6
  1  1  0.938300 -0.182410 -0.026626  0.225900  -3
  1  1  0.938300 -0.273118  0.136023  0.322880  -2
  1  0  0.938300  0.093097 -0.162479  0.548520  -3
  1  0  0.938300  0.006674  0.011205  0.181256  -2
  1  0  0.938300  0.141474 -0.077680  0.622346  -1
  1  0  0.938300  0.064450 -0.024550  0.622626  -1
  1  0  0.938300  0.039123 -0.313802  0.062581  -2
  1  0  0.938300 -0.126022  0.117932  0.579393  -1
  1  0  0.938300  0.143523 -0.298306  0.275109  -4
  1  0  0.938300  0.348865  0.191814  0.570457  -2
  1  0  0.938300 -0.126971 -0.048957  0.572809  -7
  1  0  0.938300  0.001440 -0.188081  0.321413  -4
  1  0  0.938300 -0.305130 -0.116906  0.380036  -3
  1  0  0.938300  0.047376 -0.164282  0.381439  -6
  1  0  0.938300  0.100169 -0.104413  0.644724  -2
  1  0  0.938300  0.186605  0.138887  0.216184  -3
  1  0  0.938300  0.220164  0.242808  0.170615  -2
  1  0  0.938300  0.129593 -0.034587  0.235440  -3
  1  0  0.938300 -0.486862  0.297232  0.233835  -5
  1  0  0.938300  0.075541 -0.157847  0.417907  -3
  1  0  0.938300 -0.040826 -0.085124  0.359937  -1
  1  0  0.938300  0.024786 -0.053529  0.463544  -1
  1  0  0.938300  0.211659 -0.077715  0.417797  -1
  1  0  0.938300 -0.076170  0.111637  0.544341  -6
  1  0  0.938300 -0.069839  0.159543  0.446490  -1
  1  0  0.938300 -0.070000 -0.417427  0.049510  -4
  1  0  0.938300  0.207730  0.176777  0.271515  -2
  1  0  0.938300  0.090843  0.026697  0.519387  -3
  1  0  0.938300  0.072309 -0.015838  0.305009  -2
  1  0  0.938300  0.061019  0.107408  0.629170  -1
  1  0  0.938300 -0.105746  0.066929  0.443615  -3
  1  0  0.938300 -0.332683  0.299113  0.277302  -3
  1  0  0.938300 -0.079092  0.032042  0.549046  -1
  1  0  0.938300  0.146220  0.132256  0.191747  -3
  1  0  0.938300  0.027327  0.025787  0.317268  -1
  1  0  0.938300  0.046901 -0.176161  0.414135  -4
  1  0  0.938300  0.027561  0.144620  0.518006  -2
  1  0  0.938300  0.080364 -0.235649  0.392830  -4
  1  0  0.938300 -0.250355 -0.148242  0.574129  -3
  1  0  0.938300 -0.089354  0.358163  0.539627  -4
  1  0  0.938300 -0.091153 -0.047632  0.313461  -5
  1  0  0.938300 -0.248515 -0.162238  0.228466  -4
  1  0  0.938300  0.082002  0.149008  0.504920  -3
  1  0  0.938300 -0.207064 -0.152213  0.290172  -3
  1  0  0.938300  0.135667  0.296025  0.147716  -6
  1  0  0.938300  0.001315 -0.102287  0.211887  -4
  1  0  0.938300 -0.066698 -0.000343  0.405630  -2
  1  0  0.938300 -0.001481 -0.043080  0.419787  -1
  1  0  0.938300  0.288150 -0.081459  0.115009  -4
  1  0  0.938300  0.093218  0.144244  0.590490  -1
  1  0  0.938300 -0.297332 -0.063424  0.137722  -2
  1  0  0.938300 -0.059046  0.166201 -0.086618  -2
  1  0  0.938300 -0.141883  0.032717  0.358964  -4
  1  0  0.938300  0.051584 -0.132804  0.379941  -4
  1  0  0.938300 -0.229474 -0.061648  0.800900  -3
  1  0  0.938300  0.076267  0.039341  0.634537  -1
  1  0  0.938300 -0.067767  0.037153 -0.114960  -2
  1  0  0.938300  0.013925  0.034656  0.171196  -6
  1  0  0.938300  0.074078  0.022385  0.334606  -2
  1  0  0.938300  0.047413  0.032858  0.604020  -1
  1  0  0.938300 -0.060938 -0.013734  0.478204  -1
  1  0  0.938300 -0.063758  0.037974  0.436607  -5
  1  0  0.938300  0.015577  0.113014  0.380443  -2
  1  0  0.938300  0.135886  0.092693  0.468188  -6
  1  0  0.938300 -0.104770 -0.087719  0.228364  -4
  1  0  0.938300  0.019992 -0.241589  0.008512  -5
  1  0  0.938300 -0.107198  0.400762  0.353364  -3
  1  0  0.938300 -0.056863  0.106611  0.649638  -1
  1  0  0.938300 -0.035716 -0.066479  0.164510  -3
  1  0  0.938300 -0.103290  0.159213  0.090202  -5
  1  0  0.938300 -0.211107  0.169835  0.354636  -3
  1  0  0.938300  0.003470  0.193814  0.557131  -1
  1  0  0.938300  0.045248  0.042749  0.637467  -2
  1  0  0.938300  0.230663  0.035864  0.309220  -5
  1  0  0.938300  0.102561  0.014403  0.303761  -6
  1  0  0.938300 -0.048770 -0.147408  0.431276  -3
  1  0  0.938300  0.305454 -0.027362  0.466385  -2
  1  0  0.938300  0.127287 -0.098724  0.239273  -3
  1  0  0.938300  0.216972  0.050731  0.212936  -3
  1  0  0.938300  0.069518  0.274564  0.411582  -3
  1  0  0.938300  0.098281 -0.077433  0.330679  -2
  1  0  0.938300  0.039451 -0.001559  0.405216  -4
  1  0  0.938300  0.073765 -0.126695  0.619740  -4
  1  0  0.938300  0.032808  0.242202  0.266934  -6
  1  0  0.938300 -0.046237 -0.022853  0.323399  -2
  1  0  0.938300 -0.108584  0.310217  0.193158  -3
  1  0  0.938300 -0.017099 -0.204918  0.565291  -3
  1  0  0.938300  0.251535 -0.242743  0.457678  -4
  1  0  0.938300 -0.019642  0.039915  0.206605  -2
  1  0  0.938300  0.222677  0.377982  0.539431  -6
  1  0  0.938300 -0.047760 -0.197692  0.214212  -4
  1  0  0.938300 -0.181857 -0.157466  0.498174  -5
  1  0  0.938300 -0.173317 -0.233514  0.441117  -3
  1  0  0.938300 -0.105524 -0.079134  0.609612  -1
  1  0  0.938300  0.146324 -0.108555  0.282914  -4
  1  0  0.938300 -0.019663  0.006313  0.553109  -3
  1  0  0.938300 -0.025793 -0.108135  0.452579  -1
  1  0  0.938300 -0.139080  0.098145  0.241695  -2
  1  0  0.938300 -0.051267 -0.126933  0.112828  -2
  1  0  0.938300 -0.378818  0.270124  0.352503  -3
  1  0  0.938300 -0.029524  0.045007  0.537009  -4
  1  0  0.938300  0.024512  0.089622  0.474879  -1
  1  0  0.938300 -0.009659 -0.131703  0.420270  -2
  1  0  0.938300  0.103502  0.318341  0.332579  -2
  1  0  0.938300  0.227413 -0.045334  0.091341  -2
  1  0  0.938300  0.034459  0.281082  0.123264  -5
  1  0  0.938300  0.029650 -0.180411  0.272717  -4
  1  0  0.938300  0.074218 -0.036321  0.606548  -1
  1  0  0.938300 -0.322794  0.081402  0.192083  -2
  1  0  0.938300  0.055626 -0.134658  0.355334  -1
  1  0  0.938300  0.027763 -0.031236  0.111120  -2
  1  0  0.938300 -0.184393 -0.202151  0.201888  -3
  1  0  0.938300 -0.230713 -0.153642  0.226828  -4
  1  0  0.938300  0.147620  0.284311  0.455703  -6
  1  0  0.938300 -0.111774  0.141746  0.396576  -2
  1  0  0.938300  0.029795 -0.023835  0.634762  -2
  1  0  0.938300  0.076870  0.015889  0.304581  -2
  1  0  0.938300 -0.097235 -0.177073  0.374015  -1
  1  0  0.938300  0.108425  0.143532  0.576779  -1
  1  0  0.938300  0.224582  0.169323  0.395533  -3