  1  1  0.938300 -0.011756  0.175007 -0.077425   1
  1  1  0.938300 -0.085309 -0.205643  0.326915   2
  1  1  0.938300 -0.094112 -0.125589  0.235465   3
  1  1  0.938300  0.381451 -0.048884  0.221309   3
  1  1  0.938300 -0.229895 -0.031919 -0.033085   4
  1  1  0.938300  0.097567 -0.037285  0.057692   2
  1  1  0.938300 -0.347821  0.230274  0.358071   2
  1  1  0.938300  0.279448 -0.322011  0.446147   3
  1  1  0.938300 -0.215728 -0.038737  0.251988   3
  1  1  0.938300 -0.146729  0.094649  0.232542   6
  1  1  0.938300 -0.101183  0.097382  0.254112   3
  1  1  0.938300  0.122712  0.002530  0.161232   4
  1  1  0.938300 -0.139957  0.012102 -0.055220   2
  1  1  0.938300  0.194220 -0.020137  0.119798   1
  1  1  0.938300 -0.288978  0.272333  0.152849   2
  1  1  0.938300 -0.232313 -0.073289  0.266874   2
  1  1  0.938300 -0.123423  0.210951  0.183062   2
  1  1  0.938300  0.120799  0.113641 -0.032656   3
  1  1  0.938300  0.116352  0.014431  0.135173   2
  1  1  0.938300 -0.097834  0.027520  0.447407   3
  1  1  0.938300  0.029145 -0.074657  0.012653   1
  1  1  0.938300 -0.115488 -0.149861  0.105896   1
  1  1  0.938300  0.066489  0.155065  0.135446   2
  1  1  0.938300 -0.159418 -0.041940  0.412259   7
  1  1  0.938300 -0.077234  0.168800  0.341485   3
  1  1  0.938300  0.508891 -0.020059  0.135275   3
  1  1  0.938300 -0.440418 -0.169425  0.264418   3
  1  1  0.938300  0.121661 -0.157875  0.530652   3
  1  1  0.938300  0.167092 -0.067585  0.483538   2
  1  1  0.938300 -0.109856 -0.129414 -0.276564   6
  1  1  0.938300  0.214440  0.292688  0.337513   3
  1  1  0.938300 -0.166682  0.131366  0.325071   3
  1  1  0.938300 -0.023948  0.180373  0.071689   1
  1  1  0.938300  0.235642  0.032114  0.257095   3
  1  1  0.938300 -0.031003 -0.008986 -0.000881   1
  1  1  0.938300 -0.043984  0.226712  0.351055   3
  1  1  0.938300  0.016981  0.021650 -0.034340   2
  1  1  0.938300 -0.066061 -0.315435 -0.146499   7
  1  1  0.938300  0.272445 -0.060970  0.146937   4
  1  1  0.938300  0.029289 -0.039034  0.039439   1
  1  1  0.938300 -0.182864  0.223988  0.290759   3
  1  1  0.938300  0.057262 -0.060906  0.411740   3
  1  1  0.938300 -0.228891  0.016528  0.381408   2
  1  1  0.938300  0.127957  0.130675 -0.038397   1
  1  1  0.938300  0.051812 -0.190228  0.250064   2
  1  1  0.938300  0.079531  0.047427  0.062061   1
  1  1  0.938300  0.108901  0.105440  0.102582   1
  1  1  0.938300  0.306693 -0.150601  0.239358   2
  1  1  0.938300 -0.010673  0.207797  0.255269   2
  1  1  0.938300  0.044182  0.184070  0.224744   2
  1  1  0.938300 -0.171274  0.041696  0.030965   3
  1  1  0.938300  0.137760 -0.151004  0.132630   1
  1  1  0.938300 -0.098489  0.061115  0.095135   1
  1  1  0.938300 -0.355649 -0.094582  0.136513   4
  1  1  0.938300 -0.366448  0.028322  0.157360   2
  1  1  0.938300  0.023716 -0.254950  0.487406   4
  1  1  0.938300 -0.016308 -0.130010  0.177282   2
  1  1  0.938300 -0.012502 -0.117962  0.263168   4
  1  1  0.938300  0.025273  0.005025 -0.074365   1
  1  1  0.938300  0.142399  0.199983 -0.024707   2
  1  1  0.938300 -0.146300 -0.071937  0.058007   2
  1  1  0.938300  0.112119  0.022678  0.119978   1
  1  1  0.938300  0.144054 -0.071498  0.398492   4
  1  1  0.938300 -0.078285  0.012421 -0.052914   1
  1  1  0.938300  0.159615 -0.005169  0.103603   3
  1  1  0.938300  0.112013 -0.001890  0.220087   2
  1  1  0.938300  0.139614 -0.083992  0.482320   4
  1  1  0.938300  0.386694 -0.250336  0.170786   4
  1  1  0.938300 -0.036761 -0.200412  0.552179   4
  1  1  0.938300  0.130959 -0.042718  0.014751   1
  1  1  0.938300 -0.021064 -0.027489  0.161750   3
  1  1  0.938300 -0.004806  0.056434  0.256794   1
  1  1  0.938300  0.378104  0.021399  0.339319   5
  1  1  0.938300 -0.129360  0.016198  0.407333   4
  1  1  0.938300  0.041805  0.016689  0.455231   2
  1  1  0.938300 -0.074190  0.183038  0.035355   1
  1  1  0.938300 -0.188542 -0.126166  0.057271   1
  1  1  0.938300 -0.067575 -0.064979  0.137277   1
  1  1  0.938300  0.130904 -0.108807  0.028002   3
  1  0  0.938300 -0.104789 -0.159134  0.014256   2
  1  0  0.938300  0.126146  0.043981 -0.088990   1
  1  0  0.938300 -0.076898  0.199108 -0.020282   5
  1  0  0.938300  0.122999 -0.008381  0.262827   2
  1  0  0.938300 -0.003160 -0.049013  0.232107   1
  1  0  0.938300  0.001441 -0.193248  0.229126   3
  1  0  0.938300 -0.180296 -0.001772  0.076884   4
  1  0  0.938300 -0.438477 -0.018777  0.285574   2
  1  0  0.938300 -0.120741  0.063395  0.173980   2
  1  0  0.938300  0.153357  0.117622  0.112135   2
  1  0  0.938300  0.129076  0.040833  0.155686   2
  1  0  0.938300  0.352144  0.308623  0.291070   2
  1  0  0.938300  0.103872 -0.221346  0.325062   3
  1  0  0.938300 -0.145365 -0.073532  0.352432   3
  1  0  0.938300 -0.138686  0.043504  0.216338   4
  1  0  0.938300 -0.184270  0.128087  0.414436   4
  1  0  0.938300  0.135124 -0.060170  0.172139   1
  1  0  0.938300  0.061199 -0.187953  0.118848   2
  1  0  0.938300  0.131363  0.176728  0.410248   4
  1  0  0.938300 -0.041429  0.210121  0.556767   2
  1  0  0.938300  0.290818  0.109331  0.158544   3
  1  0  0.938300 -0.142977 -0.103696  0.213513   4
  1  0  0.938300  0.159469  0.153543  0.142254   2
  1  0  0.938300 -0.143891  0.041286  0.329236   4
  1  0  0.938300  0.241302 -0.083377  0.297040   2
  1  0  0.938300  0.030243 -0.133383  0.453217   2
  1  0  0.938300 -0.067379 -0.168399  0.045234   2
  1  0  0.938300  0.074799  0.103968  0.090295   1
  1  0  0.938300  0.144492 -0.036005  0.208692   5
  1  0  0.938300  0.024915 -0.219273  0.344607   4
  1  0  0.938300 -0.078870 -0.304172  0.226800   6
  1  0  0.938300  0.095020  0.034965  0.095621   2
  1  0  0.938300 -0.201970 -0.188439  0.066703   7
  1  0  0.938300 -0.186708 -0.006184  0.153607   2
  1  0  0.938300  0.028542 -0.049891 -0.011382   1
  1  0  0.938300  0.129006  0.045415  0.655051   4
  1  0  0.938300 -0.199371 -0.154956  0.128547   4
  1  0  0.938300  0.089245 -0.165847  0.350865   4
  1  0  0.938300  0.009460  0.154672  0.151502   1
  1  0  0.938300 -0.237337 -0.123227  0.345097   4
  1  0  0.938300  0.107166 -0.096289  0.397905   4
  1  0  0.938300 -0.099464 -0.014323  0.217936   1
  1  0  0.938300 -0.061822 -0.134246  0.448976   8
  1  0  0.938300 -0.103266  0.007585  0.101275   1
  1  0  0.938300  0.038185  0.078652  0.184755   1
  1  0  0.938300 -0.153929 -0.040755  0.327754   2
  1  0  0.938300 -0.080144 -0.046460 -0.067166   1
  1  0  0.938300  0.133318  0.052597  0.042355   2
  1  0  0.938300  0.010760  0.200591  0.195414   1
  1  0  0.938300 -0.285914  0.070921  0.259856   4
  1  0  0.938300 -0.330758 -0.132972  0.557767   3
  1  0  0.938300 -0.033604 -0.031077  0.295220   1
  1  0  0.938300 -0.106392  0.043113  0.014645   3
  1  0  0.938300 -0.130551  0.037261 -0.028012   1
  1  0  0.938300 -0.051385 -0.130183  0.578400   2
  1  0  0.938300  0.020913 -0.032596  0.089098   2
  1  0  0.938300  0.201708  0.279483  0.101923   2
  1  0  0.938300 -0.035487  0.270743  0.538169   4
  1  0  0.938300  0.153585 -0.240958  0.199380   5
  1  0  0.938300  0.249628  0.017139  0.302691   8
  1  0  0.938300  0.183385 -0.014288  0.582079   8
  1  0  0.938300 -0.159054 -0.003511  0.144419   1
  1  0  0.938300 -0.024213 -0.076859  0.182105   2
  1  0  0.938300 -0.161233 -0.034169  0.260292   4
  1  0  0.938300  0.035194  0.357389  0.414082   8
  1  0  0.938300 -0.035661  0.083317  0.097693   1
  1  0  0.938300 -0.217260  0.128418  0.026771   2
  1  0  0.938300  0.228706  0.128376  0.140824   3
  1  0  0.938300 -0.062359 -0.117459 -0.152897   1
  1  0  0.938300 -0.188551 -0.026929  0.280095   4
  1  0  0.938300  0.079258  0.013245  0.376858   2
  1  0  0.938300 -0.040176 -0.245682  0.323800   3
  1  0  0.938300 -0.102438  0.183844  0.407830   3
  1  0  0.938300  0.158892 -0.098436  0.347862   2
  1  0  0.938300 -0.105858  0.063193 -0.016732   1
  1  0  0.938300 -0.330420  0.141952  0.056336   3
  1  0  0.938300 -0.010823  0.139103  0.130711   1
  1  0  0.938300  0.241760 -0.196274  0.407651   4
  1  0  0.938300  0.131181 -0.117406  0.594163   6
  1  0  0.938300  0.011500 -0.126827  0.018402   1
  1  0  0.938300  0.128528 -0.071048  0.400422   2
  1  0  0.938300  0.257482  0.096243  0.272806   2
  1  0  0.938300 -0.298256  0.070953  0.485056   4
  1  0  0.938300  0.056615  0.047439  0.176349   3
  1  0  0.938300 -0.136105  0.098585  0.051811   1
  1  0  0.938300 -0.160849 -0.073888  0.240965   3
  1  0  0.938300  0.080119  0.010658  0.499575   3
  1  0  0.938300 -0.194999  0.071291  0.582884   4
  1  0  0.938300  0.117517 -0.255269 -0.000054   1
  1  0  0.938300  0.014609 -0.084942  0.146375   2
  1  0  0.938300 -0.251162  0.405506  0.046721   2
  1  0  0.938300 -0.040198  0.108646  0.413334   2
  1  0  0.938300  0.003848 -0.011166  0.360320   3
  1  0  0.938300  0.329050  0.003716  0.467067   4
  1  0  0.938300  0.200513  0.211331  0.453430   2
  1  0  0.938300 -0.091533  0.045934  0.163927   1
  1  0  0.938300 -0.254549  0.168040  0.229067   2
  1  0  0.938300 -0.165210  0.146310  0.231833   2
  1  0  0.938300 -0.081755  0.032211  0.003035   7
  1  0  0.938300  0.182781 -0.318911  0.239869   2
  1  0  0.938300 -0.038568 -0.092053  0.487729   3
  1  0  0.938300  0.184675  0.046094  0.282580   2
  1  0  0.938300 -0.042893 -0.099110  0.446359   4
  1  0  0.938300 -0.041393 -0.002056  0.500428   4
  1  0  0.938300 -0.091966  0.123855  0.434597   2
  1  0  0.938300  0.034132 -0.172993 -0.049429   1
  1  0  0.938300 -0.009672  0.093742  0.000511   1
  1  0  0.938300 -0.048143  0.217245  0.410531   3
  1  0  0.938300 -0.092270  0.055570  0.221403   5
  1  0  0.938300 -0.192914  0.012394  0.341560   3
  1  0  0.938300  0.198303  0.141393  0.234306   5
  1  0  0.938300  0.007049  0.318169  0.102552   5
  1  0  0.938300 -0.041745  0.205971  0.404225   2
  1  0  0.938300  0.023554 -0.138105  0.540168   2
  1  0  0.938300 -0.178661  0.021356 -0.012054   1
  1  0  0.938300 -0.044279  0.216766  0.035211   3
  1  0  0.938300 -0.074012  0.048434 -0.080188   1
  1  0  0.938300 -0.010773  0.365418 -0.016743   2
  1  1  0.938300  0.063292  0.058125  0.527448  -3
  1  1  0.938300 -0.073968 -0.216460  0.184673  -4
  1  1  0.938300  0.078027 -0.034637  0.437036  -1
  1  1  0.938300  0.121289 -0.065088  0.121994  -3
  1  1  0.938300  0.127963  0.259739 -0.024722  -4
  1  1  0.938300  0.027730  0.013055  0.664074  -1
  1  1  0.938300 -0.145644  0.019756  0.508645  -1
  1  1  0.938300  0.209727 -0.214540  0.549155  -2
  1  1  0.938300 -0.075138 -0.118425  0.513829  -1
  1  1  0.938300 -0.136539  0.124423  0.697605  -5
  1  1  0.938300  0.030814  0.008874  0.337318  -3
  1  1  0.938300  0.021138  0.172603  0.449329  -2
  1  1  0.938300 -0.023378  0.017915  0.250025  -4
  1  1  0.938300 -0.134325  0.076971  0.449461  -2
  1  1  0.938300 -0.015877 -0.207430  0.180970  -4
  1  1  0.938300 -0.158096 -0.093863  0.610893  -2
  1  1  0.938300  0.145497  0.125952  0.432850  -3
  1  1  0.938300 -0.171674 -0.096263  0.323917  -4
  1  1  0.938300 -0.148718  0.188099 -0.061677  -5
  1  1  0.938300 -0.172803  0.010665 -0.037208  -3
  1  1  0.938300 -0.386465  0.118911  0.059150  -2
  1  1  0.938300  0.089494  0.096665  0.427160  -3
  1  1  0.938300 -0.257181 -0.050315  0.643067  -2
  1  1  0.938300 -0.055198 -0.187214  0.687624  -2
  1  1  0.938300 -0.336699  0.178933  0.325528  -2
  1  1  0.938300  0.282553 -0.049115  0.529258  -3
  1  1  0.938300  0.001289  0.262828  0.135869  -3
  1  1  0.938300 -0.204486  0.228738  0.505791  -3
  1  1  0.938300  0.000890  0.212313  0.503344  -2
  1  1  0.938300 -0.078665 -0.233440  0.270155  -4
  1  1  0.938300  0.270172 -0.195560  0.353642  -4
  1  1  0.938300 -0.312907  0.050351  0.471966  -6
  1  1  0.938300 -0.063930 -0.085777  0.260258  -2
  1  1  0.938300 -0.050916  0.021007  0.306665  -2
  1  1  0.938300 -0.250353 -0.276798  0.344534  -3
  1  1  0.938300 -0.069005 -0.008677  0.602773  -1
  1  1  0.938300 -0.112429 -0.145320  0.231177  -3
  1  1  0.938300  0.163577  0.136588  0.473753  -5
  1  1  0.938300 -0.225487 -0.023497  0.273320  -3
  1  1  0.938300  0.069842 -0.192830  0.230345  -3
  1  1  0.938300 -0.156570  0.311747  0.265274  -6
  1  1  0.938300 -0.090435 -0.057896  0.496925  -1
  1  1  0.938300 -0.052611 -0.065991  0.603955  -1
  1  1  0.938300 -0.007377  0.017691  0.388311  -3
  1  1  0.938300  0.019591  0.062998  0.206879  -3
  1  1  0.938300 -0.015365  0.266325  0.020330  -5
  1  1  0.938300  0.041657 -0.373214  0.298192  -2
  1  1  0.938300  0.155136  0.207802  0.327573  -2
  1  1  0.938300  0.082790 -0.110823  0.606128  -2
  1  1  0.938300 -0.042795  0.142731  0.282088  -2
  1  1  0.938300 -0.117593 -0.104924  0.361694  -4
  1  1  0.938300  0.064664  0.055377  0.467180  -1
  1  1  0.938300  0.061294 -0.118307  0.465060  -1
  1  1  0.938300  0.092427  0.102452  0.230932  -2
  1  1  0.938300  0.124551 -0.151357  0.659565  -2
  1  1  0.938300 -0.228296  0.363567  0.277183  -2
  1  1  0.938300  0.037569  0.008082  0.123125  -3
  1  1  0.938300  0.084879 -0.066004  0.465812  -1
  1  1  0.938300 -0.146708  0.244649  0.233482  -3
  1  1  0.938300 -0.124607  0.042397  0.503192  -1
  1  1  0.938300  0.004423 -0.019981  0.578915  -1
  1  1  0.938300 -0.183791  0.089145  0.034904  -3
  1  1  0.938300 -0.218180  0.162849  0.318961  -7
  1  1  0.938300  0.128545 -0.105756  0.618629  -1
  1  1  0.938300 -0.105192  0.038829  0.304937  -3
  1  1  0.938300 -0.108164 -0.066272  0.221169  -4
  1  1  0.938300 -0.183190  0.375465  0.267170  -4
  1  1  0.938300  0.301888 -0.040471  0.254813  -5
  1  1  0.938300 -0.078129  0.212490  0.679588  -6
  1  1  0.938300  0.208079 -0.106463  0.460548  -2
  1  1  0.938300  0.097843 -0.015108  0.525643  -1
  1  1  0.938300 -0.098535  0.037723  0.311518  -2
  1  1  0.938300 -0.220333 -0.308647  0.195552  -4
  1  1  0.938300 -0.236894 -0.288524  0.232856  -9
  1  1  0.938300 -0.001765 -0.148609  0.403431  -1
  1  1  0.938300 -0.049554  0.123181  0.413373  -2
  1  1  0.938300 -0.020386 -0.019871  0.422415  -2
  1  1  0.938300  0.093517 -0.151834  0.325927  -1
  1  1  0.938300 -0.057885 -0.080793  0.498067  -2
  1  0  0.938300 -0.101498  0.441604  0.435476  -6
  1  0  0.938300  0.122963  0.449173  0.304860  -5
  1  0  0.938300 -0.090076  0.002251  0.476042  -4
  1  0  0.938300  0.158379  0.025017  0.241457  -2
  1  0  0.938300 -0.137957 -0.012446  0.206354  -2
  1  0  0.938300 -0.107451 -0.071679  0.551237  -1
  1  0  0.938300 -0.012420 -0.015372  0.535186  -3
  1  0  0.938300 -0.237320  0.028850  0.429325  -2
  1  0  0.938300 -0.064971  0.093765  0.525650  -1
  1  0  0.938300  0.013534  0.171372  0.791095  -4
  1  0  0.938300 -0.228761 -0.118509  0.335965  -3
  1  0  0.938300  0.099593  0.116904  0.172803  -2
  1  0  0.938300 -0.016527  0.331627  0.372245  -2
  1  0  0.938300 -0.206588 -0.293972  0.287182  -2
  1  0  0.938300  0.053894  0.135774  0.593560  -1
  1  0  0.938300 -0.093296 -0.027461  0.431782  -3
  1  0  0.938300  0.030859 -0.010911  0.289935  -2
  1  0  0.938300  0.157610 -0.069019  0.425813  -1
  1  0  0.938300  0.049938  0.077691  0.428052  -1
  1  0  0.938300 -0.111260  0.219424  0.498256  -6
  1  0  0.938300 -0.052708 -0.036133  0.372335  -3
  1  0  0.938300  0.022431 -0.194238  0.262139  -2
  1  0  0.938300  0.346474  0.030175  0.347810  -5
  1  0  0.938300 -0.005884  0.081130  0.000597  -3
  1  0  0.938300  0.118754  0.214720  0.424685  -3
  1  0  0.938300  0.010502  0.031768  0.416156  -1
  1  0  0.938300  0.019695  0.130268  0.090614  -6
  1  0  0.938300 -0.123711  0.103416  0.714558  -1
  1  0  0.938300  0.339118  0.133177  0.503710  -2
  1  0  0.938300  0.032993 -0.096732  0.500037  -1
  1  0  0.938300 -0.012690 -0.009789  0.209988  -3
  1  0  0.938300 -0.078027 -0.291262  0.252961  -4
  1  0  0.938300 -0.129811  0.001239  0.006093  -3
  1  0  0.938300  0.062671 -0.091456  0.632415  -2
  1  0  0.938300  0.021289 -0.093406  0.714220  -3
  1  0  0.938300 -0.046549  0.074365  0.494314  -1
  1  0  0.938300  0.057309 -0.233796  0.472808  -2
  1  0  0.938300 -0.074371 -0.020706  0.580725  -1
  1  0  0.938300 -0.185584  0.060457  0.319781  -5
  1  0  0.938300  0.167339 -0.195438 -0.012352  -4
  1  0  0.938300  0.123142 -0.268889  0.312449  -2
  1  0  0.938300 -0.101716  0.130914  0.668197  -2
  1  0  0.938300 -0.085352  0.167084  0.429386  -2
  1  0  0.938300  0.190827  0.047522  0.407088  -6
  1  0  0.938300 -0.093371 -0.043775  0.609736  -2
  1  0  0.938300  0.315331 -0.168951  0.403151  -2
  1  0  0.938300  0.136632 -0.150410  0.488315  -2
  1  0  0.938300  0.062924  0.144005  0.059176  -2
  1  0  0.938300 -0.069173  0.094315  0.089543  -4
  1  0  0.938300 -0.167546 -0.005789  0.156369  -6
  1  0  0.938300 -0.043268  0.061308  0.321074  -2
  1  0  0.938300  0.325476  0.010419  0.267065  -6
  1  0  0.938300 -0.131380 -0.068407  0.453032  -1
  1  0  0.938300 -0.066118  0.170403  0.423462  -3
  1  0  0.938300  0.079892 -0.219704  0.466762  -2
  1  0  0.938300 -0.064125 -0.147436  0.298173  -5
  1  0  0.938300  0.065148 -0.003978  0.518701  -2
  1  0  0.938300  0.192415 -0.193293  0.198450  -2
  1  0  0.938300  0.222373 -0.090671  0.233296  -4
  1  0  0.938300 -0.193851  0.226354  0.295170  -2
  1  0  0.938300 -0.108634  0.006197  0.432534  -3
  1  0  0.938300 -0.015875  0.072566  0.346807  -1
  1  0  0.938300  0.163788  0.152644  0.385515  -2
  1  0  0.938300 -0.011034  0.070573  0.551060  -3
  1  0  0.938300  0.066068 -0.155221  0.256576  -2
  1  0  0.938300  0.074765 -0.138965  0.528741  -2
  1  0  0.938300 -0.040062 -0.021819  0.085555  -2
  1  0  0.938300  0.120263  0.061790  0.140825  -2
  1  0  0.938300  0.146576 -0.194995  0.137988  -4
  1  0  0.938300 -0.002200  0.136881  0.481779  -5
  1  0  0.938300  0.514697  0.191370  0.583021  -7
  1  0  0.938300 -0.093477  0.027270  0.216921  -3
  1  0  0.938300  0.100348 -0.044078  0.482289  -2
  1  0  0.938300  0.221167 -0.089615  0.141409  -3
  1  0  0.938300  0.196206  0.002915  0.414916  -2
  1  0  0.938300 -0.121384 -0.225115  0.335859  -2
  1  0  0.938300  0.255827  0.187058  0.268150  -4
  1  0  0.938300 -0.137527  0.033292  0.362858  -1
  1  0  0.938300  0.112369  0.125371  0.138953  -6
  1  0  0.938300 -0.107466 -0.101010  0.384625  -6
  1  0  0.938300 -0.231273  0.484566  0.251171  -8
  1  0  0.938300  0.011961  0.218328  0.258625  -2
  1  0  0.938300  0.069904 -0.105871  0.037736  -2
  1  0  0.938300  0.253154 -0.130064  0.302892  -5
  1  0  0.938300  0.101187 -0.259669  0.242874  -5
  1  0  0.938300 -0.210235 -0.016434  0.306632  -3
  1  0  0.938300 -0.007650  0.013835  0.365194  -2
  1  0  0.938300  0.017091  0.037115  0.472320  -1
  1  0  0.938300  0.080457  0.270093  0.392243  -2
  1  0  0.938300 -0.082851 -0.250944  0.349730 -11
  1  0  0.938300  0.112651  0.318877  0.000286  -5
  1  0  0.938300  0.219719  0.355962  0.419828  -3
  1  0  0.938300  0.027855  0.169981  0.404185  -1
  1  0  0.938300  0.037136 -0.158753  0.286706  -1
  1  0  0.938300  0.138427  0.056357  0.320197  -3
  1  0  0.938300 -0.257598 -0.202014  0.230045  -3
  1  0  0.938300  0.065681  0.090543  0.485578  -1
  1  0  0.938300  0.106621  0.038223  0.453646  -2
  1  0  0.938300  0.054657 -0.209496  0.525012  -1
  1  0  0.938300 -0.286198 -0.051438  0.458647  -3
  1  0  0.938300 -0.114504 -0.027473  0.243365  -3
  1  0  0.938300 -0.042224  0.152072  0.165818  -2
  1  0  0.938300  0.188046  0.040624  0.286605  -3
  1  0  0.938300  0.183232 -0.257921  0.192986  -3
  1  0  0.938300 -0.079795 -0.187736  0.108904  -4
  1  0  0.938300  0.068237 -0.031176  0.220914  -3
  1  0  0.938300 -0.033941 -0.187850  0.475110  -3
  1  0  0.938300  0.014988 -0.049330  0.239903  -2
  1  0  0.938300  0.004052  0.321708  0.125173  -5
  1  0  0.938300  0.145337  0.133563  0.589756  -1
  1  0  0.938300 -0.130000  0.076511  0.322902  -7
  1  0  0.938300 -0.079388  0.052770  0.066557  -3
  1  0  0.938300  0.032729  0.085449  0.162670  -3
  1  0  0.938300 -0.189736  0.059812  0.540009  -1
  1  0  0.938300 -0.234291  0.108449  0.033959  -7
  1  0  0.938300  0.038606  0.085675  0.230217  -3
  1  0  0.938300 -0.168714  0.058177  0.191850  -3
  1  0  0.938300 -0.093575  0.115594 -0.005370  -3