  1  1  0.938300  0.204769  0.100608  0.011499   4
  1  1  0.938300 -0.136579  0.175874  0.157506   3
  1  1  0.938300 -0.095316  0.085058  0.126118   4
  1  1  0.938300 -0.187780  0.306020  0.309173   2
  1  1  0.938300  0.305573 -0.131310  0.207674   5
  1  1  0.938300 -0.225498 -0.319428  0.488361   6
  1  1  0.938300  0.027771  0.080421  0.236737   1
  1  1  0.938300  0.161099  0.015736  0.482270   3
  1  1  0.938300 -0.005883  0.063071  0.355162   4
  1  1  0.938300  0.025766 -0.221052  0.227852   2
  1  1  0.938300 -0.075868  0.288988 -0.043372   3
  1  1  0.938300 -0.091915  0.103115 -0.003172   3
  1  1  0.938300 -0.213032  0.285379  0.351687   8
  1  1  0.938300  0.123632  0.068592  0.687919   4
  1  1  0.938300  0.155089  0.371931  0.539624   3
  1  1  0.938300 -0.074313 -0.031084 -0.038571   1
  1  1  0.938300  0.120168  0.182542  0.326303   3
  1  1  0.938300 -0.052951 -0.351658  0.299539   5
  1  1  0.938300 -0.266060  0.663551  0.389664   5
  1  1  0.938300  0.153259 -0.051316  0.116287   1
  1  1  0.938300 -0.236353  0.038743  0.218616   2
  1  1  0.938300  0.236272 -0.154285  0.437008   3
  1  1  0.938300  0.112401 -0.067868  0.546817   3
  1  1  0.938300 -0.449758  0.079280  0.372457   2
  1  1  0.938300  0.072719  0.016245  0.043800   1
  1  1  0.938300 -0.078803 -0.197229  0.014981   1
  1  1  0.938300  0.124320 -0.116716 -0.004367   1
  1  1  0.938300 -0.135494 -0.014525  0.142055   2
  1  1  0.938300  0.069154 -0.171997 -0.050145   1
  1  1  0.938300 -0.122610 -0.105442  0.233576   3
  1  1  0.938300  0.123179 -0.020353  0.043578   1
  1  1  0.938300  0.013828 -0.097335  0.540333   2
  1  1  0.938300  0.062068  0.012257  0.580161   4
  1  1  0.938300 -0.009363  0.245733  0.174594   2
  1  1  0.938300 -0.011114 -0.085061  0.662545   5
  1  1  0.938300 -0.126486  0.113931  0.099673   1
  1  1  0.938300  0.246426  0.224606  0.069410   4
  1  1  0.938300 -0.314545  0.323115  0.425646   2
  1  1  0.938300  0.280252  0.107804  0.131091   5
  1  1  0.938300 -0.102886  0.010790  0.595436   2
  1  1  0.938300 -0.230485  0.182191 -0.202372   5
  1  1  0.938300 -0.123659  0.105725  0.258600   6
  1  1  0.938300  0.094005 -0.387734  0.343208   6
  1  1  0.938300 -0.093221  0.075458  0.310563   2
  1  1  0.938300 -0.045156  0.100351  0.187619   4
  1  1  0.938300 -0.104953  0.050461  0.158956   1
  1  1  0.938300  0.010834  0.091246  0.170440   4
  1  1  0.938300  0.155494 -0.337249  0.068276   2
  1  1  0.938300  0.124053 -0.199982  0.702730   5
  1  1  0.938300 -0.110424 -0.203967  0.009282   1
  1  1  0.938300 -0.198325 -0.070093 -0.084371   2
  1  1  0.938300  0.066099  0.132415  0.416721   2
  1  1  0.938300 -0.132211  0.029142  0.034320   1
  1  1  0.938300 -0.008590 -0.095562 -0.044060   1
  1  1  0.938300 -0.091080 -0.082581  0.099899   1
  1  1  0.938300  0.120951 -0.104277  0.618292   4
  1  1  0.938300  0.138766  0.057321  0.323860   5
  1  1  0.938300  0.159498 -0.265416  0.330004   5
  1  1  0.938300 -0.181464 -0.011068 -0.059241   1
  1  1  0.938300  0.009070  0.075796 -0.107182   1
  1  1  0.938300  0.101027  0.067643 -0.031709   1
  1  1  0.938300 -0.096549 -0.211202  0.334058   4
  1  1  0.938300  0.117525 -0.391647  0.588592   3
  1  1  0.938300  0.125346 -0.167167  0.370689   4
  1  1  0.938300 -0.020408 -0.113881  0.382121   4
  1  1  0.938300  0.064173  0.295252  0.244869   3
  1  1  0.938300 -0.008434  0.118889 -0.112201   1
  1  1  0.938300 -0.084339 -0.287001  0.112195   5
  1  1  0.938300  0.073535 -0.168402  0.084262   2
  1  1  0.938300  0.030448 -0.008918  0.044942   3
  1  1  0.938300 -0.061498 -0.111826  0.176360   1
  1  1  0.938300 -0.057100  0.223954  0.158073   4
  1  1  0.938300  0.026209  0.197695 -0.063282   1
  1  1  0.938300  0.110406 -0.000536  0.104624   1
  1  1  0.938300  0.129454 -0.086469  0.312258   4
  1  1  0.938300 -0.039338 -0.044340  0.173973   2
  1  1  0.938300 -0.099994  0.269064  0.077734   5
  1  1  0.938300 -0.177228 -0.167153  0.255984   4
  1  1  0.938300  0.176470  0.017468 -0.004089   1
  1  0  0.938300 -0.027235 -0.324945  0.306251   5
  1  0  0.938300  0.023820 -0.050341  0.162676   1
  1  0  0.938300 -0.050677  0.028473 -0.020991   1
  1  0  0.938300  0.089756 -0.127680  0.124828   3
  1  0  0.938300 -0.092087 -0.118748  0.097385   1
  1  0  0.938300  0.059073 -0.488916  0.375860   3
  1  0  0.938300 -0.025882  0.164528  0.182524   2
  1  0  0.938300  0.031209  0.050545  0.265904   1
  1  0  0.938300 -0.045762  0.315332  0.119031   4
  1  0  0.938300 -0.184955 -0.047685  0.361476   4
  1  0  0.938300  0.008766 -0.232141 -0.025743   6
  1  0  0.938300  0.029821  0.125265  0.194942   2
  1  0  0.938300  0.184670  0.070645  0.069727   2
  1  0  0.938300 -0.001491  0.108510  0.110848   1
  1  0  0.938300  0.158477 -0.131251  0.395985   7
  1  0  0.938300  0.144797 -0.180838 -0.020167   2
  1  0  0.938300  0.143953  0.189685  0.487229   4
  1  0  0.938300  0.170383 -0.074394  0.060746   6
  1  0  0.938300  0.132185  0.245986  0.313656   4
  1  0  0.938300 -0.102295  0.321053  0.281413   3
  1  0  0.938300 -0.065684  0.129255  0.062339   3
  1  0  0.938300 -0.005267 -0.120809  0.649651   5
  1  0  0.938300 -0.012683  0.016371  0.313226   6
  1  0  0.938300 -0.269592 -0.316355  0.149331   3
  1  0  0.938300  0.140702  0.144117 -0.041379   2
  1  0  0.938300 -0.074914  0.105906  0.047902   1
  1  0  0.938300  0.114819  0.192837  0.501903   2
  1  0  0.938300  0.079514 -0.144976  0.012423   2
  1  0  0.938300 -0.145981 -0.069652  0.229570   3
  1  0  0.938300 -0.022997 -0.004121  0.114453   2
  1  0  0.938300 -0.169234  0.040287  0.039405   4
  1  0  0.938300  0.113950  0.006826  0.278149   3
  1  0  0.938300 -0.128959 -0.241510  0.125517   3
  1  0  0.938300  0.029551 -0.243556  0.051464   1
  1  0  0.938300 -0.034899 -0.025983  0.169276   3
  1  0  0.938300  0.057491  0.114505  0.139889   4
  1  0  0.938300 -0.163435  0.185217  0.495356   2
  1  0  0.938300  0.100621 -0.079202  0.192019   5
  1  0  0.938300 -0.012113 -0.122919  0.051845   5
  1  0  0.938300  0.272002  0.036949  0.083479   5
  1  0  0.938300 -0.139753 -0.234183  0.056085   1
  1  0  0.938300  0.192172 -0.027848  0.148551   2
  1  0  0.938300  0.195675 -0.493499  0.068833   4
  1  0  0.938300 -0.110864 -0.207710  0.180462   2
  1  0  0.938300 -0.077245  0.035897  0.222046   4
  1  0  0.938300  0.040231 -0.190168  0.137397   5
  1  0  0.938300  0.087113  0.211675  0.155827   1
  1  0  0.938300  0.118670 -0.173108  0.264873   3
  1  0  0.938300 -0.076956  0.092050  0.140808   2
  1  0  0.938300  0.226572 -0.068200  0.328039   3
  1  0  0.938300  0.193010 -0.176627 -0.091304   2
  1  0  0.938300 -0.281873  0.150894  0.487026   2
  1  0  0.938300 -0.133154 -0.077426  0.511628   4
  1  0  0.938300 -0.288755 -0.087963  0.789731   3
  1  0  0.938300 -0.036432  0.003896  0.575493   4
  1  0  0.938300 -0.135395 -0.175931  0.545854   2
  1  0  0.938300  0.120785 -0.104112  0.144556   1
  1  0  0.938300  0.110816 -0.273477  0.039381   3
  1  0  0.938300  0.358951 -0.045552  0.160566   6
  1  0  0.938300  0.125661 -0.092918  0.108851   2
  1  0  0.938300 -0.130509  0.030146 -0.126650   1
  1  0  0.938300 -0.107666  0.145108  0.154694   1
  1  0  0.938300  0.005388 -0.125653  0.174295   3
  1  0  0.938300 -0.155165  0.065650  0.002941   2
  1  0  0.938300 -0.262889 -0.327486  0.089439   4
  1  0  0.938300  0.126258  0.248669  0.000962   5
  1  0  0.938300 -0.175024  0.095975  0.278870   2
  1  0  0.938300 -0.001594 -0.165655  0.593613   3
  1  0  0.938300  0.043177 -0.283170  0.486661   5
  1  0  0.938300  0.064350  0.148136  0.017382   2
  1  0  0.938300  0.135719  0.153503 -0.133882   5
  1  0  0.938300 -0.092294  0.045005 -0.137739   3
  1  0  0.938300 -0.022229  0.110244  0.131139   1
  1  0  0.938300  0.198423 -0.252813  0.348373   6
  1  0  0.938300  0.167234  0.116688  0.301747   2
  1  0  0.938300 -0.091699 -0.282400  0.208522   2
  1  0  0.938300  0.031012  0.171965  0.063538   3
  1  0  0.938300 -0.002148  0.048007  0.371598   3
  1  0  0.938300 -0.084515  0.039833  0.363543   5
  1  0  0.938300 -0.084636  0.152181  0.148581   4
  1  0  0.938300 -0.286837  0.093002  0.418036   3
  1  0  0.938300 -0.131695 -0.231989  0.313535   4
  1  0  0.938300 -0.221224 -0.001141  0.265981   2
  1  0  0.938300 -0.273997  0.348580  0.200488   3
  1  0  0.938300  0.075096  0.187879  0.351765   4
  1  0  0.938300 -0.083975 -0.154187  0.273236   2
  1  0  0.938300  0.083112 -0.091842  0.084226   2
  1  0  0.938300 -0.263291  0.170973  0.422553   2
  1  0  0.938300  0.364317 -0.248742  0.384278   3
  1  0  0.938300  0.002019 -0.083227 -0.045161   3
  1  0  0.938300  0.091975 -0.107633  0.087889   2
  1  0  0.938300  0.034390  0.036958  0.249193   2
  1  0  0.938300 -0.107289 -0.019040  0.034373   2
  1  0  0.938300 -0.000148 -0.070549  0.433714   3
  1  0  0.938300 -0.088965  0.336713  0.373319   5
  1  0  0.938300  0.130482  0.186012  0.352167   4
  1  0  0.938300  0.224186  0.009003  0.018645   2
  1  0  0.938300  0.007402 -0.208314  0.124660   2
  1  0  0.938300  0.161944 -0.373448  0.050037   3
  1  0  0.938300  0.162494 -0.074384  0.164492   3
  1  0  0.938300 -0.163931 -0.041689 -0.075986   1
  1  0  0.938300 -0.110131 -0.063038 -0.065408   1
  1  0  0.938300  0.265579  0.080300  0.087181   3
  1  0  0.938300  0.229364 -0.112331  0.053936   2
  1  0  0.938300  0.128744 -0.124565  0.134131   1
  1  0  0.938300  0.265787 -0.024504  0.307627   5
  1  0  0.938300 -0.211618 -0.115419  0.399193   3
  1  0  0.938300 -0.126741  0.090696  0.332727   2
  1  0  0.938300  0.167449  0.035353  0.274895   3
  1  0  0.938300  0.262717 -0.324609  0.016646   5
  1  0  0.938300 -0.019644 -0.022077  0.344135   3
  1  0  0.938300  0.019077  0.021408 -0.066559   1
  1  0  0.938300  0.013248 -0.033589  0.148743   1
  1  0  0.938300 -0.043820  0.074301  0.007072   1
  1  0  0.938300 -0.204550  0.192202  0.087004   4
  1  0  0.938300  0.406467  0.072918  0.143175   3
  1  0  0.938300 -0.135810 -0.135451 -0.038046   5
  1  0  0.938300  0.081937 -0.084060  0.046936   2
  1  1  0.938300 -0.033806  0.324127  0.050561  -3
  1  1  0.938300  0.075308 -0.148674  0.598778  -1
  1  1  0.938300  0.030132  0.188588  0.511164  -4
  1  1  0.938300 -0.064336 -0.226623  0.373923  -3
  1  1  0.938300  0.107341  0.184376  0.250291  -3
  1  1  0.938300  0.053336 -0.154088  0.422335  -3
  1  1  0.938300  0.159321 -0.155921  0.183695  -2
  1  1  0.938300  0.078349  0.198032  0.317047  -4
  1  1  0.938300 -0.093841  0.058470  0.400221  -3
  1  1  0.938300 -0.189350 -0.106549  0.372342  -3
  1  1  0.938300 -0.255452 -0.201336  0.442743  -2
  1  1  0.938300  0.053049 -0.239479  0.522299  -2
  1  1  0.938300 -0.010013 -0.102683  0.535498  -4
  1  1  0.938300  0.122273 -0.041748  0.161185  -2
  1  1  0.938300  0.014682 -0.362984  0.504098  -2
  1  1  0.938300 -0.194311 -0.276618  0.301978  -2
  1  1  0.938300  0.083486  0.134567  0.688323  -4
  1  1  0.938300 -0.191150 -0.212854  0.336058  -3
  1  1  0.938300 -0.085322 -0.029642  0.354638  -2
  1  1  0.938300  0.121736  0.238732  0.556966  -2
  1  1  0.938300 -0.105926 -0.030533  0.669219  -3
  1  1  0.938300 -0.162028 -0.058868  0.500912  -4
  1  1  0.938300 -0.319745  0.165070  0.408664  -4
  1  1  0.938300 -0.008150 -0.067814  0.279661  -6
  1  1  0.938300 -0.123912  0.060668  0.691562  -1
  1  1  0.938300 -0.319994 -0.186428  0.321303  -4
  1  1  0.938300  0.033608 -0.217167  0.355988  -2
  1  1  0.938300 -0.126179 -0.228428  0.430960  -3
  1  1  0.938300  0.171689 -0.096669  0.160868  -6
  1  1  0.938300  0.382780 -0.037741  0.265571  -3
  1  1  0.938300 -0.169498 -0.049683  0.371181  -1
  1  1  0.938300 -0.089276  0.050061  0.529040  -2
  1  1  0.938300 -0.305552  0.048426  0.687641  -3
  1  1  0.938300 -0.194482  0.134833  0.238253  -4
  1  1  0.938300 -0.093377  0.141652  0.103337  -3
  1  1  0.938300  0.192668 -0.355895  0.196632  -2
  1  1  0.938300  0.003485  0.103330  0.291947  -2
  1  1  0.938300 -0.073236  0.114593  0.452121  -1
  1  1  0.938300 -0.142046 -0.075149  0.469149  -6
  1  1  0.938300  0.366030  0.180569  0.160743  -6
  1  1  0.938300  0.113077 -0.101518  0.384567  -1
  1  1  0.938300 -0.439515 -0.291791  0.168662  -3
  1  1  0.938300 -0.058064  0.090922  0.549602  -2
  1  1  0.938300  0.102497 -0.033029  0.465689  -3
  1  1  0.938300 -0.235207 -0.093446  0.593898  -5
  1  1  0.938300 -0.031131 -0.166563  0.534297  -4
  1  1  0.938300 -0.145734  0.024315  0.341741  -6
  1  1  0.938300  0.098659 -0.436537  0.084489  -3
  1  1  0.938300 -0.081755  0.177563  0.525166  -4
  1  1  0.938300 -0.095572  0.035463  0.391815  -2
  1  1  0.938300  0.080951 -0.056280  0.290106  -2
  1  1  0.938300  0.017501  0.021067  0.202372  -2
  1  1  0.938300  0.228543 -0.406662  0.276988  -3
  1  1  0.938300 -0.122853 -0.353082  0.263542  -2
  1  1  0.938300 -0.043989  0.017617  0.177557  -3
  1  1  0.938300  0.041111 -0.069464  0.483976  -1
  1  1  0.938300  0.108972  0.234821  0.273493  -4
  1  1  0.938300  0.214684 -0.432477  0.399706  -2
  1  1  0.938300 -0.053144  0.200624  0.282056  -6
  1  1  0.938300  0.210102  0.264285  0.367104  -2
  1  1  0.938300 -0.158817  0.031384 -0.131790  -2
  1  1  0.938300  0.214441  0.329213  0.240971  -4
  1  1  0.938300  0.047261  0.261406  0.162712  -4
  1  1  0.938300 -0.117682  0.035995  0.284976  -2
  1  1  0.938300  0.065303 -0.080581  0.282760  -4
  1  1  0.938300 -0.164698  0.065336  0.452038  -4
  1  1  0.938300  0.006514  0.001586  0.277406  -3
  1  1  0.938300  0.183607 -0.044950  0.083105  -3
  1  1  0.938300  0.210979 -0.305017  0.426775  -3
  1  1  0.938300  0.039123 -0.019893  0.272053  -2
  1  1  0.938300 -0.109497  0.125151  0.350532  -5
  1  1  0.938300  0.021948 -0.341304  0.638875  -4
  1  1  0.938300 -0.424640  0.293513  0.051835  -5
  1  1  0.938300  0.199527  0.275933  0.648024  -2
  1  1  0.938300 -0.180673  0.275996 -0.033537  -2
  1  1  0.938300  0.130563  0.021825  0.335145  -1
  1  1  0.938300 -0.023245  0.132919  0.351138  -1
  1  1  0.938300 -0.111818  0.058027  0.335641  -1
  1  1  0.938300  0.089241 -0.100320  0.393223  -3
  1  0  0.938300  0.207613  0.163862  0.690187  -1
  1  0  0.938300  0.055671 -0.033271  0.019678  -3
  1  0  0.938300 -0.050385 -0.253278  0.290327  -2
  1  0  0.938300  0.117472 -0.191973  0.071043  -2
  1  0  0.938300  0.071423 -0.031892  0.371893  -2
  1  0  0.938300  0.344517 -0.137874  0.161344  -4
  1  0  0.938300 -0.158392  0.223328  0.647986  -2
  1  0  0.938300 -0.254547  0.167254  0.438813  -2
  1  0  0.938300  0.094055  0.126796  0.291798  -5
  1  0  0.938300 -0.037454  0.028595  0.670548  -1
  1  0  0.938300 -0.146455 -0.059788  0.619968  -1
  1  0  0.938300 -0.131461 -0.088121  0.557753  -1
  1  0  0.938300 -0.235152 -0.495687  0.201910  -5
  1  0  0.938300  0.310449 -0.033923  0.098795  -4
  1  0  0.938300  0.024734  0.144979  0.102134  -3
  1  0  0.938300  0.081120  0.086950  0.622436  -1
  1  0  0.938300  0.071622  0.086852  0.374787  -4
  1  0  0.938300  0.223052 -0.145183  0.513769  -3
  1  0  0.938300  0.004441 -0.055878  0.067485  -2
  1  0  0.938300 -0.099535 -0.034269  0.625564  -1
  1  0  0.938300  0.230332 -0.091544  0.223666  -3
  1  0  0.938300  0.167076 -0.028332  0.318812  -3
  1  0  0.938300 -0.075219  0.186911  0.153155  -3
  1  0  0.938300  0.043606  0.186278  0.266772  -3
  1  0  0.938300  0.141213  0.130736  0.253682  -6
  1  0  0.938300 -0.111118 -0.154829  0.182659  -8
  1  0  0.938300  0.144897  0.066365  0.244565  -1
  1  0  0.938300 -0.141316  0.286329  0.097321  -2
  1  0  0.938300 -0.104318  0.059305  0.451497  -1
  1  0  0.938300  0.009700 -0.008246  0.143812  -3
  1  0  0.938300  0.107021 -0.077408  0.350020  -4
  1  0  0.938300  0.102579 -0.062786  0.567118  -1
  1  0  0.938300 -0.033051  0.060827  0.425897  -3
  1  0  0.938300  0.138226  0.163703  0.342291  -3
  1  0  0.938300 -0.055822  0.264303  0.331036  -2
  1  0  0.938300 -0.081306  0.285264  0.408302  -3
  1  0  0.938300 -0.107501  0.016645  0.432813  -1
  1  0  0.938300  0.155611 -0.441989  0.459715  -4
  1  0  0.938300  0.043603  0.195769  0.480843  -1
  1  0  0.938300  0.091346  0.055636 -0.034851  -2
  1  0  0.938300 -0.293879 -0.159197  0.025015  -2
  1  0  0.938300  0.006184  0.214089  0.287427  -2
  1  0  0.938300  0.168279  0.135465  0.367111  -3
  1  0  0.938300 -0.061996 -0.043914  0.412784  -2
  1  0  0.938300  0.077590 -0.121482  0.010893  -3
  1  0  0.938300  0.214740  0.107848  0.647778  -2
  1  0  0.938300 -0.002598  0.214387  0.340397  -2
  1  0  0.938300  0.094769  0.133073  0.417657  -1
  1  0  0.938300 -0.025029  0.009637  0.470352  -3
  1  0  0.938300  0.374427 -0.295556  0.179540  -4
  1  0  0.938300  0.078352  0.104405  0.775068  -1
  1  0  0.938300 -0.045604  0.151289  0.331798  -7
  1  0  0.938300  0.049496  0.155938  0.366496  -3
  1  0  0.938300  0.033433 -0.043596  0.329243  -2
  1  0  0.938300  0.090829  0.012306  0.432425  -1
  1  0  0.938300 -0.160832  0.064191  0.418616  -1
  1  0  0.938300  0.258738  0.218674  0.441899  -4
  1  0  0.938300  0.130180 -0.211276  0.499381  -3
  1  0  0.938300 -0.173420  0.055840  0.359891  -2
  1  0  0.938300  0.084154  0.196064  0.473781  -1
  1  0  0.938300  0.025234  0.196419  0.597804  -1
  1  0  0.938300 -0.133003  0.077985  0.574828  -2
  1  0  0.938300 -0.162960  0.085295  0.108648  -3
  1  0  0.938300 -0.074369  0.134201  0.462585  -1
  1  0  0.938300  0.245050 -0.178262  0.590179  -2
  1  0  0.938300 -0.045101 -0.075097  0.037427  -4
  1  0  0.938300 -0.043599  0.038281  0.254344  -3
  1  0  0.938300 -0.049360 -0.179147  0.679394  -1
  1  0  0.938300  0.100920 -0.051524  0.516042  -4
  1  0  0.938300 -0.096741  0.098309  0.405946  -4
  1  0  0.938300  0.198729 -0.048637  0.055850  -6
  1  0  0.938300 -0.325225  0.047172  0.637619  -2
  1  0  0.938300 -0.148562  0.220953  0.436532  -3
  1  0  0.938300  0.203385 -0.129793  0.256980  -2
  1  0  0.938300 -0.011855  0.084509  0.366101  -1
  1  0  0.938300  0.111249  0.162941  0.315906  -2
  1  0  0.938300  0.224642 -0.063540  0.196086  -6
  1  0  0.938300  0.135150 -0.044546  0.384746  -5
  1  0  0.938300  0.012816  0.055376  0.300272  -2
  1  0  0.938300 -0.102084 -0.045799  0.412819  -3
  1  0  0.938300  0.315353 -0.005999  0.470549  -4
  1  0  0.938300 -0.274227  0.072008  0.328442  -3
  1  0  0.938300  0.090316 -0.087247  0.682390  -1
  1  0  0.938300  0.030463 -0.163169  0.314688  -1
  1  0  0.938300 -0.091725  0.184720  0.535714  -1
  1  0  0.938300  0.048610 -0.018503  0.039200  -5
  1  0  0.938300 -0.092669 -0.075417  0.215506  -3
  1  0  0.938300  0.063759  0.119113  0.229722  -2
  1  0  0.938300  0.167113  0.198039  0.367907  -2
  1  0  0.938300  0.009156 -0.067655  0.556388  -1
  1  0  0.938300 -0.297456 -0.091565  0.124649  -5
  1  0  0.938300  0.325285  0.290990  0.242253  -5
  1  0  0.938300 -0.055777  0.157447  0.015930  -2
  1  0  0.938300  0.143387  0.024256  0.065393  -4
  1  0  0.938300  0.038793 -0.103350  0.588818  -1
  1  0  0.938300  0.014359  0.048819  0.138126  -3
  1  0  0.938300 -0.082286 -0.132594  0.502448  -4
  1  0  0.938300  0.242708  0.019659  0.352820  -5
  1  0  0.938300  0.198899 -0.013047  0.433854  -2
  1  0  0.938300  0.198511  0.132454  0.292667  -2
  1  0  0.938300 -0.193430  0.185366  0.340765  -5
  1  0  0.938300  0.036404 -0.080182  0.174420 -10
  1  0  0.938300 -0.012673 -0.070501  0.373353  -2
  1  0  0.938300 -0.120727  0.059318  0.362519  -3
  1  0  0.938300  0.029802  0.140241  0.389721  -2
  1  0  0.938300  0.054525 -0.264694  0.100093  -3
  1  0  0.938300 -0.196285 -0.051316  0.450024  -1
  1  0  0.938300 -0.090938 -0.063678  0.536442  -2
  1  0  0.938300  0.165024  0.039365  0.622497  -3
  1  0  0.938300  0.003991 -0.095466  0.082333  -2
  1  0  0.938300  0.195439 -0.077355  0.503904  -3
  1  0  0.938300 -0.143275  0.137454  0.301907  -5
  1  0  0.938300 -0.041442 -0.016073  0.033798  -4
  1  0  0.938300  0.091517  0.154381  0.318758  -2
  1  0  0.938300 -0.326481 -0.225458 -0.140611 -10
  1  0  0.938300  0.059666 -0.074292  0.285700  -1
  1  0  0.938300  0.339924 -0.236382  0.264446  -3
  1  0  0.938300 -0.035122  0.152148  0.463062  -7