  1  1  0.938300 -0.211097  0.031735  0.479145   3
  1  1  0.938300 -0.284049 -0.041206  0.188657   8
  1  1  0.938300 -0.035597 -0.114672  0.195227   2
  1  1  0.938300  0.196669 -0.028415  0.448013   9
  1  0  0.938300  0.044015  0.287355  0.312560   7
  1  1  0.938300  0.478263  0.107202  0.700487   2
  1  1  0.938300  0.485653  0.073555  0.206070  12
  1  1  0.938300 -0.284193  0.101992  0.354922   4
  1  1  0.938300  0.062045 -0.399601  0.387712   4
  1  1  0.938300  0.010488 -0.080046  0.417547   4
  1  0  0.938300  0.197102  0.089611  0.560363   5
  1  1  0.938300 -0.110349  0.324732  0.545730   6
  1  1  0.938300  0.161901 -0.223489  0.076939   3
  1  1  0.938300 -0.287935  0.285386  0.304305   4
  1  1  0.938300 -0.304350  0.308329  0.659194   2
  1  1  0.938300  0.090847  0.488027  0.163953   3
  1  1  0.938300  0.113074 -0.043292  0.189006   1
  1  1  0.938300  0.093142  0.289942  0.088019   3
  1  1  0.938300  0.205480  0.120988  1.070425   5
  1  1  0.938300 -0.253176 -0.066533  0.249117   5
  1  1  0.938300 -0.165449 -0.078770  0.269062   1
  1  1  0.938300 -0.485452 -0.423014  0.694589   5
  1  0  0.938300 -0.548722 -0.154178  0.498873   4
  1  1  0.938300 -0.195976 -0.309846  0.315039   5
  1  1  0.938300  0.219737  0.053653  0.769627   5
  1  1  0.938300  0.635743 -0.073245  0.517940   4
  1  1  0.938300  0.110859 -0.123333 -0.088978   1
  1  1  0.938300  0.062517 -0.272660  0.558894   4
  1  0  0.938300 -0.375400  0.233549  0.611545   6
  1  0  0.938300  0.151024  0.244447  0.137072   5
  1  1  0.938300 -0.271793  0.203988  0.233841   6
  1  1  0.938300  0.030868 -0.076011  0.141784   3
  1  1  0.938300 -0.000919 -0.177487  0.805495   2
  1  0  0.938300 -0.150868 -0.150179  0.391437   8
  1  1  0.938300  0.186002 -0.371446  0.908171   5
  1  1  0.938300 -0.272860  0.026194  0.428849   5
  1  0  0.938300 -0.063721  0.312248  0.424988   6
  1  1  0.938300 -0.211787  0.059969  0.707172   4
  1  1  0.938300  0.035827 -0.173212 -0.018563   2
  1  1  0.938300  0.147976 -0.017264  0.006603   1
  1  1  0.938300  0.157995  0.027438  0.051891   1
  1  1  0.938300 -0.013306  0.398422  0.021036   3
  1  1  0.938300 -0.123795 -0.069427  0.103794   1
  1  0  0.938300 -0.018650 -0.179406  0.093221   6
  1  1  0.938300  0.098793 -0.495712  0.352242   3
  1  1  0.938300  0.524155  0.447258  0.631531   2
  1  0  0.938300 -0.063159  0.157780  0.294069   1
  1  1  0.938300  0.140449  0.059176  0.835712   3
  1  1  0.938300 -0.068355  0.282606  0.098139   3
  1  1  0.938300 -0.284389 -0.014031  0.156016   3
  1  1  0.938300 -0.202354 -0.105701 -0.043911   1
  1  1  0.938300  0.183486  0.249759  0.225819   2
  1  1  0.938300 -0.226754 -0.054815  0.086718   2
  1  1  0.938300 -0.019597 -0.427670  0.179820   2
  1  1  0.938300 -0.154807  0.086611  0.376181   3
  1  1  0.938300  0.193049 -0.016729 -0.093038   2
  1  1  0.938300  0.008708 -0.111201  0.057651   1
  1  1  0.938300 -0.206744  0.136805  0.584469   6
  1  1  0.938300 -0.315369 -0.166695  0.659196   5
  1  1  0.938300 -0.014752 -0.056019  0.516802   2
  1  1  0.938300 -0.396631  0.036110  0.660861   3
  1  1  0.938300  0.330253  0.208693  0.410535   6
  1  1  0.938300  0.016393  0.411457  0.023629   2
  1  1  0.938300 -0.576763  0.163727  0.123372   5
  1  1  0.938300  0.096487  0.221488  0.448397   2
  1  1  0.938300 -0.022121 -0.081424 -0.135604   1
  1  0  0.938300 -0.214684 -0.054557  0.268470   6
  1  1  0.938300 -0.019882 -0.141714  0.065979   1
  1  1  0.938300  0.141181  0.038781  0.340669   9
  1  1  0.938300  0.185746  0.564582  0.416799   3
  1  1  0.938300  0.116347 -0.504378  0.723836   7
  1  1  0.938300  0.160460  0.419380  0.355596   2
  1  1  0.938300  0.502224 -0.619958  0.600248   7
  1  1  0.938300 -0.237082  0.012079  0.225131   5
  1  1  0.938300  0.372133 -0.051595  0.315985   6
  1  1  0.938300 -0.020892  0.631963  1.318099   3
  1  1  0.938300  0.036284  0.571387  0.388652   3
  1  0  0.938300 -0.066825  0.233338  0.174749   1
  1  1  0.938300 -0.069691 -0.028117  0.094021   1
  1  1  0.938300  0.260562  0.013663  0.541985   4
  1  0  0.938300  0.229862  0.398812  0.303775   5
  1  0  0.938300 -0.122378  0.093957  0.635737   5
  1  0  0.938300 -0.034966  0.196384  0.210379   4
  1  0  0.938300  0.302656 -0.180932  0.596466   4
  1  0  0.938300  0.278056 -0.303503  0.183490   2
  1  0  0.938300  0.008975 -0.183357  0.228046   1
  1  0  0.938300  0.517579 -0.031340  0.089233   2
  1  0  0.938300 -0.283127  0.410042  0.769783   3
  1  0  0.938300 -0.589232  0.068687  0.154079   3
  1  0  0.938300  0.382670 -0.267472  0.464827   2
  1  0  0.938300  0.184006 -0.353785  0.420810   5
  1  0  0.938300  0.258090  0.061823  0.268215   2
  1  0  0.938300  0.198327  0.135203  0.339043   6
  1  0  0.938300  0.124028  0.216765  0.209712   3
  1  0  0.938300  0.209177 -0.260482  0.760480   7
  1  0  0.938300 -0.205282  0.112974  0.468804   5
  1  0  0.938300  0.145930 -0.111443  0.071768   6
  1  0  0.938300  0.162216  0.002432  0.245759   2
  1  0  0.938300  0.209870 -0.106927  0.267882   7
  1  0  0.938300  0.277246  0.165893  0.249562   2
  1  0  0.938300 -0.251005  0.347775  0.491349   2
  1  0  0.938300  0.079289  0.088342  0.404826   5
  1  0  0.938300 -0.218563  0.066960  0.502376   3
  1  0  0.938300 -0.146678 -0.069398  0.757314   2
  1  0  0.938300 -0.043624  0.408600  0.295076   4
  1  0  0.938300 -0.062633 -0.043305  0.273369   2
  1  0  0.938300  0.150218  0.116120  0.450446   5
  1  0  0.938300  0.571186  0.212374  0.768128   7
  1  0  0.938300  0.025623  0.228393  0.074961   3
  1  0  0.938300  0.001162 -0.143467  0.225738   1
  1  1  0.938300 -0.522684  0.002655  0.580505   5
  1  0  0.938300 -0.167515 -0.284588  0.721500   5
  1  0  0.938300  0.440197  0.223782  0.743364   3
  1  0  0.938300  0.066590  0.172872  0.441353   3
  1  0  0.938300 -0.025449  0.428109  0.900211   5
  1  0  0.938300 -0.000648  0.117339  0.557197   3
  1  0  0.938300  0.100814  0.061455  0.068600   1
  1  0  0.938300 -0.433001 -0.050955  0.575942   2
  1  0  0.938300  0.007757  0.061018  0.094517   1
  1  1  0.938300  0.082706 -0.052469  0.407599   4
  1  0  0.938300  0.071538 -0.076236  0.075936   1
  1  0  0.938300 -0.132861 -0.154651  0.467548  10
  1  0  0.938300  0.052131  0.145677  0.466742   6
  1  0  0.938300  0.432879  0.304137  1.403661   3
  1  0  0.938300 -0.010353  0.210029  0.274119   2
  1  0  0.938300 -0.179118 -0.044284  0.361168   3
  1  0  0.938300  0.103361  0.252545  0.515250   5
  1  0  0.938300  0.154569  0.019845  0.665109   3
  1  0  0.938300 -0.093970  0.193572 -0.009911   4
  1  0  0.938300  0.078188  0.525327  0.364760   2
  1  1  0.938300  0.118415 -0.178217  0.489358   4
  1  0  0.938300  0.271811  0.042309  0.470747   3
  1  0  0.938300  0.094914  0.096598  0.483892   3
  1  0  0.938300 -0.633412  0.364561  0.181681   5
  1  0  0.938300 -0.397724  0.268034  0.646289   7
  1  0  0.938300 -0.064897 -0.285977  0.363992   3
  1  0  0.938300 -0.147949  0.187834  0.820906   5
  1  1  0.938300  0.373295  0.374439  0.183656   6
  1  0  0.938300  0.253352  0.136450  0.391530   4
  1  0  0.938300 -0.533114  0.100942  0.974026   6
  1  0  0.938300  0.227690  0.183064  0.243562   2
  1  1  0.938300  0.141629 -0.214856 -0.331969   2
  1  0  0.938300  0.243802 -0.105289  0.888129   4
  1  0  0.938300 -0.124133 -0.269784  0.433564   6
  1  0  0.938300 -0.636746 -0.288412  0.213850   3
  1  0  0.938300  0.263541 -0.084871  0.597883   3
  1  0  0.938300  0.020706 -0.289517  0.555124   5
  1  0  0.938300  0.041457 -0.400490  0.290019   2
  1  0  0.938300  0.203828  0.271782  0.247307   6
  1  0  0.938300  0.147502  0.027928 -0.046567   1
  1  0  0.938300  0.241685  0.296540  0.317080   2
  1  0  0.938300  0.084360 -0.475166  0.015755   8
  1  0  0.938300 -0.088899 -0.203014  0.762142   7
  1  0  0.938300 -0.156120  0.233919  0.258827   3
  1  0  0.938300 -0.214105  0.014972  0.415192   2
  1  0  0.938300  0.079301  0.320400  0.772344   2
  1  0  0.938300  0.049391 -0.224460  0.172546   7
  1  0  0.938300  0.063116  0.155153  0.657823   5
  1  0  0.938300 -0.136907 -0.416468  0.958281   3
  1  0  0.938300  0.171606  0.027006  0.449402   3
  1  0  0.938300  0.040374  0.151458  0.080577   2
  1  0  0.938300 -0.054816  0.304249  0.101444   4
  1  0  0.938300 -0.426314 -0.453022  0.433726   7
  1  0  0.938300  0.244779 -0.093445 -0.083128   3
  1  0  0.938300 -0.001924  0.035649  0.215714   1
  1  0  0.938300  0.253368 -0.099067  0.848220   2
  1  1  0.938300 -0.076129  0.003393  0.434289   6
  1  0  0.938300 -0.067317 -0.305796  0.253857   2
  1  0  0.938300 -0.307170  0.240749  0.343286   2
  1  0  0.938300  0.332564 -0.101213  0.083834   4
  1  0  0.938300 -0.034716 -0.245924  0.342183   5
  1  0  0.938300 -0.003325  0.547042  1.154744   4
  1  0  0.938300  0.105512 -0.016067  1.367625   6
  1  0  0.938300  0.450383 -0.157118  0.570720   4
  1  0  0.938300  0.070206  0.053418 -0.051489   1
  1  0  0.938300  0.519053 -0.159776  0.192351   4
  1  0  0.938300  0.295572 -0.151604  0.481280   2
  1  0  0.938300  0.131082 -0.235941  0.553278   5
  1  0  0.938300 -0.129524  0.057554  0.577534   6
  1  0  0.938300 -0.074221  0.181848  0.725555   3
  1  0  0.938300  0.148671  0.294379  0.423515   7
  1  0  0.938300  0.113676 -0.035082  0.673535   4
  1  0  0.938300  0.314347  0.023379  0.269928   5
  1  0  0.938300 -0.033642 -0.057146  0.411467   3
  1  0  0.938300 -0.115360  0.184240  0.799712   3
  1  0  0.938300  0.095821  0.185645  0.212951   6
  1  0  0.938300 -0.327828 -0.716838  0.596825   4
  1  0  0.938300  0.097208  0.160638  0.422191   3
  1  0  0.938300  0.038319 -0.027993  0.132478   3
  1  0  0.938300  0.100900  0.171791 -0.044685   4
  1  0  0.938300  0.127578 -0.071674  0.179959   2
  1  0  0.938300 -0.016678  0.010287  0.077767   2
  1  0  0.938300 -0.043271  0.046919 -0.092941   1
  1  0  0.938300 -0.080662 -0.156452 -0.019318   2
  1  0  0.938300  0.032237  0.159472  0.245307   3
  1  0  0.938300  0.073778  0.363056  0.855172   3
  1  0  0.938300 -0.378393 -0.191177  0.013186   5
  1  1  0.938300  0.320509 -0.259004  0.740449  -5
  1  1  0.938300  0.635216  0.032666  0.711585  -4
  1  1  0.938300 -0.359107 -0.088410  0.610554  -5
  1  1  0.938300 -0.049374 -0.135409  0.955311  -1
  1  1  0.938300 -0.400859 -0.278833  0.640641  -8
  1  1  0.938300 -0.020390  0.130584  0.927725  -1
  1  1  0.938300 -0.293403 -0.097847  0.459755  -3
  1  1  0.938300 -0.305898  0.148626  0.445818  -9
  1  1  0.938300  0.322219 -0.355182  0.670883  -2
  1  1  0.938300 -0.280576 -0.041164  0.520359  -5
  1  1  0.938300  0.257310 -0.036442  0.371648  -3
  1  0  0.938300  0.167796 -0.336669  0.655210  -6
  1  1  0.938300 -0.440148 -0.469763  0.976220  -4
  1  1  0.938300  0.441683  0.009239  0.325689  -3
  1  1  0.938300 -0.064005  0.069365  0.682275  -1
  1  0  0.938300  0.198284 -0.001988  0.649458  -4
  1  1  0.938300 -0.238875 -0.197453  0.899937  -2
  1  0  0.938300  0.109273  0.194395  0.297714  -4
  1  1  0.938300 -0.049315 -0.088839  0.424713  -5
  1  1  0.938300 -0.171685 -0.057777  0.409151  -3
  1  1  0.938300 -0.290084 -0.598313  0.623359  -3
  1  1  0.938300  0.022159  0.509674  0.525488  -5
  1  1  0.938300 -0.191046  0.275821  0.361462  -3
  1  1  0.938300  0.164351  0.072104  0.911122  -1
  1  1  0.938300 -0.403545  0.458859  0.337494  -2
  1  1  0.938300  0.434316 -0.188139  0.620333  -4
  1  1  0.938300 -0.311633  0.326928  0.951319  -2
  1  1  0.938300 -0.023372  0.081294  0.821981  -1
  1  1  0.938300 -0.148523 -0.138992  0.739043  -1
  1  1  0.938300 -0.537268  0.121745  0.855898  -5
  1  1  0.938300 -0.166242 -0.352575  0.466375  -5
  1  1  0.938300  0.019412 -0.236129  0.255318 -10
  1  1  0.938300 -0.245745  0.108702  0.179040  -3
  1  1  0.938300  0.066953 -0.169717  1.075729  -1
  1  1  0.938300  0.177157 -0.000306 -0.116403  -4
  1  1  0.938300  0.132550 -0.184984  0.972208  -1
  1  0  0.938300  0.371674  0.055683  1.061901  -7
  1  1  0.938300  0.623465 -0.371817  0.785160  -5
  1  1  0.938300 -0.074150  0.126806  0.589744  -5
  1  1  0.938300 -0.266401 -0.360437  0.787647  -5
  1  1  0.938300  0.285926 -0.137694  0.528832  -3
  1  1  0.938300 -0.395161  0.385406  0.500577  -3
  1  1  0.938300  0.380897 -0.752805  0.755839  -2
  1  1  0.938300  0.173712  0.332964  0.702784  -3
  1  1  0.938300 -0.239235 -0.340288  0.808535  -4
  1  1  0.938300  0.144061 -0.086055  0.904141  -1
  1  1  0.938300 -0.335101 -0.186961  0.518838  -4
  1  1  0.938300 -0.003707  0.078719  0.522438  -4
  1  1  0.938300 -0.131449  0.075065  0.296301  -8
  1  1  0.938300  0.185421 -0.329441  0.314181  -2
  1  1  0.938300 -0.191116  0.463483  0.300448  -6
  1  1  0.938300  0.068727  0.063722  1.050268  -1
  1  1  0.938300  0.150714 -0.229812  0.576858  -5
  1  1  0.938300 -0.027666 -0.144537  0.280338  -2
  1  1  0.938300 -0.173655  0.139482  0.721394  -2
  1  1  0.938300 -0.056890  0.013178  1.059514  -1
  1  1  0.938300  0.091896  0.254025  0.346962  -6
  1  1  0.938300 -0.083098 -0.234817  0.701390  -4
  1  1  0.938300 -0.031121 -0.090522  0.948000  -1
  1  1  0.938300 -0.436419 -0.192032  0.540557  -3
  1  1  0.938300  0.127918 -0.156083  0.103488  -3
  1  1  0.938300 -0.045906  0.230831  0.547790  -6
  1  1  0.938300  0.035011  0.051665  0.407285  -8
  1  1  0.938300 -0.075554 -0.063072  0.617365  -2
  1  1  0.938300  0.140620 -0.811124  0.381102  -5
  1  1  0.938300  0.213930 -0.268428  0.621724  -2
  1  1  0.938300 -0.068638 -0.193087  1.013772  -1
  1  1  0.938300 -0.060322 -0.405246  0.620708  -4
  1  1  0.938300  0.230938 -0.245586  0.782629  -4
  1  1  0.938300  0.085219  0.506429  0.525221  -5
  1  1  0.938300 -0.072740  0.004335  0.790674  -1
  1  1  0.938300 -0.021639  0.319437  0.864453  -2
  1  0  0.938300  0.193456 -0.043237  0.499719 -13
  1  0  0.938300 -0.562690  0.158622  0.744783  -4
  1  1  0.938300  0.087289  0.109964  0.898936  -1
  1  1  0.938300  0.239145  0.223884  0.270094  -4
  1  1  0.938300  0.134237  0.004847  0.438529  -6
  1  1  0.938300  0.201833 -0.155881  0.550021  -6
  1  1  0.938300 -0.200484 -0.463320  1.077661  -2
  1  0  0.938300  0.141579 -0.071739  0.489749  -5
  1  0  0.938300 -0.014409 -0.049903  0.385806  -7
  1  0  0.938300  0.244592  0.170583  0.424293  -2
  1  0  0.938300 -0.179922  0.084988  0.249964  -2
  1  0  0.938300  0.338697  0.448817  0.176862  -3
  1  0  0.938300  0.402475  0.336799  0.592204  -6
  1  0  0.938300 -0.220978 -0.270884  0.352699  -4
  1  0  0.938300 -0.064128  0.007343  0.622876  -1
  1  0  0.938300  0.047929  0.204118  0.607967  -3
  1  0  0.938300  0.176278  0.013843  0.359084  -4
  1  1  0.938300  0.157619  0.409044  0.291609  -2
  1  0  0.938300 -0.123753 -0.350958  1.194115  -3
  1  0  0.938300 -0.368629  0.247650  0.629591  -4
  1  0  0.938300 -0.099972  0.080174  1.052829  -1
  1  0  0.938300 -0.265057  0.101930  0.156131  -7
  1  0  0.938300 -0.299115 -0.130036  0.191599  -4
  1  0  0.938300 -0.003532 -0.019866  0.451194  -7
  1  0  0.938300 -0.092467 -0.124261  0.880024  -3
  1  0  0.938300 -0.230768  0.157232  0.620301  -8
  1  0  0.938300 -0.161721 -0.166740  0.654943  -3
  1  1  0.938300  0.001561  0.074139  0.876685  -4
  1  0  0.938300 -0.051089  0.074618  0.809743  -3
  1  0  0.938300 -0.313051  0.080187  0.330586  -3
  1  1  0.938300 -0.141550 -0.313248  0.957505  -7
  1  0  0.938300 -0.008790 -0.085819  0.920386  -3
  1  0  0.938300 -0.326042  0.067622  0.082797  -6
  1  0  0.938300  0.016645 -0.018087  0.689109  -1
  1  0  0.938300  0.126105 -0.567457  0.621576  -2
  1  0  0.938300 -0.541652 -0.222136  0.881224  -2
  1  0  0.938300 -0.202290  0.012382  0.412051  -5
  1  0  0.938300 -0.199164 -0.140643  0.644723  -2
  1  0  0.938300 -0.086154  0.153941  0.943624  -3
  1  0  0.938300 -0.183463 -0.140230  0.350270  -3
  1  0  0.938300  0.122055  0.182090  0.786647  -8
  1  0  0.938300  0.253848  0.008657  1.036537  -2
  1  1  0.938300 -0.169634  0.027854  0.555876  -5
  1  0  0.938300  0.507284  0.110224  0.145954  -4
  1  0  0.938300 -0.169281  0.065047  0.415747  -4
  1  0  0.938300  0.073202  0.011586  0.515087  -7
  1  0  0.938300  0.228460  0.089581  0.727216  -4
  1  0  0.938300 -0.114965  0.096468  0.238880  -4
  1  0  0.938300 -0.019971 -0.161739  0.421967  -3
  1  0  0.938300  0.142517 -0.033639  0.487323  -3
  1  1  0.938300  0.095936  0.186446  0.368160  -2
  1  0  0.938300  0.277108  0.193631  0.889226  -4
  1  0  0.938300 -0.085265 -0.104077  0.789608  -2
  1  0  0.938300  0.516712 -0.385998  0.062369  -3
  1  0  0.938300 -0.014708  0.087763  0.477712  -4
  1  0  0.938300  0.307379 -0.086730  0.531045  -3
  1  0  0.938300  0.199421  0.116841  0.696340  -2
  1  0  0.938300 -0.045893  0.257101  0.520012  -3
  1  0  0.938300 -0.371344 -0.020691  0.177456  -4
  1  0  0.938300  0.228869 -0.290308  0.578835  -5
  1  0  0.938300  0.226370 -0.176585  0.279451  -4
  1  0  0.938300  0.176677  0.159436  0.522863  -3
  1  0  0.938300  0.136497  0.288387  0.377444  -4
  1  0  0.938300 -0.209308  0.152123  0.115885  -3
  1  1  0.938300 -0.422502 -0.281687  0.522038  -7
  1  0  0.938300  0.070296  0.236772  0.806220  -2
  1  0  0.938300  0.106815 -0.205886  0.502183  -4
  1  0  0.938300 -0.116362  0.094715  0.385670  -4
  1  0  0.938300 -0.182575 -0.229311  0.068265  -3
  1  0  0.938300  0.127089 -0.383761  0.949055  -6
  1  0  0.938300 -0.175806 -0.030695  0.627013  -3
  1  0  0.938300 -0.009975 -0.444778  0.948509  -2
  1  0  0.938300  0.105000 -0.019835  1.044066  -2
  1  1  0.938300 -0.547562  0.228704  0.043848  -4
  1  0  0.938300 -0.123682 -0.350480  0.675363  -5
  1  0  0.938300  0.447336  0.004847  0.836198  -9
  1  0  0.938300  0.254252 -0.039578  0.334051  -3
  1  0  0.938300 -0.117234  0.540134  1.037471  -7
  1  0  0.938300 -0.142376  0.094677  0.014980  -3
  1  0  0.938300 -0.118205  0.025383  0.362900  -3
  1  0  0.938300  0.126395 -0.023052  0.784765  -4
  1  0  0.938300  0.102844  0.155033  0.454263  -7
  1  0  0.938300  0.188350  0.052380 -0.038208  -4
  1  0  0.938300  0.183501  0.113730  0.329353  -2
  1  0  0.938300  0.257424 -0.199377  0.928333  -2
  1  1  0.938300  0.012496  0.087506  0.355773  -4
  1  0  0.938300 -0.148409  0.362264  0.824970  -2
  1  0  0.938300 -0.150719  0.314254  0.102876  -2
  1  0  0.938300 -0.306879 -0.219494  0.395670 -10
  1  0  0.938300 -0.232875 -0.285050  0.861778  -3
  1  0  0.938300  0.141064 -0.285598  0.292890  -9
  1  0  0.938300  0.044306  0.106224  1.056227  -4
  1  0  0.938300 -0.287066  0.090603  0.229609  -7
  1  0  0.938300 -0.124705 -0.709853 -0.118261 -11
  1  0  0.938300 -0.090602  0.016320  0.733847  -3
  1  0  0.938300  0.015953 -0.097937  0.732529  -4
  1  1  0.938300 -0.178482 -0.171001  0.656523  -4
  1  0  0.938300  0.150709  0.199432 -0.194506  -2
  1  0  0.938300 -0.175663 -0.036861  0.832038  -1
  1  0  0.938300 -0.430662  0.059720  0.357783  -5
  1  0  0.938300  0.149712 -0.380025  0.750704  -3
  1  0  0.938300  0.486506 -0.340001  0.563734  -3
  1  0  0.938300 -0.170621 -0.282112  0.610728  -3
  1  0  0.938300  0.037562 -0.117998  0.689048  -1
  1  0  0.938300 -0.012356  0.177993  0.554776  -2
  1  0  0.938300 -0.463325 -0.126451  0.990639  -4
  1  0  0.938300 -0.098222 -0.131500  0.047539  -4
  1  0  0.938300  0.118848 -0.159708  0.288139  -4
  1  0  0.938300 -0.233198  0.059058  0.536893  -3
  1  0  0.938300 -0.098025  0.063382  0.249955  -3
  1  0  0.938300 -0.130261  0.174835  0.488771  -3
  1  0  0.938300  0.213507 -0.254802  0.414769  -3
  1  0  0.938300 -0.003948  0.368844  0.460237  -2
  1  0  0.938300  0.386524 -0.060182  0.256253  -5
  1  0  0.938300 -0.455700 -0.010195  0.335373  -9
  1  0  0.938300  0.167344 -0.018061  0.503814  -3
  1  0  0.938300  0.326981 -0.359469  0.128116  -3
  1  0  0.938300 -0.034587  0.094852  0.685253  -5
  1  0  0.938300  0.219828  0.054653  0.336480  -4
  1  0  0.938300 -0.037552 -0.329744  0.093428  -3
  1  1  0.938300 -0.527300  0.424083  0.540319  -3
  1  0  0.938300 -0.082391  0.304704  0.488203  -2
  1  0  0.938300 -0.160549 -0.029159  0.086424  -4
  1  0  0.938300 -0.037293  0.102631  0.600771  -6
  1  1  0.938300 -0.126694  0.123362  0.445151  -7