  1  1  0.938300 -0.291927 -0.404394  0.745772   2
  1  1  0.938300  0.043359  0.438652  0.659663   3
  1  1  0.938300  0.557076 -0.268528  1.123334   3
  1  1  0.938300  0.312782  0.411640  0.346836   4
  1  1  0.938300 -0.307365 -0.371032  0.044683   6
  1  1  0.938300 -0.211011  0.116882  0.180160   7
  1  1  0.938300 -0.137523 -0.365038  0.304745   3
  1  1  0.938300 -0.133216  0.216755  0.340810   3
  1  1  0.938300 -0.047419 -0.182822  0.482682   3
  1  1  0.938300  0.114967  0.299485  0.660021   4
  1  0  0.938300 -0.626591  0.528918  0.285531   7
  1  1  0.938300 -0.088782 -0.123110  0.317688  11
  1  1  0.938300 -0.382837  0.476200  0.794656   3
  1  1  0.938300  0.015337  0.235804  0.208395   3
  1  1  0.938300 -0.423316  0.153570  0.607916   4
  1  1  0.938300  0.599197  0.024634  0.496223   3
  1  1  0.938300 -0.202652 -0.136856  0.068839   2
  1  1  0.938300  0.226444  0.050823  0.223686   5
  1  1  0.938300 -0.216706  0.198965  0.560076   5
  1  1  0.938300 -0.376288  0.352913  0.636325   3
  1  1  0.938300  0.318827  0.138127  0.046285   2
  1  1  0.938300 -0.078904  0.399292  0.469593   8
  1  1  0.938300  0.006755 -0.092894  0.628408   3
  1  0  0.938300  0.122607  0.784787  0.907100   6
  1  1  0.938300 -0.023963 -0.170144  0.532736   7
  1  1  0.938300 -0.114755  0.003358  0.101321   8
  1  0  0.938300 -0.494268 -0.543667  0.264202   2
  1  1  0.938300  0.180519 -0.090314  0.621018   3
  1  1  0.938300 -0.113066  0.008653  0.539126   5
  1  1  0.938300  0.196406 -0.312185  0.167825   4
  1  1  0.938300 -0.010806 -0.028641  0.152840   1
  1  1  0.938300  0.018099 -0.314078  0.289056   2
  1  1  0.938300 -0.659279  0.106972  0.644006   4
  1  1  0.938300  0.148882  0.152073  0.533747   9
  1  1  0.938300  0.209725  0.172142  0.133735   4
  1  1  0.938300 -0.070395  0.151695 -0.091641   3
  1  1  0.938300 -0.615213 -0.068910  0.226881   4
  1  1  0.938300  0.081561 -0.098301  0.363768   3
  1  1  0.938300  0.205782  0.102415 -0.007495   1
  1  1  0.938300  0.244641  0.112749  0.575086   4
  1  1  0.938300  0.078181 -0.377197  0.501784   3
  1  1  0.938300 -0.113413 -0.195360 -0.079652   3
  1  1  0.938300 -0.253415  0.109400  0.609522   2
  1  1  0.938300  0.267940  0.116606  0.227657   3
  1  1  0.938300 -0.309339  0.067766  0.722714   4
  1  1  0.938300  0.205368  0.229614  0.366318   6
  1  1  0.938300 -0.197948  0.038151 -0.053460   6
  1  1  0.938300  0.317437 -0.090025  0.546310   5
  1  1  0.938300 -0.026116  0.236546  0.461528   3
  1  1  0.938300  0.379377 -0.282568  1.083036  10
  1  1  0.938300  0.284212 -0.046958  0.085317   7
  1  1  0.938300 -0.458829  0.017851 -0.070875   2
  1  1  0.938300  0.094152 -0.205248  0.033639   2
  1  1  0.938300 -0.057360 -0.033680  0.000868   1
  1  1  0.938300  0.012695  0.086521  0.284685   6
  1  1  0.938300 -0.242674 -0.151789 -0.009169   2
  1  1  0.938300 -0.210184  0.150713  0.551103   5
  1  1  0.938300 -0.145366  0.179222  0.738914   3
  1  1  0.938300 -0.140155 -0.304943 -0.237391   3
  1  1  0.938300 -0.056376  0.155914  0.027078   1
  1  1  0.938300 -0.017269  0.058222  0.440653   4
  1  1  0.938300  0.255759 -0.248491  0.044114   2
  1  1  0.938300 -0.010193  0.054403  0.019544   1
  1  1  0.938300  0.023331  0.043233 -0.016866   1
  1  1  0.938300 -0.397524  0.038301  0.378760   3
  1  1  0.938300  0.165455 -0.269410  0.430183  10
  1  0  0.938300 -0.210115  0.269859  0.289898   1
  1  1  0.938300 -0.225098  0.028692  0.699144   3
  1  0  0.938300  0.027048 -0.437193  0.455672   8
  1  1  0.938300 -0.060531 -0.096559 -0.036595   4
  1  1  0.938300  0.065536  0.366784  0.969101   4
  1  1  0.938300 -0.218890 -0.506483 -0.140457   5
  1  1  0.938300 -0.150973  0.326455  0.139167   4
  1  1  0.938300  0.341797  0.267882  0.480357   4
  1  1  0.938300  0.097161  0.157177  0.256526   1
  1  1  0.938300  0.124776 -0.004732  1.020449   4
  1  1  0.938300 -0.219228  0.199705  0.606948  12
  1  1  0.938300 -0.081902 -0.352970 -0.042332   7
  1  1  0.938300  0.061871  0.019871  0.216061   1
  1  1  0.938300  0.288653  0.142054  0.179723   2
  1  0  0.938300 -0.086092  0.227807  0.267784   5
  1  0  0.938300 -0.188881  0.122932  0.528196   3
  1  0  0.938300 -0.056118 -0.086975  0.052433   1
  1  0  0.938300 -0.246420  0.056756  0.376689   3
  1  0  0.938300  0.235603 -0.244434  0.678721   5
  1  0  0.938300  0.083585  0.312944  0.796430   4
  1  0  0.938300 -0.037271  0.008739 -0.039495   1
  1  0  0.938300 -0.080198 -0.101594  0.705158   4
  1  0  0.938300 -0.047440  0.129562  0.304659   3
  1  0  0.938300 -0.209959  0.176667  0.349181   4
  1  0  0.938300 -0.078750  0.187840  0.406506   5
  1  0  0.938300  0.045777  0.095022  0.158196   1
  1  0  0.938300  0.138984 -0.042207  0.302482   5
  1  0  0.938300  0.080815 -0.017630  0.455937   2
  1  0  0.938300 -0.028198  0.051379  0.411234   3
  1  0  0.938300 -0.068555  0.179601 -0.015119   1
  1  0  0.938300 -0.014601  0.362086  0.619362   8
  1  0  0.938300 -0.419740  0.663065  0.728619   2
  1  0  0.938300  0.031415  0.494646  0.124120   2
  1  0  0.938300 -0.055757  0.052107  0.479269   3
  1  0  0.938300  0.156701 -0.026827  0.676706   2
  1  0  0.938300  0.122801 -0.027056  0.700731   2
  1  0  0.938300  0.182843  0.525856  0.791987   3
  1  0  0.938300  0.330558  0.175207  0.626810   5
  1  0  0.938300 -0.008021  0.556891  0.023375   3
  1  0  0.938300  0.167332  0.184496  0.131807   2
  1  0  0.938300 -0.207293  0.098746  0.155227   1
  1  1  0.938300  0.006004  0.586692  0.501261   8
  1  0  0.938300  0.208338 -0.263579  0.110664  10
  1  0  0.938300 -0.360986 -0.400787  0.026294   4
  1  1  0.938300  0.459626 -0.030513  0.478451   4
  1  0  0.938300 -0.221245 -0.232482  0.610327   3
  1  0  0.938300 -0.008262 -0.484661  0.556321   5
  1  0  0.938300  0.229911  0.027879  0.224690   3
  1  0  0.938300  0.369591  0.082431  0.509936   3
  1  0  0.938300 -0.152604 -0.068456  0.650468   5
  1  0  0.938300 -0.020908  0.406993  0.396365   2
  1  0  0.938300  0.175072  0.031251 -0.041187   1
  1  0  0.938300 -0.276901  0.009315  0.182903   4
  1  0  0.938300 -0.470916  0.323811  0.735019   2
  1  0  0.938300  0.195887 -0.198860  0.450430   7
  1  0  0.938300  0.270221  0.265983  0.808988   6
  1  0  0.938300  0.019492 -0.193712  0.692947   4
  1  0  0.938300 -0.033083  0.300083  0.569234   2
  1  0  0.938300  0.075078 -0.334431  0.425999   4
  1  0  0.938300  0.147528  0.021916  0.769784   5
  1  0  0.938300  0.044398 -0.245284  0.372363   5
  1  0  0.938300  0.127828  0.039542  0.325997  15
  1  0  0.938300  0.069843 -0.253701  0.533032   5
  1  0  0.938300  0.375545 -0.511096  0.430822   5
  1  0  0.938300 -0.184210  0.461098  0.561038   4
  1  0  0.938300  0.422184 -0.201880  1.061142   6
  1  0  0.938300  0.194396  0.021907  0.315309   3
  1  0  0.938300 -0.072238  0.112767  0.653810   3
  1  0  0.938300 -0.075215  0.151973  0.522730   6
  1  0  0.938300  0.129890 -0.050992  0.107208   2
  1  0  0.938300 -0.524455 -0.265239  0.411997   3
  1  0  0.938300 -0.774365  0.054908  1.120918   3
  1  0  0.938300  0.545207  0.315377  0.756039   3
  1  0  0.938300 -0.100448  0.267287  0.420390   2
  1  0  0.938300  0.087018  0.021529  0.435146   4
  1  0  0.938300  0.084353 -0.220443  0.685002   3
  1  0  0.938300  0.161371 -0.583134  0.501208   2
  1  0  0.938300 -0.271497 -0.053033  0.321323   2
  1  0  0.938300  0.284025 -0.113376  0.490127   6
  1  0  0.938300  0.309584 -0.228964  0.561845   3
  1  0  0.938300  0.379314 -0.005914  0.261201   3
  1  0  0.938300 -0.159587 -0.270501  0.563078   4
  1  0  0.938300 -0.044568 -0.461420  0.880452   3
  1  0  0.938300  0.430940  0.237226  0.239296   1
  1  0  0.938300  0.336674  0.242079  0.391049   2
  1  0  0.938300 -0.119903 -0.192228  0.079435   1
  1  0  0.938300  0.280928 -0.181979  0.395965   3
  1  1  0.938300 -0.012475  0.310200  0.302063   3
  1  0  0.938300  0.232115 -0.128476  0.876265   4
  1  0  0.938300  0.285097  0.075979  0.741314   7
  1  0  0.938300 -0.314696 -0.347043  0.650049   5
  1  0  0.938300 -0.403959  0.164387  0.282295   2
  1  1  0.938300 -0.406303 -0.109057  0.129048   4
  1  0  0.938300 -0.080307  0.351810  0.292786   7
  1  0  0.938300  0.218212  0.080093  0.458982   4
  1  0  0.938300  0.157754 -0.282655  0.475252   6
  1  0  0.938300  0.076170 -0.209494  0.503160   4
  1  0  0.938300  0.106803  0.366159  0.392257   3
  1  0  0.938300  0.055637  0.015854  0.077091   3
  1  0  0.938300 -0.351141 -0.449932  0.417945   2
  1  0  0.938300  0.108952 -0.137154  0.024380   3
  1  0  0.938300 -0.049102 -0.053277  0.855968   3
  1  0  0.938300 -0.013201 -0.391906  0.094011   6
  1  0  0.938300 -0.192791 -0.393781 -0.026425   3
  1  0  0.938300 -0.293892 -0.298167  0.383578   2
  1  0  0.938300  0.151662  0.673332  0.451241   3
  1  0  0.938300 -0.042024 -0.115043  0.144278   3
  1  0  0.938300  0.012921 -0.021810  0.307594   3
  1  0  0.938300  0.011373 -0.009082  0.267249   5
  1  0  0.938300  0.414788  0.118492  0.314021   2
  1  0  0.938300  0.257497 -0.121308  0.023045   4
  1  0  0.938300  0.151238 -0.343537  0.990555   3
  1  0  0.938300  0.048447 -0.136632  0.130295   7
  1  0  0.938300  0.040274 -0.336267  0.295039   2
  1  0  0.938300  0.076632  0.044187  0.100477   1
  1  1  0.938300  0.464768  0.052786  0.294827   7
  1  0  0.938300  0.157993  0.033851  1.187672   2
  1  0  0.938300 -0.506844  0.046863  0.509484   3
  1  0  0.938300  0.091579 -0.272653  0.464514   2
  1  0  0.938300 -0.017841  0.105943  0.041151   1
  1  0  0.938300  0.205005 -0.058003  0.665767   5
  1  0  0.938300  0.044305  0.178742 -0.017588   3
  1  0  0.938300 -0.141230  0.035848 -0.176656   4
  1  0  0.938300 -0.458493 -0.028798  1.035881   4
  1  0  0.938300 -0.304288 -0.060999  0.426880   4
  1  0  0.938300 -0.205373 -0.164852  0.275878   1
  1  0  0.938300 -0.062769  0.001940  0.312365   4
  1  0  0.938300  0.308776  0.042028  0.461466   5
  1  0  0.938300 -0.433115 -0.005598  0.507841   6
  1  0  0.938300  0.037983 -0.453469  0.475423   5
  1  0  0.938300  0.086458  0.257652  0.518916   2
  1  1  0.938300  0.137030 -0.094659  0.649990  -5
  1  1  0.938300  0.281265 -0.101603  0.582919  -8
  1  1  0.938300  0.278564  0.011856  0.174045  -8
  1  1  0.938300  0.103714 -0.067018  0.755107  -1
  1  1  0.938300 -0.045028  0.452123  0.711226  -3
  1  1  0.938300 -0.311298  0.066540  0.975241  -3
  1  1  0.938300  0.046923  0.329639  0.608587  -3
  1  0  0.938300 -0.203067 -0.040393  0.503885  -1
  1  1  0.938300  0.077659 -0.185311  0.817381  -2
  1  1  0.938300 -0.255818  0.324223  0.702284  -4
  1  1  0.938300 -0.142645 -0.258418  0.499133  -9
  1  1  0.938300 -0.051031 -0.160273  0.956200  -1
  1  1  0.938300  0.050926  0.105462  0.727103  -2
  1  1  0.938300  0.141286 -0.192486  0.785700  -3
  1  1  0.938300 -0.272047 -0.364575  0.591774  -2
  1  1  0.938300 -0.043281 -0.278926  0.739085  -2
  1  1  0.938300 -0.155707  0.150447  0.590487  -5
  1  1  0.938300 -0.372294 -0.520539  0.794863  -4
  1  0  0.938300 -0.062572  0.058794  0.773526  -2
  1  1  0.938300  0.207763  0.090379  0.941511  -2
  1  1  0.938300  0.442785  0.042749  0.671483  -4
  1  1  0.938300 -0.013434 -0.063320  0.877451  -1
  1  1  0.938300  0.201726  0.819348  0.497335  -3
  1  1  0.938300 -0.059916 -0.005793  1.012100  -1
  1  1  0.938300 -0.182085  0.358392  0.309261  -4
  1  1  0.938300  0.252924 -0.165953  0.343949  -6
  1  1  0.938300  0.094822  0.104352  0.705896  -3
  1  1  0.938300 -0.175368  0.211969  0.848367  -3
  1  1  0.938300 -0.048041  0.002019  0.889093  -1
  1  1  0.938300  0.151305  0.160241  0.557746  -5
  1  1  0.938300 -0.194034 -0.080146  1.085226  -7
  1  1  0.938300  0.176593  0.196756  0.590741  -3
  1  1  0.938300  0.111461  0.506008  0.361836  -4
  1  0  0.938300 -0.063260 -0.092019  0.653113  -5
  1  1  0.938300 -0.187176 -0.375605  0.627864  -4
  1  1  0.938300  0.024978  0.160104  0.815601  -1
  1  1  0.938300 -0.008962  0.065140  0.528487  -2
  1  1  0.938300  0.378152 -0.047391  0.297620  -2
  1  1  0.938300 -0.072520 -0.073708  0.810321  -1
  1  1  0.938300 -0.512751  0.178048  0.464157  -4
  1  1  0.938300  0.003736  0.234438  0.217269  -3
  1  0  0.938300 -0.009019  0.223346 -0.027530  -3
  1  1  0.938300 -0.006536  0.212992  0.047034  -5
  1  1  0.938300  0.681224  0.272445  0.602967  -4
  1  0  0.938300  0.150078 -0.028606  0.773053  -3
  1  0  0.938300 -0.487885  0.067517  0.374378  -4
  1  1  0.938300 -0.061098  0.041761  0.923177  -2
  1  1  0.938300  0.016182  0.068035  0.896818  -2
  1  1  0.938300 -0.421860  0.172504  0.672700  -2
  1  1  0.938300  0.298050  0.070269  0.544621  -4
  1  1  0.938300 -0.183615  0.152689  0.434004  -4
  1  1  0.938300  0.051543  0.050575  0.949680  -2
  1  1  0.938300 -0.014513 -0.040537  0.444083  -6
  1  1  0.938300 -0.026648 -0.196282  0.354923  -2
  1  1  0.938300  0.386629  0.383625  0.586130  -6
  1  1  0.938300 -0.204624 -0.034636  0.707798  -4
  1  1  0.938300 -0.189569  0.275997  1.123483  -2
  1  1  0.938300 -0.274155  0.234577  0.300003  -5
  1  1  0.938300 -0.107001 -0.126485  0.782755  -1
  1  1  0.938300 -0.366988  0.392672  0.668555  -3
  1  1  0.938300 -0.001633  0.061191  0.758388  -2
  1  1  0.938300  0.315121  0.116724  0.946815  -3
  1  1  0.938300  0.498598  0.296591  0.491694  -9
  1  1  0.938300  0.228558  0.072603  0.855182  -5
  1  0  0.938300  0.202743 -0.331246  0.401482  -6
  1  1  0.938300 -0.426525  0.022063  0.308803  -5
  1  1  0.938300  0.298685 -0.297396  0.058743  -6
  1  1  0.938300  0.020637 -0.468476  0.228464  -4
  1  1  0.938300  0.265250  0.149851  0.552533  -4
  1  1  0.938300 -0.022778 -0.423776  0.301113  -4
  1  1  0.938300  0.168015  0.246223  0.859190  -3
  1  1  0.938300  0.133003  0.267306  0.956898  -2
  1  1  0.938300  0.222239 -0.264352  0.946983  -2
  1  1  0.938300 -0.086550  0.140730  1.039775  -1
  1  1  0.938300  0.102029  0.131458  0.663117  -1
  1  1  0.938300  0.527031 -0.101143  0.400557  -2
  1  1  0.938300  0.091850 -0.154524  0.339131  -4
  1  1  0.938300 -0.323746 -0.001731  0.301444  -6
  1  0  0.938300 -0.278293  0.042514  0.446715  -2
  1  0  0.938300  0.141252 -0.010108  0.872242  -3
  1  0  0.938300 -0.183333 -0.245997  0.630400  -2
  1  0  0.938300  0.412670  0.123071  0.299767 -10
  1  0  0.938300  0.217112 -0.340193  0.403440  -5
  1  0  0.938300  0.422239  0.107312  0.233095  -2
  1  0  0.938300  0.014535  0.421218  0.627403  -6
  1  0  0.938300 -0.362116 -0.064344  0.417086  -2
  1  0  0.938300 -0.040315 -0.125524  0.367749  -5
  1  0  0.938300  0.094106 -0.121885  0.422753  -6
  1  0  0.938300 -0.063141 -0.038912  1.200624  -4
  1  0  0.938300  0.054319 -0.238295  0.606115  -7
  1  0  0.938300  0.045730 -0.043811  0.660303  -2
  1  0  0.938300  0.187536 -0.278150  0.575816  -3
  1  0  0.938300 -0.026432 -0.109904  0.949354  -1
  1  0  0.938300 -0.128982 -0.231104  0.923846  -2
  1  0  0.938300 -0.103670  0.319268  0.280986  -9
  1  0  0.938300  0.756418 -0.143916  0.506334  -8
  1  0  0.938300  0.118219 -0.136747  0.344553  -2
  1  0  0.938300 -0.073947 -0.474525  0.366423  -2
  1  0  0.938300 -0.089778  0.131402  0.819877  -4
  1  0  0.938300  0.295629 -0.061315  0.978405  -4
  1  0  0.938300  0.045436  0.240097  0.577860  -5
  1  0  0.938300  0.151357 -0.240429  0.455495  -2
  1  0  0.938300  0.237324  0.180588  0.598617  -5
  1  0  0.938300 -0.266695 -0.193376  0.656909  -6
  1  0  0.938300 -0.054725  0.175036  0.381784  -4
  1  0  0.938300 -0.236608  0.203434  0.638099  -1
  1  0  0.938300 -0.460247 -0.070379  0.872513  -2
  1  0  0.938300 -0.398563 -0.176344  0.480744  -6
  1  0  0.938300  0.240997 -0.345624  0.527098  -2
  1  0  0.938300 -0.326704 -0.043815  0.137119  -3
  1  0  0.938300 -0.160121 -0.044366  0.317703  -4
  1  0  0.938300 -0.080125 -0.093719  1.021648  -2
  1  0  0.938300 -0.179797 -0.052352  0.535843  -2
  1  0  0.938300 -0.081475 -0.170485  0.494628  -2
  1  0  0.938300 -0.225345 -0.150399  0.392647  -3
  1  0  0.938300 -0.118648  0.161382  0.621953  -3
  1  0  0.938300 -0.063262 -0.387207  0.408329  -2
  1  0  0.938300  0.029573  0.111257  0.470876  -2
  1  0  0.938300 -0.068386 -0.068004  0.839594  -1
  1  0  0.938300  0.263550 -0.062500  1.074868  -2
  1  0  0.938300 -0.263007 -0.288569  1.265757  -5
  1  0  0.938300 -0.286088 -0.171120  0.482045  -2
  1  0  0.938300  0.111492  0.214086  0.437597  -3
  1  0  0.938300  0.131053  0.023837  0.580249  -7
  1  0  0.938300  0.027546  0.200722  0.698585  -2
  1  0  0.938300  0.059839 -0.177743  0.660311  -3
  1  0  0.938300 -0.249217  0.238290  0.645757  -3
  1  0  0.938300  0.091650  0.396468 -0.029244  -4
  1  1  0.938300 -0.079393 -0.084205  0.711498  -2
  1  0  0.938300 -0.507990  0.002573  0.009379  -6
  1  0  0.938300 -0.080910  0.100995  1.206776  -1
  1  0  0.938300  0.129657 -0.032780 -0.050502  -2
  1  0  0.938300  0.084527 -0.218789  0.668401  -5
  1  0  0.938300 -0.056641 -0.189695 -0.055301  -4
  1  0  0.938300 -0.082344  0.406532  0.484380  -6
  1  0  0.938300  0.012834 -0.404220  0.581024  -9
  1  1  0.938300  0.425844 -0.088592  0.334293  -5
  1  0  0.938300 -0.052712 -0.064217  1.067873  -1
  1  0  0.938300 -0.391862  0.053931  0.379889  -6
  1  0  0.938300  0.278361 -0.072978  0.369818  -7
  1  0  0.938300 -0.184223 -0.163641  0.522232  -5
  1  0  0.938300 -0.187720  0.358525  0.715630  -6
  1  0  0.938300  0.120183  0.250815  0.550420  -4
  1  0  0.938300  0.094552 -0.019494  0.700953  -1
  1  0  0.938300 -0.084096  0.155795  0.173064  -4
  1  0  0.938300 -0.153968  0.099201  0.672272  -3
  1  0  0.938300  0.221745 -0.041843  0.047337  -5
  1  0  0.938300  0.063195  0.115975  0.736875  -7
  1  0  0.938300 -0.228346 -0.159126  0.348939  -5
  1  0  0.938300 -0.407426  0.134600  0.285746  -3
  1  0  0.938300  0.239533  0.314102  0.678843  -5
  1  0  0.938300 -0.044647  0.181729  0.912740  -3
  1  0  0.938300 -0.626093  0.191159  0.332878  -5
  1  0  0.938300  0.114459 -0.138794  0.643250  -5
  1  0  0.938300 -0.264265 -0.188270  0.353967  -2
  1  0  0.938300 -0.018144  0.093219  0.759143  -3
  1  0  0.938300  0.035426  0.076933  0.446253  -4
  1  0  0.938300 -0.193926 -0.192423  0.204074  -2
  1  1  0.938300 -0.003491  0.346127  0.258677  -6
  1  0  0.938300  0.265260 -0.168785  0.528629  -5
  1  0  0.938300  0.179795 -0.224992 -0.047837  -8
  1  0  0.938300 -0.332367  0.436880  0.198738  -2
  1  0  0.938300 -0.274720  0.005452  0.520667  -2
  1  0  0.938300 -0.120781 -0.847819  0.542096  -3
  1  0  0.938300 -0.134858  0.353737  0.337763  -2
  1  0  0.938300 -0.493080  0.059196  0.173609  -3
  1  0  0.938300 -0.038818 -0.200784  0.463708  -2
  1  0  0.938300 -0.119620 -0.275257  0.316497  -4
  1  0  0.938300 -0.008084 -0.082113  0.412577 -12
  1  0  0.938300 -0.150536 -0.179047  0.566508  -4
  1  0  0.938300  0.079136 -0.141871  0.479712  -4
  1  0  0.938300  0.023569 -0.121280  0.214035  -6
  1  0  0.938300  0.038478  0.078911  0.514590  -3
  1  0  0.938300 -0.090067 -0.108116  0.592797  -3
  1  0  0.938300  0.084385  0.063813  0.250840  -4
  1  0  0.938300  0.318233  0.030717  0.855716  -2
  1  0  0.938300  0.005526  0.164326  0.577847  -6
  1  0  0.938300 -0.331378 -0.002265  0.498022  -2
  1  1  0.938300 -0.075729 -0.408768  0.277170  -4
  1  0  0.938300  0.225518  0.165098  0.517510  -8
  1  1  0.938300  0.117749  0.500556  0.421832  -6
  1  0  0.938300  0.224133 -0.225137  0.510522  -3
  1  0  0.938300  0.036262  0.228534  0.451299  -2
  1  0  0.938300  0.421649 -0.098706  0.480062  -3
  1  1  0.938300  0.290387  0.478282  0.485567  -5
  1  0  0.938300  0.001966 -0.253627  0.331043  -3
  1  1  0.938300 -0.289739 -0.005547  0.849456  -5
  1  0  0.938300 -0.016758  0.011966  0.255112  -4
  1  0  0.938300 -0.004698  0.388704  0.793706  -6
  1  1  0.938300  0.121450  0.056675  0.241226  -4
  1  0  0.938300 -0.209544  0.265007  1.122739  -4
  1  0  0.938300 -0.378046 -0.109382  0.629680  -3
  1  0  0.938300  0.118901  0.418667  0.644537 -12
  1  0  0.938300 -0.341105  0.070270  0.296460  -2
  1  0  0.938300  0.182391  0.026612  0.370567  -5
  1  1  0.938300  0.064371 -0.169295  1.124647  -2
  1  0  0.938300  0.094107  0.165075  0.724693  -7