  1  1  0.938300 -0.039562 -0.205025  0.365124   5
  1  1  0.938300  0.329947  0.161842  0.157291   8
  1  1  0.938300  0.021061 -0.321645  0.773181   5
  1  1  0.938300  0.610050  0.340220  0.248919   2
  1  1  0.938300  0.559108  0.615478  0.736846   3
  1  1  0.938300 -0.200357  0.246344  0.668741   3
  1  1  0.938300 -0.005595 -0.093380  0.888604   3
  1  0  0.938300  0.251286  0.140560  0.230871   2
  1  1  0.938300  0.164467  0.024513  0.210038   4
  1  1  0.938300  0.200353 -0.031551  0.331643   4
  1  1  0.938300  0.216670 -0.074029  0.330769   1
  1  1  0.938300 -0.185308 -0.028105  0.159369   5
  1  1  0.938300 -0.028423 -0.315887  0.135761   5
  1  1  0.938300  0.021868 -0.286546  0.700256   2
  1  1  0.938300 -0.187739 -0.245854  0.155624   3
  1  1  0.938300 -0.599597 -0.123527  0.166576   4
  1  1  0.938300  0.097314 -0.019838  1.061560   4
  1  1  0.938300  0.229822 -0.004359  0.594218   4
  1  1  0.938300 -0.063054 -0.055876  0.065201   1
  1  1  0.938300  0.011577 -0.106448 -0.158564   3
  1  1  0.938300  0.017589  0.033057  0.018977   3
  1  1  0.938300 -0.386031  0.371236  1.119873   5
  1  1  0.938300  0.359498  0.234155  0.998331   4
  1  1  0.938300 -0.070524 -0.033540  0.281232   4
  1  1  0.938300 -0.230119 -0.233319  0.889715   4
  1  1  0.938300  0.206193 -0.401440  0.369171   7
  1  0  0.938300 -0.200158 -0.108002  0.424446   7
  1  1  0.938300  0.038632 -0.145566 -0.018811   1
  1  1  0.938300 -0.496528  0.140714  0.696119   7
  1  1  0.938300  0.033123  0.132924  0.385106   2
  1  1  0.938300  0.103281  0.186369  0.961305   4
  1  1  0.938300  0.088836  0.026525  0.166829   1
  1  1  0.938300  0.148618 -0.121412  0.235387   3
  1  1  0.938300 -0.049564  0.109742  0.000337   1
  1  1  0.938300 -0.575875  0.026023  0.235152   2
  1  1  0.938300 -0.067611  0.665583  0.616957   4
  1  1  0.938300 -0.257095  0.264604  0.453067   2
  1  0  0.938300  0.242083  0.092249  0.445300   5
  1  1  0.938300 -0.587475  0.299051  0.065737   2
  1  1  0.938300  0.143349  0.015990  0.081923   1
  1  1  0.938300  0.781952 -0.022083  0.728661   3
  1  1  0.938300  0.417473 -0.131008  0.501180   6
  1  1  0.938300 -0.124102  0.258970  0.261583   2
  1  1  0.938300  0.083814 -0.334652  0.746040   3
  1  1  0.938300 -0.357444 -0.114985  0.581363   4
  1  1  0.938300 -0.136758  0.392511 -0.204034   3
  1  1  0.938300 -0.199219  0.351315  0.425748   5
  1  1  0.938300  0.115286 -0.431284  0.444355   4
  1  1  0.938300  0.113606 -0.408070  0.409739   2
  1  1  0.938300 -0.048482 -0.014506  0.172322   1
  1  1  0.938300  0.002044 -0.149287  0.223624   3
  1  1  0.938300 -0.113531  0.152902  0.017208   1
  1  1  0.938300 -0.174464  0.011638  0.078390   4
  1  1  0.938300 -0.050616  0.096171  0.284476   4
  1  1  0.938300  0.089074 -0.123197  0.746805   2
  1  1  0.938300 -0.109232 -0.057182  0.118788   1
  1  1  0.938300  0.030243  0.147381  0.429620   4
  1  1  0.938300 -0.086642 -0.037418  0.241289   3
  1  0  0.938300  0.208871 -0.176748  0.621309   3
  1  1  0.938300 -0.017769 -0.258367  0.259001   3
  1  0  0.938300  0.258255 -0.036916  0.639129   4
  1  1  0.938300  0.681854  0.436312  0.496457   4
  1  1  0.938300  0.338559  0.041065  0.258769   2
  1  1  0.938300  0.222363 -0.097711  0.328877   3
  1  1  0.938300 -0.140040 -0.183750  0.667144   6
  1  1  0.938300 -0.028559  0.222988  0.196592   4
  1  1  0.938300 -0.099526 -0.459537 -0.203384   2
  1  1  0.938300  0.407150  0.114489  0.192269   2
  1  1  0.938300 -0.026245 -0.548577  0.334505   2
  1  1  0.938300  0.432127  0.465298  0.919077   2
  1  1  0.938300  0.122437 -0.027954  0.167644   3
  1  1  0.938300  0.140677  0.373342  0.305655   3
  1  1  0.938300  0.185178  0.431607  0.845022   6
  1  0  0.938300  0.010823  0.488857  0.433390   4
  1  1  0.938300 -0.203683  0.215733  0.317308   5
  1  1  0.938300 -0.070150  0.275536 -0.065426   3
  1  1  0.938300 -0.214982 -0.137400  0.019758   1
  1  1  0.938300  0.274746  0.263796  0.516057   8
  1  1  0.938300  0.106484 -0.123032  0.143779   1
  1  0  0.938300 -0.151548 -0.278669  0.663160   2
  1  0  0.938300  0.212926  0.226263  0.347020   3
  1  0  0.938300  0.018210 -0.042154  0.096450   8
  1  0  0.938300  0.124909  0.531254  0.931525   4
  1  0  0.938300 -0.073715 -0.099700  0.060887   1
  1  0  0.938300  0.120635  0.036978  0.289307   3
  1  0  0.938300 -0.084381  0.303213  0.504184   2
  1  0  0.938300 -0.038127 -0.216362  0.267756   2
  1  0  0.938300 -0.280336  0.301851  0.527638   2
  1  0  0.938300  0.198844 -0.135544  1.238296   9
  1  0  0.938300  0.099653 -0.307549  0.598542   4
  1  0  0.938300 -0.427662 -0.298526  0.623675   2
  1  0  0.938300  0.249757  0.250180  0.832197   3
  1  0  0.938300 -0.191315 -0.218788  0.529604   5
  1  0  0.938300  0.307635  0.441826  0.585825   4
  1  0  0.938300 -0.019403 -0.159528  0.469367   5
  1  0  0.938300 -0.077837  0.089247  0.007294   1
  1  1  0.938300  0.197191 -0.325600  0.483997   5
  1  0  0.938300 -0.228924 -0.015695  0.503855   3
  1  0  0.938300 -0.129530  0.382994 -0.021022   3
  1  0  0.938300 -0.068113  0.216702  0.357551   2
  1  1  0.938300 -0.222962 -0.226439  0.285306   3
  1  0  0.938300 -0.140541  0.492242  0.651316   5
  1  0  0.938300 -0.455246  0.135268  0.701097   9
  1  0  0.938300  0.079791  0.047228  0.129630   1
  1  0  0.938300 -0.083461  0.370588  0.231670   5
  1  0  0.938300  0.199068 -0.334206  0.990345   6
  1  0  0.938300  0.251039 -0.114358  0.746645   5
  1  0  0.938300  0.094850 -0.154414  0.748042   4
  1  0  0.938300  0.002587  0.004613  0.332241   3
  1  0  0.938300 -0.241325 -0.748537  0.369610   3
  1  0  0.938300  0.245151  0.041188 -0.195847   5
  1  0  0.938300  0.007892 -0.402069  0.715344   5
  1  0  0.938300 -0.199275  0.148913  0.316114   7
  1  0  0.938300  0.000519  0.110943  0.373461   4
  1  0  0.938300 -0.035753 -0.054061  0.413120   3
  1  0  0.938300  0.008953  0.414191  0.442372  10
  1  1  0.938300  0.027535  0.117189  0.307829   6
  1  0  0.938300 -0.100454 -0.163668  0.107438   6
  1  0  0.938300 -0.459899 -0.356672  0.262501   3
  1  0  0.938300 -0.237971 -0.207102  0.714617   5
  1  0  0.938300  0.093519  0.082512 -0.002085   1
  1  0  0.938300  0.299498 -0.132923  0.369145   2
  1  0  0.938300  0.227175  0.105169  0.965827   4
  1  1  0.938300 -0.455616  0.056320  0.667654   3
  1  0  0.938300 -0.109654 -0.152048  0.169784   3
  1  0  0.938300 -0.058106  0.158334  0.145149   1
  1  0  0.938300  0.208747 -0.269726  0.061359   2
  1  0  0.938300  0.315767  0.151435  0.119237   7
  1  0  0.938300 -0.225879  0.295319  0.178900   4
  1  0  0.938300 -0.320605 -0.005052  0.225525   3
  1  0  0.938300 -0.099966  0.301794  0.136060   2
  1  0  0.938300 -0.085410 -0.071284  0.551347   4
  1  0  0.938300  0.257426  0.609355  0.623855   6
  1  0  0.938300 -0.546636 -0.356499  0.533060   2
  1  0  0.938300  0.037236 -0.068872  0.153116   5
  1  0  0.938300 -0.235517 -0.305293  0.483394   2
  1  0  0.938300 -0.051150 -0.056791  0.787241   4
  1  0  0.938300  0.056359  0.137726  0.070884   4
  1  1  0.938300  0.009051 -0.237784  0.281023   2
  1  0  0.938300  0.129700 -0.106902 -0.101600   1
  1  0  0.938300  0.184920  0.021720  0.381467   5
  1  0  0.938300 -0.006036  0.219034  0.342682   6
  1  0  0.938300 -0.250474  0.503804  0.706903   4
  1  0  0.938300 -0.278386  0.221787  0.730499   6
  1  0  0.938300 -0.173745  0.011320 -0.031088   1
  1  0  0.938300  0.264247 -0.306977  0.354889   4
  1  0  0.938300 -0.342899 -0.158941  0.593639   2
  1  0  0.938300  0.286864  0.013169  0.053594   5
  1  0  0.938300 -0.156408  0.117163  0.148638   4
  1  0  0.938300  0.055653  0.221370  0.611391   4
  1  0  0.938300  0.133184 -0.164021  0.364006   6
  1  0  0.938300  0.214133 -0.195073  0.107353   7
  1  0  0.938300 -0.124430  0.266408  0.279084   4
  1  0  0.938300  0.168199 -0.097533  0.559404   2
  1  0  0.938300 -0.007711  0.043355  0.493419   3
  1  0  0.938300 -0.072302 -0.053029  0.385286   2
  1  0  0.938300  0.222636 -0.311599  0.496993   3
  1  0  0.938300  0.154170  0.012673 -0.036267   1
  1  0  0.938300  0.357041 -0.036330  0.632901   6
  1  0  0.938300  0.135230  0.184222  0.215172   4
  1  0  0.938300 -0.379993 -0.263732  0.560435   2
  1  1  0.938300  0.376805 -0.117995  0.179328   6
  1  0  0.938300  0.068544 -0.060177  0.576544   3
  1  0  0.938300 -0.016976 -0.348487  0.998681   6
  1  0  0.938300 -0.182956 -0.237475  0.716840   3
  1  0  0.938300  0.127075  0.203334  0.198080   1
  1  0  0.938300  0.045178 -0.046384  0.213203   2
  1  0  0.938300 -0.028081 -0.003503  0.237705   6
  1  0  0.938300  0.130823 -0.380127  0.622334   6
  1  1  0.938300 -0.146038  0.130691  0.437615   4
  1  0  0.938300 -0.394926  0.334942 -0.057362   3
  1  0  0.938300  0.096813 -0.064787  1.064684   7
  1  0  0.938300 -0.011835  0.166790  0.297319   2
  1  1  0.938300  0.402335  0.075716  1.044786   6
  1  0  0.938300  0.140825 -0.025581  0.326872   4
  1  0  0.938300 -0.140376 -0.125368  0.031795   1
  1  0  0.938300  0.104114  0.086830  0.338207   6
  1  0  0.938300 -0.154889  0.022624  0.675324   3
  1  0  0.938300  0.012269 -0.149373  0.288602   2
  1  1  0.938300  0.032505  0.017842  0.637702   4
  1  0  0.938300 -0.463893  0.367515  0.402359   6
  1  0  0.938300 -0.285533 -0.321058  0.930923   2
  1  0  0.938300  0.192274  0.211835  0.226883   3
  1  0  0.938300 -0.070229  0.142403  0.854653   3
  1  0  0.938300  0.384569 -0.285586  0.468710   3
  1  0  0.938300 -0.012179 -0.108500  0.876923   7
  1  0  0.938300  0.128992  0.038438  0.547689   7
  1  0  0.938300 -0.508176  0.305456  0.182963   4
  1  0  0.938300  0.167154 -0.332057  0.809795   4
  1  0  0.938300 -0.205799  0.200525  0.340007   4
  1  1  0.938300  0.318803 -0.004005  0.908187   9
  1  0  0.938300 -0.093908  0.109031  0.008517   1
  1  0  0.938300 -0.047947 -0.371398  1.268595   3
  1  0  0.938300 -0.232534  0.149328  0.320155   3
  1  0  0.938300  0.158285 -0.030527  0.385197   3
  1  0  0.938300 -0.007067  0.150569 -0.012970   3
  1  0  0.938300 -0.182788  0.317230  0.564523   3
  1  0  0.938300 -0.012276  0.067956  0.527900  -2
  1  0  0.938300 -0.040936  0.035595  0.406080  -9
  1  1  0.938300 -0.181509 -0.353848  0.022833  -4
  1  1  0.938300  0.035382 -0.123420  0.917352  -1
  1  1  0.938300 -0.072833 -0.070553  0.974623  -1
  1  1  0.938300  0.341015  0.121595  0.276053  -9
  1  1  0.938300  0.153696 -0.143148  0.420363  -3
  1  1  0.938300  0.203285  0.140870  0.623709  -3
  1  1  0.938300  0.122673  0.152912  0.729335  -1
  1  1  0.938300  0.253887 -0.278228  0.111125  -4
  1  1  0.938300  0.326096 -0.392756  0.829957  -2
  1  1  0.938300  0.144822  0.104124  0.942351  -3
  1  1  0.938300 -0.210490  0.481484  0.556942  -2
  1  1  0.938300 -0.206955 -0.000455  1.128024  -5
  1  0  0.938300 -0.466342  0.109093  0.324139  -6
  1  1  0.938300 -0.233174  0.029909  0.368029  -9
  1  0  0.938300 -0.330333 -0.176427  0.203417  -3
  1  1  0.938300  0.311510  0.290226  1.154285  -5
  1  1  0.938300 -0.223576 -0.239874  1.076366  -3
  1  1  0.938300 -0.033136 -0.113524  0.760114  -7
  1  1  0.938300 -0.033085 -0.468194  0.431711  -3
  1  1  0.938300  0.114932  0.001560  0.392062  -4
  1  1  0.938300  0.027967 -0.291678  0.804930  -1
  1  1  0.938300 -0.031465  0.012155  0.313202  -9
  1  1  0.938300 -0.241101  0.333941  0.521186  -4
  1  1  0.938300  0.248267  0.259133  0.712229  -4
  1  1  0.938300  0.135215 -0.083507  0.004816  -5
  1  1  0.938300  0.116728  0.137435  0.465624  -2
  1  0  0.938300 -0.157864  0.060579  0.701152  -4
  1  1  0.938300 -0.491254 -0.070181  0.663591  -2
  1  1  0.938300 -0.173944 -0.389801  0.310754  -5
  1  1  0.938300 -0.517209  0.060601  0.828146  -2
  1  1  0.938300 -0.148379  0.134290  0.719314  -2
  1  1  0.938300  0.109368  0.331840  1.020436  -2
  1  0  0.938300 -0.173713  0.000193  0.376427  -4
  1  1  0.938300  0.374772 -0.305537  0.347409  -8
  1  1  0.938300 -0.089803  0.014423  0.880014  -1
  1  1  0.938300  0.342774 -0.443941  0.193225  -7
  1  1  0.938300 -0.082033  0.753291  0.215509  -4
  1  1  0.938300 -0.061594 -0.538311  1.040529  -3
  1  1  0.938300 -0.219002  0.309614  0.564496  -3
  1  1  0.938300  0.071027  0.030756  0.566319  -2
  1  1  0.938300  0.096368 -0.258125  0.255290 -13
  1  1  0.938300 -0.023998  0.023301  1.130984  -1
  1  1  0.938300  0.169052 -0.033036  1.072142  -3
  1  1  0.938300 -0.541361  0.323236  0.508293  -3
  1  1  0.938300  0.209696  0.034185  0.859215  -8
  1  1  0.938300  0.136591 -0.159246  0.113189  -3
  1  1  0.938300  0.002072 -0.060570  0.193624  -4
  1  1  0.938300  0.489630  0.436003  0.350384  -6
  1  1  0.938300  0.232079  0.034518  0.436673 -11
  1  1  0.938300  0.122614 -0.105778  0.136487  -4
  1  1  0.938300 -0.741123  0.310183  0.468463  -3
  1  0  0.938300 -0.160133 -0.169240  0.499505 -13
  1  1  0.938300  0.284139  0.277168  0.871652  -3
  1  1  0.938300 -0.102109  0.165325  0.461947  -3
  1  1  0.938300  0.167407 -0.112357  0.774234  -4
  1  1  0.938300 -0.457953  0.225926  0.550365  -3
  1  1  0.938300  0.210363 -0.112162  0.105670  -5
  1  1  0.938300 -0.195770  0.824625  0.553713  -4
  1  1  0.938300 -0.048062  0.039872  0.895915  -1
  1  1  0.938300  0.377943  0.482997  0.836266  -2
  1  0  0.938300  0.006005 -0.162873  0.359220  -2
  1  1  0.938300 -0.093224  0.216073  1.050680  -3
  1  1  0.938300  0.054087  0.130333  0.237668  -7
  1  1  0.938300  0.197273 -0.509378  0.992987  -3
  1  1  0.938300  0.016979 -0.366867  0.286885  -8
  1  1  0.938300  0.330233  0.280123  0.682252  -4
  1  0  0.938300 -0.019507 -0.078957  0.488997  -4
  1  0  0.938300  0.211990 -0.321162  0.635728  -5
  1  0  0.938300  0.070751 -0.021291  0.224571  -7
  1  1  0.938300 -0.022583  0.022629  0.159956  -8
  1  1  0.938300 -0.208675  0.069737  0.096476  -4
  1  1  0.938300 -0.061455 -0.008241  0.986160  -1
  1  1  0.938300  0.257828 -0.094087  0.012716  -3
  1  1  0.938300  0.030629  0.156188  0.423336  -5
  1  1  0.938300  0.103347 -0.189955  0.654546  -4
  1  1  0.938300  0.325628  0.216274  0.954366  -2
  1  1  0.938300 -0.228891  0.289351  0.713338  -2
  1  0  0.938300 -0.142954  0.178287  0.244286  -7
  1  1  0.938300  0.265215 -0.056964  0.464566  -6
  1  0  0.938300  0.095924 -0.081567  0.747964  -2
  1  0  0.938300 -0.012379 -0.176373  0.039345  -3
  1  0  0.938300  0.198518  0.092311  0.437404  -6
  1  0  0.938300  0.157996 -0.329258  0.880669  -2
  1  0  0.938300  0.047999 -0.118134  0.580191  -8
  1  0  0.938300 -0.140408  0.172770  0.541813  -6
  1  0  0.938300 -0.269528 -0.071962  0.572656  -3
  1  0  0.938300  0.183943 -0.007987  0.423683  -4
  1  0  0.938300 -0.110568  0.460630  0.286824  -7
  1  0  0.938300 -0.120453 -0.037186  0.762539  -1
  1  0  0.938300  0.367424 -0.216516  0.493987  -2
  1  0  0.938300 -0.234485 -0.064915  0.789534  -2
  1  0  0.938300 -0.216710 -0.161102 -0.143062  -2
  1  0  0.938300  0.367805  0.149606  0.010363  -2
  1  0  0.938300  0.210030 -0.204544  0.591525  -7
  1  0  0.938300  0.244218 -0.354044  0.441165  -4
  1  0  0.938300  0.009765  0.293587  0.551829  -5
  1  0  0.938300 -0.255441 -0.189219  0.155728  -5
  1  0  0.938300 -0.074554  0.206759  0.209583  -6
  1  0  0.938300  0.183630 -0.115777  0.098911  -7
  1  0  0.938300  0.141440  0.344358  0.799768  -2
  1  0  0.938300  0.320349 -0.070812  0.131218  -5
  1  0  0.938300 -0.124607  0.109106  0.784719  -1
  1  0  0.938300 -0.183316 -0.097918  0.463281  -4
  1  0  0.938300 -0.137556 -0.013977  0.329112  -4
  1  0  0.938300  0.305716 -0.332978  0.237462  -2
  1  0  0.938300  0.185557 -0.180858  0.500474  -5
  1  0  0.938300 -0.189892  0.173796  0.693222  -3
  1  0  0.938300 -0.233807 -0.073452  0.561708  -2
  1  0  0.938300 -0.097965 -0.036507  0.622599  -3
  1  0  0.938300 -0.436059  0.189436  0.870489  -2
  1  0  0.938300 -0.025647  0.038731  0.333431  -2
  1  0  0.938300  0.032644 -0.038654  0.088241  -4
  1  0  0.938300 -0.096770 -0.132313  0.669637  -3
  1  0  0.938300 -0.194238  0.270347  0.223282  -3
  1  0  0.938300 -0.400824 -0.340425  0.246171  -2
  1  0  0.938300 -0.049409 -0.013479  0.572533  -5
  1  0  0.938300 -0.049096  0.103528  0.954332  -1
  1  0  0.938300 -0.183299  0.175204  0.027634  -5
  1  0  0.938300  0.206974  0.081857  0.474793  -6
  1  0  0.938300  0.748054 -0.230941  0.517027  -2
  1  0  0.938300  0.072246 -0.009580  0.941812  -1
  1  0  0.938300 -0.523158 -0.368296  0.291535  -2
  1  0  0.938300  0.178875 -0.002186  0.175784  -7
  1  0  0.938300  0.223721 -0.496776  0.829724  -2
  1  0  0.938300 -0.128248 -0.114565  0.927993  -1
  1  0  0.938300  0.016300 -0.329789  0.360313  -3
  1  0  0.938300 -0.396399  0.173209  0.551799  -3
  1  0  0.938300 -0.076013 -0.171776  0.468899  -3
  1  0  0.938300 -0.117716 -0.026277  0.826041  -3
  1  0  0.938300 -0.017523 -0.201691  0.151366  -2
  1  0  0.938300  0.125589  0.155159  0.907079  -1
  1  0  0.938300 -0.361540  0.323651  0.565518  -3
  1  0  0.938300 -0.183669 -0.012139  0.818699  -2
  1  0  0.938300  0.222120 -0.106327  0.746467  -5
  1  0  0.938300  0.122348  0.107629  0.752419  -3
  1  0  0.938300  0.222467  0.119931  0.808148  -9
  1  0  0.938300 -0.225909  0.133796  0.832277  -3
  1  0  0.938300 -0.468542 -0.151020  0.012684  -3
  1  0  0.938300  0.154467 -0.118676  0.311601  -5
  1  0  0.938300  0.178381 -0.159403  0.502458  -2
  1  1  0.938300  0.347206 -0.363087  0.731560  -4
  1  0  0.938300  0.174371  0.074051  0.444285  -2
  1  0  0.938300  0.272563  0.100544  1.209220  -2
  1  0  0.938300  0.136229  0.105541  0.635710  -1
  1  0  0.938300  0.045738  0.127837  0.548037  -2
  1  0  0.938300 -0.197603  0.274651  0.732122  -8
  1  0  0.938300 -0.172184  0.219093  0.837315  -1
  1  0  0.938300  0.249735  0.190406  0.150237  -3
  1  0  0.938300  0.011828  0.296370  0.544992  -3
  1  0  0.938300 -0.055628 -0.004338  0.627487  -2
  1  0  0.938300 -0.048078 -0.185997  0.625481  -4
  1  0  0.938300  0.321409  0.303181  0.562570 -11
  1  0  0.938300 -0.100077 -0.134476  0.737397  -9
  1  1  0.938300  0.363922  0.033014  0.636299  -3
  1  0  0.938300  0.341838 -0.379667  0.512383  -7
  1  0  0.938300  0.031926 -0.246255  0.479199  -3
  1  0  0.938300  0.094862 -0.009000  0.229066  -5
  1  0  0.938300  0.262828 -0.451814  0.886737  -5
  1  0  0.938300 -0.132355  0.216043  0.061834  -9
  1  0  0.938300 -0.002524  0.087633  0.744419  -1
  1  0  0.938300 -0.022413 -0.087611  0.593162  -9
  1  0  0.938300  0.039598  0.215990  0.861237  -1
  1  1  0.938300 -0.018370 -0.263488  0.502326  -2
  1  0  0.938300  0.059403 -0.125126  0.430540  -7
  1  1  0.938300  0.066607 -0.609003  0.416528  -6
  1  0  0.938300 -0.093363  0.042929  0.760827  -5
  1  0  0.938300  0.120738  0.575161  0.677201  -2
  1  0  0.938300 -0.045727 -0.229538  1.231079  -4
  1  0  0.938300 -0.337091  0.188126  0.404023  -3
  1  0  0.938300  0.188720  0.203982  0.476048  -3
  1  1  0.938300 -0.334653  0.455766  0.754037  -6
  1  0  0.938300 -0.308178 -0.064833  0.276764  -2
  1  0  0.938300 -0.012927 -0.176291  0.293902  -8
  1  0  0.938300 -0.033168 -0.277707  0.750568  -4
  1  0  0.938300  0.339021  0.062210  0.221398 -11
  1  0  0.938300 -0.431805 -0.642891  0.551953  -6
  1  0  0.938300 -0.030820  0.049263  0.518210  -2
  1  0  0.938300 -0.107337 -0.165223  0.133144  -7
  1  0  0.938300 -0.484785  0.347668  0.481172  -2
  1  0  0.938300 -0.141249  0.220579  0.349386  -6
  1  0  0.938300 -0.186846  0.428710  0.254706  -6
  1  0  0.938300  0.211111  0.020957  0.158436  -3
  1  0  0.938300  0.057988  0.671940  0.942574  -4
  1  0  0.938300  0.107565 -0.132814  0.902808  -7
  1  0  0.938300 -0.079997 -0.384698  1.007580  -2
  1  0  0.938300  0.122344  0.002974  0.589462  -4
  1  0  0.938300 -0.078441  0.167797  0.856140  -1
  1  0  0.938300 -0.196245  0.083177  0.538921  -8
  1  0  0.938300 -0.079346 -0.309336  0.614583  -6
  1  0  0.938300 -0.142348  0.178312  0.796646  -7
  1  0  0.938300  0.063800 -0.216718  0.622041  -7
  1  0  0.938300 -0.210131 -0.046947  0.422481  -5
  1  0  0.938300 -0.042112 -0.171728  0.747611  -1
  1  0  0.938300  0.104482  0.034024  0.480430  -6
  1  0  0.938300 -0.082657 -0.553123  0.434903  -3