  1  1  0.938300 -0.080994 -0.131916  0.419966   3
  1  1  0.938300 -0.438451  0.342237  0.267876   4
  1  1  0.938300  0.064618  0.372274  0.728799   7
  1  1  0.938300 -0.300900  0.003195  0.524436   4
  1  1  0.938300 -0.726557  0.680052  0.413606   4
  1  1  0.938300  0.331016 -0.096782  0.628407   3
  1  1  0.938300  0.166177  0.192865  0.475464   4
  1  1  0.938300 -0.123840 -0.084924  0.713893   6
  1  1  0.938300 -0.222599 -0.402178  0.567081   2
  1  1  0.938300  0.011822  0.014706 -0.053332   4
  1  1  0.938300 -0.599834  0.135062  0.627277   4
  1  1  0.938300 -0.016435 -0.222644  0.079035   6
  1  1  0.938300  0.196403 -0.140443  0.266288   7
  1  1  0.938300 -0.316391  0.445385  0.409847   4
  1  1  0.938300  0.048721  0.109845 -0.041616   1
  1  1  0.938300  0.067427 -0.327263  0.674952   2
  1  1  0.938300 -0.203142 -0.079210  0.343537   4
  1  1  0.938300  0.083627 -0.255612  0.088496   1
  1  1  0.938300  0.185219  0.071065  0.573442   7
  1  1  0.938300 -0.192981  0.288067  0.615487   5
  1  1  0.938300  0.091902 -0.142189  0.510365   3
  1  1  0.938300  0.118235  0.053687  0.521195   7
  1  1  0.938300  0.362470 -0.191610  0.298857   4
  1  1  0.938300 -0.020043 -0.253434  0.244334   5
  1  1  0.938300  0.137945 -0.010947  0.168138   1
  1  1  0.938300  0.188553 -0.344271  0.653094   5
  1  1  0.938300  0.360287  0.126682  0.662331   3
  1  1  0.938300  0.252310  0.171513  0.050394   1
  1  1  0.938300  0.553223 -0.201659  0.389430   3
  1  1  0.938300 -0.213798 -0.508237  0.091752   2
  1  1  0.938300 -0.222795  0.280913  0.430916   4
  1  1  0.938300  0.033566 -0.231382  0.424919   6
  1  1  0.938300  0.060368  0.491089  0.649089   2
  1  1  0.938300 -0.095669 -0.299336  0.252329   5
  1  1  0.938300  0.074503 -0.139891  0.111981   1
  1  1  0.938300  0.130690  0.025765  0.236302   2
  1  1  0.938300 -0.295475 -0.044252  0.790695   3
  1  1  0.938300  0.028277  0.400942  0.125377   5
  1  1  0.938300 -0.093255 -0.049054  0.475641   2
  1  1  0.938300  0.039017  0.233073  0.497204  10
  1  1  0.938300 -0.297280  0.230461  0.518826   7
  1  1  0.938300 -0.180173  0.163454  0.419665   7
  1  1  0.938300 -0.476417 -0.028730  0.545869   5
  1  1  0.938300  0.250531  0.181867  0.395142   2
  1  1  0.938300 -0.014230 -0.098896  0.132941   1
  1  1  0.938300  0.017106  0.058643  0.217769   1
  1  1  0.938300  0.277276  0.129621  0.461484   2
  1  0  0.938300  0.032146 -0.098848  0.563587   8
  1  1  0.938300 -0.274738 -0.132145  0.610471   2
  1  1  0.938300 -0.253580  0.243893  1.225362   3
  1  1  0.938300  0.530237 -0.249444  0.257616   4
  1  1  0.938300  0.083710 -0.145204  0.223694   4
  1  1  0.938300  0.143867  0.042194  0.182738   5
  1  1  0.938300 -0.010688 -0.116822  0.198383   3
  1  1  0.938300  0.200502  0.327578  0.187036   7
  1  1  0.938300 -0.084379 -0.384404  0.409301   4
  1  1  0.938300  0.206376  0.137192  0.594768   4
  1  0  0.938300  0.015635 -0.076525  0.795575   5
  1  1  0.938300  0.002466  0.163558  0.610185   3
  1  1  0.938300  0.042790  0.000072 -0.042686   1
  1  1  0.938300  0.054129  0.174845 -0.047040   1
  1  1  0.938300  0.009134 -0.218529  0.712718   3
  1  1  0.938300  0.033632  0.454857  0.767003   8
  1  0  0.938300  0.032614  0.056309  0.274954  10
  1  1  0.938300 -0.400335  0.107486  0.539365   4
  1  1  0.938300 -0.025962  0.058247 -0.108118   1
  1  1  0.938300 -0.415272  0.334061  0.674679   2
  1  1  0.938300  0.362152 -0.222228  0.682324   3
  1  1  0.938300  0.131256 -0.080200  0.313628   4
  1  1  0.938300  0.142014 -0.145571  0.262828   4
  1  1  0.938300 -0.406779 -0.396704  0.466508   2
  1  1  0.938300  0.286233  0.346906  0.412100   5
  1  1  0.938300 -0.355769 -0.004482  0.283329  10
  1  1  0.938300 -0.570393 -0.647355  0.936518   9
  1  1  0.938300  0.048118  0.329889  0.494616   5
  1  1  0.938300  0.042065 -0.181022  0.098602   2
  1  1  0.938300  0.110880  0.158875  0.565256   3
  1  1  0.938300 -0.458670 -0.340420  0.696188   6
  1  1  0.938300  0.715291 -0.359705  0.703853   5
  1  0  0.938300 -0.017398  0.281424  0.135496   2
  1  0  0.938300 -0.003392 -0.092072  0.409386   8
  1  0  0.938300  0.109336 -0.056895  0.444846   5
  1  0  0.938300 -0.039460 -0.096300  0.521138  11
  1  0  0.938300 -0.086549  0.051173  0.042564   1
  1  0  0.938300  0.183344 -0.217176  0.799058   5
  1  0  0.938300  0.154240 -0.325995  0.234628   3
  1  0  0.938300  0.118425  0.194154  0.469172   6
  1  0  0.938300  0.200718  0.307247  0.534167   2
  1  0  0.938300  0.096357  0.288324  0.145838   2
  1  0  0.938300  0.011842 -0.192773  0.820362   5
  1  0  0.938300 -0.323446  0.009485  0.322877   3
  1  0  0.938300 -0.267657 -0.596756  0.240487   4
  1  0  0.938300  0.020511 -0.115316  0.475027   5
  1  0  0.938300 -0.191693 -0.037744  0.491706   4
  1  0  0.938300  0.415991  0.133416  1.167660   5
  1  0  0.938300  0.253256  0.177290  0.318538   2
  1  0  0.938300  0.103579  0.310086  0.445677   4
  1  0  0.938300  0.131078  0.436102  0.479639   5
  1  0  0.938300  0.061634  0.244999  0.183268   3
  1  0  0.938300 -0.058795  0.087487  0.109382   4
  1  0  0.938300  0.154934  0.163356  0.099844   3
  1  0  0.938300  0.287879 -0.095611  0.149821   2
  1  0  0.938300 -0.071348 -0.031271  0.376636   2
  1  0  0.938300 -0.108364 -0.232792  0.122142   1
  1  0  0.938300 -0.463154 -0.292344  0.469823   3
  1  0  0.938300 -0.062937 -0.023695 -0.033328   1
  1  0  0.938300 -0.008113  0.118699  0.536929   9
  1  0  0.938300 -0.118205 -0.047451  0.519557   4
  1  0  0.938300 -0.128514  0.181340  0.446004   4
  1  0  0.938300 -0.113587 -0.114361  0.148828   1
  1  0  0.938300 -0.014049  0.009974  0.172357   1
  1  0  0.938300 -0.165458  0.096232  0.146070   1
  1  0  0.938300  0.117590 -0.134627  0.400115   8
  1  0  0.938300  0.505690 -0.847378  0.836055   4
  1  0  0.938300 -0.104030 -0.050568  0.584702   2
  1  0  0.938300 -0.162597 -0.000465  0.990072   4
  1  0  0.938300 -0.145174 -0.332751  0.585179   5
  1  1  0.938300 -0.147764  0.133928  0.533864   7
  1  0  0.938300  0.313071 -0.115634  0.396972   5
  1  0  0.938300  0.105322  0.131870  0.131706   2
  1  0  0.938300 -0.332620 -0.246358  0.887320   7
  1  0  0.938300 -0.482753  0.399621  0.268793   2
  1  0  0.938300  0.082673 -0.541372  0.635519   4
  1  0  0.938300  0.079941  0.005828  0.266730   3
  1  0  0.938300 -0.260569  0.290362  0.761045   2
  1  0  0.938300 -0.178128  0.115564  0.582634   2
  1  0  0.938300 -0.148314 -0.367852  0.022890   2
  1  0  0.938300  0.152100  0.024906 -0.059215   2
  1  0  0.938300 -0.614936  0.192798  0.324146   2
  1  0  0.938300  0.144031  0.028031  0.388249   2
  1  0  0.938300  0.094849 -0.012559  0.331017   6
  1  0  0.938300 -0.076025  0.080918  0.218754   3
  1  0  0.938300  0.391055 -0.552215  0.935197   6
  1  1  0.938300  0.150916 -0.050518  0.458626   2
  1  0  0.938300 -0.445911 -0.237818  0.399855   8
  1  0  0.938300 -0.148016 -0.301707  0.453943   4
  1  0  0.938300 -0.248924 -0.220138  0.244930   4
  1  0  0.938300 -0.158909  0.094838  0.328479   2
  1  0  0.938300 -0.129173 -0.322193  0.954740   4
  1  0  0.938300  0.315288  0.033234  0.403567   3
  1  0  0.938300 -0.133880  0.270594  0.007119   6
  1  0  0.938300 -0.232053 -0.166848  0.419426   5
  1  0  0.938300 -0.023279 -0.045776  0.578720   9
  1  0  0.938300  0.229536  0.265246  0.161279   1
  1  1  0.938300 -0.066789  0.241907  0.808155   5
  1  0  0.938300  0.009762  0.139230 -0.060346   1
  1  0  0.938300 -0.057556 -0.130117  0.304063   4
  1  0  0.938300 -0.226069 -0.416140  0.456481   4
  1  0  0.938300 -0.124388 -0.301956  0.122055   3
  1  0  0.938300 -0.147399 -0.152300  0.103630   4
  1  0  0.938300 -0.150873 -0.128855  0.105159   1
  1  0  0.938300 -0.130246 -0.146352  0.282508   3
  1  0  0.938300 -0.047374  0.090308  0.320080   2
  1  0  0.938300 -0.180962 -0.167479  0.796409   2
  1  0  0.938300  0.129147  0.501608  0.412098   4
  1  0  0.938300 -0.326807  0.225649  0.391674   5
  1  0  0.938300 -0.109117  0.026972  0.448965   3
  1  0  0.938300  0.028366  0.220068  0.018697   5
  1  1  0.938300 -0.111147  0.069923 -0.058219   3
  1  0  0.938300 -0.099184 -0.064202  0.171666   2
  1  0  0.938300  0.240970 -0.293434  0.637217   8
  1  0  0.938300  0.248972  0.068890  0.127275   5
  1  0  0.938300  0.078063  0.023209  0.059442   1
  1  0  0.938300  0.143291 -0.296750 -0.074974   2
  1  0  0.938300 -0.200347  0.151595  0.450805   7
  1  1  0.938300  0.170847  0.221919  0.842620   3
  1  0  0.938300 -0.021029 -0.237046  0.603299   7
  1  1  0.938300 -0.157970 -0.112187  0.701765   5
  1  0  0.938300  0.039153  0.354117  0.707761   5
  1  0  0.938300 -0.139785 -0.273299  0.325324   2
  1  0  0.938300 -0.082532  0.046950  0.563093   6
  1  0  0.938300 -0.149636  0.127669  0.290717   8
  1  0  0.938300  0.207184  0.203476  0.338031   2
  1  0  0.938300 -0.192474  0.103655  0.272387   4
  1  0  0.938300  0.081995  0.008824  0.053964   5
  1  0  0.938300 -0.112504  0.014502  0.007271   3
  1  0  0.938300  0.007335  0.588104  0.101567   2
  1  1  0.938300 -0.214981 -0.036972  0.116120   2
  1  0  0.938300  0.013640  0.036595  0.041922   4
  1  0  0.938300  0.132921  0.548694  0.670635   3
  1  0  0.938300 -0.209567 -0.125418  0.941456   4
  1  0  0.938300 -0.169882  0.137942  0.744583   4
  1  0  0.938300 -0.078380  0.256111  0.469559   5
  1  0  0.938300  0.071562 -0.012575  0.039254   1
  1  0  0.938300 -0.570002 -0.179463  1.184106   5
  1  0  0.938300 -0.137034  0.163554  0.907059   4
  1  1  0.938300  0.480428  0.072002  0.360045   9
  1  0  0.938300  0.247096  0.040914  0.086334   4
  1  0  0.938300  0.399593  0.380663  0.783495   5
  1  0  0.938300 -0.036731  0.027277  0.175004   1
  1  0  0.938300  0.271925  0.355614  0.027390   2
  1  0  0.938300  0.129531  0.520936  0.049648   3
  1  1  0.938300  0.176926 -0.070213 -0.085480   2
  1  0  0.938300  0.038938  0.079198  0.722942   2
  1  0  0.938300 -0.408040  0.063492 -0.031425   3
  1  0  0.938300  0.151320 -0.172866  0.579069   2
  1  0  0.938300 -0.027570 -0.445559  0.328811   3
  1  1  0.938300 -0.447991 -0.719378 -0.051711  -4
  1  1  0.938300 -0.296145  0.105083  0.311272 -10
  1  1  0.938300  0.377244  0.076556  0.908349  -2
  1  0  0.938300  0.274458 -0.158563  0.489636  -5
  1  1  0.938300 -0.178243  0.313333  0.743040  -3
  1  1  0.938300  0.008907 -0.220718  1.033455  -3
  1  1  0.938300  0.075993  0.154638  1.048400  -3
  1  1  0.938300  0.023012  0.060518  0.289029  -5
  1  1  0.938300  0.124474 -0.157321  0.670205  -4
  1  1  0.938300  0.031346  0.045983  0.772646 -10
  1  0  0.938300  0.057980 -0.066989  0.606611  -6
  1  1  0.938300  0.141307 -0.609168  0.906553  -4
  1  1  0.938300  0.033725 -0.116618  0.449097  -5
  1  1  0.938300 -0.054776 -0.042967  0.881623  -3
  1  1  0.938300  0.013246  0.032556  0.079316  -2
  1  1  0.938300 -0.454710 -0.033364  1.160542  -2
  1  0  0.938300  0.003453 -0.078306  0.538022  -3
  1  1  0.938300 -0.087992  0.233690  0.294693  -3
  1  1  0.938300 -0.124772 -0.075693  0.850418  -1
  1  1  0.938300 -0.151732  0.172555  0.764734  -6
  1  1  0.938300  0.114213 -0.109362  0.493491 -10
  1  1  0.938300 -0.134078 -0.042906  0.178681  -2
  1  1  0.938300 -0.038165 -0.106101  0.753138  -7
  1  1  0.938300 -0.093225  0.549923  0.334945  -4
  1  1  0.938300 -0.205929 -0.377700  0.195105  -3
  1  1  0.938300 -0.348728  0.390219  0.081818  -6
  1  1  0.938300  0.196093 -0.123519  0.232476  -6
  1  1  0.938300 -0.280800 -0.174047  0.388305  -4
  1  1  0.938300  0.134840  0.346429  0.967589  -3
  1  1  0.938300 -0.240179  0.020997  0.831744  -1
  1  1  0.938300  0.407795 -0.121183  1.069686  -6
  1  1  0.938300  0.199665 -0.471803  0.564342  -3
  1  1  0.938300 -0.069846  0.505871 -0.030041  -7
  1  1  0.938300  0.110091  0.004644  0.973825  -1
  1  0  0.938300 -0.686489  0.289557  0.777113  -3
  1  1  0.938300 -0.220767  0.090886  0.722083  -4
  1  1  0.938300 -0.139908  0.172481  0.514166  -3
  1  1  0.938300  0.349339 -0.475501  0.354254  -9
  1  1  0.938300 -0.355928 -0.221296  0.728897  -3
  1  1  0.938300  0.259748 -0.111901  0.330905  -5
  1  1  0.938300  0.018224  0.163977 -0.055223  -4
  1  1  0.938300  0.061220 -0.258768  0.330250  -2
  1  1  0.938300 -0.056767  0.634288  0.884613  -3
  1  1  0.938300 -0.002314  0.470286  0.159845  -3
  1  1  0.938300 -0.063478  0.015922  0.629357  -4
  1  1  0.938300 -0.190937 -0.148338  0.801466  -1
  1  1  0.938300  0.116511  0.264315  0.224051  -5
  1  1  0.938300  0.191304  0.461951  0.298013  -3
  1  1  0.938300 -0.330694 -0.323323  0.127669  -2
  1  1  0.938300  0.367618 -0.108313  0.277150  -6
  1  1  0.938300 -0.316876  0.251757  0.668804  -4
  1  1  0.938300 -0.046069  0.244553  0.297959  -7
  1  1  0.938300 -0.399168  0.262908  0.318966  -2
  1  1  0.938300 -0.121155  0.564068  0.147410  -2
  1  1  0.938300 -0.153821 -0.020522  0.684831  -3
  1  1  0.938300 -0.046415 -0.096275  0.728193  -1
  1  1  0.938300  0.285691 -0.068996  0.431894  -2
  1  1  0.938300 -0.535093 -0.168051  0.483767  -2
  1  1  0.938300  0.369270  0.077054  0.356576  -2
  1  1  0.938300 -0.093279 -0.314529  0.566053  -3
  1  1  0.938300  0.460717 -0.210879  0.365633  -4
  1  0  0.938300  0.056048  0.234640  0.245527 -11
  1  1  0.938300  0.111655  0.032426  0.675199  -3
  1  1  0.938300  0.097590  0.230752  0.704925  -5
  1  0  0.938300 -0.014782  0.341100  0.262352  -6
  1  1  0.938300 -0.527904 -0.249418  0.435251  -6
  1  1  0.938300 -0.296472  0.060044  0.390769  -5
  1  1  0.938300  0.344064 -0.087108  0.334035  -2
  1  1  0.938300  0.026120 -0.136994  0.756928  -3
  1  1  0.938300 -0.204250 -0.190189  0.624186  -4
  1  1  0.938300 -0.630602  0.335112  0.258315  -3
  1  1  0.938300 -0.006109  0.322477  0.743463  -2
  1  1  0.938300  0.261244  0.133544  0.891377  -4
  1  1  0.938300  0.424681 -0.189532  0.579638  -4
  1  0  0.938300 -0.115625 -0.225665  0.482555  -9
  1  1  0.938300 -0.097904 -0.252548  0.877996  -6
  1  1  0.938300 -0.113610 -0.041146  0.155482  -4
  1  1  0.938300 -0.098580 -0.285606  0.399582  -2
  1  1  0.938300 -0.147540 -0.020094  0.752103  -2
  1  0  0.938300 -0.122279 -0.138258  0.672296  -3
  1  0  0.938300  0.010510  0.147186  0.709258  -6
  1  0  0.938300  0.112040 -0.170806  0.390113  -3
  1  1  0.938300  0.139059 -0.437045  0.662993  -2
  1  0  0.938300  0.375294  0.332963  0.747781  -5
  1  0  0.938300  0.182905  0.457643  0.597619  -2
  1  0  0.938300  0.548917 -0.320416  0.183804  -5
  1  0  0.938300  0.376121 -0.001358  0.240204  -3
  1  0  0.938300 -0.265063  0.165130  0.757645  -5
  1  0  0.938300  0.176114 -0.234539  0.547981  -5
  1  0  0.938300  0.092437 -0.419752  0.677011  -8
  1  0  0.938300 -0.251108 -0.139950  0.548945  -5
  1  0  0.938300 -0.031232 -0.181989  0.543469  -3
  1  0  0.938300 -0.069109 -0.428523  0.442729  -8
  1  0  0.938300  0.010551 -0.127461  0.459501  -5
  1  0  0.938300 -0.081338 -0.522178 -0.138669  -3
  1  0  0.938300 -0.309395 -0.302140  0.777176  -3
  1  0  0.938300  0.021656  0.219886  0.576498  -4
  1  0  0.938300 -0.022551 -0.124374  0.605408  -3
  1  0  0.938300 -0.246656  0.326344  0.266852  -3
  1  0  0.938300  0.093559 -0.043796  0.731294  -1
  1  1  0.938300  0.062333 -0.412468  0.546944  -8
  1  0  0.938300  0.065361 -0.011842  0.599698  -4
  1  1  0.938300 -0.372760 -0.038559  0.050731  -5
  1  0  0.938300  0.180969 -0.168283  1.128594  -1
  1  0  0.938300  0.384376  0.003862  0.498323  -7
  1  0  0.938300  0.327703  0.064735  0.385039  -4
  1  0  0.938300  0.108088 -0.020020  0.491759  -4
  1  0  0.938300  0.138724 -0.219755  0.457297  -3
  1  0  0.938300  0.090374  0.022714  1.074347  -1
  1  0  0.938300  0.293556  0.025251  0.902268  -7
  1  0  0.938300  0.028079  0.098533  1.082781  -1
  1  0  0.938300 -0.308461  0.150369  0.183735  -2
  1  0  0.938300 -0.241928  0.114068  0.858896  -2
  1  0  0.938300 -0.278734 -0.278538  0.818883  -2
  1  0  0.938300  0.102341 -0.008625  0.468996  -2
  1  0  0.938300  0.087089  0.010726  0.675086  -1
  1  0  0.938300  0.098051  0.169003  0.349243  -3
  1  0  0.938300 -0.058176  0.077630  0.284747  -4
  1  0  0.938300 -0.120747 -0.076107  0.391063  -2
  1  0  0.938300 -0.391111  0.441067  0.514686  -3
  1  0  0.938300 -0.029145  0.047494  0.669744  -1
  1  0  0.938300 -0.152476 -0.022800  0.920980  -1
  1  0  0.938300  0.073560  0.157278  0.969615  -2
  1  0  0.938300  0.380935  0.220888  0.230352  -8
  1  0  0.938300  0.087311  0.093305  0.567409  -4
  1  0  0.938300  0.094538 -0.135514  0.803359  -1
  1  0  0.938300 -0.012991 -0.036236  0.551239  -1
  1  0  0.938300 -0.023697 -0.246993 -0.069978  -3
  1  0  0.938300  0.167814 -0.264419  0.243070  -4
  1  0  0.938300  0.184504  0.246259  0.321760  -5
  1  0  0.938300 -0.537791 -0.352643  0.675997  -2
  1  0  0.938300 -0.226244 -0.095091  0.840573  -4
  1  0  0.938300 -0.118013  0.146835  0.253598  -3
  1  0  0.938300 -0.149731  0.210609  0.897832  -3
  1  1  0.938300  0.204831 -0.070258  0.346822  -2
  1  0  0.938300 -0.092804  0.199762  1.008319  -5
  1  0  0.938300  0.431416  0.556901  0.395579  -5
  1  0  0.938300 -0.015991  0.011257  0.881582  -1
  1  0  0.938300 -0.352293 -0.335805  0.612620  -2
  1  0  0.938300 -0.179977  0.150689  0.485245  -9
  1  0  0.938300  0.276564 -0.360729  0.783679  -4
  1  0  0.938300  0.536135  0.072925  0.417898  -6
  1  0  0.938300  0.165187  0.075960  0.089888  -3
  1  0  0.938300 -0.760122  0.184916  0.793656  -9
  1  0  0.938300  0.307167  0.119764  0.341093  -4
  1  0  0.938300 -0.319154  0.130271  1.120652  -5
  1  0  0.938300  0.370650  0.650892  0.851033  -2
  1  0  0.938300 -0.162292 -0.237540  0.474075  -4
  1  0  0.938300  0.266036 -0.399363  0.319597  -6
  1  1  0.938300  0.137683 -0.117740  0.521761  -3
  1  0  0.938300  0.037552  0.133549  1.069788  -1
  1  0  0.938300  0.126657 -0.174916  0.122275  -6
  1  0  0.938300 -0.039472 -0.485272  0.595372  -2
  1  0  0.938300 -0.217447 -0.070516  0.799201  -2
  1  0  0.938300  0.077148 -0.246423  0.463206  -6
  1  0  0.938300 -0.130107 -0.073571  0.536275  -3
  1  0  0.938300  0.467793 -0.269010  0.359907 -11
  1  0  0.938300  0.500540  0.085608  0.934652  -5
  1  0  0.938300  0.038241  0.042851  0.828639  -1
  1  0  0.938300  0.121412  0.038515  0.614885  -4
  1  0  0.938300  0.172831  0.194244  0.487367  -4
  1  0  0.938300  0.225098 -0.000361  1.268863  -2
  1  0  0.938300 -0.149171  0.182596  0.413172  -2
  1  0  0.938300  0.258930 -0.153944  0.920651  -4
  1  0  0.938300  0.333462 -0.040002 -0.217152  -4
  1  0  0.938300  0.049605 -0.114681  0.398143  -5
  1  0  0.938300  0.272419 -0.268542  0.554209  -3
  1  0  0.938300 -0.301200 -0.294012  0.086187  -3
  1  0  0.938300 -0.436380 -0.186177  0.449623  -6
  1  0  0.938300  0.306692  0.325521  0.332264  -5
  1  0  0.938300  0.270989  0.386094  0.474271  -2
  1  0  0.938300  0.198065  0.261579  0.582331  -3
  1  0  0.938300  0.237007  0.220534  0.295984  -3
  1  0  0.938300 -0.389245 -0.096484  0.304309  -5
  1  0  0.938300 -0.304220  0.439541  0.583914  -5
  1  0  0.938300 -0.068254  0.134884  0.839908  -1
  1  0  0.938300  0.183226  0.308619  0.405880  -6
  1  0  0.938300  0.084074  0.151574  0.772444  -1
  1  0  0.938300 -0.116394 -0.441148  0.921995  -2
  1  0  0.938300 -0.360951  0.296983  0.575220  -2
  1  0  0.938300 -0.186991  0.124535  0.306751  -8
  1  0  0.938300 -0.122167  0.038066  0.413849  -8
  1  0  0.938300  0.310060  0.345180  0.626153  -2
  1  0  0.938300 -0.197352 -0.386158  0.173344  -2
  1  0  0.938300 -0.228020 -0.229788  0.314890  -7
  1  0  0.938300 -0.077889  0.208892  1.030454  -1
  1  0  0.938300  0.329788  0.091510  0.864721  -9
  1  0  0.938300  0.069545 -0.224072  0.815515  -6
  1  0  0.938300 -0.108986 -0.422006  0.392702  -7
  1  0  0.938300  0.340577  0.221894  0.586547  -6
  1  0  0.938300 -0.141998 -0.338616  0.383907  -2
  1  0  0.938300 -0.005302 -0.065389  0.848947  -2
  1  1  0.938300 -0.167167 -0.087499  0.690383  -4
  1  0  0.938300 -0.016806  0.032325  0.384399  -3
  1  0  0.938300 -0.232633  0.197268  1.159284  -2
  1  0  0.938300 -0.416254  0.417245  0.998827  -2
  1  0  0.938300  0.064749 -0.161298  0.264385  -7