  1  1  0.938300  0.021790 -0.288166  0.046292   2
  1  1  0.938300 -0.309505 -0.348920  0.753450   8
  1  0  0.938300 -0.209216  0.125005  0.376869   3
  1  1  0.938300  0.027874  0.229386  0.238565   6
  1  1  0.938300  0.542580  0.285082  0.093407   5
  1  1  0.938300  0.193349  0.018612  0.747505   2
  1  1  0.938300 -0.290104  0.094862  0.637949   7
  1  1  0.938300  0.056682 -0.052169  0.837700   4
  1  1  0.938300  0.019731 -0.000368 -0.173532   5
  1  1  0.938300  0.386547  0.433154  0.872704   2
  1  1  0.938300  0.273351  0.405618  0.824588   2
  1  1  0.938300 -0.190017 -0.143928  0.487270   6
  1  1  0.938300  0.249012  0.237753  0.442777   2
  1  1  0.938300 -0.184812 -0.124625  0.428901   5
  1  1  0.938300  0.091466  0.323290  0.037418   2
  1  1  0.938300  0.119159 -0.025043  0.060418   1
  1  1  0.938300 -0.058789  0.050855  0.398836   7
  1  1  0.938300 -0.045698  0.162167  0.253044   4
  1  1  0.938300  0.027874 -0.152928 -0.049139   1
  1  1  0.938300  0.003057 -0.335982  0.341711   2
  1  1  0.938300 -0.122030  0.455909  0.875215   2
  1  1  0.938300 -0.192628  0.159423  0.522783   6
  1  1  0.938300  0.251409  0.477086  0.758641   3
  1  1  0.938300 -0.030886  0.019090  0.332296   3
  1  1  0.938300 -0.186686  0.271008  0.498617   5
  1  1  0.938300 -0.024896  0.027353  0.046173   1
  1  1  0.938300 -0.165376  0.015339  0.405520   5
  1  1  0.938300 -0.209673  0.033462  0.063184   3
  1  1  0.938300 -0.143232 -0.046641  0.399433   6
  1  1  0.938300 -0.143052  0.102261  0.206280   1
  1  1  0.938300 -0.234638  0.049431  0.170122   2
  1  1  0.938300 -0.269224 -0.167244  1.301179   4
  1  1  0.938300 -0.209032 -0.357262 -0.003452   2
  1  1  0.938300 -0.315531  0.093624  0.456406   3
  1  1  0.938300 -0.031366  0.034414 -0.082386   1
  1  1  0.938300 -0.484941  0.080209  0.242130   4
  1  1  0.938300  0.279044  0.295077  1.280078   3
  1  1  0.938300  0.086994 -0.664454  1.022814   2
  1  0  0.938300 -0.259083  0.193690  0.310334   4
  1  1  0.938300  0.159862 -0.385570  0.301406   5
  1  1  0.938300 -0.102581  0.187488  0.113387   4
  1  1  0.938300  0.060334  0.339951  0.152144   2
  1  1  0.938300 -0.113699 -0.040635  0.219266   2
  1  1  0.938300  0.127944 -0.022649  0.558587   6
  1  1  0.938300  0.076924  0.053284  0.211681   3
  1  1  0.938300 -0.119818  0.005296  0.312225   3
  1  1  0.938300 -0.216620  0.275675  0.214899   2
  1  1  0.938300  0.022174 -0.052631  0.983663   2
  1  1  0.938300  0.030260 -0.044048  0.302488   4
  1  1  0.938300  0.353366  0.023155  0.754315   3
  1  1  0.938300  0.091654 -0.105220  0.127190   3
  1  1  0.938300 -0.074456 -0.099889  0.417909   3
  1  1  0.938300  0.030350  0.084715  0.851646   6
  1  1  0.938300 -0.160812  0.041254  0.019812   5
  1  1  0.938300  0.010638 -0.213315  0.180401   2
  1  1  0.938300  0.242027  0.224604  0.209458   2
  1  1  0.938300 -0.117986 -0.064130  0.475334   7
  1  1  0.938300  0.111700  0.105452  0.305198   2
  1  1  0.938300  0.261611 -0.359541  0.399833   3
  1  1  0.938300 -0.159075 -0.026512  0.463592   4
  1  1  0.938300 -0.097512  0.021166  0.241861   1
  1  1  0.938300 -0.027919 -0.120314  0.016871   4
  1  1  0.938300 -0.237197  0.057675  0.748068   2
  1  1  0.938300  0.186635 -0.027974  0.597323   5
  1  1  0.938300  0.141477  0.049838  0.402538   4
  1  1  0.938300  0.023964  0.229061  0.154717   5
  1  1  0.938300 -0.328667 -0.178160  0.283417   4
  1  1  0.938300  0.525074 -0.089871  0.210900   4
  1  1  0.938300  0.272019  0.314968  0.281185   8
  1  1  0.938300 -0.086574  0.298886  0.936392   6
  1  1  0.938300 -0.239179 -0.172775  0.909349   4
  1  0  0.938300  0.280303 -0.091562  0.027081   3
  1  1  0.938300  0.170331  0.349795  0.531150   5
  1  1  0.938300 -0.093634 -0.102619  0.222462   2
  1  1  0.938300  0.141993 -0.038689  0.265933   9
  1  1  0.938300 -0.116082 -0.077964 -0.076416   1
  1  1  0.938300  0.263260  0.321519  0.393441   4
  1  1  0.938300 -0.073232 -0.056764  0.087069   1
  1  1  0.938300  0.098697  0.190320  0.023063   1
  1  0  0.938300 -0.157251  0.072573 -0.046385   1
  1  0  0.938300  0.382369 -0.130005  0.677154   3
  1  0  0.938300 -0.036146  0.345587  0.102310   2
  1  0  0.938300 -0.015226  0.026682  0.688216   2
  1  0  0.938300 -0.041703  0.071273  0.360430   3
  1  0  0.938300  0.224750  0.222144  0.561140   3
  1  0  0.938300  0.069896 -0.125896  0.968056   2
  1  0  0.938300  0.398995  0.290153  0.349563   3
  1  0  0.938300 -0.084586 -0.261941  0.282310   2
  1  0  0.938300  0.169549  0.191044  0.168541   3
  1  0  0.938300  0.189435 -0.343661  0.365028   2
  1  0  0.938300 -0.106622  0.188823  0.143223   1
  1  0  0.938300 -0.429536  0.195937  0.705200   3
  1  0  0.938300  0.095397 -0.324238  0.636630  11
  1  0  0.938300  0.523411 -0.163979  0.268270   5
  1  0  0.938300 -0.073450 -0.331805  0.292791   2
  1  0  0.938300  0.062411 -0.053438  0.587412   3
  1  0  0.938300 -0.424976  0.602477  0.472653   2
  1  0  0.938300  0.096277 -0.043062  0.278627   4
  1  0  0.938300  0.302683  0.322449  0.403325   4
  1  0  0.938300 -0.069514  0.173179  0.801500   4
  1  0  0.938300  0.210896  0.022799  0.422425   3
  1  0  0.938300 -0.082662 -0.196458  0.249920   4
  1  0  0.938300  0.299235 -0.223402  0.668029   9
  1  0  0.938300 -0.390525 -0.014410  0.276772   7
  1  0  0.938300 -0.411774  0.049060  0.930455   4
  1  0  0.938300  0.006001  0.078025  0.111410   1
  1  0  0.938300  0.097552  0.213546  0.018454   4
  1  0  0.938300  0.444082 -0.444497  0.681755   4
  1  0  0.938300 -0.049283 -0.425185  0.218952   3
  1  0  0.938300 -0.043077 -0.279734  0.480049   4
  1  0  0.938300 -0.311991 -0.067982  0.175739   3
  1  0  0.938300  0.027058  0.404321 -0.029933   4
  1  0  0.938300 -0.112554  0.008034  0.182992   2
  1  0  0.938300 -0.064206 -0.122624  0.260441   3
  1  0  0.938300  0.281761 -0.107692  0.823852   5
  1  0  0.938300 -0.187457 -0.287964  0.724477   2
  1  0  0.938300  0.372751 -0.036644  0.158616   4
  1  0  0.938300  0.048879  0.403316  0.181555   4
  1  0  0.938300  0.092019 -0.072241  0.601841   4
  1  0  0.938300  0.130824 -0.039991 -0.031684   1
  1  0  0.938300  0.285206  0.124362  0.418673   8
  1  0  0.938300 -0.169798  0.024225  0.116882   1
  1  0  0.938300  0.335884  0.093689  0.189684   4
  1  0  0.938300  0.311279 -0.127290 -0.012065   6
  1  0  0.938300 -0.165489 -0.199463  0.109506   2
  1  0  0.938300 -0.323986 -0.068911  0.408374   2
  1  0  0.938300  0.091219 -0.120999  0.603139   4
  1  0  0.938300  0.433293  0.049418  1.042015   2
  1  0  0.938300 -0.502387  0.118966  0.128531   5
  1  0  0.938300 -0.063573 -0.140870  0.120784   1
  1  0  0.938300 -0.234595 -0.223643  0.245931   2
  1  0  0.938300 -0.480810  0.473672  0.530310   5
  1  0  0.938300  0.255038  0.059340  0.452604   2
  1  0  0.938300  0.613544 -0.105114  0.420966   5
  1  0  0.938300 -0.048292  0.035586 -0.081682   1
  1  0  0.938300  0.000798 -0.132581  0.031726   1
  1  0  0.938300 -0.342801 -0.179877  0.437365   4
  1  0  0.938300  0.087375 -0.065458  0.542874   3
  1  0  0.938300  0.140167 -0.036907  0.036023   1
  1  0  0.938300 -0.342777  0.199284  0.028898   5
  1  0  0.938300 -0.524094 -0.317445  0.420911   3
  1  0  0.938300 -0.360482  0.173619  0.533285   4
  1  0  0.938300  0.010021  0.089311  0.137274   1
  1  0  0.938300  0.212579 -0.062941  0.073463   2
  1  0  0.938300 -0.152119 -0.290151  0.089306   3
  1  0  0.938300 -0.047285 -0.375358  0.223338   3
  1  1  0.938300  0.419487  0.008213  0.717721   6
  1  0  0.938300 -0.172526  0.120606  0.301890   3
  1  0  0.938300  0.141175  0.171888  1.079467   5
  1  0  0.938300 -0.346364 -0.229645  0.421791   3
  1  0  0.938300 -0.257151 -0.077521  0.143549   1
  1  0  0.938300 -0.115035 -0.100384  0.073176   2
  1  0  0.938300 -0.060691  0.283324  0.613021   8
  1  0  0.938300  0.000703 -0.087311  0.594497   4
  1  0  0.938300 -0.216528 -0.221878  0.304596  10
  1  0  0.938300 -0.024724 -0.165974 -0.003705   1
  1  0  0.938300  0.230162 -0.061022  0.740450   3
  1  0  0.938300  0.017838 -0.280011  0.543377   3
  1  0  0.938300 -0.293806  0.001844  0.719973   3
  1  0  0.938300 -0.313314  0.326325  0.266781   4
  1  1  0.938300  0.137531 -0.381914  0.529915   7
  1  0  0.938300  0.176792 -0.021735  0.057337   3
  1  0  0.938300  0.020776  0.222934  0.235160   3
  1  0  0.938300 -0.079239  0.023713  0.774625   4
  1  0  0.938300 -0.209801 -0.214123  0.389706   2
  1  0  0.938300  0.331783  0.070867  0.539929   7
  1  0  0.938300 -0.111458 -0.081247  0.924173   5
  1  0  0.938300  0.075153  0.293866  0.210816   4
  1  0  0.938300 -0.008820 -0.151432  0.102128   2
  1  0  0.938300  0.096492  0.285356  0.261288   6
  1  0  0.938300  0.190193 -0.134779  0.280404   5
  1  0  0.938300  0.257302 -0.253025  0.301188   8
  1  1  0.938300  0.243576 -0.215649  1.007415   6
  1  0  0.938300  0.172937 -0.166979  0.220806   2
  1  0  0.938300 -0.008640  0.261705  0.141616   2
  1  0  0.938300 -0.038857 -0.285098  0.186713   2
  1  0  0.938300 -0.207834 -0.005187  0.059647   8
  1  0  0.938300 -0.369372 -0.008439  0.721167   3
  1  0  0.938300 -0.065794 -0.094131  0.483004   2
  1  0  0.938300 -0.209154 -0.333999  0.337683   6
  1  1  0.938300 -0.562280 -0.113280  0.352484   5
  1  0  0.938300  0.050359 -0.273926  0.142844   2
  1  0  0.938300 -0.071203 -0.054795  0.183100   2
  1  0  0.938300 -0.122302 -0.066110  0.469778   7
  1  0  0.938300 -0.112387  0.892333  0.689801   5
  1  0  0.938300  0.276789  0.125428  0.305812   3
  1  0  0.938300  0.302796  0.171369  0.090868   2
  1  0  0.938300  0.112804 -0.196645  0.803220   3
  1  0  0.938300 -0.155907 -0.408120  0.352712   3
  1  0  0.938300 -0.164432  0.229412  0.187215   8
  1  0  0.938300 -0.142310  0.050875  0.651198   5
  1  0  0.938300 -0.041035 -0.330804  0.445425   7
  1  0  0.938300  0.324492  0.327236  0.755029   2
  1  0  0.938300  0.111331  0.080571  0.458160   2
  1  0  0.938300 -0.152391 -0.226931  0.711086   3
  1  0  0.938300  0.061174  0.440167  0.653785   3
  1  0  0.938300  0.135473  0.136031  0.152631   6
  1  1  0.938300  0.349252  0.112453  0.299204  -5
  1  1  0.938300  0.059158 -0.098845  1.140014  -5
  1  1  0.938300 -0.148384 -0.161478  0.669773  -3
  1  1  0.938300  0.097564  0.007116  1.173812  -3
  1  1  0.938300 -0.016011 -0.505619  0.385129  -3
  1  1  0.938300  0.001981 -0.149577  0.427183  -2
  1  1  0.938300 -0.186579  0.011011  0.954871  -5
  1  1  0.938300  0.237047  0.098787  0.645622  -2
  1  1  0.938300  0.038402 -0.311594  0.450247  -2
  1  1  0.938300 -0.048708  0.049004  0.774936  -3
  1  1  0.938300 -0.606453  0.192774  0.661319  -4
  1  1  0.938300 -0.038334  0.189085  1.042133  -1
  1  1  0.938300  0.006603 -0.033859  0.065059 -10
  1  1  0.938300  0.224303  0.134030  0.424283  -2
  1  1  0.938300 -0.054219  0.128916  0.555218  -2
  1  1  0.938300 -0.064762  0.089398  0.069576  -5
  1  1  0.938300  0.011235 -0.334462  0.258670  -3
  1  1  0.938300  0.172093  0.133083  0.407480  -3
  1  1  0.938300  0.040161 -0.109600  0.790332  -7
  1  1  0.938300 -0.245159 -0.001553  0.742423  -2
  1  1  0.938300  0.086996 -0.068257  0.477401  -6
  1  1  0.938300  0.162662  0.061109  0.609170 -13
  1  1  0.938300  0.089495  0.090262  1.021778  -1
  1  1  0.938300  0.212455 -0.059718  1.334539  -4
  1  0  0.938300 -0.078931  0.463898  0.715997  -9
  1  1  0.938300 -0.141797  0.261318  0.312518  -5
  1  1  0.938300  0.296525  0.104727  1.172619  -3
  1  1  0.938300  0.251979  0.555584  0.336207  -3
  1  1  0.938300 -0.102303 -0.103165  0.944383  -1
  1  1  0.938300 -0.189078 -0.054669  0.815745  -2
  1  1  0.938300  0.365170  0.013237  0.010312  -2
  1  1  0.938300 -0.316805 -0.454219  0.701294  -2
  1  1  0.938300  0.526897  0.000154  0.710161  -2
  1  1  0.938300 -0.595651 -0.268890  0.401625  -6
  1  1  0.938300 -0.016643 -0.179005  0.583151  -7
  1  1  0.938300  0.642979 -0.111944  0.724465  -2
  1  1  0.938300 -0.142332 -0.247493  0.698256  -2
  1  1  0.938300 -0.261009 -0.046954  0.624039  -3
  1  1  0.938300 -0.080573 -0.064349  0.848126  -1
  1  1  0.938300  0.126067 -0.150847  0.815600  -1
  1  1  0.938300  0.631986  0.125055  0.261774  -9
  1  1  0.938300 -0.419672 -0.112694  0.243927  -2
  1  1  0.938300  0.202628  0.305072  0.820434  -4
  1  1  0.938300  0.039529 -0.367129  0.064156  -7
  1  1  0.938300  0.362903 -0.043771  0.845406  -4
  1  1  0.938300 -0.043325 -0.007697  0.083877  -7
  1  1  0.938300  0.033527 -0.504861  0.114962  -5
  1  1  0.938300  0.002908  0.183497  1.012005  -4
  1  1  0.938300 -0.097343 -0.344846  0.687294  -2
  1  1  0.938300 -0.301326  0.113519  0.284588  -4
  1  1  0.938300  0.448062 -0.072864  1.104169  -4
  1  1  0.938300 -0.301095 -0.244319  0.668579  -2
  1  1  0.938300 -0.043501 -0.157393  0.741349  -2
  1  1  0.938300 -0.256647 -0.139571  0.901861  -2
  1  1  0.938300  0.261579  0.633225  0.617511  -2
  1  1  0.938300 -0.228317 -0.163558  0.175370  -4
  1  1  0.938300  0.283425  0.442527  0.639054  -4
  1  1  0.938300  0.460403 -0.088440  0.876358  -2
  1  1  0.938300 -0.202951  0.002999  0.142398 -11
  1  0  0.938300  0.222834  0.206152  0.611634 -11
  1  0  0.938300 -0.245810 -0.066275  0.810061  -5
  1  1  0.938300 -0.007900  0.060067  0.855283  -1
  1  1  0.938300  0.022892  0.364173  0.430476  -2
  1  1  0.938300  0.158142 -0.517556  0.606817  -4
  1  1  0.938300  0.199200  0.068397  0.535720  -4
  1  1  0.938300  0.021086  0.043538  0.774690  -1
  1  1  0.938300  0.237810 -0.557347  0.937313  -8
  1  1  0.938300  0.239294 -0.141354  0.133050  -8
  1  1  0.938300 -0.201108  0.059616  0.697695  -1
  1  1  0.938300  0.320507 -0.096275  0.997227  -4
  1  1  0.938300 -0.007053  0.166190  0.309980  -3
  1  1  0.938300 -0.091878 -0.160471  0.817611  -3
  1  1  0.938300 -0.485369  0.070005  0.808724  -3
  1  1  0.938300  0.295524  0.075186  0.682549  -2
  1  1  0.938300 -0.082790 -0.426098  0.174332  -4
  1  1  0.938300  0.154103 -0.061994  0.480064  -4
  1  1  0.938300 -0.141643 -0.275450  0.772367  -3
  1  0  0.938300 -0.345559  0.474554  0.664462  -4
  1  1  0.938300  0.206399  0.074956  1.129041  -5
  1  0  0.938300 -0.179286 -0.078944  0.974231  -1
  1  0  0.938300 -0.374194  0.045758  0.768170  -5
  1  0  0.938300 -0.543128  0.009253  0.799658  -3
  1  0  0.938300 -0.082211 -0.016008  0.748074  -1
  1  0  0.938300  0.400442 -0.128036  0.376340 -11
  1  0  0.938300  0.176627  0.084442  0.243166  -4
  1  0  0.938300 -0.140161  0.175795  0.307725  -3
  1  0  0.938300  0.234186 -0.213800  0.812730  -8
  1  0  0.938300  0.206943 -0.353630  1.049611  -3
  1  0  0.938300 -0.415793  0.019289  0.531313  -7
  1  0  0.938300  0.210144 -0.071806  0.940006  -1
  1  0  0.938300  0.211303 -0.325815  0.048139  -4
  1  0  0.938300  0.145555  0.014850  0.420714  -5
  1  0  0.938300 -0.050469  0.053964 -0.014247  -5
  1  0  0.938300 -0.175543 -0.177633  0.380864  -2
  1  0  0.938300  0.435082  0.449537  0.737059  -3
  1  0  0.938300 -0.209861  0.236126  0.524206  -3
  1  0  0.938300  0.017218 -0.134317  0.178576  -4
  1  0  0.938300  0.339690  0.096765  0.888170  -4
  1  0  0.938300  0.085340  0.052253  0.887728  -1
  1  0  0.938300 -0.281478  0.146740  0.496342  -4
  1  0  0.938300 -0.154885 -0.336823  0.174872  -2
  1  0  0.938300 -0.182526  0.712704  0.042116  -4
  1  0  0.938300 -0.036540  0.089238  1.048530  -1
  1  0  0.938300 -0.324033  0.029230  0.385942  -2
  1  0  0.938300 -0.164639 -0.515302  0.474293  -2
  1  0  0.938300 -0.200664 -0.137535  0.405929  -4
  1  0  0.938300 -0.186869  0.163107  0.524771  -2
  1  1  0.938300 -0.134684  0.023611  0.644312  -6
  1  0  0.938300 -0.003975  0.060318  0.802232  -1
  1  0  0.938300  0.461414 -0.220074  0.940258  -5
  1  0  0.938300 -0.025379  0.214251 -0.057870 -10
  1  0  0.938300 -0.063002 -0.303480  0.925595  -2
  1  0  0.938300 -0.348611 -0.151637  0.061371  -2
  1  0  0.938300 -0.283588 -0.068303  0.630217  -3
  1  0  0.938300  0.012162  0.164200  0.787457  -1
  1  0  0.938300  0.233033  0.571143  0.658951  -6
  1  0  0.938300 -0.322283 -0.083768  0.699072  -3
  1  0  0.938300 -0.348866 -0.242468  0.511178  -4
  1  0  0.938300  0.021796  0.130167  0.744069  -1
  1  0  0.938300 -0.094721  0.025154 -0.326192  -3
  1  0  0.938300 -0.298270  0.039212  0.450411  -3
  1  0  0.938300 -0.222033  0.005533  0.539374  -3
  1  0  0.938300 -0.244234 -0.066644  0.155033  -2
  1  0  0.938300  0.233143 -0.086211  0.590299  -3
  1  0  0.938300 -0.025747  0.262726  0.499255  -8
  1  0  0.938300  0.055880 -0.114771  0.634637  -2
  1  0  0.938300 -0.029443 -0.002928  0.879172  -1
  1  0  0.938300 -0.232011  0.478663  0.909511  -3
  1  0  0.938300 -0.141378  0.611787  0.641569  -4
  1  0  0.938300 -0.084482  0.101202  0.164100  -3
  1  0  0.938300 -0.422184 -0.051976  0.216134  -5
  1  0  0.938300 -0.119946  0.102055  0.592946  -2
  1  0  0.938300  0.240848 -0.012370  0.633019  -2
  1  0  0.938300 -0.268215 -0.256899  0.759898  -2
  1  0  0.938300  0.081582  0.092543 -0.021844  -5
  1  0  0.938300 -0.169471 -0.205792  0.874100  -3
  1  0  0.938300 -0.092399 -0.053590  0.443064  -3
  1  0  0.938300  0.144829  0.108088  0.091651  -5
  1  1  0.938300  0.289228 -0.012843  0.598576  -2
  1  1  0.938300 -0.218151  0.151174  0.352648  -3
  1  0  0.938300  0.167537  0.049419  0.421432  -2
  1  0  0.938300  0.298204 -0.051912  0.744556  -4
  1  0  0.938300 -0.081710 -0.220876  0.935366  -5
  1  0  0.938300  0.228193 -0.328222  0.612280  -2
  1  0  0.938300 -0.014899 -0.023959  1.054654  -1
  1  0  0.938300  0.009848  0.095545  0.555170  -4
  1  0  0.938300 -0.132945  0.280355  0.688328  -6
  1  0  0.938300  0.004053 -0.228180  0.731327  -3
  1  0  0.938300 -0.190215  0.194408  0.282649  -3
  1  0  0.938300 -0.146012 -0.113746  0.318849  -6
  1  0  0.938300 -0.081876  0.012127  0.842546  -1
  1  0  0.938300 -0.409545  0.061080  0.327727  -3
  1  0  0.938300 -0.086038  0.017500  1.059009  -2
  1  0  0.938300  0.059937  0.100998  0.308500  -7
  1  0  0.938300 -0.233614  0.022911  0.722947  -3
  1  0  0.938300 -0.130925  0.238315 -0.003853  -3
  1  0  0.938300 -0.225439 -0.440985  0.708299  -3
  1  0  0.938300 -0.100240  0.221968  0.474725  -5
  1  0  0.938300 -0.112434 -0.153109  1.055896  -2
  1  0  0.938300 -0.033209  0.001189  0.519735  -1
  1  0  0.938300 -0.097332 -0.063470  0.727706  -2
  1  0  0.938300  0.365779 -0.015122  0.292748  -4
  1  0  0.938300 -0.213608 -0.185995  0.174527  -3
  1  0  0.938300  0.006717  0.449415  0.109919  -3
  1  0  0.938300  0.111858 -0.325879  0.274104  -4
  1  0  0.938300 -0.034094  0.081084  0.377244  -2
  1  0  0.938300 -0.164751  0.083946  0.278063  -5
  1  0  0.938300 -0.109480  0.299083  0.540134  -7
  1  0  0.938300 -0.028696  0.183797  0.302159  -5
  1  0  0.938300  0.094121 -0.071333  0.993065  -1
  1  0  0.938300  0.048623 -0.037342  0.638273  -2
  1  0  0.938300 -0.066472  0.107549  0.912690  -2
  1  0  0.938300  0.161229 -0.083772  0.589503  -3
  1  0  0.938300  0.597281  0.051448  0.917802  -4
  1  0  0.938300 -0.061342  0.519653  1.210830  -2
  1  0  0.938300  0.052718  0.097370  0.284673  -4
  1  0  0.938300  0.086934 -0.194088  1.006976  -2
  1  0  0.938300  0.143047 -0.072954  0.519237  -2
  1  0  0.938300  0.277939  0.011712  0.487775  -3
  1  0  0.938300 -0.223429  0.246625  0.157447  -8
  1  0  0.938300  0.154956 -0.647262 -0.197264  -5
  1  0  0.938300 -0.281911 -0.181248  0.301064  -5
  1  0  0.938300  0.217370 -0.105185  0.727166  -3
  1  0  0.938300  0.283755  0.141960  0.791495  -4
  1  0  0.938300  0.136740  0.080231  0.958624  -2
  1  0  0.938300 -0.095361 -0.032296  0.698222  -5
  1  0  0.938300 -0.021655 -0.005314  0.489210  -3
  1  0  0.938300 -0.156869 -0.284145  0.328534  -4
  1  0  0.938300 -0.228705 -0.128266  0.501832  -5
  1  0  0.938300  0.301883 -0.136618  0.091597  -5
  1  0  0.938300 -0.091490 -0.128811  0.989221  -2
  1  0  0.938300  0.300397 -0.242037  0.653554  -5
  1  0  0.938300 -0.164059  0.142122 -0.004297  -5
  1  0  0.938300  0.350877  0.344718  0.033122  -8
  1  0  0.938300 -0.104850  0.132890  0.588729  -7
  1  1  0.938300  0.178750  0.092664  0.502436  -2
  1  0  0.938300  0.256329 -0.406125  0.640327  -5