  1  1  0.938300  0.928971  0.467341  0.698090   5
  1  1  0.938300 -0.636854  0.097735  0.832194   2
  1  1  0.938300 -0.113180 -0.303714  0.235335   3
  1  1  0.938300  0.106455  0.004987  0.009371   1
  1  1  0.938300 -0.372876  0.274885  0.641873   5
  1  1  0.938300  0.028143  0.241099  0.461314  10
  1  1  0.938300  0.262451  0.018151  0.469584   5
  1  1  0.938300 -0.016397  0.270754  0.186822   3
  1  0  0.938300  0.289052  0.135681  0.077105   2
  1  1  0.938300 -0.255271 -0.079904  0.501066   3
  1  1  0.938300 -0.258713  0.378296  0.494505   4
  1  1  0.938300 -0.284528  0.115517  0.543392   3
  1  1  0.938300  0.159761  0.055663  0.235821   3
  1  1  0.938300 -0.058839  0.220895 -0.008806   3
  1  1  0.938300  0.096605 -0.419460  0.312593   4
  1  1  0.938300  0.265439  0.170159  0.707335   4
  1  1  0.938300  0.009037 -0.023009  0.158440   7
  1  1  0.938300  0.386156  0.225840  0.203092   4
  1  1  0.938300  0.129890  0.169792 -0.028633   3
  1  1  0.938300  0.110692  0.252652  0.529351   4
  1  1  0.938300  0.136948  0.164783  0.367332   5
  1  1  0.938300  0.086663  0.060050  0.048208   1
  1  1  0.938300 -0.367645  0.323311  0.771568   5
  1  0  0.938300  0.344008  0.278318  0.457646   3
  1  1  0.938300 -0.233284  0.122291  0.865766   4
  1  1  0.938300 -0.425745 -0.057626  0.626841   2
  1  1  0.938300 -0.145113 -0.275552  0.785514   6
  1  1  0.938300 -0.206135  0.229966  0.153485   2
  1  1  0.938300 -0.046284 -0.466632  0.093449   3
  1  1  0.938300  0.137068 -0.104682  0.606923   5
  1  1  0.938300  0.009448 -0.464233  0.290239   3
  1  0  0.938300  0.029580 -0.059717  0.491284   8
  1  1  0.938300  0.147484 -0.316364  1.332799   3
  1  1  0.938300 -0.025185  0.002479  0.405547   1
  1  1  0.938300  0.050184  0.361009  0.522200   2
  1  1  0.938300 -0.252017 -0.211407  1.271346   3
  1  1  0.938300  0.258366 -0.192610  0.677037   7
  1  1  0.938300 -0.066512  0.017142  0.089823   1
  1  1  0.938300  0.006469  0.127216  0.144678   1
  1  1  0.938300 -0.442394  0.214985  0.088746   2
  1  1  0.938300 -0.013681  0.039237  0.569406   6
  1  1  0.938300  0.160003  0.340399  0.696501   8
  1  1  0.938300 -0.736923 -0.204373  0.833046   8
  1  1  0.938300 -0.013224 -0.024708  0.244736   3
  1  1  0.938300 -0.085368 -0.351041  0.910273   9
  1  1  0.938300  0.062407 -0.130566  0.155515   1
  1  0  0.938300  0.058157  0.028274  0.393088   4
  1  1  0.938300 -0.035299  0.126832  0.975541   2
  1  1  0.938300  0.096740 -0.102709  0.233407   4
  1  1  0.938300 -0.403740 -0.258515  0.503406   4
  1  1  0.938300 -0.298385  0.173858  0.380720   2
  1  1  0.938300  0.022930 -0.276033  1.205312   3
  1  1  0.938300  0.594104  0.384729  0.625862   3
  1  1  0.938300  0.220752  0.358871  0.915354   3
  1  1  0.938300  0.279938  0.111251  0.311244   6
  1  1  0.938300  0.017497 -0.050893 -0.046019   1
  1  1  0.938300 -0.111271 -0.070830  0.245318   5
  1  1  0.938300 -0.369662  0.037962  0.597536   4
  1  1  0.938300 -0.141967 -0.375371  0.720244   9
  1  1  0.938300 -0.105119  0.095312  0.291852   5
  1  1  0.938300  0.348130  0.129053  0.415626   2
  1  0  0.938300  0.096650 -0.080979  0.285539   2
  1  1  0.938300 -0.456928 -0.175971  0.590266   8
  1  1  0.938300  0.128332  0.076721  0.962805   4
  1  1  0.938300 -0.169493  0.614614  0.360206   2
  1  1  0.938300  0.103505 -0.294028  0.184819   7
  1  1  0.938300  0.055979  0.467152  0.254431   4
  1  1  0.938300 -0.205554 -0.134963  0.458134   2
  1  1  0.938300  0.215859 -0.021609  0.237014   2
  1  1  0.938300  0.098848  0.061211  0.295958   4
  1  1  0.938300 -0.116916  0.113155  0.331843   4
  1  1  0.938300 -0.068808  0.002645  0.347474   5
  1  1  0.938300  0.149357 -0.082644  0.054946   2
  1  1  0.938300  0.307362 -0.525953  0.364657   4
  1  1  0.938300 -0.328834  0.529801  0.921066   3
  1  1  0.938300  0.092255 -0.198612  0.681239   4
  1  0  0.938300  0.002186 -0.368956  0.509716   6
  1  1  0.938300  0.188571  0.234687  0.320889   3
  1  1  0.938300  0.113566 -0.084729  0.734629   3
  1  0  0.938300 -0.231819 -0.345429  0.657619   3
  1  0  0.938300 -0.101617 -0.173599  0.101420   1
  1  0  0.938300  0.149921  0.270609  0.195783   8
  1  0  0.938300  0.185417  0.196399  0.459356   6
  1  0  0.938300  0.084192  0.303563  0.197850   2
  1  0  0.938300  0.139979  0.250111  0.026977   4
  1  0  0.938300  0.222497 -0.175565  0.529826   4
  1  0  0.938300 -0.167072 -0.408688  0.607701   3
  1  0  0.938300  0.014948 -0.008315  0.060014   1
  1  0  0.938300 -0.085489  0.404579  0.268207   2
  1  0  0.938300  0.083315 -0.464900  0.339111   3
  1  0  0.938300  0.076737  0.089131  0.127734   5
  1  0  0.938300 -0.091759 -0.076213  0.808427   4
  1  0  0.938300 -0.165856 -0.265972  0.070296   4
  1  0  0.938300  0.281432  0.219574  0.543970   3
  1  0  0.938300 -0.067043 -0.116666 -0.015421   3
  1  0  0.938300 -0.272045 -0.021413  0.372467   4
  1  0  0.938300 -0.071323 -0.029361  0.618235   5
  1  1  0.938300 -0.113305 -0.195035  0.609863   3
  1  0  0.938300 -0.184394 -0.152697  0.067759   6
  1  0  0.938300 -0.173443 -0.121361  0.644017   4
  1  0  0.938300  0.326246 -0.050157  0.423413   4
  1  0  0.938300 -0.174381 -0.492467  0.496674   4
  1  0  0.938300 -0.064149  0.531086  0.929147   8
  1  0  0.938300 -0.364077  0.039476  0.678624   2
  1  1  0.938300  0.202950  0.016368  0.585930   5
  1  0  0.938300  0.327228 -0.661124  0.840604   3
  1  0  0.938300 -0.340714  0.130340  0.589247   4
  1  0  0.938300 -0.100440 -0.088247  0.111734   1
  1  0  0.938300  0.690205 -0.292089  0.114045   5
  1  0  0.938300  0.054706 -0.171165  0.072130   2
  1  0  0.938300 -0.002986 -0.229250  0.078192   6
  1  0  0.938300  0.511007  0.368478  1.158919   4
  1  0  0.938300  0.196385  0.197201  0.036238   2
  1  0  0.938300 -0.133726  0.004274  0.302328   2
  1  0  0.938300  0.210021 -0.098912  0.288255   3
  1  0  0.938300  0.011804 -0.042948  0.645728   3
  1  0  0.938300  0.003391  0.270630  0.246634   3
  1  0  0.938300 -0.367439 -0.002414  0.355238   7
  1  0  0.938300  0.003853 -0.504385  0.218984   7
  1  0  0.938300  0.152849 -0.080566  0.324824   6
  1  0  0.938300 -0.087008 -0.130847  0.423805   1
  1  0  0.938300  0.061156 -0.294197  0.238166   3
  1  0  0.938300  0.021358 -0.161492  0.234217   1
  1  0  0.938300  0.061071 -0.050219 -0.172084   1
  1  0  0.938300  0.075470 -0.022699  0.188591   4
  1  0  0.938300 -0.438212  0.080309  0.694733   5
  1  0  0.938300  0.286737  0.007959  0.131692   2
  1  0  0.938300  0.258100  0.295235  0.383663   7
  1  0  0.938300  0.222065  0.125435  0.397023   3
  1  0  0.938300  0.140155  0.147308  0.745836   3
  1  0  0.938300 -0.381411  0.086694  0.384322   3
  1  0  0.938300 -0.242531 -0.250404  0.569654  10
  1  0  0.938300 -0.256717  0.286198  0.518535   5
  1  0  0.938300  0.480105  0.096946  0.766043   3
  1  0  0.938300  0.052340  0.255150  0.407010   2
  1  0  0.938300 -0.102866 -0.284141  0.910881   3
  1  0  0.938300  0.060145 -0.045576  0.687376  10
  1  1  0.938300  0.152911 -0.369690  0.682648   9
  1  0  0.938300  0.130717 -0.374255  0.375536   3
  1  0  0.938300  0.040907  0.073649  0.105794   6
  1  0  0.938300 -0.179718 -0.016365  0.518125   3
  1  0  0.938300 -0.003984 -0.051728  0.329208   7
  1  0  0.938300  0.087741 -0.078999  0.120023   1
  1  1  0.938300 -0.218812 -0.257367  0.050415  12
  1  0  0.938300  0.024094  0.153895  0.389114   3
  1  0  0.938300 -0.060903  0.003806  0.182976   5
  1  0  0.938300 -0.223519  0.079484  0.315760   5
  1  0  0.938300  0.279961  0.279461  0.724285   3
  1  0  0.938300  0.197624 -0.261489  0.033678   5
  1  0  0.938300 -0.503566 -0.371257  0.712908   3
  1  0  0.938300 -0.253209  0.072262 -0.087766   5
  1  0  0.938300  0.123273  0.144067  0.346025   2
  1  0  0.938300  0.037283 -0.092043  0.409255   2
  1  0  0.938300  0.287097 -0.043956  0.790676   6
  1  0  0.938300  0.042061  0.287753  0.081157   3
  1  0  0.938300 -0.043698  0.084097 -0.010394   2
  1  1  0.938300  0.005083  0.102853  0.497972   3
  1  0  0.938300 -0.126357 -0.138649  0.234495   3
  1  0  0.938300  0.294453 -0.001666  0.374837   3
  1  0  0.938300 -0.058572  0.526342  0.158536   2
  1  0  0.938300 -0.101630 -0.082184  0.087995   5
  1  0  0.938300 -0.096643  0.189812  0.050439   1
  1  0  0.938300  0.026699  0.160619  0.151841   1
  1  0  0.938300  0.498921  0.186936  0.338778   3
  1  0  0.938300 -0.074272 -0.100991 -0.113526   2
  1  0  0.938300 -0.183230  0.293153  0.293543   3
  1  0  0.938300 -0.076521 -0.404610 -0.065869   2
  1  0  0.938300 -0.007775 -0.188560  0.408965   2
  1  0  0.938300  0.397165  0.237814  0.332737   3
  1  0  0.938300 -0.115715  0.535188  0.642397   3
  1  0  0.938300 -0.380359  0.232259  0.394068   3
  1  0  0.938300  0.066247 -0.383512  0.396287   4
  1  1  0.938300  0.044631 -0.259669  0.258722   4
  1  0  0.938300  0.106066  0.087773  0.796306   4
  1  0  0.938300  0.129266  0.096963 -0.113404   1
  1  0  0.938300 -0.057124  0.318955  0.379824   3
  1  0  0.938300  0.051514 -0.371524  0.318343   2
  1  0  0.938300  0.018129 -0.160277  0.211882   7
  1  0  0.938300  0.013083 -0.163704  0.573436   6
  1  0  0.938300  0.282164  0.362792  0.741198   5
  1  0  0.938300  0.011512 -0.220938  0.172287   2
  1  0  0.938300  0.157298 -0.173331  0.352348   2
  1  0  0.938300  0.180970  0.335289  0.423177   7
  1  0  0.938300  0.366179 -0.275809  0.429749   4
  1  0  0.938300 -0.280602 -0.162584  0.138482   2
  1  0  0.938300 -0.169760  0.551787  0.097844   2
  1  0  0.938300  0.142495 -0.252374  0.600717   3
  1  0  0.938300 -0.357914  0.229256  0.836390   2
  1  0  0.938300 -0.248762  0.177338  0.720383   5
  1  0  0.938300 -0.119793  0.137436  0.465619   4
  1  0  0.938300  0.236137 -0.086443  0.625235   4
  1  0  0.938300 -0.066380 -0.010415  0.383543   2
  1  0  0.938300  0.134002  0.157723  0.513966   5
  1  0  0.938300  0.207179  0.002306  0.167445   1
  1  0  0.938300  0.160884 -0.215604  0.588239   4
  1  0  0.938300 -0.007072  0.026111  0.231897   1
  1  1  0.938300 -0.041500  0.251289  0.360895   3
  1  1  0.938300 -0.244965 -0.346498  0.395978  -2
  1  1  0.938300 -0.809967 -0.122363  0.578336  -7
  1  1  0.938300 -0.207721  0.011744  0.507120  -2
  1  1  0.938300 -0.375256  0.203066  1.127072  -4
  1  1  0.938300  0.025971  0.102288  0.293082  -3
  1  1  0.938300 -0.236512  0.080331  0.210388  -7
  1  1  0.938300  0.478061  0.100963  0.809374  -2
  1  1  0.938300  0.021286 -0.268533  1.138814  -6
  1  1  0.938300  0.541937 -0.342018  0.428601  -3
  1  1  0.938300 -0.032364 -0.098016  0.728606  -4
  1  1  0.938300 -0.139251  0.212293  0.101993  -5
  1  1  0.938300  0.440196  0.260042  0.523214  -4
  1  1  0.938300 -0.494971 -0.126186  0.526998  -5
  1  1  0.938300  0.119492  0.168355  0.438388  -4
  1  1  0.938300 -0.450528 -0.209687  0.631576  -3
  1  1  0.938300  0.026846  0.030059  0.575374  -1
  1  1  0.938300  0.077255  0.149923  0.780763  -4
  1  1  0.938300  0.451221  0.002702  0.451801  -2
  1  1  0.938300  0.167648  0.268664  1.322386  -2
  1  1  0.938300  0.405122  0.420912  0.102052  -4
  1  0  0.938300 -0.360450 -0.333414  0.633875  -8
  1  1  0.938300  0.089190 -0.293573  0.593164  -2
  1  1  0.938300 -0.034856 -0.202891  0.462275  -3
  1  1  0.938300  0.187609  0.255784  1.129589  -4
  1  1  0.938300 -0.261825  0.058509  0.428425  -2
  1  1  0.938300 -0.130118 -0.180247  0.654581  -2
  1  1  0.938300  0.061060  0.046530  0.088599  -4
  1  1  0.938300 -0.163688  0.118117  0.807005  -1
  1  1  0.938300 -0.152942 -0.079043  0.416540  -5
  1  1  0.938300 -0.052405  0.037822  0.820970  -4
  1  1  0.938300  0.360818 -0.888505  1.053788  -2
  1  1  0.938300  0.140699  0.193617  0.648914  -2
  1  1  0.938300  0.055591 -0.293242  0.648351  -2
  1  1  0.938300 -0.241101 -0.060135  1.190497  -6
  1  1  0.938300  0.000691 -0.013013  0.922921  -1
  1  1  0.938300  0.190943 -0.085739  0.677292  -4
  1  0  0.938300  0.193225  0.800466 -0.079898  -7
  1  1  0.938300 -0.171733  0.077489  0.419399  -8
  1  1  0.938300 -0.157903 -0.171958  1.044256  -2
  1  1  0.938300  0.308683  0.412012  0.473598  -2
  1  1  0.938300 -0.138094  0.262162  0.968134  -4
  1  1  0.938300 -0.255118 -0.083452  0.334037  -5
  1  1  0.938300 -0.492228 -0.114113  0.264117  -5
  1  1  0.938300  0.529942 -0.161603  0.807437  -5
  1  1  0.938300 -0.535097  0.249397  0.495399  -4
  1  1  0.938300  0.669317 -0.187050  0.940855  -7
  1  1  0.938300  0.379741  0.157347  0.284040  -4
  1  1  0.938300  0.148331 -0.094425  0.810960  -1
  1  1  0.938300 -0.019183 -0.565731  0.729039  -2
  1  1  0.938300 -0.047405  0.031729  0.955108  -4
  1  1  0.938300 -0.168863 -0.586992  0.352650  -2
  1  1  0.938300 -0.200006  0.168936  0.161854  -3
  1  1  0.938300  0.017321 -0.282809 -0.012500  -3
  1  1  0.938300 -0.018547  0.500559  0.692062  -4
  1  1  0.938300  0.187963 -0.420187  0.590908  -3
  1  1  0.938300  0.015257 -0.279628  0.585168  -3
  1  1  0.938300 -0.076872 -0.177417  0.466126  -3
  1  1  0.938300  0.165390 -0.358175  0.213674  -4
  1  1  0.938300 -0.173780 -0.181222  0.131834  -4
  1  0  0.938300 -0.071449  0.434998  0.641965  -6
  1  1  0.938300  0.177433 -0.137981  0.367091 -11
  1  1  0.938300  0.022850  0.003079  0.579294  -7
  1  1  0.938300  0.018689  0.360581  0.546251  -5
  1  1  0.938300  0.118291 -0.288280  0.555606  -3
  1  1  0.938300  0.142566 -0.194984  0.880306  -2
  1  1  0.938300  0.456284  0.102326  0.892562  -3
  1  1  0.938300 -0.132310 -0.120784  0.891458  -2
  1  1  0.938300 -0.179303 -0.174489  1.001455  -2
  1  1  0.938300  0.028437 -0.136139  0.803479  -2
  1  0  0.938300 -0.256482 -0.051254  0.336245  -4
  1  1  0.938300  0.162646  0.514009  0.665032  -7
  1  1  0.938300  0.101424  0.813506  0.213262  -2
  1  1  0.938300 -0.018348  0.408665  0.684470  -3
  1  1  0.938300  0.218355 -0.151644  0.926188  -1
  1  1  0.938300 -0.263642 -0.189509  0.395973  -2
  1  1  0.938300  0.458856 -0.151491  0.252143  -4
  1  1  0.938300  0.165244 -0.363198  0.513543  -3
  1  1  0.938300 -0.011723 -0.006665  0.694657  -8
  1  1  0.938300  0.178583 -0.061872 -0.090920  -2
  1  0  0.938300 -0.286636  0.049078  0.362596  -4
  1  0  0.938300  0.230123 -0.153814  0.405450  -2
  1  0  0.938300 -0.016055  0.039676  0.595757  -3
  1  0  0.938300 -0.253023  0.117022  0.388435  -3
  1  0  0.938300 -0.312095 -0.162632  0.635813  -9
  1  0  0.938300 -0.131303 -0.356972  0.717282  -6
  1  0  0.938300 -0.048459  0.188302  0.355703  -2
  1  0  0.938300  0.082431  0.045895  0.851614  -1
  1  0  0.938300 -0.095064 -0.145942  0.443317  -5
  1  0  0.938300  0.090516  0.010044  1.162564  -4
  1  0  0.938300  0.343340  0.200305  0.504234  -3
  1  0  0.938300  0.146675 -0.136504  0.921825  -7
  1  0  0.938300 -0.133668 -0.141477 -0.052036  -3
  1  0  0.938300  0.474766  0.033355  0.280457  -2
  1  0  0.938300  0.052648 -0.171203  0.742150  -3
  1  0  0.938300 -0.485777  0.615556  1.009810  -3
  1  0  0.938300 -0.022425 -0.536270  0.296086  -4
  1  0  0.938300 -0.020536  0.004223  0.399741  -3
  1  0  0.938300  0.118227  0.055170  0.327957  -4
  1  0  0.938300 -0.193053  0.591510  0.969125  -4
  1  0  0.938300  0.080998 -0.182979  0.611860  -6
  1  0  0.938300  0.025671  0.199740  0.670578  -3
  1  0  0.938300 -0.261448 -0.132756  0.609842  -3
  1  0  0.938300 -0.163170 -0.123021  0.208591  -7
  1  0  0.938300 -0.350278 -0.239834  0.793044  -5
  1  0  0.938300  0.098405  0.075869  0.822149  -1
  1  0  0.938300  0.295014 -0.208352  0.821190  -3
  1  0  0.938300 -0.181077  0.274758  0.595926  -8
  1  0  0.938300 -0.197540 -0.384915  0.269937  -2
  1  1  0.938300  0.227873 -0.235822  0.745833  -6
  1  0  0.938300 -0.030928  0.135304  0.289238  -3
  1  0  0.938300  0.246145  0.173595  0.508811  -3
  1  0  0.938300 -0.561338  0.077683  0.546207  -4
  1  0  0.938300 -0.285264 -0.502507  0.619884  -2
  1  0  0.938300  0.192912 -0.019008  0.966355  -3
  1  0  0.938300  0.342745  0.100053  0.516130  -4
  1  0  0.938300  0.090800  0.074992  0.537226  -4
  1  0  0.938300 -0.184905 -0.400825  0.359652  -5
  1  0  0.938300 -0.315568 -0.254476  0.877772  -3
  1  0  0.938300  0.047884  0.012085  0.745725  -1
  1  0  0.938300  0.048070  0.186661  0.127777  -7
  1  0  0.938300  0.247353  0.141316  0.081313  -3
  1  0  0.938300 -0.410689 -0.022997  1.240554  -5
  1  0  0.938300  0.476740 -0.306603  0.293200  -5
  1  0  0.938300  0.124885  0.116282  0.732094  -3
  1  0  0.938300 -0.094532  0.094866  0.233918  -6
  1  0  0.938300 -0.298136  0.311170  0.372973  -3
  1  0  0.938300  0.156277 -0.341664 -0.077787  -6
  1  0  0.938300 -0.161813  0.412561  0.951657  -5
  1  0  0.938300  0.007613 -0.013073  0.522957  -2
  1  0  0.938300  0.046708  0.104270  0.211121  -6
  1  1  0.938300 -0.093797 -0.378625  0.606980  -5
  1  0  0.938300 -0.204943  0.206705  0.335666  -3
  1  0  0.938300 -0.072064 -0.253819  0.600807  -3
  1  0  0.938300 -0.008413 -0.144401  0.379632  -5
  1  0  0.938300  0.045583 -0.153292  0.467695  -2
  1  0  0.938300  0.250447  0.307814  0.553987  -4
  1  1  0.938300  0.155632 -0.172461  1.045380  -4
  1  0  0.938300 -0.032078 -0.153391  0.613872  -2
  1  0  0.938300 -0.241411  0.077914  0.660080  -6
  1  0  0.938300 -0.265736 -0.300116  0.389004  -3
  1  0  0.938300  0.032372 -0.179069  0.487757  -5
  1  1  0.938300 -0.121918 -0.378116  0.218192  -5
  1  0  0.938300  0.230407  0.344239  0.887875  -3
  1  0  0.938300 -0.479298  0.084300  0.645907  -4
  1  0  0.938300 -0.052289 -0.112028  0.574585  -8
  1  0  0.938300  0.035022  0.192653 -0.006710  -2
  1  0  0.938300  0.141147 -0.187138  0.325771  -2
  1  0  0.938300  0.298127 -0.656240  0.943840 -12
  1  0  0.938300 -0.275425  0.453587  0.647435  -2
  1  0  0.938300 -0.051130 -0.010558  0.197638  -5
  1  0  0.938300  0.089393 -0.019571  0.242787  -3
  1  0  0.938300 -0.031204 -0.139997  0.209110  -4
  1  0  0.938300 -0.107917  0.059531  0.810579  -1
  1  0  0.938300  0.135964 -0.172828  0.836829  -2
  1  0  0.938300  0.123915 -0.181029  0.303154  -4
  1  0  0.938300  0.414877  0.416625  1.021421  -5
  1  0  0.938300  0.118599 -0.404415 -0.036280  -3
  1  0  0.938300 -0.081790 -0.021411  0.111230  -7
  1  0  0.938300 -0.072676  0.048236  1.015150  -4
  1  0  0.938300  0.044225 -0.385878  0.519979  -6
  1  0  0.938300 -0.220650  0.057143  0.801214  -3
  1  0  0.938300  0.161336  0.113453  0.585623  -5
  1  0  0.938300 -0.506949 -0.108959  0.823011  -4
  1  0  0.938300  0.140956  0.417696  0.416602  -6
  1  0  0.938300 -0.069208  0.195734 -0.010302  -6
  1  0  0.938300  0.331238  0.100100  0.649719  -2
  1  0  0.938300  0.297627 -0.106396  0.531134  -4
  1  0  0.938300  0.097584 -0.026004  0.190014  -5
  1  0  0.938300  0.365302 -0.020652  0.772049  -6
  1  0  0.938300 -0.293795  0.207967  0.450215  -5
  1  0  0.938300  0.132542  0.054478  0.519001  -3
  1  0  0.938300  0.155315 -0.030424  0.571019  -2
  1  0  0.938300  0.221491  0.375114  0.287378  -6
  1  0  0.938300 -0.174130  0.370949  1.029218  -2
  1  0  0.938300  0.583426 -0.593347  0.382784  -9
  1  0  0.938300  0.033781  0.016594  0.677591  -7
  1  0  0.938300 -0.112774  0.369483  0.708754  -8
  1  0  0.938300  0.121035  0.115141  0.306772  -5
  1  0  0.938300  0.105535 -0.120179  0.857212  -1
  1  0  0.938300  0.306302  0.130318  0.445189  -3
  1  0  0.938300  0.025542  0.023977  0.711434  -3
  1  0  0.938300 -0.149941  0.324998  0.029789  -5
  1  0  0.938300  0.186018 -0.201339  0.882658  -3
  1  0  0.938300 -0.535846 -0.015221  0.680517  -4
  1  0  0.938300  0.079465 -0.304444  0.673136  -8
  1  0  0.938300  0.328659  0.038770  0.548925  -5
  1  1  0.938300  0.225882 -0.107854  0.464157  -8
  1  1  0.938300 -0.054151  0.039865  0.208410  -3
  1  0  0.938300  0.584585  0.569917  0.970796  -2
  1  0  0.938300 -0.067590  0.208650  0.184220  -3
  1  0  0.938300 -0.092937 -0.051728  0.298720  -2
  1  0  0.938300  0.272657 -0.208365  0.537099  -2
  1  0  0.938300  0.442645  0.057350  0.625910  -5
  1  0  0.938300 -0.129297 -0.231197  0.888770  -2
  1  0  0.938300 -0.217516 -0.314189  0.460026  -2
  1  0  0.938300  0.232025  0.092786  0.134290  -3
  1  0  0.938300 -0.238496  0.030942  0.047767  -2