  1  1  0.938300  0.121202 -0.041817  0.600161   4
  1  1  0.938300 -0.501869 -0.337290  0.333777   4
  1  1  0.938300 -0.023198 -0.480419  0.715712   4
  1  1  0.938300 -0.230355 -0.225549  0.726541   3
  1  1  0.938300 -0.028500 -0.032308  0.290857   3
  1  1  0.938300 -0.353038 -0.043739  0.426540   4
  1  1  0.938300  0.051576 -0.025572  0.011193   5
  1  1  0.938300 -0.016065 -0.019429  0.316597   2
  1  1  0.938300  0.135773  0.273899  1.086780   4
  1  1  0.938300 -0.144336 -0.390278  0.662096   7
  1  1  0.938300 -0.252820  0.038229  0.283364   4
  1  1  0.938300  0.020883 -0.088135  0.039333   1
  1  1  0.938300  0.394598 -0.462576  0.312989   5
  1  1  0.938300  0.163540  0.329018  0.365297   2
  1  1  0.938300  0.729303 -0.663529  0.080934   5
  1  1  0.938300 -0.040422  0.021027 -0.066234   1
  1  1  0.938300  0.140014  0.276339  0.402303   2
  1  1  0.938300  0.157117 -0.385681  0.120796   3
  1  1  0.938300 -0.024867 -0.043363  0.436257   4
  1  1  0.938300 -0.236210  0.324670 -0.171481   3
  1  1  0.938300  0.278286 -0.101866  0.957917   6
  1  1  0.938300  0.092300  0.242850  0.236228   4
  1  1  0.938300 -0.026987 -0.237041  0.378199   5
  1  1  0.938300  0.043834 -0.117996  0.131492   1
  1  1  0.938300 -0.210789  0.187997  0.844219   5
  1  0  0.938300 -0.089743  0.214651  0.473792   6
  1  1  0.938300 -0.159772  0.305079  0.388916   2
  1  1  0.938300  0.051454  0.384340  0.354604   3
  1  1  0.938300  0.225551  0.004121  0.243813   3
  1  1  0.938300  0.123860  0.072051  0.345374   4
  1  1  0.938300  0.167445  0.345981  0.772186   2
  1  1  0.938300 -0.398519  0.223562  0.328868   3
  1  1  0.938300  0.391357 -0.034347  0.446260   3
  1  1  0.938300  0.171981 -0.139534  0.445412   2
  1  1  0.938300  0.146741 -0.033782  0.209025   1
  1  1  0.938300  0.008477  0.251385  0.034514   4
  1  1  0.938300  0.038986 -0.276587  0.175719   4
  1  1  0.938300  0.072561  0.427172  0.127939   6
  1  1  0.938300  0.103889 -0.236633  0.486817   4
  1  1  0.938300 -0.247805 -0.260506  0.395678   4
  1  1  0.938300  0.084872 -0.042469  0.158145   1
  1  1  0.938300  0.507890  0.315724  0.873492   5
  1  1  0.938300 -0.358650 -0.173110  0.581426   2
  1  1  0.938300 -0.002016  0.151438  0.452799   6
  1  1  0.938300  0.078041 -0.308164  0.204631   5
  1  1  0.938300 -0.500755  0.316479  0.415541   2
  1  1  0.938300 -0.186146  0.165920  0.234095   2
  1  1  0.938300 -0.117099 -0.333084  0.766325   5
  1  1  0.938300  0.272780 -0.030695  0.174706   2
  1  1  0.938300  0.407433  0.130363  0.605596   7
  1  1  0.938300  0.304254 -0.235535 -0.051822   3
  1  1  0.938300 -0.246760 -0.114351  0.033082   5
  1  1  0.938300 -0.023333  0.089708  0.209990   3
  1  0  0.938300 -0.205097 -0.078971  0.285698   6
  1  1  0.938300  0.246825  0.086481  0.622364   3
  1  1  0.938300  0.079923  0.071253  0.190827   2
  1  1  0.938300  0.100616 -0.124244  0.349258   5
  1  1  0.938300  0.068565 -0.007088  0.531245   2
  1  1  0.938300  0.199229 -0.212157  0.116084   6
  1  1  0.938300 -0.093265 -0.123882  0.279144   7
  1  1  0.938300  0.009442 -0.328552  0.708469   6
  1  1  0.938300  0.242796 -0.608081  0.454447   4
  1  1  0.938300  0.060691  0.055707  0.359170   4
  1  1  0.938300 -0.095244  0.120899  0.202415   2
  1  0  0.938300  0.139808 -0.020280  0.658772   9
  1  1  0.938300  0.112082  0.159342  0.224658   4
  1  1  0.938300  0.001710  0.128422 -0.269688   2
  1  1  0.938300 -0.061934 -0.243402  0.478701   3
  1  1  0.938300  0.082034 -0.015224  0.014872   1
  1  1  0.938300 -0.395702  0.014891  0.852860   6
  1  1  0.938300 -0.260277  0.077579  0.238356   3
  1  1  0.938300  0.514542 -0.156834  0.213612   2
  1  1  0.938300  0.001293  0.186265  0.787986   6
  1  1  0.938300  0.317539  0.041588  0.120158   4
  1  1  0.938300  0.091436 -0.016050  0.018765   1
  1  1  0.938300 -0.098002 -0.114970  0.629515   6
  1  1  0.938300  0.260513  0.090425  0.893627   6
  1  0  0.938300 -0.231017  0.113164 -0.186265   2
  1  1  0.938300 -0.078049  0.121949  0.471731   3
  1  0  0.938300  0.339782 -0.165038  0.785096   3
  1  0  0.938300 -0.004412 -0.295546  0.700700   3
  1  0  0.938300 -0.115445  0.191115  0.786890   3
  1  0  0.938300  0.025892 -0.047940  0.025989   2
  1  0  0.938300 -0.247250  0.009318  0.245133   6
  1  0  0.938300 -0.032184 -0.168473  0.201941   1
  1  0  0.938300 -0.239785  0.011622  0.408945   4
  1  0  0.938300 -0.236722 -0.131751  0.896316   4
  1  0  0.938300 -0.126873 -0.298561  1.131541   8
  1  0  0.938300 -0.212746  0.029756  0.275893   2
  1  0  0.938300 -0.351373 -0.008085  0.519965   4
  1  0  0.938300  0.024611 -0.193371  0.485334   4
  1  0  0.938300  0.110245  0.130782  0.000135   2
  1  0  0.938300  0.357750 -0.169261 -0.076321   3
  1  0  0.938300 -0.479474 -0.240519  1.049023   2
  1  0  0.938300 -0.328710 -0.199749  0.161299   3
  1  0  0.938300  0.190396  0.305597  0.285559   6
  1  1  0.938300 -0.006292  0.104575 -0.002471   3
  1  0  0.938300  0.235223 -0.092512  0.349924   3
  1  0  0.938300 -0.361633 -0.292040  0.216410   3
  1  0  0.938300 -0.433381 -0.201177  0.182638   4
  1  0  0.938300 -0.183594  0.047377  0.514494   3
  1  0  0.938300  0.213113 -0.088189  0.654169   3
  1  0  0.938300  0.093725 -0.326044  0.410535   2
  1  0  0.938300 -0.114544 -0.093793  0.209298   4
  1  0  0.938300  0.268166  0.367489  0.466974   7
  1  0  0.938300  0.076212 -0.185560 -0.119780   3
  1  0  0.938300  0.207034  0.127291  0.209520   3
  1  0  0.938300 -0.019764 -0.003233  0.810781   3
  1  0  0.938300 -0.010982 -0.152728  0.296536   1
  1  0  0.938300 -0.115752  0.321900  0.422256   6
  1  0  0.938300  0.410273 -0.347930  0.412575   2
  1  0  0.938300 -0.155531  0.095315  0.305502   8
  1  0  0.938300  0.316759  0.170981  0.002187   3
  1  0  0.938300 -0.093775  0.239982  0.213209   2
  1  0  0.938300 -0.226997  0.313804  0.047738   3
  1  0  0.938300  0.132936  0.049252  0.476355   3
  1  0  0.938300 -0.025632 -0.302571  0.324654   4
  1  0  0.938300 -0.505781 -0.105535  1.082721   6
  1  0  0.938300  0.368207  0.165579  0.675353   6
  1  0  0.938300  0.088071 -0.119720  0.282610   2
  1  0  0.938300  0.049165 -0.304955  0.786967   3
  1  0  0.938300  0.127509 -0.118544  0.526257   3
  1  0  0.938300 -0.113905  0.045054  0.033273   1
  1  0  0.938300 -0.053042 -0.174966  0.481175   5
  1  0  0.938300 -0.030987  0.472215  0.005529   3
  1  0  0.938300 -0.165133 -0.383930  0.620106   4
  1  1  0.938300 -0.260422  0.130541  0.457138   4
  1  0  0.938300 -0.158209  0.095968  0.532622   2
  1  0  0.938300 -0.366952  0.003382  0.765717   6
  1  0  0.938300 -0.046608  0.038466  0.777920   2
  1  0  0.938300  0.041919 -0.006193  0.094315   7
  1  0  0.938300  0.038456 -0.236871  0.258631   6
  1  0  0.938300  0.029830 -0.250114  0.757183   6
  1  0  0.938300 -0.461884  0.024447  0.745979   2
  1  0  0.938300  0.011138  0.131199  0.802458   2
  1  0  0.938300  0.283309  0.277601  0.502943   2
  1  0  0.938300 -0.135209 -0.161047  0.488671   5
  1  0  0.938300 -0.094317  0.292017  0.136036   7
  1  0  0.938300  0.471792  0.385292  0.761478   3
  1  0  0.938300 -0.420609 -0.166165  0.566042   5
  1  0  0.938300  0.238000 -0.306955  0.766173   3
  1  0  0.938300  0.744337 -0.663498  0.514280   6
  1  0  0.938300 -0.246866 -0.094600  0.503190   4
  1  0  0.938300  0.238802  0.204351  0.125684   3
  1  0  0.938300 -0.182540 -0.007881  0.216078   5
  1  0  0.938300 -0.164969 -0.037783  0.059070   4
  1  0  0.938300 -0.268505  0.016479  0.578516   5
  1  0  0.938300 -0.066781 -0.026612  0.568586   3
  1  0  0.938300  0.327979  0.134771  0.064589   3
  1  0  0.938300 -0.120808 -0.045140  0.398705   3
  1  0  0.938300  0.442338 -0.152219  0.238546   3
  1  0  0.938300  0.142270 -0.200869  0.304307   2
  1  0  0.938300  0.122020 -0.168463  0.494200   4
  1  0  0.938300 -0.216360  0.240391  0.862906   3
  1  1  0.938300 -0.176965  0.192811  0.095772   2
  1  0  0.938300 -0.267924  0.517691  0.334080   2
  1  0  0.938300  0.342707  0.179535  0.299848   3
  1  0  0.938300  0.550578  0.146089  0.279600   3
  1  0  0.938300  0.086291 -0.122755  0.306306   5
  1  1  0.938300 -0.305567  0.283618  0.567329   5
  1  0  0.938300  0.201606  0.181951  0.628306   4
  1  0  0.938300  0.030952 -0.164433  0.506310   2
  1  0  0.938300 -0.179541 -0.146129  0.812403   5
  1  0  0.938300  0.159777 -0.267286  0.438292   4
  1  0  0.938300  0.183888  0.131223  0.152658   1
  1  0  0.938300 -0.009119 -0.040167  0.339337   2
  1  0  0.938300  0.373662  0.179221  0.755559   4
  1  0  0.938300 -0.664309  0.026408  0.210506   4
  1  0  0.938300 -0.268715 -0.368549  0.702021   4
  1  0  0.938300  0.039890  0.018907  0.192095   3
  1  0  0.938300  0.143067 -0.090025  0.349148   3
  1  0  0.938300 -0.151003  0.224795  0.539141   3
  1  0  0.938300 -0.166810  0.077180  0.286175   5
  1  0  0.938300  0.341639 -0.271928  0.334547   5
  1  0  0.938300  0.341421  0.310920  0.700545   3
  1  0  0.938300  0.302105  0.294455 -0.077096   2
  1  0  0.938300 -0.163994 -0.086552  0.695387   2
  1  0  0.938300  0.299570 -0.051467  0.168303   2
  1  0  0.938300  0.032478  0.275417  0.537494   2
  1  0  0.938300 -0.552220  0.411585  0.826649   4
  1  0  0.938300  0.240599  0.410014  0.595724   3
  1  0  0.938300  0.094932  0.114286  0.055267   1
  1  0  0.938300 -0.030269 -0.020768 -0.068886   3
  1  0  0.938300  0.268464  0.094477  0.190198   3
  1  0  0.938300  0.326847  0.321211  0.183325   6
  1  0  0.938300  0.207919  0.035503  0.139127   5
  1  0  0.938300  0.524509  0.074369  0.484251   6
  1  0  0.938300 -0.308198  0.080826  0.791615   6
  1  0  0.938300  0.037271 -0.274686  0.060640   1
  1  0  0.938300  0.260761  0.339205  0.779097   3
  1  0  0.938300  0.320360 -0.406844  0.371499   4
  1  0  0.938300 -0.265561 -0.221173  0.857770   5
  1  0  0.938300 -0.193523  0.259339  0.199107   3
  1  1  0.938300 -0.669667  0.290326  0.781028   5
  1  1  0.938300  0.349901  0.333857  0.319363   5
  1  0  0.938300  0.167404  0.557482  0.552549   3
  1  0  0.938300  0.187624  0.205427  0.544166   5
  1  1  0.938300 -0.031853  0.029947  0.268479  -5
  1  1  0.938300 -0.400444 -0.056553  1.227792  -2
  1  1  0.938300  0.133495 -0.180422  1.012136  -3
  1  1  0.938300  0.222474  0.169152  1.136349  -2
  1  1  0.938300 -0.046426  0.381839  1.001278  -5
  1  1  0.938300  0.104919 -0.161760  1.044260  -1
  1  1  0.938300 -0.175369  0.144753  0.336957  -6
  1  0  0.938300 -0.100612 -0.058255  0.490081  -5
  1  1  0.938300  0.311957  0.202927  0.527132  -4
  1  1  0.938300  0.246635 -0.247139 -0.161784  -7
  1  1  0.938300  0.123047  0.182920  0.527867  -4
  1  1  0.938300 -0.111348 -0.158421  0.307292  -4
  1  1  0.938300  0.225902 -0.092584  0.814572  -3
  1  1  0.938300  0.127290  0.114199  0.057309  -6
  1  1  0.938300  0.047910  0.381967  0.176859  -3
  1  1  0.938300 -0.240665 -0.304895  0.551155  -7
  1  1  0.938300 -0.229168 -0.339201  0.726005  -2
  1  1  0.938300 -0.027899 -0.211757  0.281682  -2
  1  1  0.938300 -0.537395  0.071743  0.847875  -5
  1  1  0.938300  0.223037  0.232954  0.701021  -2
  1  1  0.938300 -0.316644  0.244347  1.100521  -9
  1  1  0.938300  0.181893 -0.054435  0.189718  -7
  1  1  0.938300 -0.199580  0.672163  0.345006  -3
  1  0  0.938300 -0.129980  0.236601  0.142830  -4
  1  1  0.938300  0.257594  0.033308  0.478463  -3
  1  0  0.938300 -0.669541 -0.375047  1.262660  -3
  1  0  0.938300  0.056235 -0.089639  0.349202  -7
  1  0  0.938300 -0.223619 -0.095753  0.187395  -7
  1  1  0.938300  0.089376  0.090378  0.267656  -6
  1  1  0.938300 -0.152380  0.673887  0.907720  -2
  1  1  0.938300 -0.305832 -0.005566  0.957864  -5
  1  1  0.938300 -0.067803 -0.517306  0.138393  -5
  1  1  0.938300  0.097237  0.087926  0.571214  -3
  1  0  0.938300 -0.033516 -0.054594  0.567056  -8
  1  1  0.938300  0.176183 -0.124863  0.942112  -2
  1  1  0.938300 -0.152256  0.211276  0.305960  -7
  1  1  0.938300 -0.103147  0.123194  1.064515  -1
  1  1  0.938300  0.188498 -0.103969  0.632545  -2
  1  1  0.938300  0.205415  0.281819  0.634546  -2
  1  0  0.938300 -0.251999  0.345585  0.805065  -4
  1  1  0.938300 -0.386197  0.121583  0.199176  -2
  1  1  0.938300  0.381118  0.313786  0.568937  -6
  1  1  0.938300  0.154651 -0.003426  0.671727  -2
  1  1  0.938300  0.199156 -0.352397  0.541801  -7
  1  1  0.938300 -0.252923 -0.152374  0.125097  -3
  1  0  0.938300  0.185730 -0.228007  0.422750  -4
  1  1  0.938300 -0.078569 -0.539200  0.346944  -2
  1  1  0.938300 -0.227579  0.017354  0.826950  -2
  1  1  0.938300  0.061638  0.086939  0.553279  -9
  1  1  0.938300  0.204122  0.112147  0.505849  -2
  1  1  0.938300  0.011051 -0.053964  0.740105  -6
  1  1  0.938300 -0.284618 -0.237009  0.468380  -3
  1  1  0.938300 -0.162856  0.105316  0.777991  -1
  1  1  0.938300  0.481560 -0.613494  0.258237  -4
  1  1  0.938300 -0.107206 -0.089626  1.151236  -1
  1  1  0.938300 -0.188274 -0.163043  0.861712  -2
  1  1  0.938300 -0.161999  0.115470  0.269634  -6
  1  1  0.938300  0.284275  0.002711  0.472035  -5
  1  1  0.938300 -0.255353  0.058411  0.314922  -4
  1  1  0.938300  0.045224  0.041751  0.807475  -2
  1  1  0.938300 -0.074696 -0.001533  0.571714  -4
  1  1  0.938300  0.226026 -0.183601  0.462348  -6
  1  1  0.938300 -0.079239 -0.152237  0.453094  -4
  1  1  0.938300  0.051458 -0.179220  0.595255  -7
  1  1  0.938300  0.336411  0.594260  0.585383  -4
  1  1  0.938300  0.104611 -0.134391  0.986841  -1
  1  1  0.938300  0.027046  0.003019  0.659062  -3
  1  1  0.938300  0.063885  0.095303  0.856623  -1
  1  1  0.938300  0.162056 -0.191620  1.059015  -2
  1  1  0.938300  0.124875  0.004338  0.793112  -1
  1  1  0.938300 -0.056544  0.163776  0.870502  -1
  1  1  0.938300  0.228903 -0.033302  0.666585  -2
  1  1  0.938300 -0.447234 -0.094000  0.850316  -3
  1  1  0.938300  0.076318  0.144235  0.978660  -1
  1  1  0.938300 -0.008687 -0.439520  0.460836  -6
  1  1  0.938300  0.282627  0.217698  0.868529  -3
  1  0  0.938300  0.501175 -0.121874  1.223929  -6
  1  1  0.938300 -0.182975  0.166766  0.217765  -5
  1  1  0.938300  0.168086 -0.113076  0.752104  -1
  1  0  0.938300  0.099229 -0.040527  0.371567  -5
  1  0  0.938300 -0.067704  0.298560  0.043785  -2
  1  0  0.938300 -0.081381 -0.179577  0.928804  -1
  1  0  0.938300  0.077419  0.239794  0.472086  -6
  1  0  0.938300  0.278739  0.111064  0.727002  -3
  1  0  0.938300 -0.069945  0.502521  0.457080  -2
  1  0  0.938300  0.108129 -0.429675  0.570322  -7
  1  0  0.938300  0.030400  0.075389  0.656287  -4
  1  0  0.938300 -0.448041 -0.205762  0.681930  -4
  1  0  0.938300 -0.011056  0.373267  0.537164  -5
  1  0  0.938300 -0.542528 -0.285725  0.589356  -3
  1  1  0.938300 -0.256066  0.131260  0.174262  -6
  1  0  0.938300 -0.051451  0.203997  0.854588  -2
  1  0  0.938300 -0.150628  0.239503  1.120014  -2
  1  0  0.938300  0.023391  0.385236  0.965063  -2
  1  0  0.938300 -0.172677 -0.312715  0.252344  -4
  1  0  0.938300 -0.066034 -0.028264  0.088157  -3
  1  0  0.938300 -0.018180 -0.416698  1.216983  -7
  1  0  0.938300 -0.598077 -0.065886  0.216234  -3
  1  0  0.938300  0.157826  0.176510  0.435658  -5
  1  0  0.938300 -0.001503 -0.165584  0.824586  -7
  1  0  0.938300  0.582635 -0.058294  0.497452  -3
  1  0  0.938300  0.085987 -0.217456  0.466522  -2
  1  0  0.938300  0.262951 -0.031153  0.294343  -7
  1  0  0.938300 -0.206707 -0.236421  0.239570  -5
  1  1  0.938300 -0.427016 -0.214533  0.462340  -6
  1  0  0.938300  0.374867  0.230363  0.143897  -5
  1  0  0.938300  0.051007  0.002271  0.919022  -1
  1  0  0.938300 -0.016129 -0.023259  0.159234  -3
  1  0  0.938300 -0.014857  0.077224  0.472880  -7
  1  0  0.938300 -0.226320  0.553278  0.120681  -4
  1  0  0.938300  0.214482  0.004518  0.460274  -3
  1  0  0.938300 -0.086246  0.247668  0.500387  -5
  1  0  0.938300 -0.157527  0.055803  0.353682 -10
  1  0  0.938300 -0.047652  0.212053  0.438279  -4
  1  0  0.938300  0.304172 -0.206980  0.422322  -3
  1  0  0.938300 -0.030332 -0.114499  0.825869  -2
  1  0  0.938300 -0.273903  0.226028  0.460978  -7
  1  1  0.938300 -0.011652  0.248306  0.804213 -10
  1  0  0.938300  0.057836  0.071992  1.052327  -1
  1  0  0.938300 -0.087561 -0.008701  0.289534  -7
  1  0  0.938300 -0.111901 -0.086480  0.966699  -3
  1  0  0.938300 -0.079000  0.056709  0.975170  -1
  1  0  0.938300 -0.075904  0.374438  0.387210  -6
  1  1  0.938300 -0.061134  0.037642  0.278665  -6
  1  0  0.938300 -0.124136  0.076049 -0.029279  -5
  1  0  0.938300  0.154600 -0.080791  0.626294  -4
  1  0  0.938300 -0.560880  0.177221  0.866212  -2
  1  0  0.938300  0.132408 -0.282530  0.457261  -4
  1  0  0.938300  0.048752 -0.113385  0.528826  -3
  1  0  0.938300  0.071197  0.075084  0.875996  -5
  1  1  0.938300 -0.147565 -0.002056  0.617643  -7
  1  0  0.938300  0.000318  0.585122  0.660561  -3
  1  0  0.938300  0.343800 -0.698667  0.141026  -2
  1  0  0.938300 -0.368556 -0.371548  0.620544  -6
  1  0  0.938300  0.341768 -0.228021  0.183562  -5
  1  0  0.938300 -0.054935 -0.015250  0.762381  -1
  1  0  0.938300  0.324124 -0.042549  0.423942  -3
  1  0  0.938300  0.244222 -0.348843  0.229968  -3
  1  1  0.938300  0.110996 -0.033247  0.511640  -8
  1  1  0.938300  0.044962  0.155891  0.642750  -2
  1  0  0.938300  0.155197 -0.235140  0.384147  -2
  1  0  0.938300  0.229675 -0.045768  0.998132  -1
  1  0  0.938300 -0.225506 -0.212209  0.467324  -3
  1  0  0.938300  0.288020  0.005758  0.990676  -1
  1  0  0.938300  0.072488  0.104833  0.964614  -1
  1  0  0.938300 -0.055880 -0.129200  0.640105  -1
  1  0  0.938300  0.044306  0.051421  0.106499  -8
  1  0  0.938300  0.046272 -0.135856  0.403532  -5
  1  0  0.938300 -0.163542 -0.283438  0.180764  -3
  1  0  0.938300 -0.045978 -0.070136  0.434092  -3
  1  1  0.938300  0.202705  0.363229  0.626711  -8
  1  0  0.938300 -0.146379 -0.219844  0.473013 -10
  1  0  0.938300  0.076560 -0.338673  0.655031  -5
  1  0  0.938300 -0.228853 -0.055667  0.405301  -8
  1  0  0.938300  0.373941 -0.570927  0.963851  -2
  1  0  0.938300 -0.008455 -0.059369  0.613512  -5
  1  0  0.938300  0.213723 -0.048413  0.763786  -3
  1  1  0.938300 -0.430040  0.089286  1.118489  -5
  1  0  0.938300  0.158749 -0.086358  0.879554  -4
  1  0  0.938300  0.020854 -0.209342  0.133791  -5
  1  0  0.938300 -0.005505 -0.168758  0.589463 -11
  1  0  0.938300  0.034236  0.014449  0.639107 -10
  1  0  0.938300  0.081594 -0.259904  1.024922  -1
  1  0  0.938300 -0.815161  0.092677  0.584732  -4
  1  0  0.938300 -0.057598 -0.414997  0.324314  -2
  1  0  0.938300  0.181644 -0.096240  0.300266  -5
  1  0  0.938300 -0.282522  0.066137  0.784016  -2
  1  0  0.938300 -0.081510 -0.017661  0.766601  -4
  1  0  0.938300  0.199715  0.199310  0.539455  -4
  1  0  0.938300  0.025436  0.100869  1.095904  -1
  1  0  0.938300 -0.170998 -0.004125  0.635511  -7
  1  0  0.938300 -0.307232  0.367887  1.301841  -3
  1  0  0.938300 -0.223715 -0.139710  0.160897  -3
  1  0  0.938300 -0.121963  0.016739  0.857646  -9
  1  0  0.938300 -0.159120  0.106664  0.479993  -2
  1  0  0.938300 -0.127428  0.329779  0.239786  -7
  1  0  0.938300  0.275844  0.053406  0.394566  -3
  1  0  0.938300 -0.183647 -0.207559  1.041689  -1
  1  0  0.938300 -0.145051  0.013946  1.056764  -1
  1  0  0.938300  0.755042 -0.091465  0.581501  -7
  1  0  0.938300 -0.432856 -0.071003  0.248542  -5
  1  0  0.938300  0.393019  0.376059  0.531480  -4
  1  0  0.938300 -0.294737 -0.169809  0.434956  -4
  1  0  0.938300  0.254330 -0.007451  0.199528  -5
  1  1  0.938300  0.209497  0.192365  0.295357  -6
  1  0  0.938300 -0.017544 -0.151153  0.722285  -1
  1  0  0.938300 -0.066006 -0.110405  0.743900  -2
  1  0  0.938300  0.086293 -0.105041  1.015390  -2
  1  0  0.938300  0.095036 -0.110253  0.560838  -6
  1  0  0.938300  0.694412 -0.177332  0.488329  -5
  1  0  0.938300 -0.152268 -0.243580  0.566326  -7
  1  0  0.938300 -0.002101  0.283576  0.460066  -4
  1  0  0.938300  0.112143 -0.296162  0.819518  -2
  1  0  0.938300  0.033800 -0.275470  0.455801  -6
  1  0  0.938300  0.091954 -0.078534  0.347972  -3
  1  0  0.938300 -0.096419 -0.423814  0.407040  -6
  1  0  0.938300  0.083488 -0.066450  0.634314  -5