  1  1  0.938300 -0.054653 -0.187449  0.893305   6
  1  1  0.938300 -0.285298 -0.146101  0.248845   5
  1  1  0.938300 -0.145956  0.174557  0.193424   2
  1  1  0.938300  0.009837  0.060200  0.177813   1
  1  1  0.938300  0.014913  0.045138  0.127981   1
  1  1  0.938300  0.387091  0.168543 -0.102244   4
  1  1  0.938300 -0.055653 -0.039292  0.008527  11
  1  1  0.938300  0.178910 -0.061822  0.806228   4
  1  1  0.938300 -0.043987  0.174276  0.624740   3
  1  1  0.938300  0.298366  0.104700  1.069976   4
  1  1  0.938300 -0.013943 -0.270275  0.387018   4
  1  1  0.938300 -0.067719  0.438967  0.331982   4
  1  1  0.938300 -0.109640 -0.055942  0.193824   7
  1  1  0.938300  0.415510 -0.088129  0.606124   6
  1  1  0.938300 -0.963882 -0.285907  0.414203   2
  1  1  0.938300  0.252492  0.092934  0.078960   5
  1  1  0.938300  0.097440  0.360834  0.582571   3
  1  1  0.938300 -0.038887  0.594349  0.177883   8
  1  1  0.938300  0.352803  0.313493  0.731683   3
  1  1  0.938300  0.069180 -0.239421  0.492419   4
  1  1  0.938300 -0.052171  0.160754  0.253083   2
  1  1  0.938300 -0.188472 -0.042146 -0.085565   2
  1  0  0.938300 -0.124143  0.548019  0.329173   3
  1  1  0.938300 -0.170301  0.094750  0.855771   4
  1  0  0.938300 -0.308448 -0.064132  0.679609   3
  1  1  0.938300 -0.072386  0.282349  0.681440   2
  1  1  0.938300 -0.033642  0.296404  0.467586   8
  1  1  0.938300 -0.009798  0.030408  0.113583   1
  1  1  0.938300  0.103087 -0.226145  0.340300   3
  1  1  0.938300 -0.105804  0.020629  0.806100   2
  1  1  0.938300 -0.230682 -0.168533  0.191638   2
  1  1  0.938300 -0.104048  0.468823  0.272157   4
  1  1  0.938300  0.627446  0.098336  1.025606   7
  1  0  0.938300 -0.290580 -0.261293  0.722476   4
  1  1  0.938300 -0.287391 -0.183247  0.820311   5
  1  1  0.938300 -0.241777 -0.144426  0.521762   2
  1  0  0.938300  0.337291 -0.114661  0.614484   6
  1  1  0.938300 -0.185610  0.303680  0.963123   3
  1  1  0.938300 -0.134584 -0.093866  0.133952   6
  1  1  0.938300  0.409780  0.615187  0.499256   3
  1  1  0.938300  0.195285  0.046602 -0.069949   1
  1  1  0.938300 -0.004805 -0.245361  0.102052   2
  1  1  0.938300  0.203394  0.090184  0.328345   6
  1  1  0.938300  0.256469  0.155894  0.246161   3
  1  1  0.938300 -0.183500 -0.702379  0.445260   4
  1  1  0.938300 -0.278176 -0.161237  0.679757   7
  1  1  0.938300 -0.007796 -0.009408  0.379106   5
  1  1  0.938300 -0.285488 -0.032089  0.085386   2
  1  1  0.938300  0.686552  0.102722  0.526559   3
  1  1  0.938300  0.055695  0.313649  0.654588   2
  1  1  0.938300  0.244021  0.291158  0.466524   4
  1  1  0.938300 -0.288666 -0.686948  0.754606   3
  1  1  0.938300 -0.198944  0.260651  0.904586   3
  1  1  0.938300 -0.121142  0.065484  0.443493   4
  1  1  0.938300  0.131338 -0.416025  0.726816   2
  1  1  0.938300  0.244957 -0.013126  0.137126   1
  1  1  0.938300 -0.387485 -0.188870  0.311212   4
  1  1  0.938300 -0.108424 -0.088079  0.094493   1
  1  1  0.938300  0.386820  0.109908  1.002736   2
  1  1  0.938300 -0.022512 -0.099418  0.525437   4
  1  1  0.938300  0.440125  0.269451  0.419152   2
  1  1  0.938300 -0.102749  0.018496  0.185022   1
  1  1  0.938300 -0.065207 -0.009593  0.646114   9
  1  1  0.938300  0.237934 -0.173331  0.047957   3
  1  1  0.938300  0.212534 -0.183694  0.777124   2
  1  1  0.938300 -0.674612 -0.033567  0.189436   2
  1  1  0.938300  0.071096  0.389564  0.387399   3
  1  0  0.938300  0.212032 -0.080707  0.049026   3
  1  1  0.938300 -0.053997  0.062494 -0.110013   1
  1  1  0.938300  0.023713 -0.190597  0.525153   3
  1  1  0.938300  0.218361  0.323146  0.310468   2
  1  1  0.938300  0.300881  0.671620  1.021642   4
  1  1  0.938300  0.164040 -0.071685  0.460756   7
  1  1  0.938300  0.003844  0.288743  0.345350   2
  1  1  0.938300  0.060024  0.209078  0.737551  10
  1  1  0.938300 -0.073138 -0.145486  0.356988   3
  1  1  0.938300  0.053764 -0.103148  0.112966   5
  1  1  0.938300  0.070082  0.221656  0.431127   3
  1  1  0.938300 -0.490525  0.202324  0.392279   4
  1  0  0.938300 -0.127745 -0.017113  0.425254   2
  1  0  0.938300  0.049112 -0.200689  0.478818   4
  1  0  0.938300 -0.192922 -0.197705  0.174374   3
  1  0  0.938300 -0.614168  0.317928  0.899757   6
  1  0  0.938300  0.043888  0.156912 -0.027928   1
  1  0  0.938300 -0.363492 -0.093334  0.117257   2
  1  0  0.938300  0.157530  0.142671  0.133019   1
  1  1  0.938300 -0.180832  0.036668  0.656312   3
  1  0  0.938300 -0.207467 -0.371953  0.258999   5
  1  0  0.938300  0.035273  0.588654  0.421399   4
  1  0  0.938300  0.417509  0.081801  0.417424   2
  1  0  0.938300  0.062747  0.258602  0.273813   4
  1  0  0.938300 -0.272284 -0.159184  0.274852   3
  1  0  0.938300  0.040894 -0.215537  0.159093   2
  1  0  0.938300 -0.101195 -0.418289  0.612817   4
  1  0  0.938300  0.043930  0.139617  0.690168   3
  1  0  0.938300  0.093523  0.255543  0.206904   3
  1  0  0.938300  0.388769 -0.318151  0.150848   3
  1  0  0.938300  0.253976 -0.206862  0.720708   5
  1  0  0.938300 -0.077966  0.349835  0.198334   2
  1  0  0.938300  0.036196  0.301088  0.406816   4
  1  0  0.938300 -0.150663  0.064438 -0.078653   1
  1  0  0.938300  0.068229 -0.357521  0.861339   3
  1  0  0.938300 -0.116141  0.131745  0.595328   6
  1  0  0.938300  0.343846 -0.037971  0.237618   5
  1  0  0.938300 -0.166878 -0.152164  0.606795   4
  1  0  0.938300 -0.364078  0.098198  0.115359   4
  1  0  0.938300 -0.242440 -0.109684  0.360624   2
  1  0  0.938300  0.211215 -0.099209 -0.073960   1
  1  1  0.938300  0.791257  0.177815  0.984214   5
  1  0  0.938300  0.375386  0.058676  0.703679   4
  1  0  0.938300  0.269746 -0.381011  0.633786   3
  1  0  0.938300 -0.190284 -0.282743  0.672331   8
  1  0  0.938300  0.124750 -0.185784  0.042711   9
  1  0  0.938300 -0.495249  0.031725  0.431711   3
  1  0  0.938300  0.146197 -0.323256  0.413712   2
  1  0  0.938300 -0.142017  0.074481  0.090895   2
  1  0  0.938300  0.168488  0.065729  0.459001  11
  1  0  0.938300  0.341274 -0.020949 -0.103754   6
  1  0  0.938300  0.189387  0.355508  0.685287   2
  1  0  0.938300 -0.514501 -0.080891  0.337677   2
  1  0  0.938300  0.304745  0.267861  0.727520   5
  1  0  0.938300  0.210564  0.004500  0.073952   4
  1  0  0.938300 -0.170066  0.008056  0.409189   5
  1  0  0.938300 -0.105066  0.132085  0.096052   5
  1  0  0.938300 -0.053231  0.186980  0.167453   2
  1  0  0.938300 -0.480056  0.002261  0.450473   2
  1  0  0.938300  0.337604 -0.026710  0.041417   2
  1  0  0.938300  0.013293  0.089649  0.133534   8
  1  0  0.938300 -0.236351  0.042375  0.083659   1
  1  0  0.938300  0.061062  0.350539  0.643858   5
  1  0  0.938300 -0.159473  0.200569  0.046810   1
  1  0  0.938300  0.530538 -0.002104  0.484187   3
  1  0  0.938300 -0.013172 -0.016688  0.278622   1
  1  0  0.938300 -0.053268 -0.192899  0.371671   4
  1  0  0.938300  0.046179 -0.322056 -0.032305   4
  1  0  0.938300 -0.011444 -0.207686  0.657864   4
  1  0  0.938300 -0.279987 -0.053653  0.577111   3
  1  0  0.938300 -0.061111  0.120262 -0.068576   1
  1  1  0.938300 -0.180829 -0.435416  0.349778   3
  1  0  0.938300  0.001668  0.015306  0.581552   3
  1  0  0.938300 -0.367075 -0.149604  0.171404   2
  1  0  0.938300  0.333276 -0.624917  0.143672   4
  1  0  0.938300  0.000499  0.074067  0.264295   2
  1  0  0.938300  0.090665 -0.006495  0.612203   6
  1  0  0.938300 -0.003150  0.258539  0.374245   2
  1  0  0.938300  0.075858  0.072027  0.463521   2
  1  0  0.938300 -0.073638 -0.158786  0.209409   3
  1  0  0.938300 -0.023925 -0.137660  0.286661   6
  1  0  0.938300  0.062305  0.385489 -0.005876   3
  1  0  0.938300  0.174982  0.062998  0.169298   2
  1  0  0.938300 -0.072344  0.326036  0.883772   2
  1  0  0.938300 -0.081291 -0.215646  0.234476   2
  1  0  0.938300 -0.313474  0.333548  0.068065   2
  1  0  0.938300  0.366156 -0.607121  0.886030   6
  1  0  0.938300 -0.070633 -0.095876  0.012677   3
  1  0  0.938300  0.106002 -0.119645  0.345137   2
  1  0  0.938300 -0.010020 -0.400133  0.161773   3
  1  0  0.938300 -0.104352 -0.161931  0.329367   2
  1  0  0.938300  0.255172 -0.058559  0.447130   3
  1  0  0.938300 -0.232012 -0.410632  0.939527   8
  1  0  0.938300 -0.271455 -0.036281  0.743098   5
  1  0  0.938300  0.060030  0.044826 -0.013081   1
  1  0  0.938300 -0.348117 -0.325030  0.413488   2
  1  1  0.938300 -0.180149  0.309410  0.256559   3
  1  0  0.938300 -0.326867 -0.132802  0.166600   2
  1  1  0.938300 -0.115351 -0.180394  0.531350  13
  1  0  0.938300 -0.088967  0.152211  0.103096   1
  1  0  0.938300  0.076909 -0.143740  0.141283   6
  1  0  0.938300  0.387295 -0.074993  0.613596   3
  1  0  0.938300 -0.043597 -0.111155  0.457315   4
  1  0  0.938300 -0.187632  0.038130  0.157710   1
  1  0  0.938300  0.164811 -0.225780 -0.038291   1
  1  0  0.938300  0.162476  0.175963  0.462245   2
  1  0  0.938300 -0.497440  0.053733  0.517507   5
  1  0  0.938300  0.220653  0.182038  1.052602   9
  1  0  0.938300 -0.036315 -0.071300  0.571609   6
  1  0  0.938300  0.125715 -0.293197  0.076070   2
  1  0  0.938300  0.127654 -0.180723  0.542822   8
  1  0  0.938300 -0.120717 -0.290089  0.584652   5
  1  0  0.938300 -0.082509  0.185711  0.526510   5
  1  0  0.938300  0.514953 -0.137761  0.244038   3
  1  0  0.938300  0.309496 -0.197988  0.350293   4
  1  1  0.938300 -0.190181  0.203275  0.720383   2
  1  0  0.938300  0.103505 -0.474210  0.518419   4
  1  0  0.938300  0.092395 -0.118578  0.038972   1
  1  0  0.938300 -0.019895  0.064879  0.232806   3
  1  0  0.938300  0.414542  0.101528  0.525689   3
  1  0  0.938300  0.042158 -0.245643  0.511220   4
  1  0  0.938300  0.072313  0.149464  0.380067   5
  1  0  0.938300 -0.171499  0.245966  0.929863   3
  1  0  0.938300  0.186061  0.163292 -0.030657   1
  1  0  0.938300 -0.389301 -0.198536  0.279385   3
  1  0  0.938300 -0.407068  0.114227 -0.021797   3
  1  1  0.938300 -0.239437  0.143687  0.758362   3
  1  0  0.938300  0.244492 -0.000053  0.042375   1
  1  0  0.938300 -0.336412 -0.098201  0.362790   2
  1  0  0.938300  0.378991 -0.058172  0.441251   2
  1  1  0.938300 -0.027705 -0.051210  0.921258  -2
  1  1  0.938300 -0.296130  0.169341  0.746299  -3
  1  1  0.938300 -0.009005 -0.051161  0.146768  -6
  1  1  0.938300 -0.082300 -0.306183  1.097850  -2
  1  1  0.938300  0.107695 -0.133732  0.991823  -1
  1  1  0.938300 -0.095940 -0.541567  0.609799  -6
  1  0  0.938300  0.101778 -0.224765  1.013283  -4
  1  1  0.938300 -0.318160 -0.119817  0.351035  -6
  1  1  0.938300  0.045472  0.029704  0.631781  -1
  1  1  0.938300 -0.214820  0.315961  0.298376  -5
  1  1  0.938300 -0.075362 -0.225955  0.265553  -2
  1  1  0.938300 -0.457295 -0.095985  0.509092  -4
  1  1  0.938300 -0.037153 -0.086468  0.747552  -1
  1  0  0.938300  0.312661 -0.257688  0.381108  -2
  1  1  0.938300 -0.016059  0.104873  1.079436  -2
  1  1  0.938300 -0.543143 -0.025297  0.484778  -3
  1  1  0.938300 -0.126458  0.105616  1.036634  -1
  1  1  0.938300  0.129544  0.038125  0.742551  -1
  1  1  0.938300  0.050663  0.485811  0.823352  -3
  1  1  0.938300  0.259268 -0.033824  0.285090  -2
  1  1  0.938300 -0.040072 -0.184723  1.043646  -3
  1  1  0.938300  0.155409 -0.296469  0.045683  -8
  1  0  0.938300  0.193907 -0.459835  0.501283  -4
  1  1  0.938300  0.189045  0.096441  0.661604  -7
  1  1  0.938300  0.265593  0.044608  0.029928  -3
  1  1  0.938300 -0.225220  0.712801  0.496059  -4
  1  0  0.938300 -0.483109  0.111270  0.240911  -7
  1  1  0.938300  0.307087  0.010828  0.839653  -2
  1  1  0.938300 -0.337502 -0.202691  0.452929  -4
  1  1  0.938300  0.150373 -0.264047  0.423305  -2
  1  1  0.938300  0.419313  0.379838  0.086791  -3
  1  1  0.938300 -0.000348 -0.012005  0.781016  -1
  1  1  0.938300  0.147854 -0.591436  1.029966  -4
  1  1  0.938300  0.181875 -0.240608  0.649003  -3
  1  1  0.938300  0.099807 -0.218023  0.938072  -1
  1  1  0.938300 -0.170078 -0.354539  1.089047  -2
  1  1  0.938300  0.014040  0.150634  0.520093  -4
  1  1  0.938300  0.314304 -0.121916  0.657805  -4
  1  1  0.938300 -0.112727  0.120747  0.857362 -10
  1  1  0.938300  0.119098  0.050103  0.927424  -1
  1  1  0.938300 -0.215881  0.095842  0.735288  -2
  1  1  0.938300  0.029900  0.264860  0.622625  -2
  1  1  0.938300 -0.219790 -0.217962  0.712224  -3
  1  0  0.938300  0.256802  0.419620  0.370641  -4
  1  1  0.938300  0.118554 -0.264398  0.165197  -5
  1  1  0.938300 -0.460634 -0.183530  0.902697  -3
  1  1  0.938300 -0.123656 -0.140864  0.749318  -1
  1  1  0.938300 -0.171364  0.725203  0.492047  -3
  1  1  0.938300 -0.164869 -0.091478  0.905348  -2
  1  1  0.938300  0.365874  0.022106  0.654229  -8
  1  0  0.938300  0.055314  0.070530  0.261507  -6
  1  0  0.938300 -0.005675 -0.128998  0.684205  -3
  1  1  0.938300  0.126303  0.378219  0.169650  -4
  1  1  0.938300 -0.200396 -0.534810  0.306686  -4
  1  1  0.938300 -0.050205  0.130621  1.144649  -6
  1  1  0.938300 -0.278706  0.196368  0.443166  -2
  1  1  0.938300  0.194275  0.362215  0.546913  -6
  1  1  0.938300  0.001026  0.127053  0.396617  -5
  1  1  0.938300 -0.309707  0.141550  0.786238  -6
  1  1  0.938300  0.198850  0.246488  0.752711  -5
  1  1  0.938300 -0.591257  0.131368  0.587628  -3
  1  1  0.938300  0.074610  0.174855  0.703517  -4
  1  1  0.938300 -0.173353  0.226703  0.848700  -6
  1  1  0.938300  0.024585  0.465319  0.141312  -4
  1  1  0.938300 -0.415897 -0.435175  0.465025  -6
  1  0  0.938300  0.148572 -0.279264  0.214548  -5
  1  1  0.938300 -0.167284 -0.122773  0.996099  -1
  1  1  0.938300  0.187169  0.267563  0.489739  -3
  1  1  0.938300  0.070696 -0.076732  0.952021  -1
  1  1  0.938300  0.472896 -0.067749  0.623506  -3
  1  1  0.938300 -0.079204  0.485731  0.537197  -2
  1  1  0.938300 -0.164141  0.071007  0.833418  -1
  1  1  0.938300 -0.006537  0.444653  0.376932  -7
  1  1  0.938300  0.057736  0.219299  0.426659  -4
  1  1  0.938300 -0.480590 -0.302946  0.773864  -3
  1  0  0.938300 -0.409293 -0.166448  0.277329  -2
  1  1  0.938300  0.134096  0.360079  0.152746  -5
  1  1  0.938300  0.422913  0.065955  0.225087  -3
  1  1  0.938300  0.602866  0.361026  0.943441  -2
  1  1  0.938300  0.121863 -0.093319  0.521110  -6
  1  0  0.938300 -0.257319 -0.012472  0.292742  -6
  1  1  0.938300  0.341600  0.023149 -0.431516  -6
  1  0  0.938300 -0.083103 -0.551699  0.164129  -4
  1  0  0.938300  0.017606  0.015739  0.222103  -5
  1  0  0.938300  0.352255 -0.292727  0.150860  -7
  1  0  0.938300  0.122184 -0.192617  0.525710  -2
  1  0  0.938300  0.095499  0.034564  0.078111  -5
  1  0  0.938300 -0.009924 -0.127259  1.014974  -1
  1  0  0.938300  0.255129  0.331684  0.700862  -3
  1  0  0.938300  0.604151  0.556786  0.524541  -4
  1  0  0.938300 -0.520394  0.151912  0.705924  -5
  1  0  0.938300  0.036617 -0.153759  0.626797  -6
  1  0  0.938300  0.075171  0.123713  0.395997  -3
  1  0  0.938300  0.027178  0.174710  0.521706  -5
  1  0  0.938300 -0.086045  0.038982  0.161288  -7
  1  0  0.938300  0.167851 -0.350219  0.224201  -6
  1  0  0.938300 -0.265931 -0.131209  0.114922  -4
  1  0  0.938300 -0.334845 -0.153486  0.053506  -3
  1  0  0.938300  0.161293 -0.187998  0.361283  -3
  1  1  0.938300  0.044420 -0.295575  0.637610  -7
  1  0  0.938300  0.116170  0.298458  0.583162  -5
  1  0  0.938300  0.033545  0.337836  0.211591  -4
  1  0  0.938300  0.191067 -0.088826  0.292830  -4
  1  0  0.938300 -0.118798  0.127750  0.639355  -3
  1  0  0.938300  0.249728 -0.157055  0.216413  -3
  1  0  0.938300  0.390806 -0.304765  1.244018  -6
  1  0  0.938300 -0.461888 -0.163811  0.429263  -6
  1  0  0.938300 -0.043882  0.050782  0.698743  -7
  1  0  0.938300  0.107825 -0.136720  0.664850  -4
  1  0  0.938300 -0.411256  0.443571  0.343650  -5
  1  0  0.938300 -0.153556 -0.865229  0.916385  -5
  1  0  0.938300  0.209227 -0.130523  0.464311  -5
  1  0  0.938300 -0.420120  0.384060  0.240143  -5
  1  0  0.938300  0.247917 -0.070417  0.510206  -2
  1  0  0.938300 -0.338638  0.292455  1.122013  -2
  1  0  0.938300  0.219091  0.045703  0.530256  -3
  1  0  0.938300  0.260186  0.112282  0.724968  -1
  1  0  0.938300 -0.093825  0.245693  0.780099  -7
  1  0  0.938300  0.397102  0.116763  0.214361  -4
  1  0  0.938300 -0.261249  0.164353  0.813872  -3
  1  0  0.938300 -0.382205 -0.300744  0.192789  -5
  1  0  0.938300 -0.002231 -0.201341  0.233672  -2
  1  0  0.938300  0.183834 -0.112811  0.211317  -6
  1  0  0.938300 -0.200772  0.019195  0.219305  -3
  1  0  0.938300  0.205589 -0.062075  0.046271  -5
  1  0  0.938300 -0.287023 -0.236078  0.564812  -3
  1  0  0.938300  0.302961  0.053698  0.357557  -9
  1  0  0.938300  0.139955 -0.480047  0.697776  -4
  1  0  0.938300 -0.070011  0.018741  0.834619  -1
  1  0  0.938300  0.168584  0.316500  0.275055  -2
  1  0  0.938300 -0.069218 -0.128498  0.632140  -3
  1  0  0.938300 -0.026742 -0.120193  0.801349  -3
  1  0  0.938300 -0.101041 -0.105943  0.832594  -1
  1  1  0.938300  0.247476 -0.174509  0.222982  -3
  1  1  0.938300  0.423111 -0.129057  0.357366  -2
  1  0  0.938300 -0.179607  0.082504  0.662964  -2
  1  0  0.938300 -0.213922 -0.184477  0.185523  -5
  1  0  0.938300  0.259276 -0.263874  0.191913  -4
  1  0  0.938300  0.096138 -0.147894  0.879419  -1
  1  0  0.938300 -0.165842  0.056113  0.066479  -2
  1  0  0.938300 -0.005741  0.178183  0.287577  -2
  1  0  0.938300  0.039700 -0.088828  0.756163  -6
  1  0  0.938300  0.778097  0.248389  0.477152  -6
  1  0  0.938300  0.086168  0.065141  0.654266  -1
  1  0  0.938300 -0.155121 -0.107858  0.142689  -6
  1  0  0.938300  0.100129  0.150554  0.745279  -2
  1  1  0.938300  0.077166 -0.052819  0.585207  -6
  1  0  0.938300 -0.133233  0.516661  0.464939  -8
  1  0  0.938300  0.112256  0.042785  0.848441  -1
  1  0  0.938300 -0.383958  0.421981  0.890994  -3
  1  0  0.938300 -0.153459 -0.134708  0.558570  -5
  1  1  0.938300  0.022706  0.184581  0.636596  -1
  1  0  0.938300  0.223961  0.438250  0.280658  -5
  1  0  0.938300 -0.125582  0.147827  0.879785  -1
  1  0  0.938300  0.130765 -0.256364  0.461159  -2
  1  0  0.938300 -0.251736 -0.629875  0.196136  -4
  1  0  0.938300 -0.097122 -0.266383  0.554142  -3
  1  0  0.938300  0.274230  0.198623  0.614110  -6
  1  0  0.938300 -0.226785  0.100315  0.658745  -3
  1  0  0.938300  0.119450  0.089076  0.407235  -4
  1  0  0.938300 -0.189728  0.115632  0.908704  -1
  1  0  0.938300 -0.164916  0.099009  0.769624  -3
  1  0  0.938300 -0.154131 -0.171431  0.344679  -5
  1  0  0.938300 -0.259987  0.084012  0.773302  -2
  1  0  0.938300  0.121657  0.045532  0.662924  -3
  1  0  0.938300 -0.265740  0.164117  0.789720  -7
  1  0  0.938300  0.022039  0.173534  0.635821  -2
  1  0  0.938300 -0.165569 -0.050139  0.884000  -4
  1  1  0.938300 -0.040088  0.060968  0.203571  -8
  1  0  0.938300  0.101005  0.043668  0.930726  -1
  1  0  0.938300  0.049980 -0.036104  1.094863  -1
  1  0  0.938300  0.084565  0.327276  0.561934  -4
  1  0  0.938300  0.060788 -0.712528  0.519152  -5
  1  0  0.938300  0.144496 -0.131223  0.524854  -2
  1  0  0.938300  0.082426 -0.137362  0.762698  -1
  1  0  0.938300 -0.275919  0.071825  0.403599  -4
  1  0  0.938300 -0.048841  0.101029  0.133245  -3
  1  0  0.938300  0.011751  0.200715  0.723846  -4
  1  0  0.938300 -0.186933 -0.060675  1.220439  -1
  1  0  0.938300 -0.132794 -0.172539  0.221932  -4
  1  0  0.938300 -0.112905  0.093296  0.791841  -1
  1  0  0.938300  0.004405 -0.414930 -0.148085  -4
  1  0  0.938300  0.030600 -0.043577  0.668384  -8
  1  0  0.938300  0.297044  0.311526  0.461666  -3
  1  0  0.938300 -0.076138 -0.125904  0.833569  -2
  1  0  0.938300 -0.231913 -0.090154  0.782029  -1
  1  0  0.938300 -0.636698  0.070867  0.743520  -3
  1  0  0.938300  0.348557 -0.358639  0.696383  -6
  1  0  0.938300 -0.042859 -0.083983  0.862401  -1
  1  0  0.938300  0.114105 -0.128491  0.502750  -4
  1  0  0.938300  0.066541  0.014197  0.837097  -1
  1  0  0.938300 -0.149410 -0.127142  0.459259  -3
  1  0  0.938300 -0.174892  0.248240  0.884353  -4
  1  0  0.938300 -0.011744 -0.022751  1.062973  -1
  1  0  0.938300 -0.140509  0.234541  1.313283  -1
  1  0  0.938300  0.310475 -0.060095  0.550925 -10
  1  0  0.938300 -0.505206  0.146857  0.468067  -4