  1  1  0.938300 -0.115313 -0.033399  0.657138   2
  1  1  0.938300  0.172207 -0.121358  0.415144   2
  1  1  0.938300 -0.118036 -0.668182 -0.071814   2
  1  1  0.938300  0.270007  0.333708  0.190502   2
  1  1  0.938300 -0.633460  0.064071  0.062624   2
  1  1  0.938300 -0.390212  0.020472  0.766320   6
  1  0  0.938300 -0.474301  0.477009  0.795327   6
  1  1  0.938300 -0.067392  0.010435  0.357065   4
  1  1  0.938300 -0.094209 -0.136612  0.084283   2
  1  1  0.938300 -0.174711  0.357812  0.390897   6
  1  1  0.938300  0.440350 -0.074972  0.772614   4
  1  1  0.938300 -0.059571 -0.079587  0.114149   3
  1  1  0.938300  0.290923  0.090706  0.142333   2
  1  1  0.938300  0.047138 -0.007811 -0.000126   1
  1  1  0.938300 -0.064795 -0.103254  0.614317   8
  1  0  0.938300  0.279633  0.155324  0.348405   3
  1  1  0.938300  0.256696 -0.595779  0.601411   9
  1  1  0.938300  0.014559  0.122109  0.106815   4
  1  1  0.938300 -0.266939  0.056159  0.265316   2
  1  1  0.938300 -0.097122  0.188772  0.442483   3
  1  0  0.938300  0.050358  0.137472  0.794778   3
  1  1  0.938300  0.077593  0.269955  0.651330   6
  1  1  0.938300 -0.033963 -0.322264  0.947164   5
  1  1  0.938300 -0.197716  0.081582  0.387715   5
  1  1  0.938300 -0.326939  0.343797  0.298140   2
  1  1  0.938300  0.505623 -0.343849  0.719495   3
  1  0  0.938300 -0.037760 -0.038885  0.347264   6
  1  0  0.938300 -0.134090  0.315131  0.414944   4
  1  1  0.938300  0.271256 -0.015645  0.334559   3
  1  1  0.938300 -0.310199 -0.299782  0.466938   4
  1  1  0.938300 -0.031828  0.112208 -0.064002   1
  1  1  0.938300 -0.346468 -0.303130  0.566310   6
  1  1  0.938300 -0.371447 -0.194671  0.848621   2
  1  1  0.938300 -0.187110  0.049670  0.871798   5
  1  1  0.938300 -0.009171 -0.535690  0.619201   4
  1  1  0.938300  0.059801  0.076523  0.689076   3
  1  1  0.938300 -0.313455 -0.438095  0.363222   4
  1  1  0.938300 -0.159506 -0.319018  0.794517   8
  1  1  0.938300 -0.383694  0.546511  0.264822   4
  1  1  0.938300 -0.234364 -0.336577  0.023744   6
  1  1  0.938300 -0.077599  0.009807  0.054549   4
  1  0  0.938300  0.062534 -0.293081  0.817143   2
  1  1  0.938300  0.009508 -0.223186  0.331845   4
  1  1  0.938300  0.299177  0.351728  0.733616   6
  1  1  0.938300 -0.248030  0.057753  0.576728   4
  1  1  0.938300  0.082635  0.113811  0.153801   1
  1  1  0.938300  0.057289 -0.046601  0.071650   1
  1  1  0.938300 -0.377704  0.212119  0.453651   3
  1  1  0.938300 -0.027044 -0.022786  0.195650   2
  1  1  0.938300 -0.315582 -0.090971  0.717690   2
  1  1  0.938300  0.189587  0.121603 -0.024822   3
  1  1  0.938300 -0.382447 -0.398715  0.281984   2
  1  1  0.938300  0.158862 -0.064667  0.137310   4
  1  1  0.938300 -0.454573  0.027993  0.458487   4
  1  1  0.938300  0.268504  0.070500  0.640981   6
  1  1  0.938300 -0.377100 -0.368547  0.463986   3
  1  1  0.938300 -0.425528  0.078633  0.232294   2
  1  1  0.938300  0.035866  0.124463  0.736192   5
  1  1  0.938300 -0.292148  0.201382  0.789910   3
  1  1  0.938300  0.177713 -0.283871  1.049579   8
  1  1  0.938300  0.319337  0.089306  0.841580   6
  1  1  0.938300  0.363600  0.273326  0.537033   2
  1  1  0.938300 -0.304694  0.003958  0.690112   4
  1  1  0.938300  0.128095 -0.051836  0.556513   3
  1  1  0.938300 -0.222003 -0.160297  0.089046   5
  1  1  0.938300  0.018595 -0.137470  0.128825   3
  1  1  0.938300  0.271574  0.191100  0.073818   2
  1  1  0.938300 -0.243943 -0.146466  0.425881   5
  1  1  0.938300  0.193124 -0.052434  0.108221   1
  1  1  0.938300  0.357508  0.499007  0.493515   2
  1  1  0.938300  0.415874 -0.186595  0.779791   2
  1  1  0.938300  0.325634  0.037250  0.343969   5
  1  1  0.938300 -0.142375 -0.441913  0.219485   2
  1  1  0.938300  0.077260  0.244419  0.397737   2
  1  1  0.938300  0.085122 -0.552214  0.317904   5
  1  1  0.938300 -0.037209  0.452781  0.344786   2
  1  1  0.938300  0.248527  0.098328  0.964101   3
  1  1  0.938300 -0.018971 -0.557091  0.681404   2
  1  1  0.938300 -0.104170 -0.035172  0.237942   2
  1  0  0.938300  0.188774 -0.168470  0.329567   7
  1  0  0.938300  0.028153  0.041908  0.456064   3
  1  0  0.938300 -0.550854 -0.379364  0.324289   4
  1  0  0.938300  0.072734  0.135273  0.010115   2
  1  0  0.938300  0.271768 -0.366276  0.967918   3
  1  0  0.938300  0.141513  0.397786  0.267047   2
  1  0  0.938300  0.123734 -0.039332 -0.037391   1
  1  0  0.938300 -0.000013 -0.054801  0.004634   2
  1  0  0.938300  0.336026 -0.081980  0.367664   4
  1  0  0.938300  0.432074  0.034479  0.740370   7
  1  0  0.938300  0.118766  0.404008  0.071338   2
  1  0  0.938300  0.022996  0.250056  0.390089   3
  1  0  0.938300  0.151536  0.460935  0.464334   3
  1  0  0.938300  0.165435  0.027286  0.440194   5
  1  0  0.938300  0.351827 -0.195444 -0.026472   2
  1  0  0.938300 -0.010114 -0.019295  0.380300   5
  1  0  0.938300 -0.235784  0.451189  0.965086   5
  1  0  0.938300  0.068014  0.133064  0.922064   4
  1  1  0.938300 -0.172512 -0.185987  0.160123   4
  1  0  0.938300 -0.052590 -0.056956 -0.024769   1
  1  0  0.938300  0.119904  0.252409  0.178092   5
  1  0  0.938300  0.061689 -0.033545  0.337962   2
  1  0  0.938300 -0.107415  0.379514  0.711322   6
  1  1  0.938300  0.021634  0.378935  0.774098   7
  1  0  0.938300 -0.126794  0.020316  0.283483   1
  1  0  0.938300 -0.329386 -0.136022  0.292675   5
  1  0  0.938300  0.032717  0.029299  0.130071   2
  1  0  0.938300  0.511795 -0.004311  0.405567   2
  1  0  0.938300 -0.110789 -0.263830  0.308439   5
  1  0  0.938300 -0.157318 -0.011270  0.562305   2
  1  0  0.938300  0.166650  0.275192  0.362784   4
  1  0  0.938300  0.058864  0.114753  0.422399   4
  1  0  0.938300  0.123868 -0.110173  0.511133   9
  1  1  0.938300  0.151156  0.171817  0.220048   4
  1  0  0.938300  0.106843 -0.125090  0.699114   2
  1  0  0.938300  0.074557  0.074603  0.633284   3
  1  0  0.938300 -0.136611  0.316457  0.133332   1
  1  0  0.938300  0.021566 -0.030679  0.010142   1
  1  0  0.938300  0.289858  0.174282  0.231447   3
  1  0  0.938300 -0.078651 -0.108087  0.229578   1
  1  0  0.938300  0.618121  0.090310  0.412894   3
  1  0  0.938300  0.060336 -0.232202  0.648567   4
  1  0  0.938300  0.162741  0.665200  0.725967   3
  1  0  0.938300  0.186194  0.020748  0.257998   5
  1  0  0.938300 -0.089338  0.145393  0.315735   5
  1  0  0.938300  0.090514 -0.092428  0.075636   1
  1  0  0.938300 -0.014699  0.060281  0.224428   5
  1  0  0.938300 -0.060589  0.147908  0.149912   3
  1  0  0.938300  0.427879  0.092431  0.781315   8
  1  0  0.938300  0.373012 -0.331932  0.164954   3
  1  0  0.938300 -0.105979  0.234843 -0.006231   1
  1  0  0.938300  0.277307  0.091126  0.332464   2
  1  0  0.938300  0.431946 -0.245977  0.096703   3
  1  0  0.938300 -0.017313  0.149470 -0.063931   2
  1  0  0.938300  0.155143 -0.126864  0.001055   2
  1  0  0.938300  0.160575  0.021358  0.601286   2
  1  0  0.938300 -0.173329  0.403301  0.374246   3
  1  0  0.938300 -0.084397 -0.070240 -0.021825   3
  1  0  0.938300  0.127750  0.132490 -0.026675   1
  1  0  0.938300  0.005836  0.399703  0.756479   4
  1  0  0.938300  0.106094 -0.355272  0.179740   3
  1  1  0.938300 -0.155689  0.669328  0.415237   3
  1  0  0.938300  0.499700 -0.019097  0.772068   5
  1  0  0.938300  0.315097 -0.024273  0.419162   9
  1  0  0.938300 -0.300248 -0.350897  0.451446   3
  1  0  0.938300  0.021401 -0.130069  0.573094   4
  1  0  0.938300  0.171062  0.154486  0.318327   7
  1  0  0.938300  0.133149  0.370109  0.323672   2
  1  0  0.938300 -0.205446 -0.519283  0.682729   5
  1  0  0.938300 -0.114868 -0.095761  0.107060   5
  1  0  0.938300 -0.269161  0.021644  0.470993   2
  1  0  0.938300 -0.397328  0.318155  0.500337   5
  1  0  0.938300 -0.194626  0.052670  0.051057   8
  1  0  0.938300 -0.033389  0.084639  0.094059   1
  1  0  0.938300 -0.093955  0.177973  0.147635   1
  1  0  0.938300 -0.438933 -0.087510  0.805210   5
  1  0  0.938300 -0.006596  0.218532  0.113285   7
  1  0  0.938300 -0.034233  0.136577  0.284205   2
  1  0  0.938300  0.346144  0.081734  0.455257   2
  1  0  0.938300 -0.103565 -0.309066  0.231912   4
  1  1  0.938300  0.060626 -0.047092  0.514137   7
  1  0  0.938300  0.333279 -0.082490  0.545822   2
  1  0  0.938300  0.166200  0.073824  0.564893   5
  1  0  0.938300  0.116804  0.077045  0.446712   3
  1  0  0.938300 -0.045556 -0.125513  0.068415   7
  1  0  0.938300 -0.698573 -0.161556  0.477273   3
  1  0  0.938300 -0.464095 -0.182484  0.194977   4
  1  1  0.938300  0.111042  0.045234  0.344171   8
  1  0  0.938300 -0.133333 -0.453073  1.350864   3
  1  0  0.938300  0.150421  0.176950  0.652364   5
  1  0  0.938300  0.158080 -0.140812  0.475748   2
  1  0  0.938300 -0.119761 -0.414812  0.214780   8
  1  0  0.938300 -0.140853  0.058811 -0.069507   1
  1  0  0.938300 -0.173151  0.423089  0.806733   5
  1  0  0.938300  0.009570  0.171362  0.293553   5
  1  0  0.938300 -0.024447  0.416271  0.604756   4
  1  0  0.938300  0.284670 -0.215516  0.059222   3
  1  0  0.938300 -0.410740 -0.171400  0.272439   4
  1  0  0.938300 -0.239407  0.155134  0.197192   3
  1  0  0.938300  0.065652 -0.062523  0.354747   5
  1  0  0.938300 -0.442148 -0.126667  0.575517   4
  1  0  0.938300 -0.032952 -0.551915  0.472111   7
  1  0  0.938300 -0.217037 -0.278113  0.922587   2
  1  0  0.938300 -0.559471 -0.040610  0.837294   4
  1  0  0.938300  0.305421 -0.032734  0.293666   4
  1  0  0.938300  0.080863 -0.066835  0.626219   5
  1  0  0.938300 -0.112003  0.065929  0.615241   3
  1  0  0.938300  0.024046  0.316483 -0.176012   2
  1  0  0.938300 -0.358456 -0.081263  0.609463   5
  1  1  0.938300 -0.201660  0.134730  0.373960   3
  1  1  0.938300  0.081726  0.661840  0.241813   2
  1  0  0.938300 -0.061897 -0.564933  0.666777   5
  1  0  0.938300 -0.012483 -0.034778  0.031330   1
  1  0  0.938300 -0.130527  0.245716  0.711297   4
  1  0  0.938300 -0.247984  0.354565  0.529047   3
  1  0  0.938300 -0.212068  0.045967  0.336472   4
  1  0  0.938300 -0.026009  0.388802  0.742711   2
  1  0  0.938300  0.075417 -0.329565  0.718334   3
  1  1  0.938300  0.176969 -0.172896  0.265046  -3
  1  1  0.938300  0.160189 -0.020723  0.507516  -6
  1  1  0.938300 -0.194180 -0.132053  0.212452  -3
  1  0  0.938300 -0.027626 -0.024798  0.229283  -5
  1  1  0.938300 -0.053863  0.290114  0.425855  -4
  1  1  0.938300  0.141991 -0.194633  0.786698  -1
  1  1  0.938300 -0.327595 -0.013029  0.242477  -4
  1  1  0.938300 -0.826010 -0.328134  1.054772  -8
  1  1  0.938300 -0.140473  0.495731  0.829621  -3
  1  1  0.938300 -0.043751  0.383128  0.811327  -6
  1  1  0.938300 -0.059854 -0.351013  0.744620  -8
  1  1  0.938300  0.191352  0.162797  0.756413  -4
  1  1  0.938300 -0.147593  0.095127  0.148949  -4
  1  1  0.938300 -0.199669  0.362763  0.369528  -3
  1  1  0.938300  0.158600  0.008334  0.236157  -8
  1  1  0.938300  0.306779  0.167716  0.229893  -4
  1  1  0.938300  0.045730 -0.079159  1.196265  -1
  1  1  0.938300 -0.225419 -0.073311  0.531396  -4
  1  1  0.938300 -0.367851  0.162273  0.290174  -2
  1  1  0.938300 -0.283584  0.665998  0.509323  -3
  1  1  0.938300 -0.180450  0.271287  0.705140  -2
  1  1  0.938300 -0.026736 -0.176089  0.822545  -3
  1  0  0.938300  0.119037 -0.033189  0.556506  -7
  1  0  0.938300  0.010274  0.386080  0.237767  -5
  1  1  0.938300 -0.246943 -0.420472  0.406440 -13
  1  1  0.938300 -0.422747  0.005869  0.054914  -4
  1  1  0.938300 -0.160181 -0.054019  0.466847  -4
  1  1  0.938300 -0.628427 -0.286669  0.390936  -5
  1  1  0.938300 -0.269025 -0.210961  0.868230  -8
  1  1  0.938300  0.097215  0.193637  0.697455  -3
  1  1  0.938300 -0.240626 -0.162539  0.123466  -2
  1  1  0.938300 -0.111888 -0.393253  0.378861  -4
  1  1  0.938300  0.124028 -0.191524  0.645249  -5
  1  1  0.938300  0.120133 -0.011135  0.619164  -4
  1  1  0.938300 -0.003741 -0.215940  0.545945  -5
  1  1  0.938300 -0.695477  0.083630  0.409896  -4
  1  1  0.938300  0.025750  0.170493  0.240232  -6
  1  1  0.938300 -0.187803  0.028504  0.302680  -4
  1  1  0.938300 -0.033591 -0.157825  0.985888  -1
  1  0  0.938300 -0.806872 -0.087473  0.426053  -3
  1  1  0.938300 -0.146976 -0.206144  0.371168  -5
  1  1  0.938300  0.074034 -0.499251  0.237722  -3
  1  1  0.938300  0.395631  0.175575  0.796658  -7
  1  1  0.938300 -0.134674 -0.038347  0.328443  -4
  1  1  0.938300  0.034724  0.022027  0.391509  -3
  1  1  0.938300 -0.156230  0.139430  1.207462  -2
  1  1  0.938300 -0.102954  0.332956  0.870556  -2
  1  1  0.938300  0.109178 -0.005262  0.547123  -7
  1  1  0.938300 -0.074602 -0.109508  0.528684  -3
  1  1  0.938300 -0.121777  0.255503  0.779447  -3
  1  1  0.938300 -0.040296  0.305400  0.346065  -6
  1  0  0.938300 -0.149908 -0.347557  0.652455  -7
  1  1  0.938300 -0.028515  0.015724  0.486117  -4
  1  1  0.938300 -0.022246  0.323867  0.091074  -7
  1  1  0.938300 -0.206366 -0.179975  0.871897  -2
  1  1  0.938300 -0.280627  0.160038  0.827437  -3
  1  1  0.938300  0.738490 -0.441665  0.418352  -7
  1  1  0.938300 -0.273766 -0.356971  0.768232  -6
  1  1  0.938300 -0.120708 -0.028145  0.797172  -1
  1  1  0.938300  0.001321 -0.148659  0.065691  -5
  1  1  0.938300  0.012702 -0.235635  0.891169  -2
  1  1  0.938300  0.273561  0.525616  0.560367  -2
  1  1  0.938300 -0.600203 -0.320788  0.175403  -5
  1  1  0.938300 -0.084055 -0.226723  0.542419  -6
  1  1  0.938300  0.020872 -0.451303  0.050015  -6
  1  1  0.938300  0.190909  0.024533  0.922755  -1
  1  1  0.938300  0.066510 -0.211032  0.137256  -7
  1  1  0.938300  0.038889  0.557799  1.151137  -7
  1  1  0.938300 -0.042220  0.179262  0.568989  -7
  1  1  0.938300 -0.341277 -0.168618  0.147401  -5
  1  1  0.938300  0.139582 -0.384026  0.450480  -5
  1  1  0.938300 -0.057779  0.089660  1.091530  -1
  1  1  0.938300 -0.147903  0.308646  0.652422  -3
  1  1  0.938300  0.008465  0.266354  0.080123  -5
  1  1  0.938300 -0.780672 -0.247192  1.019748  -3
  1  1  0.938300  0.408624 -0.134198  0.098007  -3
  1  1  0.938300 -0.093926  0.116532  0.739593  -1
  1  1  0.938300 -0.201947 -0.103723  0.402732  -5
  1  0  0.938300  0.165693  0.230487  0.415213  -2
  1  0  0.938300  0.039044 -0.275417  0.982581  -2
  1  0  0.938300 -0.354534 -0.227065  0.151024  -3
  1  0  0.938300  0.217151  0.170949  0.583858  -5
  1  0  0.938300 -0.163127  0.218626  0.590672  -3
  1  0  0.938300 -0.231600 -0.091370  0.930024  -2
  1  0  0.938300 -0.053512  0.082431  0.302312 -10
  1  0  0.938300  0.166672 -0.082870  0.921448  -1
  1  0  0.938300  0.084792  0.005306  0.892936  -1
  1  0  0.938300 -0.156106 -0.088365 -0.108578  -3
  1  0  0.938300 -0.201976  0.278745  0.539272  -2
  1  0  0.938300 -0.560060  0.110918  0.722314  -2
  1  1  0.938300 -0.081397  0.053881  0.212238  -5
  1  0  0.938300 -0.290449 -0.380480  0.430833  -4
  1  0  0.938300 -0.410301 -0.100107  0.346368  -3
  1  0  0.938300  0.217530 -0.279695  0.190748  -4
  1  1  0.938300  0.348913  0.075884  0.684666  -8
  1  0  0.938300  0.302057  0.142189 -0.035294  -3
  1  0  0.938300  0.042266 -0.033434  0.271938  -4
  1  0  0.938300  0.177337 -0.288626  0.661111  -4
  1  0  0.938300  0.124342  0.313108  0.786914  -2
  1  0  0.938300  0.269983  0.310890  0.274065  -5
  1  0  0.938300  0.161264  0.017282  0.647161  -2
  1  0  0.938300 -0.496452 -0.001775  0.764691  -3
  1  0  0.938300 -0.316135  0.151938  0.731509  -6
  1  0  0.938300  0.022169 -0.127163  0.837302  -1
  1  0  0.938300 -0.022827 -0.580325  0.253431  -6
  1  0  0.938300  0.103135 -0.259243  0.296376  -7
  1  0  0.938300  0.561009 -0.181316  0.725108  -4
  1  0  0.938300  0.468344  0.139019  0.291079  -2
  1  0  0.938300  0.422235 -0.306417  0.543704  -3
  1  0  0.938300 -0.042931  0.069209  0.670048  -1
  1  0  0.938300  0.246086 -0.095263  0.325870  -8
  1  0  0.938300 -0.322923 -0.482713  0.246484  -3
  1  0  0.938300  0.201953  0.216873  0.481833  -5
  1  0  0.938300  0.166252 -0.127618  0.782638  -3
  1  0  0.938300  0.675976 -0.176300  0.486382 -10
  1  0  0.938300  0.364982 -0.136334  0.211471  -5
  1  1  0.938300 -0.055451 -0.264506  1.007362  -1
  1  0  0.938300 -0.080542  0.128864  0.784828  -1
  1  0  0.938300 -0.167904 -0.388517  0.214807  -4
  1  0  0.938300  0.213537 -0.192887  0.326801 -11
  1  0  0.938300 -0.006255 -0.185153  0.710466  -4
  1  0  0.938300  0.175112  0.358665  0.184630  -5
  1  0  0.938300  0.315781 -0.579565  0.532463  -6
  1  0  0.938300 -0.031968  0.030301  0.901799  -1
  1  0  0.938300 -0.267520  0.282660  0.322197  -5
  1  0  0.938300  0.076712 -0.144784  0.779497  -9
  1  0  0.938300 -0.243737  0.551203  0.373767  -3
  1  0  0.938300  0.466803  0.267871  0.494594  -7
  1  0  0.938300 -0.077621 -0.088060  0.155354  -6
  1  0  0.938300  0.376023 -0.112531  0.144678  -6
  1  0  0.938300  0.083645  0.196692  0.604910  -2
  1  0  0.938300 -0.630948  0.297216  0.577352  -2
  1  0  0.938300 -0.230513  0.437391  0.052342  -3
  1  0  0.938300  0.285442  0.106772  0.079666  -3
  1  0  0.938300 -0.065867 -0.243486  0.898933  -1
  1  0  0.938300 -0.038782 -0.212205  0.849716  -7
  1  1  0.938300 -0.142847  0.313000  0.156425  -3
  1  0  0.938300 -0.365842  0.090674  0.510228  -4
  1  1  0.938300 -0.444559 -0.011881  0.643477  -7
  1  0  0.938300  0.399191 -0.501153  0.303633  -7
  1  1  0.938300  0.050658  0.261569  0.400915  -9
  1  0  0.938300 -0.019853 -0.183681  0.594073  -2
  1  0  0.938300 -0.219922  0.116176  0.533969  -4
  1  0  0.938300  0.093548  0.124992  0.867190  -1
  1  0  0.938300  0.463959  0.084112  0.763431  -2
  1  0  0.938300  0.092186 -0.036093  0.712523  -2
  1  0  0.938300  0.103979 -0.127938  0.324296  -3
  1  0  0.938300 -0.154860  0.154917  0.222639  -4
  1  0  0.938300 -0.020399  0.043966  0.746098  -3
  1  0  0.938300 -0.212925  0.051703  0.714727  -4
  1  0  0.938300  0.515234 -0.045034  0.294121  -3
  1  1  0.938300 -0.384178 -0.113564  0.663991  -2
  1  0  0.938300 -0.582774  0.058536  0.049594  -3
  1  0  0.938300  0.135455 -0.030175  0.296496  -2
  1  0  0.938300  0.457073  0.377447  0.361718  -5
  1  0  0.938300 -0.145057 -0.074555  0.608739  -1
  1  0  0.938300 -0.123871  0.237658  0.159527  -4
  1  1  0.938300  0.310420 -0.123003  0.723033  -3
  1  0  0.938300 -0.171304 -0.002884  1.234959  -2
  1  0  0.938300  0.063899  0.033570  0.701665  -1
  1  0  0.938300  0.205096  0.250214  0.743089  -4
  1  0  0.938300  0.049924  0.084763  0.742099  -6
  1  0  0.938300  0.575812 -0.556207  0.741044  -3
  1  0  0.938300  0.085499  0.237220  0.333933  -4
  1  0  0.938300  0.323369  0.041308  0.529275  -7
  1  0  0.938300  0.076526  0.110846  0.736439  -3
  1  0  0.938300  0.120430 -0.263450  0.827466  -2
  1  0  0.938300 -0.056512  0.172169  0.423714  -6
  1  0  0.938300  0.016936 -0.063282  0.738101  -2
  1  0  0.938300 -0.365053  0.004526  0.826416  -2
  1  0  0.938300  0.136226 -0.286642  0.612524  -4
  1  0  0.938300 -0.005636  0.327240  1.207664  -2
  1  0  0.938300  0.064839 -0.465034  0.729222  -2
  1  0  0.938300  0.096195  0.005691  0.920018  -8
  1  0  0.938300  0.265728 -0.333278  0.416998  -2
  1  0  0.938300  0.457784 -0.366108  0.249704  -3
  1  0  0.938300 -0.269304 -0.112804  0.694359  -3
  1  0  0.938300  0.145938 -0.401427  0.521844  -4
  1  0  0.938300  0.291143  0.025471  0.965986  -2
  1  0  0.938300 -0.102522  0.086231  0.965218  -2
  1  0  0.938300 -0.178393 -0.450783  0.168860  -3
  1  0  0.938300  0.115130  0.065090  0.542793  -5
  1  0  0.938300 -0.148503  0.078135  0.643577  -2
  1  0  0.938300 -0.012751  0.235677  0.570408  -4
  1  0  0.938300 -0.181774 -0.336911  0.732076  -2
  1  0  0.938300  0.207503  0.225179  0.662261  -5
  1  0  0.938300  0.063235  0.049201  0.969634  -1
  1  0  0.938300  0.042939  0.292851 -0.099092  -7
  1  0  0.938300  0.257193  0.057963  0.210814  -3
  1  0  0.938300  0.164296  0.162881  0.423808  -5
  1  0  0.938300  0.239282  0.250354  0.730689  -3
  1  0  0.938300 -0.083635  0.111156  0.996233  -1
  1  0  0.938300  0.495827 -0.031723  0.136475  -3
  1  0  0.938300  0.311558  0.099537  0.305076  -2
  1  0  0.938300 -0.250484  0.126206  0.291173  -5
  1  0  0.938300  0.084877 -0.147932  0.867530  -1
  1  0  0.938300 -0.031180 -0.125689  0.983677  -1