  1  1  0.938300 -0.126523 -0.265319  0.654700   6
  1  1  0.938300  0.131316 -0.051854  0.242271   1
  1  1  0.938300 -0.202035 -0.038145  0.159817   3
  1  1  0.938300  0.054638 -0.247540  0.726757   4
  1  1  0.938300 -0.113127  0.119274  0.816474   3
  1  1  0.938300 -0.205414  0.116195  0.083263   2
  1  1  0.938300  0.185118 -0.217708  0.563171   5
  1  1  0.938300 -0.146389  0.002877  0.306719   5
  1  1  0.938300 -0.102297 -0.060131  0.370671   2
  1  1  0.938300  0.317779 -0.523107  0.565350   5
  1  1  0.938300  0.042658 -0.503202  0.126221   2
  1  0  0.938300  0.013864 -0.182587  0.453901   4
  1  1  0.938300  0.250310  0.274068  0.710887   4
  1  1  0.938300 -0.051752 -0.432508  0.540530   5
  1  1  0.938300  0.032988 -0.107506  0.037388   3
  1  1  0.938300  0.159280 -0.085969  0.371647   4
  1  1  0.938300 -0.362436 -0.245676  0.727445   8
  1  0  0.938300  0.101016 -0.126233  0.429987   2
  1  1  0.938300  0.086400  0.072850  0.669608   6
  1  0  0.938300 -0.245786  0.026941  0.517243   9
  1  1  0.938300 -0.500767  0.143403  0.155727   2
  1  1  0.938300  0.210225 -0.032408  0.028759   1
  1  1  0.938300  0.017349 -0.072095  0.883734   7
  1  1  0.938300 -0.287334 -0.309773  0.251693   7
  1  0  0.938300 -0.114447  0.221243 -0.222164   5
  1  1  0.938300  0.209214  0.228888  0.161792   2
  1  1  0.938300  0.248137  0.551137  1.051067   2
  1  1  0.938300  0.441073 -0.294412  0.465246   7
  1  1  0.938300  0.443595 -0.123030  0.262812   2
  1  1  0.938300 -0.016278 -0.063999  0.188085   3
  1  1  0.938300  0.466439  0.013073  0.200618   4
  1  1  0.938300  0.310426  0.052356  0.606121   2
  1  0  0.938300 -0.314538  0.085901  0.716157   9
  1  1  0.938300 -0.008036  0.218840  0.047147   1
  1  1  0.938300  0.159253 -0.661422  0.422620   3
  1  1  0.938300 -0.098601  0.385135  0.681220   5
  1  1  0.938300  0.148855 -0.260897  0.101187   1
  1  1  0.938300  0.333705 -0.108185  0.014811   3
  1  1  0.938300 -0.422920  0.127692  0.601336   5
  1  1  0.938300 -0.442858  0.064121  0.364929   2
  1  0  0.938300 -0.474831  0.034095  0.422360   9
  1  1  0.938300 -0.355583 -0.188162  0.783869   7
  1  1  0.938300 -0.644077  0.076825  0.675996   2
  1  0  0.938300 -0.248900  0.135456  0.083381   3
  1  1  0.938300 -0.101499 -0.113317  0.749082   6
  1  1  0.938300 -0.286180  0.278931  0.551874   3
  1  1  0.938300  0.016242  0.013630  0.598023   7
  1  1  0.938300 -1.177414  0.063643  0.411914   5
  1  1  0.938300 -0.200914 -0.068871  0.703302   2
  1  1  0.938300 -0.080725  0.105338  0.095763   3
  1  1  0.938300  0.018469 -0.026106  0.101967   1
  1  1  0.938300  0.096198  0.172962  0.160402   2
  1  1  0.938300  0.180970  0.111522  0.304786   6
  1  1  0.938300 -0.149131  0.021627  0.071095   1
  1  1  0.938300  0.066421 -0.255653  0.917109   7
  1  1  0.938300  0.021155  0.210966  0.911459   2
  1  1  0.938300 -0.064886  0.236906  0.005072   4
  1  1  0.938300  0.163799  0.170944  0.359704   2
  1  1  0.938300 -0.499100 -0.171529  0.242847   2
  1  1  0.938300  0.443360  0.087207  0.736685   3
  1  1  0.938300  0.107365  0.137281  0.213308   5
  1  1  0.938300 -0.133880  0.005217  0.701458   6
  1  1  0.938300 -0.172874 -0.015134  0.073274   1
  1  1  0.938300  0.661956 -0.030055  0.920657   8
  1  1  0.938300  0.000383  0.330827  0.207745   3
  1  0  0.938300  0.183033  0.043211  0.545300   2
  1  1  0.938300 -0.220544  0.199110  0.151322   2
  1  1  0.938300 -0.007830 -0.205582  0.355881   4
  1  1  0.938300 -0.437517  0.324628  0.677736   3
  1  1  0.938300  0.259879 -0.049980  0.244836   3
  1  1  0.938300 -0.001721 -0.580817 -0.010725   3
  1  1  0.938300  0.291934  0.325012  0.800700   2
  1  1  0.938300 -0.474406 -0.087992  0.182980   4
  1  1  0.938300 -0.161848 -0.374984  0.650285   5
  1  1  0.938300 -0.226254  0.105095  0.320663   4
  1  1  0.938300 -0.437192 -0.158763  0.266414   6
  1  1  0.938300 -0.226169  0.370897  0.366394   2
  1  1  0.938300  0.105664  0.008269  0.307430   4
  1  1  0.938300  0.383305  0.101543  0.093435   4
  1  0  0.938300 -0.151078 -0.094530  0.344674   4
  1  0  0.938300  0.171564  0.331619  0.341379   5
  1  0  0.938300  0.016538  0.029024  0.279637   6
  1  0  0.938300 -0.265180  0.147854  0.745699   5
  1  0  0.938300  0.205335  0.260684  0.324655   4
  1  0  0.938300 -0.080041  0.132568  0.239619   6
  1  0  0.938300  0.219188  0.145099  0.198843   7
  1  1  0.938300 -0.229316  0.341572  0.620442   2
  1  0  0.938300 -0.085183  0.024247  0.210704   1
  1  0  0.938300 -0.056206 -0.266942  0.419576   4
  1  0  0.938300  0.247239  0.038727  0.020746   1
  1  0  0.938300 -0.459984 -0.038511  0.646829   3
  1  0  0.938300  0.055963 -0.116747  0.250171   2
  1  0  0.938300  0.273852  0.120302  0.568539   5
  1  0  0.938300 -0.178103  0.286356  0.237645   3
  1  0  0.938300 -0.292863  0.100693  0.417170   3
  1  0  0.938300  0.194112  0.184851  0.054551   2
  1  0  0.938300  0.207030  0.129119  0.095171   3
  1  0  0.938300  0.245495  0.064358  0.490968   4
  1  0  0.938300 -0.164853  0.341521  0.358523   3
  1  0  0.938300  0.027673 -0.170224  0.665257   2
  1  0  0.938300 -0.059120  0.352970  0.623998   5
  1  1  0.938300 -0.187051  0.306465  1.041328   9
  1  0  0.938300  0.137964 -0.103245  0.046347   9
  1  0  0.938300  0.378077 -0.122967  0.360464   6
  1  0  0.938300 -0.179769 -0.319925 -0.131763   2
  1  0  0.938300  0.336908 -0.518004  0.698747   3
  1  0  0.938300  0.219494  0.292585  0.500669   3
  1  0  0.938300  0.176442 -0.340368  0.120855   3
  1  0  0.938300  0.178108  0.083451  0.159724   1
  1  0  0.938300 -0.411777 -0.129795  0.795899   5
  1  0  0.938300  0.484800  0.234664  0.620007   3
  1  1  0.938300 -0.207153 -0.062206  0.660093   5
  1  0  0.938300 -0.059080  0.158770  0.006632   4
  1  0  0.938300 -0.303825  0.267499  0.558820   7
  1  0  0.938300 -0.084866  0.055145  0.255004   1
  1  0  0.938300 -0.162026  0.220895  0.201022   3
  1  0  0.938300  0.250769  0.126280  0.136118   4
  1  0  0.938300 -0.281833 -0.187838  0.160153   3
  1  0  0.938300 -0.101548  0.039809  0.740577   5
  1  0  0.938300 -0.168083 -0.219381  0.027627   2
  1  0  0.938300  0.126035  0.148863  0.294117   3
  1  0  0.938300 -0.065262 -0.350428  0.114575   2
  1  0  0.938300 -0.188890  0.024180  0.334812   5
  1  0  0.938300  0.271231 -0.050998  0.008601   2
  1  0  0.938300 -0.406951  0.060278  0.200568   2
  1  0  0.938300 -0.455474 -0.214015  0.768059   3
  1  0  0.938300 -0.206103 -0.124083 -0.032400   7
  1  0  0.938300 -0.249914 -0.432726  0.277161   4
  1  0  0.938300 -0.339747  0.412199 -0.013658   6
  1  0  0.938300  0.176915  0.196506  0.438528   4
  1  0  0.938300  0.289450  0.120722  0.478959   2
  1  0  0.938300 -0.048224  0.131351  0.343656   3
  1  0  0.938300  0.015346  0.003194 -0.148753   2
  1  0  0.938300  0.113230  0.135500  0.483260   3
  1  0  0.938300  0.578839  0.016982  0.530721   4
  1  0  0.938300 -0.016708 -0.386829  0.202433   5
  1  0  0.938300 -0.362252  0.085819  0.495525   6
  1  0  0.938300  0.139770  0.095807  0.033377   9
  1  0  0.938300 -0.082536  0.332421  0.365980   7
  1  0  0.938300 -0.149677  0.143520  0.397236   6
  1  0  0.938300  0.178601 -0.097539  0.576762   2
  1  0  0.938300  0.589202  0.327819  0.215593   2
  1  0  0.938300  0.084320  0.169541  0.740781   5
  1  0  0.938300 -0.197109 -0.035337  0.070580   1
  1  0  0.938300 -0.151481 -0.266194  0.798251   5
  1  0  0.938300  0.172963  0.135298 -0.063636   1
  1  0  0.938300  0.244258 -0.168444  0.356283   3
  1  0  0.938300 -0.130434  0.544317  0.215244   9
  1  0  0.938300 -0.028283 -0.088699  0.840457   9
  1  0  0.938300 -0.324118  0.089097  0.624937   2
  1  0  0.938300 -0.021835  0.484413  0.603656   2
  1  0  0.938300 -0.334034 -0.063282  0.338654   6
  1  0  0.938300  0.492424  0.449885  0.363891  12
  1  0  0.938300 -0.267675  0.085793  0.873558   4
  1  0  0.938300  0.245542 -0.047118  0.726378   5
  1  0  0.938300 -0.253464 -0.126596  0.442964   2
  1  0  0.938300 -0.187800 -0.407017  0.185227   7
  1  0  0.938300 -0.308522  0.003871  0.595983   3
  1  0  0.938300  0.170398 -0.203191  0.434017   3
  1  0  0.938300 -0.323626  0.123128  0.565032   2
  1  0  0.938300  0.175585  0.165244  0.835602   3
  1  0  0.938300 -0.274421 -0.216117  0.571973   7
  1  0  0.938300  0.543102 -0.160189  0.411389   5
  1  0  0.938300  0.395882 -0.277055  0.450007   2
  1  0  0.938300  0.155193  0.233717  0.076059   6
  1  0  0.938300  0.460550  0.116114  0.458664   2
  1  0  0.938300 -0.503299 -0.070598  0.506474   3
  1  1  0.938300  0.160882  0.049257  0.160484   7
  1  0  0.938300 -0.467541 -0.210325 -0.128645   2
  1  0  0.938300 -0.257557 -0.121108  0.322361   6
  1  0  0.938300  0.332148 -0.612997  0.218074   2
  1  0  0.938300  0.333448 -0.041076  0.243045   2
  1  0  0.938300  0.114086 -0.206336  0.123470   1
  1  0  0.938300  0.150237 -0.370311  0.243598   4
  1  0  0.938300 -0.024724 -0.147144  0.445137  10
  1  0  0.938300 -0.071430  0.159960  0.498636   5
  1  0  0.938300  0.120211  0.027150  0.411338   1
  1  0  0.938300 -0.003498 -0.127216  0.230287   1
  1  0  0.938300  0.041877 -0.007938  0.290492   1
  1  0  0.938300  0.203378 -0.155024  0.084667   3
  1  0  0.938300  0.019984  0.208019  0.329243   4
  1  0  0.938300  0.020453 -0.100156  0.216018   4
  1  0  0.938300 -0.005768 -0.143788  0.423853   5
  1  0  0.938300  0.003593 -0.560633  0.453698   4
  1  1  0.938300 -0.433028  0.085950  0.275393   4
  1  0  0.938300 -0.121036  0.283419  0.560443   2
  1  0  0.938300  0.018211  0.120809  0.517502   3
  1  0  0.938300 -0.100730  0.780623  0.383465   8
  1  1  0.938300 -0.065959 -0.224011  0.273249   8
  1  0  0.938300 -0.047798  0.183869  0.375448   7
  1  0  0.938300  0.217980 -0.032378  0.194786   8
  1  1  0.938300  0.417183  0.369544 -0.150247   4
  1  0  0.938300  0.056602 -0.283746  0.341326   2
  1  0  0.938300  0.540617 -0.266643  0.523368   3
  1  1  0.938300 -0.203276  0.054880  0.520898   4
  1  0  0.938300 -0.160373  0.241541  0.448084   7
  1  0  0.938300  0.013973  0.449750  0.738099   7
  1  1  0.938300  0.029505 -0.630637  0.068295  -4
  1  0  0.938300  0.171798  0.213653  0.510125  -3
  1  1  0.938300 -0.074009 -0.194224  0.761534  -5
  1  1  0.938300  0.534363 -0.545891  0.488823  -6
  1  1  0.938300 -0.065001 -0.037391  1.156601  -2
  1  1  0.938300  0.345044 -0.040646  0.751095  -2
  1  1  0.938300  0.455813  0.169833  0.760392  -2
  1  1  0.938300  0.281880 -0.601471  0.656065  -2
  1  1  0.938300  0.104489 -0.017439  0.527712  -8
  1  1  0.938300 -0.018113 -0.190137  0.547294  -6
  1  1  0.938300 -0.146221  0.220753  0.048883  -6
  1  1  0.938300 -0.037605  0.413419 -0.138465  -3
  1  1  0.938300  0.045235  0.211368  1.027182  -2
  1  0  0.938300 -0.062891  0.667329  0.928433 -10
  1  1  0.938300 -0.381994 -0.302491  0.185113  -3
  1  1  0.938300  0.353701 -0.474589  0.431747 -10
  1  0  0.938300 -0.052185 -0.031831  0.564264  -8
  1  1  0.938300  0.222886  0.407021  0.287166  -5
  1  1  0.938300  0.148884  0.217155  0.431048  -4
  1  1  0.938300 -0.062503 -0.307550  0.578481  -3
  1  1  0.938300 -0.186048 -0.171048  0.440536  -2
  1  1  0.938300  0.092993 -0.043963  0.959738 -10
  1  1  0.938300 -0.230437 -0.194603  0.532268  -5
  1  0  0.938300 -0.032805  0.077945  0.275853  -6
  1  1  0.938300  0.302501 -0.180908  1.053883  -6
  1  1  0.938300 -0.589610 -0.360674  0.994591  -2
  1  1  0.938300 -0.333518  0.028860  0.273210  -6
  1  1  0.938300 -0.313591  0.196020  0.285806  -2
  1  1  0.938300 -0.172321  0.170259  0.650690  -3
  1  1  0.938300  0.038259  0.128503  0.260342  -5
  1  1  0.938300  0.021514  0.001214  0.885322  -1
  1  1  0.938300  0.091405  0.122816  1.034461  -1
  1  0  0.938300  0.001964  0.004958 -0.078464  -4
  1  1  0.938300 -0.026570  0.116372  0.339148  -4
  1  1  0.938300  0.443889  0.537310  0.420491  -2
  1  1  0.938300  0.780272  0.385605  0.470470  -7
  1  1  0.938300 -0.097229 -0.487693  0.773099  -3
  1  1  0.938300 -0.033059  0.476188  0.123443  -5
  1  1  0.938300  0.020920  0.329315  0.705078  -3
  1  0  0.938300 -0.103418 -0.240792  0.909840  -6
  1  1  0.938300 -0.089574  0.193012  1.085224  -3
  1  1  0.938300  0.227550 -0.562366  0.909174  -3
  1  1  0.938300  0.384782 -0.434989  0.783080  -5
  1  1  0.938300 -0.382328  0.022069  0.146570  -5
  1  1  0.938300 -0.192236 -0.231681  0.465125  -2
  1  1  0.938300 -0.210405  0.495138  0.453370  -2
  1  1  0.938300  0.099829  0.429900  0.538119  -3
  1  1  0.938300  0.128545 -0.110667  0.704766  -6
  1  1  0.938300  0.203461 -0.067718  0.613286  -4
  1  1  0.938300  0.170647 -0.264426  0.076857  -7
  1  1  0.938300  0.033452 -0.421982  0.626829  -3
  1  1  0.938300  0.190770  0.404732 -0.080564  -3
  1  1  0.938300  0.067471 -0.116494  0.406938  -4
  1  1  0.938300 -0.036588  0.153763  0.532739  -4
  1  1  0.938300 -0.073439  0.060178  0.416604  -6
  1  1  0.938300 -0.039732  0.145155  0.374617  -5
  1  1  0.938300  0.154240  0.523691  0.753186  -4
  1  1  0.938300  0.120782  0.311514  0.338331 -10
  1  1  0.938300  0.032481  0.304351  0.646360  -3
  1  1  0.938300  0.305060  0.183835  0.373630  -4
  1  0  0.938300 -0.203453  0.096101  0.758520  -8
  1  1  0.938300 -0.318188 -0.053659  0.362304  -2
  1  1  0.938300  0.218963  0.197910  0.914684  -3
  1  1  0.938300 -0.203088  0.333710  0.554466  -4
  1  1  0.938300 -0.190898 -0.230925  0.270427  -2
  1  1  0.938300 -0.075937 -0.154325  0.517084  -3
  1  1  0.938300  0.100787  0.201877  0.484636  -3
  1  1  0.938300  0.098260 -0.408265  0.008468  -3
  1  0  0.938300 -0.120363 -0.341535  0.366433  -9
  1  1  0.938300  0.099943  0.188587  0.902822  -4
  1  1  0.938300  0.305099  0.507032  0.792844  -3
  1  1  0.938300  0.358812 -0.583890  0.143007  -5
  1  1  0.938300 -0.589347  0.372699  0.523105  -4
  1  1  0.938300 -0.339713 -0.434320  0.419117  -3
  1  1  0.938300 -0.097484 -0.091157  0.836720  -4
  1  1  0.938300 -0.078025 -0.132666  0.794885  -7
  1  1  0.938300  0.213479 -0.254090  0.452792  -3
  1  1  0.938300  0.029557 -0.201167  0.471493  -2
  1  1  0.938300  0.261754 -0.377263  0.909264  -3
  1  0  0.938300 -0.109371  0.472228  0.372191  -2
  1  0  0.938300  0.202124 -0.130199  0.828915  -2
  1  0  0.938300 -0.273535  0.409111  0.389385  -2
  1  0  0.938300 -0.092326  0.205090  0.742604  -8
  1  0  0.938300  0.062481 -0.257250  1.431936  -3
  1  0  0.938300  0.189679  0.432971  0.499333  -4
  1  0  0.938300  0.140781  0.168083  0.298288 -12
  1  0  0.938300 -0.093011  0.039785  0.807245  -2
  1  0  0.938300 -0.201183 -0.065929  0.802960  -3
  1  0  0.938300  0.634976 -0.002596  0.577040  -4
  1  0  0.938300  0.040980  0.236898  0.665608  -4
  1  0  0.938300 -0.118725 -0.207623  0.755675  -2
  1  0  0.938300 -0.251554 -0.034925  0.410540  -2
  1  0  0.938300 -0.252621  0.103049  0.436639  -2
  1  0  0.938300  0.172181  0.181912  0.824704  -1
  1  0  0.938300 -0.252576  0.302699  0.344081  -4
  1  0  0.938300 -0.107662  0.094779  0.541874  -2
  1  0  0.938300 -0.092107  0.002004  0.117808  -2
  1  0  0.938300 -0.263166  0.157768  0.353291  -7
  1  0  0.938300 -0.122760  0.170552  0.364104  -7
  1  0  0.938300 -0.170676  0.188269  0.890038  -1
  1  0  0.938300  0.123879 -0.191069  0.595033  -3
  1  0  0.938300 -0.296416 -0.331344  0.743500  -5
  1  0  0.938300  0.400183 -0.297640  0.062310  -9
  1  0  0.938300 -0.131679  0.001212  0.285804  -2
  1  0  0.938300  0.421452  0.046671  0.631851  -4
  1  0  0.938300  0.117417  0.680162  0.194255  -4
  1  0  0.938300 -0.234714 -0.204730  0.684644  -2
  1  0  0.938300 -0.140583 -0.204915  0.387600  -5
  1  1  0.938300 -0.020463  0.040042  0.431180  -2
  1  1  0.938300  0.147601  0.505672  0.816202  -8
  1  0  0.938300 -0.140840  0.000452  0.396510  -3
  1  0  0.938300 -0.226569  0.397513  0.326574  -3
  1  0  0.938300 -0.211446 -0.003539  0.312906  -8
  1  0  0.938300  0.012414 -0.460162  0.583114  -3
  1  0  0.938300 -0.330113  0.067052 -0.048849  -7
  1  0  0.938300 -0.081636 -0.319345  0.388549  -2
  1  0  0.938300 -0.343439  0.270654  0.522792  -4
  1  0  0.938300 -0.359459 -0.181876  0.323549  -5
  1  0  0.938300 -0.236109 -0.036684  1.007547  -1
  1  0  0.938300  0.158489 -0.173590  0.212520 -13
  1  0  0.938300  0.446743 -0.120808  0.614778  -5
  1  0  0.938300 -0.074127 -0.091871  1.070167  -4
  1  0  0.938300  0.123316  0.154025  0.056405  -3
  1  0  0.938300  0.069683 -0.209350  0.874058  -5
  1  0  0.938300  0.155244 -0.129679  0.764258  -2
  1  0  0.938300  0.023506  0.152109  0.382351  -5
  1  0  0.938300 -0.076597  0.108649  0.599584  -1
  1  0  0.938300  0.227336 -0.630372  0.239503  -4
  1  0  0.938300 -0.100016 -0.628850  0.439655  -9
  1  0  0.938300  0.066859  0.396323  0.677513  -3
  1  0  0.938300 -0.030158  0.006340  0.254121  -5
  1  0  0.938300  0.234989 -0.016093  0.833984  -2
  1  0  0.938300  0.101017  0.090368  0.520104  -2
  1  0  0.938300  0.204031 -0.153314  0.865656  -4
  1  0  0.938300 -0.015399 -0.109889  0.533283  -2
  1  0  0.938300 -0.072854 -0.057764  0.459758  -8
  1  1  0.938300 -0.120904 -0.072646  0.454285  -5
  1  0  0.938300 -0.166644  0.153387  0.622993  -2
  1  0  0.938300 -0.118189 -0.042304  0.875826  -1
  1  0  0.938300 -0.010336  0.290497  1.204165  -2
  1  0  0.938300  0.142662 -0.090708  0.431049  -6
  1  0  0.938300 -0.206081 -0.211115  0.317022  -5
  1  0  0.938300 -0.031244 -0.017341  0.373754  -3
  1  0  0.938300 -0.022823  0.124368  0.717037  -3
  1  0  0.938300  0.430559 -0.064329  0.149521  -3
  1  0  0.938300  0.376848  0.083911  0.482689  -4
  1  0  0.938300 -0.011905  0.002898  0.503424  -4
  1  0  0.938300 -0.096683  0.116340  0.356011  -3
  1  1  0.938300  0.137526  0.135053  0.247380  -3
  1  0  0.938300  0.029868 -0.085865  1.025221  -3
  1  0  0.938300  0.392514 -0.047806  0.385994  -5
  1  0  0.938300 -0.031328  0.180213  0.572247  -1
  1  0  0.938300  0.066177  0.240055  0.498171  -4
  1  0  0.938300 -0.079701  0.003747  0.233578  -4
  1  0  0.938300 -0.013901 -0.055590  0.419333  -4
  1  1  0.938300 -0.010879 -0.312886  0.938911  -4
  1  0  0.938300 -0.061952  0.351408  0.659443  -3
  1  0  0.938300  0.193596 -0.348523  1.001761  -3
  1  0  0.938300 -0.531563 -0.147308  0.172153  -4
  1  0  0.938300  0.250224 -0.223335  0.889402  -3
  1  1  0.938300 -0.189875  0.024897  0.340920  -5
  1  0  0.938300  0.104670  0.235231  1.169888  -3
  1  0  0.938300  0.121799 -0.003540  0.221928  -3
  1  0  0.938300  0.311916  0.031433  0.715967  -6
  1  0  0.938300  0.166274 -0.289739  0.255842  -3
  1  0  0.938300  0.326697  0.332235  0.494709  -2
  1  0  0.938300 -0.000105  0.388415  0.306891  -3
  1  0  0.938300  0.104386 -0.057377  0.867594  -5
  1  0  0.938300 -0.023394  0.113879  0.610833  -3
  1  0  0.938300 -0.065422 -0.078603  0.209572  -2
  1  0  0.938300  0.068427 -0.471840  0.545649  -2
  1  0  0.938300  0.303574  0.534850  0.272876  -5
  1  0  0.938300 -0.125526 -0.284047  0.673252  -3
  1  0  0.938300  0.010215 -0.263837  0.404157  -5
  1  0  0.938300 -0.173661 -0.359908  0.629594  -3
  1  0  0.938300  0.177531  0.114742  0.446384  -3
  1  0  0.938300 -0.119190  0.025691  0.608034  -1
  1  0  0.938300  0.059991 -0.170830  0.841200  -3
  1  0  0.938300 -0.176922  0.193272  0.419680  -4
  1  0  0.938300  0.196880 -0.474727  0.351254  -3
  1  0  0.938300 -0.234746 -0.068208  0.896764  -5
  1  0  0.938300 -0.391531  0.023573  0.637485  -4
  1  0  0.938300 -0.172967  0.235829  0.506299  -6
  1  0  0.938300  0.081803  0.424543  0.621071  -4
  1  1  0.938300 -0.120454  0.123435  0.950877  -4
  1  0  0.938300 -0.328596 -0.012933  1.036974  -2
  1  0  0.938300 -0.174518 -0.316977  0.373213  -3
  1  0  0.938300  0.293282  0.310817  0.748392  -3
  1  0  0.938300  0.057223 -0.217194  0.721052  -1
  1  0  0.938300  0.074119  0.366096  0.881285  -2
  1  0  0.938300 -0.098628  0.079060  1.068739  -1
  1  0  0.938300  0.082861  0.338778  0.580514  -7
  1  0  0.938300 -0.011996  0.048056  0.530824  -3
  1  0  0.938300 -0.629312  0.111030  0.386932  -6
  1  0  0.938300  0.473933 -0.062300  0.351924  -6
  1  1  0.938300 -0.038338  0.023106  0.597147  -6
  1  0  0.938300 -0.298115 -0.281916  0.630793  -4