  1  1  0.938300  0.179300  0.245158  0.100178   3
  1  1  0.938300 -0.260914 -0.130977  0.353076   2
  1  1  0.938300  0.014079 -0.339146  0.932430   4
  1  0  0.938300  0.150818  0.187204  0.133600   7
  1  1  0.938300 -0.064879 -0.112922  0.177929   1
  1  1  0.938300  0.290866 -0.204825  0.886587   3
  1  1  0.938300 -0.104771  0.038637  0.556327   3
  1  1  0.938300 -0.528094 -0.114678  0.608714   5
  1  1  0.938300 -0.616410 -0.199757  0.296088   3
  1  1  0.938300 -0.258323  0.101526  0.400616   2
  1  1  0.938300 -0.018107 -0.310484  0.243739   3
  1  1  0.938300 -0.738264  0.001953  0.030956   3
  1  1  0.938300  0.175734 -0.510751  0.473232   6
  1  1  0.938300 -0.407904 -0.075527  0.190910   4
  1  1  0.938300  0.402330 -0.000760  0.578179   8
  1  1  0.938300 -0.039064  0.107586  0.437861   5
  1  1  0.938300 -0.057661 -0.236410  0.715138   4
  1  1  0.938300  0.020071 -0.396151 -0.099372   3
  1  1  0.938300  0.178678  0.000124  0.250138   2
  1  1  0.938300  0.218496 -0.109598  0.488179   6
  1  1  0.938300 -0.283522  0.071134  0.567252   3
  1  1  0.938300  0.180547 -0.216422  0.182415   2
  1  1  0.938300  0.193172  0.033568 -0.024525   1
  1  1  0.938300 -0.008798  0.195188  0.382789   3
  1  1  0.938300  0.196485  0.130799  0.389231   7
  1  1  0.938300  0.233741 -0.385313  0.659612   5
  1  1  0.938300 -0.146337 -0.275024  0.466717   6
  1  1  0.938300  0.219344  0.140705  0.518496   5
  1  1  0.938300  0.191209  0.151948 -0.019622   4
  1  0  0.938300  0.043559  0.372439  0.549297   3
  1  1  0.938300 -0.125773 -0.436635  0.131697   5
  1  1  0.938300  0.205592 -0.462842  0.700560   3
  1  1  0.938300  0.082063 -0.182085  0.847439   5
  1  1  0.938300 -0.170630  0.002670 -0.010972   1
  1  1  0.938300 -0.059276 -0.079993  0.298815   2
  1  1  0.938300 -0.200827 -0.066093  1.204863   2
  1  1  0.938300 -0.049927  0.247978  0.692474   6
  1  1  0.938300  0.176486 -0.057408  0.413267   2
  1  1  0.938300 -0.002216  0.065504 -0.094357   1
  1  1  0.938300  0.211632  0.372091  1.008263   8
  1  1  0.938300 -0.378473  0.401174  0.340876   4
  1  1  0.938300 -0.217108 -0.475222  0.550646   7
  1  1  0.938300  0.224686  0.125766  0.109286   4
  1  1  0.938300  0.129660  0.328397  0.701518   8
  1  1  0.938300  0.191728 -0.005024  0.438927   5
  1  1  0.938300 -0.112062 -0.380652  0.711198   3
  1  0  0.938300  0.584820 -0.067295  0.534878   3
  1  1  0.938300 -0.076091  0.017094  0.448243   3
  1  1  0.938300  0.028693  0.220452  0.535420   5
  1  1  0.938300  0.298667 -0.022826  0.462415   3
  1  1  0.938300  0.039103  0.105215  0.968813   4
  1  1  0.938300  0.263318 -0.052178  0.004296   6
  1  1  0.938300 -0.247556  0.016763  0.392719   4
  1  1  0.938300  0.118978 -0.050318  0.491259   4
  1  1  0.938300  0.055632  0.117643 -0.044796   1
  1  1  0.938300 -0.290217 -0.075097  0.506843   3
  1  1  0.938300  0.000162  0.004659  0.203274   8
  1  1  0.938300  0.060039 -0.403919  0.376644   5
  1  1  0.938300 -0.266739 -0.051595  0.209085   3
  1  1  0.938300 -0.057082 -0.169350  0.156513   2
  1  1  0.938300 -0.172914  0.041438  0.309399   2
  1  1  0.938300  0.087638 -0.117887  0.480086   2
  1  1  0.938300 -0.162751  0.436957  0.699231   5
  1  1  0.938300 -0.380702 -0.068467  0.300788   4
  1  1  0.938300 -0.196866 -0.162107  0.557644   4
  1  0  0.938300 -0.202184 -0.071948  0.421273   3
  1  1  0.938300 -0.145376  0.211424  0.867933   5
  1  1  0.938300  0.001417 -0.262989  0.607807   5
  1  1  0.938300 -0.263572  0.143817  0.128454   3
  1  1  0.938300  0.020841  0.038804  0.022061   1
  1  0  0.938300 -0.159314 -0.033518  0.688083   6
  1  1  0.938300 -0.280018  0.396615  0.206991   4
  1  1  0.938300  0.119329  0.134145  0.212919   4
  1  1  0.938300  0.253645 -0.095925  0.645369   5
  1  1  0.938300  0.124686 -0.331229  0.754615   7
  1  1  0.938300 -0.210527  0.038766  0.684142   5
  1  1  0.938300 -0.025072 -0.363710  0.385442   3
  1  1  0.938300 -0.103510  0.221022  0.782366   5
  1  1  0.938300  0.050015  0.309442  0.805655   3
  1  0  0.938300 -0.171433  0.143007  0.178784   4
  1  0  0.938300  0.224795 -0.120644  0.650473   4
  1  0  0.938300 -0.012217 -0.147548  0.217404   5
  1  0  0.938300  0.204612 -0.145617  0.090192   4
  1  0  0.938300 -0.067609  0.137753  0.070442   2
  1  0  0.938300  0.084141 -0.107476  0.060542  10
  1  0  0.938300  0.008733 -0.169426  0.186079   5
  1  0  0.938300 -0.240346  0.120118  0.460795   9
  1  0  0.938300  0.066845 -0.228258  0.166093   4
  1  0  0.938300 -0.151215  0.040693  0.330334   4
  1  0  0.938300 -0.036315 -0.068360  0.405089   6
  1  0  0.938300 -0.128461 -0.105662  0.269592   5
  1  0  0.938300  0.180338 -0.062948  0.332408   5
  1  0  0.938300  0.069497 -0.335043  0.412594   3
  1  0  0.938300  0.299579 -0.337105  0.647676   3
  1  0  0.938300 -0.087975 -0.113201  0.066805   1
  1  0  0.938300  0.173858 -0.135166  0.246306   8
  1  0  0.938300  0.386380  0.418119  0.435970   3
  1  0  0.938300  0.059505 -0.026208  0.371954   3
  1  1  0.938300  0.313019 -0.348793  0.364562   7
  1  0  0.938300  0.277785 -0.053874  0.104202   6
  1  0  0.938300 -0.077420  0.576975  0.217327   3
  1  0  0.938300 -0.432934  0.324324 -0.274402   3
  1  0  0.938300  0.058817 -0.138639  0.108125   2
  1  0  0.938300  0.305396  0.656951  0.485105   3
  1  0  0.938300  0.092528 -0.070389 -0.144585   1
  1  0  0.938300 -0.166818  0.017666  0.682805   4
  1  0  0.938300 -0.044034 -0.301671  0.239731   4
  1  0  0.938300 -0.045871 -0.014290  0.131584   1
  1  0  0.938300 -0.128039  0.038850  0.601601   3
  1  0  0.938300  0.083056 -0.104806  0.331349   3
  1  0  0.938300  0.038628  0.497323  0.657523   5
  1  0  0.938300  0.334325 -0.138015  0.311041   5
  1  0  0.938300 -0.252748 -0.477882  0.530383   4
  1  0  0.938300 -0.244473  0.027576  0.729634  12
  1  0  0.938300 -0.400842 -0.112985  0.115436   9
  1  0  0.938300  0.393445 -0.400401  0.166350   3
  1  0  0.938300  0.004256  0.048954  0.227102   4
  1  0  0.938300  0.259542 -0.134124  0.264162   4
  1  0  0.938300 -0.066716  0.570198  0.497331   5
  1  0  0.938300 -0.089793 -0.366201  0.759376   3
  1  0  0.938300 -0.411470 -0.201715  0.271466   2
  1  0  0.938300 -0.108057  0.020977  0.546833   5
  1  0  0.938300  0.040565  0.202040 -0.072009   1
  1  0  0.938300 -0.177233  0.269297  0.187493   5
  1  0  0.938300 -0.206081 -0.387985 -0.009938   5
  1  0  0.938300  0.249854 -0.280412  0.461417   4
  1  0  0.938300  0.240249  0.014965  0.432388   7
  1  0  0.938300 -0.136600  0.264343  0.543352   9
  1  0  0.938300 -0.075829 -0.062957  0.337325   2
  1  0  0.938300  0.148804  0.337443  0.526201   3
  1  0  0.938300  0.321328  0.062117  0.614408   2
  1  0  0.938300 -0.117319  0.377965  0.100075   2
  1  0  0.938300  0.150610  0.152329  0.262738   3
  1  0  0.938300 -0.056860 -0.229148  0.392197   4
  1  0  0.938300  0.090871  0.268091  0.039168   2
  1  0  0.938300 -0.734747  0.137739  0.697175   3
  1  0  0.938300 -0.421887  0.141737  0.173924   2
  1  0  0.938300 -0.379157 -0.180713  0.318608   6
  1  0  0.938300 -0.081588  0.023183 -0.021590   1
  1  0  0.938300 -0.180278  0.248623  0.246916   4
  1  0  0.938300  0.116755 -0.045707  0.634830   5
  1  0  0.938300 -0.059470  0.069256  0.375376   4
  1  0  0.938300 -0.046232 -0.446331  0.599170   2
  1  0  0.938300 -0.001112  0.229686  0.583657   5
  1  0  0.938300  0.088073  0.387298  0.425927   2
  1  0  0.938300 -0.129650  0.289819  0.948024   3
  1  0  0.938300 -0.133696  0.232293  0.210036   3
  1  0  0.938300  0.093075  0.220875  0.043627   2
  1  1  0.938300 -0.260058  0.222570  1.184273   2
  1  0  0.938300  0.375199 -0.134613  0.642663   5
  1  0  0.938300 -0.237607  0.541951  0.228162   3
  1  0  0.938300  0.298923 -0.406115  0.832388   2
  1  0  0.938300  0.331065 -0.239948  0.616656   5
  1  0  0.938300  0.063837 -0.152682  0.038704   1
  1  0  0.938300  0.145541 -0.006983  0.306739   1
  1  0  0.938300 -0.041561  0.070736  0.561420   5
  1  0  0.938300 -0.216499 -0.152549  1.003960   2
  1  0  0.938300  0.190682  0.021479  0.321430   5
  1  0  0.938300  0.127968 -0.027445  0.546929   5
  1  0  0.938300  0.079094  0.017500  0.338864   4
  1  0  0.938300 -0.022755  0.046870  0.043252   2
  1  0  0.938300  0.056118  0.077830  0.243333   5
  1  0  0.938300 -0.076011  0.054975  0.673758   6
  1  0  0.938300  0.021653  0.273985  1.049396   5
  1  0  0.938300 -0.053956 -0.137151  0.445216   3
  1  0  0.938300  0.333687  0.047806  0.393083   3
  1  0  0.938300 -0.166704  0.258299  0.121091   1
  1  0  0.938300 -0.051694 -0.196805  0.469042   6
  1  0  0.938300 -0.191874  0.155658  0.265636   4
  1  0  0.938300 -0.366927  0.095375  0.473119   2
  1  1  0.938300  0.155416  0.130998  0.673901   3
  1  0  0.938300 -0.061041  0.151623  0.547911  12
  1  0  0.938300  0.009034 -0.143530  0.443299   2
  1  0  0.938300  0.122112 -0.001704  0.318256   2
  1  0  0.938300 -0.148545  0.059705  0.687509   9
  1  0  0.938300  0.104275 -0.439523  0.602202   5
  1  0  0.938300  0.141671  0.041801  0.140688   6
  1  0  0.938300  0.141166  0.050882  0.291162   5
  1  0  0.938300 -0.442828  0.302555  0.280485   2
  1  1  0.938300 -0.229897  0.194933  0.682236   6
  1  0  0.938300 -0.121101 -0.044456  0.937905   3
  1  0  0.938300 -0.266334 -0.052234  0.733489   5
  1  0  0.938300  0.065702  0.345005  0.018545   2
  1  0  0.938300  0.217933  0.265507  0.197164   6
  1  0  0.938300  0.109253  0.375483  0.428572   3
  1  0  0.938300  0.093726 -0.202485  0.167453   1
  1  0  0.938300 -0.233108 -0.090308  0.565842   3
  1  0  0.938300  0.003909  0.282271 -0.023783   6
  1  0  0.938300  0.423203 -0.311160  0.379234   5
  1  0  0.938300 -0.057217 -0.205699 -0.011110   3
  1  0  0.938300  0.169112 -0.313453  0.681650   3
  1  0  0.938300  0.058475  0.047449  0.307401   5
  1  0  0.938300 -0.254074  0.582687  0.557693   5
  1  0  0.938300  0.258381  0.158767  0.535612   4
  1  0  0.938300  0.081171 -0.004416  0.038202  10
  1  0  0.938300  0.135661 -0.381428  0.844064   2
  1  1  0.938300  0.044226 -0.075193  0.630860   5
  1  1  0.938300 -0.388522  0.141451  0.443489  -8
  1  1  0.938300 -0.308622  0.243073  0.443903  -2
  1  1  0.938300  0.178253  0.377920  0.266946 -11
  1  1  0.938300 -0.547798  0.040852  0.561742  -3
  1  1  0.938300  0.269884  0.310787  0.586898  -4
  1  1  0.938300 -0.012182  0.302215  0.522593  -4
  1  1  0.938300  0.003000 -0.399380  0.316390  -3
  1  1  0.938300 -0.659829  0.196157  0.521154  -6
  1  1  0.938300 -0.117678 -0.034087  0.769200  -1
  1  1  0.938300  0.488938  0.088004  0.503839  -6
  1  1  0.938300  0.316171  0.028454  0.340377  -3
  1  0  0.938300 -0.189181 -0.041787  0.302109  -2
  1  1  0.938300  0.004258 -0.022663  0.669263  -3
  1  1  0.938300  0.163519  0.697302  0.418169  -5
  1  1  0.938300 -0.396345  0.029194  0.284869  -7
  1  1  0.938300  0.298300 -0.029576  0.135062  -5
  1  1  0.938300 -0.044112 -0.197509  0.981102  -1
  1  1  0.938300  0.234652  0.072602  0.821833  -1
  1  1  0.938300  0.046719 -0.409506  0.423095  -4
  1  1  0.938300 -0.404929 -0.104386 -0.036676  -4
  1  1  0.938300  0.192640  0.194768  0.360803  -2
  1  1  0.938300 -0.390868 -0.224298  0.745848  -8
  1  1  0.938300  0.085899 -0.038491  0.584046  -3
  1  1  0.938300 -0.107512  0.104864  0.831617  -1
  1  0  0.938300  0.048569  0.054867  0.159787 -12
  1  1  0.938300 -0.079135 -0.168893  0.674099  -1
  1  1  0.938300  0.260272  0.374562  0.085415  -3
  1  1  0.938300 -0.043501  0.485379  0.095196  -4
  1  1  0.938300 -0.330704  0.054422  0.921961  -2
  1  0  0.938300  0.022393  0.105074  0.324897  -8
  1  1  0.938300 -0.285805 -0.206156  0.798694  -2
  1  1  0.938300  0.170314 -0.080918  0.429420  -8
  1  1  0.938300 -0.298700 -0.372765 -0.055182  -5
  1  1  0.938300  0.072564  0.129899  0.086106  -3
  1  1  0.938300 -0.467362 -0.147378  0.440037  -3
  1  1  0.938300  0.168702  0.416728  0.354055  -3
  1  1  0.938300  0.023740  0.481955  0.414617 -12
  1  1  0.938300  0.402103 -0.026487  0.327990  -2
  1  1  0.938300  0.203218  0.027154  0.886912  -3
  1  1  0.938300 -0.146340  0.089623  0.373313  -4
  1  1  0.938300 -0.143542  0.156042  0.989489  -5
  1  1  0.938300 -0.197628  0.483387  1.108143  -2
  1  1  0.938300  0.085583  0.080488  0.506991  -8
  1  1  0.938300 -0.209857 -0.497935  0.565044  -4
  1  1  0.938300 -0.051796  0.156172  0.688267  -2
  1  1  0.938300 -0.278446 -0.342290  0.505950  -8
  1  1  0.938300 -0.028098  0.247991  0.316520  -2
  1  1  0.938300  0.079639 -0.090763  0.766493  -3
  1  1  0.938300 -0.361407  0.050199  0.928962  -2
  1  1  0.938300 -0.083884 -0.086533  0.689659  -2
  1  1  0.938300  0.150748 -0.366913  0.289890  -5
  1  1  0.938300  0.482926 -0.408560  0.480432  -5
  1  1  0.938300 -0.204642  0.295504  0.628615  -2
  1  1  0.938300  0.221198  0.177960  0.651760  -3
  1  1  0.938300  0.060494 -0.120815  0.772577  -1
  1  0  0.938300  0.346177  0.291884  0.498177  -7
  1  1  0.938300 -0.019521 -0.283591  0.186422  -3
  1  1  0.938300  0.388736  0.295450  0.696890  -2
  1  1  0.938300  0.193750  0.006685  1.097620  -6
  1  1  0.938300 -0.066299  0.246443  0.929361  -3
  1  1  0.938300  0.104527  0.346858  0.699158  -4
  1  1  0.938300 -0.237136 -0.065861  0.590007  -2
  1  1  0.938300 -0.345798  0.134647  0.561754  -2
  1  1  0.938300 -0.351836  0.070929  0.570789  -3
  1  1  0.938300 -0.438919  0.120105  0.835680  -3
  1  0  0.938300  0.165457 -0.054180  0.242230  -5
  1  1  0.938300 -0.103313 -0.039523  0.927005  -1
  1  0  0.938300 -0.456707 -0.282033  0.379002  -7
  1  1  0.938300 -0.551799  0.144724  0.610254  -3
  1  1  0.938300 -0.113333  0.332012  0.912811  -5
  1  0  0.938300 -0.145859  0.035681  0.127805  -4
  1  1  0.938300  0.030929 -0.508571  0.944238  -3
  1  1  0.938300 -0.009342 -0.400457  0.502190  -7
  1  1  0.938300  0.541037  0.284894  0.651595  -2
  1  1  0.938300 -0.059041 -0.309285  0.584144  -4
  1  1  0.938300 -0.275677 -0.018969  0.325463  -5
  1  1  0.938300 -0.016697 -0.348700  0.231005  -3
  1  1  0.938300 -0.009909  0.436529 -0.006284  -4
  1  1  0.938300  0.131128 -0.028253  0.976719  -1
  1  1  0.938300  0.490190  0.147925  0.473491  -5
  1  0  0.938300  0.036306 -0.015543  1.146489  -4
  1  0  0.938300  0.268081  0.001404  0.964111  -7
  1  0  0.938300 -0.444009 -0.013446  0.851926  -2
  1  0  0.938300 -0.176194  0.352914  1.013399  -3
  1  0  0.938300 -0.061047  0.254107  0.572473  -9
  1  0  0.938300  0.172160  0.309214  0.698485  -4
  1  0  0.938300  0.110285 -0.325677  0.227588  -3
  1  0  0.938300  0.336517 -0.292544  0.658195  -2
  1  0  0.938300 -0.132183 -0.168032  0.604319  -2
  1  0  0.938300  0.013679 -0.225082  0.608264  -2
  1  0  0.938300 -0.125396 -0.021654  0.923177  -3
  1  0  0.938300  0.236016 -0.100772 -0.115282  -6
  1  0  0.938300  0.310545  0.169671  0.364417  -3
  1  0  0.938300 -0.116358 -0.435988  0.843915  -2
  1  1  0.938300 -0.177487 -0.099565  0.421829  -6
  1  0  0.938300  0.306953 -0.122637  0.706604  -4
  1  1  0.938300 -0.639400  0.088626  0.605197  -5
  1  0  0.938300  0.301975 -0.139493  0.385512  -6
  1  1  0.938300  0.217250  0.184382  0.818306  -3
  1  0  0.938300  0.056067  0.056002  0.689461  -7
  1  0  0.938300 -0.137933 -0.210141  0.760981  -3
  1  0  0.938300  0.072153  0.533636  0.910798  -2
  1  0  0.938300 -0.426536 -0.211604  0.213070  -5
  1  0  0.938300  0.253524  0.495759  0.670257  -6
  1  0  0.938300  0.273765  0.060433  0.657196  -3
  1  0  0.938300  0.387607  0.197354  0.300007  -2
  1  0  0.938300 -0.355699  0.047731  0.667891  -2
  1  0  0.938300 -0.072933 -0.193030  0.373220  -6
  1  0  0.938300  0.335211 -0.380041  0.362301  -3
  1  0  0.938300  0.153809 -0.246173  0.933879  -3
  1  1  0.938300 -0.101794 -0.149908  0.127964  -4
  1  0  0.938300 -0.189214  0.069329  0.164759  -5
  1  0  0.938300  0.055189  0.349518  1.046266  -2
  1  0  0.938300  0.075293 -0.086791  0.294996  -3
  1  0  0.938300 -0.026807 -0.141347  0.424928  -2
  1  0  0.938300 -0.122359  0.054260  0.614412  -1
  1  0  0.938300 -0.084391 -0.144525  0.710228  -1
  1  0  0.938300  0.572144 -0.033744  0.220837  -4
  1  0  0.938300  0.342951 -0.117729  0.646341  -3
  1  0  0.938300  0.346487  0.452535  0.403204  -2
  1  0  0.938300 -0.237372  0.060397  0.495789  -2
  1  0  0.938300 -0.053688  0.258141  0.404251  -3
  1  0  0.938300 -0.413074  0.080901  0.350006  -3
  1  0  0.938300 -0.078233 -0.039309  0.275829  -6
  1  0  0.938300  0.169438  0.413065  0.260259  -6
  1  0  0.938300  0.463258 -0.341131  0.536597  -4
  1  0  0.938300  0.018380  0.157867  0.378209  -3
  1  0  0.938300  0.080997  0.128284  0.356877  -3
  1  0  0.938300  0.275002  0.392661  0.117160  -4
  1  0  0.938300  0.199574 -0.297514  0.487511  -3
  1  0  0.938300  0.557777  0.233448  0.283820  -3
  1  0  0.938300  0.168225  0.069780  0.669124  -4
  1  0  0.938300  0.232438  0.195404  0.061601  -6
  1  0  0.938300 -0.066150 -0.070164  0.463197  -2
  1  0  0.938300 -0.113051  0.269656  0.548120  -4
  1  0  0.938300  0.302659  0.280198  0.339792  -6
  1  0  0.938300 -0.103244 -0.445368  0.351838  -5
  1  0  0.938300  0.045933  0.000717  0.637854  -7
  1  0  0.938300 -0.003498 -0.455059  0.392086  -3
  1  0  0.938300  0.109986  0.125938  0.315110  -4
  1  0  0.938300  0.706611  0.170470  0.441387  -5
  1  0  0.938300  0.126440  0.249061  0.748917  -3
  1  0  0.938300 -0.076602  0.480077  0.779063  -5
  1  0  0.938300  0.059979  0.035578  0.677393  -1
  1  0  0.938300 -0.155838  0.014424  0.465641  -5
  1  0  0.938300  0.357263 -0.243645  0.799041  -7
  1  0  0.938300 -0.090413  0.070614  0.401060  -5
  1  0  0.938300 -0.714453  0.416918  0.474504  -3
  1  1  0.938300 -0.229562  0.030914  0.637527  -6
  1  0  0.938300 -0.214842  0.274661  0.251776  -5
  1  0  0.938300 -0.034654 -0.083469  0.623394  -1
  1  0  0.938300  0.209619 -0.459817  0.321202  -5
  1  0  0.938300 -0.262249  0.218401  0.496719  -4
  1  0  0.938300 -0.267142 -0.339165  0.382738  -4
  1  0  0.938300 -0.113947 -0.524761  0.323027  -6
  1  0  0.938300  0.297751  0.060247  0.176225  -5
  1  0  0.938300  0.328401  0.526209  0.661197  -3
  1  0  0.938300  0.259181 -0.550172  0.736543  -2
  1  0  0.938300 -0.066631 -0.022090  0.812119  -1
  1  0  0.938300  0.031311 -0.177717  0.933590  -2
  1  0  0.938300 -0.047349  0.030108  1.014624  -1
  1  0  0.938300 -0.144670 -0.154206 -0.036816  -3
  1  1  0.938300  0.582407  0.143434  0.615776  -3
  1  1  0.938300 -0.360942  0.083251  0.322610  -3
  1  0  0.938300 -0.151997 -0.546194  0.526587  -3
  1  0  0.938300 -0.009230 -0.037958  0.858770  -2
  1  0  0.938300 -0.108249  0.027708  0.402154  -3
  1  0  0.938300  0.352337  0.548398  0.273478  -3
  1  0  0.938300 -0.059593 -0.022001  0.170001  -3
  1  0  0.938300  0.181664 -0.167781  0.644200  -6
  1  0  0.938300 -0.159728 -0.158284  0.253280  -5
  1  0  0.938300  0.116235  0.210222  0.327181  -3
  1  0  0.938300 -0.154821 -0.173551  0.759689  -2
  1  0  0.938300 -0.238706 -0.143972  0.069082  -3
  1  0  0.938300 -0.261029 -0.166176  0.563608  -3
  1  0  0.938300 -0.332953 -0.388388  0.693174  -3
  1  0  0.938300 -0.142569  0.490251  0.841525  -3
  1  1  0.938300  0.224959 -0.186137  0.912540  -5
  1  0  0.938300  0.011175  0.188067  0.400580  -4
  1  0  0.938300 -0.046793 -0.127984  0.860124  -1
  1  0  0.938300 -0.309694  0.055931  0.682238  -6
  1  0  0.938300  0.184772  0.244156  0.258412  -3
  1  0  0.938300 -0.026938  0.061595  0.888119  -3
  1  0  0.938300 -0.156009 -0.090060  0.824510  -3
  1  0  0.938300 -0.105378  0.021036  1.132114  -1
  1  0  0.938300  0.177901  0.017094  0.784368  -1
  1  0  0.938300 -0.151277  0.061756  0.725030  -4
  1  0  0.938300  0.212833 -0.024282  0.371085  -7
  1  0  0.938300 -0.407581  0.030763  0.310592  -3
  1  0  0.938300  0.010520 -0.036814  0.586239  -4
  1  0  0.938300 -0.307640 -0.044255  0.809903  -7
  1  0  0.938300  0.145647  0.083399  0.416977  -2
  1  0  0.938300 -0.011251 -0.073987  0.351230  -3
  1  0  0.938300  0.103662  0.050501  0.967113  -1
  1  0  0.938300 -0.434357  0.048644  0.267387 -13
  1  0  0.938300 -0.378355  0.043439  0.524986  -6
  1  0  0.938300 -0.010465  0.043940  0.999947  -1