  1  1  0.938300 -0.011464  0.182932  0.155927   6
  1  0  0.938300 -0.154689 -0.341146  0.626302   3
  1  1  0.938300  0.433270  0.352704  0.608264   3
  1  1  0.938300 -0.265555  0.104286  0.307702   2
  1  1  0.938300 -0.286860 -0.072798  0.598168   5
  1  1  0.938300 -0.090456 -0.200633  0.073722   2
  1  1  0.938300 -0.109091  0.386923  0.310319   7
  1  0  0.938300  0.173768 -0.025378  0.256200   6
  1  1  0.938300 -0.073138 -0.087479  0.462375   4
  1  0  0.938300 -0.399997  0.268604  0.906297   3
  1  1  0.938300  0.346116  0.125091  0.780219   6
  1  1  0.938300  0.180242 -0.298160 -0.025226   5
  1  1  0.938300  0.017541  0.036462  0.387936   2
  1  1  0.938300  0.834186 -0.237433  0.588213   5
  1  1  0.938300  0.059124  0.381257  0.516759   7
  1  1  0.938300  0.820681  0.114610  0.588735   7
  1  0  0.938300  0.107647  0.056583  0.728458   5
  1  1  0.938300 -0.384894 -0.029595  0.193080   2
  1  1  0.938300  0.566624  0.090306  0.293412   2
  1  1  0.938300  0.108658  0.180712 -0.119820   1
  1  1  0.938300 -0.211398 -0.312410  0.685179   3
  1  1  0.938300 -0.029938 -0.072156  0.155012   6
  1  0  0.938300 -0.145800 -0.210300  0.093486   5
  1  1  0.938300 -0.268580  0.374868  0.512491   8
  1  1  0.938300 -0.238714  0.044014 -0.061367   1
  1  1  0.938300 -0.116622  0.238068  0.046086   1
  1  1  0.938300 -0.046994 -0.008779  0.440462   9
  1  1  0.938300  0.084650 -0.173790  0.778835   8
  1  1  0.938300  0.184898  0.058185  0.499761   4
  1  1  0.938300 -0.465036 -0.200735  0.275380   7
  1  1  0.938300 -0.311823  0.226230  0.768039   4
  1  0  0.938300  0.218819 -0.577553  0.427048   5
  1  1  0.938300  0.534464  0.125382  0.978412   4
  1  0  0.938300 -0.130293 -0.078959  0.527444   5
  1  1  0.938300 -0.094580 -0.158023  0.308710   6
  1  1  0.938300 -0.439481 -0.236790  0.535223   2
  1  1  0.938300 -0.594586  0.274713  1.089969   2
  1  1  0.938300  0.063194 -0.494402  0.138961   7
  1  0  0.938300 -0.089325  0.190184  0.573179   3
  1  1  0.938300  0.547383 -0.114307  0.138977   2
  1  1  0.938300  0.250231 -0.096886  0.256833   2
  1  1  0.938300  0.196086  0.106229  0.190995   2
  1  1  0.938300  0.120235 -0.077822  0.532207   4
  1  1  0.938300  0.474886 -0.177081  0.738399   5
  1  1  0.938300 -0.320706 -0.297775  0.292263   3
  1  1  0.938300 -0.190566 -0.331318  0.758996   6
  1  1  0.938300 -0.097330  0.081286  0.116125   1
  1  1  0.938300 -0.373080 -0.272599  0.899453   2
  1  1  0.938300  0.307061 -0.035786  0.782094   2
  1  1  0.938300  0.258583  0.162483  0.324891   3
  1  1  0.938300 -0.159731 -0.111967  0.396967   7
  1  1  0.938300  0.356560  0.149206 -0.079984   2
  1  1  0.938300 -0.200413 -0.143019  0.786243   5
  1  1  0.938300  0.018705  0.125583  1.092359   7
  1  1  0.938300 -0.518255  0.328110  0.462229   2
  1  1  0.938300  0.277504  0.330021  0.390816   7
  1  1  0.938300  0.047278 -0.472072  0.725983   5
  1  1  0.938300  0.014660  0.410604  0.410590   4
  1  1  0.938300 -0.292324  0.273930  0.522116   5
  1  1  0.938300  0.062267 -0.045245  0.194888   2
  1  0  0.938300  0.011704 -0.064451  0.660605   3
  1  1  0.938300  0.555531 -0.126436  0.059333   4
  1  1  0.938300  0.040320  0.069894  0.126413   1
  1  1  0.938300  0.000598 -0.073205  0.495407   4
  1  1  0.938300  0.004835  0.093559  0.447054   6
  1  1  0.938300 -0.100551 -0.006428  0.972185   5
  1  1  0.938300  0.178779  0.113858  0.027784   3
  1  1  0.938300  0.001413 -0.177437  0.559850   3
  1  1  0.938300  0.438743 -0.046097  0.712662   7
  1  1  0.938300 -0.446787  0.246181  0.261263   4
  1  1  0.938300  0.223134 -0.005189  0.189115   1
  1  1  0.938300 -0.100118 -0.165679 -0.018250   1
  1  1  0.938300  0.280944 -0.505323  0.748563   7
  1  1  0.938300  0.030513 -0.009456  0.314484   5
  1  1  0.938300  0.420262 -0.075962  0.016515   2
  1  1  0.938300 -0.268010 -0.086568  0.336703   2
  1  1  0.938300 -0.032720 -0.234329  0.709529   6
  1  1  0.938300 -0.551928 -0.243573  0.534683   7
  1  1  0.938300  0.026866 -0.073031  0.357633   2
  1  0  0.938300 -0.121104 -0.017811  0.344978   3
  1  0  0.938300  0.558423  0.166322  0.530771   2
  1  0  0.938300  0.144188  0.018891  0.199439   1
  1  0  0.938300 -0.170153 -0.105748  0.196543   4
  1  0  0.938300  0.082509 -0.105440  0.130624   3
  1  0  0.938300 -0.019146  0.139212  0.142148   7
  1  0  0.938300  0.248255 -0.247473  0.013988   3
  1  0  0.938300  0.276061  0.154377  0.421662   4
  1  0  0.938300 -0.088266 -0.010994  0.678142   5
  1  0  0.938300 -0.092775  0.137041  0.262647   1
  1  0  0.938300 -0.033623  0.009762 -0.224935   1
  1  0  0.938300 -0.410136  0.079185  0.620938   2
  1  0  0.938300 -0.214741 -0.062734  0.411732   6
  1  0  0.938300 -0.041734 -0.435898  0.199842   2
  1  0  0.938300 -0.067112 -0.294468  0.772615   8
  1  0  0.938300 -0.048602 -0.213544  0.844214   4
  1  0  0.938300 -0.292948  0.354430  0.804678  10
  1  0  0.938300  0.124388 -0.278280  0.379324   3
  1  0  0.938300  0.286525  0.399894  0.532450   5
  1  0  0.938300 -0.136157  0.000807  0.478604   3
  1  0  0.938300  0.151971 -0.151689  0.072784   5
  1  0  0.938300 -0.243010 -0.337784  0.583238   4
  1  0  0.938300 -0.013675  0.088822  0.496712   5
  1  0  0.938300 -0.059284  0.258055  0.893198   3
  1  0  0.938300  0.128624  0.519987  0.567906   4
  1  0  0.938300 -0.096486  0.018741  0.075896   3
  1  0  0.938300 -0.121572 -0.085245  0.190356   2
  1  0  0.938300 -0.233671 -0.115352  0.419735   7
  1  0  0.938300 -0.053690 -0.001815  0.722120   3
  1  0  0.938300 -0.095696  0.239821  0.657648   4
  1  1  0.938300  0.050026  0.308517  0.120741  10
  1  0  0.938300 -0.033446 -0.183098  0.153554   2
  1  0  0.938300 -0.812764 -0.081795  0.463851   2
  1  0  0.938300  0.228492 -0.064009  0.048779   3
  1  0  0.938300 -0.251867  0.618872  0.010849   2
  1  0  0.938300 -0.024062 -0.064345  0.158885   1
  1  0  0.938300 -0.222103 -0.085057  0.157889   5
  1  0  0.938300 -0.324047  0.173539  0.240476   6
  1  0  0.938300  0.134470  0.254240  0.242933   4
  1  0  0.938300  0.295157 -0.192366  0.526391   2
  1  0  0.938300  0.300742 -0.154826  0.293169   3
  1  0  0.938300 -0.206092  0.009909  0.621933   2
  1  0  0.938300  0.443049 -0.162207  0.834089   5
  1  1  0.938300  0.188869  0.046550  1.021947   8
  1  0  0.938300 -0.008037  0.143731  0.526277   3
  1  0  0.938300  0.318768  0.324046  0.074042   6
  1  0  0.938300  0.444195  0.458024  0.904545   8
  1  0  0.938300 -0.165225  0.147210  0.089609   5
  1  1  0.938300  0.157518  0.178535  0.682453   2
  1  0  0.938300  0.115582 -0.122452  0.021593   1
  1  0  0.938300 -0.214865  0.084054 -0.165325   2
  1  0  0.938300  0.270806 -0.075307  0.457502   3
  1  0  0.938300  0.011553  0.414267  0.476445   4
  1  0  0.938300  0.279493  0.082481  0.266560   2
  1  0  0.938300 -0.028472 -0.058239  0.097121   8
  1  0  0.938300  0.155840 -0.110857  0.402307   2
  1  0  0.938300  0.004500  0.276616  0.350042   3
  1  0  0.938300  0.126935 -0.066572  0.006946   1
  1  0  0.938300 -0.372837 -0.068492  1.141989   5
  1  0  0.938300 -0.047237 -0.054512  0.310491   3
  1  0  0.938300  0.394726 -0.079339  0.713081   3
  1  0  0.938300  0.078902  0.414883  0.736899   3
  1  0  0.938300 -0.039441 -0.079504  0.015799   2
  1  0  0.938300  0.277312  0.156888  0.561867   2
  1  0  0.938300 -0.042510 -0.204629  0.077462   7
  1  0  0.938300  0.107042 -0.074078  0.327529   5
  1  0  0.938300 -0.475033 -0.285181  0.859541   2
  1  0  0.938300 -0.240362  0.243070  0.970398   2
  1  0  0.938300 -0.310886 -0.114606  0.203902   5
  1  0  0.938300  0.286166 -0.467927  0.993608   3
  1  0  0.938300  0.163115 -0.004652  0.386607   4
  1  0  0.938300  0.174512  0.635783  0.323921   4
  1  0  0.938300 -0.074475  0.289992  0.158479   3
  1  0  0.938300 -0.021313 -0.016132  0.240691   3
  1  0  0.938300 -0.086213 -0.009469  0.222599   3
  1  0  0.938300 -0.081086  0.172190  0.435527   2
  1  0  0.938300  0.227637 -0.112772 -0.098660   2
  1  0  0.938300  0.129085 -0.278073  0.007974   2
  1  0  0.938300  0.207657  0.082063  0.305796   3
  1  0  0.938300  0.165333 -0.033215  0.367531   2
  1  0  0.938300  0.582171 -0.366002  0.421523   2
  1  0  0.938300 -0.074412  0.118412  0.133864   1
  1  0  0.938300  0.082347 -0.382244  0.257386   4
  1  0  0.938300 -0.191363  0.122747 -0.104201   1
  1  0  0.938300  0.097887 -0.028227  0.200499   2
  1  0  0.938300  0.113233  0.181335  0.699523   2
  1  0  0.938300 -0.314823  0.007631  0.207369   6
  1  1  0.938300 -0.177833  0.306017  0.694509   3
  1  1  0.938300  0.145892 -0.253289  0.594784   6
  1  0  0.938300  0.102336 -0.300776  0.362441   2
  1  0  0.938300  0.268455  0.052804  0.388930   3
  1  0  0.938300  0.001935 -0.248764  0.495406   8
  1  0  0.938300  0.268400  0.050558  0.789963   4
  1  0  0.938300  0.163360  0.120428  0.337826   4
  1  0  0.938300  0.108354  0.595961  0.426096   6
  1  0  0.938300 -0.107453 -0.095910  0.563824   3
  1  0  0.938300  0.090339  0.019884  0.009832   1
  1  0  0.938300  0.114436 -0.321128  0.556726   3
  1  0  0.938300 -0.121479  0.112897  0.151828   1
  1  1  0.938300  0.383014 -0.458033  0.088179   3
  1  0  0.938300  0.082071 -0.014055  0.008410   1
  1  0  0.938300  0.056616  0.175437  0.268558   3
  1  0  0.938300  0.042205  0.171461  0.650045   2
  1  0  0.938300  0.083381 -0.067445  0.515720   4
  1  0  0.938300 -0.295182  0.222678  0.320379   2
  1  0  0.938300  0.041404 -0.610518  0.687832   7
  1  0  0.938300 -0.096431 -0.157049  0.594255   7
  1  0  0.938300 -0.503141  0.068508  0.500804   6
  1  0  0.938300  0.028517 -0.054554  0.261682  10
  1  0  0.938300  0.194242  0.195267  0.211925   3
  1  0  0.938300 -0.255236  0.238415  0.814833   2
  1  0  0.938300 -0.111859 -0.023883  0.930736   6
  1  0  0.938300 -0.083155  0.161501  0.437284   2
  1  0  0.938300 -0.068742 -0.165560  0.049720   2
  1  0  0.938300 -0.041294  0.415596 -0.258956   2
  1  0  0.938300  0.299884  0.205216  0.458716   3
  1  0  0.938300  0.116276  0.012106  0.145361   1
  1  0  0.938300 -0.577095 -0.401001  0.473937   3
  1  1  0.938300 -0.173052 -0.099781  0.481043  -2
  1  1  0.938300 -0.073804 -0.038195  0.707588  -1
  1  1  0.938300  0.250951  0.110271  0.673301  -5
  1  1  0.938300 -0.070422  0.433583  0.550902  -2
  1  1  0.938300 -0.438628 -0.133268  0.711934  -7
  1  1  0.938300 -0.065410 -0.311302  0.118063  -2
  1  1  0.938300 -0.523707 -0.025754  0.690728  -2
  1  1  0.938300  0.292094  0.211604  0.747522  -5
  1  1  0.938300  0.001911 -0.005473  0.397699  -5
  1  1  0.938300  0.285581 -0.126457  0.709189  -3
  1  1  0.938300  0.143763 -0.049116  0.331207  -5
  1  1  0.938300  0.174763  0.463849  0.320324  -7
  1  1  0.938300  0.264979 -0.417750  0.125283  -6
  1  1  0.938300  0.159281  0.054088  0.365034  -5
  1  1  0.938300 -0.099541  0.051556  0.058773  -4
  1  0  0.938300  0.431633  0.174816  0.238508  -5
  1  1  0.938300 -0.031854  0.226822  0.114224  -2
  1  1  0.938300  0.742058  0.145060  0.909911 -10
  1  1  0.938300 -0.412446  0.101864  0.119326  -4
  1  1  0.938300  0.330795  0.295583  0.445864  -7
  1  1  0.938300  0.219577  0.070573  0.029396 -10
  1  1  0.938300 -0.195474  0.586020  0.428139  -4
  1  0  0.938300 -0.285281 -0.233336  0.633296  -4
  1  1  0.938300  0.001724 -0.038420  1.001662  -1
  1  1  0.938300 -0.074397  0.459950  0.541056  -6
  1  1  0.938300 -0.084928 -0.269709  0.570254  -3
  1  1  0.938300 -0.202910  0.505360  0.353358  -6
  1  1  0.938300 -0.144541 -0.058939  1.012462  -3
  1  1  0.938300  0.161888  0.001121  0.883358  -1
  1  1  0.938300 -0.335167  0.248671  0.027778  -4
  1  1  0.938300 -0.383196  0.451948  0.949591  -3
  1  1  0.938300 -0.145563  0.465087  0.348069  -2
  1  1  0.938300 -0.019301  0.177080  0.975240  -1
  1  1  0.938300  0.299209  0.466558  0.639974  -6
  1  1  0.938300 -0.087383 -0.127871  0.906104  -1
  1  1  0.938300 -0.043439 -0.270793  0.630178  -3
  1  1  0.938300  0.255837  0.303507  0.639084  -3
  1  1  0.938300 -0.236532 -0.163859  1.063687 -10
  1  1  0.938300  0.064206 -0.105416  0.493264  -4
  1  1  0.938300  0.373793  0.101112  0.889504  -5
  1  1  0.938300  0.039325 -0.432068 -0.010233  -7
  1  1  0.938300 -0.148565  0.217175  0.622195  -3
  1  1  0.938300  0.005579 -0.184025  0.816385  -5
  1  1  0.938300 -0.344545  0.029393  0.496085  -4
  1  0  0.938300 -0.329272  0.100175  0.237191  -3
  1  1  0.938300  0.057404  0.112779  0.975479  -1
  1  0  0.938300  0.208343 -0.199319  0.413422 -12
  1  1  0.938300  0.143480  0.502364  0.263982  -7
  1  1  0.938300  0.410546 -0.073452  0.359149  -4
  1  1  0.938300  0.094389  0.007130  0.866072  -1
  1  1  0.938300 -0.109215  0.071142  0.918043  -3
  1  1  0.938300 -0.139001  0.095966  0.291308  -2
  1  1  0.938300 -0.291273 -0.313976  0.569941  -2
  1  1  0.938300  0.117401 -0.318812  0.875597  -5
  1  1  0.938300  0.638266 -0.238168  0.977362  -2
  1  1  0.938300  0.003583 -0.078444  0.914216  -1
  1  1  0.938300  0.139490 -0.130428  0.062498  -5
  1  1  0.938300 -0.102236  0.281998  0.324723  -4
  1  1  0.938300  0.072790  0.212065  0.729866  -2
  1  1  0.938300 -0.099867  0.345005 -0.009100  -4
  1  1  0.938300 -0.124568 -0.236598  0.262703  -3
  1  1  0.938300 -0.366557  0.133680  0.410118  -6
  1  1  0.938300  0.048248  0.162114  0.182381  -7
  1  1  0.938300 -0.377268 -0.161269  0.764372  -5
  1  1  0.938300 -0.296478  0.167352  0.234823  -2
  1  1  0.938300  0.175440 -0.394676  0.372138  -4
  1  1  0.938300 -0.100418  0.140118  0.030439  -5
  1  1  0.938300  0.344562 -0.778228  0.361317  -3
  1  1  0.938300  0.371180 -0.173488  0.401069  -2
  1  1  0.938300 -0.301007  0.281063  0.857600  -7
  1  1  0.938300 -0.205422  0.053357  0.862137  -2
  1  1  0.938300 -0.253294 -0.046906  0.538621  -4
  1  1  0.938300 -0.252175 -0.496830  0.396131  -3
  1  1  0.938300 -0.572420  0.214789  0.577618  -2
  1  1  0.938300  0.377048  0.179824  0.793057  -3
  1  1  0.938300  0.050429 -0.137598  0.868009  -3
  1  1  0.938300 -0.076304 -0.108692  0.249642  -4
  1  1  0.938300  0.053509  0.235419  0.983423  -5
  1  1  0.938300  0.064109 -0.239045  0.527561  -4
  1  0  0.938300 -0.110921  0.027656  0.373282  -4
  1  1  0.938300  0.057856 -0.347206  0.493801  -4
  1  0  0.938300 -0.062457  0.219758  0.252002  -2
  1  0  0.938300 -0.012861  0.249006  0.562433  -5
  1  0  0.938300  0.609663  0.531475  0.572739 -10
  1  0  0.938300 -0.190242  0.006291  0.629284  -3
  1  0  0.938300 -0.126069 -0.429178  0.481413  -3
  1  0  0.938300 -0.368025 -0.383850  0.962581  -4
  1  0  0.938300 -0.400571 -0.070073  0.883109  -3
  1  0  0.938300 -0.213574 -0.067714  0.509983  -3
  1  0  0.938300 -0.269741  0.264119  0.748610  -5
  1  0  0.938300  0.006781 -0.013124  0.785653  -1
  1  0  0.938300  0.068094  0.055764  0.929193  -3
  1  0  0.938300  0.178924 -0.104503  0.572767  -8
  1  0  0.938300 -0.578616  0.326164  0.655611  -3
  1  0  0.938300 -0.211823  0.297079  0.477082  -7
  1  0  0.938300  0.196965 -0.383624  0.612642  -5
  1  0  0.938300  0.020928  0.121185  0.951156  -1
  1  0  0.938300 -0.169829  0.036097  1.001951  -1
  1  0  0.938300  0.063333  0.006154  0.968793  -1
  1  0  0.938300  0.141271  0.161527  0.966904  -7
  1  0  0.938300  0.391475 -0.343602  0.415322  -3
  1  0  0.938300  0.031418  0.081228  0.599970  -3
  1  0  0.938300  0.066276 -0.156005  0.341307  -3
  1  0  0.938300 -0.159013 -0.084335  0.438450  -3
  1  0  0.938300  0.235151 -0.029441  0.417413  -2
  1  0  0.938300 -0.022934  0.000300  0.925339  -5
  1  0  0.938300 -0.251441  0.076791  0.634767  -6
  1  0  0.938300  0.245357  0.077904  0.409566  -1
  1  0  0.938300 -0.088342  0.630457  0.484741  -6
  1  0  0.938300  0.035148 -0.025989  0.756699  -1
  1  0  0.938300  0.011279  0.100611  0.129679  -8
  1  0  0.938300  0.072864 -0.161175  0.561562  -2
  1  0  0.938300 -0.608682 -0.219160  0.120253  -4
  1  0  0.938300  0.072729 -0.117368  0.226922  -6
  1  0  0.938300  0.029158  0.098773  0.707738  -2
  1  0  0.938300  0.190617  0.073225  0.239256  -3
  1  1  0.938300 -0.289910 -0.285824  0.690407  -8
  1  0  0.938300 -0.176887  0.028914  0.985629  -2
  1  0  0.938300  0.173419  0.270860  0.495854  -4
  1  0  0.938300  0.263296 -0.317120  0.278827  -4
  1  0  0.938300  0.133556  0.036323  0.073259  -3
  1  0  0.938300  0.240553 -0.176659  0.370532  -3
  1  0  0.938300  0.081499 -0.303315  0.451036  -5
  1  0  0.938300 -0.050156 -0.011411  0.614709  -5
  1  0  0.938300  0.117180 -0.361636  0.237807  -5
  1  0  0.938300 -0.066342  0.014053  0.130635  -4
  1  0  0.938300  0.151900 -0.047505  1.305747  -3
  1  0  0.938300 -0.042790  0.123350  0.519075  -7
  1  0  0.938300 -0.302345  0.127867  0.861722  -5
  1  0  0.938300  0.029811 -0.028374  0.927222  -1
  1  0  0.938300 -0.134448 -0.117539  0.240039  -6
  1  1  0.938300  0.316371  0.030294  0.469811  -4
  1  0  0.938300  0.056378  0.106924  0.625379  -1
  1  1  0.938300 -0.401116 -0.155442  1.301876  -3
  1  0  0.938300 -0.162673 -0.216678  0.137803  -8
  1  0  0.938300 -0.000185 -0.203387  0.016338  -9
  1  0  0.938300 -0.355697  0.118153  1.000328  -2
  1  1  0.938300  0.149124  0.157091  0.350730 -12
  1  0  0.938300 -0.096681  0.095178  0.481947  -4
  1  0  0.938300 -0.135571 -0.378280  0.710213  -3
  1  0  0.938300 -0.003766 -0.422015  0.849208 -10
  1  0  0.938300 -0.093598  0.254413  0.663724  -4
  1  0  0.938300  0.005170  0.225861  0.473532  -6
  1  0  0.938300 -0.055594  0.178052  0.232687  -3
  1  0  0.938300  0.113138  0.151059  0.018528  -5
  1  0  0.938300  0.093723  0.309186  0.033359  -6
  1  0  0.938300 -0.049156 -0.015383  0.811191 -10
  1  0  0.938300  0.332963 -0.632218  0.460803  -7
  1  0  0.938300 -0.012572  0.094850  0.681899  -4
  1  0  0.938300 -0.003329 -0.039121  0.594437  -1
  1  0  0.938300 -0.136470  0.431423  0.304456  -4
  1  0  0.938300 -0.205260  0.121114  0.496747  -5
  1  0  0.938300 -0.079020 -0.263370  1.088930  -3
  1  1  0.938300 -0.057506  0.000790  0.301174  -2
  1  0  0.938300  0.230766  0.274974  0.726297  -5
  1  0  0.938300  0.044881  0.146595  0.835970  -3
  1  0  0.938300 -0.226685 -0.187175  0.648038  -3
  1  1  0.938300 -0.562876 -0.321925  0.427493  -2
  1  0  0.938300  0.569337  0.154210  0.883187  -2
  1  0  0.938300 -0.074855 -0.204760  0.557139 -14
  1  0  0.938300 -0.293385 -0.274590  0.383494  -5
  1  0  0.938300  0.171336  0.017465  0.268447  -3
  1  0  0.938300 -0.292027  0.157462  0.763242  -4
  1  0  0.938300  0.090737 -0.312140  0.811570  -3
  1  0  0.938300 -0.101524 -0.194185  0.931149  -2
  1  0  0.938300 -0.602456 -0.323183  0.217148  -5
  1  0  0.938300  0.018125 -0.081296  0.695084  -8
  1  0  0.938300  0.015242  0.078373  0.087872  -3
  1  0  0.938300 -0.223566  0.240567  0.184501  -3
  1  0  0.938300  0.170210 -0.044289  0.357099  -7
  1  0  0.938300  0.036211 -0.123184  1.264970  -4
  1  0  0.938300 -0.635096  0.037905  0.762587  -4
  1  0  0.938300 -0.005419 -0.329425  0.629686  -3
  1  0  0.938300  0.230147  0.131526  0.639575  -4
  1  0  0.938300  0.191404  0.305221  0.702359 -13
  1  0  0.938300  0.106894 -0.127557  0.906464  -1
  1  0  0.938300  0.195871 -0.284615  0.876646  -4
  1  0  0.938300  0.332403  0.290604  0.691555  -3
  1  0  0.938300 -0.176716  0.002903  0.748156  -3
  1  0  0.938300  0.420386  0.080986  0.438893  -2
  1  0  0.938300 -0.152462  0.301016  0.501581  -9
  1  0  0.938300  0.397640 -0.069701  0.064174  -2
  1  0  0.938300 -0.243565 -0.001735  0.210058 -11
  1  0  0.938300 -0.196535  0.103130  0.732416  -2
  1  0  0.938300 -0.182158  0.297253  0.993555  -2
  1  0  0.938300  0.214568 -0.009419  0.160216  -5
  1  0  0.938300 -0.002600  0.021851  0.663028  -2
  1  0  0.938300 -0.083149 -0.127196  0.779141  -3
  1  0  0.938300 -0.192351 -0.553952  0.927580  -4
  1  1  0.938300  0.433014  0.130245  0.222885  -6
  1  0  0.938300  0.146175  0.076644  0.988313  -1
  1  0  0.938300 -0.114847 -0.079448  0.750313  -2
  1  0  0.938300 -0.169092  0.273213  0.503284  -8
  1  0  0.938300  0.102755  0.383417  0.826851  -4
  1  1  0.938300  0.393125 -0.445974  0.647401  -7
  1  0  0.938300  0.186550  0.135897  0.407612  -5
  1  0  0.938300  0.172670  0.027761  0.587955  -7