  1  1  0.938300 -0.130190  0.554335  0.665859   4
  1  1  0.938300  0.171712 -0.143658  0.501281   2
  1  1  0.938300  0.210342  0.431690  0.871177   4
  1  1  0.938300 -0.118071 -0.033938  0.288711   5
  1  1  0.938300 -0.389056  0.338707  0.948629   4
  1  1  0.938300 -0.123255 -0.029752  0.200884   1
  1  1  0.938300 -0.112089  0.450063  0.919338   3
  1  1  0.938300 -0.353769  0.212509  0.897840   4
  1  1  0.938300 -0.266730 -0.024736  0.251857   6
  1  1  0.938300  0.124634  0.321960  0.653476   4
  1  1  0.938300 -0.207608 -0.291915  0.310072   2
  1  1  0.938300  0.048696 -0.067452  0.379896   6
  1  1  0.938300  0.378610 -0.317556  0.672842   3
  1  1  0.938300  0.213369  0.157683  0.415191   2
  1  1  0.938300  0.134412 -0.047555  0.385864   6
  1  1  0.938300 -0.052080  0.244822  0.196172   1
  1  1  0.938300 -0.003524 -0.257649  0.501075   4
  1  1  0.938300  0.066550 -0.421193  0.453967   4
  1  1  0.938300 -0.299761 -0.054360  0.708932   8
  1  1  0.938300  0.454938  0.076568  0.850508   4
  1  1  0.938300  0.226324 -0.392503  0.433766   7
  1  1  0.938300  0.293518 -0.242328  0.165608   4
  1  1  0.938300 -0.134134 -0.008282  0.465627   4
  1  1  0.938300  0.165801 -0.195716  0.599131   4
  1  1  0.938300 -0.143259 -0.103022  0.613334   7
  1  1  0.938300  0.262544 -0.024892  0.622797   4
  1  1  0.938300 -0.203492  0.177924  0.515257   2
  1  1  0.938300 -0.215722 -0.092013  0.996190   3
  1  1  0.938300  0.050309 -0.308407  0.599311   4
  1  1  0.938300 -0.002453  0.348534  0.392004   4
  1  1  0.938300  0.046850 -0.023418  0.501266   4
  1  1  0.938300  0.218319  0.341444  0.303076   4
  1  1  0.938300 -0.131869 -0.020160  0.521285   4
  1  1  0.938300 -0.209027  0.081281  0.777164   5
  1  1  0.938300  0.074400 -0.075298 -0.012281   3
  1  1  0.938300 -0.005618  0.096272  0.183068   1
  1  1  0.938300  0.052841  0.308659  0.260262   4
  1  1  0.938300 -0.505322 -0.121950  0.839010   2
  1  1  0.938300 -0.058573 -0.202001  0.219145   9
  1  1  0.938300 -0.001484  0.015372  0.597836   5
  1  1  0.938300  0.089749  0.033016  0.167671   1
  1  1  0.938300 -0.083922 -0.046572  0.138384   3
  1  1  0.938300 -0.236312  0.185747  0.380989   2
  1  1  0.938300  0.388267 -0.009270  0.301407   2
  1  1  0.938300 -0.469082 -0.117972  0.607683   3
  1  1  0.938300 -0.359632  0.124375  0.221257   7
  1  1  0.938300  0.383584  0.005539  0.492890   7
  1  1  0.938300 -0.078441 -0.400418  0.512668   4
  1  1  0.938300  0.190653 -0.301354  1.052703   3
  1  1  0.938300  0.087842  0.116087  0.766066   3
  1  1  0.938300  0.127957 -0.188973  0.217944   4
  1  1  0.938300 -0.289523  0.572768 -0.181130   5
  1  1  0.938300  0.023289 -0.073903  0.716509   4
  1  1  0.938300 -0.160731 -0.047965  0.456738   6
  1  1  0.938300 -0.364608 -0.364480  0.562948   5
  1  1  0.938300 -0.175151 -0.147106 -0.055710   3
  1  1  0.938300  0.381331 -0.293621  1.061209   3
  1  1  0.938300 -0.153066 -0.117799  0.484996   2
  1  1  0.938300 -0.067180  0.177917  0.008844   1
  1  1  0.938300  0.194747  0.262762  1.154633   3
  1  1  0.938300 -0.293961  0.151523 -0.118701   2
  1  1  0.938300  0.124300  0.047534  0.255393   5
  1  1  0.938300 -0.001533 -0.082326  0.147895   3
  1  1  0.938300 -0.009209  0.189816  0.047734   2
  1  1  0.938300 -0.251608 -0.245868  0.195876   4
  1  1  0.938300  0.087870  0.139157  0.458679   2
  1  1  0.938300 -0.109177  0.050635  0.049385   3
  1  1  0.938300 -0.063230  0.042557  0.334703   7
  1  1  0.938300  0.327765  0.114735  0.700873   3
  1  1  0.938300 -0.178639 -0.207274  0.576092   4
  1  0  0.938300 -0.143894 -0.194024  0.117108   3
  1  1  0.938300 -0.241773 -0.318506  0.592405   2
  1  1  0.938300 -0.443209  0.058955  0.461147   3
  1  1  0.938300 -0.100072  0.144545  0.496035   3
  1  1  0.938300  0.172472 -0.029888  0.151635   2
  1  1  0.938300 -0.239965 -0.050581  0.246401   1
  1  1  0.938300  0.083520 -0.031804  1.110367   2
  1  1  0.938300 -0.104426 -0.116612  0.232399   1
  1  1  0.938300  0.017700  0.052818  0.115157   1
  1  0  0.938300  0.026871  0.262069  0.611331   6
  1  0  0.938300 -0.228484 -0.101339  0.276572   3
  1  0  0.938300 -0.053481  0.207868  0.420198   2
  1  0  0.938300  0.361623 -0.209186  0.152816   3
  1  0  0.938300  0.318229  0.372052  0.225370   3
  1  0  0.938300 -0.159642 -0.446476  0.490669   4
  1  0  0.938300  0.132470 -0.007643  0.452908   6
  1  0  0.938300 -0.155625  0.141144  0.598751   4
  1  0  0.938300 -0.211912 -0.160624  0.780686   4
  1  0  0.938300 -0.069604  0.066124  0.311759   2
  1  0  0.938300 -0.087851 -0.279203 -0.018535   7
  1  0  0.938300  0.151064  0.106446  0.242890   6
  1  0  0.938300  0.197436  0.043381  0.883674   8
  1  0  0.938300  0.102954 -0.054473  0.314610   5
  1  0  0.938300  0.301092  0.144399  0.722009   5
  1  1  0.938300 -0.065862  0.206509  0.583839   3
  1  0  0.938300  0.401864 -0.330216  0.133004   3
  1  0  0.938300 -0.175066 -0.045555  0.381191   3
  1  0  0.938300 -0.010308 -0.122404  0.446464   2
  1  1  0.938300  0.088510 -0.119634  0.672555   4
  1  0  0.938300  0.654974  0.202041  0.559145   2
  1  0  0.938300 -0.049415 -0.127698  0.134149   4
  1  0  0.938300  0.139785 -0.133049  0.314897   3
  1  0  0.938300  0.197657  0.306317  0.662400   4
  1  0  0.938300  0.040313  0.542357  1.008219   4
  1  0  0.938300  0.019305  0.264227  0.854670   6
  1  0  0.938300 -0.181375 -0.106000  0.662822   4
  1  0  0.938300  0.517663  0.073233  0.638889   5
  1  0  0.938300 -0.039751 -0.032103 -0.016725   1
  1  0  0.938300  0.125854 -0.286827  0.270559   4
  1  0  0.938300  0.261089  0.362421  0.457038   6
  1  0  0.938300  0.248773 -0.246091  0.207161   2
  1  0  0.938300  0.383818 -0.119859  0.902874   5
  1  0  0.938300  0.153989 -0.262056  0.772208   6
  1  0  0.938300 -0.042472 -0.082927  0.487722   3
  1  0  0.938300 -0.060876 -0.145982  0.458846   3
  1  0  0.938300 -0.235725 -0.107202  0.575674   6
  1  0  0.938300  0.053475 -0.137023  0.126052   2
  1  0  0.938300 -0.225226 -0.093171  0.130288   4
  1  0  0.938300  0.172615 -0.031097  0.392951   3
  1  0  0.938300 -0.291471  0.194168  0.350500   2
  1  0  0.938300 -0.051492  0.385792  0.230349   2
  1  0  0.938300  0.216025 -0.060256  0.620615   3
  1  0  0.938300 -0.180716 -0.337589  0.586335   2
  1  0  0.938300 -0.236941  0.399539  0.490634   8
  1  0  0.938300 -0.004629  0.088918  0.360997   1
  1  0  0.938300 -0.069309  0.019550  0.499042   4
  1  0  0.938300 -0.011759  0.098524  0.320232  10
  1  0  0.938300 -0.145690 -0.188042  0.268890   3
  1  0  0.938300  0.529808  0.198782  0.260749   4
  1  0  0.938300 -0.057009 -0.256827  0.293815   4
  1  0  0.938300  0.221151 -0.083343  0.623748   3
  1  0  0.938300  0.464325 -0.307502  0.476580   5
  1  0  0.938300 -0.108530  0.079910  0.060376   1
  1  0  0.938300 -0.461794 -0.305871  0.436414   4
  1  1  0.938300  0.413554 -0.367888  0.525124  10
  1  0  0.938300  0.387856 -0.266768  0.893873   3
  1  0  0.938300  0.116211  0.454375 -0.160648   4
  1  0  0.938300  0.307303  0.061462  0.086641   4
  1  0  0.938300  0.231287  0.077466  0.617914   5
  1  0  0.938300  0.422428  0.015081 -0.017264   2
  1  0  0.938300  0.267613  0.091853  0.325424   4
  1  0  0.938300  0.025637 -0.014615  0.545161   2
  1  0  0.938300  0.464038 -0.080626  0.587402   2
  1  0  0.938300 -0.109355  0.021256  0.575914   4
  1  0  0.938300 -0.090331  0.311061  0.480822   4
  1  0  0.938300  0.136778 -0.042795  0.769506   4
  1  0  0.938300  0.202657  0.236438  0.935591   3
  1  0  0.938300 -0.020981 -0.067764  0.320720   3
  1  0  0.938300 -0.134959 -0.029427  0.268641   1
  1  0  0.938300 -0.091170 -0.023989  0.222710   2
  1  0  0.938300 -0.201273 -0.265890  0.449299   6
  1  0  0.938300  0.240924 -0.133915  0.411011   3
  1  0  0.938300 -0.008544 -0.207479  1.127642   2
  1  0  0.938300 -0.123661  0.094674  0.847212   4
  1  0  0.938300  0.330671 -0.324572  0.209199   2
  1  0  0.938300 -0.264602 -0.083524  0.590771   3
  1  0  0.938300 -0.216919  0.179853  0.948230   2
  1  0  0.938300  0.010467  0.266325  0.824706   2
  1  0  0.938300  0.043349  0.460749  0.466527   5
  1  0  0.938300 -0.112120 -0.027266  1.076077   6
  1  0  0.938300 -0.049133 -0.013441  0.080482   3
  1  0  0.938300  0.055597  0.032572  0.200322   2
  1  0  0.938300  0.007789 -0.102569  0.419118   3
  1  0  0.938300 -0.256773 -0.138651  0.499461   2
  1  0  0.938300 -0.402323  0.110622  0.587313   2
  1  0  0.938300  0.238409 -0.152955  0.499141   3
  1  0  0.938300  0.446495 -0.065588  0.347256   2
  1  0  0.938300  0.087502  0.237169  0.865203   4
  1  0  0.938300  0.087095 -0.000985  0.040671   1
  1  0  0.938300 -0.027846 -0.080994  0.267657   1
  1  0  0.938300 -0.146470  0.249369  0.152941   6
  1  0  0.938300 -0.329415  0.190839  0.697286   4
  1  0  0.938300 -0.166501 -0.348017  0.193117   4
  1  0  0.938300  0.132595  0.334753  0.274500   5
  1  0  0.938300 -0.109996 -0.247079  0.650556   3
  1  0  0.938300  0.080936 -0.271740  0.133611   4
  1  0  0.938300 -0.048724  0.351928  0.961989   5
  1  0  0.938300 -0.417868 -0.216643  0.851307   3
  1  0  0.938300  0.167747 -0.106421  0.134179   7
  1  0  0.938300  0.575668  0.116625  0.386953   5
  1  0  0.938300 -0.358007  0.130802  0.420549   5
  1  0  0.938300 -0.266167  0.291506  0.163110  11
  1  0  0.938300 -0.079112  0.175905  0.235105   8
  1  0  0.938300  0.057430 -0.218613  0.513810   5
  1  0  0.938300  0.066090 -0.121211 -0.070866   6
  1  0  0.938300 -0.203821  0.025675  0.175564   4
  1  0  0.938300  0.216290 -0.030019  0.617837   4
  1  0  0.938300  0.309000 -0.308307  0.742417   2
  1  0  0.938300 -0.552054 -0.328043  0.548968   5
  1  0  0.938300 -0.118179 -0.409034  1.217754   5
  1  0  0.938300  0.203777 -0.306528  0.162090   6
  1  0  0.938300  0.043615 -0.031609  0.502773   4
  1  0  0.938300 -0.123162 -0.302144 -0.023007   6
  1  0  0.938300  0.009966  0.330984 -0.201485  12
  1  0  0.938300  0.051623 -0.028684  0.003740   1
  1  0  0.938300  0.105741  0.183263  0.438306   3
  1  1  0.938300  0.238276  0.763911  0.958293   5
  1  1  0.938300 -0.470665  0.183995  0.678454  -4
  1  1  0.938300 -0.378082  0.042666 -0.115333  -4
  1  1  0.938300 -0.224581 -0.371842  0.504970  -4
  1  1  0.938300 -0.207103 -0.020659  0.222539  -2
  1  1  0.938300  0.002462 -0.166665  0.285618  -4
  1  1  0.938300  0.027482 -0.030787  0.720211  -1
  1  1  0.938300  0.156673  0.181781  0.747824  -2
  1  1  0.938300  0.343998 -0.063687  0.563632  -4
  1  1  0.938300  0.272648  0.105631  0.276486  -5
  1  1  0.938300 -0.043897 -0.020037  0.410062  -5
  1  1  0.938300  0.152388 -0.116646  0.264926  -2
  1  1  0.938300 -0.245677  0.022663  0.797266  -4
  1  1  0.938300  0.251610  0.157190  0.881779  -2
  1  1  0.938300 -0.246568 -0.466583  0.326681  -2
  1  1  0.938300  0.006786  0.040111  0.791247  -2
  1  1  0.938300  0.305161  0.009332  0.262132  -2
  1  0  0.938300 -0.209426 -0.352036  1.265527  -2
  1  1  0.938300  0.271505 -0.287298  0.580338  -4
  1  1  0.938300  0.032278  0.019738  0.045152  -5
  1  1  0.938300 -0.241389  0.523163  0.456745  -2
  1  1  0.938300 -0.151264 -0.211763  0.556079  -2
  1  1  0.938300  0.462860 -0.116406  1.061795  -2
  1  1  0.938300  0.076936  0.199014  0.645578  -4
  1  1  0.938300 -0.156589 -0.057850  1.039980  -1
  1  1  0.938300 -0.248270 -0.080943  0.198229  -4
  1  1  0.938300  0.134508 -0.289428  0.106305  -2
  1  1  0.938300 -0.256712  0.060915  0.179897  -7
  1  1  0.938300 -0.037115  0.121345  1.220933  -6
  1  1  0.938300  0.056223  0.200319 -0.180414  -3
  1  1  0.938300 -0.253917 -0.194109  0.533365  -2
  1  1  0.938300 -0.240506  0.092540  0.154889  -4
  1  1  0.938300  0.479984  0.239967  0.863685  -2
  1  1  0.938300 -0.084278  0.107633  0.602226  -5
  1  0  0.938300 -0.010101 -0.188096  0.312045  -4
  1  1  0.938300 -0.084137  0.037303  0.913604  -2
  1  1  0.938300  0.498699 -0.229400  0.242400  -5
  1  1  0.938300 -0.091129 -0.078050  0.802998  -1
  1  1  0.938300  0.163770 -0.013566  0.116686  -4
  1  1  0.938300 -0.020374 -0.012585  0.877662  -1
  1  1  0.938300  0.142781  0.205271  1.055543  -5
  1  1  0.938300 -0.055236  0.394769  0.530721  -2
  1  0  0.938300  0.217951  0.263673  0.758464  -2
  1  1  0.938300 -0.272843 -0.130223  0.460581  -2
  1  1  0.938300 -0.377054  0.651422  0.972533  -5
  1  1  0.938300 -0.233784  0.121613  0.777018  -3
  1  1  0.938300 -0.559434  0.232572  0.445731  -3
  1  1  0.938300  0.006310  0.203303  0.845182  -1
  1  0  0.938300  0.199272 -0.457348  0.429897  -2
  1  1  0.938300 -0.167601  0.293699  0.807243  -4
  1  1  0.938300 -0.278291  0.483033  0.420333  -5
  1  1  0.938300 -0.184132 -0.367976  1.247072  -3
  1  1  0.938300 -0.235656  0.087947  0.919727  -1
  1  1  0.938300 -0.335290  0.426128  0.625481  -6
  1  0  0.938300  0.257938 -0.392449  0.568497  -3
  1  1  0.938300  0.040768  0.479542  0.350008  -3
  1  1  0.938300 -0.527755  0.363998  0.862497  -2
  1  0  0.938300  0.066775  0.294064  0.602158  -3
  1  1  0.938300 -0.107367  0.345135  0.045335  -4
  1  1  0.938300 -0.207470 -0.246069  0.426627  -6
  1  1  0.938300 -0.053830 -0.193470  0.804920  -5
  1  1  0.938300 -0.546344  0.309370  0.692874  -2
  1  1  0.938300  0.000499 -0.192132  0.494908 -15
  1  1  0.938300 -0.190008  0.470075  0.143045  -5
  1  1  0.938300 -0.067396 -0.150310  0.220344  -3
  1  1  0.938300  0.232701 -0.050982  0.615731  -1
  1  1  0.938300 -0.512489 -0.077000  0.640696  -3
  1  1  0.938300 -0.076321 -0.086870  0.618199  -1
  1  1  0.938300  0.220713 -0.077443  0.313913  -5
  1  1  0.938300 -0.287702 -0.326134  0.471439  -3
  1  1  0.938300  0.204796 -0.181052  0.826451  -1
  1  1  0.938300  0.285279  0.332563  0.485714  -3
  1  1  0.938300 -0.047533 -0.386522  0.194675  -4
  1  1  0.938300 -0.216580  0.636273  1.087248  -3
  1  1  0.938300 -0.685857 -0.236448  0.549718  -3
  1  0  0.938300  0.414407 -0.125239  0.375935  -3
  1  0  0.938300 -0.003035  0.022819  0.801235  -5
  1  1  0.938300 -0.218907  0.016703  0.337297  -4
  1  1  0.938300  0.140744  0.056783  0.508011  -4
  1  1  0.938300 -0.069270 -0.125475  0.536171  -5
  1  0  0.938300 -0.387627 -0.141589  0.113789  -5
  1  0  0.938300 -0.107730  0.159808  1.019364  -3
  1  0  0.938300  0.104120  0.339274  0.758392  -3
  1  0  0.938300 -0.047381  0.316551 -0.018405  -7
  1  0  0.938300  0.442812 -0.144865  0.485290  -3
  1  1  0.938300  0.028711 -0.190432  0.213352  -5
  1  0  0.938300 -0.029708  0.007969  1.001164  -2
  1  0  0.938300 -0.024570 -0.210242  0.361093  -9
  1  0  0.938300 -0.153070 -0.158089  1.083363  -4
  1  1  0.938300  0.658583 -0.106584  0.506149  -3
  1  0  0.938300  0.229765 -0.422804  0.427965  -5
  1  0  0.938300  0.198343 -0.169975  1.009657  -4
  1  0  0.938300 -0.327816 -0.066632  0.571847  -8
  1  0  0.938300 -0.220011  0.015177  0.003809  -3
  1  0  0.938300 -0.103951  0.250387  0.115670  -4
  1  0  0.938300  0.364935 -0.106568  0.713505  -4
  1  0  0.938300 -0.031247  0.228867  0.654012  -1
  1  0  0.938300  0.182576 -0.177206  0.348830  -4
  1  1  0.938300 -0.290427 -0.025703  0.394468  -7
  1  0  0.938300  0.172573  0.382581  0.276298  -2
  1  0  0.938300 -0.141683 -0.088289  0.338316  -3
  1  0  0.938300 -0.095872  0.008355  0.334017  -9
  1  0  0.938300  0.291463 -0.171752  0.912201  -4
  1  0  0.938300 -0.047175 -0.006940  0.905173  -1
  1  0  0.938300  0.008683  0.064612  0.449257  -3
  1  0  0.938300  0.321811 -0.464706  0.213007  -3
  1  0  0.938300  0.033016  0.097537  0.087214  -8
  1  0  0.938300 -0.155847  0.238384  0.266297  -3
  1  0  0.938300  0.236269  0.094934  0.970464  -1
  1  0  0.938300  0.031567  0.091135  0.037985  -5
  1  0  0.938300  0.466932  0.182694  0.466687  -2
  1  0  0.938300  0.321420 -0.101664  0.357233  -3
  1  0  0.938300 -0.041065 -0.088416  1.226665  -2
  1  0  0.938300  0.238962 -0.082828  0.463931  -6
  1  0  0.938300 -0.077813 -0.001577  0.946194  -1
  1  0  0.938300 -0.037254 -0.227130  0.245102  -2
  1  0  0.938300 -0.063203  0.113901  0.309577  -4
  1  0  0.938300  0.242312  0.520759  0.561357  -2
  1  0  0.938300  0.038650  0.192627  0.056443  -4
  1  0  0.938300 -0.106372  0.300942  0.467866  -4
  1  0  0.938300 -0.056613  0.071435  0.710065  -3
  1  0  0.938300  0.594298  0.022105  0.673234  -2
  1  0  0.938300  0.011558  0.055914  0.586637  -1
  1  1  0.938300 -0.202526  0.202810  0.430415 -10
  1  0  0.938300 -0.153524 -0.276919  0.811690  -1
  1  0  0.938300 -0.123367  0.257807  0.356481  -2
  1  0  0.938300 -0.136747 -0.231147  0.294071  -2
  1  0  0.938300  0.031661 -0.119548  0.257980  -7
  1  0  0.938300  0.024600 -0.200701  0.718088  -3
  1  0  0.938300  0.085227 -0.113659  0.643817  -1
  1  0  0.938300  0.151996  0.324359  0.489318  -4
  1  0  0.938300  0.443206 -0.097458  0.397807  -2
  1  0  0.938300  0.007848  0.013507  0.338451  -2
  1  0  0.938300  0.229097  0.102422  0.610355  -5
  1  0  0.938300 -0.233190  0.091485 -0.134966  -5
  1  0  0.938300  0.343629 -0.391171  0.250129  -3
  1  0  0.938300 -0.339654  0.032031  0.365790  -5
  1  0  0.938300  0.046453  0.349115  0.376046  -4
  1  0  0.938300 -0.078276 -0.886714  0.467980  -8
  1  0  0.938300 -0.054178 -0.256922  1.169546  -7
  1  0  0.938300 -0.026263 -0.027403  0.754866  -5
  1  0  0.938300  0.222865  0.053644  0.763588  -1
  1  0  0.938300  0.093167  0.167516 -0.050139  -3
  1  0  0.938300  0.184761 -0.123506  0.532736  -3
  1  0  0.938300 -0.172461 -0.064184  0.631248  -2
  1  0  0.938300 -0.085295  0.022108  0.908841  -2
  1  0  0.938300  0.000165  0.271741  0.155876  -6
  1  0  0.938300  0.206706 -0.053018  0.651823  -1
  1  0  0.938300  0.232009 -0.173063  0.774664  -4
  1  0  0.938300 -0.200809  0.192979  1.045204  -3
  1  0  0.938300  0.048772  0.687844  0.272247  -3
  1  0  0.938300 -0.200873  0.198026  0.088888  -3
  1  0  0.938300  0.016562  0.117195  0.688436  -2
  1  0  0.938300 -0.020904 -0.156907  0.019845  -2
  1  0  0.938300  0.285256 -0.252101  0.505851  -5
  1  0  0.938300 -0.001868  0.018992  0.545620  -3
  1  0  0.938300 -0.045373 -0.025405  0.698334  -3
  1  0  0.938300 -0.050268 -0.330504  0.536768  -6
  1  0  0.938300 -0.136677  0.027635  0.770545  -2
  1  0  0.938300  0.118653  0.080399  0.164236  -3
  1  0  0.938300  0.143173 -0.162810  0.545751  -2
  1  0  0.938300  0.299176 -0.423822  0.794611  -3
  1  0  0.938300 -0.118193 -0.137474  0.632674  -4
  1  0  0.938300  0.003243  0.309615  0.784797  -3
  1  0  0.938300 -0.001282 -0.174287  0.424572  -3
  1  0  0.938300  0.242184  0.180308  0.296928  -6
  1  0  0.938300  0.038174 -0.293171  1.187231  -6
  1  0  0.938300 -0.038571  0.468333  0.048428  -3
  1  0  0.938300 -0.110436 -0.102844  0.856089  -1
  1  0  0.938300 -0.061612 -0.266763  0.506851  -6
  1  1  0.938300 -0.102131 -0.019259  0.326362  -3
  1  0  0.938300  0.141109  0.134477  0.465895  -4
  1  0  0.938300 -0.095738 -0.082075  0.725895  -3
  1  1  0.938300  0.257888 -0.492574  0.302589  -2
  1  0  0.938300 -0.134145 -0.222294  0.445672  -2
  1  0  0.938300 -0.698358  0.834847  0.551479  -4
  1  0  0.938300 -0.287594 -0.300058  0.262822  -3
  1  0  0.938300  0.209354  0.555712  0.365997  -8
  1  0  0.938300  0.106515  0.279827  0.455983  -7
  1  0  0.938300  0.010419  0.280343  0.547251  -3
  1  0  0.938300 -0.377640 -0.573882  0.529719  -4
  1  0  0.938300 -0.306712  0.047278  0.807792  -7
  1  0  0.938300 -0.516753 -0.586189  0.819239  -3
  1  0  0.938300 -0.209214 -0.142433  0.482169  -2
  1  0  0.938300 -0.324667 -0.015403  0.544586  -1
  1  0  0.938300  0.168248  0.413222  0.675907  -3
  1  0  0.938300 -0.545495  0.025751  0.514688  -4
  1  0  0.938300 -0.301587 -0.205151  0.238632  -2
  1  1  0.938300 -0.311288 -0.248844  0.610611  -8
  1  0  0.938300 -0.415777  0.204249  0.591343  -2
  1  0  0.938300 -0.194769  0.292934  0.213405  -5
  1  0  0.938300 -0.042983  0.115433  0.008084  -3
  1  0  0.938300  0.058155  0.111604  1.266945  -1
  1  0  0.938300  0.032700 -0.073351  0.721902  -2
  1  0  0.938300 -0.052411  0.193750  0.411148  -3
  1  0  0.938300 -0.156499 -0.121023  0.445247  -4
  1  0  0.938300 -0.274932  0.553883  0.663578  -2
  1  0  0.938300  0.073390  0.002655  0.856146  -1