  1  1  0.938300 -0.608097 -0.004634  0.892687   4
  1  1  0.938300 -0.209114 -0.129514 -0.047488   3
  1  1  0.938300 -0.241293  0.236696  0.446051   8
  1  1  0.938300  0.220676 -0.608379  0.431740   2
  1  1  0.938300 -0.443849 -0.020311  0.674173   5
  1  0  0.938300 -0.198588  0.101265  0.060740   6
  1  0  0.938300 -0.124098  0.275722  0.116559   7
  1  1  0.938300  0.134565  0.031534  0.288229   3
  1  1  0.938300 -0.223057 -0.126011  0.513981   4
  1  1  0.938300  0.206350  0.106116  0.353757   4
  1  0  0.938300 -0.367588  0.099226  0.219616   2
  1  1  0.938300  0.103347 -0.061634  0.165384   4
  1  0  0.938300 -0.258482 -0.322824  0.370508   6
  1  1  0.938300  0.284286 -0.258987 -0.169948   5
  1  1  0.938300 -0.172977 -0.097607  0.032837   2
  1  0  0.938300  0.148700  0.071131  0.523470   5
  1  1  0.938300  0.302399  0.270655  0.797161   3
  1  1  0.938300  0.065612 -0.002191  0.081450   1
  1  1  0.938300  0.302199 -0.316083  0.884076   4
  1  1  0.938300  0.253216  0.124875  0.753935   4
  1  1  0.938300  0.122611  0.509128  0.430100   7
  1  1  0.938300  0.184868  0.042200  0.145993   5
  1  1  0.938300  0.071075 -0.174297  0.720881   6
  1  1  0.938300 -0.143105  0.480539  0.535701   8
  1  1  0.938300 -0.140525  0.560143  0.490409   4
  1  1  0.938300 -0.207093  0.102047  0.674130   7
  1  1  0.938300  0.274285  0.124918  0.370383   3
  1  1  0.938300 -0.598076 -0.559135  0.383873   3
  1  1  0.938300 -0.370381 -0.290171 -0.020717   3
  1  1  0.938300 -0.215469  0.319376  0.635124   9
  1  1  0.938300  0.164539 -0.336394  0.544043   3
  1  1  0.938300  0.364086 -0.208855  0.682602   3
  1  1  0.938300 -0.126364  0.005871  0.347073   9
  1  1  0.938300 -0.013054  0.017097  0.615784   2
  1  1  0.938300  0.101769  0.197607  0.242600   4
  1  1  0.938300 -0.374709 -0.144817 -0.007265   3
  1  1  0.938300  0.021446  0.339629  0.378662   2
  1  1  0.938300  0.020256  0.043794  0.219671   1
  1  1  0.938300 -0.081149  0.245647  0.959396   5
  1  1  0.938300 -0.144565 -0.246558  0.949691   4
  1  0  0.938300 -0.288603  0.187711  0.028163   7
  1  1  0.938300  0.115029 -0.239596  0.218610   2
  1  0  0.938300  0.052582 -0.179114  0.705938   6
  1  1  0.938300  0.090215  0.044804  0.488543   6
  1  1  0.938300  0.046689 -0.048319  0.093769   6
  1  1  0.938300  0.003331 -0.073718  0.109506   3
  1  1  0.938300 -0.033226  0.211281  0.112563   2
  1  1  0.938300 -0.118467 -0.295164  0.098556   2
  1  1  0.938300  0.098771  0.264513  0.226424   2
  1  1  0.938300 -0.493428 -0.285037  0.693824   5
  1  1  0.938300  0.057340 -0.040529  0.391571   2
  1  1  0.938300 -0.166504 -0.250406  0.852768   4
  1  1  0.938300 -0.118892 -0.215267  0.111919   1
  1  0  0.938300 -0.173955  0.286754  0.628312   9
  1  1  0.938300  0.393113 -0.205076  0.026450   3
  1  1  0.938300 -0.091025 -0.444897  0.470046   5
  1  1  0.938300 -0.029654 -0.418381  0.704601   2
  1  0  0.938300 -0.055089  0.076687  0.580033   6
  1  1  0.938300 -0.029107  0.157430  0.613760   6
  1  1  0.938300  0.067851 -0.354860  1.467761   8
  1  1  0.938300  0.305750 -0.054847  0.438738   3
  1  1  0.938300  0.241156  0.004181  0.182770   2
  1  0  0.938300  0.015707  0.162705  0.671303   3
  1  1  0.938300  0.096892  0.045624  0.372644   3
  1  1  0.938300 -0.388549  0.138544  0.321592  12
  1  1  0.938300  0.018025 -0.001785  0.703970   5
  1  1  0.938300  0.149172  0.215263  0.249645   2
  1  0  0.938300  0.056906 -0.375967  0.414661   3
  1  1  0.938300 -0.002143 -0.090071  0.251281   7
  1  0  0.938300  0.360048  0.440790  0.838523   7
  1  1  0.938300 -0.084844  0.277795  0.514327   6
  1  1  0.938300  0.280539  0.147342  0.427159   4
  1  1  0.938300 -0.138242 -0.120048  0.473832   6
  1  1  0.938300  0.120853 -0.127527  0.042947   2
  1  1  0.938300  0.124222 -0.106335  0.256908   6
  1  1  0.938300  0.065079 -0.298988  0.136869   6
  1  1  0.938300 -0.087952 -0.114742  0.212741   1
  1  1  0.938300 -0.207985  0.113841  0.132011   3
  1  1  0.938300 -0.141884  0.049816  0.249457   7
  1  0  0.938300  0.344357  0.168793  0.229131   5
  1  0  0.938300  0.541511 -0.036973  0.557152   3
  1  0  0.938300  0.131108 -0.014110  0.047738   5
  1  0  0.938300 -0.464712 -0.047522  0.558312   6
  1  1  0.938300  0.021358 -0.193335  0.221908   4
  1  0  0.938300  0.212057 -0.051989  0.314788   2
  1  0  0.938300 -0.199580  0.035081  0.240430   2
  1  0  0.938300  0.074644  0.121167  0.623149   4
  1  1  0.938300  0.177764  0.137259  0.641096  10
  1  0  0.938300  0.021591  0.361557  1.136717   3
  1  0  0.938300 -0.319605  0.460484  0.851409   7
  1  0  0.938300 -0.183785  0.220123  0.366971   4
  1  0  0.938300 -0.063684  0.109323  0.317266   3
  1  0  0.938300  0.297344  0.367453  0.666303   3
  1  0  0.938300  0.078701 -0.253498  0.592809   4
  1  1  0.938300 -0.355161  0.215623  0.033908   6
  1  0  0.938300  0.051770 -0.092614  0.212951   1
  1  1  0.938300  0.243539  0.155536  0.430490   4
  1  0  0.938300 -0.293221 -0.091553  0.386918   2
  1  0  0.938300  0.238959 -0.053173  0.071575   2
  1  0  0.938300 -0.080138 -0.041001  0.592476   5
  1  1  0.938300 -0.069686  0.053214  0.272217   2
  1  0  0.938300  0.263215  0.051267  0.609141   6
  1  0  0.938300  0.244656 -0.114933 -0.090486   4
  1  0  0.938300  0.101188 -0.431899  0.540046   3
  1  0  0.938300 -0.125561 -0.356884  0.664012   4
  1  0  0.938300  0.031039 -0.001935  0.112932   3
  1  0  0.938300 -0.038545 -0.029954  0.032317   3
  1  0  0.938300 -0.047450  0.281087  0.663803   4
  1  0  0.938300  0.172043  0.206095  0.059427   2
  1  0  0.938300  0.102802 -0.320052  0.379928   3
  1  0  0.938300  0.065706  0.552268  0.278977   3
  1  0  0.938300 -0.286683  0.172792  0.097798   3
  1  0  0.938300  0.056651 -0.072970  0.186608   3
  1  0  0.938300 -0.540835 -0.248630  0.276563   2
  1  0  0.938300 -0.003537 -0.143596  0.745071   8
  1  1  0.938300 -0.421990 -0.078175  0.310550  11
  1  0  0.938300 -0.521438 -0.350462  0.473669   2
  1  0  0.938300 -0.095082  0.045054  0.047554   1
  1  0  0.938300 -0.080343  0.075229  0.457713   3
  1  0  0.938300  0.229728  0.226295  0.691552   5
  1  0  0.938300 -0.300180 -0.475606  0.366269   4
  1  0  0.938300 -0.278863  0.412858  0.367067   5
  1  0  0.938300 -0.418271 -0.058680  0.286652   4
  1  0  0.938300  0.077450  0.307729  0.163568   3
  1  0  0.938300  0.167851  0.094195  0.643554   6
  1  0  0.938300 -0.483651 -0.305309  0.995783   4
  1  0  0.938300  0.318559  0.061060  0.637191   3
  1  1  0.938300 -0.146768  0.161949  0.330469   6
  1  0  0.938300  0.023739 -0.254884  0.192257   2
  1  0  0.938300 -0.247791  0.452728  0.498898   4
  1  0  0.938300 -0.342516 -0.212958  0.473903   2
  1  0  0.938300  0.190280  0.308702  0.200134   3
  1  0  0.938300 -0.038002 -0.656108  0.692636  10
  1  0  0.938300  0.193521  0.006990  0.849282   4
  1  0  0.938300 -0.142658  0.142056  0.611908   7
  1  0  0.938300 -0.064709 -0.368166  0.336325   2
  1  0  0.938300 -0.298350 -0.037241  0.625099   3
  1  0  0.938300 -0.048710 -0.020312  0.065548   1
  1  0  0.938300  0.108830  0.159238  0.560648   4
  1  0  0.938300  0.103823  0.172262  0.222303   5
  1  0  0.938300  0.005867  0.155949  0.389876   3
  1  0  0.938300  0.032559  0.050230  0.358673   4
  1  0  0.938300 -0.302063 -0.099807  0.467554   2
  1  0  0.938300  0.173574 -0.148025 -0.034364   3
  1  1  0.938300  0.002572 -0.183054  0.464910   7
  1  0  0.938300 -0.315491  0.398556  0.423404   3
  1  0  0.938300 -0.394240 -0.066638  0.641487   6
  1  0  0.938300 -0.132806 -0.374530  0.020472   3
  1  1  0.938300 -0.197067  0.190796  0.559936   3
  1  0  0.938300  0.268800  0.467784  0.915000   3
  1  0  0.938300 -0.138324  0.727271  0.510551   4
  1  0  0.938300  0.033495  0.037127 -0.064779   1
  1  0  0.938300  0.216279  0.145569  0.979827   7
  1  0  0.938300  0.030499  0.013174  0.429967   2
  1  0  0.938300  0.202187 -0.104087  0.432550   4
  1  0  0.938300  0.335190 -0.305278  0.614482   6
  1  0  0.938300  0.015093 -0.299906  0.002163   4
  1  0  0.938300  0.169979 -0.392873  0.442076   3
  1  0  0.938300  0.188654 -0.032432  0.453317   5
  1  0  0.938300 -0.124094  0.009686  0.335723   8
  1  0  0.938300 -0.041362  0.118448 -0.002464   1
  1  0  0.938300  0.588351 -0.356304  0.461142   3
  1  0  0.938300 -0.221013  0.140844  0.506551   4
  1  0  0.938300 -0.122723 -0.037481  0.202742   2
  1  0  0.938300  0.246109  0.305179  0.553322   7
  1  0  0.938300  0.236573 -0.020312  0.330798   5
  1  0  0.938300 -0.181973 -0.227510 -0.074860   2
  1  0  0.938300  0.185223 -0.310758  0.253393   3
  1  0  0.938300 -0.008585 -0.080436  0.515671   8
  1  1  0.938300 -0.077238  0.129837  0.234850   6
  1  0  0.938300  0.003221 -0.149743  0.354879   1
  1  0  0.938300  0.070239  0.067671  0.346984   3
  1  0  0.938300  0.095821  0.035675  0.158614   2
  1  0  0.938300  0.019816  0.041303 -0.045464   1
  1  0  0.938300 -0.067358  0.034807  0.756497   7
  1  0  0.938300  0.135838  0.097051  0.355299   7
  1  0  0.938300 -0.040771  0.111981  0.054087   1
  1  0  0.938300 -0.478555  0.058687  0.260931   2
  1  0  0.938300  0.304078 -0.479229  0.615478   4
  1  0  0.938300  0.057950  0.106052 -0.073189   1
  1  0  0.938300  0.021926 -0.191294  0.073798   4
  1  1  0.938300 -0.004949 -0.071086  0.194989   2
  1  0  0.938300 -0.179861 -0.198494  0.819110  11
  1  0  0.938300 -0.061734 -0.147136  0.972303   4
  1  0  0.938300 -0.069290  0.180168  0.959633   3
  1  0  0.938300  0.222672 -0.259023  0.778661   2
  1  0  0.938300  0.225653  0.066709  0.068849   1
  1  0  0.938300  0.038655  0.284706  0.267090   3
  1  0  0.938300 -0.045488 -0.291978  0.157991   3
  1  0  0.938300 -0.174593  0.302045  0.312036   4
  1  0  0.938300 -0.056727  0.015028  0.079599   1
  1  0  0.938300 -0.126346  0.305549 -0.064140   4
  1  0  0.938300 -0.355144  0.039268  0.206807   4
  1  0  0.938300  0.439288  0.398552  0.803766   5
  1  0  0.938300  0.457017  0.089825  0.378837   2
  1  0  0.938300  0.363710  0.251500  0.306277   3
  1  0  0.938300 -0.081669  0.006188  0.160021   3
  1  1  0.938300 -0.080829  0.138234  0.574635  -1
  1  0  0.938300  0.040036  0.168167  0.883425  -6
  1  1  0.938300 -0.173421  0.041760  0.553573  -3
  1  1  0.938300  0.002937  0.005472  0.723362  -1
  1  1  0.938300  0.120438 -0.504429  0.566470  -6
  1  1  0.938300  0.534846  0.073580  0.433055  -4
  1  1  0.938300  0.439171 -0.070890  0.265344  -3
  1  1  0.938300 -0.226821 -0.195334  0.393597  -3
  1  1  0.938300  0.604735 -0.171555  0.757185  -3
  1  1  0.938300 -0.082760 -0.104702  0.121928  -6
  1  1  0.938300  0.203197 -0.295013  0.023193  -2
  1  1  0.938300 -0.110655 -0.048491  0.763570  -6
  1  1  0.938300  0.129831  0.141799  1.002137  -1
  1  1  0.938300  0.322235  0.029454  0.700649  -2
  1  1  0.938300 -0.119104  0.083978  0.522166 -10
  1  0  0.938300  0.423737 -0.025918  0.369263  -5
  1  1  0.938300  0.174087  0.094165  0.659863  -4
  1  1  0.938300  0.340050  0.317885  0.417098  -4
  1  1  0.938300  0.278153  0.247575  0.165989 -10
  1  1  0.938300 -0.148157  0.201729  0.379053  -1
  1  1  0.938300 -0.233937  0.062950  0.391120  -4
  1  1  0.938300  0.401573  0.297317  0.256655 -10
  1  1  0.938300  0.323374  0.026463  0.002583  -5
  1  1  0.938300 -0.102926  0.409250  0.854519  -3
  1  1  0.938300 -0.375530  0.104634  0.097780  -6
  1  1  0.938300  0.113166 -0.448429  0.587205  -4
  1  1  0.938300 -0.393550  0.231004  1.240291  -6
  1  1  0.938300  0.589640  0.374646  0.784978  -2
  1  1  0.938300  0.080322 -0.073990  0.579279  -5
  1  1  0.938300  0.120788  0.098716  0.763513  -2
  1  1  0.938300  0.041356 -0.130320  0.061747  -4
  1  1  0.938300 -0.119678  0.280515  0.539012  -4
  1  1  0.938300  0.151300  0.216758  0.960690  -5
  1  1  0.938300  0.003843  0.005216  0.459657  -3
  1  1  0.938300 -0.038688  0.142913  0.731812  -2
  1  0  0.938300  0.278522  0.121310  0.454818  -5
  1  1  0.938300 -0.385891  0.101757  0.372237  -9
  1  1  0.938300  0.150990 -0.349749  0.544215  -3
  1  1  0.938300  0.251639  0.127924  0.010489  -4
  1  1  0.938300 -0.049859  0.261370  0.152705  -3
  1  1  0.938300  0.070381  0.369676  0.274308  -6
  1  0  0.938300 -0.462585  0.486153  1.001460  -5
  1  1  0.938300  0.118950  0.444056  0.452412  -3
  1  1  0.938300 -0.059359 -0.599261  0.204246  -4
  1  1  0.938300  0.009617  0.159300  0.633984  -5
  1  1  0.938300 -0.266167 -0.010639  0.782951  -7
  1  1  0.938300 -0.026404  0.141301  0.622223  -6
  1  1  0.938300  0.637061  0.122274  0.162894  -4
  1  1  0.938300 -0.337476  0.025092  0.634867  -3
  1  1  0.938300  0.121481 -0.226335  0.465823  -3
  1  1  0.938300  0.065496 -0.526105  0.728931  -5
  1  1  0.938300  0.203077  0.049548  0.657735  -4
  1  1  0.938300  0.169905  0.086068  0.540742  -1
  1  0  0.938300 -0.501839  0.352391  0.495875  -6
  1  1  0.938300 -0.111943  0.126629  0.557731  -2
  1  1  0.938300  0.195617  0.012507  0.360923 -11
  1  1  0.938300 -0.018543 -0.142607  0.234899  -5
  1  1  0.938300 -0.187271  0.117409  0.915532  -5
  1  1  0.938300  0.256141  0.211087  0.678171  -2
  1  0  0.938300 -0.139723 -0.458252  0.656618  -3
  1  1  0.938300 -0.550632  0.067748  1.029692  -4
  1  1  0.938300 -0.099398  0.607735  0.753326  -4
  1  1  0.938300  0.108168 -0.226461  0.304512  -3
  1  1  0.938300  0.022745 -0.281414  0.756348  -4
  1  1  0.938300  0.002994 -0.126361  0.980854  -1
  1  1  0.938300 -0.297676  0.364372  0.429511  -4
  1  1  0.938300  0.268369 -0.164876  0.227512  -4
  1  1  0.938300  0.221770 -0.065653  0.772614  -7
  1  1  0.938300  0.162092  0.142950  0.241011  -3
  1  1  0.938300  0.036672  0.366645  0.501986  -2
  1  0  0.938300  0.657589  0.067219  1.375222  -3
  1  1  0.938300  0.052297 -0.333520  0.415383  -2
  1  1  0.938300  0.045430 -0.030254  1.004212  -1
  1  1  0.938300 -0.262716  0.231211  0.790989  -2
  1  1  0.938300 -0.470293  0.179447  0.329680  -4
  1  1  0.938300 -0.484154  0.202114  0.362741  -7
  1  1  0.938300 -0.123235  0.199053  0.452140  -2
  1  1  0.938300  0.256180 -0.114203  0.515008  -2
  1  1  0.938300 -0.258310 -0.412605  0.380965  -2
  1  0  0.938300 -0.110706  0.103578  0.302313  -3
  1  1  0.938300  0.430680 -0.200336  0.622144  -2
  1  0  0.938300  0.215411 -0.007666  0.328882  -5
  1  1  0.938300  0.267033 -0.103328  1.007637 -11
  1  0  0.938300  0.159267  0.137208 -0.208749  -3
  1  0  0.938300  0.105199  0.432713  0.181651  -4
  1  0  0.938300  0.118349  0.015641  0.479353  -5
  1  0  0.938300 -0.334294 -0.175290  1.015926  -5
  1  1  0.938300  0.210464 -0.108919  0.308846  -4
  1  0  0.938300  0.204991 -0.425331  0.429202  -5
  1  0  0.938300  0.134053  0.025466  1.017885  -1
  1  0  0.938300 -0.045459  0.081885  0.497276  -5
  1  0  0.938300  0.068299  0.337118  0.420332  -6
  1  1  0.938300 -0.008541 -0.012948  0.307116  -3
  1  0  0.938300  0.408798 -0.107714  0.277563  -3
  1  0  0.938300 -0.004385  0.016788  0.621655  -2
  1  1  0.938300  0.350448  0.144223  0.345535  -3
  1  0  0.938300 -0.057358  0.347628  0.387225  -3
  1  1  0.938300 -0.130260  0.065070  0.580450  -6
  1  0  0.938300 -0.118379 -0.047413  0.577211  -6
  1  0  0.938300  0.234574  0.093689  0.708706  -1
  1  1  0.938300  0.294763 -0.334933  0.807276  -8
  1  0  0.938300  0.066928 -0.164524  0.589140  -8
  1  0  0.938300 -0.289890 -0.388986  0.204609  -4
  1  0  0.938300 -0.344195  0.626589  0.917299  -2
  1  0  0.938300  0.048884  0.134567  0.306669  -2
  1  0  0.938300  0.575539  0.314946  0.884975  -2
  1  0  0.938300  0.150709 -0.399752  0.237620  -2
  1  0  0.938300 -0.161552 -0.372082  0.711871  -2
  1  0  0.938300  0.291322  0.161376  0.546781  -1
  1  0  0.938300 -0.404950 -0.200908  0.390275  -3
  1  0  0.938300  0.052852  0.092151  0.373100  -3
  1  0  0.938300 -0.038866  0.121991  0.498231  -5
  1  0  0.938300 -0.321857 -0.297189  0.459270  -3
  1  0  0.938300 -0.498915  0.200871  0.767041  -3
  1  0  0.938300  0.229206  0.093990  0.504919  -2
  1  0  0.938300 -0.077402 -0.731324  0.516565  -4
  1  0  0.938300 -0.031652  0.269497  0.581132  -3
  1  1  0.938300 -0.237049 -0.109359  0.601766  -6
  1  0  0.938300 -0.332740  0.176496  1.113173  -2
  1  0  0.938300 -0.081721  0.024403  0.974691  -1
  1  0  0.938300 -0.012279 -0.043706  0.697708  -1
  1  0  0.938300 -0.669938 -0.010651  0.478124  -3
  1  0  0.938300 -0.024752  0.155539  0.689206  -2
  1  0  0.938300  0.434742 -0.287375  0.192327  -3
  1  0  0.938300  0.033376 -0.105583  0.896390  -1
  1  0  0.938300 -0.191839  0.038124  0.349523  -8
  1  0  0.938300 -0.241295  0.340275 -0.047595  -6
  1  0  0.938300 -0.104402  0.297136  0.697803  -4
  1  0  0.938300  0.060965 -0.246702  0.730694  -2
  1  0  0.938300 -0.226226  0.246135  0.279565  -3
  1  0  0.938300  0.228312  0.449286  0.497292  -5
  1  0  0.938300  0.249933 -0.327729 -0.126638  -3
  1  0  0.938300 -0.176563 -0.275023  0.349208  -3
  1  0  0.938300 -0.058262 -0.049596  0.453600  -2
  1  0  0.938300 -0.189801 -0.483992  0.588505  -9
  1  0  0.938300 -0.731122  0.098431  0.499254  -3
  1  0  0.938300 -0.051550 -0.092512  0.488395 -10
  1  0  0.938300 -0.037239 -0.005490  0.637282  -2
  1  0  0.938300  0.007968  0.093242  0.838124  -5
  1  0  0.938300  0.262515 -0.373456  0.810758  -6
  1  0  0.938300 -0.152390 -0.085329  1.021265  -1
  1  0  0.938300  0.270062  0.049665  0.920788  -2
  1  0  0.938300  0.245944 -0.300566  0.661101  -6
  1  0  0.938300  0.097728 -0.138225  0.333838  -4
  1  0  0.938300 -0.026374  0.044280  0.257494  -4
  1  0  0.938300  0.006674  0.032294  0.825369  -2
  1  0  0.938300  0.242534  0.007703  1.032553  -7
  1  0  0.938300 -0.103461 -0.117459  0.484794  -4
  1  0  0.938300  0.194789 -0.291632  0.609220  -2
  1  0  0.938300  0.466633 -0.479195  0.466737  -7
  1  0  0.938300 -0.085377  0.044551  0.348760  -5
  1  0  0.938300  0.175870 -0.254146  0.780961  -4
  1  0  0.938300  0.423937 -0.001998  0.552054  -3
  1  0  0.938300  0.047485  0.287785  0.865436  -3
  1  0  0.938300  0.112759 -0.453752  0.785479  -3
  1  0  0.938300 -0.091358 -0.044399  0.765476  -3
  1  0  0.938300 -0.092043 -0.349322  0.298362  -2
  1  0  0.938300  0.014802  0.049852  0.332643  -2
  1  0  0.938300  0.080025  0.022687  1.158582  -1
  1  1  0.938300  0.381096  0.424812  0.666727  -3
  1  0  0.938300 -0.507947  0.179051  0.099873  -3
  1  0  0.938300  0.055431 -0.027844  0.874107  -1
  1  0  0.938300  0.198363  0.616134  0.025508  -3
  1  0  0.938300  0.293280 -0.005037  0.356813  -3
  1  0  0.938300 -0.077895 -0.046937  0.974701  -1
  1  0  0.938300 -0.220759  0.035400  0.366866  -3
  1  0  0.938300  0.049334  0.113010  0.474347  -5
  1  0  0.938300 -0.513673 -0.373889  0.862253 -12
  1  0  0.938300  0.011949 -0.045522  0.495575  -2
  1  0  0.938300  0.224542 -0.399261  0.721270  -4
  1  0  0.938300 -0.192052  0.069347  0.384274  -5
  1  0  0.938300 -0.045809 -0.299894  1.011669  -4
  1  1  0.938300  0.373962  0.046848  0.628744  -4
  1  0  0.938300  0.020418  0.106207  0.442236  -4
  1  0  0.938300  0.129850 -0.007233  0.896743  -1
  1  0  0.938300 -0.281967 -0.026980  0.398358  -5
  1  0  0.938300 -0.105590  0.293676  0.748070  -4
  1  1  0.938300  0.392107  0.125111  0.338100  -8
  1  0  0.938300 -0.314702  0.424966  0.362943  -2
  1  0  0.938300 -0.270341  0.308432  0.403016  -2
  1  0  0.938300 -0.235450 -0.432135  0.451648  -2
  1  0  0.938300 -0.064794  0.060247  0.681095  -5
  1  0  0.938300  0.129995  0.141998  0.251992  -3
  1  0  0.938300 -0.034079  0.094427  1.038551  -1
  1  0  0.938300  0.078510 -0.098806  0.544782  -4
  1  0  0.938300 -0.262475 -0.265305  0.558461  -2
  1  0  0.938300  0.099552 -0.058175  1.101330  -1
  1  0  0.938300  0.213407  0.248681  0.256930  -3
  1  0  0.938300 -0.057797 -0.030112  0.720096  -7
  1  0  0.938300  0.144181 -0.270454  0.840332  -2
  1  0  0.938300  0.258745  0.183950  0.259606  -2
  1  0  0.938300  0.075139  0.273334  0.575267  -4
  1  0  0.938300  0.048833 -0.056439  0.864858  -1
  1  0  0.938300 -0.250905 -0.123881  0.388257  -5
  1  0  0.938300 -0.014004 -0.005124  0.695562  -3
  1  0  0.938300  0.079752 -0.646080  0.274559  -5
  1  0  0.938300 -0.467295  0.202877  0.567627  -2