  1  1  0.938300  0.101217  0.211390  0.172978   1
  1  1  0.938300  0.529160  0.121188  0.593174   3
  1  1  0.938300  0.225544  0.300571  0.462582   3
  1  1  0.938300 -0.077658 -0.233798  0.404224   4
  1  1  0.938300 -0.290521  0.493476  0.151149   5
  1  1  0.938300  0.201261 -0.286709  0.979628   2
  1  1  0.938300 -0.145636 -0.216761  0.390032   2
  1  0  0.938300 -0.127415  0.095824  0.706911   8
  1  0  0.938300  0.130063 -0.028430  0.821226   2
  1  1  0.938300 -0.572323 -0.367697  0.454073   4
  1  1  0.938300  0.142537 -0.043322  0.543418   3
  1  1  0.938300  0.091189  0.197031  0.065350   1
  1  1  0.938300  0.447409 -0.168125  0.348472   2
  1  1  0.938300  0.144754  0.180533  0.283209   3
  1  1  0.938300  0.086522 -0.150958 -0.068741   2
  1  1  0.938300 -0.428787 -0.138751  0.925228   2
  1  0  0.938300 -0.495355  0.111961  0.629730   3
  1  1  0.938300  0.062978 -0.087854  0.166682   4
  1  1  0.938300  0.007703 -0.021222  0.249338   3
  1  0  0.938300 -0.465736  0.266662 -0.100362   9
  1  1  0.938300 -0.083094 -0.297478  0.454488   3
  1  1  0.938300 -0.002364 -0.106915  0.390948   3
  1  1  0.938300 -0.307240 -0.326712  0.741001   3
  1  1  0.938300  0.366517  0.218568  0.180849   2
  1  1  0.938300  0.143307 -0.095277 -0.229852   3
  1  0  0.938300 -0.150568 -0.125401  0.094731   5
  1  1  0.938300 -0.049629  0.462967  0.390293   4
  1  0  0.938300  0.240353 -0.235239  0.656127   3
  1  1  0.938300 -0.284806 -0.017219  0.594854   9
  1  1  0.938300 -0.029289  0.238813  0.874463   3
  1  1  0.938300 -0.078293  0.035303 -0.062007   1
  1  1  0.938300 -0.096018 -0.088381  0.317592   5
  1  1  0.938300 -0.166863 -0.035820 -0.008728   1
  1  1  0.938300 -0.014486 -0.161364  0.187762   1
  1  1  0.938300 -0.014330  0.309160  0.464703   2
  1  1  0.938300 -0.104740  0.104915  0.093644   3
  1  1  0.938300  0.424784  0.145636  1.041997   4
  1  1  0.938300  0.124962 -0.145082  0.377548   3
  1  1  0.938300 -0.293063 -0.199887  0.222088   4
  1  1  0.938300  0.011753 -0.083086  0.336143   4
  1  1  0.938300 -0.307615 -0.227844  0.170272   3
  1  1  0.938300 -0.023879  0.060096  0.305758   4
  1  0  0.938300  0.172655  0.503483  0.297335   3
  1  1  0.938300  0.202771 -0.265025  0.990806   6
  1  1  0.938300  0.356128 -0.069538  0.631724   5
  1  1  0.938300 -0.347293 -0.327715  0.490311   3
  1  1  0.938300  0.025369 -0.271121  0.112806   6
  1  1  0.938300  0.262335  0.127568  0.428633   4
  1  1  0.938300 -0.103217  0.122831 -0.092853   6
  1  1  0.938300 -0.257759  0.039727  0.313539   6
  1  1  0.938300  0.110148  0.003281  0.253454   4
  1  1  0.938300 -0.517094  0.031775  0.751847   7
  1  1  0.938300 -0.181324  0.382859  0.524976   2
  1  1  0.938300 -0.218816  0.092313  0.181103   2
  1  1  0.938300 -0.318744  0.050272  0.399049   4
  1  1  0.938300  0.546783  0.405168  0.424153   3
  1  1  0.938300  0.123253  0.508911  0.933432   3
  1  1  0.938300  0.021558  0.112876  0.524472   3
  1  1  0.938300 -0.090338 -0.095418  0.355543   7
  1  1  0.938300  0.046020 -0.049190  0.141473   1
  1  1  0.938300  0.144586 -0.004902  0.154116   1
  1  1  0.938300 -0.002373 -0.044853  0.094137   2
  1  1  0.938300  0.154050  0.076863  0.840970   2
  1  1  0.938300 -0.131927 -0.485693  0.562141   6
  1  1  0.938300  0.133658  0.113880 -0.005607   1
  1  1  0.938300 -0.131193 -0.238839  0.761108   2
  1  1  0.938300 -0.368231  0.105762  0.598979   5
  1  1  0.938300 -0.169443 -0.545945  0.624601   3
  1  1  0.938300 -0.067596 -0.019872  0.007453   1
  1  1  0.938300 -0.144906 -0.330134  0.249710   5
  1  1  0.938300 -0.607658 -0.163748  0.198741   3
  1  1  0.938300 -0.458205 -0.027384  0.429345   3
  1  1  0.938300 -0.050883  0.318894 -0.021097   8
  1  1  0.938300 -0.004790 -0.065736  0.210682   9
  1  1  0.938300  0.180227  0.096783  0.169011   2
  1  1  0.938300 -0.056213  0.013328  0.564239   8
  1  1  0.938300 -0.009572 -0.247460  0.859699   3
  1  0  0.938300  0.176646 -0.199335  0.361646   8
  1  1  0.938300 -0.055801 -0.281770  0.372212   3
  1  0  0.938300 -0.244481  0.305752  0.368883   3
  1  0  0.938300  0.248545 -0.248212  0.960611   6
  1  0  0.938300  0.040433 -0.020360  0.104654   1
  1  0  0.938300 -0.412904  0.101009  0.574875   3
  1  0  0.938300  0.075776  0.119603  0.334498   3
  1  0  0.938300  0.276800 -0.147640  0.470023   3
  1  0  0.938300 -0.056940  0.277279  0.229072   2
  1  0  0.938300 -0.026503  0.010490  0.692850   3
  1  0  0.938300  0.003602  0.250481  0.375955   9
  1  0  0.938300  0.233177  0.243310 -0.088831   2
  1  0  0.938300 -0.180105  0.006092  0.729768   4
  1  0  0.938300  0.189845 -0.031152 -0.116117   2
  1  1  0.938300 -0.509675  0.211435  0.734637   3
  1  0  0.938300  0.089321  0.444387  0.264868   4
  1  0  0.938300 -0.697038  0.377784  1.016973   6
  1  0  0.938300  0.037297 -0.299258  0.418010   6
  1  0  0.938300 -0.079796  0.084701  0.294028   4
  1  0  0.938300  0.294238  0.188523  0.316709   6
  1  0  0.938300 -0.046478 -0.079965  0.325580   2
  1  0  0.938300  0.324776 -0.194160  0.112613   2
  1  0  0.938300 -0.243190  0.253592  0.462022   3
  1  0  0.938300  0.109332 -0.459724  0.095088   3
  1  0  0.938300 -0.035146  0.001513 -0.011719   1
  1  0  0.938300  0.179913  0.169305  1.075607   2
  1  0  0.938300 -0.140951 -0.188840  0.454455   3
  1  0  0.938300  0.068525  0.077566  0.040469   3
  1  0  0.938300 -0.161080  0.044521  0.063370   1
  1  0  0.938300 -0.698988 -0.102902  0.028219   2
  1  0  0.938300 -0.249772  0.262194  0.031693   1
  1  1  0.938300 -0.028378  0.097622  0.343492   7
  1  0  0.938300 -0.094191  0.178730  0.114112   3
  1  1  0.938300  0.167871 -0.199278  0.916395   3
  1  0  0.938300 -0.437355 -0.148685  0.397323   2
  1  0  0.938300  0.078655 -0.055716 -0.007731   1
  1  0  0.938300  0.087903 -0.843862  0.299920   2
  1  0  0.938300 -0.019291 -0.696851  0.840341   2
  1  0  0.938300  0.349750 -0.181381  0.424252   3
  1  1  0.938300 -0.038229  0.351223  0.248260   5
  1  0  0.938300 -0.078486  0.040192  0.177932   1
  1  0  0.938300 -0.032823 -0.448996  1.006805   2
  1  0  0.938300 -0.247752 -0.236315  0.773391   2
  1  0  0.938300 -0.051539 -0.591996  0.647538   2
  1  0  0.938300  0.000054 -0.136306  0.749201   7
  1  0  0.938300  0.261296  0.103341  0.412194   5
  1  0  0.938300 -0.097513 -0.185708  1.015668   8
  1  0  0.938300  0.079583  0.118939  0.335783   3
  1  0  0.938300  0.132351 -0.457862  0.467405   5
  1  0  0.938300 -0.524891  0.089733  0.394293   2
  1  0  0.938300 -0.000157  0.168598  0.698616   5
  1  0  0.938300  0.140883  0.028125  0.701704   4
  1  0  0.938300  0.278076 -0.117994  0.135475   3
  1  0  0.938300 -0.152651 -0.339369  0.167875   2
  1  0  0.938300 -0.400108 -0.107792  0.635774   3
  1  0  0.938300 -0.338676  0.010967  1.129694   3
  1  0  0.938300  0.157228 -0.046267  0.316044   6
  1  1  0.938300 -0.307871 -0.298674  0.760074   5
  1  0  0.938300 -0.098522 -0.152369  0.332399   4
  1  0  0.938300 -0.013913  0.101642  0.263143   4
  1  0  0.938300 -0.210640 -0.257213  0.429545   3
  1  0  0.938300  0.327150  0.082533  0.425927   2
  1  0  0.938300 -0.022008  0.039672  0.083089   5
  1  0  0.938300  0.247948 -0.170742  0.081166   2
  1  0  0.938300 -0.050486  0.705511  0.445549   4
  1  0  0.938300 -0.037394  0.155256  0.528146   2
  1  0  0.938300 -0.034502  0.028934  0.442836   4
  1  0  0.938300 -0.102235  0.076721  0.193830   2
  1  0  0.938300  0.243841  0.314096  0.283590   5
  1  0  0.938300  0.123896 -0.193968  0.886241   3
  1  1  0.938300 -0.240695  0.109612  0.177684  13
  1  0  0.938300 -0.293305  0.025562  0.665502   5
  1  0  0.938300 -0.174106 -0.018103  1.334331   3
  1  0  0.938300  0.299814  0.241128  0.357974   3
  1  0  0.938300  0.217806 -0.216454  0.086138   3
  1  0  0.938300 -0.002832 -0.114436  0.251623   4
  1  0  0.938300 -0.134905 -0.269216  0.326298   6
  1  1  0.938300  0.421590  0.139688  0.388587   4
  1  0  0.938300  0.145063 -0.238223  0.215964   2
  1  0  0.938300 -0.421759  0.130397  0.694476   4
  1  0  0.938300  0.148922 -0.412499  1.018609   2
  1  0  0.938300 -0.210872  0.062372  0.064653   1
  1  0  0.938300  0.194769  0.019285  0.233104   5
  1  0  0.938300 -0.046909  0.225517  0.098751   5
  1  0  0.938300  0.440673  0.083975  0.129487   2
  1  0  0.938300 -0.102053  0.085990  0.379634   6
  1  0  0.938300 -0.130551  0.003552  0.084329   2
  1  0  0.938300  0.088978 -0.011342  0.302934   1
  1  0  0.938300 -0.269919  0.021861  0.758090   5
  1  0  0.938300  0.455625 -0.141471  0.442555   2
  1  0  0.938300 -0.168905 -0.111170  0.395139   6
  1  0  0.938300 -0.051662 -0.003736 -0.017271   1
  1  0  0.938300  0.215134  0.003139  0.310275   4
  1  0  0.938300 -0.179222  0.389600  0.195803   4
  1  1  0.938300 -0.657451  0.014047  0.084675   7
  1  0  0.938300 -0.054468 -0.035437 -0.049234   1
  1  0  0.938300 -0.492997  0.253322  0.578755   2
  1  0  0.938300 -0.158843  0.109958  0.250443   4
  1  0  0.938300 -0.030012  0.039153  0.003728   1
  1  0  0.938300  0.179812 -0.159658  0.022040   2
  1  0  0.938300 -0.035704  0.059086  0.081697   1
  1  0  0.938300 -0.378571  0.293061  0.383683   2
  1  0  0.938300  0.595681 -0.220896  0.248542   4
  1  0  0.938300 -0.266054 -0.381004  0.602915   2
  1  0  0.938300 -0.245171  0.084445  0.061751   3
  1  0  0.938300 -0.002269  0.118312  0.589478   4
  1  0  0.938300 -0.287781  0.162870  0.903311   8
  1  1  0.938300 -0.005343 -0.203245  0.471549   4
  1  0  0.938300  0.744996 -0.286845  0.471233   2
  1  1  0.938300  0.143315  0.768230  1.053230   3
  1  0  0.938300 -0.292331 -0.100073  0.461015   3
  1  0  0.938300  0.027371  0.033264  0.055342   9
  1  0  0.938300  0.103012  0.172877  0.443813   4
  1  0  0.938300  0.020245 -0.129020 -0.014100   2
  1  0  0.938300 -0.264951  0.240994  0.289062   2
  1  0  0.938300  0.088161  0.153125  0.450280   4
  1  0  0.938300 -0.081277 -0.179790  0.465412   3
  1  0  0.938300  0.094607 -0.243366  0.403417   3
  1  0  0.938300  0.385585 -0.138045 -0.122870   3
  1  0  0.938300  0.499182 -0.196708  0.435421   7
  1  0  0.938300  0.005946  0.184825  0.288036  -5
  1  0  0.938300  0.729751 -0.690036  0.443247  -3
  1  1  0.938300 -0.492146  0.117229  0.301260  -5
  1  1  0.938300 -0.427420 -0.393215  0.539433  -3
  1  1  0.938300 -0.047098  0.027962  1.090313  -1
  1  1  0.938300 -0.002597 -0.367328  0.720945  -4
  1  1  0.938300 -0.311951 -0.181259  0.209472  -4
  1  1  0.938300  0.337682 -0.235783  0.488261  -4
  1  1  0.938300 -0.212995  0.133136  0.385770  -5
  1  1  0.938300 -0.025601 -0.225768  0.545746  -5
  1  1  0.938300  0.048043  0.059282  0.559223  -5
  1  1  0.938300  0.069631  0.084446  0.697788  -1
  1  1  0.938300 -0.041464 -0.158442  0.635246  -6
  1  1  0.938300  0.289902 -0.039232  0.525486  -5
  1  1  0.938300 -0.171221 -0.137604  0.988850  -1
  1  1  0.938300 -0.057244 -0.429563  0.597176  -3
  1  1  0.938300  0.024535 -0.193487  0.931959  -5
  1  1  0.938300  0.065300 -0.040273  0.978616  -1
  1  1  0.938300  0.156832  0.561032  0.469178  -7
  1  1  0.938300 -0.148693 -0.172087  0.610578  -3
  1  1  0.938300  0.213672 -0.206446  0.628078  -2
  1  0  0.938300 -0.019694 -0.127605  0.728674  -4
  1  1  0.938300 -0.159807  0.270086  0.868324  -5
  1  1  0.938300  0.497033  0.143837  0.431729  -3
  1  1  0.938300  0.009250 -0.049599  0.662782  -3
  1  1  0.938300  0.151589  0.263862  0.198579  -2
  1  1  0.938300  0.107997  0.042957  0.756455  -1
  1  1  0.938300  0.025103  0.055931  0.831216  -2
  1  0  0.938300 -0.061997 -0.077500  0.120716  -3
  1  1  0.938300 -0.157317  0.136238  0.478615  -4
  1  1  0.938300 -0.005460  0.205902  0.464282  -7
  1  1  0.938300 -0.009676  0.218188  0.059014  -4
  1  1  0.938300 -0.031103 -0.480799  0.600256  -5
  1  1  0.938300 -0.269884  0.521466  1.237611  -3
  1  0  0.938300 -0.295592  0.185390  0.247109  -5
  1  1  0.938300 -0.097285  0.098202  0.233984  -5
  1  1  0.938300  0.082973  0.098065  0.456454  -3
  1  1  0.938300  0.212424  0.035655  0.841557  -2
  1  1  0.938300  0.064171  0.449848  0.780958  -2
  1  0  0.938300  0.125306  0.098709  0.238134  -2
  1  1  0.938300 -0.284494  0.342108  0.900262  -2
  1  1  0.938300 -0.042844 -0.201924  0.593123  -9
  1  1  0.938300 -0.066553  0.214435  0.449022  -4
  1  1  0.938300 -0.399555  0.308015  0.707939  -4
  1  1  0.938300  0.270202 -0.026928  0.742476  -4
  1  1  0.938300  0.101274  0.371302  0.830728  -3
  1  1  0.938300 -0.177682  0.232681  0.611122  -5
  1  1  0.938300 -0.022692 -0.413701  0.360171  -3
  1  1  0.938300  0.254194  0.416120  0.667475  -2
  1  1  0.938300  0.312187 -0.005641  0.975055  -1
  1  1  0.938300 -0.372649 -0.021457  0.569736  -9
  1  1  0.938300  0.115056 -0.109881  0.795100  -1
  1  1  0.938300 -0.071799  0.035745  0.134812  -4
  1  1  0.938300 -0.003453 -0.088884  0.857310  -1
  1  1  0.938300  0.133971 -0.019096  0.149405  -4
  1  1  0.938300 -0.551273 -0.210384  1.023702  -2
  1  1  0.938300 -0.056800  0.103394  0.607358  -1
  1  1  0.938300 -0.408718  0.121515  0.079258  -3
  1  1  0.938300  0.288721 -0.192719  0.318402  -3
  1  1  0.938300 -0.140640 -0.185535  0.292174  -9
  1  1  0.938300  0.130261  0.160432  0.485376  -2
  1  1  0.938300 -0.258424 -0.010437  0.758204  -3
  1  1  0.938300 -0.317805  0.022855  0.824135  -7
  1  0  0.938300 -0.155704  0.139900  0.558948  -5
  1  1  0.938300  0.025212 -0.058066  0.410597  -4
  1  1  0.938300  0.264418  0.097486  0.863534  -4
  1  1  0.938300  0.288021  0.015203  0.040956  -3
  1  1  0.938300 -0.191110 -0.141312  0.732647  -1
  1  1  0.938300 -0.231336  0.107872  0.588006  -7
  1  1  0.938300  0.017123  0.071195  0.298010  -2
  1  1  0.938300  0.088355 -0.034848  0.405325  -4
  1  1  0.938300 -0.058075  0.111517  0.871292  -1
  1  0  0.938300  0.073159 -0.044250  1.378706  -2
  1  0  0.938300  0.223361 -0.067471  0.239248  -4
  1  1  0.938300 -0.010690  0.017763  0.405124  -2
  1  0  0.938300  0.284954  0.166467  0.409967  -3
  1  1  0.938300  0.166258 -0.528010  0.392720  -3
  1  1  0.938300  0.214556  0.403003  0.483000  -2
  1  1  0.938300 -0.156295 -0.103658  1.105213  -1
  1  0  0.938300 -0.145852 -0.215614  0.609021  -4
  1  0  0.938300  0.216257  0.376278  0.583939  -6
  1  0  0.938300  0.322181  0.029001  0.620361  -4
  1  0  0.938300 -0.142899  0.212037  0.610372  -3
  1  0  0.938300  0.511432  0.558630  0.271929  -4
  1  0  0.938300 -0.185334 -0.170019  0.989979  -2
  1  0  0.938300 -0.081086 -0.129140  0.720156  -4
  1  0  0.938300  0.224166  0.169745  0.868933  -5
  1  0  0.938300  0.107651  0.365686  0.921215  -2
  1  0  0.938300  0.214722  0.419774  0.480608  -2
  1  1  0.938300  0.456951 -0.009637  0.647388  -9
  1  0  0.938300 -0.227371 -0.358046  0.460691  -4
  1  0  0.938300 -0.169656  0.177839  0.862832  -5
  1  0  0.938300 -0.057541 -0.098656  0.809324  -5
  1  0  0.938300  0.515869 -0.368298  0.588717  -7
  1  0  0.938300 -0.005071  0.215146  0.006480  -3
  1  0  0.938300 -0.314070 -0.122974  0.679296  -3
  1  0  0.938300  0.065194 -0.157706  1.078285  -2
  1  0  0.938300 -0.052511 -0.175260  0.727031  -8
  1  0  0.938300 -0.189099  0.368421  0.273838  -2
  1  0  0.938300 -0.189659 -0.390005  0.513232  -3
  1  0  0.938300  0.250774  0.047790  0.222337  -6
  1  0  0.938300 -0.019735 -0.366739  0.697125  -4
  1  1  0.938300 -0.027864  0.034084  0.605313  -7
  1  1  0.938300 -0.109263  0.301742  0.705448  -7
  1  0  0.938300  0.577232 -0.318301  0.956530  -4
  1  0  0.938300 -0.025037 -0.128539  0.201016  -5
  1  0  0.938300  0.046744  0.137066  0.897466  -4
  1  0  0.938300  0.190708 -0.264686  0.652596  -6
  1  0  0.938300  0.049221 -0.231134  0.534144  -2
  1  0  0.938300  0.177801  0.314992  0.124260  -3
  1  0  0.938300 -0.083176  0.375939  0.718090  -3
  1  0  0.938300 -0.128854 -0.190768  0.472686  -6
  1  0  0.938300  0.068059  0.026080  0.172746  -5
  1  0  0.938300 -0.222566  0.419978  0.671632  -3
  1  0  0.938300 -0.293273 -0.260790  0.764296  -2
  1  0  0.938300  0.003531 -0.193433  0.846307  -1
  1  0  0.938300  0.244104 -0.177907  0.554814  -4
  1  0  0.938300  0.100865 -0.281317  0.963636  -2
  1  0  0.938300 -0.248589 -0.013826  0.208841  -5
  1  0  0.938300  0.050646 -0.452668  0.637345  -2
  1  0  0.938300 -0.266639  0.246402  0.369830  -7
  1  0  0.938300  0.008882  0.228820  1.164051  -2
  1  0  0.938300  0.002243  0.048551  0.749029  -3
  1  0  0.938300 -0.062765  0.076090  0.636888  -2
  1  0  0.938300  0.029908 -0.254258  0.325505  -3
  1  0  0.938300  0.146647 -0.066640  0.620096  -6
  1  0  0.938300  0.109822 -0.116106  0.607985  -2
  1  0  0.938300 -0.245464  0.061199  0.610583  -5
  1  0  0.938300 -0.016863  0.233068  0.762946  -1
  1  0  0.938300 -0.014460 -0.251987  0.346327  -5
  1  0  0.938300 -0.338903  0.252819  0.683181  -3
  1  0  0.938300  0.464132 -0.461632  0.460642  -2
  1  0  0.938300  0.114538  0.267808  0.902203  -1
  1  0  0.938300  0.038153  0.237272  0.540742  -2
  1  0  0.938300  0.429530 -0.239429  0.443236  -4
  1  0  0.938300 -0.238749  0.180099  0.933571  -2
  1  0  0.938300  0.250210 -0.035756  0.163416  -7
  1  0  0.938300  0.154449 -0.341887  0.033722  -9
  1  0  0.938300 -0.072357  0.075933  0.221163  -3
  1  0  0.938300  0.065877  0.412948  0.492178  -4
  1  0  0.938300  0.118133  0.129119  0.279039  -5
  1  0  0.938300 -0.099627 -0.104120  0.262104  -3
  1  0  0.938300 -0.127287 -0.012389  0.688849  -3
  1  0  0.938300  0.174845 -0.352848  0.581825  -2
  1  0  0.938300  0.235736 -0.020065  0.823684  -3
  1  0  0.938300 -0.279366  0.069843  0.386801  -3
  1  0  0.938300 -0.076260  0.341291  0.932333  -2
  1  0  0.938300  0.100328  0.492239  0.519570  -4
  1  0  0.938300  0.428795 -0.212406  0.542031  -4
  1  0  0.938300 -0.007021 -0.038641  0.978019  -1
  1  1  0.938300 -0.055113 -0.075709  0.566922  -3
  1  0  0.938300  0.114055  0.134479  0.175460  -2
  1  0  0.938300 -0.010549 -0.181199  0.918757  -1
  1  0  0.938300 -0.074630  0.039487  0.471861  -5
  1  1  0.938300  0.077934  0.086766  0.503757  -8
  1  0  0.938300  0.151667  0.170158  0.405791  -5
  1  0  0.938300 -0.225199 -0.054824  0.125247  -2
  1  0  0.938300 -0.208724 -0.170076  0.858005  -1
  1  0  0.938300  0.039823  0.181002  0.395212  -7
  1  0  0.938300 -0.086556  0.172770  1.292315  -5
  1  0  0.938300  0.039547 -0.060136  0.205395  -5
  1  0  0.938300  0.420769  0.597428  0.171817  -3
  1  0  0.938300  0.104415  0.038006  0.567330  -7
  1  0  0.938300  0.431759  0.261564  0.642500  -4
  1  0  0.938300  0.346706  0.000581  0.826826  -2
  1  0  0.938300  0.059302 -0.040504  0.421837  -3
  1  0  0.938300 -0.098502  0.054843  0.534483  -3
  1  0  0.938300 -0.029760 -0.143002  0.696948  -3
  1  0  0.938300  0.115343 -0.019929  0.797433  -1
  1  0  0.938300 -0.030619 -0.401325  0.770700  -3
  1  1  0.938300  0.039750 -0.216094  0.397707  -6
  1  0  0.938300 -0.664038 -0.026194  0.692382  -3
  1  0  0.938300 -0.288501  0.135552  0.691881  -2
  1  0  0.938300 -0.046839 -0.689748  0.031670  -3
  1  0  0.938300  0.076454 -0.194117  0.913199  -2
  1  0  0.938300  0.201082 -0.519948  0.638537  -3
  1  0  0.938300 -0.015380  0.151404  0.038864  -4
  1  0  0.938300 -0.019925  0.351534  0.383317  -2
  1  0  0.938300  0.362859 -0.450932  0.451197  -3
  1  0  0.938300  0.015574  0.104890  0.248326  -4
  1  0  0.938300 -0.132241  0.048402  0.828833  -1
  1  0  0.938300  0.221522 -0.116730  0.580583  -2
  1  1  0.938300  0.783301 -0.217298  1.338680  -5
  1  0  0.938300 -0.037224 -0.128616  0.664139  -3
  1  0  0.938300 -0.132408  0.010729  0.387592  -4
  1  1  0.938300  0.288285  0.199210  0.634858  -5
  1  0  0.938300  0.091199 -0.030538  0.369489  -2
  1  1  0.938300 -0.046073  0.578807  0.254484  -4
  1  0  0.938300 -0.252116 -0.167660 -0.060378  -5
  1  0  0.938300  0.382681  0.226271  0.438709  -6
  1  0  0.938300  0.027762 -0.006959  0.612893  -1
  1  0  0.938300  0.105937  0.045760  0.606359  -3
  1  0  0.938300  0.092179 -0.187028  0.140091  -3
  1  0  0.938300  0.139703  0.110393  0.947680  -3
  1  0  0.938300 -0.059326 -0.100499  0.505745  -4
  1  0  0.938300  0.194240  0.095065  0.437503  -4
  1  0  0.938300 -0.131712  0.105360  0.934190  -1