  1  1  0.938300 -0.029325  0.341642  0.505921   5
  1  1  0.938300  0.118281  0.201235  0.466071   3
  1  1  0.938300 -0.281541  0.175584  0.922420   2
  1  1  0.938300 -0.298118 -0.002224  0.346144   3
  1  1  0.938300  0.056176  0.314755  0.173031   3
  1  1  0.938300  0.296589 -0.250775  0.194188   4
  1  1  0.938300 -0.269108 -0.107087  0.231697   1
  1  1  0.938300 -0.236725 -0.555622  1.124656   4
  1  0  0.938300 -0.269063  0.096642  0.226711   6
  1  1  0.938300  0.061559 -0.070167 -0.004542   1
  1  1  0.938300 -0.164316  0.284765  1.072887   3
  1  0  0.938300 -0.480418  0.258460  0.672986   6
  1  0  0.938300 -0.301195  0.000135  0.713562   5
  1  1  0.938300  0.240907  0.511729  0.633291   5
  1  1  0.938300 -0.032661  0.288806 -0.131008   5
  1  0  0.938300 -0.011539 -0.067847  0.557306   2
  1  1  0.938300  0.358931  0.017943  0.646511   4
  1  1  0.938300 -0.073071 -0.000917  0.070447   3
  1  1  0.938300  0.069975  0.244310  0.024078   1
  1  1  0.938300 -0.164434 -0.255118  0.372318   6
  1  1  0.938300  0.293401 -0.216458  0.524109   2
  1  1  0.938300  0.306700  0.012423 -0.030489   3
  1  1  0.938300  0.000995 -0.125294  0.625559   4
  1  1  0.938300  0.348575  0.109931 -0.007342   6
  1  1  0.938300  0.015233 -0.128821  0.186462   5
  1  1  0.938300 -0.059386  0.006286  0.135499   3
  1  1  0.938300  0.109294 -0.179454  0.484903   2
  1  0  0.938300 -0.135577  0.302609  0.490724   5
  1  1  0.938300 -0.330957 -0.036861  0.250312   2
  1  1  0.938300  0.066867 -0.064476  0.363565   1
  1  1  0.938300 -0.078031  0.210300  1.047738   4
  1  1  0.938300  0.076582 -0.614476  0.859239   2
  1  1  0.938300 -0.360121 -0.386809  0.488969   3
  1  1  0.938300  0.145646  0.195038  0.890893   5
  1  0  0.938300  0.364192 -0.154766  0.604329   7
  1  1  0.938300  0.122729 -0.431394  1.021125   3
  1  1  0.938300  0.062401  0.119060  0.679523   3
  1  1  0.938300 -0.118054 -0.121405  0.252397   4
  1  0  0.938300  0.408208 -0.220739  0.584410   3
  1  1  0.938300  0.062814  0.151428  0.578578   2
  1  1  0.938300 -0.174429  0.103687  0.105601   2
  1  1  0.938300  0.104185  0.323304  0.727341   5
  1  1  0.938300 -0.000700  0.115578  0.072073  10
  1  1  0.938300 -0.440224  0.371979  0.585928   2
  1  1  0.938300  0.162554  0.094626  0.420908   7
  1  1  0.938300  0.065622 -0.012893  0.366650   2
  1  1  0.938300 -0.061714 -0.012896  0.039305   1
  1  1  0.938300 -0.173498 -0.470432  0.814026   2
  1  1  0.938300  0.005511  0.331471  0.257266   3
  1  1  0.938300  0.044601 -0.074445  0.159237   3
  1  1  0.938300  0.621766 -0.232143  1.175278   4
  1  1  0.938300 -0.208876  0.119879  0.644196   4
  1  1  0.938300  0.270766 -0.191551  0.891294   2
  1  1  0.938300  0.332157  0.087151  0.192358   4
  1  1  0.938300 -0.195172 -0.139898  0.510378   4
  1  1  0.938300 -0.164366  0.637145  1.073463   4
  1  1  0.938300 -0.068587 -0.001215  0.353250   2
  1  1  0.938300 -0.223124 -0.076585  0.879733   3
  1  1  0.938300 -0.349021 -0.240673  0.758357   2
  1  1  0.938300  0.208719 -0.350587  0.714128   2
  1  1  0.938300  0.412035  0.128865  0.305674   2
  1  1  0.938300 -0.119352  0.008677  0.311843   7
  1  1  0.938300 -0.100765  0.047897  0.204286   5
  1  1  0.938300  0.591295  0.376573  1.419510   5
  1  1  0.938300  0.012673  0.053550  0.673975   7
  1  1  0.938300 -0.152753 -0.782782  0.509731   3
  1  1  0.938300  0.134331  0.160758  0.135020   1
  1  1  0.938300 -0.310658  0.155371 -0.009539   6
  1  1  0.938300 -0.122258 -0.611921  0.362763   3
  1  0  0.938300 -0.288541 -0.139431  0.355375   6
  1  1  0.938300  0.582288  0.037536  0.199297   3
  1  1  0.938300 -0.070476  0.134442  0.296399   3
  1  1  0.938300 -0.144552 -0.072841  0.177925   5
  1  1  0.938300  0.347190 -0.454122  0.429787   2
  1  1  0.938300 -0.199436  0.087682  0.660244   5
  1  1  0.938300  0.167379 -0.231311  0.888051   4
  1  1  0.938300  0.467836 -0.554312  0.571202   4
  1  0  0.938300  0.180274 -0.292463  0.232336   7
  1  1  0.938300  0.435464 -0.001694  0.332143   3
  1  0  0.938300 -0.061633 -0.212339  0.273714   2
  1  0  0.938300  0.002473  0.111353  0.344678   3
  1  0  0.938300 -0.242015  0.042998  0.143873   9
  1  0  0.938300  0.074271  0.103190  0.594399   5
  1  0  0.938300  0.157077  0.080784  0.379142   3
  1  0  0.938300  0.005348 -0.017943  0.332469   1
  1  0  0.938300 -0.018218 -0.000175  0.267879   3
  1  0  0.938300  0.092241 -0.321395  0.870099   3
  1  0  0.938300  0.106036  0.187849  0.401170   3
  1  0  0.938300  0.357611  0.203636  0.582042   4
  1  0  0.938300 -0.201745 -0.477339  0.564913   4
  1  0  0.938300 -0.114777 -0.445083  0.321005   7
  1  0  0.938300 -0.373390 -0.388955  0.738856   7
  1  0  0.938300 -0.081994 -0.095996  0.415573   3
  1  0  0.938300 -0.014690  0.278462  0.194856   3
  1  0  0.938300 -0.128137 -0.231697  0.799573   4
  1  0  0.938300 -0.262219  0.400714  0.589892   6
  1  0  0.938300 -0.057268 -0.315378  0.584759   3
  1  0  0.938300 -0.052772  0.237612  0.126725   2
  1  0  0.938300 -0.325716  0.200739  0.531012   2
  1  0  0.938300  0.437622 -0.240931  0.465635   4
  1  0  0.938300 -0.026920  0.142220  0.064764   2
  1  0  0.938300  0.051926  0.259447 -0.082961   4
  1  1  0.938300  0.040101  0.046085  0.592953   4
  1  0  0.938300 -0.400403  0.058123  0.103580   2
  1  0  0.938300  0.306301  0.089829  0.862502   3
  1  0  0.938300  0.230322 -0.170380  0.278673   2
  1  0  0.938300  0.000386  0.004805  0.161738   4
  1  0  0.938300 -0.056935  0.217701  0.656279   4
  1  0  0.938300  0.196112  0.755091  0.208793   5
  1  0  0.938300 -0.037331 -0.259919  1.031303   4
  1  0  0.938300 -0.279916  0.073931  0.080872   2
  1  0  0.938300  0.230457 -0.302777  0.233890   2
  1  0  0.938300  0.054490 -0.225532  0.042808   5
  1  0  0.938300 -0.417952 -0.329896  0.745490   5
  1  0  0.938300  0.225191  0.067802  0.271004   6
  1  0  0.938300  0.114517 -0.137509  0.128793   1
  1  0  0.938300 -0.437061 -0.409823  0.324685   6
  1  1  0.938300  0.364834  0.251592  0.209831   5
  1  0  0.938300 -0.056350 -0.142879  0.473116   5
  1  1  0.938300  0.291098  0.038246  0.259369   5
  1  0  0.938300  0.109070 -0.069139  0.504451   2
  1  0  0.938300  0.218368  0.222485  0.334350   2
  1  0  0.938300 -0.108048 -0.091319  0.099313   4
  1  0  0.938300  0.192235  0.130176  0.521201   3
  1  0  0.938300  0.258760 -0.519795  0.713070   5
  1  0  0.938300  0.167154  0.282604  0.118836   2
  1  0  0.938300 -0.343387  0.237760  1.308243   6
  1  0  0.938300  0.024275 -0.140829  0.168804   6
  1  0  0.938300  0.375813  0.172490  0.401078   3
  1  0  0.938300  0.154114  0.131579  1.019760   5
  1  0  0.938300 -0.300918 -0.386142  0.463536   2
  1  0  0.938300  0.601747  0.165955  0.467533   2
  1  0  0.938300  0.012651 -0.373592  0.810789   4
  1  0  0.938300 -0.056717  0.109573  0.264499   4
  1  0  0.938300  0.245225  0.126283  0.262288   3
  1  0  0.938300  0.051997  0.138735  0.199387   1
  1  0  0.938300  0.299854  0.238172  0.800889   5
  1  0  0.938300  0.369716  0.098078  0.175888   4
  1  0  0.938300 -0.041414  0.130645  0.353062   1
  1  1  0.938300 -0.210544  0.160209  0.460262   3
  1  1  0.938300 -0.035793 -0.232602  1.066101   3
  1  0  0.938300 -0.015598 -0.195099  0.298621   3
  1  0  0.938300 -0.181064 -0.139075 -0.207811   3
  1  0  0.938300 -0.085467  0.177691  0.051522   1
  1  0  0.938300 -0.223191  0.025812  0.813776   3
  1  0  0.938300 -0.182063  0.129011  0.332742   2
  1  0  0.938300  0.002952 -0.226640  0.222233   3
  1  0  0.938300  0.364279 -0.166321  0.796768   2
  1  0  0.938300  0.158473  0.451127  0.385667   3
  1  0  0.938300 -0.248741  0.406813  0.683195   6
  1  0  0.938300 -0.520301  0.128358  0.289571   2
  1  0  0.938300 -0.229907 -0.106744  0.220945   4
  1  0  0.938300 -0.016834 -0.184860  0.310391   1
  1  0  0.938300 -0.057078 -0.561468  0.919684   3
  1  0  0.938300 -0.179798 -0.102781  0.127116   3
  1  0  0.938300  0.041502 -0.237012  0.771142   3
  1  0  0.938300 -0.002072 -0.021571  0.763097   4
  1  0  0.938300  0.058063  0.192629 -0.056643   1
  1  0  0.938300 -0.173644 -0.134395  0.733098   3
  1  0  0.938300 -0.108002  0.102724  0.058443   2
  1  0  0.938300  0.324270  0.319364  0.439773   6
  1  0  0.938300  0.012805 -0.038726  0.272806   5
  1  0  0.938300 -0.003295 -0.289109  0.298660   2
  1  0  0.938300 -0.076904  0.377073  0.597233   5
  1  0  0.938300 -0.362359  0.467226  0.727512   3
  1  0  0.938300  0.224257  0.035010  0.619429   3
  1  0  0.938300 -0.110003 -0.585151  0.197378   5
  1  0  0.938300  0.166143 -0.156245  0.436402   5
  1  0  0.938300  0.053957  0.106316  0.563631   5
  1  0  0.938300 -0.102219 -0.126242  0.323413   7
  1  0  0.938300 -0.109380 -0.337990  0.145590   3
  1  0  0.938300  0.404278  0.324329  0.573611   3
  1  0  0.938300  0.244693 -0.029388  0.807317   3
  1  0  0.938300 -0.438657  0.163368  0.364652   6
  1  0  0.938300  0.311559 -0.349167  0.313344  14
  1  0  0.938300  0.064309 -0.090992  0.083230   1
  1  0  0.938300  0.365555 -0.021482  0.162975   2
  1  0  0.938300 -0.195849  0.203098  0.278778   3
  1  0  0.938300 -0.145465  0.077604  0.261458   1
  1  0  0.938300 -0.108075  0.026921  0.105325   2
  1  0  0.938300  0.148264 -0.019955  0.350746   1
  1  0  0.938300 -0.060209  0.269651  0.623303   7
  1  0  0.938300 -0.006434 -0.188650  0.010394   3
  1  0  0.938300  0.261366 -0.069498  0.272297   5
  1  0  0.938300  0.051891  0.072760  0.116338   1
  1  0  0.938300  0.104058 -0.138061  0.553263   7
  1  0  0.938300 -0.011618  0.211466  0.717625   7
  1  0  0.938300 -0.364562  0.066934  0.370547   5
  1  0  0.938300  0.094427  0.009448  0.453187   6
  1  1  0.938300 -0.208623  0.004062  0.805506   1
  1  0  0.938300  0.204714 -0.559432  0.424790   4
  1  0  0.938300 -0.094091 -0.427224  0.780533   7
  1  0  0.938300  0.127294  0.243081  0.415470   6
  1  0  0.938300  0.016671 -0.269906  0.553384   4
  1  0  0.938300 -0.068282  0.045511  0.315779   4
  1  0  0.938300 -0.167637 -0.300132  0.632338   4
  1  0  0.938300  0.136681  0.223488  0.003621   4
  1  1  0.938300  0.053613 -0.011510  0.519653  -2
  1  1  0.938300 -0.143297 -0.096981  0.487381  -4
  1  1  0.938300 -0.259383  0.297145  0.683475  -2
  1  1  0.938300  0.244522 -0.257459  0.671351  -4
  1  1  0.938300  0.256459  0.017298  0.493522  -5
  1  1  0.938300 -0.308684 -0.163888  0.389338  -3
  1  1  0.938300 -0.505261  0.264931  0.701349  -3
  1  1  0.938300 -0.419463 -0.128957  0.066748  -5
  1  1  0.938300 -0.154486 -0.002700  0.392760  -4
  1  1  0.938300  0.457573  0.323449  0.270927  -3
  1  1  0.938300 -0.067925  0.044572  0.602703  -3
  1  1  0.938300  0.118066 -0.101228  0.465506  -4
  1  1  0.938300 -0.150075  0.232321  0.755950  -3
  1  1  0.938300  0.342766  0.132176  0.303681  -7
  1  1  0.938300  0.249852  0.187925  0.743450  -5
  1  1  0.938300  0.175257 -0.070132  0.418840  -5
  1  1  0.938300 -0.127263  0.328783  0.783841  -3
  1  1  0.938300 -0.293209 -0.059117  0.621120  -4
  1  1  0.938300 -0.346588 -0.308518  0.522332  -3
  1  1  0.938300  0.069415  0.496847  0.344290  -4
  1  1  0.938300 -0.255477  0.140790  0.588346  -2
  1  1  0.938300 -0.036850 -0.057414  1.022861  -2
  1  1  0.938300  0.203053  0.168129  0.651774  -4
  1  0  0.938300  0.523873  0.314915  0.967156  -2
  1  1  0.938300  0.186660 -0.117352  0.495725  -3
  1  1  0.938300 -0.313596  0.629463  0.904000  -6
  1  1  0.938300 -0.549351  0.331977  0.763427  -5
  1  1  0.938300  0.073660 -0.177452  0.693331  -6
  1  1  0.938300  0.325169  0.100255  0.177453  -4
  1  1  0.938300  0.317092 -0.259515  0.327028  -4
  1  1  0.938300  0.272059  0.049979  0.050048  -5
  1  1  0.938300  0.366340 -0.037426  0.469264  -3
  1  1  0.938300  0.216531 -0.251602  0.226273  -3
  1  1  0.938300 -0.241791 -0.125737  0.819150  -2
  1  0  0.938300 -0.090616  0.708635  0.609403  -5
  1  1  0.938300  0.522638 -0.294336  0.271815  -3
  1  1  0.938300 -0.177891  0.223670  0.370824  -3
  1  1  0.938300  0.071236 -0.160230  0.480258  -4
  1  1  0.938300  0.560970 -0.325253  0.682277  -5
  1  1  0.938300 -0.044973 -0.249728  0.517121  -4
  1  0  0.938300 -0.200378  0.032920  0.386718  -6
  1  1  0.938300  0.159093 -0.264719  0.502320  -2
  1  1  0.938300 -0.157884 -0.065765  0.597750  -4
  1  1  0.938300 -0.059094 -0.053340  0.507106  -3
  1  1  0.938300  0.067211 -0.025142  0.504673  -6
  1  1  0.938300 -0.091979  0.079057  0.812197  -3
  1  1  0.938300  0.307777  0.139138  0.009732  -7
  1  1  0.938300 -0.109699  0.064781  1.119258  -1
  1  1  0.938300 -0.221066  0.486349  0.658041  -2
  1  0  0.938300  0.688135 -0.269071  0.724072  -7
  1  1  0.938300 -0.676882 -0.122757  0.497852  -3
  1  1  0.938300 -0.274183  0.067716  0.593967  -4
  1  1  0.938300  0.099517  0.092792  0.951108  -1
  1  1  0.938300  0.307506 -0.599563  0.113457  -3
  1  1  0.938300  0.434853  0.679114  0.667392  -2
  1  1  0.938300 -0.351588 -0.143509  0.202938  -4
  1  1  0.938300 -0.292340  0.497840  0.467646  -2
  1  1  0.938300  0.251650 -0.048271  0.215465  -6
  1  1  0.938300 -0.257184 -0.238828  0.192785  -3
  1  1  0.938300  0.108300 -0.406171  0.449678  -4
  1  0  0.938300  0.123240  0.075757  0.397821  -3
  1  0  0.938300  0.033055  0.039789  0.592623  -9
  1  1  0.938300  0.567827 -0.409537  0.514231  -3
  1  1  0.938300 -0.660470  0.123220  0.393514  -5
  1  1  0.938300  0.121672 -0.052520  0.054890  -2
  1  1  0.938300 -0.035132 -0.314816  0.827319  -2
  1  0  0.938300 -0.158192  0.455977  0.519514  -3
  1  1  0.938300 -0.124835 -0.131565  0.686277  -2
  1  0  0.938300 -0.205084 -0.532751  0.621707  -7
  1  0  0.938300 -0.604320  0.084227  0.880855  -2
  1  1  0.938300 -0.582880  0.017726  0.924291  -6
  1  0  0.938300  0.071373 -0.001529  0.240869  -7
  1  1  0.938300  0.527012  0.310191  0.947517  -3
  1  1  0.938300 -0.124167 -0.064440  0.803463  -2
  1  1  0.938300 -0.001114  0.370405  0.496746  -3
  1  1  0.938300  0.053559  0.020198  0.885967  -1
  1  1  0.938300  0.010733 -0.090171  0.623474  -3
  1  1  0.938300  0.143054  0.507294  0.540863  -3
  1  1  0.938300  0.122075 -0.169364  0.373378  -3
  1  0  0.938300 -0.244291 -0.402829  0.440906  -5
  1  0  0.938300 -0.024085 -0.378595  0.428973  -3
  1  0  0.938300  0.148260  0.094788  0.616695  -5
  1  1  0.938300 -0.241138  0.465577  0.185113  -4
  1  0  0.938300 -0.094575  0.249321  0.547769  -2
  1  0  0.938300  0.140399 -0.184790  0.377364  -6
  1  0  0.938300 -0.338397 -0.049624  0.980250  -3
  1  0  0.938300  0.094432  0.308486  0.469033  -7
  1  0  0.938300  0.541420 -0.155722  1.157167  -3
  1  0  0.938300 -0.020380 -0.080843  0.408393  -4
  1  0  0.938300 -0.086235 -0.071354  0.574430  -5
  1  0  0.938300  0.179788 -0.166373  0.442053  -4
  1  1  0.938300  0.006973  0.030237 -0.269691  -2
  1  0  0.938300  0.307321  0.452678  0.316446  -2
  1  0  0.938300 -0.078074  0.005841  0.564315  -4
  1  0  0.938300  0.130508  0.268374  0.369101  -3
  1  0  0.938300  0.173522  0.181167  0.133596  -5
  1  1  0.938300 -0.462600  0.127234  0.749570  -3
  1  0  0.938300  0.324473  0.350375  0.137462 -13
  1  0  0.938300  0.374210  0.080773  0.443970  -3
  1  0  0.938300 -0.157300  0.285465  0.586954  -6
  1  0  0.938300 -0.132972  0.549840  0.621854  -3
  1  0  0.938300 -0.578521 -0.111966  0.766784  -5
  1  0  0.938300  0.409339 -0.283438  0.474788  -4
  1  0  0.938300  0.075988  0.031635  0.609455  -6
  1  1  0.938300  0.109320 -0.438573  0.035007  -4
  1  0  0.938300  0.271175  0.040547  0.528911  -7
  1  1  0.938300  0.812106 -0.170106  0.479002  -2
  1  0  0.938300  0.006840 -0.270356  0.574928  -3
  1  0  0.938300 -0.494253 -0.103743  0.636173  -2
  1  0  0.938300 -0.145443 -0.566452  0.707613  -4
  1  0  0.938300 -0.048434 -0.118652  0.658114  -8
  1  0  0.938300 -0.168580  0.227946  0.394629  -4
  1  0  0.938300 -0.224960 -0.141506  0.195205  -6
  1  0  0.938300  0.170094 -0.078850  0.706676  -2
  1  0  0.938300  0.073668  0.119281  0.317239  -6
  1  0  0.938300  0.055078 -0.144132  0.290169  -3
  1  1  0.938300 -0.146585 -0.195035  0.902727  -1
  1  0  0.938300  0.237632 -0.177358  0.730121  -6
  1  0  0.938300 -0.172832  0.147823  0.765739  -2
  1  0  0.938300  0.102861  0.023229  0.241058  -6
  1  0  0.938300  0.349350  0.284450  0.591689  -9
  1  0  0.938300 -0.225700  0.038105  0.227952  -2
  1  0  0.938300 -0.264982 -0.085150  0.499200  -5
  1  0  0.938300  0.060614 -0.050375  0.448308  -4
  1  0  0.938300 -0.145706 -0.145030  0.683901  -3
  1  0  0.938300 -0.316566 -0.253018  0.727898  -3
  1  0  0.938300 -0.068304 -0.045327  0.460823  -2
  1  0  0.938300 -0.326857  0.192711  0.553194  -6
  1  0  0.938300 -0.071442  0.093725  0.359342  -4
  1  0  0.938300 -0.178331  0.387574  0.313654  -6
  1  0  0.938300 -0.051930  0.015517  0.845315  -1
  1  1  0.938300  0.198977  0.049826  0.807387  -4
  1  0  0.938300  0.551420  0.016368  0.188024  -3
  1  1  0.938300 -0.233904 -0.015820  0.299720  -3
  1  0  0.938300  0.048839 -0.009904  0.350146  -4
  1  0  0.938300 -0.571019  0.172726  0.857801  -3
  1  0  0.938300 -0.065922  0.035527  0.889039  -1
  1  0  0.938300  0.027428  0.081464  0.412271  -4
  1  0  0.938300 -0.059159 -0.111271  0.137491  -4
  1  0  0.938300 -0.122606  0.000318  0.545116  -5
  1  0  0.938300 -0.475425 -0.011545  0.339726  -3
  1  0  0.938300 -0.017323  0.153136  1.060327  -2
  1  0  0.938300 -0.205411  0.168995  1.127017  -2
  1  0  0.938300 -0.037283  0.063920  0.785529  -1
  1  0  0.938300 -0.224509 -0.045386  0.790960  -2
  1  0  0.938300  0.233754 -0.097145  0.846582  -2
  1  0  0.938300  0.374046  0.194682  0.485965  -2
  1  0  0.938300 -0.400137  0.163010  0.450124  -6
  1  0  0.938300 -0.011740  0.054345  0.644545  -1
  1  0  0.938300 -0.285231 -0.340956  0.299500  -5
  1  1  0.938300  0.111359  0.074300  0.335020  -4
  1  0  0.938300 -0.044853  0.105668  0.656710  -2
  1  0  0.938300 -0.078293  0.033138  0.929291  -1
  1  1  0.938300 -0.165476  0.032113  0.640282  -2
  1  0  0.938300 -0.202670  0.247682  0.697362  -3
  1  1  0.938300  0.085129 -0.173399  0.693460  -6
  1  0  0.938300  0.048240  0.106213  0.069621  -3
  1  0  0.938300 -0.000780  0.121602  0.140289  -6
  1  0  0.938300 -0.251218 -0.075022  0.528794  -4
  1  0  0.938300  0.499410  0.028012  0.615552  -8
  1  0  0.938300  0.264043  0.151098  1.017674  -2
  1  1  0.938300 -0.283443 -0.008657  0.597972  -5
  1  0  0.938300  0.353372 -0.102822  1.144282  -2
  1  0  0.938300  0.336204  0.030989  0.728105  -3
  1  1  0.938300  0.116569  0.379754  0.419980  -9
  1  1  0.938300  0.161848  0.016847  0.299099  -5
  1  0  0.938300  0.045018 -0.390572  0.653257  -4
  1  0  0.938300 -0.299864 -0.254384  0.273827  -6
  1  0  0.938300  0.134608 -0.354666  0.737114  -4
  1  0  0.938300 -0.079458  0.094322  0.257061  -2
  1  0  0.938300  0.002171 -0.197125  0.514325  -5
  1  1  0.938300 -0.000056 -0.094479 -0.019092  -4
  1  0  0.938300  0.450201 -0.385748  0.521970  -4
  1  0  0.938300 -0.381243 -0.080130  0.646699  -3
  1  0  0.938300 -0.018860  0.007670  1.008120  -1
  1  0  0.938300 -0.016036 -0.009642  0.692018  -2
  1  0  0.938300 -0.134610 -0.037540  0.126410  -4
  1  0  0.938300 -0.010586 -0.134278  0.110869  -5
  1  0  0.938300 -0.496207 -0.067406  0.880654  -2
  1  0  0.938300 -0.230854 -0.406076  0.244119  -2
  1  0  0.938300  0.072135  0.280918  0.098529  -7
  1  0  0.938300 -0.523045 -0.242566  0.578105  -3
  1  0  0.938300  0.211267  0.220509  0.527765  -7
  1  0  0.938300  0.199198 -0.066287  0.325495  -5
  1  0  0.938300  0.522305  0.339999  1.246537  -2
  1  0  0.938300 -0.385588  0.121584  0.283425  -2
  1  0  0.938300  0.008169  0.081239  0.901828  -1
  1  0  0.938300  0.377410 -0.062336  0.403182  -6
  1  0  0.938300  0.046445  0.016880  0.949105  -1
  1  0  0.938300 -0.661359  0.326039  0.294329  -2
  1  0  0.938300 -0.251952  0.415127  0.077807  -5
  1  0  0.938300  0.273191 -0.346398  0.480937  -3
  1  0  0.938300  0.288884 -0.117086  0.429246  -4
  1  0  0.938300 -0.066575  0.015016  1.158653  -2
  1  0  0.938300 -0.364341  0.247302  0.449227  -3
  1  0  0.938300 -0.206090 -0.367822  0.331141  -3
  1  0  0.938300 -0.463795  0.478181  0.884483  -3