  1  1  0.938300  0.404237 -0.382281  0.574502   5
  1  1  0.938300  0.111356  0.097333  0.143476   1
  1  1  0.938300  0.287149 -0.034820  0.171579   2
  1  1  0.938300 -0.286451  0.055854  0.356384  12
  1  1  0.938300  0.295196  0.031934  0.028600   3
  1  1  0.938300 -0.269554  0.122526  0.747890   2
  1  1  0.938300  0.216005 -0.266581  0.248894   3
  1  0  0.938300  0.584795  0.001346  0.373691   9
  1  1  0.938300  0.046771  0.448931  0.629393   4
  1  1  0.938300 -0.049173  0.172912  0.560571   2
  1  1  0.938300  0.363699 -0.157589  0.645598   5
  1  1  0.938300  0.217940 -0.035771 -0.055166   4
  1  1  0.938300 -0.222211 -0.268963  0.187074   7
  1  1  0.938300 -0.540248  0.091584  0.828115   4
  1  1  0.938300  0.388783 -0.125197  0.192292   4
  1  1  0.938300 -0.160438 -0.141707  0.981550   3
  1  0  0.938300  0.201468 -0.200594  1.062320   3
  1  1  0.938300  0.031103  0.031364  0.129431   5
  1  1  0.938300  0.175656 -0.492067  0.933991   4
  1  1  0.938300  0.371116 -0.783902  0.190573   2
  1  1  0.938300 -0.363442 -0.262178  0.345332   2
  1  1  0.938300 -0.314715  0.143531  0.972037   7
  1  0  0.938300  0.278829  0.980000  0.596214   6
  1  1  0.938300  0.012277 -0.164857  0.592104   3
  1  1  0.938300  0.180351 -0.327018  0.470421   8
  1  1  0.938300  0.342962 -0.716740  0.528985   3
  1  1  0.938300  0.131015 -0.133302  0.000946   1
  1  1  0.938300 -0.107062 -0.192310  0.882222   5
  1  1  0.938300 -0.016241  0.195175  0.940939   4
  1  1  0.938300  0.246752 -0.198529  0.036980   6
  1  1  0.938300  0.084480  0.192559  0.310873   3
  1  1  0.938300 -0.064692  0.103329  0.484827   3
  1  1  0.938300  0.107233  0.099359  0.479635   4
  1  1  0.938300  0.147669  0.433281  0.898419   3
  1  1  0.938300  0.149142  0.492561  0.830160   6
  1  1  0.938300  0.259105 -0.222244  0.555146   5
  1  0  0.938300 -0.152033 -0.156944  0.644962   3
  1  1  0.938300 -0.042406 -0.000766  0.483067   6
  1  0  0.938300  0.484200 -0.095556  0.438333   4
  1  1  0.938300 -0.000422 -0.485765  0.664025   2
  1  1  0.938300 -0.031690 -0.141726  0.726921   4
  1  1  0.938300  0.520032 -0.268640  0.230484   2
  1  1  0.938300 -0.131711  0.048791  0.586656   5
  1  1  0.938300  0.211082  0.139363  0.423906   3
  1  1  0.938300 -0.104612  0.085687  0.124963   2
  1  1  0.938300 -0.005585 -0.078110 -0.055869   1
  1  1  0.938300  0.095893 -0.355902  0.610981   3
  1  1  0.938300  0.344117  0.092382  0.477238   2
  1  1  0.938300 -0.155306  0.543483  0.903857   3
  1  1  0.938300 -0.126995  0.203726  0.384168   5
  1  1  0.938300 -0.101356 -0.464834  0.261274   3
  1  1  0.938300 -0.140261 -0.636275  0.132334   3
  1  1  0.938300 -0.224332 -0.054037  0.308466   3
  1  1  0.938300 -0.031926 -0.457991  0.327698   3
  1  1  0.938300  0.134372 -0.047024 -0.057847   4
  1  1  0.938300  0.091464 -0.043549  0.119458   1
  1  1  0.938300  0.065728  0.277649  0.372684  10
  1  1  0.938300  0.210782  0.000535  0.158936   1
  1  1  0.938300  0.027562 -0.159919  0.616986   3
  1  1  0.938300 -0.019950  0.083343  0.630893   5
  1  0  0.938300 -0.082219 -0.106293  0.440275   8
  1  1  0.938300 -0.282872 -0.030796  0.248584   4
  1  1  0.938300 -0.152723  0.306382  0.657144   3
  1  1  0.938300 -0.039251 -0.134009  0.847102   6
  1  1  0.938300  0.140950  0.084824  0.674678   3
  1  1  0.938300 -0.155557  0.314382  0.275353   4
  1  1  0.938300 -0.122305 -0.031956  0.426744   2
  1  1  0.938300 -0.042638  0.024126  0.112474   4
  1  1  0.938300 -0.322137 -0.107887  0.654516   5
  1  1  0.938300  0.128537  0.392076  0.674572   2
  1  1  0.938300 -0.252061  0.036488  0.658315   4
  1  1  0.938300 -0.064344  0.002122  0.540996   4
  1  1  0.938300 -0.079590 -0.134327  1.031071   6
  1  0  0.938300 -0.245119  0.070128  0.433767   8
  1  1  0.938300 -0.158549  0.309276 -0.042696   4
  1  1  0.938300  0.138268  0.160196  0.041194   2
  1  1  0.938300 -0.099500 -0.139030  0.638377   2
  1  1  0.938300 -0.342261 -0.002487  0.019078   4
  1  1  0.938300 -0.117170 -0.075383  0.007194   1
  1  0  0.938300  0.130009 -0.063285  0.194444   1
  1  0  0.938300 -0.290548  0.118494  0.328493   2
  1  0  0.938300 -0.243250  0.434587  0.651857   6
  1  0  0.938300 -0.109452  0.216051  0.131609   1
  1  0  0.938300 -0.375302 -0.042073  0.443150   3
  1  0  0.938300  0.305121  0.122534  0.265429   5
  1  1  0.938300  0.032776 -0.120235  0.416330   6
  1  0  0.938300  0.104579  0.025167  0.553207   3
  1  0  0.938300 -0.110229 -0.088233  0.317085   2
  1  1  0.938300 -0.554315  0.135983  0.600581   3
  1  0  0.938300 -0.016772 -0.114805  0.496764   4
  1  0  0.938300 -0.190948 -0.000085  0.743725   5
  1  0  0.938300  0.115565 -0.344852  0.138221   2
  1  0  0.938300 -0.241389 -0.342045  0.365816   3
  1  1  0.938300  0.139954 -0.653780  0.656126   8
  1  0  0.938300 -0.518043  0.111480  1.080606   4
  1  0  0.938300  0.058168 -0.005271  0.130716   1
  1  0  0.938300 -0.178309  0.055350  0.410046   3
  1  0  0.938300 -0.436973  0.144409  0.590554   2
  1  0  0.938300  0.084323 -0.274905  0.221482   5
  1  0  0.938300  0.149992 -0.143649  0.331227   2
  1  0  0.938300 -0.174243  0.030249  0.866456   7
  1  0  0.938300  0.154407 -0.002031 -0.097474   1
  1  0  0.938300 -0.072704 -0.086557  0.194166   1
  1  0  0.938300  0.199448  0.008292  0.214176   4
  1  0  0.938300 -0.081824 -0.222962  0.068893   1
  1  0  0.938300 -0.339832  0.101543  0.562556   4
  1  0  0.938300 -0.014933  0.027892  0.405008   2
  1  1  0.938300  0.260391  0.061117  0.555047   4
  1  1  0.938300  0.274408  0.651613  0.582627   5
  1  0  0.938300  0.281650  0.523380  1.252431   2
  1  0  0.938300 -0.353171  0.160989  0.344390   3
  1  0  0.938300 -0.260634  0.109702  0.539479   6
  1  1  0.938300 -0.236459 -0.085842  0.864282   3
  1  0  0.938300 -0.069699  0.330309  0.343663   2
  1  0  0.938300 -0.353191 -0.199906  0.174698   2
  1  0  0.938300 -0.029616  0.473304  0.135217   2
  1  0  0.938300 -0.099774  0.100332  0.098017   2
  1  0  0.938300  0.111168 -0.509366  0.554387   4
  1  0  0.938300  0.229675 -0.043785  0.290874   3
  1  0  0.938300 -0.232810  0.145253  0.095808   2
  1  0  0.938300 -0.093288  0.025191  0.249968   3
  1  0  0.938300 -0.141204  0.103446  0.582290   9
  1  0  0.938300 -0.268358  0.308403  0.426882   2
  1  0  0.938300  0.264463 -0.336436  0.324958   5
  1  0  0.938300  0.392391 -0.034563  0.689568   7
  1  0  0.938300 -0.012354 -0.246924  0.116231   4
  1  0  0.938300  0.295374  0.153137  1.147282   4
  1  0  0.938300  0.071170  0.311498  0.208777   5
  1  0  0.938300 -0.098342 -0.062592  0.127838   3
  1  0  0.938300 -0.033737  0.031616  0.087748   6
  1  0  0.938300  0.057484  0.047210  0.465180   5
  1  0  0.938300  0.211893  0.031515  0.296105   2
  1  0  0.938300 -0.049654 -0.080136  0.586992   3
  1  0  0.938300  0.171581 -0.142621  0.588982   2
  1  1  0.938300 -0.744955  0.169710  0.591767   5
  1  0  0.938300 -0.023290 -0.345232  0.496185   2
  1  0  0.938300  0.270504  0.330890  0.527157   3
  1  0  0.938300 -0.106127 -0.159039  0.300079   2
  1  0  0.938300  0.091812  0.047035  0.439986   3
  1  0  0.938300  0.143181  0.066578  0.642910   3
  1  0  0.938300  0.210514 -0.154356  0.659820   5
  1  0  0.938300 -0.101447  0.151093  0.646552   7
  1  0  0.938300  0.099320  0.046886  0.716082   4
  1  0  0.938300  0.437838 -0.194754  0.647403   4
  1  0  0.938300  0.203395  0.089510  0.540594   7
  1  0  0.938300 -0.117115  0.158116  0.679584   4
  1  0  0.938300 -0.311489 -0.067729  0.259861   2
  1  0  0.938300  0.639583  0.000839  0.276652   7
  1  0  0.938300  0.253478  0.178337  0.369206   2
  1  0  0.938300 -0.357464 -0.528758  0.181634   2
  1  0  0.938300 -0.762059  0.185913  0.410064   3
  1  0  0.938300  0.112527  0.653974  0.493743   5
  1  0  0.938300 -0.260325  0.063217  0.603587   4
  1  0  0.938300 -0.376746 -0.088386  0.932585   8
  1  0  0.938300  0.037164  0.084061  0.534929   4
  1  0  0.938300  0.069050 -0.090135  0.098538   1
  1  0  0.938300  0.119652 -0.020831  0.427741   6
  1  0  0.938300  0.103385 -0.713297  0.520209   4
  1  0  0.938300 -0.027654  0.114695 -0.251180   3
  1  0  0.938300 -0.301259 -0.193455  0.296944   2
  1  0  0.938300 -0.155630 -0.050088  0.130911   1
  1  0  0.938300 -0.067092 -0.083761  0.114608   1
  1  0  0.938300 -0.140235  0.306638  0.518548  10
  1  0  0.938300  0.549010 -0.268637  0.396255   6
  1  0  0.938300 -0.353119  0.069486  0.372124   4
  1  0  0.938300 -0.111821  0.108936  0.598280   7
  1  0  0.938300  0.028950 -0.377649  0.258533   6
  1  0  0.938300 -0.137055  0.104749 -0.069979   2
  1  0  0.938300 -0.140805 -0.041134  0.229561   1
  1  0  0.938300  0.265770  0.272058  0.492169   4
  1  0  0.938300 -0.071968 -0.019848  0.290841   3
  1  1  0.938300 -0.335713 -0.086259  0.405265   9
  1  1  0.938300 -0.077547  0.160187  0.637344   8
  1  0  0.938300  0.072665 -0.068816  0.267217   2
  1  0  0.938300  0.042127 -0.151972 -0.007869   2
  1  0  0.938300 -0.333898  0.181374  0.273925   4
  1  0  0.938300 -0.074549  0.144426  0.481773   5
  1  0  0.938300 -0.272899  0.099382  0.039199   3
  1  0  0.938300  0.406658  0.024465  0.234192   2
  1  0  0.938300  0.143685  0.001757  0.807108   5
  1  0  0.938300  0.216253  0.072831  0.369649   3
  1  0  0.938300  0.175865  0.015025  0.500090   4
  1  0  0.938300  0.033215 -0.089267 -0.095720   1
  1  0  0.938300  0.122058  0.148564  0.432435   2
  1  1  0.938300 -0.044864  0.060176  0.436627   4
  1  0  0.938300  0.050406  0.544214  0.756519   5
  1  0  0.938300  0.023155 -0.254810  0.743869   4
  1  0  0.938300  0.043511  0.116927  0.664250   4
  1  0  0.938300  0.249997  0.164085  0.289824   4
  1  0  0.938300  0.777240 -0.256707  0.507458   2
  1  0  0.938300  0.084908 -0.071731  0.294338   2
  1  0  0.938300 -0.021401  0.050216  0.413420   2
  1  0  0.938300  0.064205  0.080310 -0.143815   4
  1  0  0.938300 -0.328343  0.494143  0.857614   2
  1  0  0.938300 -0.005587 -0.122979  0.587855   3
  1  0  0.938300  0.149507  0.428695  0.598360   5
  1  0  0.938300  0.234309  0.005243  0.481286   2
  1  1  0.938300  0.090981  0.161525  0.464806  -5
  1  1  0.938300 -0.413969 -0.146030  1.082243  -2
  1  1  0.938300 -0.035711  0.042036  0.442777  -3
  1  1  0.938300  0.072480 -0.055115  0.890383  -1
  1  1  0.938300 -0.397801  0.148976  0.770381  -2
  1  1  0.938300  0.289546 -0.123091  0.333382  -3
  1  1  0.938300  0.105622  0.082707  0.529650  -3
  1  1  0.938300  0.346065  0.256144  0.156349  -4
  1  1  0.938300 -0.020141 -0.122763 -0.046225  -3
  1  1  0.938300  0.028185  0.108425  0.377473  -2
  1  1  0.938300 -0.029344  0.046475  0.578121  -5
  1  1  0.938300 -0.051650 -0.164547  0.288676  -4
  1  0  0.938300 -0.044383 -0.683937  0.230200  -9
  1  1  0.938300 -0.242075 -0.039790  0.961265  -3
  1  0  0.938300 -0.310880 -0.365689  0.141294  -3
  1  1  0.938300  0.153722  0.179555  1.076018  -1
  1  1  0.938300  0.260797  0.040149  0.316922  -5
  1  1  0.938300  0.163901  0.117861  0.113814  -4
  1  1  0.938300 -0.132146 -0.116657  0.925795  -2
  1  1  0.938300 -0.025451 -0.389462  0.528038  -7
  1  1  0.938300  0.532041  0.031746  0.502947  -3
  1  0  0.938300 -0.654479 -0.239541  0.399350  -3
  1  1  0.938300  0.387923 -0.320548  0.131865  -3
  1  1  0.938300  0.203296 -0.075687  0.642999  -4
  1  1  0.938300  0.455577 -0.447473  0.690534  -9
  1  1  0.938300  0.085927  0.191978  0.187077  -5
  1  1  0.938300  0.040621  0.454390  0.802276  -2
  1  1  0.938300  0.232240  0.312640  0.136999  -4
  1  1  0.938300  0.207210  0.048263  0.939095  -3
  1  1  0.938300 -0.112474 -0.231330  0.548376  -6
  1  1  0.938300  0.354313 -0.010046  0.894290  -2
  1  1  0.938300  0.325961 -0.134082  0.192261 -10
  1  0  0.938300 -0.118821 -0.109168  0.661500  -6
  1  1  0.938300  0.091041 -0.020287  0.731618  -1
  1  1  0.938300  0.151311  0.468249  0.657660  -2
  1  1  0.938300  0.145224 -0.164430  1.101469  -2
  1  0  0.938300  0.380290  0.264466  0.700153  -8
  1  1  0.938300  0.126923  0.341738  0.289689  -5
  1  1  0.938300 -0.108371  0.199860  0.534093  -2
  1  1  0.938300 -0.291862  0.050654  0.444427  -3
  1  1  0.938300  0.180114  0.253339  0.538175  -7
  1  1  0.938300  0.240915  0.253969  0.162342  -8
  1  1  0.938300 -0.086423 -0.073330  0.824498  -2
  1  1  0.938300 -0.124106  0.006867  1.061289  -1
  1  0  0.938300 -0.005086 -0.398732  0.967846  -3
  1  0  0.938300 -0.532641  0.373307  0.322690  -6
  1  1  0.938300 -0.153955 -0.089444  1.037115  -1
  1  1  0.938300  0.155986 -0.158351  0.227417  -4
  1  0  0.938300 -0.154740  0.285062  0.509731  -7
  1  0  0.938300 -0.586357 -0.491252  1.311224  -6
  1  1  0.938300 -0.215864  0.113680  0.542806  -3
  1  1  0.938300 -0.002730 -0.161704  0.040259  -6
  1  1  0.938300 -0.200115 -0.170909  0.074361  -2
  1  1  0.938300  0.061743 -0.244823  1.047967  -3
  1  1  0.938300  0.167379 -0.337023  0.743631  -4
  1  1  0.938300  0.086242  0.302638  0.735751  -3
  1  1  0.938300 -0.076628 -0.298924  0.348390  -6
  1  1  0.938300 -0.113653  0.149188  0.255859  -4
  1  1  0.938300 -0.167976 -0.067505  0.445041  -2
  1  1  0.938300  0.309141 -0.237886  0.784415  -4
  1  1  0.938300 -0.239723 -0.007425  0.103554  -3
  1  1  0.938300 -0.092197 -0.163132  0.392628  -3
  1  1  0.938300  0.192316 -0.065658  0.236916  -4
  1  1  0.938300 -0.294683  0.462486  0.684649  -6
  1  1  0.938300  0.332022  0.011287  0.069890  -4
  1  1  0.938300 -0.162617 -0.320606  0.398898  -3
  1  0  0.938300  0.113365  0.149208  0.284314  -2
  1  1  0.938300 -0.276741  0.151447  0.365112  -4
  1  1  0.938300  0.056886 -0.036614  0.766597  -2
  1  1  0.938300 -0.028871 -0.100569  0.943985  -1
  1  1  0.938300 -0.477345 -0.264925  0.656256  -5
  1  1  0.938300 -0.086259 -0.223273  0.825455  -2
  1  1  0.938300 -0.205503  0.213983  0.410564  -2
  1  1  0.938300  0.062974  0.162072  0.407948  -5
  1  1  0.938300 -0.378623 -0.002818  0.153754  -7
  1  1  0.938300  0.004673  0.130862  0.328314  -4
  1  1  0.938300 -0.549551 -0.234711  0.887086  -5
  1  1  0.938300  0.001937  0.150362  1.044443  -3
  1  1  0.938300  0.106257  0.159497  0.738097  -1
  1  0  0.938300 -0.096687 -0.441437  0.367715  -3
  1  1  0.938300 -0.273332 -0.044692  0.600294  -4
  1  0  0.938300  0.010382 -0.104597  0.525314  -4
  1  1  0.938300 -0.378373  0.416813  0.688296  -7
  1  0  0.938300 -0.488531  0.583295  0.354707  -4
  1  0  0.938300 -0.235363 -0.274696  0.558513  -5
  1  0  0.938300 -0.085573 -0.219034  0.618197  -1
  1  1  0.938300 -0.270125 -0.194123  0.375720  -8
  1  0  0.938300 -0.070460  0.222561  0.192464  -5
  1  1  0.938300 -0.353889  0.391909 -0.037515  -3
  1  0  0.938300  0.065863  0.174635  0.945238  -1
  1  0  0.938300 -0.153966 -0.240992  0.296748  -5
  1  0  0.938300 -0.115058 -0.043496  0.314286  -6
  1  0  0.938300  0.098130  0.117696  0.368942  -5
  1  0  0.938300  0.464584  0.243053  0.296349  -3
  1  0  0.938300  0.103821 -0.127678  0.514429  -2
  1  0  0.938300  0.242231  0.272840  0.765317  -2
  1  0  0.938300  0.176264 -0.161744  0.895685  -1
  1  0  0.938300 -0.206459 -0.193170  0.634631  -5
  1  1  0.938300 -0.106284 -0.492048  0.448444  -2
  1  1  0.938300  0.112346  0.076815  0.164052  -5
  1  0  0.938300 -0.028271  0.253693  0.497403  -5
  1  0  0.938300 -0.415674  0.527858  0.538283  -3
  1  0  0.938300 -0.109705  0.176245  0.553138  -5
  1  0  0.938300 -0.047262  0.079214  0.599740  -1
  1  0  0.938300  0.140189  0.496886  0.958321  -3
  1  0  0.938300  0.341918 -0.326155  0.381172  -4
  1  0  0.938300  0.132644  0.343248  0.342269  -8
  1  0  0.938300 -0.151639 -0.050730  0.502933  -7
  1  0  0.938300  0.000859  0.053191  0.350553  -6
  1  0  0.938300  0.168177 -0.134225  0.217808  -9
  1  0  0.938300  0.139210  0.266433  0.760165  -5
  1  0  0.938300  0.205342  0.042698  0.723748  -6
  1  0  0.938300  0.023875 -0.309475  0.023646  -6
  1  0  0.938300 -0.188599  0.030700  0.865744  -3
  1  0  0.938300  0.246337  0.229641  0.620107  -3
  1  0  0.938300  0.085718 -0.209422  0.427372  -4
  1  0  0.938300 -0.664301 -0.036636  0.752459  -5
  1  0  0.938300 -0.060945 -0.420331  0.667465 -12
  1  0  0.938300  0.228146 -0.039059  0.161485  -9
  1  0  0.938300  0.228536  0.143263  0.272037  -4
  1  0  0.938300 -0.194268  0.174701  0.353291  -2
  1  0  0.938300  0.038122 -0.079306  0.582889  -6
  1  0  0.938300 -0.009204 -0.050338  0.556015  -4
  1  0  0.938300  0.223130 -0.198720  0.161651  -7
  1  0  0.938300  0.366889  0.226784  0.562988  -3
  1  0  0.938300  0.053281 -0.337553  0.310502  -2
  1  0  0.938300 -0.272272 -0.303131  0.475330  -4
  1  0  0.938300 -0.147776 -0.334501  0.609844  -3
  1  0  0.938300 -0.195228  0.213815  0.566429  -3
  1  0  0.938300 -0.189970  0.080866  0.453327  -4
  1  0  0.938300  0.309860  0.089385  0.751629  -3
  1  0  0.938300  0.016422 -0.206464  0.418897  -3
  1  0  0.938300  0.186880 -0.425520  0.485705  -5
  1  0  0.938300  0.111326 -0.012178  0.034290 -14
  1  0  0.938300 -0.515302  0.036067  0.382318  -2
  1  1  0.938300  0.255084  0.085992  0.646619  -2
  1  0  0.938300 -0.144454 -0.123088  0.683850  -3
  1  0  0.938300  0.131609 -0.091943  0.799764  -2
  1  0  0.938300 -0.265719  0.200190  0.459324 -10
  1  0  0.938300  0.043719 -0.114873  0.676577  -2
  1  0  0.938300 -0.417355  0.004629  0.185351  -9
  1  0  0.938300  0.527794  0.107690  0.299815  -5
  1  0  0.938300 -0.416624  0.464287  0.452207  -9
  1  0  0.938300 -0.019290 -0.037103  0.393748  -2
  1  0  0.938300  0.113504  0.105811  0.303866  -6
  1  0  0.938300  0.145825  0.111630  0.741474  -1
  1  0  0.938300  0.049306 -0.043443  0.732558  -1
  1  0  0.938300 -0.514394 -0.173926  0.492329  -4
  1  0  0.938300  0.128807 -0.568365  0.477573  -4
  1  0  0.938300 -0.150060  0.217757  1.010355  -2
  1  0  0.938300  0.013131  0.138174  0.786411  -3
  1  0  0.938300  0.585943  0.112859  0.063896 -10
  1  0  0.938300 -0.096163  0.555304  0.339336  -3
  1  0  0.938300 -0.211680 -0.114785  0.752912  -7
  1  1  0.938300 -0.342872  0.105884  0.549795  -7
  1  0  0.938300 -0.173430 -0.017232  0.512594  -8
  1  0  0.938300 -0.044977 -0.367247  1.031380  -3
  1  0  0.938300  0.147086 -0.025293  0.389310  -3
  1  0  0.938300  0.068839  0.110955  0.776532  -1
  1  0  0.938300 -0.078508 -0.105247  0.532917  -3
  1  0  0.938300  0.041740  0.318782  0.588567  -3
  1  1  0.938300  0.282104 -0.131826  0.407854  -5
  1  0  0.938300 -0.234927 -0.128332  0.062846  -4
  1  0  0.938300  0.105406  0.131513  0.744082  -3
  1  0  0.938300  0.313062 -0.291455  0.470155  -5
  1  0  0.938300  0.242276 -0.305272  0.412042  -5
  1  0  0.938300  0.057061  0.180874  0.505896  -4
  1  1  0.938300 -0.063521 -0.064426  0.628517  -4
  1  0  0.938300 -0.073722 -0.207960  0.736172  -3
  1  0  0.938300  0.247927 -0.224533  0.389887  -5
  1  0  0.938300  0.012140 -0.187681  0.803480  -5
  1  0  0.938300  0.097475  0.016392  0.200238  -4
  1  0  0.938300  0.203634  0.141763 -0.023151  -4
  1  0  0.938300 -0.017542  0.163226  0.380848  -8
  1  0  0.938300  0.000310 -0.136776  0.791863  -5
  1  0  0.938300 -0.649391  0.013550  0.402257  -5
  1  0  0.938300 -0.191607 -0.020894  0.391679  -7
  1  0  0.938300 -0.211246  0.073231  0.612990  -3
  1  0  0.938300  0.452982  0.091445  0.629747  -2
  1  0  0.938300 -0.106597  0.158200  0.349474  -5
  1  1  0.938300  0.036754 -0.195271  0.665963  -3
  1  0  0.938300 -0.489134 -0.009582  0.851171  -4
  1  0  0.938300 -0.245902  0.151659  0.653161  -4
  1  1  0.938300  0.004877 -0.066468  0.166888  -6
  1  0  0.938300  0.086470 -0.025724  0.877873  -1
  1  0  0.938300 -0.220330 -0.021487  0.419316 -12
  1  0  0.938300  0.335911  0.174322  0.973286  -2
  1  0  0.938300  0.202906  0.121190  1.040915  -1
  1  0  0.938300  0.019146 -0.229256  0.731954  -3
  1  0  0.938300 -0.134997 -0.136978  0.594386  -3
  1  0  0.938300  0.104441  0.407474  0.813003  -2
  1  0  0.938300  0.101928 -0.147571  0.764007  -1
  1  0  0.938300  0.079140  0.125210  0.897277  -1
  1  0  0.938300  0.240651  0.373729  0.573193  -4
  1  0  0.938300  0.109667  0.037154  0.118988 -10
  1  0  0.938300  0.145846  0.090510  0.931525  -3
  1  0  0.938300  0.046279 -0.084990  0.907237  -4