  1  1  0.938300  0.031906 -0.161296  0.206693   5
  1  1  0.938300 -0.109094  0.111664  0.228765   4
  1  1  0.938300  0.128922 -0.396339  0.494304   4
  1  1  0.938300  0.076470  0.201046 -0.141923   2
  1  1  0.938300  0.351524  0.268925  0.391132   2
  1  1  0.938300  0.246779  0.151667  0.696227   4
  1  1  0.938300  0.212320  0.023421 -0.094020   1
  1  1  0.938300 -0.055211 -0.158426  0.517546   6
  1  1  0.938300 -0.116218  0.085349  0.051748   2
  1  1  0.938300  0.257344  0.127418  0.057150   3
  1  1  0.938300  0.093363 -0.509619  0.555022   5
  1  1  0.938300 -0.097699 -0.286053  0.466393   3
  1  1  0.938300 -0.241047  0.094182  0.784873   4
  1  1  0.938300 -0.181868 -0.019226  0.333390   9
  1  1  0.938300 -0.194642 -0.083392  0.824146   2
  1  1  0.938300 -0.271428  0.163937  0.669796   4
  1  1  0.938300  0.140108  0.363465  0.428106   5
  1  1  0.938300 -0.001000  0.116473  0.097853   4
  1  1  0.938300  0.193818 -0.287330  0.532872   6
  1  1  0.938300 -0.253917  0.000613  0.374402   3
  1  1  0.938300 -0.613475 -0.027355  0.688040   3
  1  1  0.938300 -0.022777 -0.074399  0.279484   1
  1  1  0.938300  0.048204  0.648018  0.987890   4
  1  1  0.938300 -0.110035  0.155542  0.708443   4
  1  1  0.938300  0.094205  0.155176  0.073811   4
  1  1  0.938300  0.043578 -0.492565  0.691511   2
  1  1  0.938300 -0.043575  0.002529  0.463044   4
  1  1  0.938300 -0.386455 -0.077785  0.478546   2
  1  1  0.938300  0.169390 -0.090608  0.308175   2
  1  1  0.938300  0.135834 -0.041696 -0.125739   1
  1  1  0.938300  0.032570 -0.390676  0.535895   2
  1  1  0.938300 -0.010429  0.091965  0.099063   1
  1  1  0.938300  0.035518  0.330209  0.517814   3
  1  1  0.938300  0.068658  0.177739  0.232404   6
  1  1  0.938300 -0.112300 -0.110858  0.672299   3
  1  1  0.938300  0.121339 -0.139786  0.001852   4
  1  1  0.938300 -0.009334 -0.029181  0.039170   2
  1  1  0.938300 -0.283862  0.444945  0.692100   4
  1  1  0.938300 -0.019946  0.188651  0.411198   2
  1  1  0.938300 -0.197639 -0.046215  0.164894   4
  1  1  0.938300 -0.015713  0.029317  0.574212   3
  1  1  0.938300  0.245705 -0.220144  0.395278   8
  1  1  0.938300 -0.379246 -0.166170  0.713385   6
  1  1  0.938300 -0.096210  0.146868  0.373260   4
  1  1  0.938300  0.383051 -0.248598  0.126383   8
  1  1  0.938300 -0.218416 -0.136258  0.683374   2
  1  1  0.938300  0.221016 -0.029080  0.526856   4
  1  1  0.938300 -0.062445  0.125922  0.095335   2
  1  1  0.938300  0.015745  0.115786  0.292083   6
  1  1  0.938300 -0.294198  0.140089  0.210411   4
  1  1  0.938300 -0.257128 -0.010609  0.742689   4
  1  1  0.938300  0.347252 -0.029443  0.420096   5
  1  1  0.938300  0.098937 -0.305722  0.262897   4
  1  1  0.938300 -0.009287  0.165180  0.132266   1
  1  1  0.938300  0.556169  0.145614  0.381966   2
  1  1  0.938300  0.212309 -0.191174  0.709864   5
  1  0  0.938300  0.061962  0.022108  0.519776   3
  1  1  0.938300  0.179715 -0.123342  0.104863   1
  1  1  0.938300 -0.441135 -0.216059  1.172322   6
  1  1  0.938300  0.383773  0.054229  0.630632   3
  1  1  0.938300 -0.223716 -0.029365  0.464191   2
  1  1  0.938300  0.004942  0.104940  0.584789   3
  1  1  0.938300 -0.291822 -0.482730  0.283694   2
  1  1  0.938300 -0.249498  0.166253 -0.029942   3
  1  1  0.938300 -0.107789 -0.000602  0.154739   2
  1  1  0.938300 -0.024275 -0.041750  0.622317   5
  1  1  0.938300 -0.173388 -0.232467  0.040091   2
  1  1  0.938300 -0.109425  0.357860  0.182429   3
  1  0  0.938300 -0.132045 -0.344890  0.683780   8
  1  1  0.938300  0.042824  0.585565  0.159120   4
  1  1  0.938300  0.239878  0.124758  0.403991   4
  1  0  0.938300 -0.418269 -0.146903  0.323004  11
  1  1  0.938300 -0.146535 -0.187325  0.308167   5
  1  1  0.938300 -0.173176 -0.047949  0.731445   3
  1  1  0.938300 -0.242658  0.347081  0.111619   4
  1  1  0.938300 -0.040423 -0.083826  0.223319   2
  1  1  0.938300  0.160354  0.235114  0.353009   2
  1  0  0.938300 -0.204510  0.199552  0.345100   6
  1  1  0.938300  0.056599 -0.351400  0.723591   6
  1  0  0.938300  0.035535  0.061259  0.257140   2
  1  0  0.938300  0.324160  0.033648  0.332194   5
  1  0  0.938300 -0.058904  0.453657  0.379741   7
  1  0  0.938300 -0.113374  0.129557  0.155878   5
  1  0  0.938300 -0.248837 -0.401836  0.498485   3
  1  0  0.938300  0.244033 -0.115197  0.235802   2
  1  0  0.938300  0.441779  0.303086  0.539982   2
  1  1  0.938300 -0.508897 -0.011902  0.604204   4
  1  0  0.938300  0.244050 -0.381940  0.261193   2
  1  0  0.938300 -0.056214  0.028365  0.382877   3
  1  0  0.938300  0.022345  0.083277  0.226014   7
  1  0  0.938300  0.095085 -0.317936  0.673830   5
  1  0  0.938300 -0.330180 -0.211156  0.258752   2
  1  0  0.938300  0.035558 -0.030131 -0.092390   1
  1  0  0.938300 -0.035477 -0.211143  0.517206   3
  1  0  0.938300  0.068569  0.068891  0.985114   3
  1  0  0.938300  0.056001  0.221125  0.045185   1
  1  0  0.938300 -0.087915  0.074300  0.180425   1
  1  1  0.938300  0.312239 -0.115650  0.341926   7
  1  0  0.938300 -0.449145  0.001144  0.342018   4
  1  0  0.938300 -0.167494  0.214634  0.103005   2
  1  0  0.938300  0.006557  0.046322  0.160797   2
  1  0  0.938300  0.095536 -0.243011  0.510326   3
  1  0  0.938300  0.208114 -0.098085  0.141401   1
  1  0  0.938300  0.044629 -0.155961  0.487905   4
  1  0  0.938300  0.091724  0.045857  0.208962   2
  1  0  0.938300 -0.120169  0.325495  0.104579   2
  1  0  0.938300  0.062100 -0.099057  0.073259   1
  1  0  0.938300 -0.007067  0.140284  0.223826   3
  1  0  0.938300  0.085574 -0.019765  0.022780   1
  1  0  0.938300 -0.041925  0.026095  0.449528   3
  1  0  0.938300  0.441739 -0.151577  1.083625   2
  1  0  0.938300  0.131311 -0.008325  0.524836   4
  1  0  0.938300  0.074461 -0.023535  0.412454   5
  1  0  0.938300 -0.137966 -0.036843  0.243613   3
  1  1  0.938300  0.083461  0.106406  0.847031   6
  1  0  0.938300 -0.031214  0.013361 -0.080558   4
  1  0  0.938300  0.160176  0.234890  0.586239   2
  1  0  0.938300 -0.208978  0.418464  0.391857   2
  1  0  0.938300 -0.138640  0.249987  0.775156   4
  1  0  0.938300 -0.103557 -0.329568  0.364297   8
  1  0  0.938300  0.082683  0.078802  0.214426   1
  1  0  0.938300  0.453781 -0.133974  0.051042   6
  1  0  0.938300 -0.446654  0.009279  0.436119   6
  1  0  0.938300  0.314406  0.287818  0.473514   8
  1  1  0.938300 -0.308097  0.137165  0.425010   6
  1  0  0.938300 -0.309197 -0.103919  0.226329   2
  1  0  0.938300 -0.181015  0.065859  0.708134   3
  1  0  0.938300 -0.355888  0.031025  0.705551   4
  1  0  0.938300 -0.051391 -0.055643  0.230186   4
  1  0  0.938300 -0.248766 -0.098284  1.136955   4
  1  0  0.938300 -0.213558  0.108009  0.146570   2
  1  0  0.938300 -0.128444 -0.033357  0.140082   4
  1  0  0.938300  0.380834 -0.162305  0.178332   5
  1  0  0.938300  0.087726  0.182732  0.324076   7
  1  0  0.938300  0.277617 -0.145620  0.672721   3
  1  0  0.938300 -0.009993  0.363461 -0.021637   2
  1  0  0.938300  0.303990  0.108963  0.471301   9
  1  0  0.938300 -0.114011 -0.272713  0.146512   9
  1  0  0.938300  0.445603  0.035047  0.592043   2
  1  1  0.938300 -0.049515 -0.189453  0.244233   7
  1  0  0.938300  0.108492  0.369286  0.628616   3
  1  0  0.938300 -0.051299 -0.067474  0.565259   7
  1  0  0.938300 -0.038173 -0.342451  0.434298   4
  1  0  0.938300  0.021610  0.016928  0.208170   3
  1  0  0.938300 -0.208110  0.237757  0.226850   2
  1  0  0.938300  0.320431  0.009269  0.525791   3
  1  0  0.938300  0.091595 -0.201123  0.156844   3
  1  0  0.938300 -0.071172  0.148685  0.204659   1
  1  0  0.938300 -0.291421 -0.020371  0.087426   4
  1  0  0.938300  0.026455  0.070098  0.306371   1
  1  0  0.938300  0.334762 -0.313842  0.625414   3
  1  0  0.938300  0.425065  0.071489  0.652674   2
  1  0  0.938300  0.259831  0.192156  0.053625   2
  1  0  0.938300  0.159757  0.070176  0.479192   4
  1  0  0.938300 -0.211127  0.494997  0.348007   4
  1  0  0.938300  0.273417  0.495352  0.750958   7
  1  1  0.938300 -0.549037 -0.029985  0.474645   4
  1  0  0.938300 -0.041438 -0.246881  0.418258   3
  1  0  0.938300 -0.275992 -0.065776  0.449631   5
  1  0  0.938300  0.096935  0.344908  0.208529   2
  1  0  0.938300  0.533017 -0.118008  0.600390   5
  1  0  0.938300 -0.002076  0.309802  0.164356   3
  1  0  0.938300 -0.187365  0.122512  0.473305   2
  1  0  0.938300 -0.107908  0.113493  0.308690   3
  1  0  0.938300  0.173427  0.375702  0.548024   5
  1  1  0.938300 -0.306372  0.027683  0.388722   6
  1  0  0.938300  0.473602 -0.167855  0.689200   2
  1  0  0.938300  0.056663 -0.114275  0.864182   7
  1  0  0.938300 -0.354553  0.005620  0.386365   6
  1  0  0.938300 -0.139948  0.196712  0.520528  10
  1  0  0.938300 -0.277475  0.128873 -0.123816   3
  1  0  0.938300 -0.115750 -0.256822  0.382445   2
  1  0  0.938300  0.037837  0.103029 -0.009263   1
  1  0  0.938300  0.234496  0.459620  0.949136   6
  1  0  0.938300 -0.191027  0.258500  0.719338   2
  1  0  0.938300 -0.307875  0.044352  0.002506   4
  1  0  0.938300 -0.036031 -0.041440  0.186069   1
  1  0  0.938300 -0.003579  0.088262  0.102103   1
  1  0  0.938300 -0.813954  0.067863  0.240487   4
  1  0  0.938300 -0.125439  0.089688  0.308958   4
  1  0  0.938300  0.124546  0.138473  0.174566   4
  1  0  0.938300 -0.132125 -0.446573  0.617059   2
  1  0  0.938300 -0.020396 -0.101574  0.234049   4
  1  0  0.938300 -0.152596  0.108071  0.502894   2
  1  0  0.938300 -0.009320  0.069874  0.736114   5
  1  1  0.938300  0.140966 -0.160917  0.371617   3
  1  0  0.938300 -0.004958 -0.004503  0.145190   1
  1  0  0.938300  0.488263  0.063825  0.353912   5
  1  0  0.938300 -0.580422 -0.117623  0.817222   5
  1  0  0.938300  0.359614 -0.266345  1.146005   5
  1  0  0.938300  0.314331 -0.448393  0.802559   2
  1  0  0.938300  0.211054  0.359873  1.066939   5
  1  0  0.938300 -0.057338  0.131341  0.470759   4
  1  0  0.938300  0.015052 -0.321104  0.539211   8
  1  0  0.938300 -0.057703 -0.281443 -0.022868   2
  1  0  0.938300  0.181941  0.041339  0.138237   1
  1  0  0.938300  0.115577 -0.078540  0.441264   4
  1  1  0.938300  0.366739  0.321769  0.610597  -7
  1  1  0.938300 -0.030552 -0.203860  0.261437  -3
  1  1  0.938300  0.373014 -0.560325  1.024707  -3
  1  1  0.938300  0.078347 -0.243496  0.073711  -4
  1  1  0.938300  0.040671  0.126059  0.422541  -3
  1  1  0.938300 -0.109370 -0.211254  1.016001  -1
  1  1  0.938300  0.350972  0.247282 -0.102403  -3
  1  1  0.938300 -0.189242  0.352977  0.930998  -7
  1  1  0.938300 -0.003448 -0.051550  0.985721  -1
  1  1  0.938300  0.335843  0.221148  0.547858  -5
  1  1  0.938300 -0.052097 -0.152880  0.065145  -7
  1  1  0.938300  0.178082 -0.190455  0.002347  -4
  1  1  0.938300 -0.027909  0.096257  1.005971  -1
  1  1  0.938300 -0.389520 -0.146635 -0.063557  -5
  1  1  0.938300 -0.266415  0.245746  0.745678  -3
  1  1  0.938300 -0.169156  0.037533  0.319766  -4
  1  1  0.938300  0.381770  0.334398  1.277439  -2
  1  1  0.938300 -0.051972 -0.647999  0.944855  -2
  1  1  0.938300  0.371423 -0.125924  0.863595  -4
  1  1  0.938300 -0.373901 -0.136885  0.442460  -2
  1  1  0.938300  0.080054 -0.061633  0.745742  -5
  1  1  0.938300 -0.328651 -0.072297 -0.060024  -7
  1  1  0.938300 -0.227924 -0.010263  0.667378  -1
  1  1  0.938300  0.243919  0.283226  0.840575  -2
  1  1  0.938300  0.301990 -0.381691  0.203010  -2
  1  1  0.938300  0.066095 -0.346786  0.332744  -5
  1  0  0.938300  0.065733 -0.144680  0.452507  -4
  1  0  0.938300 -0.118997  0.268390  0.447734  -9
  1  1  0.938300  0.000902  0.111541  0.761349  -1
  1  1  0.938300 -0.163432 -0.300352  0.547858  -3
  1  1  0.938300 -0.034643 -0.385846  0.471830  -3
  1  1  0.938300 -0.094490 -0.221923  0.064640  -6
  1  1  0.938300 -0.181476  0.313605 -0.495723  -4
  1  1  0.938300 -0.312431 -0.262276  0.194498  -5
  1  1  0.938300  0.237925  0.515671  0.666057  -2
  1  0  0.938300 -0.129808  0.223705  0.218738  -9
  1  1  0.938300  0.372222  0.124039  0.233606  -3
  1  0  0.938300  0.148906 -0.276774  0.470938  -6
  1  1  0.938300 -0.189434 -0.567853  0.912105  -5
  1  1  0.938300  0.291572  0.252326  0.004426 -11
  1  1  0.938300 -0.083590  0.175829  0.822302  -1
  1  1  0.938300 -0.013471 -0.057777  0.828570  -1
  1  1  0.938300  0.224666 -0.244091  0.601359  -3
  1  1  0.938300 -0.327104  0.020905  0.786256  -3
  1  1  0.938300 -0.189593  0.162826  0.593365 -10
  1  1  0.938300 -0.106147 -0.030499  0.466545  -4
  1  1  0.938300  0.180797  0.324891  0.414266  -3
  1  1  0.938300 -0.338625 -0.267990  0.829459  -6
  1  1  0.938300 -0.134548 -0.302143  0.834600  -7
  1  0  0.938300  0.391393 -0.080443  0.550739  -6
  1  1  0.938300 -0.278015  0.461577  0.709849  -2
  1  1  0.938300 -0.604524  0.348074  0.463073  -2
  1  1  0.938300 -0.030309  0.094870 -0.004220  -6
  1  1  0.938300 -0.160656 -0.231997  0.485511  -2
  1  1  0.938300 -0.237341  0.350091  0.557935  -5
  1  1  0.938300 -0.436974 -0.427044  0.687040  -2
  1  1  0.938300 -0.011810  0.021337  0.781901  -1
  1  1  0.938300  0.156883 -0.230861  0.723096  -2
  1  1  0.938300  0.289347 -0.426086  0.214106  -4
  1  1  0.938300  0.152295  0.393653  0.506570  -3
  1  1  0.938300 -0.349047 -0.066614  0.686745  -4
  1  1  0.938300  0.014854 -0.147665  1.016944  -1
  1  1  0.938300 -0.371754 -0.234139  0.216026  -4
  1  1  0.938300  0.020722  0.273185  0.200138  -4
  1  0  0.938300 -0.488474  0.099769  0.435753  -6
  1  1  0.938300  0.085263  0.269951  0.836800  -4
  1  1  0.938300  0.296293  0.248898  0.407880  -3
  1  1  0.938300 -0.255544 -0.092657  0.450657  -4
  1  1  0.938300 -0.094691 -0.035252  0.550235  -9
  1  1  0.938300  0.265635 -0.020935  0.190085  -7
  1  1  0.938300  0.235232 -0.493291  0.678143  -5
  1  1  0.938300  0.126117  0.021093  1.135687  -1
  1  1  0.938300  0.012455  0.187507  0.502680  -4
  1  1  0.938300 -0.128719 -0.040213  0.350953  -4
  1  1  0.938300  0.174065 -0.163977  0.807580  -2
  1  1  0.938300  0.211902 -0.185848 -0.013249  -4
  1  1  0.938300 -0.224736  0.230755  0.980846  -7
  1  1  0.938300  0.468590  0.242119  0.468148  -2
  1  1  0.938300 -0.326110 -0.093268  0.087644  -5
  1  0  0.938300 -0.066999  0.195807  0.387329  -4
  1  0  0.938300 -0.027371  0.036378  1.051338  -1
  1  0  0.938300  0.186859 -0.105176  0.864908  -2
  1  0  0.938300 -0.446416  0.137785  0.841623  -5
  1  0  0.938300 -0.139725  0.105343  0.656379  -7
  1  0  0.938300 -0.112564  0.051596  0.766197  -5
  1  0  0.938300 -0.060755  0.252231  0.003525  -6
  1  0  0.938300 -0.290401 -0.309606  0.233606  -2
  1  0  0.938300  0.084479  0.188182  1.070886  -2
  1  0  0.938300  0.133873 -0.084771  0.723840  -1
  1  0  0.938300 -0.078777  0.562427  0.617682  -3
  1  0  0.938300 -0.301970  0.203129  0.575925  -3
  1  0  0.938300 -0.103867 -0.002014  0.916476  -1
  1  0  0.938300  0.495043  0.530543  0.972588  -6
  1  0  0.938300  0.102527 -0.097468  0.772357  -2
  1  0  0.938300  0.455324  0.043881  0.412739  -8
  1  0  0.938300 -0.136215  0.001950  0.271922  -2
  1  0  0.938300 -0.196985 -0.208927  0.641427  -3
  1  0  0.938300  0.047141 -0.021890  0.717786  -3
  1  0  0.938300  0.333320 -0.232412  1.042320  -4
  1  0  0.938300  0.311018  0.060463  0.351197  -4
  1  0  0.938300  0.020400 -0.114154  0.572085  -4
  1  0  0.938300  0.002616 -0.127825  0.429933  -2
  1  0  0.938300 -0.040417  0.041759  0.856360  -6
  1  0  0.938300 -0.164147 -0.226722  0.171569  -5
  1  0  0.938300  0.026176 -0.335729  0.764993  -6
  1  0  0.938300  0.091520 -0.143029  0.740500  -2
  1  0  0.938300  0.067174 -0.021491  0.911679  -1
  1  0  0.938300 -0.455450 -0.042327  0.774540  -6
  1  0  0.938300  0.305959  0.098113  0.094836  -2
  1  0  0.938300  0.381373 -0.212719  0.596822  -2
  1  0  0.938300  0.168531  0.213816  0.206823  -4
  1  0  0.938300 -0.042637 -0.138685  0.793891  -1
  1  1  0.938300  0.142298 -0.001985  0.985431  -4
  1  0  0.938300  0.034585  0.114385  0.839679  -1
  1  1  0.938300  0.063513  0.088629  0.369997  -2
  1  0  0.938300 -0.213613 -0.159058  0.543729  -2
  1  0  0.938300 -0.260603 -0.683129  1.246462  -8
  1  0  0.938300  0.002825 -0.098665  0.866873  -1
  1  0  0.938300  0.297056 -0.087340  0.933069  -2
  1  0  0.938300 -0.419104  0.154734  0.280450  -3
  1  0  0.938300  0.125937  0.163515  0.213447  -6
  1  0  0.938300  0.461906 -0.173603  0.458762  -3
  1  0  0.938300  0.128098  0.320069  0.411289  -4
  1  0  0.938300  0.072413  0.295211  0.372242  -8
  1  0  0.938300  0.167704  0.010118  0.362580  -3
  1  0  0.938300 -0.481965  0.196244  0.768545  -2
  1  0  0.938300 -0.129340 -0.023766  0.072398  -8
  1  0  0.938300  0.050703  0.300023  0.514823  -4
  1  0  0.938300 -0.128077 -0.353172  0.080019  -3
  1  0  0.938300  0.211684 -0.291997  0.780897  -2
  1  0  0.938300  0.128773 -0.023157  0.770301  -5
  1  0  0.938300 -0.074533 -0.050675  1.009300  -1
  1  0  0.938300  0.290585 -0.179288  0.478204  -7
  1  0  0.938300 -0.143672  0.163103  0.728211  -3
  1  0  0.938300 -0.216156 -0.324510  0.821021  -3
  1  0  0.938300 -0.511920  0.142330  0.749471  -2
  1  0  0.938300 -0.276451  0.207837  0.418113  -2
  1  0  0.938300  0.009276  0.104756  0.350787  -5
  1  0  0.938300 -0.027915  0.247317  0.969334  -4
  1  0  0.938300 -0.208992 -0.189302  0.445295  -5
  1  0  0.938300  0.158425 -0.117541  0.394919  -4
  1  0  0.938300  0.025361  0.106015  0.695486  -2
  1  0  0.938300  0.108396  0.092651  0.018584  -4
  1  0  0.938300  0.498480 -0.211519  0.432201  -5
  1  0  0.938300  0.049271 -0.145588  0.239784  -6
  1  0  0.938300 -0.207762  0.000126  0.852742  -4
  1  0  0.938300  0.242424  0.155794  0.151856  -5
  1  0  0.938300  0.141845  0.038770  0.835551  -1
  1  0  0.938300 -0.243072  0.178235  1.145530  -4
  1  0  0.938300  0.358423 -0.231528  0.458663  -3
  1  0  0.938300  0.081360  0.161927  0.588417  -2
  1  0  0.938300 -0.470651 -0.219839  0.850911  -6
  1  0  0.938300 -0.116460 -0.000050  0.195041  -4
  1  0  0.938300  0.019475 -0.123632  0.434955  -6
  1  0  0.938300  0.354257 -0.401035  0.878976  -2
  1  0  0.938300 -0.260919  0.160293 -0.157689 -10
  1  0  0.938300 -0.107259 -0.128059  0.799182  -6
  1  0  0.938300 -0.087799  0.006347  0.945488  -2
  1  0  0.938300  0.093575 -0.209506  0.311565  -3
  1  0  0.938300 -0.026863  0.043488  0.571433  -2
  1  0  0.938300  0.098739 -0.056867  0.249160  -5
  1  0  0.938300  0.164913 -0.114242  0.814146  -2
  1  0  0.938300 -0.080156 -0.050936  0.761395  -1
  1  0  0.938300  0.162467  0.460963  0.619284  -2
  1  0  0.938300 -0.130872 -0.164118  0.253901  -6
  1  0  0.938300 -0.035734 -0.396923  0.180820  -2
  1  0  0.938300  0.598113  0.230868  0.675013  -3
  1  0  0.938300  0.387895  0.042836  0.482502  -3
  1  0  0.938300 -0.238772 -0.008596  0.688404  -1
  1  0  0.938300  0.029044 -0.135414  0.515841  -1
  1  0  0.938300  0.260927 -0.288760  0.429836  -2
  1  0  0.938300  0.055266  0.028608  0.781074  -1
  1  0  0.938300 -0.140598  0.041605  0.760941  -3
  1  0  0.938300  0.438883 -0.029627  0.458858  -2
  1  0  0.938300 -0.119697  0.014025  0.353966  -8
  1  0  0.938300 -0.245361 -0.490462  0.243530  -2
  1  0  0.938300 -0.157292 -0.132278  0.276221  -2
  1  0  0.938300 -0.220671  0.134063  0.425635  -7
  1  0  0.938300 -0.033581 -0.180725  0.811359  -3
  1  0  0.938300 -0.012193  0.011291  1.146065  -1
  1  0  0.938300  0.283721  0.073482  1.189892  -3
  1  0  0.938300  0.368850 -0.028032  0.681231  -3
  1  0  0.938300  0.003439  0.313607  0.547579  -4
  1  1  0.938300  0.041238 -0.360942  0.871007  -9
  1  0  0.938300  0.044404  0.114283  0.125455  -2
  1  0  0.938300  0.084893 -0.281317  0.501168  -4
  1  0  0.938300  0.403656 -0.007380  0.556947  -2
  1  0  0.938300  0.241563  0.337672  0.732296  -2
  1  0  0.938300 -0.351443 -0.154373  0.803375  -4
  1  0  0.938300 -0.018432 -0.067278  0.550774  -6
  1  0  0.938300  0.201366  0.097070  0.951205  -3
  1  1  0.938300 -0.080798 -0.326654  0.637222  -2
  1  0  0.938300  0.236399 -0.325239 -0.287415  -6
  1  0  0.938300  0.384934 -0.343945  0.661771  -4
  1  0  0.938300 -0.036790 -0.125779  0.787870  -1
  1  0  0.938300 -0.254759  0.264215  0.396908  -3
  1  0  0.938300  0.132652  0.408553  0.797402  -4