  1  1  0.938300  0.444615 -0.441775  0.057703   4
  1  0  0.938300 -0.028463 -0.373668  0.086867   2
  1  1  0.938300  0.265120 -0.132760 -0.096302   1
  1  1  0.938300  0.189712 -0.193248  0.280900   2
  1  1  0.938300  0.009943 -0.154117  0.122635   1
  1  1  0.938300 -0.096809  0.190291  0.018512   1
  1  1  0.938300 -0.168764  0.076635  0.533556   4
  1  1  0.938300  0.321466  0.063802  0.147634   2
  1  1  0.938300  0.819957 -0.094022  0.350749   3
  1  1  0.938300  0.236889  0.301005  0.224625   5
  1  1  0.938300  0.104517 -0.126894  0.050257   1
  1  0  0.938300 -0.103643  0.050755  0.779254   6
  1  1  0.938300 -0.420323 -0.053094  0.249728   3
  1  0  0.938300  0.001625 -0.108662  0.029529   6
  1  1  0.938300  0.333280 -0.077388  0.254850   2
  1  1  0.938300 -0.553040  0.056833  0.639396   3
  1  1  0.938300  0.330799  0.218629  0.769419   8
  1  1  0.938300 -0.620961 -0.127831  0.381011   2
  1  1  0.938300 -0.245834  0.107419  0.477857   2
  1  1  0.938300  0.023975  0.263895  0.955439   2
  1  0  0.938300 -0.402609 -0.152034  0.368855   2
  1  1  0.938300 -0.037444 -0.239045  0.349518   6
  1  1  0.938300  0.130291 -0.057732  0.103859   1
  1  0  0.938300  0.067643 -0.250295  0.308843  10
  1  0  0.938300  0.080848  0.130703  0.413582   6
  1  1  0.938300  0.344431 -0.317682  0.508465   3
  1  1  0.938300  0.519104  0.219960  0.512933   8
  1  1  0.938300  0.213173 -0.073071  0.494797   3
  1  1  0.938300 -0.099345  0.445468  0.653530   3
  1  0  0.938300  0.055900 -0.278383  0.133512   3
  1  1  0.938300  0.247937 -0.018975  1.081472   5
  1  1  0.938300  0.064863 -0.183737 -0.002981   1
  1  1  0.938300 -0.074464  0.002858  1.065638   3
  1  1  0.938300  0.500691  0.165686  0.293984   2
  1  1  0.938300  0.249456 -0.353096  0.642329   3
  1  0  0.938300  0.170139  0.162822  0.584460   2
  1  0  0.938300  0.177058 -0.230225  0.750130   3
  1  1  0.938300  0.003224 -0.182316  0.501645   3
  1  1  0.938300 -0.407594 -0.245094  0.487832   2
  1  0  0.938300 -0.098784 -0.201031  0.578550   3
  1  1  0.938300 -0.357246  0.353017  0.213900   5
  1  1  0.938300 -0.171508 -0.164817  0.726285   3
  1  1  0.938300 -0.060718 -0.207682  0.220400   4
  1  0  0.938300 -0.198342 -0.023085  0.145083   3
  1  0  0.938300 -0.187883  0.085473  0.422754   6
  1  1  0.938300 -0.097037 -0.035260 -0.201331   2
  1  1  0.938300  0.030874  0.105316  0.282566   4
  1  1  0.938300 -0.415810  0.043555  0.692176   3
  1  1  0.938300  0.001805 -0.437977  0.142833   1
  1  1  0.938300 -0.177177  0.189701  0.530458   2
  1  1  0.938300 -0.116580 -0.366454  0.011507   4
  1  1  0.938300 -0.140701 -0.146127  0.586114   4
  1  1  0.938300 -0.068489 -0.000871  0.408684   3
  1  1  0.938300  0.144756  0.320293  0.519016   3
  1  1  0.938300 -0.012886 -0.052995  0.030669   1
  1  1  0.938300 -0.074288  0.046731  0.588310   2
  1  1  0.938300 -0.033807  0.209698  0.188356   1
  1  1  0.938300  0.066241 -0.474967  0.350306   3
  1  1  0.938300 -0.466942 -0.054562  0.230452   3
  1  1  0.938300  0.017281 -0.053087 -0.141736   1
  1  1  0.938300  0.495851 -0.356424  0.286548   3
  1  1  0.938300 -0.481405 -0.126225  0.688620   5
  1  1  0.938300  0.306544 -0.285031  0.602420   2
  1  0  0.938300  0.125041 -0.145657  0.538732   4
  1  1  0.938300  0.169370 -0.145213  1.038609   2
  1  0  0.938300 -0.054771  0.276068  0.797366   3
  1  0  0.938300 -0.022199 -0.887946  1.110915   4
  1  1  0.938300  0.078897  0.469768  0.599629   3
  1  1  0.938300 -0.100992 -0.113245  0.191404   3
  1  1  0.938300  0.624108 -0.170491  0.820877   4
  1  1  0.938300 -0.077621  0.095269  0.400408   4
  1  1  0.938300  0.635541  0.327251  0.220099   2
  1  0  0.938300  0.372937 -0.047494 -0.081631   2
  1  1  0.938300 -0.111183  0.146164  1.040536   9
  1  1  0.938300 -0.253164 -0.440008  0.540370   6
  1  1  0.938300 -0.029765 -0.138175  0.099434   1
  1  1  0.938300 -0.020754  0.106740  0.152399   1
  1  1  0.938300  0.137265  0.489404  0.766286   2
  1  1  0.938300 -0.254095  0.263002  0.236979   2
  1  0  0.938300  0.264738  0.201734  1.025886   8
  1  1  0.938300  0.121863 -0.054194  0.883184   4
  1  0  0.938300  0.043667  0.364297  0.485780   5
  1  0  0.938300  0.065544 -0.057759  0.245657   7
  1  0  0.938300 -0.048447  0.196356  0.518080   8
  1  0  0.938300  0.413634  0.030560  0.556664   4
  1  0  0.938300  0.028090 -0.323126  0.136110   3
  1  0  0.938300  0.142815 -0.277626  0.502211   2
  1  0  0.938300  0.101615 -0.112059  0.258170   4
  1  0  0.938300  0.116637 -0.470385  0.936032   5
  1  0  0.938300 -0.222612 -0.107244  0.895432   4
  1  0  0.938300  0.079069  0.065747  0.174704   2
  1  0  0.938300 -0.090441  0.025794  0.320097   1
  1  0  0.938300 -0.116764 -0.030616  0.532186   6
  1  0  0.938300 -0.337106 -0.105110  0.483508   3
  1  0  0.938300 -0.101874 -0.097048  0.161568   3
  1  0  0.938300 -0.184849 -0.161414  0.080624   4
  1  0  0.938300 -0.090668  0.136947 -0.036858   1
  1  0  0.938300  0.207003  0.035379  0.367307   5
  1  0  0.938300 -0.050100  0.076277  0.183747   5
  1  0  0.938300 -0.027988  0.174456  0.279483   5
  1  0  0.938300 -0.012467 -0.308103  0.211145   3
  1  0  0.938300 -0.126695  0.128959  0.276295   4
  1  0  0.938300 -0.286194 -0.426718  0.716987   5
  1  0  0.938300 -0.023982 -0.087529  0.324979   1
  1  0  0.938300 -0.041089  0.024248  0.145644   1
  1  0  0.938300  0.266634 -0.261168  0.194032   3
  1  0  0.938300 -0.200625  0.061677  0.665931   4
  1  0  0.938300 -0.035672 -0.241107  0.166014   3
  1  0  0.938300  0.431232  0.160717  0.587648   8
  1  0  0.938300  0.409677 -0.182273  0.663178   5
  1  0  0.938300 -0.194830  0.136342  0.143509   7
  1  0  0.938300 -0.078828 -0.358112  0.535864   3
  1  0  0.938300 -0.289935 -0.287289  0.387192   2
  1  0  0.938300 -0.027045  0.248160  0.613519   3
  1  0  0.938300 -0.282035 -0.211000  0.134506   4
  1  0  0.938300 -0.199460 -0.152573  0.719668   5
  1  0  0.938300  0.137035  0.244875  0.208719   6
  1  0  0.938300  0.171973 -0.274229  0.848164   5
  1  0  0.938300 -0.114605  0.077922  0.140497   1
  1  0  0.938300 -0.101543 -0.106067  0.512590   3
  1  1  0.938300  0.343569  0.107047  0.407862   2
  1  0  0.938300 -0.039723  0.104605  0.474130   5
  1  0  0.938300 -0.355333  0.080641  1.049871   8
  1  0  0.938300  0.419012  0.021466  0.385768   7
  1  1  0.938300 -0.460532 -0.191765  0.615174   5
  1  0  0.938300  0.057879 -0.182869  0.485762   2
  1  0  0.938300  0.069204 -0.668303  0.215665   2
  1  0  0.938300  0.028415  0.139231  0.567126   3
  1  0  0.938300 -0.162260 -0.211821 -0.020124   3
  1  0  0.938300 -0.184045  0.250294  0.098679   1
  1  0  0.938300 -0.082698  0.035866  0.142899   3
  1  0  0.938300  0.251344  0.268855  0.623700   4
  1  0  0.938300  0.204883 -0.169281  0.863151   8
  1  1  0.938300  0.207608  0.439613  0.136109   4
  1  0  0.938300  0.071057 -0.060882  0.013967   1
  1  0  0.938300 -0.072570  0.231193  0.152491   2
  1  0  0.938300 -0.721728 -0.352030  0.796956   3
  1  0  0.938300 -0.030300  0.257218  0.168635   3
  1  0  0.938300  0.101152  0.042734 -0.036195   1
  1  0  0.938300  0.255721  0.233183  0.206905   5
  1  0  0.938300 -0.346708  0.168092  0.109651   4
  1  0  0.938300  0.039099 -0.158653  0.532848   2
  1  0  0.938300  0.289926  0.287284  0.662207   4
  1  0  0.938300 -0.318132 -0.247630  0.208073   4
  1  0  0.938300 -0.039479 -0.161779  0.246917   6
  1  0  0.938300 -0.008181 -0.030303 -0.032367   1
  1  0  0.938300 -0.097501 -0.120769  0.263586   1
  1  0  0.938300  0.066225  0.292415  0.431054   3
  1  0  0.938300 -0.343951  0.207584  0.484073   3
  1  0  0.938300 -0.014788  0.225187  0.895211   6
  1  0  0.938300 -0.005991  0.020106  0.646111   6
  1  1  0.938300  0.135863 -0.249536  0.557753   5
  1  0  0.938300 -0.140820  0.060766  0.563844   3
  1  0  0.938300  0.256639  0.048537  0.324407   2
  1  0  0.938300  0.261023  0.181647  0.408160   5
  1  1  0.938300  0.357256  0.534701  1.229271   4
  1  0  0.938300  0.021625 -0.161973  0.813185   2
  1  0  0.938300  0.035428  0.130410  0.761883   6
  1  0  0.938300 -0.064109  0.161018 -0.049267   1
  1  0  0.938300 -0.093026 -0.087996  0.486951   4
  1  0  0.938300  0.123891 -0.390199  0.310671   2
  1  0  0.938300 -0.424470  0.087589  0.313090   6
  1  0  0.938300 -0.033325 -0.319872  0.591343   2
  1  0  0.938300 -0.258395  0.117462  0.692946   9
  1  0  0.938300 -0.097695 -0.002254 -0.045989   1
  1  0  0.938300  0.302500  0.159816  0.353022   3
  1  0  0.938300  0.109248 -0.065329  0.113406   6
  1  0  0.938300  0.161825 -0.076099  0.065854   1
  1  0  0.938300  0.381598  0.132201  0.378025   7
  1  0  0.938300 -0.140907  0.132627  0.343388   3
  1  0  0.938300  0.389874 -0.219265  0.198415   5
  1  0  0.938300 -0.356862 -0.035038  0.465542   5
  1  1  0.938300  0.172982 -0.460299  0.137890   5
  1  0  0.938300  0.030390  0.229290  0.617657   3
  1  0  0.938300 -0.124103 -0.136384 -0.120128   1
  1  0  0.938300 -0.230818  0.218700  0.514014   5
  1  1  0.938300  0.478472 -0.060287  1.015555   9
  1  0  0.938300  0.263716 -0.104386  0.057445   2
  1  1  0.938300  0.362589 -0.126983  0.617874   5
  1  0  0.938300  0.126045 -0.090788  0.237991   2
  1  0  0.938300  0.128867 -0.043797  0.250947   1
  1  0  0.938300  0.024868  0.019180  0.359641   2
  1  0  0.938300 -0.263995 -0.175289  0.358679   2
  1  0  0.938300 -0.400597 -0.131975  0.461652   5
  1  0  0.938300 -0.139857  0.111815 -0.134364   3
  1  0  0.938300  0.184215  0.196620  0.094759   2
  1  0  0.938300 -0.035499  0.140491  0.539153   3
  1  0  0.938300 -0.030622  0.025333  0.076349   1
  1  0  0.938300  0.003859 -0.236253  0.535028  10
  1  0  0.938300  0.141926 -0.120950  0.452240   6
  1  0  0.938300  0.103962  0.102298 -0.036070   3
  1  0  0.938300 -0.079122  0.065255  0.022792   1
  1  0  0.938300 -0.078051  0.205426  0.526855   5
  1  0  0.938300 -0.064179 -0.090739  0.123946   4
  1  0  0.938300 -0.161408 -0.079437  0.946616   2
  1  0  0.938300  0.095076 -0.141654  0.204502   4
  1  0  0.938300 -0.348462  0.392773  0.563813   7
  1  0  0.938300  0.227409 -0.215279  0.108349  -7
  1  1  0.938300  0.381535 -0.058810 -0.152453  -4
  1  1  0.938300  0.218799  0.178820  0.550043  -2
  1  1  0.938300  0.077150  0.321473  0.615894  -6
  1  1  0.938300 -0.462653  0.085357  0.414950  -4
  1  1  0.938300  0.202400 -0.075682  0.372165  -3
  1  1  0.938300  0.203060  0.337931  0.301873  -4
  1  1  0.938300  0.079405  0.153479  0.619935  -4
  1  1  0.938300 -0.217347  0.419778  0.982298  -2
  1  1  0.938300 -0.187252 -0.366874  0.530571  -7
  1  1  0.938300 -0.659342  0.164929  0.175567  -5
  1  1  0.938300 -0.179798 -0.042888 -0.069850  -4
  1  1  0.938300  0.112422  0.068835  0.640401  -4
  1  1  0.938300 -0.266550 -0.011338  0.689583  -2
  1  1  0.938300 -0.190970 -0.253812  0.561228  -2
  1  1  0.938300  0.112528  0.098371  0.649014  -1
  1  1  0.938300  0.199409 -0.003958  0.091831  -5
  1  1  0.938300  0.043081 -0.124267  1.027137  -1
  1  0  0.938300  0.191703  0.546094  0.390290  -3
  1  1  0.938300 -0.007534 -0.009022  0.703592  -1
  1  1  0.938300 -0.310545  0.620728  0.771196  -3
  1  1  0.938300  0.065728 -0.168542  0.416996  -3
  1  1  0.938300 -0.024449 -0.049335  0.218899  -4
  1  0  0.938300  0.277301  0.578435  0.690447  -3
  1  0  0.938300  0.113201 -0.081348  0.388224  -4
  1  1  0.938300  0.041144  0.100540  0.850510  -1
  1  1  0.938300  0.182330 -0.262483 -0.150429  -3
  1  1  0.938300  0.284760  0.190406  0.253734  -4
  1  1  0.938300 -0.065234  0.560091  0.614543  -2
  1  1  0.938300  0.555354  0.233456  0.482237  -2
  1  1  0.938300 -0.449888 -0.229506  1.117697  -3
  1  1  0.938300 -0.092121  0.041718  0.444285  -4
  1  1  0.938300 -0.271449  0.403349  0.192418  -4
  1  1  0.938300  0.484948 -0.062627  0.915154  -3
  1  1  0.938300 -0.048398  0.504967  0.236682  -2
  1  1  0.938300  0.461362  0.236766  0.429570  -5
  1  1  0.938300 -0.165807  0.073035  0.468440  -6
  1  1  0.938300  0.103364  0.337499  0.300790  -3
  1  1  0.938300 -0.043533  0.115402  0.231835  -3
  1  1  0.938300 -0.211149 -0.072957  0.375128  -8
  1  1  0.938300 -0.041828 -0.052840  0.924873  -6
  1  1  0.938300  0.011820  0.291923  0.183008  -4
  1  1  0.938300  0.026139  0.348916  0.902062  -2
  1  1  0.938300 -0.165436  0.215873  0.864275  -2
  1  1  0.938300  0.217097 -0.273573  0.494166  -4
  1  1  0.938300  0.434566  0.054473  0.659289  -4
  1  1  0.938300  0.020308  0.048016  0.765140  -1
  1  1  0.938300 -0.093944  0.180013  0.429298  -7
  1  1  0.938300 -0.535541 -0.210236  0.391332  -4
  1  1  0.938300 -0.006714  0.033835  0.984898  -1
  1  1  0.938300 -0.312618 -0.053049  0.318589  -4
  1  1  0.938300  0.629419 -0.216262  0.526699  -2
  1  0  0.938300 -0.153529 -0.185715  0.854427  -3
  1  1  0.938300 -0.172858 -0.283174  0.811593  -1
  1  1  0.938300 -0.223548  0.049331  0.923746  -1
  1  1  0.938300  0.003103  0.049651  0.736830  -3
  1  1  0.938300  0.268391 -0.423118  0.394453  -6
  1  1  0.938300  0.041581  0.320654  0.163768  -2
  1  1  0.938300  0.014475 -0.021878  0.757224  -6
  1  1  0.938300  0.363149 -0.264090  0.939545  -4
  1  1  0.938300  0.197593 -0.042565  1.038840  -1
  1  0  0.938300  0.069300  0.062745  0.510904  -2
  1  1  0.938300 -0.262828 -0.602647  0.776584  -2
  1  1  0.938300  0.296169 -0.104478  0.979236  -4
  1  1  0.938300 -0.051318  0.515109  0.224072  -4
  1  1  0.938300  0.390127 -0.049340  0.757997  -4
  1  1  0.938300 -0.284906 -0.083384  0.867127  -4
  1  1  0.938300 -0.121163  0.271454  0.634508  -6
  1  1  0.938300 -0.227266 -0.221726  0.774165  -2
  1  1  0.938300 -0.237010 -0.224427  0.480213  -3
  1  1  0.938300 -0.254509 -0.098596  0.803708  -1
  1  1  0.938300  0.009556 -0.086282  0.432880  -1
  1  1  0.938300  0.015623  0.299068  0.854310  -7
  1  1  0.938300  0.135152  0.026186  0.572218  -1
  1  1  0.938300  0.133589  0.100871  0.095912  -6
  1  1  0.938300  0.042802 -0.050049  0.603133  -5
  1  1  0.938300  0.072202  0.118153  0.745408  -1
  1  1  0.938300 -0.141708  0.127145  0.825166  -2
  1  1  0.938300  0.256564 -0.116205  0.046522  -2
  1  0  0.938300 -0.032689 -0.029633  0.661395  -5
  1  0  0.938300 -0.018379  0.070403  0.945070  -1
  1  0  0.938300  0.089154 -0.171433  0.866834  -7
  1  1  0.938300  0.318776 -0.248017  0.497370  -2
  1  0  0.938300 -0.185802  0.353360  0.608290  -7
  1  0  0.938300 -0.123971 -0.101086  0.031662  -3
  1  0  0.938300  0.552302  0.219215  0.595635  -3
  1  0  0.938300  0.626108 -0.220633  0.465067  -4
  1  0  0.938300  0.027953  0.187673  1.024325  -4
  1  0  0.938300 -0.218366 -0.074888  0.604449  -3
  1  0  0.938300 -0.200933  0.438181  0.132762  -2
  1  0  0.938300  0.339288  0.182077  0.423623  -2
  1  0  0.938300  0.320075  0.104410  0.245922  -4
  1  0  0.938300 -0.090454 -0.320907  0.510205  -9
  1  0  0.938300  0.145671 -0.167650  0.248107  -4
  1  0  0.938300 -0.303553 -0.190476  0.508579  -4
  1  0  0.938300  0.207146 -0.133179  0.568351  -5
  1  0  0.938300  0.487925  0.388510  0.639097  -2
  1  0  0.938300  0.082512 -0.044165  0.262976  -4
  1  0  0.938300 -0.038574  0.012190  1.105203  -7
  1  0  0.938300  0.061473 -0.315129  0.626604  -3
  1  0  0.938300  0.177236  0.024672  0.236954  -3
  1  0  0.938300  0.098259  0.001799  0.819811  -1
  1  1  0.938300  0.117223 -0.395814  0.351308  -5
  1  0  0.938300  0.161763  0.061024  0.735832  -1
  1  0  0.938300 -0.020835  0.575024  0.347035  -5
  1  0  0.938300  0.233945  0.258380  0.354127  -7
  1  0  0.938300 -0.294447 -0.242700  0.301689  -8
  1  1  0.938300 -0.072966  0.082462  0.610815  -3
  1  0  0.938300 -0.157723 -0.270140  0.509575  -2
  1  0  0.938300 -0.006237 -0.135850  0.704641  -4
  1  0  0.938300 -0.099566 -0.084085  0.405696  -9
  1  0  0.938300 -0.098268 -0.106179  1.047385  -1
  1  0  0.938300  0.372906  0.191230  0.353068  -3
  1  0  0.938300  0.108708  0.143899  0.923390  -2
  1  0  0.938300 -0.511373 -0.360448  0.541856  -3
  1  0  0.938300  0.288273  0.021935  0.416848  -2
  1  0  0.938300 -0.211246  0.241284  0.457795  -2
  1  0  0.938300 -0.059717  0.054113  1.078545  -1
  1  0  0.938300 -0.056103  0.306342  0.362492  -4
  1  0  0.938300 -0.345250  0.104823  0.088979  -3
  1  0  0.938300  0.132453 -0.418288  0.521804  -2
  1  1  0.938300 -0.174634  0.060320  0.568718  -5
  1  0  0.938300  0.159993 -0.001907  1.137229  -2
  1  1  0.938300 -0.191510 -0.251477  0.155024  -3
  1  0  0.938300 -0.594477  0.310133  1.034209  -3
  1  0  0.938300 -0.011620  0.065039  0.973470  -1
  1  0  0.938300 -0.138142  0.039055  0.352550  -9
  1  0  0.938300 -0.375349 -0.139578  0.261646  -4
  1  1  0.938300  0.232676 -0.052336  0.251969  -6
  1  0  0.938300  0.346049  0.107649  0.516798  -2
  1  0  0.938300 -0.205068  0.317774  0.723482 -10
  1  0  0.938300 -0.057156 -0.020573  0.824219  -1
  1  0  0.938300  0.063229  0.076131  0.125425  -2
  1  0  0.938300 -0.297555 -0.044323  0.444869  -5
  1  0  0.938300  0.139658 -0.437024  0.461255  -5
  1  0  0.938300  0.318582  0.055342  0.237960  -5
  1  0  0.938300 -0.238840 -0.207548  0.294426  -2
  1  0  0.938300 -0.292135  0.096130  0.837989  -6
  1  0  0.938300 -0.104682  0.032328  1.168039  -8
  1  0  0.938300 -0.096994 -0.074923  0.709149  -5
  1  0  0.938300  0.165566  0.216501  0.888578  -3
  1  0  0.938300 -0.123637  0.103719  0.668702  -2
  1  0  0.938300  0.341694  0.149300  0.907906  -5
  1  0  0.938300  0.177715 -0.169002  0.095821  -2
  1  0  0.938300  0.135088  0.026903  0.759839  -5
  1  0  0.938300 -0.251139  0.436389  0.416430  -3
  1  0  0.938300 -0.061013  0.239978  0.798989  -4
  1  0  0.938300 -0.229085  0.138471  0.567446  -6
  1  0  0.938300  0.182203  0.330209  0.613547  -4
  1  0  0.938300  0.196039  0.196017  0.304741  -3
  1  1  0.938300  0.379385  0.111835  0.654674  -6
  1  0  0.938300  0.072732 -0.199774  0.839997  -1
  1  0  0.938300 -0.312605  0.237664  0.446840  -2
  1  0  0.938300  0.190972  0.235135  0.784299  -3
  1  0  0.938300  0.075597  0.265458  0.633645  -3
  1  0  0.938300 -0.171560 -0.485787  0.419030  -5
  1  0  0.938300  0.063403 -0.068202  0.415880  -2
  1  0  0.938300  0.067798  0.290561  0.424795  -8
  1  0  0.938300 -0.046159 -0.314686  0.894212  -3
  1  0  0.938300 -0.145410 -0.308029  0.195342  -3
  1  0  0.938300  0.028392  0.241276  0.142593  -7
  1  0  0.938300 -0.073050 -0.119240  0.555783  -3
  1  0  0.938300  0.068677 -0.033229  0.141619  -6
  1  0  0.938300  0.034127 -0.073594  0.717687  -6
  1  0  0.938300 -0.142304  0.116995  0.957650  -5
  1  0  0.938300 -0.037918 -0.253714  0.403286  -7
  1  0  0.938300 -0.171356 -0.136670  0.539125  -2
  1  1  0.938300 -0.110455  0.035156  0.977881 -10
  1  0  0.938300  0.181454 -0.118817  0.719870  -1
  1  0  0.938300  0.274537 -0.213329  0.473692  -2
  1  0  0.938300  0.208913  0.226038  0.751887  -2
  1  0  0.938300 -0.204922 -0.013670  0.781257  -3
  1  0  0.938300 -0.334158 -0.096354  0.740863  -3
  1  0  0.938300 -0.129170  0.125231  0.561433  -2
  1  0  0.938300  0.222890  0.408142  0.795544  -3
  1  0  0.938300 -0.174962  0.010754  0.565825  -3
  1  0  0.938300  0.435749  0.371236  0.709502  -3
  1  0  0.938300 -0.289720 -0.233438  0.090669 -10
  1  1  0.938300  0.610347  0.067072  0.339156  -3
  1  0  0.938300  0.135866  0.266031  0.888432  -1
  1  1  0.938300 -0.154499  0.141033  0.499080  -7
  1  0  0.938300 -0.017476  0.279619  0.823347  -5
  1  0  0.938300 -0.023555  0.116749  0.388277  -6
  1  0  0.938300  0.231411 -0.272052  0.761315  -2
  1  0  0.938300 -0.114054  0.182366  0.278558  -4
  1  0  0.938300  0.357780  0.002283  0.240419  -2
  1  0  0.938300  0.214379  0.325953  0.895482  -2
  1  0  0.938300  0.025009 -0.285614  0.133304  -7
  1  0  0.938300  0.241175 -0.101427  0.661455  -5
  1  0  0.938300  0.011279 -0.054623  0.581727  -4
  1  0  0.938300  0.331461 -0.236157  1.006834  -3
  1  1  0.938300 -0.225705  0.055334  0.315567  -5
  1  0  0.938300  0.495035  0.049947  0.447007  -4
  1  0  0.938300  0.002798  0.024581  0.238249  -7
  1  0  0.938300 -0.560342  0.270754  0.387340  -3
  1  0  0.938300  0.012872 -0.118024  0.515378  -1
  1  1  0.938300  0.157545 -0.124945  0.410979  -6