  1  1  0.938300 -0.444749  0.109135  0.267959   3
  1  0  0.938300 -0.005669  0.163856  0.614404   9
  1  1  0.938300 -0.054995  0.207901  1.206164   5
  1  1  0.938300 -0.069731 -0.275748  0.581870   4
  1  1  0.938300  0.296155 -0.183859  0.447275   3
  1  1  0.938300  0.162865  0.296969  0.766661   3
  1  1  0.938300 -0.068114  0.182781 -0.004986   1
  1  1  0.938300  0.154921  0.040173  0.459001   3
  1  1  0.938300 -0.149279 -0.044365  0.139219   6
  1  1  0.938300 -0.419954 -0.381138  1.016913   7
  1  0  0.938300  0.001987 -0.337245  0.448139   4
  1  1  0.938300 -0.157985  0.014062  0.072157   1
  1  1  0.938300  0.050667 -0.099900  0.350100   8
  1  1  0.938300 -0.249587 -0.044362  0.832505   4
  1  1  0.938300  0.066474 -0.109015  0.111057   1
  1  1  0.938300  0.035604  0.139348  0.203234   1
  1  1  0.938300  0.115842 -0.176717  0.331383   6
  1  1  0.938300  0.155288  0.138198  0.165191   2
  1  1  0.938300  0.130619  0.056251  1.083807   3
  1  1  0.938300 -0.057167  0.064177  0.377780   8
  1  1  0.938300  0.439743 -0.048101 -0.003063   2
  1  1  0.938300  0.150194 -0.114525  0.140149   1
  1  0  0.938300  0.047069  0.054043  0.272740   6
  1  1  0.938300 -0.184218 -0.099443  0.277828   1
  1  1  0.938300  0.309425  0.146279  0.115835   2
  1  1  0.938300  0.159771  0.379307  0.450926   2
  1  1  0.938300 -0.260798  0.221234  0.248317   4
  1  1  0.938300 -0.320981 -0.234261 -0.239210   6
  1  1  0.938300 -0.088544  0.008803  0.165575   1
  1  1  0.938300  0.095353  0.163936  0.030606   2
  1  1  0.938300  0.389707 -0.188269  0.316943   3
  1  1  0.938300  0.166119 -0.307635  0.032476   3
  1  1  0.938300  0.308668 -0.107475  0.359057   5
  1  1  0.938300  0.338819 -0.068005  0.906007   2
  1  1  0.938300 -0.319199  0.078309 -0.036845   2
  1  1  0.938300 -0.213954 -0.821061  0.566296   5
  1  1  0.938300 -0.189623  0.407737  0.709612   6
  1  1  0.938300  0.000738 -0.003597  0.713505   4
  1  0  0.938300 -0.103224  0.301794  0.248145   7
  1  0  0.938300 -0.060112 -0.170673  0.279556   1
  1  1  0.938300 -0.197705 -0.004120  0.362530   2
  1  1  0.938300  0.254083 -0.246066  0.699824   4
  1  1  0.938300 -0.129437  0.115457  0.287503   2
  1  1  0.938300  0.263999 -0.226563  0.384937   2
  1  1  0.938300 -0.255389  0.182295  0.360438   2
  1  1  0.938300  0.188722 -0.071053  0.141341   2
  1  1  0.938300 -0.008553 -0.184831  0.218151   9
  1  1  0.938300 -0.176216 -0.007612 -0.002820   1
  1  1  0.938300  0.317024  0.232392  0.457324   5
  1  1  0.938300  0.064453  0.364933  0.200249   2
  1  1  0.938300 -0.174045  0.026185  0.138349   1
  1  1  0.938300 -0.116073 -0.110166  0.278840   5
  1  1  0.938300  0.429021 -0.088912  0.510878   4
  1  0  0.938300 -0.178483  0.552800  0.671970   8
  1  1  0.938300  0.142608  0.184764  0.324583   3
  1  1  0.938300  0.095963  0.186147  0.543665   3
  1  0  0.938300 -0.015821 -0.226694  0.013289   3
  1  1  0.938300  0.114690 -0.018534 -0.023069   2
  1  1  0.938300 -0.148358 -0.298120  0.511775   4
  1  1  0.938300  0.242385  0.263192  0.216210   3
  1  0  0.938300  0.171000 -0.331422  0.325007   4
  1  1  0.938300 -0.167451  0.212140  0.883177  10
  1  1  0.938300  0.245746  0.048207  0.246237   8
  1  1  0.938300 -0.033283 -0.339925  0.065413   6
  1  1  0.938300  0.097871 -0.255570  0.072539   3
  1  1  0.938300 -0.049304  0.310121  0.379306   2
  1  1  0.938300  0.072649 -0.050232  0.303562   3
  1  1  0.938300  0.172224  0.005682  0.400008   3
  1  1  0.938300 -0.420007  0.179991  0.865103   5
  1  1  0.938300  0.068210 -0.076082  0.288811   3
  1  1  0.938300  0.011294  0.102583  0.467698   4
  1  1  0.938300 -0.528845  0.350472  0.622919   3
  1  1  0.938300 -0.096732 -0.031432  0.448063   5
  1  1  0.938300 -0.213363  0.215230  0.491538   4
  1  1  0.938300  0.026061  0.286530  0.298966   7
  1  1  0.938300  0.197635  0.097009  0.511790   6
  1  1  0.938300 -0.122540 -0.028561  0.247793   4
  1  1  0.938300 -0.134328  0.294416  0.779520   5
  1  1  0.938300 -0.350308  0.356427 -0.133346   2
  1  0  0.938300 -0.038917 -0.069441  0.204920   3
  1  0  0.938300 -0.073376 -0.112293  0.151512   1
  1  0  0.938300  0.078604  0.137560  0.408164   5
  1  0  0.938300  0.031069  0.219655  0.178727   1
  1  1  0.938300  0.134980 -0.243075  0.353761   5
  1  0  0.938300  0.204346 -0.311495  0.817560   2
  1  0  0.938300  0.338364 -0.410187  0.370489   4
  1  0  0.938300  0.232975  0.033265  0.403993   7
  1  0  0.938300 -0.076011  0.021579  0.641715   4
  1  0  0.938300  0.257121  0.019739  0.100477   2
  1  0  0.938300 -0.032657  0.049932  0.308956   5
  1  0  0.938300  0.421444 -0.373208  0.442047   2
  1  0  0.938300 -0.052433  0.104912 -0.101514   1
  1  0  0.938300 -0.232500  0.061493  0.597614   5
  1  1  0.938300 -0.078470  0.568106  0.220023   5
  1  0  0.938300  0.334989  0.059831  0.089036   2
  1  0  0.938300  0.274259  0.097820  0.677239   4
  1  0  0.938300  0.259862  0.443762  0.683441   3
  1  0  0.938300 -0.124775 -0.060587  0.144197   1
  1  0  0.938300 -0.095418 -0.362536  0.091242   1
  1  0  0.938300  0.042603 -0.058369  0.289374   2
  1  0  0.938300 -0.201627  0.243115  0.081795   2
  1  1  0.938300  0.275121  0.216761 -0.160736   5
  1  0  0.938300 -0.363684 -0.050482  0.103151   2
  1  0  0.938300 -0.066733  0.006738  0.426850   1
  1  0  0.938300 -0.295337 -0.266885  0.664340   3
  1  0  0.938300 -0.211540  0.105495  0.094937   2
  1  0  0.938300  0.252990 -0.088249  0.026976   2
  1  0  0.938300  0.025612 -0.225161  0.228434   4
  1  0  0.938300  0.075987  0.203193  0.542473   8
  1  0  0.938300  0.128516 -0.123546  0.160302   4
  1  0  0.938300 -0.234976  0.022740  0.081804   1
  1  0  0.938300 -0.205191 -0.021136 -0.121367   1
  1  0  0.938300  0.050742  0.004932  0.488568   3
  1  0  0.938300 -0.170871  0.139930  0.754471   5
  1  0  0.938300 -0.112965  0.535040  0.484394   4
  1  0  0.938300  0.080710 -0.362167  0.625947   3
  1  0  0.938300 -0.102510 -0.228481  0.670724   5
  1  0  0.938300 -0.046224  0.105970  0.017764   3
  1  0  0.938300 -0.202868  0.160386  0.187284   5
  1  0  0.938300  0.062332  0.523238  0.217155   2
  1  0  0.938300 -0.391499  0.008679  0.848353   7
  1  0  0.938300 -0.052832 -0.127832  0.155544   3
  1  0  0.938300 -0.026177  0.142198  0.616637  12
  1  1  0.938300 -0.027856 -0.242230  0.746351   2
  1  0  0.938300 -0.487812  0.205976  0.663525   2
  1  0  0.938300  0.115673  0.322273  0.477170   2
  1  0  0.938300 -0.019835 -0.125421  0.202081   1
  1  0  0.938300  0.163672  0.057141  0.134549   1
  1  0  0.938300 -0.271850 -0.105663  0.770123   4
  1  1  0.938300  0.448210 -0.151205  0.483832   5
  1  0  0.938300  0.157435  0.465529  0.307030   2
  1  0  0.938300 -0.081613  0.042040  0.231394   2
  1  0  0.938300 -0.058071 -0.273624  0.048112   1
  1  1  0.938300  0.020408  0.166992  0.521955   9
  1  0  0.938300  0.143042  0.002361  0.596626   2
  1  0  0.938300 -0.015135 -0.198955  0.625673   6
  1  0  0.938300 -0.088711 -0.233434  0.512697   2
  1  0  0.938300 -0.010399  0.021071  0.377967   2
  1  0  0.938300  0.085896 -0.250389  0.014888   1
  1  0  0.938300 -0.363690  0.102048  0.592366   4
  1  0  0.938300 -0.201921 -0.298162  0.071829   3
  1  0  0.938300 -0.088039 -0.025675  0.165303  14
  1  0  0.938300 -0.254050 -0.353683  0.460833   2
  1  0  0.938300 -0.144456  0.369708  0.154405   4
  1  0  0.938300 -0.203777 -0.141260  0.205126   2
  1  0  0.938300  0.243796  0.280723  0.812861   6
  1  0  0.938300  0.068601  0.097046 -0.009005   3
  1  0  0.938300  0.059732 -0.137270  0.881203   4
  1  0  0.938300 -0.088152 -0.163381  0.359024   3
  1  0  0.938300 -0.027039  0.383542  0.480208   2
  1  0  0.938300 -0.332625 -0.038195  1.166183   6
  1  0  0.938300  0.059737 -0.306728  0.144734   2
  1  0  0.938300  0.214590 -0.119018  0.012717   4
  1  0  0.938300 -0.225082 -0.136243  0.936172   4
  1  0  0.938300 -0.051462 -0.070268 -0.117240   1
  1  0  0.938300 -0.138453 -0.014430 -0.037788   1
  1  0  0.938300 -0.228876  0.128299  0.204187   3
  1  0  0.938300  0.365085  0.343829  0.244020   2
  1  1  0.938300 -0.102270  0.108178  0.611465   6
  1  0  0.938300 -0.465643  0.125025  0.438904   4
  1  0  0.938300  0.553994 -0.343906  0.328016   6
  1  0  0.938300  0.220973 -0.181793  0.530975   6
  1  0  0.938300 -0.233754  0.248468  0.393417   4
  1  0  0.938300 -0.059271 -0.180879  0.860060   2
  1  0  0.938300  0.309166 -0.113635  0.052468   4
  1  0  0.938300  0.447406 -0.081620  0.621126   7
  1  0  0.938300 -0.047487  0.058938 -0.014202   1
  1  0  0.938300 -0.193225  0.325224  0.080632   2
  1  0  0.938300 -0.180938 -0.179123  0.329555   9
  1  0  0.938300  0.548198 -0.528436  0.591135   3
  1  0  0.938300 -0.111240  0.086780 -0.000168   1
  1  0  0.938300 -0.166098  0.201737  0.332012   6
  1  1  0.938300  0.106616 -0.022639  0.575290   4
  1  0  0.938300  0.249682 -0.336723  0.289483   2
  1  0  0.938300 -0.116168  0.306901  0.254204   3
  1  0  0.938300 -0.487062  0.321200  0.663125   3
  1  0  0.938300 -0.427969  0.024481  0.518981   4
  1  0  0.938300  0.155393  0.145025  0.505631   5
  1  0  0.938300  0.082028 -0.537382  0.809361   5
  1  1  0.938300 -0.053396  0.102058  0.478522   5
  1  0  0.938300 -0.129135  0.184864 -0.064674   1
  1  0  0.938300 -0.028812 -0.258803  0.121552   3
  1  0  0.938300  0.272327  0.212377  0.636943   8
  1  0  0.938300  0.652206 -0.138355  0.679108   2
  1  0  0.938300 -0.001559  0.080172  0.123861   4
  1  0  0.938300 -0.005267 -0.487387  0.495175   5
  1  0  0.938300  0.247498  0.121733 -0.172618   2
  1  0  0.938300 -0.014602  0.018588  0.229643   1
  1  0  0.938300  0.127195 -0.060736  0.080058   6
  1  0  0.938300  0.022993  0.031900  0.791724   9
  1  1  0.938300  0.193000 -0.163333  0.487879   6
  1  0  0.938300  0.087162  0.278410  0.834163   3
  1  0  0.938300  0.145569  0.147542  0.526554   3
  1  0  0.938300 -0.155809  0.169368  0.187374   2
  1  1  0.938300  0.237087  0.396895  0.353146   6
  1  0  0.938300  0.379847 -0.042981  0.653684   8
  1  0  0.938300 -0.330854 -0.480951  1.011092   3
  1  1  0.938300 -0.025174 -0.446678  0.502012  -2
  1  1  0.938300  0.131281 -0.229446  1.188141  -1
  1  1  0.938300  0.253081 -0.004048  0.044076  -2
  1  1  0.938300  0.283872 -0.199283  0.659979  -3
  1  1  0.938300 -0.301730 -0.008633  0.370487  -4
  1  1  0.938300  0.164351 -0.032733  0.727615  -4
  1  1  0.938300  0.215420  0.218507  0.581171  -9
  1  0  0.938300 -0.028063  0.034903  0.601967  -7
  1  1  0.938300 -0.225415  0.103081  0.483317  -2
  1  1  0.938300 -0.174982 -0.246451  0.256929  -5
  1  1  0.938300 -0.433484 -0.096709  0.798219  -2
  1  1  0.938300  0.095573  0.090019  0.913355  -1
  1  1  0.938300 -0.172512 -0.300199  0.849561  -3
  1  1  0.938300 -0.119465  0.004552  0.407634  -4
  1  1  0.938300  0.577379 -0.026825  0.103126  -6
  1  1  0.938300 -0.126794 -0.025830  0.133903  -3
  1  1  0.938300 -0.227179 -0.055393  1.232977  -5
  1  1  0.938300 -0.210675 -0.410677  0.794527  -3
  1  1  0.938300  0.185749 -0.165111  0.889386  -1
  1  1  0.938300  0.024159 -0.103646  0.597788  -1
  1  1  0.938300  0.157462  0.318145  0.591690  -3
  1  0  0.938300  0.244636  0.008710  0.423642  -4
  1  1  0.938300 -0.057234  0.248054  0.663438  -4
  1  1  0.938300  0.142168 -0.163848  0.746989  -7
  1  1  0.938300 -0.441820  0.117140  0.508111  -2
  1  1  0.938300  0.179126 -0.080408  0.485067  -6
  1  1  0.938300 -0.079556  0.107536  0.082684  -2
  1  1  0.938300 -0.331356  0.509461  0.622889  -6
  1  0  0.938300 -0.127276 -0.244624  0.400995  -5
  1  1  0.938300 -0.051205  0.043540  0.760076  -1
  1  1  0.938300 -0.472742 -0.737465  1.305656  -4
  1  1  0.938300  0.128817 -0.014125  0.585629  -4
  1  1  0.938300 -0.036096  0.020891  0.867777  -1
  1  1  0.938300 -0.092306  0.112136  0.395962  -7
  1  1  0.938300 -0.030770 -0.122304  0.221311  -6
  1  1  0.938300 -0.074191  0.281989  0.512948  -7
  1  1  0.938300 -0.444113 -0.074310  0.586092  -4
  1  1  0.938300  0.169852 -0.249817  0.391799  -5
  1  1  0.938300 -0.348778  0.273206  0.102263  -2
  1  0  0.938300  0.661308  0.732563  0.619769  -4
  1  1  0.938300 -0.171936  0.495969  0.265401  -4
  1  1  0.938300 -0.045204 -0.085701  0.919556  -1
  1  1  0.938300  0.086510 -0.085624  0.990135  -1
  1  1  0.938300 -0.084534 -0.035252  0.100672  -3
  1  1  0.938300  0.064181  0.697486  1.277570  -8
  1  1  0.938300  0.233163 -0.070247  0.304499  -6
  1  1  0.938300 -0.050772  0.447696  0.292919  -3
  1  1  0.938300  0.068960 -0.142760  0.516280  -4
  1  1  0.938300 -0.246767 -0.302346  0.666034  -3
  1  1  0.938300  0.233611  0.132242  0.649832  -7
  1  1  0.938300 -0.497001 -0.181103  0.125123  -4
  1  1  0.938300 -0.465129  0.329022  1.238496  -3
  1  1  0.938300 -0.210237 -0.246981  0.395460  -2
  1  1  0.938300  0.613784  0.136612  1.475858  -4
  1  1  0.938300 -0.200391 -0.252253  0.704824  -2
  1  1  0.938300 -0.133093 -0.039648  0.877211  -1
  1  1  0.938300 -0.239385 -0.305297  0.114878  -2
  1  1  0.938300 -0.288204 -0.298603  0.406895  -4
  1  1  0.938300 -0.043085  0.194913  0.406298  -3
  1  1  0.938300  0.199758 -0.452141  0.174319  -2
  1  1  0.938300 -0.209411 -0.031232  0.828047  -3
  1  1  0.938300 -0.177428  0.356859  0.490245  -8
  1  1  0.938300 -0.086301 -0.352429  0.519883  -3
  1  1  0.938300 -0.316501 -0.310585  0.155415  -6
  1  1  0.938300  0.147960 -0.009076  0.702537  -1
  1  1  0.938300 -0.262309 -0.135037  0.045137  -5
  1  0  0.938300  0.096341  0.022510  0.693533  -2
  1  1  0.938300  0.016581 -0.024907  0.753720  -3
  1  1  0.938300 -0.249308  0.573428  0.526034  -2
  1  1  0.938300 -0.293788  0.078345  0.812935  -2
  1  1  0.938300  0.093415 -0.077717  0.121321  -4
  1  1  0.938300 -0.143129  0.372141  0.647926  -2
  1  1  0.938300 -0.092132 -0.138652  0.844891  -1
  1  1  0.938300 -0.398767 -0.264182  0.936048  -5
  1  1  0.938300  0.035521  0.033232  0.164446  -5
  1  1  0.938300  0.200442 -0.045354  0.185456  -5
  1  1  0.938300  0.034712 -0.483681  0.673650  -6
  1  1  0.938300 -0.265808 -0.000307  0.446206  -4
  1  1  0.938300 -0.010686  0.161178  0.441704  -2
  1  0  0.938300  0.168043 -0.365745  0.471639  -3
  1  0  0.938300 -0.229183  0.026928  0.745385  -3
  1  0  0.938300 -0.315347  0.213296  0.176832  -9
  1  0  0.938300  0.617333 -0.032885  0.437815  -3
  1  0  0.938300  0.022095  0.230545  0.572453  -2
  1  0  0.938300  0.196114  0.129823  1.023174  -1
  1  0  0.938300  0.184353  0.085218  0.579627  -4
  1  0  0.938300  0.078293 -0.618858  0.815560  -3
  1  0  0.938300 -0.131436  0.172558  0.733326  -4
  1  0  0.938300  0.253147  0.141603  0.290182  -2
  1  0  0.938300  0.132050  0.164552  0.613949  -9
  1  0  0.938300 -0.226417 -0.327825  0.500068  -5
  1  1  0.938300  0.103661 -0.278345  0.776508  -5
  1  0  0.938300  0.235891  0.387849  0.328540  -6
  1  0  0.938300 -0.124195 -0.078367  0.331723  -4
  1  1  0.938300  0.061063 -0.035981  0.949248  -5
  1  0  0.938300  0.446183 -0.046821  0.784065  -4
  1  0  0.938300 -0.412213  0.023273  0.495549  -6
  1  0  0.938300  0.051544 -0.144691  0.295072  -3
  1  0  0.938300  0.520876 -0.072777  0.374996  -3
  1  0  0.938300 -0.059286  0.340950  0.587343  -4
  1  0  0.938300  0.395816  0.354844  0.275388  -5
  1  0  0.938300 -0.138722  0.110352  0.192523  -4
  1  0  0.938300  0.472601 -0.358691  0.809145  -3
  1  0  0.938300  0.169688  0.256495  0.483989  -4
  1  0  0.938300 -0.466494 -0.386203  1.110622  -4
  1  0  0.938300 -0.049397  0.139140  0.180613  -4
  1  0  0.938300 -0.182253 -0.163526  0.815673  -2
  1  0  0.938300 -0.500269 -0.378478  0.716366  -8
  1  0  0.938300  0.013331 -0.001272  1.116266  -1
  1  0  0.938300  0.198390  0.166205  0.383381  -5
  1  0  0.938300 -0.272198  0.002811  0.756270  -5
  1  0  0.938300  0.145203  0.084731  0.011347  -5
  1  0  0.938300  0.369147 -0.091337  0.630321  -3
  1  0  0.938300 -0.031812  0.081653  0.272685  -3
  1  0  0.938300 -0.048648 -0.507560  0.752545  -2
  1  0  0.938300 -0.109298  0.318078  0.565658  -3
  1  0  0.938300  0.181721  0.364933  0.511612  -2
  1  0  0.938300 -0.292135 -0.532625  0.773609  -3
  1  0  0.938300  0.288371 -0.172722  0.905717  -4
  1  0  0.938300 -0.135749 -0.126703  0.580712  -4
  1  0  0.938300  0.233831  0.157784  0.661690  -3
  1  0  0.938300  0.023011  0.242494  0.526098  -5
  1  0  0.938300 -0.016712 -0.176895  0.458263  -6
  1  0  0.938300  0.374665  0.013931  0.579565  -7
  1  0  0.938300 -0.216593  0.291167  0.651034  -8
  1  0  0.938300  0.304964  0.153580  0.395376  -4
  1  0  0.938300  0.127519  0.247590  0.386314  -5
  1  0  0.938300 -0.530129  0.038900  0.678743  -6
  1  0  0.938300  0.032520 -0.235052  0.604084  -3
  1  0  0.938300 -0.061410  0.050563  0.309400  -6
  1  0  0.938300  0.027534 -0.119641  0.527980  -4
  1  0  0.938300  0.388897  0.372009  0.829008  -3
  1  0  0.938300  0.046954 -0.076738  0.845912  -3
  1  0  0.938300 -0.101983  0.038805  0.359935  -8
  1  0  0.938300  0.087089 -0.065965  0.684444  -3
  1  0  0.938300  0.228757 -0.271145  0.815987  -4
  1  0  0.938300 -0.133860 -0.124601  0.786923  -2
  1  0  0.938300 -0.155200 -0.572389  0.629063  -4
  1  0  0.938300 -0.332166  0.169640  0.114694  -4
  1  0  0.938300  0.267724 -0.070708 -0.022273  -8
  1  0  0.938300 -0.184026 -0.099136  0.957728  -2
  1  0  0.938300 -0.060436 -0.253485  0.341942  -7
  1  0  0.938300 -0.184405 -0.281883  0.043884  -3
  1  0  0.938300  0.392290 -0.114603  0.863577  -3
  1  0  0.938300  0.166780 -0.044565  0.472096  -4
  1  0  0.938300  0.274243 -0.052150  0.851289  -5
  1  0  0.938300 -0.084373 -0.113405  0.838107  -1
  1  1  0.938300 -0.046953 -0.178104  0.515878  -3
  1  0  0.938300 -0.098178 -0.227914  0.391498  -5
  1  0  0.938300  0.014821 -0.152177  0.646373  -3
  1  0  0.938300 -0.180512  0.067209  0.847682  -2
  1  0  0.938300  0.142906  0.283345  1.153233  -2
  1  0  0.938300 -0.207489  0.184600  0.733218  -7
  1  0  0.938300  0.298519  0.117713  1.237402  -1
  1  0  0.938300  0.277586  0.433848  0.605425  -6
  1  0  0.938300 -0.099636  0.284154  0.335819  -7
  1  0  0.938300  0.357812  0.281050  0.443943  -3
  1  0  0.938300 -0.090722  0.400446  0.098189  -2
  1  1  0.938300 -0.242816  0.287831  0.411994  -7
  1  0  0.938300  0.158181 -0.435121  0.289389  -4
  1  0  0.938300  0.004715 -0.002578  0.585489  -7
  1  0  0.938300  0.050149  0.141915  0.885702  -2
  1  0  0.938300  0.280793 -0.573138  0.238840  -3
  1  0  0.938300 -0.034640 -0.321675  0.611618  -6
  1  0  0.938300 -0.085028  0.018635  0.949495  -5
  1  1  0.938300 -0.229455 -0.393529  0.337376  -2
  1  0  0.938300 -0.228923 -0.144841  0.571933  -4
  1  0  0.938300 -0.156678  0.216984  0.397927  -6
  1  0  0.938300  0.091751  0.086666  0.519780  -3
  1  0  0.938300 -0.093126 -0.121518  0.264905 -10
  1  0  0.938300  0.006582  0.002734  0.634275  -2
  1  0  0.938300 -0.183764 -0.350337  0.666271  -2
  1  0  0.938300  0.055552  0.027086  0.642529  -2
  1  0  0.938300 -0.207754 -0.192542  0.491305  -2
  1  0  0.938300 -0.035868 -0.162005  0.720789  -5
  1  0  0.938300 -0.037439 -0.161490  0.221727  -4
  1  0  0.938300  0.273785  0.053261  0.951533  -2
  1  0  0.938300 -0.068146  0.144300  0.647145  -6
  1  0  0.938300  0.038000 -0.018604  0.741953  -1
  1  1  0.938300  0.094800  0.306575  0.462861  -4
  1  0  0.938300  0.233469  0.021670  0.479706  -8
  1  0  0.938300 -0.068194 -0.107014  0.934870  -1
  1  0  0.938300  0.049663  0.082257  0.488529  -5
  1  0  0.938300  0.126230  0.109961  0.333519  -2
  1  1  0.938300  0.164286  0.106729  0.609679  -6
  1  0  0.938300 -0.183935 -0.250478  0.293001  -2
  1  0  0.938300  0.033014  0.045185  0.878922  -1
  1  0  0.938300  0.470959 -0.151211  0.343991  -6
  1  0  0.938300  0.115244  0.212489  0.536485 -10
  1  0  0.938300  0.021801  0.477622  0.916857  -9
  1  0  0.938300 -0.009067 -0.109326  0.778511  -1
  1  0  0.938300 -0.410802  0.226395  0.463308  -6
  1  0  0.938300  0.205050 -0.122950  0.654056  -1
  1  0  0.938300  0.084521  0.086438  0.845016  -3
  1  0  0.938300 -0.041720  0.006615  0.713331  -2
  1  1  0.938300  0.000248 -0.064429  0.338233  -8
  1  0  0.938300 -0.018579  0.030108  0.886006  -1