  1  1  0.938300 -0.330472  0.009208  0.326153   4
  1  1  0.938300  0.316933 -0.099489  0.365862   5
  1  1  0.938300 -0.062058  0.302284  0.196735   7
  1  1  0.938300 -0.238118  0.040815  0.027771   1
  1  1  0.938300  0.161922  0.031892  0.539465   3
  1  0  0.938300 -0.271740 -0.034428  0.175220   5
  1  1  0.938300 -0.015406 -0.334604  0.911007   5
  1  0  0.938300 -0.196576 -0.067495  0.238212   4
  1  1  0.938300 -0.664584  0.010872  0.266318   3
  1  1  0.938300  0.261380 -0.078461  0.068778   1
  1  1  0.938300  0.061225 -0.027317 -0.030627   1
  1  1  0.938300  0.137811 -0.202583  0.311989   5
  1  1  0.938300  0.021011 -0.032064  0.442234   5
  1  0  0.938300 -0.086133  0.315816  0.235318  11
  1  1  0.938300  0.239566  0.232111  0.344782   9
  1  1  0.938300  0.021913 -0.155230  0.520885   6
  1  1  0.938300  0.131887 -0.238062  0.662648  10
  1  1  0.938300 -0.291339  0.014865  0.608804   2
  1  1  0.938300 -0.402189  0.130002  0.277894   7
  1  1  0.938300 -0.307750  0.205480  0.208776   6
  1  1  0.938300  0.289597 -0.134727 -0.068168   2
  1  0  0.938300  0.116401 -0.378138 -0.009048   5
  1  1  0.938300 -0.049533  0.010095 -0.023001   5
  1  1  0.938300 -0.389164 -0.319087  0.228340   4
  1  1  0.938300  0.383584 -0.223469  0.527967   6
  1  1  0.938300 -0.014920  0.003982  0.023263   1
  1  1  0.938300  0.489202  0.073539  0.505039   2
  1  1  0.938300 -0.299385 -0.237535  0.694425   3
  1  0  0.938300 -0.468043 -0.077065  0.608346   5
  1  1  0.938300 -0.310970  0.327582  0.116813   2
  1  1  0.938300 -0.529367  0.040230  0.756952   3
  1  0  0.938300  0.051657  0.206903  0.335320   6
  1  1  0.938300 -0.090169 -0.020129  0.658557  11
  1  1  0.938300 -0.101695  0.252018  0.456771   6
  1  1  0.938300 -0.161494 -0.322414  0.216397   3
  1  1  0.938300  0.008380  0.196162  0.505843   3
  1  1  0.938300 -0.061499 -0.256261  0.246076   1
  1  1  0.938300 -0.012526 -0.166789  0.676043   4
  1  1  0.938300 -0.180052 -0.006232  0.620459   4
  1  1  0.938300  0.538484 -0.003301  0.514450   2
  1  0  0.938300 -0.082169 -0.257280  0.699571   5
  1  1  0.938300  0.612722  0.146439  0.300187   6
  1  1  0.938300  0.074803 -0.321949 -0.033454   4
  1  0  0.938300 -0.295024 -0.286845  0.184657   5
  1  0  0.938300  0.427501  0.389145  0.134791   7
  1  1  0.938300  0.049936 -0.086257  0.379904   7
  1  1  0.938300  0.325088  0.019649  0.299925   4
  1  1  0.938300  0.083395 -0.020650  0.062246   1
  1  1  0.938300 -0.040989  0.194886  0.057308   6
  1  1  0.938300  0.233473  0.061300  0.419235   2
  1  1  0.938300 -0.353736  0.194934  0.412519   3
  1  1  0.938300 -0.335079  0.049668  1.175682   6
  1  1  0.938300 -0.408328 -0.153595  0.285713   4
  1  0  0.938300 -0.122357  0.092947  0.444957   6
  1  0  0.938300  0.114570 -0.179515  0.725635   6
  1  1  0.938300 -0.227266 -0.058388  0.045155   2
  1  1  0.938300 -0.142093  0.177430  0.477705   5
  1  1  0.938300  0.123011  0.095828  0.335968   5
  1  1  0.938300 -0.106555  0.060342  0.378876   8
  1  1  0.938300 -0.072629 -0.121856  0.698372   4
  1  1  0.938300  0.144685 -0.054876  0.236425   2
  1  1  0.938300  0.073693 -0.548644  0.553945   6
  1  1  0.938300  0.057280  0.032891  0.022731   1
  1  1  0.938300 -0.325618 -0.149682  0.145807   7
  1  1  0.938300 -0.213351 -0.003011  0.414226   2
  1  1  0.938300 -0.205013 -0.295857  0.546346   3
  1  1  0.938300 -0.153134  0.101594  0.388301   7
  1  1  0.938300 -0.067617 -0.255427  0.616588   3
  1  1  0.938300  0.182987 -0.041238  1.298164   4
  1  1  0.938300 -0.204379 -0.388053  0.255000   6
  1  1  0.938300  0.344116  0.155358  0.649506   3
  1  0  0.938300 -0.286339 -0.084991 -0.140882   4
  1  1  0.938300  0.163478  0.107044  0.133518   2
  1  1  0.938300  0.022377 -0.038604  0.232187   2
  1  1  0.938300  0.213679 -0.193791  0.894234   6
  1  1  0.938300  0.368138  0.332802  0.355505   2
  1  1  0.938300 -0.530312  0.114646  0.553381   3
  1  1  0.938300  0.101361 -0.113814 -0.047979   1
  1  1  0.938300 -0.139930 -0.039511  0.183212   1
  1  0  0.938300  0.123173  0.261572  0.415981   5
  1  0  0.938300 -0.208803  0.416276  0.797150   3
  1  0  0.938300 -0.369157  0.178276  0.319561   2
  1  0  0.938300  0.078749 -0.146908  0.315753   5
  1  0  0.938300  0.067173  0.116598  0.870445   4
  1  0  0.938300  0.036375 -0.203600  0.754343   3
  1  0  0.938300  0.084811 -0.304003  0.306520   3
  1  0  0.938300 -0.458292 -0.425328  0.266099   2
  1  0  0.938300  0.277571 -0.068319  0.642053   8
  1  0  0.938300 -0.184432 -0.085401  0.591125   5
  1  0  0.938300  0.059964  0.284303  0.446416   2
  1  0  0.938300 -0.171875  0.096611  0.374188  10
  1  1  0.938300 -0.373400  0.015940  0.192522   5
  1  0  0.938300 -0.213143 -0.200200  0.111554   9
  1  1  0.938300  0.059167 -0.367976  0.474924   5
  1  0  0.938300  0.079706  0.114633  0.624453   5
  1  0  0.938300 -0.478233  0.079558  0.468804   4
  1  0  0.938300 -0.215559  0.342515  0.416660   2
  1  0  0.938300  0.022015 -0.772017  0.564621   4
  1  0  0.938300 -0.410238  0.347471  0.113578   3
  1  0  0.938300 -0.029472 -0.376818  0.503033   3
  1  0  0.938300  0.107686  0.227805  0.141199   2
  1  0  0.938300  0.537669 -0.466517  0.534272   6
  1  0  0.938300  0.253103  0.282346  0.117387   2
  1  0  0.938300  0.285347  0.094263  0.686057   6
  1  0  0.938300  0.007262 -0.196982  0.046289   1
  1  0  0.938300  0.298949  0.144646  0.413738   4
  1  0  0.938300 -0.083920 -0.016165  0.286693   4
  1  0  0.938300  0.069981  0.381513  0.130758   5
  1  0  0.938300 -0.231826 -0.157991  1.075110   9
  1  0  0.938300  0.149482  0.144585  0.594575   6
  1  0  0.938300 -0.217880  0.259135  0.646879   4
  1  0  0.938300  0.391846  0.097428  0.469462   2
  1  0  0.938300  0.347102 -0.268027 -0.019232   3
  1  0  0.938300  0.147451  0.083451  0.464810   4
  1  0  0.938300 -0.211624  0.121311  0.263510   7
  1  0  0.938300  0.243787 -0.056706  0.546289   4
  1  0  0.938300  0.293184  0.201413  0.327500   3
  1  0  0.938300 -0.034739  0.198425  0.326808   4
  1  0  0.938300 -0.368080 -0.061412  0.830285   3
  1  0  0.938300 -0.119389 -0.059984  0.014986   7
  1  0  0.938300 -0.451298  0.165170  0.026542   2
  1  0  0.938300  0.251720  0.249250  0.487733   6
  1  1  0.938300  0.071136 -0.182020  0.180413   9
  1  0  0.938300 -0.044435  0.132164  0.425052   2
  1  0  0.938300 -0.366961  0.305813  0.584477   5
  1  0  0.938300  0.357191 -0.200109  0.459217   4
  1  0  0.938300 -0.452622 -0.125748  0.536970   2
  1  0  0.938300 -0.006932  0.221949  0.293589   7
  1  1  0.938300  0.459767  0.085161  0.327374   3
  1  0  0.938300 -0.333028 -0.292940  0.549427   3
  1  0  0.938300 -0.392190  0.179157  0.487158   3
  1  0  0.938300  0.005573 -0.146549  0.675626   7
  1  1  0.938300  0.160817 -0.100875  0.162187   5
  1  0  0.938300 -0.039249  0.204558  0.250264   4
  1  0  0.938300 -0.108770 -0.366630  0.261986   2
  1  0  0.938300 -0.018489  0.353060  0.579546   7
  1  0  0.938300  0.225176  0.369483 -0.032620   5
  1  0  0.938300 -0.535789  0.099973  0.808619   4
  1  0  0.938300  0.039802 -0.121425  0.272751   1
  1  0  0.938300 -0.220577 -0.078820 -0.047241   2
  1  0  0.938300  0.052725  0.201471  0.428986   4
  1  0  0.938300 -0.195677  0.109950  0.299889   3
  1  0  0.938300  0.135229  0.029002  0.363797   3
  1  0  0.938300  0.038378 -0.197000  0.212827   4
  1  0  0.938300  0.456376 -0.170910  0.768828   8
  1  0  0.938300 -0.014978  0.074811  0.096814   2
  1  0  0.938300 -0.015233  0.164223  0.011560  10
  1  0  0.938300  0.063874  0.412589  0.254418   2
  1  0  0.938300 -0.575973  0.021057  0.036691   2
  1  0  0.938300  0.173680  0.036016  0.174618   2
  1  0  0.938300 -0.398725  0.014578  0.298898   2
  1  0  0.938300  0.196051 -0.483858  0.554615   5
  1  1  0.938300  0.356613  0.192061  0.422862  10
  1  0  0.938300  0.028656 -0.094458  0.937569   6
  1  0  0.938300  0.108006 -0.285313  0.267470   6
  1  0  0.938300 -0.029025  0.101122  0.484549   3
  1  0  0.938300 -0.277532 -0.109164  0.513362   2
  1  0  0.938300 -0.150747  0.379201  0.756490   3
  1  0  0.938300  0.355900 -0.160834  0.452842   4
  1  0  0.938300  0.036789  0.351090  0.322283   2
  1  0  0.938300  0.180240 -0.362822  0.701029   5
  1  0  0.938300 -0.298823 -0.088249  0.386004   8
  1  0  0.938300 -0.127179  0.057443  0.180900   1
  1  0  0.938300 -0.353209  0.149497  0.598253   2
  1  0  0.938300 -0.028792 -0.125768  0.774639   6
  1  0  0.938300  0.023160 -0.100099  0.232113   3
  1  0  0.938300  0.058371 -0.113254  0.362198   3
  1  0  0.938300 -0.111101 -0.165870  0.349286   3
  1  0  0.938300 -0.135448 -0.175813  0.398882   4
  1  0  0.938300  0.322345  0.192413  0.384955   4
  1  0  0.938300 -0.243834  0.003120  0.137991   9
  1  0  0.938300  0.049698  0.189761  0.515823   3
  1  0  0.938300  0.495289 -0.167681  0.259652   3
  1  0  0.938300  0.232910 -0.311631  0.350878   3
  1  0  0.938300  0.658130 -0.185501  1.081133   4
  1  0  0.938300 -0.087733 -0.216732  0.514430   5
  1  0  0.938300 -0.388348  0.371125  0.754275   2
  1  0  0.938300  0.169208  0.405342  0.477520   4
  1  0  0.938300 -0.730791 -0.337294  0.303728   3
  1  0  0.938300 -0.003894 -0.029148  0.537458   6
  1  0  0.938300 -0.306920 -0.326082  0.794233   2
  1  0  0.938300  0.096006  0.177197  0.025572   1
  1  1  0.938300  0.244938  0.322394  0.402146   5
  1  0  0.938300 -0.182649 -0.091486  0.474727   3
  1  0  0.938300  0.292025 -0.199410  1.001751   6
  1  0  0.938300  0.002855  0.044011  0.159361   1
  1  0  0.938300  0.335272 -0.575311  0.401192   7
  1  1  0.938300  0.037269 -0.684057  0.840538   4
  1  0  0.938300  0.237755  0.020774  0.161562   6
  1  0  0.938300 -0.235771  0.762960  0.422811   4
  1  0  0.938300  0.039419  0.348484  0.647483   5
  1  0  0.938300  0.018496 -0.043344 -0.080441   2
  1  1  0.938300 -0.543745  0.293442 -0.118136   3
  1  0  0.938300 -0.074835  0.151618  0.743022   5
  1  0  0.938300 -0.069026 -0.223272  0.936631   4
  1  0  0.938300 -0.043414 -0.024864  0.504764   1
  1  0  0.938300 -0.138240 -0.088217  0.517008   3
  1  1  0.938300  0.054258 -0.051453  0.710016  -1
  1  1  0.938300  0.228112 -0.222055  0.984248  -5
  1  1  0.938300  0.107015 -0.589906  0.437079  -8
  1  1  0.938300  0.121986  0.004328  0.283844  -6
  1  1  0.938300 -0.164532  0.587507  0.459195  -4
  1  1  0.938300 -0.000962  0.184175  0.660347  -2
  1  1  0.938300  0.021979  0.335171  0.378309 -10
  1  1  0.938300  0.520508 -0.051025  0.513002  -3
  1  0  0.938300  0.106333 -0.005899  0.537543  -2
  1  1  0.938300 -0.074259  0.099233  1.027985  -1
  1  0  0.938300 -0.212872  0.409197  0.619223  -7
  1  1  0.938300 -0.337400 -0.200058  0.761807  -3
  1  1  0.938300 -0.069585 -0.047328  1.059193  -1
  1  1  0.938300 -0.023255  0.036937  0.383488  -4
  1  1  0.938300 -0.089012  0.185996  0.345039  -6
  1  1  0.938300 -0.142766  0.107578  0.402752  -2
  1  1  0.938300  0.084436 -0.156827  0.396199  -6
  1  1  0.938300 -0.236163  0.001091  0.569025  -7
  1  1  0.938300 -0.166002 -0.400494  0.478465  -3
  1  1  0.938300  0.121237 -0.154191  0.264831  -5
  1  1  0.938300 -0.298049 -0.094695  0.605454  -4
  1  1  0.938300  0.091514 -0.157072  0.178465  -2
  1  1  0.938300  0.246194  0.618344  0.458818  -3
  1  1  0.938300  0.352548 -0.150444  0.609208  -2
  1  1  0.938300 -0.055117 -0.026228  0.315954  -5
  1  1  0.938300  0.260347  0.007817  0.531444  -4
  1  1  0.938300  0.133963 -0.062116  0.628680  -7
  1  1  0.938300 -0.142221  0.142574 -0.013563  -4
  1  1  0.938300  0.154265 -0.293483  0.373938  -2
  1  1  0.938300  0.007859 -0.052373  0.640795  -5
  1  1  0.938300  0.207482  0.204740  0.367736  -2
  1  1  0.938300  0.084053  0.289302  0.735328  -6
  1  1  0.938300 -0.168288 -0.400856  0.598061  -3
  1  1  0.938300 -0.005669 -0.392994  0.032227  -3
  1  1  0.938300  0.262852  0.150081  0.163311  -7
  1  0  0.938300 -0.108250  0.193546 -0.100682 -11
  1  1  0.938300  0.195164 -0.307289  0.380343  -2
  1  1  0.938300  0.071221  0.230511  0.475411  -5
  1  1  0.938300 -0.098242 -0.115079  0.135882  -3
  1  1  0.938300 -0.233624  0.007917  0.605774  -5
  1  1  0.938300  0.230706 -0.322523  0.302676  -5
  1  1  0.938300 -0.082323 -0.203024  0.896770  -1
  1  1  0.938300  0.437750 -0.023334  0.549078  -3
  1  1  0.938300 -0.298618 -0.229818  0.426646  -3
  1  1  0.938300 -0.093675 -0.219145  0.656027  -5
  1  0  0.938300  0.473657 -0.015177  0.427703  -3
  1  1  0.938300 -0.026176 -0.403845  0.205091  -3
  1  1  0.938300 -0.087848 -0.074214  0.584024  -7
  1  1  0.938300  0.384138 -0.176514  0.269376  -2
  1  1  0.938300 -0.062734  0.161780  0.763844  -1
  1  1  0.938300 -0.045006 -0.147866  0.784933  -3
  1  1  0.938300  0.327494 -0.389393  0.714566  -7
  1  1  0.938300  0.065369  0.049067  0.641337  -2
  1  1  0.938300  0.016886  0.016368  0.355812  -6
  1  1  0.938300 -0.027461  0.128465  0.887933  -3
  1  1  0.938300  0.106941 -0.653436  0.450240 -10
  1  1  0.938300  0.058424 -0.101222  1.118229  -3
  1  1  0.938300 -0.161546  0.106378  0.555303  -2
  1  1  0.938300  0.112168  0.130220  0.472566  -1
  1  1  0.938300 -0.309794 -0.201819  0.169364  -2
  1  1  0.938300  0.395214  0.119055  0.517259  -7
  1  1  0.938300  0.177608 -0.142269  0.566121  -5
  1  1  0.938300  0.011038 -0.004892  0.884319  -1
  1  1  0.938300 -0.023330  0.305584  0.267252  -3
  1  1  0.938300  0.080389  0.121287  0.770841  -1
  1  1  0.938300 -0.152468  0.059217  0.560248  -4
  1  1  0.938300  0.264356  0.521098  0.704716  -5
  1  1  0.938300  0.023523 -0.004151  0.868026  -1
  1  1  0.938300  0.252601 -0.367504  0.113753  -4
  1  1  0.938300  0.029888  0.044087  0.864292  -1
  1  1  0.938300  0.229881 -0.125815 -0.004674  -5
  1  1  0.938300  0.368200  0.282141  0.647772  -5
  1  0  0.938300 -0.241676  0.440067  0.184394  -4
  1  1  0.938300  0.043377 -0.255000  0.751969  -4
  1  1  0.938300 -0.072009  0.060439  0.382285  -3
  1  1  0.938300 -0.289326  0.079917  0.405934  -3
  1  0  0.938300 -0.057298  0.029392  0.623056  -4
  1  1  0.938300  0.442542 -0.358814  0.374943  -4
  1  1  0.938300 -0.239397 -0.614176  0.484043  -2
  1  0  0.938300  0.337854  0.547081  1.132651  -4
  1  0  0.938300 -0.404957 -0.006314  0.301354  -5
  1  0  0.938300 -0.069826 -0.126642  0.842542  -2
  1  0  0.938300  0.232578  0.214862  0.341322  -4
  1  0  0.938300  0.210624 -0.108017  0.121594  -5
  1  0  0.938300 -0.476535  0.004509  0.735332  -2
  1  0  0.938300 -0.114764  0.000171  0.734627  -1
  1  0  0.938300 -0.088567 -0.309801  0.363135 -11
  1  0  0.938300  0.211104 -0.242003  0.188848  -8
  1  0  0.938300  0.024679  0.140768  0.207819  -5
  1  0  0.938300  0.053501  0.132194  0.572485  -7
  1  0  0.938300 -0.269288 -0.325101  0.305378  -3
  1  0  0.938300  0.076751 -0.065895  0.845831  -1
  1  1  0.938300 -0.032987 -0.345744  0.378770  -3
  1  0  0.938300 -0.317888  0.259274  0.417327  -2
  1  0  0.938300 -0.165228 -0.026921  0.272201  -4
  1  0  0.938300  0.191073 -0.562978  1.019578  -2
  1  0  0.938300  0.154429  0.317116  0.268099  -3
  1  1  0.938300 -0.126375 -0.145965  0.820761  -2
  1  0  0.938300  0.062899 -0.120871  0.334454  -3
  1  1  0.938300  0.389380 -0.070876  0.451210  -5
  1  0  0.938300  0.565659  0.392301  0.635260  -4
  1  0  0.938300 -0.162939  0.017761  0.592623  -2
  1  0  0.938300  0.055794 -0.134977  0.577165  -3
  1  0  0.938300 -0.226308  0.066238  0.718660  -3
  1  1  0.938300  0.122324  0.075353  0.065435  -3
  1  0  0.938300  0.050626 -0.343149  0.586077  -4
  1  0  0.938300  0.494774  0.022654  0.221832  -3
  1  0  0.938300  0.126324  0.093455  0.795686  -1
  1  0  0.938300 -0.156975 -0.098315  0.387546  -5
  1  0  0.938300 -0.196337 -0.047339  0.989430  -4
  1  0  0.938300  0.066581  0.100645  0.592957 -10
  1  0  0.938300 -0.065344 -0.135774  0.352167  -5
  1  0  0.938300 -0.102408 -0.135518  0.341635  -4
  1  1  0.938300  0.913614  0.216438  1.227213  -5
  1  0  0.938300  0.529432 -0.271868  0.802973  -4
  1  0  0.938300 -0.279796  0.210399  0.760093  -2
  1  0  0.938300  0.317476 -0.299956  0.568027  -3
  1  0  0.938300  0.481651  0.581564  0.909077  -5
  1  0  0.938300  0.027365 -0.149745  0.960935  -2
  1  0  0.938300  0.051413 -0.250572  0.147092  -5
  1  0  0.938300  0.083984 -0.099774  0.006696  -7
  1  0  0.938300 -0.234374  0.211923  0.629497  -6
  1  0  0.938300  0.227323  0.066294  0.315691  -4
  1  0  0.938300  0.151829 -0.042068  0.986488  -1
  1  1  0.938300  0.218643  0.163355  0.430968  -2
  1  0  0.938300  0.105691  0.189784  0.577975  -8
  1  0  0.938300 -0.058663  0.166108  0.764988  -4
  1  0  0.938300 -0.721344  0.030602  0.806857  -2
  1  0  0.938300 -0.094978 -0.140206  0.350179  -3
  1  0  0.938300 -0.013578 -0.200159  0.973711  -3
  1  1  0.938300 -0.011711  0.404815  0.501771  -3
  1  0  0.938300  0.151632 -0.026711  0.399537  -6
  1  0  0.938300 -0.042230 -0.228654  0.398313  -3
  1  1  0.938300 -0.484857 -0.081079  0.646436 -10
  1  0  0.938300  0.142451  0.047864  0.474965  -5
  1  0  0.938300  0.210770 -0.193349  0.232293  -4
  1  0  0.938300 -0.363737  0.253388  0.557543  -9
  1  0  0.938300  0.125417 -0.103609  0.373317  -3
  1  0  0.938300  0.283560  0.035794  0.187974  -6
  1  0  0.938300  0.136776  0.799197  0.831817  -4
  1  0  0.938300  0.413481 -0.008494  0.202065  -2
  1  0  0.938300  0.262292 -0.231617  0.439146  -4
  1  0  0.938300 -0.053918 -0.198103  0.163871  -3
  1  0  0.938300  0.119921  0.299769  0.711351  -5
  1  0  0.938300 -0.330374  0.068203  0.636479  -4
  1  0  0.938300 -0.181792 -0.014474  0.204662  -6
  1  0  0.938300 -0.069441  0.169618  0.415493  -4
  1  0  0.938300  0.270248  0.225893  0.547830  -5
  1  0  0.938300 -0.029020 -0.041825  0.679384  -1
  1  0  0.938300 -0.207369 -0.168875  0.057906  -3
  1  0  0.938300  0.077295 -0.206896  0.126392  -3
  1  0  0.938300  0.106001  0.572335  0.902402  -2
  1  0  0.938300  0.198663  0.047436 -0.034999  -6
  1  0  0.938300 -0.231733  0.105323  0.249883  -3
  1  0  0.938300  0.283289  0.168532  0.595220  -2
  1  0  0.938300 -0.061839  0.034336  0.537101  -7
  1  0  0.938300  0.273048  0.266633  0.612912  -3
  1  1  0.938300 -0.179512 -0.290601  0.139695  -3
  1  0  0.938300 -0.292044 -0.040667  0.848848  -8
  1  0  0.938300 -0.171760  0.356426  0.857659  -4
  1  0  0.938300 -0.013049  0.226614  0.862040  -2
  1  0  0.938300  0.339622 -0.051938  0.438516  -7
  1  0  0.938300 -0.282554 -0.052019  0.442165  -6
  1  0  0.938300  0.064215 -0.343182  0.481512  -2
  1  0  0.938300  0.412375 -0.102651  0.761542  -6
  1  0  0.938300  0.214654  0.203103  0.545390  -4
  1  0  0.938300  0.238417  0.024421  0.755581  -3
  1  0  0.938300  0.123457  0.346887  0.197735  -3
  1  0  0.938300 -0.155393  0.015875  0.941445  -1
  1  0  0.938300  0.632394  0.419596  0.624931  -3
  1  0  0.938300 -0.021809  0.447349  0.727498  -7
  1  0  0.938300 -0.005828  0.209249  0.283171  -3
  1  0  0.938300 -0.182088  0.031067  0.614745  -6
  1  0  0.938300 -0.237434 -0.565012  0.582448  -4
  1  0  0.938300 -0.378234 -0.406191  0.435905  -4
  1  0  0.938300  0.309915  0.332023  0.444171  -3
  1  0  0.938300 -0.178309 -0.233269  0.716554  -2
  1  0  0.938300 -0.159547 -0.317124  0.058601  -3
  1  0  0.938300 -0.176809 -0.024499  0.950701  -5
  1  0  0.938300  0.133228 -0.071631  0.890517  -1
  1  0  0.938300  0.022862  0.380537  0.552730  -2
  1  0  0.938300 -0.266133  0.229392  0.825724  -6
  1  0  0.938300 -0.007002  0.143459  0.676079  -5
  1  0  0.938300 -0.082232 -0.229476  0.319119  -3
  1  0  0.938300  0.098530  0.032393  1.071339  -2
  1  0  0.938300  0.040963  0.027658  0.528139  -3
  1  0  0.938300 -0.119204  0.027900  0.026468  -4
  1  0  0.938300  0.212557  0.039633  0.863541  -2
  1  1  0.938300 -0.282546  0.219106  0.315147 -11
  1  0  0.938300  0.007944  0.187199  0.684004  -3
  1  0  0.938300 -0.207145  0.204732  0.158140  -3
  1  0  0.938300  0.370844 -0.081345  0.927295  -3
  1  0  0.938300 -0.005388 -0.204459  0.484491  -4
  1  0  0.938300  0.249030  0.079220 -0.112023  -5
  1  0  0.938300 -0.139636 -0.223370  0.719641  -3
  1  0  0.938300 -0.193398 -0.373485  0.012016  -6
  1  0  0.938300  0.058573 -0.175435  0.693538  -3