  1  1  0.938300  0.008527  0.020653  0.050169   5
  1  1  0.938300 -0.075731 -0.141351  0.140962   3
  1  1  0.938300  0.271565 -0.151980  0.681029   6
  1  1  0.938300 -0.022160  0.158281  0.375971   2
  1  1  0.938300 -0.343519  0.312593  1.267122   8
  1  1  0.938300  0.090940 -0.288009 -0.091346   4
  1  0  0.938300  0.165081  0.029747  0.498772   2
  1  1  0.938300 -0.206851  0.205556  0.656599   7
  1  1  0.938300 -0.132578 -0.138281  0.637094   3
  1  1  0.938300  0.152394  0.418540  0.375075   2
  1  1  0.938300  0.428213 -0.005107  0.407646   2
  1  1  0.938300  0.048076  0.563937  0.143523   2
  1  1  0.938300 -0.032021  0.091118  0.166272   3
  1  1  0.938300  0.174095 -0.076111  0.324388   5
  1  1  0.938300  0.259343  0.116158  0.555535   6
  1  1  0.938300  0.301806  0.132539  0.175330   6
  1  1  0.938300 -0.229044  0.001767  0.172210   3
  1  1  0.938300  0.015355 -0.044724 -0.087594   1
  1  1  0.938300  0.217362 -0.715463  0.768919   3
  1  1  0.938300 -0.211258 -0.116053  0.487175   6
  1  0  0.938300 -0.160052 -0.173937  0.341238   3
  1  1  0.938300  0.273726  0.132072  0.471870   4
  1  1  0.938300  0.047767  0.382587  0.375769   5
  1  1  0.938300 -0.311899 -0.274703  0.872898   2
  1  1  0.938300  0.003393  0.002164  0.278769   1
  1  1  0.938300 -0.266333 -0.072985  0.317532   6
  1  0  0.938300 -0.227503 -0.073538  0.117176   3
  1  1  0.938300 -0.228993  0.031134  0.832676   4
  1  1  0.938300  0.050626  0.375318  0.118354   2
  1  1  0.938300 -0.065219 -0.031631  0.228002   1
  1  1  0.938300 -0.281185  0.008983  0.421400   3
  1  1  0.938300  0.270840 -0.152347  0.346121   2
  1  1  0.938300 -0.480481  0.283190  0.628465   2
  1  1  0.938300 -0.187271 -0.290355  0.134013   3
  1  1  0.938300  0.194317 -0.300676  0.513542   2
  1  1  0.938300 -0.102687  0.239571  0.144451   2
  1  1  0.938300 -0.246274  0.231065  0.707562   6
  1  1  0.938300  0.212516 -0.131717  0.285639   2
  1  1  0.938300  0.289659 -0.227465  0.353661   3
  1  1  0.938300  0.126764 -0.188930  0.455577   2
  1  1  0.938300  0.403411  0.026853  0.407433   2
  1  1  0.938300 -0.073611  0.067485  0.486062   4
  1  1  0.938300  0.084917  0.285924  0.286477   5
  1  1  0.938300 -0.093995  0.140519  0.171554   2
  1  1  0.938300 -0.060249  0.244912  0.667629   2
  1  0  0.938300 -0.022578 -0.160817  0.927224  11
  1  1  0.938300 -0.087162 -0.394865  0.517339   6
  1  1  0.938300  0.215242 -0.122035  0.792469   3
  1  1  0.938300  0.151224 -0.116595  0.021463   4
  1  0  0.938300 -0.294713  0.145221  0.559889   9
  1  1  0.938300  0.098857  0.192824  0.459999   3
  1  1  0.938300 -0.181293 -0.131763  0.375913   3
  1  1  0.938300 -0.011867  0.259293  0.161431   1
  1  0  0.938300 -0.201883 -0.242054  0.474605  12
  1  1  0.938300 -0.031689  0.081218  0.404033   2
  1  1  0.938300 -0.104520  0.139423  0.681798   3
  1  1  0.938300  0.086517  0.063947  0.259408   4
  1  1  0.938300 -0.022825 -0.078094  0.070854   1
  1  1  0.938300  0.349204 -0.137814  0.851477   5
  1  1  0.938300 -0.033226  0.179639 -0.079024   1
  1  1  0.938300 -0.341339  0.343793  0.912422   4
  1  1  0.938300 -0.130986 -0.095686  1.052672   2
  1  1  0.938300 -0.385179  0.132166  0.393200   2
  1  1  0.938300  0.078184  0.293755  1.078407   3
  1  1  0.938300 -0.152802  0.257912  0.579921   3
  1  1  0.938300  0.254436 -0.445100  0.574195   6
  1  1  0.938300 -0.299783 -0.209892  0.583527   3
  1  1  0.938300 -0.000743 -0.134760  0.050215   1
  1  0  0.938300  0.009466  0.097985 -0.046467   8
  1  1  0.938300 -0.099553 -0.010419  0.240297   6
  1  1  0.938300  0.188820 -0.099715  0.509129   2
  1  1  0.938300 -0.067582  0.314690  0.640794   3
  1  1  0.938300  0.023911 -0.513285  0.779089   8
  1  1  0.938300 -0.040413  0.368938  0.606225   3
  1  1  0.938300  0.297177  0.387524  0.236504   2
  1  1  0.938300 -0.236912 -0.190888  0.352439   4
  1  1  0.938300 -0.031601 -0.097582  0.901777   3
  1  1  0.938300  0.324439 -0.176929  0.591850   4
  1  1  0.938300  0.726576 -0.234483  1.076371   7
  1  0  0.938300  0.361922  0.233430  0.473558   4
  1  0  0.938300  0.005003 -0.022967  0.052542   1
  1  0  0.938300  0.099625  0.210053  0.386998   3
  1  0  0.938300 -0.209604  0.177778  0.099234   4
  1  0  0.938300  0.094771  0.080350  0.329212   4
  1  0  0.938300 -0.541293 -0.201588  0.494042   4
  1  0  0.938300 -0.030014 -0.113210  0.221430   2
  1  0  0.938300 -0.144710 -0.044506  0.487878   4
  1  0  0.938300 -0.341337 -0.009197  0.077512   5
  1  0  0.938300 -0.225169  0.155327  0.834282   5
  1  0  0.938300  0.299683  0.004833  0.120599   6
  1  0  0.938300  0.307668  0.068436  0.105661   6
  1  0  0.938300  0.187956  0.090438  0.015510   1
  1  0  0.938300 -0.123354  0.285837  0.264485   2
  1  0  0.938300  0.040989 -0.336542  0.139634   5
  1  0  0.938300 -0.131205 -0.256415  0.442527   3
  1  0  0.938300 -0.414700 -0.027112  0.123032   5
  1  0  0.938300  0.241645  0.332635  0.204204   2
  1  0  0.938300 -0.178896 -0.056795  0.255976   5
  1  0  0.938300 -0.391723 -0.105184  0.696152   6
  1  1  0.938300  0.832908 -0.145833  0.529206   2
  1  0  0.938300  0.022063 -0.195133  0.665979   3
  1  0  0.938300  0.052586  0.243370  0.367284   4
  1  0  0.938300  0.124639  0.031724  0.642675   4
  1  0  0.938300  0.095627 -0.098392  0.481501   2
  1  1  0.938300 -0.077355 -0.079993  0.556633   5
  1  0  0.938300  0.155725 -0.003057  0.009998   1
  1  0  0.938300  0.127847  0.295733  0.345639   5
  1  0  0.938300 -0.243958  0.087784  0.069953   3
  1  0  0.938300 -0.049345  0.252761  0.107643   1
  1  0  0.938300  0.136838  0.090630  0.389714   2
  1  0  0.938300 -0.343532  0.085096  0.238300   4
  1  0  0.938300 -0.138855 -0.217465  0.665171  10
  1  1  0.938300 -0.019592 -0.390132  0.332597   3
  1  0  0.938300  0.013063  0.311139  0.305245   3
  1  0  0.938300  0.278022 -0.285149  0.478611   4
  1  0  0.938300  0.020494 -0.013776  0.260655   2
  1  0  0.938300 -0.235243 -0.034778  0.114947   6
  1  0  0.938300 -0.059531 -0.356048  0.621315   2
  1  0  0.938300  0.172748  0.093232  0.256637   5
  1  0  0.938300  0.206285 -0.060261  0.134608   1
  1  0  0.938300 -0.220835 -0.015398  0.994045   3
  1  0  0.938300 -0.060102 -0.256439 -0.015728   1
  1  0  0.938300  0.092734  0.130307  0.326806   2
  1  0  0.938300 -0.467789  0.359392  0.255074   2
  1  0  0.938300 -0.201750 -0.211340  0.324760   3
  1  0  0.938300  0.058248 -0.000771  0.427055   5
  1  0  0.938300  0.031994 -0.034760  0.165530   1
  1  0  0.938300  0.319114 -0.132980  0.091117   3
  1  0  0.938300 -0.251960 -0.025851  0.297972   3
  1  0  0.938300 -0.044027 -0.274197  0.545415   7
  1  0  0.938300  0.234336 -0.372273  0.227832   5
  1  0  0.938300 -0.260167 -0.046440  0.503749   2
  1  0  0.938300  0.012449 -0.125098  0.273189   2
  1  0  0.938300  0.050997 -0.084601 -0.072547   1
  1  0  0.938300  0.120649 -0.078492  0.687117   5
  1  0  0.938300 -0.020152  0.408283  0.398379   2
  1  0  0.938300 -0.054459  0.282880  0.255801   2
  1  0  0.938300 -0.083179  0.429391  0.002683   5
  1  0  0.938300 -0.269561  0.111215  0.420778   2
  1  0  0.938300  0.324401 -0.057473  0.844196   3
  1  0  0.938300 -0.028675  0.076048  0.172381   5
  1  0  0.938300  0.174877  0.236682  0.103120   3
  1  0  0.938300  0.552142  0.474201  0.072667   8
  1  0  0.938300  0.181688  0.072178  0.271639   4
  1  0  0.938300 -0.324183  0.041951  0.264410   4
  1  1  0.938300  0.152178  0.272173  0.313522   6
  1  0  0.938300  0.022867 -0.031381  0.443123   3
  1  0  0.938300  0.129749 -0.253687  0.402771   2
  1  0  0.938300 -0.484368 -0.793693  1.183709   2
  1  0  0.938300  0.154842 -0.004561  0.854779   5
  1  0  0.938300 -0.072235 -0.163216  0.594010   5
  1  0  0.938300  0.545984  0.328087  1.028920   4
  1  0  0.938300  0.257648 -0.082392  0.084334   2
  1  0  0.938300  0.211044 -0.153128  0.475353   5
  1  0  0.938300  0.328140  0.515728  0.279755   5
  1  0  0.938300 -0.246530 -0.187398  0.344879   5
  1  0  0.938300 -0.249505 -0.064614  0.635485   6
  1  0  0.938300 -0.466655  0.054331  0.424555   3
  1  1  0.938300 -0.231641  0.517754  0.173565   7
  1  0  0.938300 -0.416016 -0.045662  0.090153   3
  1  1  0.938300  0.025393 -0.115406  0.389405   6
  1  0  0.938300  0.000933  0.300428  0.866126   2
  1  1  0.938300  0.214101 -0.165830  0.356917   5
  1  0  0.938300 -0.320067 -0.394314  0.487521   2
  1  0  0.938300  0.020303 -0.728206  0.353560   2
  1  0  0.938300  0.196549 -0.035417  0.224985   4
  1  0  0.938300 -0.110279  0.084511  0.521294   9
  1  0  0.938300  0.143975 -0.192739  0.469108   5
  1  0  0.938300  0.215293  0.095716  0.068757   2
  1  0  0.938300 -0.060545 -0.080455  0.577728   4
  1  0  0.938300  0.346505  0.508003  0.972272   4
  1  0  0.938300 -0.104125 -0.344043  0.022771   3
  1  1  0.938300 -0.022042 -0.084789  0.652930   3
  1  0  0.938300 -0.024765 -0.094901  0.299949   2
  1  0  0.938300  0.203907 -0.424176  0.240151   3
  1  0  0.938300  0.432510  0.016949  0.410053   3
  1  0  0.938300  0.161496 -0.094424  0.607782   7
  1  0  0.938300  0.086113 -0.102136 -0.123725   1
  1  0  0.938300  0.018066  0.200024  0.556524   5
  1  0  0.938300  0.080334  0.041943  0.515468   2
  1  0  0.938300  0.107956 -0.101435 -0.037177   6
  1  0  0.938300 -0.084070  0.120488  0.303311   2
  1  0  0.938300 -0.450423 -0.081737  0.335978   3
  1  0  0.938300 -0.147960 -0.074996  0.494177   7
  1  0  0.938300 -0.117615  0.135504  0.479602   3
  1  1  0.938300  0.042830 -0.085235  0.622822   6
  1  0  0.938300  0.107663 -0.146110  0.395400   2
  1  0  0.938300  0.082757  0.125951  0.852955   3
  1  0  0.938300  0.157072  0.081363  0.168320   1
  1  0  0.938300  0.191900 -0.177385  0.811292   2
  1  0  0.938300 -0.212418  0.051602 -0.046174   3
  1  0  0.938300 -0.137993 -0.188842  0.265729   4
  1  0  0.938300  0.146677  0.222592  0.569245   3
  1  0  0.938300  0.301349 -0.380738  0.665896   6
  1  1  0.938300 -0.241581  0.645382  1.128075   5
  1  0  0.938300  0.220310  0.079570  0.328363   2
  1  0  0.938300 -0.690324  0.172237  0.675214   4
  1  1  0.938300  0.218924  0.463204  0.467602  -3
  1  1  0.938300 -0.265278 -0.296766  0.387348  -5
  1  1  0.938300  0.044431  0.351817  0.770582  -2
  1  0  0.938300  0.025400  0.070101  0.791545  -7
  1  1  0.938300  0.233501  0.254625  0.922858  -2
  1  1  0.938300  0.030271 -0.229572  0.962237  -4
  1  1  0.938300  0.071385 -0.413230  0.923106  -9
  1  1  0.938300  0.329235 -0.181531  0.744583  -2
  1  1  0.938300  0.046376 -0.393144  0.038633  -4
  1  1  0.938300 -0.485475  0.138508  0.616893  -6
  1  1  0.938300  0.153007  0.016315  0.262697  -4
  1  0  0.938300 -0.159363 -0.019878  0.515852  -3
  1  1  0.938300  0.327421  0.121359  1.153372  -5
  1  1  0.938300  0.290428  0.153283  0.079692  -5
  1  1  0.938300 -0.061413 -0.001349  0.876778  -3
  1  1  0.938300  0.169170  0.324540  0.534097  -2
  1  1  0.938300  0.133966 -0.286951  0.853337  -5
  1  0  0.938300 -0.129404 -0.674385  0.230276  -3
  1  1  0.938300  0.133753 -0.013613  0.579925  -6
  1  1  0.938300  0.111887  0.048048  1.123525  -1
  1  1  0.938300  0.316335  0.285329  0.926016  -7
  1  1  0.938300 -0.075669 -0.340661  0.641285  -5
  1  1  0.938300  0.021670  0.363454  0.299764  -4
  1  1  0.938300 -0.280950  0.092575  0.917107  -1
  1  0  0.938300  0.325467 -0.210114  0.321768  -8
  1  0  0.938300 -0.167502  0.022230  0.003264 -13
  1  1  0.938300  0.129577 -0.112319  0.443264  -5
  1  1  0.938300 -0.044485  0.480200  0.764634  -2
  1  1  0.938300 -0.006199 -0.521699  0.059135  -4
  1  1  0.938300  0.287881  0.249189  0.202035  -8
  1  1  0.938300 -0.464785  0.104745  0.631197  -3
  1  1  0.938300  0.079257 -0.159051  0.627406  -6
  1  1  0.938300 -0.084666  0.058033  1.110153  -1
  1  1  0.938300  0.001319 -0.060171  1.049234  -1
  1  0  0.938300  0.314234 -0.088829  0.465144  -3
  1  1  0.938300  0.191335 -0.356324 -0.159755  -4
  1  1  0.938300  0.072405  0.067257  0.959564  -1
  1  1  0.938300 -0.000995 -0.126147  0.746724  -1
  1  1  0.938300 -0.526976 -0.113824  0.769674  -3
  1  1  0.938300  0.000244 -0.089892  0.882093  -1
  1  0  0.938300  0.532724 -0.146995  0.564108  -5
  1  1  0.938300 -0.346198  0.568190  0.282463  -7
  1  1  0.938300  0.130423 -0.147139  0.960000  -1
  1  1  0.938300  0.130451  0.128048  0.312171  -2
  1  1  0.938300  0.332073  0.213527  0.821940  -3
  1  0  0.938300  0.171200 -0.068185  0.468805  -7
  1  1  0.938300 -0.205166 -0.514796  0.642530  -7
  1  1  0.938300  0.269162  0.031402  0.448184  -7
  1  1  0.938300  0.327775  0.237087  0.756097  -4
  1  1  0.938300 -0.095828  0.121112  0.281017  -3
  1  1  0.938300 -0.307912  0.558192  0.441498  -2
  1  1  0.938300 -0.253004  0.038916  0.478442  -7
  1  0  0.938300 -0.024333  0.044225  0.317823  -6
  1  1  0.938300 -0.402437 -0.015229  0.263702  -2
  1  1  0.938300  0.088310  0.001499  0.851060  -1
  1  1  0.938300 -0.070048  0.100687  0.224051  -6
  1  1  0.938300  0.007659  0.153765  0.501960  -2
  1  1  0.938300 -0.506952  0.181723  0.001087  -3
  1  1  0.938300 -0.249903  0.046847  0.352751  -3
  1  1  0.938300  0.046550  0.203641  0.450949  -4
  1  1  0.938300  0.425334  0.047338  0.553036  -4
  1  0  0.938300  0.051953 -0.138674  0.050868  -9
  1  1  0.938300  0.408985 -0.451562  0.444381  -3
  1  1  0.938300  0.552026  0.296546  0.402070  -4
  1  1  0.938300 -0.534595 -0.401804  0.527678  -3
  1  1  0.938300  0.087221  0.122603  0.827731  -6
  1  1  0.938300 -0.003322 -0.025107  0.164118 -14
  1  0  0.938300  0.160206 -0.402327  0.610718  -8
  1  1  0.938300 -0.063025 -0.484544  0.499424  -3
  1  1  0.938300  0.073967 -0.339741  0.187491  -6
  1  1  0.938300 -0.547497  0.472653  0.829631  -3
  1  1  0.938300 -0.050391  0.458824  0.440904  -3
  1  1  0.938300 -0.181650  0.036577  0.311112 -10
  1  1  0.938300 -0.100219  0.198915  0.087324  -2
  1  1  0.938300  0.094940 -0.230466  0.331654  -2
  1  1  0.938300 -0.087810 -0.031105  0.448184  -3
  1  1  0.938300 -0.331451  0.050496  1.119823  -2
  1  0  0.938300  0.097830 -0.246367  0.562127  -7
  1  1  0.938300  0.117139 -0.012856  0.607197  -1
  1  0  0.938300 -0.316684 -0.111108  0.709466  -4
  1  0  0.938300  0.094249 -0.075558  0.334496  -6
  1  0  0.938300  0.229491  0.108166  0.458430  -3
  1  1  0.938300  0.085282 -0.550307  0.190857  -3
  1  0  0.938300  0.028037 -0.318201  0.403875  -2
  1  0  0.938300 -0.062137  0.260545  0.804086  -7
  1  0  0.938300 -0.019857 -0.122240  0.214590  -3
  1  0  0.938300 -0.215650  0.043010  0.636125  -2
  1  1  0.938300 -0.492157 -0.117640  1.285832  -5
  1  0  0.938300  0.162230  0.130379  0.691364  -6
  1  0  0.938300 -0.216762  0.428490  0.617005  -4
  1  1  0.938300  0.147287  0.195354  0.962100  -2
  1  0  0.938300 -0.214169 -0.584715  0.728866  -2
  1  0  0.938300 -0.167290 -0.419675  0.608450  -4
  1  0  0.938300 -0.020892  0.199598  1.014590  -1
  1  0  0.938300 -0.140470  0.042737  0.751520  -1
  1  0  0.938300 -0.505077  0.252175  0.220045  -4
  1  0  0.938300 -0.232304  0.380963  0.698781  -3
  1  0  0.938300  0.391712 -0.662619  0.686785  -2
  1  0  0.938300 -0.231093 -0.246004  0.731215  -5
  1  0  0.938300  0.167445 -0.065556  0.350899  -4
  1  0  0.938300  0.017367  0.163397  0.356112  -6
  1  0  0.938300  0.302478  0.097995  0.382060  -6
  1  0  0.938300  0.026447 -0.110460  0.598498  -1
  1  0  0.938300 -0.239111 -0.311913  0.385055  -7
  1  0  0.938300  0.253910  0.197047  0.466861  -6
  1  1  0.938300  0.146465 -0.022051  1.476509  -5
  1  0  0.938300  0.154372  0.147995  0.357835  -3
  1  0  0.938300  0.063784  0.313843  0.564395  -2
  1  0  0.938300  0.096890  0.093934  0.467944  -3
  1  0  0.938300  0.252129 -0.243908  0.405240  -4
  1  0  0.938300 -0.021096 -0.294808  0.836649  -1
  1  0  0.938300 -0.230226  0.570066  0.760457  -3
  1  0  0.938300 -0.072800  0.344401  0.807316  -2
  1  0  0.938300  0.130093  0.028733  1.048012  -1
  1  0  0.938300  0.148294 -0.435040  0.268786  -9
  1  0  0.938300 -0.341803 -0.116448  0.887767  -3
  1  0  0.938300  0.253666  0.102862  0.503535  -4
  1  0  0.938300 -0.051959  0.053942  1.010201  -1
  1  1  0.938300 -0.163380 -0.084188  0.037659  -3
  1  0  0.938300 -0.039852  0.224858  0.420051  -2
  1  0  0.938300 -0.105313  0.076781  0.487619  -4
  1  1  0.938300  0.435218  0.321163  0.266537  -5
  1  0  0.938300 -0.022012  0.043223  0.535485  -3
  1  0  0.938300 -0.019799  0.096558  0.877641  -2
  1  0  0.938300  0.032092  0.034036  1.111533  -1
  1  0  0.938300  0.200807 -0.035560  0.994239  -1
  1  0  0.938300  0.369639 -0.348972  0.688244  -3
  1  0  0.938300  0.187539 -0.148540  0.736199  -1
  1  0  0.938300  0.151737  0.194504  0.364832  -2
  1  0  0.938300 -0.273376  0.539709  0.589249  -3
  1  0  0.938300  0.003032 -0.069404  0.089349  -8
  1  0  0.938300  0.169579  0.119332  0.511895  -8
  1  0  0.938300 -0.327527  0.267445  0.369426  -8
  1  0  0.938300  0.032575  0.247746  0.351687  -3
  1  0  0.938300  0.005238  0.192382  0.388891  -3
  1  0  0.938300 -0.008509 -0.324696  1.169931  -6
  1  0  0.938300 -0.092882  0.184444  0.203947  -5
  1  0  0.938300  0.382616 -0.037490  0.549139  -3
  1  0  0.938300  0.089450  0.093191  0.139302  -3
  1  0  0.938300 -0.352398 -0.251603  0.318186  -3
  1  0  0.938300 -0.242072  0.206050  0.707602  -2
  1  1  0.938300  0.027819  0.174448  0.725520  -7
  1  0  0.938300  0.368971 -0.274257  0.542506  -4
  1  0  0.938300  0.090126  0.418067  0.194807  -2
  1  0  0.938300 -0.049424 -0.254527  0.768745  -1
  1  0  0.938300  0.040832 -0.240626  0.179237  -3
  1  0  0.938300  0.378019  0.289492  0.573113  -1
  1  0  0.938300  0.213082 -0.475362  0.760572  -5
  1  0  0.938300 -0.214700 -0.087258  0.841638  -1
  1  0  0.938300  0.226268 -0.346938  0.338914  -4
  1  0  0.938300 -0.030396 -0.076394  0.775845  -1
  1  1  0.938300 -0.033371  0.052321  0.226365  -3
  1  0  0.938300 -0.245167 -0.408713  0.937696  -6
  1  0  0.938300 -0.179937  0.266327  0.295664  -2
  1  0  0.938300 -0.326412  0.089892  0.334769  -6
  1  0  0.938300 -0.042727 -0.233445  0.511263  -2
  1  0  0.938300  0.370804 -0.168555  0.765375  -4
  1  0  0.938300 -0.132079  0.243376  0.836356  -4
  1  0  0.938300 -0.098320 -0.039049  0.442087  -2
  1  0  0.938300  0.135637  0.152117  0.644738  -2
  1  0  0.938300 -0.050611 -0.597552  0.513564  -3
  1  0  0.938300  0.001884 -0.171064  0.520006  -3
  1  0  0.938300  0.262967 -0.101390  0.693692  -3
  1  0  0.938300  0.111133  0.041105  0.705870  -3
  1  0  0.938300  0.536892  0.371108  0.528957  -3
  1  0  0.938300  0.038852  0.122310  0.467634  -8
  1  0  0.938300 -0.454595 -0.340716  0.958624  -2
  1  0  0.938300  0.131791 -0.168936  0.969808  -2
  1  0  0.938300 -0.414189 -0.254420  1.121536  -2
  1  0  0.938300  0.042672 -0.093151  0.873847  -1
  1  0  0.938300  0.371063 -0.553331  0.669753  -5
  1  0  0.938300 -0.008545  0.084674  0.716279  -1
  1  0  0.938300 -0.400332 -0.314823  0.334241  -2
  1  0  0.938300  0.318928 -0.410556  0.101944  -2
  1  0  0.938300 -0.152859  0.046851  0.843250  -1
  1  0  0.938300  0.047278 -0.008382  0.202305  -3
  1  1  0.938300  0.248899 -0.092762  0.423702  -4
  1  0  0.938300 -0.228607  0.266598  0.192193  -5
  1  0  0.938300  0.406930 -0.028508  0.674575  -2
  1  0  0.938300 -0.088217 -0.450380  0.255589  -3
  1  0  0.938300  0.203804  0.185033  0.037272  -3
  1  0  0.938300 -0.027073 -0.141597  0.639064  -2
  1  0  0.938300  0.127468 -0.100824  0.621068  -3
  1  0  0.938300 -0.078174  0.447417  0.745508  -2
  1  0  0.938300  0.068074 -0.081614  0.337872  -8
  1  0  0.938300  0.263238 -0.104614  0.878836  -2
  1  1  0.938300  0.262437 -0.178404  0.303509  -5
  1  0  0.938300 -0.376007 -0.051944  0.827570  -6
  1  0  0.938300 -0.160271  0.159429  0.617779  -3
  1  0  0.938300  0.750343  0.594099  0.524926  -4
  1  0  0.938300  0.409278 -0.064589  0.766315  -3
  1  0  0.938300  0.074436  0.475408  0.997301  -3
  1  0  0.938300 -0.018714  0.186707  0.502649  -5
  1  0  0.938300 -0.173628  0.205738  0.625014  -2
  1  0  0.938300 -0.068692  0.008757  0.290468  -7
  1  0  0.938300 -0.170526 -0.404105  0.561109  -2
  1  0  0.938300  0.337367  0.177769  0.150911  -4