  1  1  0.938300 -0.183275 -0.167910  1.160128   5
  1  1  0.938300  0.213111  0.074952 -0.050951   3
  1  1  0.938300  0.080022  0.955871  0.888364   3
  1  1  0.938300 -0.063642  0.210949 -0.132857   4
  1  1  0.938300  0.104669 -0.171949  0.244462   2
  1  1  0.938300  0.152777 -0.198390  0.534477   3
  1  1  0.938300 -0.261555 -0.243803  0.126291   2
  1  1  0.938300  0.069387  0.064762  0.785565   2
  1  1  0.938300 -0.035706 -0.015810  0.149181   3
  1  1  0.938300 -0.117998 -0.220692  0.445950   2
  1  1  0.938300  0.074868  0.216423  0.626972   5
  1  1  0.938300 -0.256748 -0.049711  0.393275   3
  1  1  0.938300 -0.073706  0.023123  0.415630   1
  1  1  0.938300 -0.242824 -0.143547  0.206986   4
  1  1  0.938300  0.142095  0.089546  0.703125   2
  1  1  0.938300  0.295192 -0.235431  0.876336   4
  1  1  0.938300  0.149491  0.272616  0.239501   4
  1  1  0.938300 -0.078342 -0.211961  0.267255   4
  1  1  0.938300  0.012742 -0.310991  0.106247   2
  1  1  0.938300 -0.109847 -0.226851  0.414988   8
  1  1  0.938300 -0.048872  0.358022  0.162361   3
  1  1  0.938300  0.219658 -0.343492  0.126585   3
  1  1  0.938300 -0.262529 -0.389135  0.520394   3
  1  1  0.938300 -0.031791 -0.000373  0.024065   3
  1  0  0.938300  0.416216 -0.258790  0.816010   3
  1  0  0.938300 -0.266080 -0.227202  0.368829  10
  1  1  0.938300 -0.023634  0.030647 -0.025377   3
  1  1  0.938300  0.129935 -0.557161  0.478684  10
  1  0  0.938300 -0.169570  0.306825  0.179823   3
  1  1  0.938300 -0.142972  0.018475  0.691201   8
  1  1  0.938300  0.160750 -0.126851  0.591010   4
  1  0  0.938300 -0.070348  0.243162  0.195869  10
  1  1  0.938300 -0.314992 -0.157005  0.635934   4
  1  1  0.938300  0.213342 -0.012479  0.129388   3
  1  1  0.938300  0.319128  0.115071  0.719607   3
  1  1  0.938300  0.281150  0.344317  0.623019   3
  1  1  0.938300  0.015552  0.003928  0.266133   7
  1  1  0.938300  0.107792 -0.032155  0.569484   8
  1  1  0.938300  0.285276 -0.460339  0.623825   9
  1  1  0.938300  0.212867 -0.162016  0.145909   5
  1  1  0.938300 -0.366993  0.094291  0.641834   2
  1  0  0.938300  0.309889  0.095011  0.679381   3
  1  1  0.938300 -0.029149 -0.263578  0.294146   3
  1  1  0.938300 -0.286122 -0.247089  0.383748   3
  1  1  0.938300 -0.160274 -0.031265  0.692260   2
  1  1  0.938300 -0.463997  0.075593  0.563664   4
  1  1  0.938300  0.421735  0.310257 -0.065627   2
  1  1  0.938300 -0.236232  0.145561  0.641667   4
  1  1  0.938300  0.116427 -0.055384  0.681443   9
  1  1  0.938300  0.167194 -0.041811  0.453688   6
  1  1  0.938300 -0.005385  0.081489  0.124112   5
  1  1  0.938300 -0.474433 -0.149443  0.401663   2
  1  1  0.938300  0.365544 -0.117422  0.398159   5
  1  1  0.938300 -0.203267  0.045868  0.948278   6
  1  1  0.938300  0.423912 -0.031939  0.663067   4
  1  1  0.938300  0.316924  0.113836  0.579149   3
  1  1  0.938300  0.042300  0.108342  0.098203   3
  1  1  0.938300  0.162357 -0.236135  0.438414   3
  1  1  0.938300  0.155225  0.101487 -0.006743   1
  1  0  0.938300 -0.038379 -0.005049  0.620220   8
  1  1  0.938300  0.048134 -0.176458  0.745640   3
  1  1  0.938300 -0.066899  0.196220  0.785173   5
  1  1  0.938300  0.111694  0.179232  0.041611   1
  1  1  0.938300  0.128721 -0.133896  0.351785   6
  1  1  0.938300 -0.125392 -0.183513  0.367106  10
  1  1  0.938300  0.238303  0.079302  0.753216   3
  1  1  0.938300  0.439907 -0.063384  0.451200   2
  1  1  0.938300  0.083754 -0.284129  0.547139   2
  1  1  0.938300 -0.119954 -0.157045  0.422869   4
  1  1  0.938300  0.268970  0.036728  0.708748   2
  1  1  0.938300  0.360073 -0.301968  0.388334   5
  1  1  0.938300 -0.475712  0.249696  0.588368   4
  1  0  0.938300  0.259294  0.071749  0.980011   4
  1  1  0.938300 -0.008401 -0.053769  0.515392   2
  1  1  0.938300 -0.087736 -0.058450 -0.006995   5
  1  1  0.938300  0.062979 -0.061571  0.304943   3
  1  1  0.938300 -0.187633  0.001242 -0.073035   7
  1  1  0.938300  0.444968  0.115287  1.071578   2
  1  1  0.938300  0.086578 -0.028041 -0.098558   1
  1  0  0.938300  0.119120  0.146751  0.155893   3
  1  0  0.938300 -0.047011  0.316124  0.051700   6
  1  0  0.938300  0.287148  0.321313  0.403902   4
  1  0  0.938300  0.243615 -0.240676  0.512510   4
  1  0  0.938300  0.120925  0.070960 -0.014550   1
  1  0  0.938300  0.138635 -0.119212 -0.027104   1
  1  0  0.938300  0.472813  0.123565  0.311258   2
  1  0  0.938300 -0.100111  0.377795  0.552996   4
  1  0  0.938300 -0.068450 -0.148646  0.707373   3
  1  0  0.938300 -0.019141  0.081046 -0.058478   1
  1  0  0.938300 -0.123291  0.096400  0.274130   5
  1  0  0.938300  0.030455  0.147060  0.064617   1
  1  0  0.938300  0.534332  0.156770  0.439410   3
  1  0  0.938300 -0.598993  0.233849  0.332141   3
  1  0  0.938300 -0.425758 -0.020486  0.643760   2
  1  0  0.938300  0.305380  0.088906  0.090575   2
  1  0  0.938300 -0.677300  0.048584  0.634328   4
  1  0  0.938300 -0.088907  0.021093  0.236448   8
  1  0  0.938300  0.240788 -0.489906 -0.093571   2
  1  1  0.938300 -0.061938 -0.263211  0.566540   3
  1  1  0.938300 -0.557575 -0.052533  0.490225   2
  1  0  0.938300 -0.063197  0.168094  0.240413   2
  1  0  0.938300  0.244522 -0.208638  0.946437   3
  1  0  0.938300  0.346358 -0.081605  0.245058   3
  1  0  0.938300 -0.056039  0.001095 -0.033585   1
  1  0  0.938300  0.028628 -0.188264  0.305803   3
  1  0  0.938300  0.244301  0.235360  0.246706   4
  1  0  0.938300 -0.160398  0.330136  0.430444   7
  1  0  0.938300  0.011667  0.182608  0.373465   3
  1  0  0.938300 -0.311541  0.103595  0.572891   2
  1  0  0.938300  0.026092  0.517270  0.321962   4
  1  0  0.938300 -0.205634  0.109086  0.158669   3
  1  0  0.938300  0.121971 -0.086871  0.127159   2
  1  0  0.938300 -0.030203  0.155267  0.535861   5
  1  0  0.938300 -0.064526 -0.283324  0.416512   3
  1  0  0.938300  0.230027  0.007332  0.094364   2
  1  0  0.938300  0.474543  0.036355  0.551450   4
  1  0  0.938300 -0.153545 -0.356559  0.384312   3
  1  0  0.938300 -0.694139 -0.200925  0.962281   4
  1  0  0.938300  0.050350 -0.337235  0.777155   3
  1  0  0.938300 -0.067424 -0.093158 -0.001637   6
  1  0  0.938300  0.123751  0.060924  0.061702   1
  1  0  0.938300  0.027304  0.057968  0.031386   4
  1  0  0.938300 -0.043589 -0.125411  0.553031   6
  1  0  0.938300 -0.205377 -0.229178  0.241179   2
  1  0  0.938300  0.043487  0.149424  0.652286   4
  1  0  0.938300 -0.149541 -0.003151  0.555381   5
  1  0  0.938300  0.051434 -0.255029  0.132023   1
  1  0  0.938300  0.219024  0.095087  0.299474   9
  1  0  0.938300 -0.167425  0.096100  0.090442   1
  1  0  0.938300  0.232726 -0.280986  0.427127   3
  1  0  0.938300 -0.088257  0.199091 -0.050191   2
  1  0  0.938300  0.326017  0.211630  0.191037   4
  1  0  0.938300  0.200150 -0.233489  0.158399   5
  1  0  0.938300 -0.313103  0.134078  0.473204   2
  1  0  0.938300  0.085971  0.071390  0.083770   3
  1  0  0.938300  0.259269  0.145806 -0.066596   2
  1  0  0.938300 -0.035906  0.356943  0.460964   4
  1  0  0.938300 -0.253177  0.227192  0.065371   3
  1  0  0.938300 -0.126367 -0.185308  0.259832   3
  1  0  0.938300 -0.089628  0.210598  0.356063   4
  1  0  0.938300 -0.164734  0.411618  0.004175   5
  1  0  0.938300 -0.050258  0.303856  0.388573   4
  1  0  0.938300 -0.095858 -0.079313  1.046979   3
  1  0  0.938300  0.266398  0.066495  0.458570   4
  1  1  0.938300  0.335851 -0.223141  0.734459   2
  1  0  0.938300 -0.214045 -0.065666  0.613375   4
  1  0  0.938300 -0.145111  0.001467  0.729564   3
  1  0  0.938300  0.276861  0.019066  0.492601   5
  1  0  0.938300  0.015731 -0.001550  0.254269   1
  1  0  0.938300 -0.075154  0.179852  0.407495   7
  1  0  0.938300 -0.183290 -0.150385  0.161092   2
  1  0  0.938300  0.053226 -0.644195 -0.126438   2
  1  0  0.938300 -0.006066 -0.160669  0.294824   6
  1  0  0.938300 -0.311282 -0.235987  0.452241   7
  1  0  0.938300  0.062355 -0.094517  0.451913   4
  1  0  0.938300 -0.374791  0.298182  1.470402   5
  1  0  0.938300  0.419065  0.111967  0.598299   5
  1  0  0.938300  0.050052 -0.231335  0.364262   4
  1  0  0.938300 -0.187336 -0.016318  0.946073   3
  1  0  0.938300 -0.252347 -0.336498  0.644545   4
  1  0  0.938300 -0.111123 -0.097108  0.630257   4
  1  0  0.938300 -0.198289  0.143002  0.173869   4
  1  0  0.938300 -0.515112 -0.237106  0.710821   4
  1  0  0.938300  0.109059 -0.148848  0.191760   1
  1  0  0.938300  0.190723 -0.185422  0.391344   2
  1  0  0.938300  0.179339 -0.165329  0.557053   8
  1  0  0.938300  0.062884  0.291014  0.180771   4
  1  0  0.938300 -0.132021 -0.082471  0.082988   4
  1  0  0.938300 -0.002018  0.082941 -0.006476   1
  1  0  0.938300  0.160040 -0.073520  0.362561   1
  1  0  0.938300 -0.071145 -0.379214  0.273280   3
  1  0  0.938300  0.140559  0.302006  0.162326   7
  1  1  0.938300 -0.235213  0.099640  0.384133   2
  1  0  0.938300 -0.588797  0.062165  0.259441   4
  1  0  0.938300  0.014342 -0.246570  0.530451   4
  1  0  0.938300 -0.101637 -0.037286  0.593309   2
  1  0  0.938300 -0.127919  0.162892  0.431192   2
  1  1  0.938300 -0.355095 -0.075293  0.410087   5
  1  0  0.938300  0.191633 -0.135652  0.020751   4
  1  0  0.938300 -0.200951 -0.334349  0.697473   4
  1  0  0.938300 -0.132056 -0.124932  0.198038   4
  1  1  0.938300 -0.051816 -0.042189  0.266823   4
  1  0  0.938300 -0.222197  0.214368  0.182855   2
  1  0  0.938300  0.068566  0.156611  0.587402   3
  1  0  0.938300  0.049989  0.199212  0.080566   3
  1  0  0.938300  0.335956 -0.014092  0.173482   3
  1  0  0.938300 -0.004582  0.322943  0.194131   3
  1  0  0.938300 -0.470655 -0.255997  0.389197   3
  1  0  0.938300  0.381952  0.192198  0.991274   4
  1  0  0.938300  0.026594  0.020926  0.655484   4
  1  0  0.938300 -0.272429 -0.136689  0.171464   5
  1  0  0.938300  0.452701  0.352161  0.205380   2
  1  0  0.938300  0.229596 -0.117300  0.012299   6
  1  0  0.938300  0.089490 -0.194992  0.013226   3
  1  0  0.938300  0.249149 -0.083935 -0.087850   2
  1  0  0.938300 -0.008015  0.428888  0.299712   5
  1  0  0.938300 -0.277594  0.330167 -0.099631   3
  1  1  0.938300  0.045369  0.226059  0.193598  -4
  1  1  0.938300  0.206140 -0.007390 -0.207429  -3
  1  1  0.938300  0.218696 -0.124032 -0.014180  -9
  1  1  0.938300 -0.052170  0.350367  0.103439  -8
  1  1  0.938300 -0.083388 -0.554105  0.398375  -7
  1  1  0.938300 -0.139078 -0.045449  0.733762  -1
  1  1  0.938300  0.116133 -0.402283  0.721809  -4
  1  1  0.938300 -0.125839  0.607479  1.010732  -2
  1  1  0.938300 -0.187726  0.068807  0.681916  -2
  1  1  0.938300  0.096762  0.118985  0.122031  -2
  1  0  0.938300 -0.179676  0.288078  0.131097  -7
  1  1  0.938300 -0.161403  0.007906  0.656143  -3
  1  1  0.938300  0.451654 -0.217280  0.816615  -3
  1  0  0.938300  0.703478  0.358341  0.623029  -3
  1  1  0.938300 -0.197274 -0.213268  0.329781  -9
  1  1  0.938300  0.149745 -0.035932  0.927639  -1
  1  1  0.938300  0.066897 -0.637624  0.705239  -2
  1  1  0.938300  0.372754  0.134127  0.499346  -4
  1  1  0.938300  0.182736  0.121391  0.812655  -5
  1  1  0.938300 -0.132652  0.408127  0.288657  -6
  1  1  0.938300 -0.319179 -0.057437  0.421921  -4
  1  1  0.938300  0.085113 -0.144704  0.316940 -10
  1  1  0.938300  0.036867 -0.137363  0.219970  -6
  1  1  0.938300  0.265069 -0.220782  0.371914  -6
  1  1  0.938300  0.214628 -0.852926  0.244540  -3
  1  1  0.938300 -0.028037  0.005801  0.206618  -2
  1  1  0.938300  0.389944  0.044819  0.203347  -6
  1  1  0.938300  0.038961 -0.414891  0.654934  -8
  1  1  0.938300 -0.188424 -0.038871  0.835298  -1
  1  1  0.938300 -0.389748 -0.182477  0.733494  -6
  1  1  0.938300 -0.495664  0.020670  0.777932  -4
  1  1  0.938300 -0.436435  0.088313  0.522967  -6
  1  1  0.938300 -0.049348 -0.194365  0.608691  -2
  1  1  0.938300 -0.284037 -0.277974  0.868163  -4
  1  1  0.938300 -0.037219 -0.272720  0.587428  -6
  1  1  0.938300 -0.533552 -0.141443  0.983956  -5
  1  1  0.938300 -0.068049 -0.028756  0.545035  -4
  1  1  0.938300  0.412601  0.152681  0.385411  -6
  1  1  0.938300  0.074187  0.551762  0.892435  -2
  1  1  0.938300 -0.009465 -0.241198  0.430232  -9
  1  1  0.938300  0.035892 -0.197533  1.122003  -3
  1  1  0.938300 -0.139562  0.318080  0.605318  -6
  1  1  0.938300 -0.058834  0.070082  0.859905  -3
  1  1  0.938300  0.033865  0.458025  0.113477  -2
  1  1  0.938300 -0.057903  0.539441  0.572881  -2
  1  1  0.938300  0.170840 -0.171040  0.097774  -2
  1  1  0.938300  0.023503  0.087649  0.618434  -4
  1  1  0.938300 -0.292312  0.269148  0.973253  -2
  1  1  0.938300 -0.108216 -0.167999  0.595143  -4
  1  1  0.938300 -0.135554  0.298953  0.591065  -3
  1  1  0.938300 -0.390627 -0.146314  0.263793  -3
  1  1  0.938300  0.183696 -0.145387  0.834703  -3
  1  1  0.938300 -0.105419 -0.014246  0.520197  -4
  1  1  0.938300  0.263741  0.246209  0.410124  -2
  1  1  0.938300  0.164190 -0.448343  0.926827  -2
  1  1  0.938300 -0.421286 -0.009366  0.505044 -12
  1  1  0.938300  0.473206  0.067222  0.569586  -2
  1  1  0.938300 -0.193662 -0.349707  0.638065  -3
  1  1  0.938300 -0.073293  0.246989  0.516090  -4
  1  1  0.938300  0.258953  0.272861  0.657463  -5
  1  1  0.938300 -0.287287  0.419767  0.611604  -5
  1  1  0.938300  0.034420  0.028941  0.952734  -1
  1  1  0.938300 -0.239804 -0.020711  0.299118  -4
  1  0  0.938300  0.021837 -0.081820  0.518251  -4
  1  0  0.938300 -0.235685 -0.331028  0.784196  -4
  1  1  0.938300  0.165107  0.434201  0.591967  -3
  1  1  0.938300 -0.131768  0.030802  0.386506  -6
  1  1  0.938300  0.356807  0.373887  0.720655  -2
  1  1  0.938300 -0.063609  0.189806  0.144772  -3
  1  1  0.938300 -0.173080 -0.186663  0.365944  -2
  1  1  0.938300 -0.338221 -0.066067  1.162385  -2
  1  1  0.938300 -0.041096 -0.116468  0.097282  -8
  1  1  0.938300  0.002686  0.341009  0.824040  -5
  1  1  0.938300  0.103632  0.196020  0.927010  -1
  1  1  0.938300  0.127092  0.123919  0.463149  -4
  1  1  0.938300 -0.214313 -0.217551  0.469185  -6
  1  1  0.938300 -0.141559  0.142214  0.948694  -3
  1  1  0.938300  0.169210  0.045205  0.448561  -6
  1  1  0.938300  0.021038 -0.066034  0.696880  -1
  1  0  0.938300 -0.181846  0.068388  0.909223  -3
  1  0  0.938300 -0.126646  0.025696  0.399232  -3
  1  0  0.938300 -0.110506  0.105664 -0.040330  -5
  1  1  0.938300 -0.054631 -0.357360 -0.018327  -4
  1  1  0.938300  0.176313 -0.234872  0.827651  -6
  1  0  0.938300 -0.088355 -0.202641  0.469514  -3
  1  0  0.938300 -0.080069 -0.184164  0.352637  -3
  1  0  0.938300  0.335080  0.360106  0.866676  -7
  1  0  0.938300 -0.152432 -0.099695  1.027060  -3
  1  0  0.938300  0.138530  0.114582  0.634073  -2
  1  0  0.938300  0.432650 -0.057465  0.252022  -8
  1  0  0.938300 -0.695813 -0.318906  0.903247  -3
  1  0  0.938300 -0.133966  0.056326  0.806293  -3
  1  0  0.938300 -0.192061  0.070812  0.637756  -4
  1  0  0.938300  0.063334 -0.020099  1.141295  -3
  1  0  0.938300 -0.088915 -0.001156  0.270310  -3
  1  0  0.938300  0.168971  0.290994  0.793075  -2
  1  0  0.938300 -0.067510 -0.288948  0.984760  -2
  1  0  0.938300 -0.050308 -0.430184  0.801899  -3
  1  0  0.938300 -0.353000 -0.072312  0.646435  -4
  1  0  0.938300 -0.143531  0.527760  0.732214  -3
  1  0  0.938300 -0.154580 -0.089973  0.874965  -1
  1  0  0.938300 -0.572620 -0.235750  0.383282  -2
  1  0  0.938300  0.026174 -0.183333  0.175753  -4
  1  0  0.938300 -0.148371 -0.118482  0.339995  -4
  1  0  0.938300 -0.131104  0.396230  0.808911  -4
  1  0  0.938300  0.099432  0.106404  0.954653  -1
  1  0  0.938300 -0.116013  0.170855  0.773053  -2
  1  0  0.938300  0.096650  0.156391  0.921702  -1
  1  0  0.938300  0.052286  0.113024  0.724900  -2
  1  0  0.938300 -0.061055 -0.231297  0.245591  -4
  1  0  0.938300 -0.017315 -0.054844  0.987258  -1
  1  0  0.938300  0.025721  0.400747  0.838123  -2
  1  0  0.938300  0.304502  0.126679  1.072410  -7
  1  0  0.938300 -0.038937 -0.280328  0.394876  -4
  1  1  0.938300 -0.147677 -0.011143  1.003600  -4
  1  0  0.938300 -0.236013  0.101744  0.378347  -3
  1  0  0.938300  0.013503  0.047216  0.477919 -13
  1  0  0.938300  0.174596  0.480019  0.612366  -7
  1  0  0.938300  0.203767 -0.113265  0.092039  -5
  1  1  0.938300  0.255697  0.311670  0.090271  -5
  1  0  0.938300 -0.203454 -0.164860  0.059375  -6
  1  0  0.938300 -0.116467 -0.152841  0.515219  -3
  1  0  0.938300  0.220979  0.143002  0.206789  -3
  1  0  0.938300  0.017363 -0.023275  0.695977  -1
  1  0  0.938300  0.426273 -0.012418  0.091842  -6
  1  0  0.938300  0.269826  0.156644  0.375849  -7
  1  0  0.938300  0.153557 -0.351200  0.494879  -5
  1  0  0.938300  0.295460 -0.194558  0.251964  -3
  1  0  0.938300  0.065426 -0.194718  0.424931  -4
  1  1  0.938300  0.175820  0.216638  0.852753  -1
  1  1  0.938300 -0.803343  0.282731  1.113797  -2
  1  0  0.938300  0.163024 -0.163061  0.189769  -6
  1  0  0.938300 -0.206775  0.033800  0.538235  -5
  1  0  0.938300  0.008170  0.389783  0.317143  -3
  1  0  0.938300  0.371504  0.150390  0.609447  -2
  1  0  0.938300 -0.373742 -0.179697  0.671594  -5
  1  0  0.938300 -0.134073  0.216943  0.848879  -3
  1  0  0.938300  0.006522 -0.393150  0.294527  -6
  1  0  0.938300  0.010977  0.145980  0.213434  -5
  1  0  0.938300  0.047029 -0.265438  0.039454  -5
  1  0  0.938300  0.062474  0.115082  0.746986  -1
  1  0  0.938300  0.509709 -0.282851  0.289366  -2
  1  0  0.938300 -0.357447  0.417285  0.858600  -3
  1  0  0.938300  0.256041 -0.111091  0.384530  -3
  1  0  0.938300 -0.076563  0.154363  0.572571  -2
  1  0  0.938300 -0.336429 -0.008091  0.448771  -5
  1  0  0.938300  0.190049 -0.084941  0.792951  -1
  1  0  0.938300 -0.337136  0.225187  0.281728  -9
  1  0  0.938300  0.296046 -0.259267  0.222973  -4
  1  0  0.938300 -0.157216  0.007193  0.375568  -6
  1  0  0.938300  0.001083 -0.054691  0.806112  -1
  1  0  0.938300 -0.074610 -0.338931  0.669303  -4
  1  0  0.938300  0.101153  0.183217  0.553963  -4
  1  0  0.938300  0.006438  0.021811  1.002985  -1
  1  0  0.938300 -0.482376 -0.395086  0.575281  -8
  1  0  0.938300  0.068772  0.452618  0.031608  -5
  1  0  0.938300  0.052018  0.138217  0.700375  -3
  1  0  0.938300  0.140040  0.111467  0.513678  -4
  1  0  0.938300 -0.635086  0.268952  0.896451  -3
  1  0  0.938300 -0.013852 -0.159351  1.179301  -1
  1  0  0.938300 -0.011706  0.583167  0.686715  -4
  1  0  0.938300  0.190971  0.105157  1.279366  -4
  1  1  0.938300  0.056090  0.197373  0.686641  -1
  1  1  0.938300  0.181624 -0.348642  0.395655  -3
  1  0  0.938300 -0.203111  0.326469  0.257676  -4
  1  0  0.938300 -0.151997  0.037132  0.399927  -3
  1  1  0.938300 -0.508480 -0.040523  0.637703  -2
  1  0  0.938300  0.335171 -0.110138  0.557042  -4
  1  1  0.938300  0.197900  0.111754  0.537707  -2
  1  0  0.938300 -0.226648  0.178579  0.309082  -2
  1  0  0.938300 -0.273688  0.053813  0.503944  -6
  1  0  0.938300  0.249907  0.018797  0.022828  -3
  1  0  0.938300 -0.026596 -0.252098  0.460033  -3
  1  0  0.938300  0.029361 -0.116872  1.074464  -2
  1  0  0.938300  0.019811  0.082552  0.818739  -1
  1  0  0.938300  0.151089 -0.161942  0.879334  -2
  1  0  0.938300  0.109086 -0.127751  0.902907  -3
  1  0  0.938300 -0.038506  0.073593  0.864787  -3
  1  0  0.938300 -0.114798  0.165143  0.767551  -1
  1  0  0.938300 -0.080506 -0.177888  0.778585  -2
  1  0  0.938300 -0.008133 -0.181108  0.264862  -4
  1  0  0.938300  0.260434 -0.187939  0.756782  -4
  1  0  0.938300  0.038693  0.082734  0.281040  -6
  1  0  0.938300  0.060139 -0.015138  0.685280  -1
  1  0  0.938300  0.437976 -0.264154  0.517676  -2
  1  0  0.938300  0.259153 -0.214584  0.654307  -3
  1  0  0.938300  0.078553  0.024781  0.446459  -3
  1  0  0.938300  0.241990  0.079765  0.203999  -6
  1  0  0.938300 -0.342457  0.056271  0.752221  -3
  1  0  0.938300  0.106885  0.228476  0.465063  -2
  1  0  0.938300  0.642016  0.290143  0.495887  -4
  1  0  0.938300  0.146574  0.218586  0.436077  -2
  1  0  0.938300  0.120732 -0.014822  0.617689  -4
  1  0  0.938300  0.247349  0.001209  0.681644  -2
  1  0  0.938300  0.195367  0.080104  0.761359  -4
  1  0  0.938300 -0.195177 -0.233823  0.166007  -7
  1  0  0.938300  0.617568 -0.098807  1.043609  -4