  1  1  0.938300  0.045481 -0.016610  0.437205   2
  1  1  0.938300  0.241223 -0.116568 -0.014426   2
  1  0  0.938300 -0.349778 -0.263412  1.080178   5
  1  1  0.938300 -0.412095  0.033083  1.021803   3
  1  1  0.938300  0.128655  0.134420  0.672258   5
  1  1  0.938300  0.053863  0.101173 -0.008267   1
  1  1  0.938300 -0.262528 -0.224331  1.081615   2
  1  0  0.938300 -0.220446  0.056818 -0.006671   9
  1  0  0.938300 -0.206283 -0.000482  0.834867   7
  1  1  0.938300  0.049102  0.117471 -0.054708   1
  1  1  0.938300 -0.275247 -0.028565  0.647638   2
  1  1  0.938300 -0.240017 -0.025108  0.302371   4
  1  1  0.938300  0.213957  0.356402  0.223222   2
  1  1  0.938300  0.008841 -0.489112 -0.064605   2
  1  1  0.938300  0.291598  0.147727  0.756793   3
  1  1  0.938300 -0.005142  0.055415  0.021463   7
  1  1  0.938300  0.053552  0.126355  0.109233   4
  1  1  0.938300  0.131438 -0.084834  0.270388   3
  1  1  0.938300  0.223025 -0.105931  0.234471   7
  1  1  0.938300  0.179244  0.179523  0.205911   4
  1  1  0.938300 -0.814156  0.379539  0.476139   4
  1  1  0.938300  0.011075  0.083309  0.436518   4
  1  1  0.938300 -0.138356 -0.066028  0.400157   3
  1  1  0.938300 -0.603492  0.540885  0.192607   5
  1  1  0.938300  0.447700  0.074708  0.445369   4
  1  1  0.938300  0.178796 -0.050941  0.640879   4
  1  0  0.938300  0.073473  0.173820  0.500765   5
  1  1  0.938300  0.012325  0.124805  0.444325   2
  1  1  0.938300  0.006015  0.197134  0.131773   1
  1  1  0.938300 -0.162496  0.318420  0.635444   2
  1  1  0.938300 -0.127720  0.185950  0.114201   2
  1  1  0.938300  0.002689  0.179478 -0.036568   1
  1  1  0.938300 -0.151818 -0.026841  0.947443   8
  1  1  0.938300 -0.219161 -0.316339  0.529228   6
  1  1  0.938300 -0.241755 -0.455689  0.743767   3
  1  0  0.938300  0.188684 -0.002044  0.422601   8
  1  1  0.938300 -0.105109  0.190955 -0.020880   1
  1  0  0.938300  0.212354 -0.159174  0.520420   3
  1  1  0.938300  0.002927 -0.238138  0.370285   3
  1  1  0.938300 -0.013324 -0.086452  0.385195   4
  1  1  0.938300  0.093080 -0.444242  0.550404   5
  1  1  0.938300  0.152213 -0.330868  0.145480   2
  1  1  0.938300  0.045730  0.273403  0.521343   3
  1  1  0.938300  0.257880 -0.061205  0.576635   7
  1  1  0.938300  0.414188  0.041267  0.373291   8
  1  1  0.938300  0.003567 -0.206616  0.526733   4
  1  1  0.938300  0.041284  0.021960 -0.039223   1
  1  1  0.938300 -0.037101  0.102322  0.630258   7
  1  1  0.938300  0.557940  0.067358  1.130230   2
  1  1  0.938300  0.003087 -0.023090  0.169302   1
  1  1  0.938300 -0.191616 -0.153046  0.871823   5
  1  1  0.938300 -0.145812 -0.294352  0.208748   6
  1  1  0.938300  0.102951  0.046605  0.632381   3
  1  1  0.938300 -0.037780 -0.056162  0.848250   4
  1  1  0.938300  0.159543  0.170142  0.048189   1
  1  1  0.938300  0.031069  0.015440  0.428515   4
  1  1  0.938300 -0.080493 -0.141806 -0.066783   1
  1  1  0.938300 -0.173385  0.294421  0.691190   3
  1  1  0.938300 -0.252722  0.192315  0.566589   3
  1  1  0.938300  0.194649  0.437063  0.724192   2
  1  1  0.938300 -0.132850 -0.192071  0.488347   4
  1  1  0.938300  0.175214 -0.224824  0.094986   3
  1  0  0.938300  0.072779  0.475129  1.168121   3
  1  1  0.938300 -0.097382 -0.078065 -0.027839   1
  1  1  0.938300  0.052740  0.033069 -0.035394   1
  1  1  0.938300 -0.002372  0.489318  0.956383   3
  1  1  0.938300 -0.063293  0.070625  0.857073   6
  1  1  0.938300 -0.008654 -0.384064  0.139913   3
  1  1  0.938300 -0.041554  0.027643  0.091187   1
  1  1  0.938300  0.085300 -0.167615  0.064678   2
  1  1  0.938300 -0.172213  0.153857  0.292855   2
  1  1  0.938300 -0.056034  0.768325  0.735186   7
  1  1  0.938300  0.082575 -0.253261  0.375960   4
  1  1  0.938300 -0.063665 -0.082292  0.048990   1
  1  1  0.938300 -0.004342  0.025366  0.227282   7
  1  1  0.938300  0.187670  0.159059  0.004421   2
  1  1  0.938300 -0.155849  0.256925  0.620141   4
  1  1  0.938300 -0.222611 -0.161801  0.372630   3
  1  1  0.938300 -0.488871 -0.059970  0.252932   2
  1  0  0.938300  0.185183  0.129433  0.684911   2
  1  0  0.938300 -0.023592 -0.055755  0.246046   5
  1  0  0.938300 -0.328340 -0.193959  0.533292   3
  1  0  0.938300 -0.116058 -0.104465  0.035672   1
  1  0  0.938300  0.098351  0.036636  0.403894   3
  1  0  0.938300  0.378502 -0.168744  1.178315   5
  1  0  0.938300 -0.011511 -0.131934 -0.110462   2
  1  0  0.938300  0.255578 -0.046830  0.347191  12
  1  0  0.938300 -0.127199 -0.510921 -0.002082   4
  1  0  0.938300 -0.071249  0.296084  0.288456   5
  1  0  0.938300 -0.077221 -0.408426  0.696587   5
  1  0  0.938300 -0.408538  0.002955  0.207520   4
  1  0  0.938300  0.088209  0.040007  0.337183   7
  1  0  0.938300  0.234406 -0.029024  0.842627   4
  1  0  0.938300  0.077554 -0.759378  0.326345   3
  1  0  0.938300  0.009345  0.437230  0.070323   2
  1  0  0.938300  0.249077 -0.423751  0.304682   2
  1  0  0.938300  0.186513 -0.050055  0.431186   3
  1  0  0.938300  0.386775 -0.417157  0.337319   6
  1  0  0.938300  0.180531  0.247191  0.794695   4
  1  0  0.938300 -0.079079 -0.371135  0.261775   2
  1  0  0.938300 -0.380866  0.148481  0.087570   3
  1  0  0.938300 -0.014001  0.072159  0.758790   4
  1  0  0.938300 -0.419600 -0.232006  0.353265   4
  1  0  0.938300  0.103320 -0.179697  0.200499   9
  1  0  0.938300  0.131300  0.232058  0.082816   5
  1  0  0.938300  0.179477  0.214966  0.343932   4
  1  0  0.938300 -0.511115 -0.463955  0.285071   5
  1  0  0.938300  0.074828 -0.058367  0.885093   4
  1  0  0.938300  0.083109  0.300263  0.085913   2
  1  0  0.938300 -0.173876 -0.093268 -0.054869   1
  1  0  0.938300 -0.397095  0.009113  0.408254   3
  1  0  0.938300  0.171999 -0.312543  0.376411   4
  1  0  0.938300 -0.186045  0.081537  0.010396   4
  1  0  0.938300  0.395142 -0.197380  0.425783   3
  1  0  0.938300  0.103251 -0.065993  0.264944   2
  1  0  0.938300  0.251968  0.552825  0.592264   4
  1  0  0.938300 -0.029301 -0.064072  0.213144   1
  1  0  0.938300  0.223742  0.095631  0.828973   5
  1  0  0.938300  0.209904 -0.177582  0.810390   5
  1  0  0.938300  0.201501 -0.065831  0.503712   7
  1  0  0.938300 -0.573345 -0.128189  0.920973   2
  1  0  0.938300 -0.195317  0.023904  0.439876   2
  1  1  0.938300 -0.027058  0.681023  0.943721   6
  1  0  0.938300 -0.042505  0.164074  0.613556   3
  1  0  0.938300 -0.272390  0.079301  0.082121   4
  1  0  0.938300  0.035825 -0.194667  0.360148   3
  1  0  0.938300 -0.405470 -0.469560  0.578122   2
  1  0  0.938300  0.030740 -0.216112  0.554722   9
  1  0  0.938300  0.066490  0.193622 -0.111198   3
  1  1  0.938300 -0.149906  0.004589  0.413634   8
  1  1  0.938300 -0.040756  0.184687  0.919005   3
  1  0  0.938300 -0.089227  0.181346  0.746692   2
  1  0  0.938300 -0.353342 -0.267300  0.452661   2
  1  0  0.938300  0.086711  0.708556  0.615202   4
  1  0  0.938300 -0.078433 -0.047673  0.818013   4
  1  0  0.938300 -0.049083 -0.018886  0.073114   1
  1  0  0.938300 -0.251152  0.002909  0.438258   3
  1  0  0.938300  0.045435 -0.176326  0.416289   5
  1  0  0.938300 -0.152277 -0.046709  0.016768   1
  1  0  0.938300  0.076231  0.050482 -0.145153   1
  1  0  0.938300  0.082999  0.073809  0.011247   4
  1  0  0.938300 -0.038944 -0.206932  0.283567   3
  1  0  0.938300 -0.047488  0.494507  0.139457   9
  1  0  0.938300 -0.554497 -0.105103  0.888515   3
  1  0  0.938300 -0.420943 -0.061712  0.569054   4
  1  0  0.938300  0.265483  0.197727  0.665910   2
  1  0  0.938300 -0.719012  0.291346  0.758450   7
  1  0  0.938300 -0.111331  0.091716  0.159603   1
  1  0  0.938300  0.175326 -0.228468  0.694650   3
  1  0  0.938300 -0.087219 -0.073216 -0.055276   1
  1  0  0.938300  0.726589  0.164638  0.350875   3
  1  0  0.938300 -0.299505 -0.293138  0.601502   2
  1  0  0.938300  0.191785 -0.307013  0.393904   4
  1  0  0.938300 -0.247021 -0.264560  0.248241   5
  1  0  0.938300 -0.005182 -0.178893  0.331890   3
  1  0  0.938300 -0.015128 -0.033891  0.063731   1
  1  0  0.938300  0.039897  0.035170 -0.029057   1
  1  0  0.938300  0.144593 -0.736797  0.414797   3
  1  0  0.938300  0.019878 -0.073035  0.469347  10
  1  0  0.938300 -0.361755 -0.119459  0.360762   2
  1  0  0.938300  0.198470  0.115260  0.303691   4
  1  0  0.938300 -0.116111  0.037447  0.148400   1
  1  0  0.938300  0.001439  0.138849  0.484704   4
  1  0  0.938300 -0.093426  0.375877  0.651369   2
  1  0  0.938300 -0.443522  0.066660  0.365845   3
  1  0  0.938300 -0.110984  0.192335  0.755006   3
  1  0  0.938300  0.254537 -0.500031  0.396229   4
  1  0  0.938300  0.052979  0.037536  0.078696   3
  1  0  0.938300  0.019639  0.142865  0.600634   5
  1  0  0.938300 -0.166024 -0.188143  0.405118   8
  1  0  0.938300 -0.252957  0.354463  0.559530   5
  1  0  0.938300 -0.654089 -0.196790  0.627191   3
  1  0  0.938300 -0.338704  0.104283  0.651775   2
  1  0  0.938300 -0.015870  0.076909  0.697322   3
  1  1  0.938300 -0.094498  0.281193  0.216272   5
  1  0  0.938300  0.004731 -0.248494  0.370817   3
  1  0  0.938300 -0.101040 -0.305285  0.065942   4
  1  0  0.938300  0.064272 -0.220574  0.123765   3
  1  0  0.938300 -0.321232 -0.522063  0.234267   3
  1  0  0.938300 -0.052705 -0.367095  0.664697   5
  1  1  0.938300 -0.398057 -0.198363  0.718313   5
  1  0  0.938300  0.166653 -0.136690  0.872102   2
  1  0  0.938300 -0.141946 -0.308712 -0.031499   2
  1  0  0.938300  0.214818  0.107717  0.770490   8
  1  0  0.938300  0.186968 -0.165685  0.514744   3
  1  0  0.938300 -0.089859  0.029546  0.182010   7
  1  0  0.938300 -0.550760  0.073743  0.220389   2
  1  0  0.938300  0.045404 -0.108372  0.530769   8
  1  0  0.938300  0.155237  0.076952  0.459006   2
  1  0  0.938300 -0.029967 -0.228153  0.118538   2
  1  0  0.938300  0.514887 -0.008864  0.026923   3
  1  0  0.938300 -0.011207 -0.114292  0.202821   5
  1  0  0.938300 -0.088263 -0.207510  0.670494   5
  1  0  0.938300 -0.215580 -0.282969  0.159593   8
  1  0  0.938300  0.096288  0.154653  0.562345   5
  1  0  0.938300 -0.265659  0.292315  0.285977   6
  1  0  0.938300  0.171413  0.022588  0.157685   1
  1  1  0.938300 -0.121611 -0.388896  0.031260  -3
  1  1  0.938300  0.031263  0.332784  0.239425  -8
  1  1  0.938300  0.142250 -0.006628  0.229863  -4
  1  1  0.938300 -0.169507  0.127460  0.446691  -4
  1  1  0.938300 -0.036544  0.279013  0.186814  -3
  1  1  0.938300  0.191671 -0.258794  0.693226  -5
  1  1  0.938300 -0.317506  0.260933  0.374576  -5
  1  1  0.938300  0.028684  0.088945  0.646304  -2
  1  1  0.938300 -0.326768  0.169792  1.093066  -2
  1  1  0.938300  0.014858  0.139635  0.861150  -1
  1  1  0.938300  0.252083 -0.058782  0.614057  -3
  1  1  0.938300 -0.030431 -0.033387  0.022780  -6
  1  1  0.938300 -0.208788 -0.242940  0.642479  -5
  1  1  0.938300 -0.077072  0.075990  0.830114  -2
  1  1  0.938300 -0.528332 -0.092617  0.715588  -3
  1  1  0.938300  0.177301  0.026718  0.231628  -2
  1  1  0.938300 -0.419870 -0.390385  0.820253  -3
  1  1  0.938300 -0.180894  0.115922  0.709013  -1
  1  1  0.938300  0.070719 -0.064976  1.019579  -1
  1  1  0.938300  0.158349 -0.066107  0.555649  -5
  1  1  0.938300  0.456235 -0.260588  0.715323  -4
  1  1  0.938300  0.265982 -0.729740  0.511739  -2
  1  1  0.938300  0.263513  0.168509  0.040113  -3
  1  0  0.938300  0.068626 -0.318207  0.952985  -7
  1  1  0.938300 -0.059253  0.184260  0.997418  -1
  1  1  0.938300 -0.056266 -0.039440  0.284447  -4
  1  1  0.938300  0.497282  0.237000  0.827871  -3
  1  1  0.938300  0.040754 -0.057404  0.157454  -2
  1  1  0.938300 -0.276744  0.355652  1.185842  -2
  1  1  0.938300  0.332047 -0.201615  0.303756  -6
  1  1  0.938300  0.027336 -0.137017 -0.082309  -7
  1  1  0.938300 -0.010778 -0.064791  0.898457  -1
  1  1  0.938300  0.213914 -0.349287  0.607297  -7
  1  1  0.938300 -0.069124  0.493962  0.698457  -5
  1  1  0.938300  0.125625 -0.022053  0.930056  -1
  1  1  0.938300 -0.012193  0.299612  0.620934  -2
  1  1  0.938300  0.429998  0.137431  0.253878  -4
  1  1  0.938300  0.185094  0.401845  0.737073  -2
  1  1  0.938300  0.298102 -0.375851  0.723671  -2
  1  1  0.938300  0.028165  0.042704  0.893917  -1
  1  1  0.938300 -0.386369 -0.052478  0.269232  -2
  1  1  0.938300  0.011209  0.220857  1.120316  -2
  1  1  0.938300  0.385007 -0.154789  0.513568  -3
  1  1  0.938300 -0.234721 -0.063104  0.457143  -2
  1  1  0.938300  0.234784  0.519730  0.314644  -2
  1  0  0.938300 -0.004293 -0.305373  0.264500  -4
  1  1  0.938300  0.048527  0.203142  1.018513  -1
  1  1  0.938300  0.064395 -0.217338  0.179708  -4
  1  1  0.938300  0.237473  0.023795  0.665245  -4
  1  1  0.938300  0.207677  0.455402  0.076126  -4
  1  1  0.938300 -0.799390 -0.267058  1.152919  -3
  1  1  0.938300  0.437542 -0.059601  0.729452  -3
  1  1  0.938300  0.331459 -0.430459  0.451081  -6
  1  1  0.938300 -0.333455 -0.124611  0.439793  -3
  1  1  0.938300  0.193548 -0.024992  0.937792  -2
  1  1  0.938300  0.177183 -0.076932  1.127672  -1
  1  0  0.938300  0.225102  0.368690  0.576605  -3
  1  1  0.938300 -0.271016 -0.039018  0.721209  -4
  1  1  0.938300 -0.092213 -0.013768  1.280053  -1
  1  1  0.938300 -0.010737 -0.272522  0.512062  -4
  1  1  0.938300 -0.104963  0.085564  0.512515  -2
  1  1  0.938300 -0.538719 -0.302599  0.339851  -2
  1  1  0.938300 -0.178656  0.222994  0.728125  -2
  1  1  0.938300 -0.551983  0.273605  0.440329  -2
  1  1  0.938300  0.261197 -0.256103  0.333054  -3
  1  1  0.938300  0.044800  0.212663  0.443733  -2
  1  1  0.938300 -0.101773  0.167257  0.327280  -6
  1  1  0.938300  0.127107 -0.078986  0.869479  -1
  1  1  0.938300  0.162184  0.111214 -0.022493  -6
  1  1  0.938300  0.411278  0.189350  0.347794  -2
  1  1  0.938300  0.066431 -0.196770  0.613362  -3
  1  1  0.938300  0.041449  0.037812  0.934240  -1
  1  1  0.938300  0.196145 -0.235259  0.330968  -2
  1  1  0.938300  0.208373  0.190561  0.248868  -4
  1  1  0.938300 -0.490708  0.018548  0.718965  -2
  1  1  0.938300 -0.069409  0.013956  0.481073  -8
  1  1  0.938300  0.347552  0.282437  0.278999  -3
  1  1  0.938300  0.196124 -0.246302  0.647315  -4
  1  1  0.938300  0.444547  0.181792  0.041177  -3
  1  0  0.938300  0.213607  0.119554  0.708615  -4
  1  0  0.938300 -0.027805  0.143683  0.833193  -8
  1  0  0.938300 -0.079825 -0.077210  0.714616  -2
  1  0  0.938300 -0.116414 -0.001229  0.541186  -3
  1  1  0.938300  0.081316  0.376647  0.762276  -6
  1  0  0.938300 -0.083923 -0.014358  0.616988  -4
  1  0  0.938300  0.010792 -0.050061  0.504092  -3
  1  0  0.938300  0.328520 -0.284498  0.132723  -5
  1  0  0.938300 -0.212449 -0.081720  0.314417  -5
  1  0  0.938300 -0.098879 -0.063895  0.800421  -2
  1  0  0.938300 -0.113034  0.024211  0.455910  -3
  1  0  0.938300 -0.124031  0.335849  0.929353  -5
  1  0  0.938300 -0.040958  0.060018  0.997541  -1
  1  0  0.938300  0.295071 -0.295453  0.424157  -4
  1  0  0.938300  0.352013  0.024295  0.354767  -5
  1  0  0.938300  0.398452 -0.130307  0.522405  -3
  1  0  0.938300 -0.001213 -0.220747  0.150500  -2
  1  0  0.938300  0.817791 -0.142473 -0.008927  -3
  1  0  0.938300 -0.217847  0.246590  1.282933  -4
  1  0  0.938300  0.174366  0.056726  0.482187  -5
  1  0  0.938300  0.252595 -0.251138  0.578686  -4
  1  0  0.938300 -0.147664  0.414599  0.559937  -8
  1  0  0.938300  0.324373  0.343045  0.752565  -4
  1  0  0.938300  0.001743 -0.440853  0.484476  -5
  1  0  0.938300  0.243703 -0.336307  0.843274  -2
  1  0  0.938300  0.166161 -0.044299  1.113124  -1
  1  0  0.938300  0.096285  0.277465  0.461945  -2
  1  0  0.938300 -0.118519 -0.363752  0.506090  -4
  1  0  0.938300 -0.306617  0.017888  0.201205  -2
  1  0  0.938300 -0.083018 -0.191819  0.292002  -2
  1  0  0.938300 -0.054430  0.209595  0.634202  -3
  1  0  0.938300  0.493403  0.212425  0.790669  -2
  1  0  0.938300  0.487617  0.113655  0.700069  -3
  1  0  0.938300 -0.104871  0.255073  0.515084  -4
  1  0  0.938300  0.377967  0.168544  1.022951  -5
  1  0  0.938300  0.335455 -0.029885  0.654961  -6
  1  0  0.938300 -0.037621 -0.515630  0.425781  -5
  1  0  0.938300  0.112498 -0.154366  0.567283  -5
  1  0  0.938300 -0.337155 -0.282696  0.287069  -3
  1  1  0.938300 -0.126907 -0.635978  0.656790  -5
  1  0  0.938300  0.134264 -0.045666  0.231429  -2
  1  0  0.938300  0.067558 -0.385811  0.076123  -4
  1  0  0.938300 -0.265226  0.136977  1.023229  -2
  1  0  0.938300  0.001372  0.400404  0.670073  -4
  1  0  0.938300 -0.060258 -0.492035  0.870930  -3
  1  0  0.938300  0.002985 -0.383963  0.607508  -3
  1  0  0.938300  0.137924 -0.029240  0.992495  -1
  1  0  0.938300 -0.060428  0.174320  0.178894  -3
  1  0  0.938300 -0.079351  0.098571 -0.007215  -5
  1  0  0.938300  0.475929 -0.005847  0.504123  -4
  1  0  0.938300  0.017511  0.005558 -0.065758  -3
  1  0  0.938300  0.101731  0.150887  0.115119  -4
  1  0  0.938300 -0.003633 -0.390312  0.812139  -4
  1  0  0.938300 -0.402234 -0.079317  0.337323  -5
  1  0  0.938300 -0.060319 -0.161429  0.930894  -1
  1  0  0.938300  0.042339 -0.448392  0.706915  -5
  1  0  0.938300  0.155421  0.540536  0.687061  -9
  1  0  0.938300  0.123153  0.110619  0.550403  -5
  1  0  0.938300 -0.184262  0.222828  0.632466  -2
  1  0  0.938300  0.078983  0.327778  0.636979  -3
  1  0  0.938300  0.256693  0.130071  0.937032  -1
  1  0  0.938300  0.189836 -0.090009  0.415413  -4
  1  0  0.938300  0.386405 -0.043239  0.423949  -5
  1  0  0.938300 -0.293409 -0.228867  0.400382  -3
  1  0  0.938300  0.265763 -0.325683  0.036735  -3
  1  0  0.938300  0.145867  0.072061  0.719134  -1
  1  0  0.938300 -0.583238 -0.016846  0.638383  -5
  1  0  0.938300  0.190526 -0.429543  1.267807  -3
  1  0  0.938300  0.159124 -0.334189  0.495968  -6
  1  0  0.938300 -0.208529 -0.315052  0.164966  -3
  1  0  0.938300 -0.019627  0.350014  0.808335  -2
  1  0  0.938300 -0.162224  0.107993  0.606872  -3
  1  0  0.938300  0.326677  0.103821  0.729908  -5
  1  0  0.938300 -0.194135  0.135562  0.492468  -4
  1  0  0.938300 -0.072077 -0.077286  0.312397  -5
  1  0  0.938300  0.124615 -0.008599  0.659931  -1
  1  0  0.938300 -0.420224  0.037814  0.067623  -4
  1  0  0.938300  0.104827  0.643985  0.263224  -3
  1  0  0.938300 -0.137951  0.217756  0.843941  -4
  1  0  0.938300  0.017961  0.003278  0.860361  -1
  1  0  0.938300  0.303204  0.113043  0.235494 -13
  1  0  0.938300  0.131467  0.091708  0.648186  -3
  1  0  0.938300 -0.057573  0.031098  0.929864  -1
  1  0  0.938300 -0.180333  0.198229  0.509140  -3
  1  0  0.938300  0.074486  0.053958  0.558577  -1
  1  0  0.938300  0.308555 -0.209184  0.503059  -5
  1  0  0.938300 -0.560881  0.164231  0.496308  -4
  1  0  0.938300  0.409377 -0.310046  0.759570  -5
  1  0  0.938300 -0.095876 -0.265323  0.917388  -2
  1  1  0.938300  0.144599  0.034170  0.252721  -6
  1  0  0.938300  0.214932  0.044858  0.759997  -1
  1  0  0.938300 -0.457141  0.105333  0.449987  -2
  1  0  0.938300 -0.425299 -0.260483  0.327529  -3
  1  0  0.938300 -0.178186  0.192322  0.639275  -4
  1  0  0.938300 -0.004929  0.213876  0.796387  -4
  1  0  0.938300 -0.173732 -0.150621  0.852814  -6
  1  0  0.938300  0.122163 -0.138645  0.171838  -3
  1  0  0.938300 -0.282344 -0.106496  0.563726  -3
  1  0  0.938300  0.277549 -0.059301 -0.093417  -2
  1  0  0.938300 -0.647599  0.053738  0.623709  -7
  1  1  0.938300 -0.224664 -0.264124  0.302929 -11
  1  0  0.938300 -0.088216 -0.059260 -0.125581  -3
  1  0  0.938300 -0.380700 -0.104071  0.704404  -6
  1  0  0.938300  0.342486  0.304956  0.442529  -7
  1  0  0.938300 -0.048743 -0.040346  0.663090  -1
  1  0  0.938300 -0.319003  0.009412  0.065175  -3
  1  1  0.938300 -0.099587  0.212156  0.532590  -3
  1  0  0.938300 -0.010468 -0.005010  0.218675  -6
  1  0  0.938300 -0.039303  0.478437  0.296483  -3
  1  1  0.938300 -0.245662 -0.182202  1.071048  -3
  1  0  0.938300 -0.230877  0.145197 -0.079145  -3
  1  0  0.938300  0.043371 -0.040329  0.311453  -6
  1  0  0.938300  0.450541  0.002520  0.467810  -2
  1  0  0.938300 -0.079110  0.091554  1.035346  -3
  1  0  0.938300  0.025873  0.154900  0.096165  -3
  1  1  0.938300  0.174583 -0.119860  0.937411  -3
  1  1  0.938300 -0.060030  0.078845  0.622450  -6
  1  0  0.938300 -0.148253  0.148623  0.764799  -2