  1  1  0.938300 -0.062929  0.239754  0.128656   4
  1  1  0.938300  0.434982 -0.097155  0.470643   3
  1  1  0.938300 -0.350009  0.495073  0.302449   4
  1  0  0.938300 -0.122513  0.192385  0.078262   7
  1  1  0.938300  0.476925  0.056760  0.997773   2
  1  1  0.938300 -0.138629  0.222027  0.275605   4
  1  1  0.938300  0.168243  0.046366  0.308333   4
  1  1  0.938300  0.353253 -0.310672  1.017866   2
  1  1  0.938300  0.073474  0.074814  0.138107   3
  1  1  0.938300  0.028218  0.000153  0.377641   1
  1  1  0.938300  0.040339 -0.117510  0.480456   5
  1  1  0.938300 -0.007207  0.042393 -0.072610   1
  1  1  0.938300 -0.225066 -0.088330  0.104564   1
  1  1  0.938300  0.078089  0.448218  0.531731   3
  1  1  0.938300 -0.214728 -0.095960  0.660391   5
  1  1  0.938300  0.185208 -0.009856  0.149862   2
  1  1  0.938300 -0.144452 -0.126535  0.747864   3
  1  1  0.938300  0.139718 -0.081431  0.834627   8
  1  1  0.938300  0.251443  0.389355  0.803886   3
  1  0  0.938300  0.052997 -0.244094  0.596592   4
  1  1  0.938300 -0.144497  0.038376  0.113224   3
  1  1  0.938300 -0.269602 -0.041303  0.191040   5
  1  0  0.938300  0.262407  0.160594  0.237485   3
  1  1  0.938300  0.093100  0.000889  0.371540   2
  1  1  0.938300 -0.212046 -0.033703  0.654712   4
  1  1  0.938300  0.118916 -0.219631  0.724223   5
  1  1  0.938300 -0.041267 -0.004149  0.484826   6
  1  1  0.938300  0.204059  0.121068  0.096424   6
  1  1  0.938300 -0.008000 -0.348222  0.111251   2
  1  1  0.938300 -0.088720  0.067997  0.664765   3
  1  1  0.938300 -0.147525  0.065931  0.091443   1
  1  1  0.938300  0.021768  0.120648  0.142702   1
  1  1  0.938300 -0.110106 -0.152967  0.179463   1
  1  1  0.938300  0.020006 -0.192992  0.017250   1
  1  0  0.938300 -0.055413  0.045049  0.436272   3
  1  0  0.938300  0.060119 -0.785947  0.048798   4
  1  1  0.938300 -0.180242 -0.148887  0.673240   8
  1  1  0.938300  0.174919 -0.207381  1.036011   7
  1  1  0.938300  0.258720  0.208289  0.165606   2
  1  1  0.938300 -0.087911 -0.039432  0.037819   1
  1  1  0.938300 -0.210870  0.453533  0.287335   5
  1  1  0.938300 -0.277245  0.123607  0.775204   5
  1  1  0.938300 -0.159049 -0.007503  0.363958   3
  1  1  0.938300 -0.219377  0.074295  0.246700  12
  1  0  0.938300 -0.170348 -0.105466  0.399838   9
  1  1  0.938300 -0.132099  0.433419  0.420600   2
  1  1  0.938300  0.282718  0.277265  0.301910   2
  1  1  0.938300  0.642841  0.037646  0.919732   5
  1  1  0.938300  0.140820 -0.049882  0.227098   1
  1  1  0.938300  0.537934 -0.143300  0.420877   3
  1  1  0.938300  0.018072  0.486170  1.032100   4
  1  1  0.938300  0.418388  0.127689  0.083523   2
  1  1  0.938300 -0.027672 -0.103679  0.011685   1
  1  1  0.938300 -0.425231 -0.115518  0.011039   1
  1  1  0.938300  0.003914 -0.179315  0.295801   4
  1  1  0.938300  0.043160  0.476834  0.673546   2
  1  1  0.938300 -0.186709  0.469474  0.265619   3
  1  1  0.938300 -0.167652 -0.018477  0.087720   3
  1  1  0.938300  0.168704  0.106640  0.657731   5
  1  1  0.938300 -0.449465 -0.277464  0.512452   5
  1  1  0.938300  0.346512 -0.451845  0.252423   4
  1  1  0.938300  0.093328  0.126359  0.584849   5
  1  1  0.938300  0.090228 -0.146292  0.445322   2
  1  1  0.938300  0.149581  0.240143  0.366429   3
  1  1  0.938300 -0.100415 -0.121705 -0.071090   2
  1  1  0.938300  0.276492 -0.662389  0.503903   3
  1  1  0.938300  0.035252 -0.103571 -0.007293   1
  1  1  0.938300  0.211042  0.198732  0.208358   2
  1  1  0.938300  0.006787 -0.383306  0.360800   2
  1  1  0.938300  0.083975  0.196917 -0.030660   2
  1  1  0.938300  0.338008 -0.023211  0.285043   3
  1  1  0.938300 -0.020121 -0.080839  0.476434   4
  1  1  0.938300  0.479192  0.054344  0.360554   3
  1  0  0.938300  0.068157  0.111728  0.171553   5
  1  0  0.938300 -0.329776 -0.186947 -0.037680   2
  1  0  0.938300 -0.339039  0.264125  0.818584   3
  1  1  0.938300 -0.172242  0.001551  0.790920   4
  1  1  0.938300 -0.419124 -0.429531  0.560604   3
  1  1  0.938300  0.251211  0.146196  0.575956   6
  1  0  0.938300 -0.018976 -0.008094  0.261921   1
  1  1  0.938300 -0.107493 -0.262507  0.503398   7
  1  0  0.938300 -0.239539  0.021553  0.407467   2
  1  0  0.938300 -0.305650 -0.426472  0.332716   2
  1  0  0.938300 -0.214544 -0.247622  0.962663   2
  1  0  0.938300 -0.193759 -0.075754  0.537714   2
  1  0  0.938300  0.274161  0.033607  0.136550   1
  1  0  0.938300  0.103174 -0.026711 -0.098959   4
  1  0  0.938300  0.100440  0.043018  0.945199   2
  1  0  0.938300 -0.852915  0.082538  0.661856   2
  1  0  0.938300  0.078058  0.042022  0.112320   4
  1  0  0.938300 -0.013340  0.256382  0.286146   4
  1  0  0.938300  0.036883  0.188225  0.110036  10
  1  0  0.938300  0.310601  0.121837  0.017852   7
  1  0  0.938300  0.013940 -0.058704  0.259052   2
  1  0  0.938300  0.189309  0.273200  0.454109   3
  1  0  0.938300 -0.177935  0.297034  0.818922   8
  1  0  0.938300 -0.059636  0.128931  0.093366   1
  1  0  0.938300 -0.406234 -0.321454  0.182792   2
  1  0  0.938300  0.121046 -0.466800  0.222679   8
  1  0  0.938300 -0.125665  0.243503  0.522934   2
  1  0  0.938300 -0.029650 -0.017721  0.260645   3
  1  0  0.938300 -0.036710 -0.012914 -0.066746   1
  1  0  0.938300  0.122593  0.344270  0.389237   3
  1  0  0.938300  0.189091  0.094341  0.726596   6
  1  0  0.938300  0.068757 -0.069153  0.569284   3
  1  0  0.938300  0.244316  0.204940  0.415991   5
  1  0  0.938300 -0.085910 -0.554586  0.733518   7
  1  0  0.938300 -0.314153  0.128864  0.622297   5
  1  0  0.938300  0.082024 -0.126391  0.117574   4
  1  0  0.938300 -0.134217 -0.325246  0.798577   5
  1  0  0.938300 -0.306244  0.125213  1.014527   4
  1  1  0.938300 -0.480320  0.122242  0.574830   7
  1  0  0.938300  0.235678 -0.037326  0.224299   3
  1  1  0.938300  0.150785  0.248088  0.840842  10
  1  0  0.938300  0.227661 -0.240498  0.549136   3
  1  0  0.938300  0.205463  0.211622  0.730726   9
  1  0  0.938300  0.075823  0.096614  0.639426   2
  1  0  0.938300 -0.198736  0.013528  0.485056   4
  1  0  0.938300  0.122536  0.138496  0.244782   4
  1  0  0.938300 -0.091615 -0.014383  0.219161   1
  1  0  0.938300  0.237645 -0.069253  0.233754   3
  1  0  0.938300 -0.039209 -0.215298  0.586533   3
  1  0  0.938300  0.016625  0.549150  0.444460   4
  1  0  0.938300  0.180110  0.335917  0.642284   2
  1  0  0.938300 -0.072087  0.069230  0.059228   4
  1  0  0.938300 -0.063159 -0.363962  0.975357   2
  1  0  0.938300  0.288405 -0.156728  1.110769   4
  1  0  0.938300  0.228086  0.232581  0.353680   6
  1  0  0.938300 -0.079541 -0.006282  0.148654   8
  1  0  0.938300  0.057631  0.226412  0.963804   3
  1  0  0.938300 -0.476670 -0.175211  0.515531   4
  1  0  0.938300 -0.491790 -0.150580  0.230505   2
  1  0  0.938300  0.099064 -0.013350  0.372965   2
  1  0  0.938300  0.129499  0.164582  0.096281   1
  1  0  0.938300  0.125157  0.185687  0.156221   6
  1  0  0.938300  0.053014  0.249634 -0.023180   3
  1  0  0.938300  0.416361 -0.058043  0.689519   4
  1  0  0.938300  0.075731 -0.173363  0.026908   1
  1  0  0.938300 -0.185312  0.165362  0.276202   3
  1  0  0.938300 -0.372844 -0.384117  0.078137   7
  1  0  0.938300 -0.399504  0.178038  0.202229   3
  1  0  0.938300 -0.193993 -0.053487  0.213511   3
  1  0  0.938300 -0.057565  0.079728  0.650393   2
  1  0  0.938300  0.186737 -0.531096  0.404322   6
  1  0  0.938300  0.440231 -0.220236  0.665262   5
  1  0  0.938300 -0.274493  0.251304  0.380186   3
  1  0  0.938300  0.118393 -0.523871  0.071024   4
  1  0  0.938300 -0.150238  0.003141  0.070403   1
  1  0  0.938300 -0.190787 -0.014760  0.148771   2
  1  0  0.938300 -0.122080 -0.114577  0.364932   5
  1  0  0.938300 -0.184044 -0.191716  0.320640   2
  1  0  0.938300 -0.371753 -0.335101  0.325047   5
  1  0  0.938300 -0.436400 -0.520735  0.887626   4
  1  0  0.938300 -0.272889 -0.210968  0.505560   5
  1  0  0.938300  0.010752 -0.002633  0.544618   5
  1  0  0.938300 -0.241923  0.504186  0.218718   3
  1  0  0.938300  0.065525  0.316141  0.536160   4
  1  0  0.938300 -0.227228 -0.263097  0.344156   3
  1  0  0.938300 -0.500335 -0.450013  0.571774   5
  1  0  0.938300  0.182712  0.336309  0.539222   5
  1  0  0.938300 -0.023849  0.063343 -0.088252   1
  1  0  0.938300 -0.213941 -0.289328  0.241708   2
  1  0  0.938300  0.012630 -0.207779 -0.135398   6
  1  0  0.938300  0.220400 -0.497093  0.456189   2
  1  0  0.938300  0.091774 -0.347734  0.520940   4
  1  0  0.938300  0.309840 -0.113956  0.144062   4
  1  0  0.938300 -0.282086 -0.362264  0.729125   3
  1  0  0.938300  0.164107 -0.286846  0.145034   3
  1  0  0.938300  0.141560  0.208586  0.131113   3
  1  0  0.938300  0.154060 -0.103811  0.211798   5
  1  1  0.938300  0.381996  0.068322  0.344598   3
  1  0  0.938300 -0.083402  0.327548  0.486258  10
  1  0  0.938300 -0.148678  0.048629  0.690243   6
  1  0  0.938300 -0.367049  0.212781 -0.062438   2
  1  0  0.938300  0.015158 -0.006653  0.157262   2
  1  0  0.938300 -0.248626 -0.001051  0.086502   1
  1  0  0.938300  0.378873 -0.413905  0.327866   3
  1  0  0.938300  0.015809  0.002910 -0.000148   1
  1  0  0.938300 -0.253710  0.227875  0.750498   3
  1  0  0.938300 -0.244935 -0.090652  0.508109   4
  1  0  0.938300  0.591725 -0.168397  0.203662   3
  1  0  0.938300  0.461726  0.103609  0.156929   4
  1  0  0.938300 -0.066445  0.117906  0.670186   6
  1  0  0.938300 -0.297230  0.434942  0.885328   2
  1  0  0.938300  0.094181 -0.155164  0.457855   6
  1  0  0.938300 -0.038313  0.101428 -0.001998   1
  1  0  0.938300 -0.306223  0.094008  0.512560   2
  1  0  0.938300 -0.413948  0.025965  0.279893   6
  1  0  0.938300 -0.237679 -0.146170 -0.134671   4
  1  1  0.938300 -0.115821 -0.188518  0.671830   3
  1  0  0.938300  0.271328 -0.314538 -0.101995   2
  1  0  0.938300 -0.063167 -0.127936  0.121865   1
  1  0  0.938300  0.021946  0.035199 -0.021607   1
  1  0  0.938300  0.288894 -0.250816  0.242649   2
  1  0  0.938300  0.337512 -0.229989  0.538648  11
  1  0  0.938300 -0.443419 -0.243316  0.630818   4
  1  0  0.938300  0.058314 -0.140948  0.683369   8
  1  1  0.938300  0.203097  0.102293  0.507068  -3
  1  1  0.938300  0.244221 -0.189232  1.124794  -5
  1  1  0.938300 -0.464416 -0.029393  0.655503  -3
  1  1  0.938300  0.101258  0.066907  0.708976  -1
  1  1  0.938300 -0.293855  0.185465  0.285539  -5
  1  1  0.938300  0.091745 -0.059812  0.684005  -4
  1  1  0.938300  0.128500 -0.085094  0.355414  -2
  1  1  0.938300 -0.129277  0.193464  0.366711  -4
  1  1  0.938300  0.245377 -0.093153  0.772035  -3
  1  1  0.938300 -0.156755 -0.310908  0.602786  -5
  1  1  0.938300  0.001028 -0.084091  0.937113  -1
  1  1  0.938300 -0.079655 -0.056336  0.781732  -1
  1  1  0.938300  0.129360  0.374060  0.613447  -2
  1  1  0.938300 -0.229405 -0.213534  0.352292  -3
  1  1  0.938300  0.136819 -0.188833  0.406226  -8
  1  1  0.938300 -0.226383 -0.300647  0.666105  -4
  1  1  0.938300  0.110686 -0.065796  0.479117  -5
  1  1  0.938300  0.297959 -0.114906  0.483194  -4
  1  1  0.938300  0.228395 -0.315971  0.110117  -4
  1  1  0.938300  0.009004 -0.063523  0.825094  -1
  1  1  0.938300 -0.061665 -0.001227  0.088644  -4
  1  1  0.938300 -0.436408  0.457590  0.987074  -8
  1  1  0.938300  0.078102  0.151842  0.923918  -1
  1  1  0.938300  0.032233  0.238652  0.566334  -5
  1  1  0.938300  0.181896 -0.063305  0.115934  -7
  1  1  0.938300  0.139019  0.048538  0.289672  -5
  1  0  0.938300 -0.143070 -0.083696  0.548850  -5
  1  1  0.938300  0.462447  0.012261  0.653120  -3
  1  1  0.938300 -0.251585 -0.176061  0.590794  -2
  1  1  0.938300  0.109427 -0.141042  0.189965  -4
  1  1  0.938300  0.454236 -0.006128  0.249598  -4
  1  1  0.938300  0.222776 -0.425944  1.097826  -3
  1  1  0.938300 -0.049496 -0.027115  0.836582  -4
  1  1  0.938300  0.223200 -0.106692  0.671869  -3
  1  1  0.938300  0.066125  0.461180  0.764251  -5
  1  1  0.938300 -0.051040  0.068250  0.938055  -1
  1  1  0.938300 -0.499866  0.244779  0.356169  -3
  1  1  0.938300  0.067694 -0.149036  0.818317  -1
  1  0  0.938300  0.379757 -0.044172  0.758338  -5
  1  1  0.938300 -0.031847 -0.081523  0.985960  -1
  1  1  0.938300  0.011641  0.098222  0.382027  -2
  1  1  0.938300 -0.078626  0.270864  0.586745  -3
  1  1  0.938300  0.034883 -0.028725  1.103243  -6
  1  1  0.938300 -0.155393 -0.166018  0.400380  -8
  1  1  0.938300 -0.279052  0.064763  0.484996  -2
  1  1  0.938300  0.127480 -0.156573  0.284559  -9
  1  1  0.938300 -0.251903 -0.237728  0.294975  -3
  1  1  0.938300 -0.039540 -0.077019  0.945674  -3
  1  1  0.938300 -0.228312  0.347909  0.425930  -4
  1  1  0.938300 -0.110886  0.202763  0.444322  -6
  1  1  0.938300 -0.026485  0.248591  0.326180  -3
  1  1  0.938300 -0.495657 -0.219134  0.548990  -3
  1  1  0.938300  0.069644  0.344427  0.230922  -2
  1  1  0.938300  0.569413  0.315006  0.806851  -3
  1  1  0.938300  0.081535 -0.185300  0.361999  -9
  1  1  0.938300  0.434883  0.146072  0.648983  -3
  1  1  0.938300  0.013295  0.116268  0.124404  -3
  1  1  0.938300 -0.396880  0.215548  0.843958  -3
  1  1  0.938300  0.080347  0.254069  0.534866  -3
  1  1  0.938300 -0.117533  0.285974  0.778178  -2
  1  1  0.938300 -0.182723  0.456364  0.998455  -2
  1  1  0.938300  0.124689  0.099846  0.888137  -1
  1  1  0.938300 -0.062290 -0.327361  1.115295  -4
  1  1  0.938300 -0.213612 -0.249363  0.205913  -4
  1  1  0.938300  0.007390 -0.065452  0.216265  -6
  1  1  0.938300 -0.220326 -0.202409  0.770401  -2
  1  1  0.938300  0.340807  0.416796  0.214626  -5
  1  1  0.938300  0.226661  0.338653  0.523855  -6
  1  1  0.938300 -0.300232  0.237755  0.736250  -2
  1  1  0.938300 -0.126504  0.088432  0.714929  -1
  1  1  0.938300 -0.358870  0.056626  0.277334 -11
  1  1  0.938300 -0.178117  0.175828  0.620709  -4
  1  1  0.938300 -0.054567 -0.011955  0.945139  -1
  1  1  0.938300  0.393699 -0.159717  0.293065  -7
  1  1  0.938300 -0.211417 -0.029826  0.744109  -5
  1  1  0.938300 -0.275022  0.462069  0.498350  -7
  1  0  0.938300  0.226907  0.156575  0.166689  -2
  1  1  0.938300 -0.024661  0.167181  0.372546  -2
  1  1  0.938300  0.087730 -0.087678  0.389033  -4
  1  0  0.938300 -0.536131  0.081918  0.461210  -3
  1  0  0.938300  0.440033 -0.009081  0.813241  -3
  1  0  0.938300 -0.010876 -0.204362  0.810603  -1
  1  0  0.938300  0.145808  0.057911  0.448286  -4
  1  0  0.938300 -0.229045 -0.065679  0.915793  -2
  1  0  0.938300 -0.203264 -0.123556  0.864396  -4
  1  0  0.938300  0.296270 -0.609571  0.482658  -5
  1  0  0.938300 -0.175630  0.151362  0.298870  -4
  1  0  0.938300 -0.059116  0.011705  0.983878  -1
  1  0  0.938300  0.167566  0.272101  0.788928  -2
  1  0  0.938300 -0.051218  0.021409  0.354737  -4
  1  0  0.938300 -0.051400  0.147787  0.837841  -1
  1  0  0.938300  0.110560 -0.114120  1.044000  -1
  1  0  0.938300  0.022131  0.305016  0.705330  -3
  1  0  0.938300  0.073352  0.072155  0.991104  -1
  1  0  0.938300 -0.000293  0.365670  0.406475  -5
  1  0  0.938300 -0.020318 -0.240832  0.640264  -3
  1  0  0.938300 -0.241452 -0.220594  0.181022  -7
  1  0  0.938300  0.066928 -0.245131  0.314032  -5
  1  0  0.938300  0.562043  0.003423  0.535993  -3
  1  0  0.938300  0.011020 -0.410064  0.945572  -3
  1  0  0.938300 -0.059373 -0.228052  0.726938  -2
  1  0  0.938300 -0.773698  0.213012  0.622634  -6
  1  0  0.938300 -0.175827 -0.055738  1.012882  -1
  1  0  0.938300  0.185400  0.216298  0.331902  -3
  1  0  0.938300 -0.033441  0.181896  0.130898  -2
  1  0  0.938300 -0.034974 -0.115050  0.835911  -1
  1  0  0.938300  0.253343  0.435074  0.166994  -9
  1  0  0.938300 -0.298275 -0.495124  0.016339  -5
  1  1  0.938300  0.140027 -0.350318  0.318742  -3
  1  0  0.938300 -0.231444 -0.065040  0.923519  -3
  1  0  0.938300 -0.210210  0.065676  0.666963  -1
  1  0  0.938300  0.183933 -0.242771  0.910474  -2
  1  0  0.938300 -0.050052  0.023199  0.038633  -5
  1  0  0.938300  0.129474 -0.121907  0.888793  -1
  1  0  0.938300 -0.052173 -0.208364  0.482411  -4
  1  0  0.938300 -0.146827  0.290697  0.702158 -10
  1  0  0.938300 -0.238045 -0.106904  0.282472  -5
  1  0  0.938300  0.038317  0.039567  1.086819  -1
  1  0  0.938300 -0.017004  0.055665  0.576348  -3
  1  0  0.938300 -0.170671  0.017784  0.107926  -6
  1  0  0.938300  0.092480  0.283015  0.581472  -4
  1  0  0.938300  0.187238 -0.037359  0.601367  -2
  1  0  0.938300  0.050198  0.443192  0.669448 -10
  1  0  0.938300  0.659689 -0.040754  0.605766  -3
  1  0  0.938300 -0.850337 -0.126445  1.074050  -8
  1  0  0.938300  0.242992 -0.191551  0.036361  -6
  1  0  0.938300 -0.000638  0.115132  0.741561  -2
  1  0  0.938300  0.136787  0.102267  0.571323  -7
  1  0  0.938300  0.240426  0.041771  0.771575  -2
  1  0  0.938300  0.533782 -0.056379  1.293460  -3
  1  0  0.938300  0.123903  0.126041  1.029857  -1
  1  0  0.938300  0.206946  0.274692  0.777387  -2
  1  0  0.938300 -0.367502  0.018674  0.705769  -3
  1  0  0.938300  0.210108  0.336911  0.660806  -3
  1  0  0.938300 -0.454505 -0.036279 -0.211472  -3
  1  0  0.938300 -0.461504 -0.040184  0.567269  -3
  1  0  0.938300  0.219680  0.065112  0.864731  -5
  1  1  0.938300 -0.163109  0.165860  0.457861  -4
  1  1  0.938300  0.252559 -0.274490  0.218286  -3
  1  0  0.938300 -0.223229 -0.248872  0.980770  -2
  1  1  0.938300  0.327340 -0.038261  0.160120  -4
  1  1  0.938300  0.603214 -0.041410  0.523660  -3
  1  0  0.938300  0.170836  0.176346  0.178025  -4
  1  0  0.938300 -0.143393  0.053777  0.944922  -1
  1  0  0.938300 -0.272290 -0.054745  0.511964  -5
  1  0  0.938300  0.149106 -0.202843  0.600001  -1
  1  0  0.938300 -0.116328 -0.135166  1.273197  -3
  1  0  0.938300 -0.000922 -0.069634  0.863364  -1
  1  0  0.938300 -0.399889  0.132725  0.391078  -2
  1  0  0.938300 -0.054737  0.003368  0.492675  -6
  1  1  0.938300  0.470645  0.216575  0.996062  -5
  1  0  0.938300  0.294828 -0.073822  0.988881  -2
  1  0  0.938300  0.332610 -0.008627  0.267361  -5
  1  0  0.938300 -0.306202  0.651622  0.130034  -4
  1  0  0.938300 -0.048043 -0.025107  0.797630  -1
  1  0  0.938300  0.173362 -0.302121  0.700815  -5
  1  0  0.938300  0.442379 -0.060965  0.582853  -4
  1  0  0.938300 -0.195448  0.019385  0.710034  -3
  1  0  0.938300  0.026925  0.056774  0.387257  -4
  1  0  0.938300  0.134115  0.111038  0.294751  -6
  1  1  0.938300  0.414867 -0.099806  0.866038  -2
  1  0  0.938300 -0.423938  0.407417  0.753240  -2
  1  0  0.938300  0.062672 -0.245612  0.253962  -3
  1  0  0.938300 -0.283183  0.017962  0.719710  -2
  1  0  0.938300  0.157960 -0.357027  0.395750 -12
  1  0  0.938300  0.033001  0.370627  0.108387  -7
  1  0  0.938300 -0.067763 -0.412805  0.197141  -2
  1  0  0.938300 -0.166183 -0.240629  0.874071  -2
  1  0  0.938300 -0.348820  0.181790  0.270908  -2
  1  0  0.938300  0.121108  0.053692  0.866287  -1
  1  0  0.938300  0.255136  0.319412  0.363642  -2
  1  0  0.938300  0.291915  0.367687  0.502339  -3
  1  1  0.938300  0.033471  0.132100  0.844321  -6
  1  0  0.938300 -0.482944 -0.004110  0.718977  -3
  1  0  0.938300 -0.010809 -0.065081  0.969236  -1
  1  0  0.938300  0.020994 -0.428738  0.666449  -7
  1  0  0.938300  0.184006  0.205362  0.357127  -6
  1  0  0.938300 -0.171907  0.013389  0.920773  -5
  1  0  0.938300  0.126490 -0.003340  0.533965  -3
  1  0  0.938300 -0.233421 -0.061963  0.871177  -1
  1  0  0.938300 -0.428153  0.423689  0.440811  -2
  1  0  0.938300 -0.056370 -0.003874  0.874671  -6
  1  0  0.938300 -0.133305  0.102454  1.055953  -1
  1  0  0.938300  0.225519  0.424531  0.833327  -3
  1  0  0.938300 -0.317339  0.186545  1.057984  -5
  1  0  0.938300  0.318128 -0.177090  0.625493  -3
  1  0  0.938300 -0.073336  0.254043  0.599524  -3
  1  0  0.938300 -0.050639  0.123362  0.619170  -2
  1  0  0.938300 -0.186937 -0.091212  0.242251  -4
  1  0  0.938300 -0.043272  0.263347  0.330879  -2
  1  0  0.938300 -0.138433  0.120770  0.401648  -2
  1  0  0.938300  0.421034  0.418374  0.405310  -4
  1  0  0.938300  0.040171  0.084262  0.718926  -3
  1  0  0.938300  0.276576 -0.259390  0.499708  -6
  1  0  0.938300 -0.055679  0.020746  0.748940  -1
  1  0  0.938300  0.288496 -0.242847  0.519780  -3
  1  0  0.938300 -0.493386  0.018038  0.383737  -2