  1  1  0.938300  0.236515 -0.041085  0.275946   4
  1  1  0.938300  0.162173  0.056677  0.091497   1
  1  1  0.938300  0.027354  0.196292  0.140386   9
  1  1  0.938300 -0.627459  0.030914  0.698862   3
  1  1  0.938300 -0.022309 -0.314184  0.490578   2
  1  1  0.938300  0.244272  0.020479  0.240430   6
  1  1  0.938300 -0.073150 -0.256913  0.172321   5
  1  1  0.938300  0.448579  0.102092  0.169642   3
  1  1  0.938300 -0.565497 -0.035201  0.740845   4
  1  1  0.938300 -0.008363 -0.198996 -0.048446   2
  1  1  0.938300 -0.044232  0.330777  0.033227   3
  1  1  0.938300  0.227493  0.114904  0.192790   3
  1  1  0.938300 -0.245744 -0.037690  0.812854   6
  1  1  0.938300  0.047265 -0.244596  0.397648   4
  1  1  0.938300  0.029020  0.051047 -0.091679   1
  1  1  0.938300  0.184799 -0.039724  1.121759   4
  1  1  0.938300  0.066045 -0.385294  0.414972   9
  1  1  0.938300 -0.452559 -0.134800  0.381251   4
  1  1  0.938300  0.083555  0.256900  0.337063   1
  1  0  0.938300  0.494852 -0.363199  1.168674   6
  1  1  0.938300  0.132840 -0.171243  0.383744   2
  1  1  0.938300 -0.433070  0.094005  0.284867   2
  1  1  0.938300  0.292174  0.385426  0.417891   5
  1  1  0.938300 -0.010190  0.038624  0.241778   3
  1  1  0.938300  0.132596 -0.158582  0.127185   5
  1  1  0.938300 -0.228403 -0.026712  0.819358   5
  1  1  0.938300 -0.174338 -0.400011  0.060544   2
  1  1  0.938300  0.103318 -0.013449  0.574113   4
  1  1  0.938300  0.154346 -0.577353  0.205582   2
  1  1  0.938300 -0.068891 -0.094415  0.143258   5
  1  1  0.938300 -0.282015 -0.268681  0.745100   5
  1  0  0.938300  0.060528  0.141734  0.731986   2
  1  1  0.938300  0.184986  0.185115  0.434262   5
  1  1  0.938300 -0.201588  0.253746  0.357441   4
  1  1  0.938300 -0.453574  0.040686  0.481879   4
  1  1  0.938300  0.627409  0.209810  0.464499   5
  1  1  0.938300  0.356335  0.332384  0.076858   5
  1  0  0.938300  0.288649  0.220470  0.683648   4
  1  1  0.938300 -0.440926  0.154712  0.283529   2
  1  1  0.938300  0.130330  0.175587  0.656305   4
  1  1  0.938300 -0.117143 -0.222688  0.863791   8
  1  1  0.938300  0.042277  0.221630 -0.186729   4
  1  1  0.938300 -0.270345  0.068933  0.305813   5
  1  1  0.938300 -0.229995  0.175470 -0.104328   7
  1  1  0.938300 -0.225599  0.450271  0.144485   5
  1  0  0.938300  0.026403 -0.004651  0.378529   3
  1  1  0.938300 -0.117902 -0.020934  0.143941   1
  1  1  0.938300  0.345222 -0.249239  0.309532   4
  1  1  0.938300 -0.140910 -0.111368  0.268081   1
  1  1  0.938300  0.238753  0.244915  0.693609   4
  1  1  0.938300 -0.185145  0.018526  0.283429   5
  1  1  0.938300  0.020399  0.048306  0.217786   2
  1  1  0.938300 -0.023732  0.234166  0.038747   2
  1  1  0.938300 -0.209705  0.228800  0.530620   7
  1  1  0.938300 -0.070625 -0.064869  0.396211   3
  1  1  0.938300  0.009537  0.310223  0.592649   2
  1  1  0.938300 -0.067001  0.492024  0.917002   5
  1  1  0.938300 -0.101213 -0.141120 -0.114070   3
  1  1  0.938300  0.221678  0.409075  0.628298   2
  1  1  0.938300 -0.033349 -0.102812  0.936998   4
  1  1  0.938300  0.341189  0.031528  0.616961   2
  1  1  0.938300  0.036758  0.089199  0.439529   4
  1  1  0.938300 -0.081178 -0.479806  0.306961   3
  1  0  0.938300  0.192961 -0.108878  0.656286   2
  1  1  0.938300 -0.175503 -0.171387  0.404374   4
  1  1  0.938300  0.082955 -0.639130  0.622590   3
  1  0  0.938300 -0.227607 -0.109633  0.394836   5
  1  0  0.938300  0.135717  0.135272  0.260481   3
  1  1  0.938300  0.193183  0.134722  0.862132   8
  1  1  0.938300  0.148434  0.242127  1.080134  10
  1  1  0.938300  0.046548 -0.073678  0.019382   3
  1  1  0.938300 -0.345586 -0.091501  1.044936   4
  1  1  0.938300  0.155053  0.291456  0.324793   8
  1  1  0.938300 -0.113014 -0.148955  0.458688   3
  1  1  0.938300  0.040857 -0.165704  0.184468   1
  1  1  0.938300 -0.221050  0.162485  0.245792   2
  1  1  0.938300  0.209956  0.095789  0.288055   3
  1  1  0.938300 -0.435402 -0.059856  0.643671   3
  1  1  0.938300 -0.249678  0.121562  0.546641   4
  1  0  0.938300 -0.078940 -0.452781  0.729799   7
  1  0  0.938300  0.149585 -0.116848  0.396037   2
  1  0  0.938300 -0.110191 -0.000285  0.016918   2
  1  0  0.938300  0.296889 -0.027145  0.281833   4
  1  0  0.938300  0.158871  0.152614  0.220087   4
  1  0  0.938300 -0.213736 -0.309808  0.394107   6
  1  0  0.938300  0.140400 -0.062650  0.031096   1
  1  1  0.938300 -0.223899 -0.105213  0.414573   5
  1  0  0.938300  0.236908 -0.026121  0.315292   6
  1  0  0.938300 -0.047885 -0.029978 -0.095739   3
  1  0  0.938300  0.283679  0.018896  0.446581   8
  1  0  0.938300 -0.152929 -0.154725  0.765912   5
  1  0  0.938300  0.257940  0.089804  0.444832   3
  1  1  0.938300  0.089100  0.044182  0.533793   2
  1  1  0.938300  0.140880 -0.411373  0.540172   6
  1  0  0.938300 -0.036352  0.223485  0.193827   4
  1  0  0.938300 -0.015580  0.083409  0.922745   4
  1  0  0.938300  0.247762  0.084483  0.541420   8
  1  0  0.938300 -0.160771 -0.207893  0.240483   3
  1  1  0.938300  0.106466  0.282728  0.929554   3
  1  0  0.938300 -0.374361 -0.128306  1.154548   4
  1  0  0.938300 -0.220859 -0.262836  0.356897   3
  1  0  0.938300 -0.198454 -0.264948  0.721192   5
  1  0  0.938300  0.161262 -0.122769  0.223739   2
  1  0  0.938300  0.121420  0.173660  0.095687   3
  1  0  0.938300 -0.237624  0.121142  0.036944   1
  1  0  0.938300  0.304353 -0.266280  0.235246   2
  1  0  0.938300 -0.008082 -0.264945  0.296359   3
  1  1  0.938300 -0.015607  0.328722  0.310307   6
  1  0  0.938300 -0.281013  0.181827  0.295479   2
  1  0  0.938300 -0.024430  0.044475  0.160199   1
  1  0  0.938300 -0.256270 -0.419379  0.950363   4
  1  0  0.938300  0.117650 -0.044655  0.717352   5
  1  0  0.938300 -0.341473 -0.216941  0.808181   2
  1  0  0.938300  0.312416  0.120670  0.350642   3
  1  0  0.938300 -0.426019 -0.172673  0.567908   2
  1  0  0.938300  0.347841 -0.383481  0.758541   6
  1  0  0.938300  0.173796 -0.184196  0.367496   5
  1  0  0.938300  0.336151 -0.111718  0.507521   3
  1  0  0.938300 -0.095108  0.163139  0.182670   1
  1  0  0.938300 -0.230501 -0.266824  0.325923   4
  1  0  0.938300 -0.117208  0.131750  0.376034   2
  1  0  0.938300 -0.264212 -0.686634  0.301847   3
  1  0  0.938300 -0.019507 -0.007154  0.268869   1
  1  0  0.938300  0.205107 -0.065599  0.173641   4
  1  0  0.938300 -0.108605 -0.264855  0.200068   2
  1  0  0.938300  0.154594 -0.040762  0.538375   3
  1  0  0.938300  0.219715 -0.134103  0.079192   1
  1  0  0.938300  0.246056  0.128283  0.243071   3
  1  0  0.938300 -0.227812 -0.167829  0.676443   2
  1  0  0.938300  0.282111  0.152124  0.032213   2
  1  0  0.938300  0.309823 -0.129481  0.539814   4
  1  0  0.938300 -0.099930  0.106221  0.025062   4
  1  0  0.938300  0.080376 -0.172065  1.063053   6
  1  0  0.938300  0.230223  0.288497  0.283331   5
  1  0  0.938300  0.030817 -0.237947  0.187432   3
  1  0  0.938300 -0.099814  0.189921  0.028706   1
  1  0  0.938300  0.175062  0.187906  0.421988   4
  1  1  0.938300 -0.355666 -0.145819  0.281364   5
  1  0  0.938300 -0.372318  0.196172  0.853971   6
  1  0  0.938300  0.079003 -0.166025  1.025773   4
  1  1  0.938300  0.465756 -0.405101  0.405353   4
  1  0  0.938300 -0.090555  0.044549  0.328418   5
  1  0  0.938300  0.176890 -0.099602  0.093735   2
  1  0  0.938300  0.160581 -0.009015  0.382621   3
  1  0  0.938300  0.016152 -0.027268  0.120528   1
  1  0  0.938300  0.127420  0.159678  0.634515   2
  1  0  0.938300  0.198121 -0.083673  0.286633   6
  1  0  0.938300 -0.332029 -0.266097  0.241244   4
  1  0  0.938300  0.096035  0.411581  0.462544   7
  1  0  0.938300  0.053185  0.239935  0.041431   1
  1  0  0.938300  0.011820 -0.202817 -0.099799   4
  1  0  0.938300 -0.080007  0.430677  0.879563   5
  1  0  0.938300 -0.365931 -0.340046  0.428671   6
  1  0  0.938300  0.270825  0.086005  0.403063   2
  1  0  0.938300  0.250134 -0.108697  0.100565   1
  1  1  0.938300  0.197210  0.398556  0.225888   3
  1  1  0.938300 -0.212847  0.232519  0.584913   5
  1  0  0.938300  0.300890  0.056838 -0.064516   5
  1  0  0.938300  0.038757 -0.148240  0.649125   6
  1  0  0.938300  0.020451  0.075016  0.248370   3
  1  0  0.938300  0.160046 -0.065421  0.494868   2
  1  0  0.938300  0.054490 -0.033341  1.015476   3
  1  0  0.938300 -0.472802 -0.227988  0.462258   5
  1  0  0.938300  0.182199 -0.240247  0.307405   6
  1  0  0.938300 -0.300912  0.034184  0.517526   6
  1  0  0.938300 -0.269494  0.132070  0.161869   4
  1  0  0.938300  0.418872 -0.010053  0.796820   4
  1  0  0.938300  0.065508 -0.102289  0.756014   5
  1  0  0.938300  0.357016  0.292905  0.586228  10
  1  0  0.938300  0.109650  0.417663  0.706128   3
  1  0  0.938300  0.163752 -0.347209  0.443588   4
  1  0  0.938300 -0.297970  0.146710  0.044105   5
  1  0  0.938300  0.365086  0.302088  0.144839   3
  1  0  0.938300  0.185954 -0.173089  0.588855   6
  1  0  0.938300  0.466562  0.235606  1.256245   2
  1  0  0.938300 -0.096201  0.306281  0.092320   2
  1  0  0.938300 -0.327121 -0.147312  0.650055   2
  1  0  0.938300  0.560888  0.069095  0.217250   7
  1  0  0.938300  0.123922 -0.352714  0.555133   7
  1  0  0.938300 -0.388031 -0.180742  0.446841   3
  1  0  0.938300  0.016502  0.002122  0.358290   7
  1  0  0.938300 -0.008847 -0.345054  0.712041   5
  1  0  0.938300 -0.109113  0.082039  0.893361   3
  1  0  0.938300 -0.145393 -0.046382  0.605131   3
  1  0  0.938300 -0.334523  0.255645  0.529565   7
  1  0  0.938300 -0.101601 -0.094333 -0.040590   3
  1  0  0.938300 -0.040073 -0.114119  0.520789   6
  1  0  0.938300 -0.084504  0.036672  0.414868   5
  1  0  0.938300  0.238824 -0.055683 -0.092580   2
  1  0  0.938300 -0.491864 -0.410821  0.874090   2
  1  0  0.938300  0.185060  0.044759  0.697284   7
  1  0  0.938300 -0.418203  0.033025  0.238707   5
  1  0  0.938300 -0.269654 -0.418575  0.866085   2
  1  0  0.938300 -0.160616  0.076337  0.246916   3
  1  0  0.938300  0.282468 -0.051427  0.157617   5
  1  1  0.938300  0.011187  0.296644  0.424071   9
  1  0  0.938300 -0.103586  0.302968  0.463036   6
  1  1  0.938300 -0.159812  0.099270  0.684414  -9
  1  1  0.938300 -0.013525  0.058314  0.818658  -1
  1  1  0.938300  0.125594  0.007283  0.553028  -3
  1  1  0.938300 -0.287622  0.390076  0.654593  -2
  1  1  0.938300  0.067768 -0.650102  0.601426  -6
  1  1  0.938300  0.401769  0.541260  0.269142  -3
  1  1  0.938300  0.388450  0.068879  0.853786  -2
  1  1  0.938300  0.230392 -0.010946  0.877606  -1
  1  1  0.938300  0.021450  0.413347  0.156112  -2
  1  1  0.938300  0.205901 -0.226985  0.660779  -9
  1  1  0.938300  0.004650  0.224204  0.607685  -8
  1  1  0.938300  0.446989 -0.172590  0.550888  -4
  1  1  0.938300  0.011168  0.280864  0.514053  -3
  1  1  0.938300 -0.458288 -0.329064  0.934929  -8
  1  1  0.938300  0.005977 -0.312584  0.533991 -11
  1  1  0.938300  0.010739 -0.163794  0.462607  -6
  1  1  0.938300 -0.152688  0.156626  0.321105  -8
  1  1  0.938300 -0.041378  0.262387  0.846144  -3
  1  0  0.938300  0.172652  0.100319  0.585043  -2
  1  1  0.938300 -0.512130 -0.140043  0.373687  -4
  1  1  0.938300 -0.339358  0.453796  0.471029  -4
  1  1  0.938300 -0.149747 -0.227966  0.561101  -3
  1  1  0.938300  0.166954  0.128753  1.076570  -6
  1  1  0.938300 -0.072016  0.013160  0.462023  -4
  1  1  0.938300 -0.286235 -0.152631  0.937525  -3
  1  1  0.938300  0.262598 -0.020324  0.390302  -5
  1  1  0.938300 -0.173212  0.069357  0.532350  -3
  1  1  0.938300 -0.352905 -0.448575  0.395777  -5
  1  1  0.938300 -0.010497  0.207377  0.490958  -4
  1  1  0.938300  0.122185 -0.095380  0.848401  -7
  1  1  0.938300 -0.029556 -0.268762  0.714216  -3
  1  1  0.938300  0.288602  0.005936  0.611788  -4
  1  1  0.938300 -0.105730  0.024812  0.290999  -8
  1  0  0.938300 -0.015994 -0.276020 -0.009849  -3
  1  1  0.938300  0.129647  0.125883  0.805482  -2
  1  1  0.938300  0.028826 -0.206903  1.119835  -2
  1  1  0.938300 -0.177481 -0.072108  0.433660  -2
  1  1  0.938300 -0.431737 -0.155054  0.240717  -2
  1  1  0.938300  0.038968 -0.188393  0.965694  -4
  1  1  0.938300  0.300478  0.008211  0.728539  -4
  1  0  0.938300 -0.007499  0.417180  0.289361  -4
  1  1  0.938300 -0.179915  0.456810  0.884485  -2
  1  1  0.938300 -0.666113  0.003596  0.430204  -2
  1  1  0.938300 -0.132553  0.131722  0.797822  -2
  1  1  0.938300 -0.250130 -0.076453  0.729672  -4
  1  1  0.938300 -0.046190  0.596283  0.176150  -3
  1  1  0.938300  0.317755  0.119805  0.420534  -4
  1  1  0.938300 -0.043200  0.273003  0.762586  -5
  1  1  0.938300  0.169043  0.130631  0.590395  -2
  1  1  0.938300 -0.184996 -0.378061  0.477368  -3
  1  1  0.938300 -0.442449  0.138065  0.994247  -5
  1  1  0.938300  0.532208 -0.190467  0.134815  -5
  1  1  0.938300  0.303942 -0.376018  0.830951  -3
  1  1  0.938300 -0.078938 -0.343713  0.531753  -2
  1  1  0.938300 -0.123233  0.035123  1.004293  -1
  1  1  0.938300 -0.081145  0.067584  1.071082  -1
  1  1  0.938300 -0.042119  0.436112  0.707619  -2
  1  1  0.938300 -0.100575  0.115717  0.617461  -3
  1  1  0.938300 -0.143709 -0.159900  0.271414  -5
  1  1  0.938300 -0.106459 -0.148978  0.473550  -7
  1  1  0.938300  0.112700 -0.028583  0.888250  -1
  1  1  0.938300  0.072282  0.314533  0.454287  -2
  1  1  0.938300 -0.453709  0.491068  1.027578  -2
  1  0  0.938300  0.049688  0.294624  0.398613  -3
  1  1  0.938300 -0.293811 -0.155963  0.234126  -3
  1  1  0.938300  0.120210  0.486020  0.005095  -3
  1  1  0.938300  0.291715  0.054721  0.963229  -3
  1  1  0.938300  0.023116  0.017635  0.195949  -3
  1  1  0.938300  0.325444  0.265448  0.549229  -2
  1  1  0.938300  0.200600  0.176251  0.847278  -1
  1  1  0.938300 -0.275729  0.447156  0.523245  -3
  1  1  0.938300  0.341078 -0.168337  0.336552  -2
  1  1  0.938300  0.097209 -0.041756  0.811322  -2
  1  1  0.938300  0.124523 -0.507793  0.923247  -3
  1  0  0.938300  0.014403 -0.028751  0.602058  -5
  1  1  0.938300  0.508551 -0.016538  0.776441  -5
  1  1  0.938300 -0.123939  0.153250  0.354987  -4
  1  1  0.938300  0.255070  0.057603  0.913131  -2
  1  1  0.938300 -0.356693  0.046566 -0.002137  -6
  1  0  0.938300 -0.099715 -0.061715  0.697509  -1
  1  0  0.938300 -0.260515 -0.042688  0.664961  -4
  1  0  0.938300 -0.072575 -0.319144  0.568304  -2
  1  0  0.938300 -0.420791  0.110356  0.390709  -4
  1  0  0.938300  0.035463 -0.109055  0.730635  -2
  1  0  0.938300 -0.361595  0.218419  0.660613  -2
  1  0  0.938300  0.323350 -0.788845  0.383633  -5
  1  0  0.938300  0.026586  0.298052  0.271762  -7
  1  0  0.938300 -0.047611 -0.065869  0.412186  -4
  1  0  0.938300  0.379176 -0.342976  1.050174  -2
  1  0  0.938300 -0.179619  0.365837  0.227584  -4
  1  0  0.938300  0.244768  0.001499  1.067803  -1
  1  0  0.938300 -0.404835  0.088100  0.444953  -5
  1  0  0.938300  0.007354 -0.210117  0.310072  -3
  1  1  0.938300 -0.139786  0.192999  0.235466  -4
  1  1  0.938300  0.413606 -0.222067  1.159218  -6
  1  0  0.938300 -0.063140  0.116610  0.054258  -4
  1  0  0.938300 -0.159590  0.106922  0.776526  -1
  1  0  0.938300 -0.084705 -0.090176  0.415585  -5
  1  0  0.938300 -0.142775  0.711532  0.215326  -4
  1  0  0.938300  0.150061 -0.077191  1.279826 -10
  1  0  0.938300  0.039636  0.042069  0.718267  -4
  1  0  0.938300 -0.143309 -0.228165  0.920905  -1
  1  0  0.938300 -0.041066  0.400416  0.562217  -4
  1  0  0.938300 -0.237973 -0.020454  0.234216  -7
  1  0  0.938300 -0.144367  0.349305  0.697085  -6
  1  0  0.938300 -0.313563  0.233430  0.211880  -4
  1  0  0.938300 -0.146325  0.116309  0.642852  -5
  1  0  0.938300  0.063127 -0.121752  0.349266  -3
  1  0  0.938300  0.118761 -0.100331  1.214623  -4
  1  0  0.938300 -0.367630 -0.202530  0.131766  -4
  1  0  0.938300  0.006071  0.092355  0.241746  -5
  1  0  0.938300  0.227708  0.021594  0.920587  -3
  1  0  0.938300  0.022309 -0.243841  0.389321  -3
  1  0  0.938300 -0.196633  0.414150  0.940595  -7
  1  0  0.938300  0.006929  0.103496  0.421571  -6
  1  0  0.938300  0.164283 -0.209391  0.143131  -4
  1  0  0.938300  0.163886  0.079407  0.773781  -1
  1  0  0.938300  0.515656  0.245189  0.472290  -2
  1  0  0.938300 -0.633350  0.034271  0.257915  -3
  1  0  0.938300  0.310193 -0.101485  0.588446  -4
  1  0  0.938300 -0.372597  0.024833  0.101322  -2
  1  0  0.938300  0.052116  0.534369  0.602351  -5
  1  1  0.938300  0.195473 -0.017063  0.557340  -5
  1  0  0.938300 -0.205771 -0.018752  0.201636  -4
  1  0  0.938300 -0.036435 -0.171914  0.569941  -2
  1  0  0.938300  0.312807  0.152219  0.776329  -9
  1  1  0.938300 -0.053762 -0.249744 -0.097152  -5
  1  0  0.938300 -0.131311 -0.304130  0.476650  -3
  1  0  0.938300  0.138544  0.202483  0.233528  -3
  1  0  0.938300  0.261751  0.129597  0.440992  -2
  1  0  0.938300  0.286172 -0.292475  0.448299  -2
  1  0  0.938300 -0.190107  0.139299  0.598135  -6
  1  0  0.938300 -0.151216  0.365268  0.741082  -4
  1  0  0.938300  0.176473 -0.106693  0.128539  -3
  1  0  0.938300 -0.516816  0.235794  0.933194  -4
  1  0  0.938300  0.203933 -0.306755  0.344171  -4
  1  0  0.938300 -0.263335  0.587786  0.598921  -6
  1  0  0.938300  0.315081 -0.610686  0.642398  -4
  1  0  0.938300  0.273276 -0.392081  0.512207 -10
  1  0  0.938300 -0.037429 -0.104289  0.002036  -2
  1  0  0.938300 -0.044499  0.003898  1.252483  -1
  1  0  0.938300  0.161809 -0.018451  0.257161  -7
  1  0  0.938300  0.274061  0.130953  0.215400  -4
  1  0  0.938300  0.038433 -0.263727  0.403604  -4
  1  0  0.938300 -0.150912  0.101872  0.426938  -4
  1  0  0.938300  0.471787 -0.066367  0.691118  -2
  1  0  0.938300  0.080564  0.080310  0.211973  -7
  1  0  0.938300 -0.231010  0.111247  0.893190  -1
  1  0  0.938300 -0.335541 -0.214199  0.628365  -2
  1  0  0.938300 -0.085780 -0.031437  1.159826  -1
  1  0  0.938300  0.299970  0.073009  0.288546  -3
  1  0  0.938300 -0.120846 -0.111286  0.216387  -5
  1  0  0.938300 -0.040903 -0.032067  0.283938  -8
  1  0  0.938300  0.166880  0.098830  1.160746  -5
  1  0  0.938300 -0.341832 -0.325628  0.550982  -4
  1  0  0.938300 -0.097247 -0.074090  0.423485  -4
  1  0  0.938300 -0.220567  0.061245  0.399932  -6
  1  0  0.938300  0.292354 -0.036305  0.194514  -3
  1  0  0.938300  0.102492 -0.185630  0.466306  -5
  1  0  0.938300 -0.019356  0.204304  0.085952  -7
  1  0  0.938300 -0.196101 -0.330135  0.731152  -2
  1  0  0.938300  0.164173  0.287693  0.446234  -4
  1  0  0.938300 -0.136667  0.351065  0.824310  -3
  1  0  0.938300 -0.331870 -0.409877  0.625589  -8
  1  0  0.938300  0.240097  0.291958  0.419524  -3
  1  0  0.938300  0.151465 -0.474425  0.507209  -8
  1  0  0.938300  0.322972 -0.183925 -0.106026 -10
  1  0  0.938300  0.059936  0.090373  0.888906  -6
  1  0  0.938300 -0.037380  0.228308  0.240591  -8
  1  0  0.938300 -0.045781 -0.466854  1.085287  -2
  1  0  0.938300  0.140395 -0.081390  0.482650  -4
  1  0  0.938300  0.077213 -0.246810  0.726117  -4
  1  0  0.938300 -0.108129  0.224775  0.282420  -3
  1  0  0.938300  0.097963 -0.037305  0.413957  -4
  1  1  0.938300 -0.098776  0.176743  0.125140  -4
  1  0  0.938300 -0.495362  0.246414  1.193780  -2
  1  0  0.938300  0.090749  0.369220  0.519381  -7
  1  0  0.938300  0.048760 -0.078736  0.964355  -1
  1  0  0.938300 -0.111141 -0.292491  0.424007  -2
  1  0  0.938300  0.265850 -0.116623  0.435451  -7
  1  0  0.938300  0.474881  0.196948  0.625184  -5
  1  0  0.938300 -0.481847  0.210038  0.898543  -3
  1  1  0.938300  0.277110  0.450784  0.961841  -5
  1  0  0.938300 -0.196146  0.057991  0.652996  -3
  1  0  0.938300  0.274219  0.241422  0.118807  -3
  1  0  0.938300  0.546192  0.007323  0.900358  -5
  1  0  0.938300  0.177429 -0.186780  0.541529  -5
  1  0  0.938300 -0.149501 -0.029015  0.900885  -2
  1  0  0.938300  0.035892 -0.183580  0.510703  -4
  1  0  0.938300  0.056455 -0.073206  0.161657  -3
  1  0  0.938300  0.233996  0.252896  0.643131  -5
  1  0  0.938300 -0.077327 -0.135331  0.079555  -3
  1  0  0.938300  0.362929  0.000402  0.441155  -9
  1  0  0.938300  0.211657  0.171117  0.300117  -4
  1  0  0.938300 -0.174065 -0.505939  0.523624  -4
  1  0  0.938300  0.276821  0.115033  0.868433  -5
  1  0  0.938300  0.054641 -0.266401  0.897358  -2