  1  1  0.938300 -0.014397 -0.088607  0.552409   2
  1  1  0.938300  0.153464 -0.284903  0.431892   7
  1  1  0.938300  0.606941  0.337623  0.380076   3
  1  1  0.938300  0.216477  0.008073  0.266587   5
  1  1  0.938300 -0.174288 -0.178935  0.023267   5
  1  1  0.938300 -0.034480  0.172883  0.289082   6
  1  1  0.938300  0.049788  0.334172  0.235675   2
  1  1  0.938300  0.022211 -0.387011  0.208618   3
  1  1  0.938300  0.162219  0.371433  0.233556   7
  1  1  0.938300 -0.133906 -0.105113 -0.009228   3
  1  1  0.938300 -0.477357 -0.419336  0.249070   4
  1  1  0.938300  0.177982 -0.212050  0.857438   7
  1  1  0.938300  0.277563  0.331376  0.468786   6
  1  1  0.938300  0.422032  0.089392  0.599316   3
  1  0  0.938300 -0.146131  0.019026  0.677068  10
  1  1  0.938300  0.307257 -0.430319  0.452396   2
  1  1  0.938300 -0.281246  0.488964  0.919987   3
  1  1  0.938300 -0.163961 -0.191151  0.315201   5
  1  1  0.938300 -0.093395  0.110011  0.364804   9
  1  1  0.938300 -0.618652 -0.287278  0.990417   3
  1  1  0.938300  0.236775 -0.144274  0.087616   1
  1  1  0.938300 -0.025055  0.165673  0.944941   4
  1  1  0.938300  0.367906 -0.109491  0.418617   4
  1  1  0.938300 -0.037724 -0.534484  0.328983   3
  1  1  0.938300  0.430116  0.099648  0.562511   2
  1  1  0.938300 -0.139376 -0.041269  0.823463   4
  1  1  0.938300  0.132478  0.260927  0.410547   3
  1  1  0.938300  0.112031  0.248226  0.468040   2
  1  1  0.938300 -0.088452 -0.368893  0.280918   4
  1  1  0.938300 -0.041959  0.060840  0.287578   1
  1  1  0.938300  0.145478  0.630809  0.295375   2
  1  1  0.938300 -0.045418  0.057342 -0.003903   2
  1  1  0.938300  0.036792  0.045450  0.248998   2
  1  1  0.938300  0.043187  0.248610  0.451609   3
  1  1  0.938300 -0.193427  0.073462  0.101582   4
  1  1  0.938300  0.043977  0.182160  1.020654   8
  1  1  0.938300  0.124375  0.092873 -0.114102   2
  1  1  0.938300 -0.032390 -0.284183  0.247588   2
  1  1  0.938300  0.248482  0.317793  0.132693   2
  1  1  0.938300  0.120241  0.107942  0.510849   3
  1  0  0.938300  0.065397  0.106176  0.600097   8
  1  1  0.938300 -0.013913  0.083313  0.205891   4
  1  1  0.938300  0.020282  0.373087  0.331102   3
  1  0  0.938300 -0.016313 -0.144152  0.577446   5
  1  1  0.938300  0.280816  0.135483  0.726847   3
  1  1  0.938300 -0.430443  0.188615  1.254350   5
  1  1  0.938300 -0.209132 -0.560049  0.531794   3
  1  1  0.938300 -0.030284 -0.021578  0.086706   1
  1  1  0.938300  0.151609  0.120881  0.152421   1
  1  1  0.938300  0.447148 -0.144665  0.196729   5
  1  1  0.938300 -0.060313  0.010947  0.229191   2
  1  1  0.938300  0.017806  0.554692  0.517336   4
  1  1  0.938300  0.185299  0.090688  0.089688   3
  1  1  0.938300 -0.431818 -0.108098  0.189092   3
  1  1  0.938300 -0.305209  0.491465  0.601845   6
  1  0  0.938300  0.041333 -0.172394  0.721582   5
  1  1  0.938300 -0.014293 -0.105336  0.284271   3
  1  1  0.938300 -0.067387  0.108748  0.138633   3
  1  1  0.938300 -0.129113  0.022871  0.212999   2
  1  0  0.938300  0.098397  0.060630  0.902938   3
  1  1  0.938300  0.344485 -0.317392  0.564363   4
  1  0  0.938300  0.141859  0.027886  0.004819   5
  1  1  0.938300 -0.023440  0.248777  0.311877   2
  1  1  0.938300  0.185219  0.042523  0.157023   8
  1  1  0.938300 -0.248270 -0.224924  1.011937   6
  1  1  0.938300 -0.012860  0.151298  0.172106   1
  1  1  0.938300  0.179915 -0.234932  1.104223   4
  1  1  0.938300 -0.017949  0.021702  0.103645   6
  1  1  0.938300 -0.104467  0.261307  0.718415   6
  1  1  0.938300 -0.292957  0.050098  0.513874   5
  1  1  0.938300 -0.195119  0.005933  0.207987   3
  1  0  0.938300 -0.012788 -0.211183  0.283517   4
  1  1  0.938300  0.116113  0.166002  0.302137   6
  1  1  0.938300  0.220230  0.123192  0.064416   1
  1  1  0.938300  0.081620  0.066080  0.402731   2
  1  1  0.938300  0.128634  0.203684  0.474714   5
  1  1  0.938300  0.146103  0.015564  0.512791   3
  1  1  0.938300  0.133135  0.281800  0.326448   5
  1  1  0.938300 -0.323768 -0.378117  0.671191   7
  1  0  0.938300  0.361834  0.051204  0.532305   5
  1  0  0.938300  0.174054 -0.059115  0.172764   8
  1  0  0.938300 -0.301577 -0.349543  0.430356   3
  1  0  0.938300 -0.520068 -0.309961  0.157202   3
  1  0  0.938300  0.179921 -0.059743  0.654192   7
  1  1  0.938300  0.163402 -0.089053  0.476465   3
  1  0  0.938300  0.273701  0.072499  0.629150   6
  1  0  0.938300 -0.167089 -0.259533  0.089807   2
  1  0  0.938300  0.019530  0.015424  0.362406   1
  1  0  0.938300 -0.076667 -0.155511  0.632947   4
  1  0  0.938300 -0.105475  0.160370  0.617267   2
  1  0  0.938300  0.164407 -0.007700  0.533911   4
  1  0  0.938300  0.073140  0.017462  0.553202   4
  1  0  0.938300  0.374670 -0.139613  0.354124   3
  1  0  0.938300 -0.359952  0.214516  0.212281  10
  1  1  0.938300 -0.031204 -0.015916  0.371536   7
  1  1  0.938300 -0.450595  0.362008  0.420706   3
  1  0  0.938300 -0.487408  0.118336  0.615002   5
  1  0  0.938300  0.254316 -0.467019  0.082765   8
  1  1  0.938300  0.002909 -0.138664  0.509405   3
  1  0  0.938300  0.238719  0.237888  0.658183   3
  1  0  0.938300 -0.132613  0.155867  0.207831   1
  1  0  0.938300  0.170092  0.549328  0.606481   3
  1  0  0.938300  0.104514  0.118866  0.180850   3
  1  0  0.938300 -0.478827 -0.210908  0.569934   4
  1  0  0.938300  0.131384 -0.199052  0.045797   2
  1  0  0.938300 -0.100588  0.011471  0.404206   2
  1  0  0.938300 -0.090108  0.362100  0.313339   3
  1  0  0.938300 -0.346695  0.023993  0.109576   5
  1  0  0.938300  0.314519 -0.295553  0.557587   3
  1  0  0.938300  0.039308 -0.018610  0.024053   1
  1  0  0.938300 -0.293996  0.381852  0.397409   2
  1  0  0.938300 -0.042720 -0.240056  0.540418   3
  1  0  0.938300  0.478679  0.326475  0.639159   3
  1  0  0.938300  0.423111 -0.432998  0.015996   2
  1  0  0.938300 -0.168429 -0.080706  0.600115   4
  1  0  0.938300 -0.092920  0.307219  0.339639   4
  1  0  0.938300 -0.009579 -0.306087  0.704755   2
  1  0  0.938300 -0.062734  0.137323  0.173952   3
  1  0  0.938300  0.159401  0.217376  0.117786   2
  1  0  0.938300 -0.054738  0.040569  0.127142   1
  1  0  0.938300 -0.223403  0.084120  0.545477   2
  1  0  0.938300  0.390999  0.110066  0.129022   4
  1  0  0.938300 -0.129490 -0.267108  0.252708   2
  1  0  0.938300  0.005149  0.121283  0.291077   5
  1  0  0.938300 -0.311744  0.383276  0.269632   2
  1  0  0.938300  0.192256 -0.318826  0.777488   4
  1  0  0.938300  0.162818 -0.361939  0.168389   3
  1  0  0.938300 -0.216964 -0.031324  0.205663   4
  1  0  0.938300  0.422501  0.269067  0.215871   2
  1  0  0.938300 -0.368514 -0.484959  0.731077   7
  1  0  0.938300  0.217601 -0.285355  0.649511   5
  1  0  0.938300  0.530579  0.058761  0.976207   4
  1  0  0.938300  0.002083 -0.127182  0.250728   2
  1  1  0.938300 -0.264690 -0.442771  0.325738   5
  1  0  0.938300 -0.147128  0.322436  0.770217   3
  1  0  0.938300 -0.270153  0.434287  0.407030   2
  1  0  0.938300 -0.168429  0.389774  0.469608   2
  1  0  0.938300 -0.129519 -0.335163  0.230021   5
  1  0  0.938300  0.133659  0.414238  0.619719   2
  1  0  0.938300  0.173956 -0.261891  0.488747   3
  1  0  0.938300 -0.451717 -0.248833  0.478360   3
  1  0  0.938300  0.846376 -0.615681  0.852038   3
  1  0  0.938300  0.314023 -0.261657  0.411193   7
  1  0  0.938300  0.247019 -0.038506  0.449823   6
  1  0  0.938300  0.140904 -0.367770  0.424717   3
  1  0  0.938300  0.195052 -0.356421  0.080560   7
  1  0  0.938300 -0.249958 -0.308939  0.362657   2
  1  0  0.938300  0.255230  0.097154  0.095475   5
  1  0  0.938300 -0.172609 -0.063697  0.278848   1
  1  0  0.938300 -0.295911 -0.267072  0.466118   5
  1  0  0.938300 -0.189166 -0.300916 -0.049109   6
  1  0  0.938300 -0.111577  0.024326  0.602227   4
  1  0  0.938300 -0.017275 -0.062498  0.034030   1
  1  0  0.938300 -0.334857 -0.055393  0.821395   2
  1  0  0.938300 -0.055837 -0.092365  0.363366   3
  1  0  0.938300  0.438264  0.338433  0.644346   3
  1  0  0.938300 -0.245183 -0.301760  0.124559   3
  1  0  0.938300  0.180061 -0.130302  0.139360   2
  1  0  0.938300 -0.041358  0.136828  0.690837   4
  1  0  0.938300 -0.136202 -0.122958  0.945351   4
  1  0  0.938300 -0.104274  0.048454  0.097533   2
  1  0  0.938300  0.036214  0.524655  0.234253   4
  1  0  0.938300 -0.016951  0.006751  0.747002   3
  1  0  0.938300  0.021682 -0.114314  0.258731   3
  1  0  0.938300 -0.029053  0.085735  0.273996   1
  1  1  0.938300  1.057450 -0.576293  0.483749   3
  1  0  0.938300  0.026662  0.635981  0.349699   2
  1  0  0.938300  0.201844 -0.154203  0.459209   3
  1  0  0.938300 -0.140449 -0.053833  0.156615   8
  1  0  0.938300  0.247026  0.192079  0.420768   3
  1  0  0.938300 -0.180410  0.094090  0.187572   2
  1  0  0.938300 -0.112865  0.460904  0.422829   3
  1  0  0.938300  0.225468  0.327962  0.115465   3
  1  0  0.938300  0.153179 -0.053260  0.511943   3
  1  1  0.938300 -0.105136 -0.026779  0.398760   3
  1  0  0.938300 -0.079689  0.302740  0.426010   2
  1  0  0.938300 -0.375383 -0.256139  0.826922   4
  1  0  0.938300 -0.226305  0.362206  0.358645   6
  1  0  0.938300 -0.036884  0.359733  0.202424   4
  1  0  0.938300  0.005169 -0.459904  0.609493   6
  1  0  0.938300 -0.182075  0.416345  0.396065   4
  1  0  0.938300  0.150404 -0.059760  0.985239   7
  1  0  0.938300  0.014726 -0.331271  0.107543   3
  1  0  0.938300  0.302856 -0.140592  0.079801   4
  1  0  0.938300  0.062688  0.344551  0.769226   4
  1  0  0.938300  0.123091  0.024173  0.364458   3
  1  0  0.938300  0.161820 -0.083305  0.246138   4
  1  0  0.938300 -0.108318 -0.297936  0.645472   5
  1  0  0.938300  0.346039  0.005537  0.126026   3
  1  0  0.938300  0.491278 -0.344761  0.631098   3
  1  0  0.938300 -0.062387  0.044003  0.175513   4
  1  0  0.938300 -0.223868  0.240927  0.564447   4
  1  0  0.938300 -0.137629  0.309140  0.531853   3
  1  0  0.938300  0.003247  0.162638  0.210410   2
  1  0  0.938300 -0.013295 -0.027451  0.205076   7
  1  1  0.938300  0.220604 -0.070725  0.511793   5
  1  0  0.938300  0.140455  0.309837  0.853226   4
  1  1  0.938300  0.461197  0.145993  0.488980  -2
  1  1  0.938300 -0.061960 -0.237817  0.566893  -8
  1  1  0.938300  0.340866 -0.213571  0.288759  -2
  1  1  0.938300 -0.052313 -0.016769  0.927041  -1
  1  1  0.938300  0.149179 -0.001650  1.351085  -4
  1  0  0.938300 -0.396207 -0.265228  0.757082  -4
  1  0  0.938300 -0.139244  0.222117  0.362976  -4
  1  1  0.938300  0.304158  0.353480  0.330854  -4
  1  1  0.938300  0.003870 -0.305417  0.215106  -7
  1  1  0.938300  0.290841 -0.092759  0.902078  -6
  1  1  0.938300  0.299409 -0.018027  0.494131  -7
  1  1  0.938300 -0.111108  0.123305  0.487183  -2
  1  1  0.938300  0.176882 -0.208007  0.198745  -5
  1  1  0.938300 -0.078291  0.395238  0.650802  -3
  1  1  0.938300  0.237105 -0.079439  0.998155  -1
  1  1  0.938300  0.143883  0.044375  0.438597  -2
  1  1  0.938300 -0.124861  0.002194  0.338258  -5
  1  1  0.938300  0.094043  0.151681  0.634391  -3
  1  1  0.938300  0.432977  0.130942  0.354428  -2
  1  1  0.938300 -0.230510 -0.348896  1.078751  -4
  1  1  0.938300 -0.000111 -0.146785  0.680211  -1
  1  1  0.938300 -0.127093 -0.042754  1.022374  -1
  1  1  0.938300 -0.403180  0.311495  0.553753  -2
  1  1  0.938300  0.138418  0.367213  0.203910  -3
  1  1  0.938300  0.180341  0.078982  0.341206  -3
  1  1  0.938300 -0.019321 -0.009591  0.504198  -4
  1  1  0.938300 -0.046762  0.606637  0.602616  -3
  1  1  0.938300  0.195963 -0.096007  0.748589  -4
  1  1  0.938300  0.308178  0.252504  0.045561  -5
  1  1  0.938300  0.103857 -0.585763  0.618480  -7
  1  1  0.938300  0.211862  0.036934  0.563788  -4
  1  1  0.938300  0.235113 -0.396297  0.460933  -5
  1  1  0.938300  0.252299  0.080223  0.518221  -5
  1  1  0.938300 -0.154953 -0.027708  0.302047  -5
  1  1  0.938300 -0.597115  0.208039  0.652660  -4
  1  1  0.938300 -0.260661  0.141198  0.042868  -6
  1  1  0.938300 -0.111786 -0.339841  0.818718  -4
  1  1  0.938300 -0.387716 -0.217982  0.570119  -3
  1  1  0.938300 -0.234569 -0.053224  0.903688  -1
  1  1  0.938300 -0.199811 -0.150898  0.927995  -2
  1  1  0.938300 -0.252401 -0.175247  0.291847  -3
  1  1  0.938300 -0.053455  0.119722  0.882040  -4
  1  1  0.938300 -0.272333 -0.315418  0.336597  -4
  1  1  0.938300  0.204630  0.485169  0.174410  -2
  1  1  0.938300 -0.088474  0.102603  0.583699  -5
  1  1  0.938300 -0.456701  0.260880  0.795585  -2
  1  1  0.938300 -0.067732 -0.031005 -0.012251  -9
  1  1  0.938300 -0.068647  0.080976  0.741460  -4
  1  0  0.938300 -0.120329  0.214844  0.353279  -5
  1  1  0.938300 -0.208165 -0.173832  0.253419  -3
  1  1  0.938300 -0.275238 -0.116431  0.734765  -6
  1  1  0.938300 -0.144889  0.279653  0.505317  -3
  1  1  0.938300 -0.122079 -0.080025  0.304368  -2
  1  0  0.938300 -0.141811  0.111743  0.341795 -10
  1  1  0.938300  0.297404 -0.262871  0.125467  -3
  1  1  0.938300 -0.410609 -0.104111  0.297634  -2
  1  1  0.938300 -0.376046  0.060171  0.474434  -3
  1  1  0.938300 -0.006366 -0.070038  0.752481  -3
  1  1  0.938300  0.333802 -0.036910  0.570943  -2
  1  1  0.938300  0.055695 -0.196639  0.595848  -4
  1  1  0.938300  0.093163  0.483859  0.561974  -3
  1  1  0.938300  0.116313 -0.306565  0.187257  -3
  1  1  0.938300  0.151036 -0.072617  0.454998  -2
  1  0  0.938300  0.068872 -0.042358  0.687691  -8
  1  1  0.938300  0.225125 -0.146365  0.793887  -2
  1  1  0.938300 -0.145942  0.657230  1.077411  -3
  1  1  0.938300 -0.185087  0.174717  0.416420  -2
  1  1  0.938300  0.058950 -0.170815 -0.017710  -3
  1  1  0.938300  0.141824  0.124178  0.218731  -4
  1  1  0.938300  0.456913 -0.151677  1.247570  -2
  1  1  0.938300  0.062731 -0.060373  0.474373  -4
  1  1  0.938300  0.081552 -0.285013  0.956225  -2
  1  1  0.938300 -0.087702 -0.135647  0.810881  -1
  1  1  0.938300 -0.022187  0.140373  0.415981  -3
  1  1  0.938300 -0.027062  0.161961  0.967731  -3
  1  1  0.938300  0.174525 -0.060564  0.534710 -10
  1  1  0.938300 -0.581298 -0.189032  0.147267  -6
  1  1  0.938300  0.160113 -0.126155 -0.102404  -7
  1  1  0.938300 -0.137156 -0.111514  0.777200  -1
  1  0  0.938300 -0.425138 -0.105348  0.666115  -2
  1  0  0.938300  0.385022  0.280176  0.677893  -4
  1  0  0.938300 -0.114489 -0.071301  0.685780  -4
  1  0  0.938300  0.138019  0.142572  0.141388  -5
  1  0  0.938300  0.164869  0.129158  0.678347  -5
  1  0  0.938300  0.064703  0.162897  0.378545  -4
  1  0  0.938300  0.053822 -0.159375  0.304120  -3
  1  0  0.938300 -0.257554  0.027009  0.295442  -3
  1  0  0.938300  0.124838  0.049484  0.325714  -4
  1  0  0.938300 -0.206185 -0.019993  0.786457  -4
  1  0  0.938300 -0.158576 -0.044556  0.485072  -2
  1  0  0.938300 -0.072751 -0.011340 -0.011449  -7
  1  0  0.938300  0.245906 -0.099687  0.477749  -9
  1  0  0.938300  0.117524 -0.013311  0.806711  -1
  1  0  0.938300  0.050229  0.033097  0.642327  -4
  1  0  0.938300  0.151966 -0.405886  0.550971  -4
  1  0  0.938300 -0.083441 -0.216850  1.051021  -2
  1  0  0.938300 -0.274866  0.204358  0.524238  -3
  1  0  0.938300 -0.160185 -0.223859  0.493467  -3
  1  0  0.938300  0.144548  0.065603  0.799263  -3
  1  0  0.938300 -0.047809 -0.056470  0.960403  -1
  1  0  0.938300 -0.327202 -0.027630  0.655313  -4
  1  0  0.938300 -0.067961  0.302194  0.461736  -9
  1  0  0.938300 -0.023387 -0.214698  0.671254  -3
  1  0  0.938300  0.793767 -0.100061  0.497830  -2
  1  0  0.938300  0.077039  0.217398  0.200089  -5
  1  1  0.938300 -0.103298  0.325431  0.394748  -7
  1  0  0.938300 -0.045878 -0.132719  0.376316  -5
  1  0  0.938300  0.435124 -0.167097 -0.009743  -5
  1  0  0.938300 -0.098180  0.215085  0.611517  -2
  1  0  0.938300 -0.147385 -0.164357  0.211891  -3
  1  1  0.938300 -0.226470 -0.107735  0.556332  -3
  1  0  0.938300 -0.049107  0.009385  0.323023  -2
  1  0  0.938300  0.185497 -0.175492  0.051589  -4
  1  0  0.938300 -0.017485  0.267514  0.598945  -2
  1  0  0.938300 -0.026842  0.117186  0.619872  -5
  1  0  0.938300  0.046824  0.485434  0.437312  -4
  1  0  0.938300  0.100049  0.178207  0.815388  -1
  1  0  0.938300  0.044263 -0.115415  0.681143  -8
  1  0  0.938300  0.277982  0.429106  0.727494  -7
  1  0  0.938300  0.123127 -0.066019  0.812346  -1
  1  0  0.938300  0.043613 -0.062900  0.598052  -6
  1  0  0.938300 -0.029824  0.099330  0.747334  -4
  1  0  0.938300  0.010137  0.074549  0.746006  -1
  1  0  0.938300  0.040665 -0.060987  0.605752  -1
  1  0  0.938300  0.149440  0.288043  0.533737  -2
  1  0  0.938300 -0.281040  0.312256  0.115496  -5
  1  0  0.938300  0.099221 -0.094455  0.687522  -1
  1  0  0.938300 -0.233159 -0.327107  0.583729  -3
  1  0  0.938300 -0.259004  0.143849  0.521731  -3
  1  0  0.938300 -0.048539  0.141025  0.194727  -7
  1  0  0.938300  0.232303 -0.717308  0.615709  -3
  1  0  0.938300 -0.303090 -0.068866  0.334833  -5
  1  1  0.938300 -0.039401 -0.114232  0.354079  -8
  1  0  0.938300 -0.276193  0.043504  0.088850  -5
  1  0  0.938300 -0.662136 -0.162687  0.432550  -3
  1  1  0.938300 -0.077104 -0.191987  0.587988  -8
  1  0  0.938300  0.048736  0.150063  0.787063  -1
  1  0  0.938300 -0.360574 -0.116174  0.956559  -2
  1  0  0.938300  0.049263  0.338606  0.362854  -3
  1  0  0.938300  0.315012 -0.114045  0.365887  -3
  1  0  0.938300 -0.023236  0.062189  0.955803  -7
  1  0  0.938300 -0.177011  0.423517  1.272023  -3
  1  0  0.938300 -0.157844  0.099111  0.757201  -6
  1  0  0.938300  0.223544 -0.016995  0.071369  -4
  1  0  0.938300  0.144245 -0.017711  0.958815  -1
  1  0  0.938300 -0.053435  0.017969  0.448718  -4
  1  1  0.938300 -0.722814  0.296005 -0.418710  -5
  1  0  0.938300  0.116335  0.316160  0.732614  -3
  1  0  0.938300 -0.504390 -0.100686  0.334793  -4
  1  0  0.938300 -0.544581  0.035922  0.390588  -5
  1  0  0.938300 -0.431294 -0.612660  0.626643  -3
  1  0  0.938300  0.341731  0.235957  1.044825  -3
  1  0  0.938300 -0.104829 -0.644712  0.494445  -2
  1  1  0.938300  0.228912 -0.055564  0.476268  -2
  1  0  0.938300  0.070657  0.056530  0.581298  -3
  1  0  0.938300  0.010233  0.245695 -0.058738  -2
  1  0  0.938300 -0.055269 -0.148449  0.304179  -3
  1  0  0.938300  0.635386 -0.267267  0.722888  -2
  1  0  0.938300 -0.185744 -0.378193  0.541907  -2
  1  0  0.938300 -0.108299  0.019124  0.412657  -6
  1  0  0.938300  0.175273  0.459791  0.427588  -3
  1  1  0.938300  0.271793  0.091541  0.180732  -6
  1  0  0.938300 -0.596408  0.377742  0.944825  -3
  1  0  0.938300  0.033062  0.123130  1.039431  -1
  1  0  0.938300 -0.361908 -0.286436  0.918636  -6
  1  0  0.938300 -0.149139  0.094463  0.538799  -4
  1  0  0.938300  0.135101  0.490682  0.888366  -8
  1  0  0.938300  0.061084 -0.025805  0.970486  -1
  1  0  0.938300 -0.324272 -0.187492  0.549778  -5
  1  0  0.938300 -0.142615 -0.383531  0.063819  -3
  1  0  0.938300  0.006004  0.152154  0.829093  -2
  1  0  0.938300 -0.189039  0.257829  0.535080  -3
  1  0  0.938300  0.135138 -0.631398  0.650269  -6
  1  0  0.938300  0.191145 -0.026769  0.755688  -2
  1  0  0.938300  0.033400 -0.079171  0.884744  -1
  1  0  0.938300  0.056889  0.223026  0.280521  -2
  1  0  0.938300 -0.146136 -0.026867  0.103125  -3
  1  0  0.938300 -0.273946  0.396637  0.701033  -3
  1  0  0.938300 -0.197703  0.224257  0.536434  -3
  1  0  0.938300 -0.009853  0.039485  0.424123  -2
  1  0  0.938300 -0.001089 -0.071657  0.578131  -1
  1  0  0.938300  0.332359 -0.269037  0.795540  -3
  1  0  0.938300 -0.517614 -0.096079  0.178650  -4
  1  0  0.938300  0.170038 -0.256080  0.726414  -5
  1  0  0.938300  0.225930  0.016814  0.436716  -5
  1  0  0.938300 -0.337394 -0.207955  0.888771  -6
  1  1  0.938300 -0.314049  0.018475  0.355960  -6
  1  0  0.938300 -0.127789 -0.107454  1.285109  -5
  1  0  0.938300 -0.209876  0.120117  0.609073  -7
  1  0  0.938300  0.149432 -0.262996  0.969719  -2
  1  0  0.938300  0.424546  0.457796  0.702531  -2
  1  0  0.938300 -0.174578  0.504762  0.421691  -5
  1  0  0.938300 -0.016981  0.200597  0.284262  -5
  1  0  0.938300  0.078973 -0.137199  0.426492  -3
  1  0  0.938300 -0.145811 -0.083415  0.229336  -4
  1  0  0.938300 -0.111768  0.131325  0.552023  -2
  1  0  0.938300  0.093603  0.193629  0.524671  -3