  1  1  0.938300  0.183472  0.352266  0.749470   4
  1  1  0.938300 -0.123533 -0.122755  0.217128   2
  1  1  0.938300 -0.280726 -0.341344  0.522113   5
  1  1  0.938300  0.033159 -0.031345  0.106666   1
  1  1  0.938300  0.203771 -0.329263  0.304094   2
  1  1  0.938300 -0.180515 -0.048797  0.087185   3
  1  1  0.938300  0.228965  0.310620  0.121367   4
  1  1  0.938300  0.190034  0.073199 -0.021988   2
  1  1  0.938300 -0.280744 -0.075642 -0.077386   6
  1  1  0.938300 -0.142118  0.230008  0.351029   4
  1  1  0.938300 -0.165963  0.012367  0.003808   1
  1  1  0.938300  0.214096 -0.094355  0.752629   2
  1  1  0.938300  0.263105  0.264272  0.778407   2
  1  1  0.938300  0.451484  0.039884  0.482199   3
  1  1  0.938300 -0.175196  0.216209  0.484856   2
  1  1  0.938300  0.253264 -0.025483  0.357473   2
  1  0  0.938300 -0.321162 -0.333816  0.509415   4
  1  1  0.938300  0.786984 -0.144628  0.274887   3
  1  1  0.938300 -0.425156  0.245220  0.558727   6
  1  1  0.938300 -0.350512  0.013575 -0.170948   2
  1  1  0.938300  0.304096  0.144688  0.244978   4
  1  1  0.938300 -0.261015 -0.269196  0.025317   7
  1  1  0.938300 -0.034483  0.062310  0.608695   3
  1  1  0.938300  0.003062  0.158017  0.454617   3
  1  1  0.938300 -0.404834 -0.199407  0.397597   3
  1  1  0.938300 -0.166382 -0.001800  0.410270   3
  1  1  0.938300 -0.019716  0.060016  0.065132   1
  1  1  0.938300  0.155832  0.309625  0.657326   5
  1  1  0.938300 -0.040383  0.200719  0.699438   5
  1  1  0.938300 -0.076027 -0.236513  1.090533   9
  1  1  0.938300 -0.222183 -0.042254 -0.002061   1
  1  1  0.938300 -0.434662 -0.039431  0.534904   2
  1  1  0.938300 -0.216227  0.368885  0.367635   5
  1  1  0.938300 -0.100755  0.261072 -0.040561   2
  1  1  0.938300  0.104460 -0.072757  0.204165   1
  1  1  0.938300 -0.001796  0.128956  0.266494   6
  1  0  0.938300 -0.177856 -0.091410  0.215005   6
  1  1  0.938300  0.038977  0.274839  0.261038  12
  1  1  0.938300  0.129856  0.059315  0.011568   2
  1  1  0.938300  0.333516  0.289654  0.269513   3
  1  0  0.938300  0.165679  0.101759  1.115387   5
  1  1  0.938300  0.122879 -0.023551  0.797722   2
  1  1  0.938300  0.285739 -0.175685  0.394743   2
  1  1  0.938300  0.113214 -0.343134  0.298976   5
  1  1  0.938300 -0.028724 -0.061794  0.344581   6
  1  1  0.938300  0.378781  0.317617  0.541807   6
  1  1  0.938300 -0.202538  0.061647  1.131401   2
  1  1  0.938300 -0.678031  0.065519  0.158614   2
  1  1  0.938300 -0.020551 -0.331980  1.097488   5
  1  1  0.938300 -0.010252  0.479202  0.894256   2
  1  1  0.938300 -0.205150 -0.082374 -0.073421   1
  1  0  0.938300  0.053846 -0.133116  0.039369   4
  1  1  0.938300 -0.668964  0.091449  0.124219   2
  1  1  0.938300 -0.091341  0.562427  0.401167   4
  1  1  0.938300  0.053898  0.065073  0.038652   1
  1  1  0.938300 -0.138918  0.032065  0.297014   1
  1  1  0.938300 -0.261623 -0.032805  0.736392   2
  1  1  0.938300  0.167751  0.162906  0.328702  10
  1  1  0.938300  0.182677  0.289776  0.567051   4
  1  1  0.938300 -0.129952  0.007969  0.552550   7
  1  1  0.938300 -0.288429 -0.011311  0.496732   2
  1  1  0.938300  0.092733 -0.048632  0.152694   1
  1  1  0.938300  0.377444 -0.287993  0.714728   2
  1  1  0.938300 -0.150332  0.236018  0.183213   2
  1  0  0.938300  0.043118 -0.170194  0.392698   6
  1  1  0.938300 -0.265072  0.299159  0.204223   3
  1  1  0.938300  0.076025 -0.119380  0.036356   4
  1  1  0.938300 -0.163123  0.226823  0.242939   4
  1  1  0.938300 -0.234936  0.182369  0.424771   6
  1  0  0.938300  0.338406 -0.025165  0.210665  12
  1  1  0.938300 -0.019875 -0.102435  0.062413   6
  1  1  0.938300  0.088184  0.124698  0.162279   1
  1  1  0.938300  0.057806  0.006881 -0.101662   1
  1  1  0.938300 -0.477357  0.076591  0.978403   3
  1  1  0.938300 -0.102650 -0.033304  0.201341   1
  1  1  0.938300 -0.094425 -0.101776  0.090046   1
  1  1  0.938300  0.033242 -0.047089  0.210929   1
  1  1  0.938300  0.050241 -0.456752  0.411798   4
  1  1  0.938300  0.330192  0.046840  0.210723   4
  1  0  0.938300 -0.069412 -0.181332  0.824652   4
  1  0  0.938300  0.192387  0.373487  0.702454   3
  1  1  0.938300 -0.028729  0.238794  0.221350   4
  1  0  0.938300  0.158839 -0.094596  0.723064   4
  1  0  0.938300 -0.378281 -0.043032  0.468902   2
  1  1  0.938300 -0.218934  0.036023  0.723743   5
  1  0  0.938300 -0.095487  0.493035  0.673418   3
  1  0  0.938300  0.310537 -0.208536  0.471346   4
  1  0  0.938300 -0.168479 -0.167151  0.320207   6
  1  0  0.938300  0.318358 -0.029129  0.464406   5
  1  0  0.938300  0.179396  0.379445  0.768436   2
  1  0  0.938300  0.036217  0.069888  0.502805   5
  1  0  0.938300 -0.094884 -0.056297  0.279009   4
  1  0  0.938300  0.290638  0.027467  0.416991   2
  1  0  0.938300  0.206173  0.158641  0.039726   2
  1  0  0.938300  0.058800 -0.320924  0.790383   3
  1  0  0.938300 -0.354889 -0.410567  0.427510   4
  1  0  0.938300 -0.267032 -0.028700  0.104389   2
  1  0  0.938300  0.056686 -0.062981  0.075834   4
  1  0  0.938300  0.592151 -0.021565  0.599991   2
  1  0  0.938300 -0.006269 -0.077118  0.240069   2
  1  0  0.938300  0.059217 -0.049956  0.276557   5
  1  0  0.938300 -0.089822 -0.043601  0.089129   1
  1  0  0.938300  0.385410  0.316264  0.714075   5
  1  0  0.938300  0.053620  0.052971  0.063104   1
  1  0  0.938300  0.028078 -0.121773  0.059387   1
  1  0  0.938300  0.115204 -0.022847 -0.003636   2
  1  0  0.938300  0.031930  0.183158  0.142386   1
  1  0  0.938300  0.251932 -0.025115  0.192393   5
  1  0  0.938300  0.188495  0.146476  0.182406   2
  1  0  0.938300  0.400206  0.321600  0.765857   2
  1  0  0.938300  0.310511 -0.121517  1.338697   3
  1  0  0.938300 -0.027803  0.232401  0.138688  10
  1  0  0.938300  0.107150  0.143753  0.217622   1
  1  0  0.938300  0.037154  0.212164  0.944135   6
  1  0  0.938300 -0.273330 -0.125590  0.545754   2
  1  0  0.938300  0.119598 -0.000423  0.304397   4
  1  0  0.938300 -0.512265 -0.309958  0.614480   3
  1  0  0.938300 -0.187550  0.078446  0.520698   4
  1  0  0.938300 -0.195557  0.438111  0.969844   3
  1  0  0.938300 -0.255305 -0.486047  0.215907   9
  1  0  0.938300 -0.187126  0.240213  0.349226   2
  1  1  0.938300 -0.230241  0.288676  0.625129   9
  1  0  0.938300 -0.167241 -0.234154  0.308121   3
  1  0  0.938300 -0.014181  0.132889  0.619261   3
  1  1  0.938300  0.171958  0.011837  0.414094   5
  1  0  0.938300  0.233636 -0.022329  0.330813   3
  1  0  0.938300 -0.028388 -0.129160  0.578366   5
  1  0  0.938300 -0.027833 -0.146287 -0.037143   3
  1  0  0.938300  0.101690  0.118728  0.543563   3
  1  0  0.938300  0.235060 -0.137890  0.418314   3
  1  0  0.938300  0.209717 -0.097053  0.406000   1
  1  0  0.938300 -0.262629 -0.144302  0.550925   3
  1  0  0.938300 -0.217786  0.383730  0.740472   3
  1  1  0.938300  0.220356 -0.260697  0.150270   6
  1  0  0.938300 -0.198573  0.437371  0.611826   3
  1  0  0.938300  0.158115 -0.062695 -0.086346   1
  1  0  0.938300 -0.233147 -0.357500  0.291221   8
  1  0  0.938300 -0.052558  0.016617  0.342712   2
  1  1  0.938300 -0.201289 -0.032009  0.347123   3
  1  0  0.938300 -0.133914 -0.166939  0.748490   5
  1  0  0.938300 -0.262622 -0.125161  0.370603   4
  1  0  0.938300  0.177037  0.130374  0.497277   3
  1  0  0.938300  0.007703  0.102773  0.435721   3
  1  0  0.938300 -0.073338 -0.335767  0.436026   3
  1  1  0.938300  0.076837  0.490837  0.332293   8
  1  0  0.938300 -0.182383 -0.002620  0.043837   2
  1  0  0.938300  0.072047  0.209234  0.091454   1
  1  0  0.938300 -0.014817  0.133397  0.020110   1
  1  0  0.938300  0.087205  0.292751  0.040496   2
  1  0  0.938300  0.264919 -0.028846  0.313041   2
  1  0  0.938300  0.016191 -0.226593  0.444565   3
  1  0  0.938300  0.079413  0.122566  0.167657   1
  1  0  0.938300 -0.189606  0.265131  0.124011   4
  1  0  0.938300 -0.159405 -0.091811  0.347713   5
  1  0  0.938300  0.199078 -0.058636  0.045115   2
  1  0  0.938300 -0.121402  0.388746  0.427698   7
  1  1  0.938300 -0.072551 -0.196250  0.063906   4
  1  0  0.938300  0.260170 -0.173550  0.415212   5
  1  0  0.938300  0.001545  0.016410 -0.147876   4
  1  0  0.938300 -0.199630  0.162565  0.367522   5
  1  0  0.938300  0.150833  0.169139  0.174373   3
  1  0  0.938300  0.124807  0.058835  0.538336   4
  1  0  0.938300  0.109132  0.079000  0.459978   3
  1  0  0.938300  0.222559  0.044891  0.086569   2
  1  0  0.938300 -0.370067 -0.157183  0.335647   6
  1  0  0.938300  0.292398 -0.139123  0.213780   3
  1  0  0.938300 -0.045575  0.065666  0.127054   1
  1  0  0.938300  0.011467  0.039891 -0.022815   3
  1  0  0.938300 -0.068786  0.020245  0.371159   3
  1  0  0.938300  0.106075 -0.271306  0.179334   2
  1  0  0.938300  0.112117 -0.034924  0.128770   1
  1  1  0.938300  0.163767 -0.069990  0.450611   3
  1  0  0.938300 -0.086035 -0.093102  0.205207   1
  1  0  0.938300  0.056558 -0.070325  0.113356   2
  1  0  0.938300 -0.330484 -0.190097  0.388027   3
  1  0  0.938300  0.031605 -0.219463  0.776092   4
  1  0  0.938300 -0.074625  0.230191  0.279954   6
  1  0  0.938300 -0.370502  0.027581  0.580220   4
  1  0  0.938300 -0.285127  0.141030  0.106712   2
  1  1  0.938300 -0.122736  0.344125  0.284298   6
  1  0  0.938300  0.113188 -0.225429  0.195456   2
  1  0  0.938300  0.217867  0.215797  0.097667   7
  1  0  0.938300 -0.705375  0.332403  0.390964   2
  1  0  0.938300 -0.107566 -0.064966  0.291207   6
  1  0  0.938300  0.022922 -0.256448  0.074167   9
  1  0  0.938300 -0.547336  0.185023  0.356535   4
  1  1  0.938300  0.276527  0.429059 -0.125711   2
  1  0  0.938300 -0.144747  0.051074 -0.096337   1
  1  0  0.938300  0.512200 -0.346689  0.280528   4
  1  0  0.938300 -0.057722 -0.235533  0.321645   3
  1  0  0.938300  0.133684  0.069349  0.175176   4
  1  0  0.938300 -0.338841  0.070629  0.877325   3
  1  0  0.938300  0.002762 -0.804897  0.491618   3
  1  0  0.938300 -0.391785  0.162910  0.309838   3
  1  0  0.938300 -0.407531  0.003838  0.275037   6
  1  0  0.938300  0.243054 -0.041100  0.415079   4
  1  0  0.938300 -0.091289 -0.258182  0.741101   4
  1  1  0.938300  0.434703  0.103279  0.452189  -6
  1  1  0.938300  0.335778  0.119145  0.653798  -6
  1  1  0.938300  0.495295  0.142762  0.584319  -4
  1  1  0.938300 -0.333444 -0.019325  0.349142  -6
  1  1  0.938300  0.064106 -0.036580  0.941817  -1
  1  1  0.938300 -0.011013 -0.062454  0.473416  -3
  1  1  0.938300  0.278275 -0.043348  0.712114  -2
  1  1  0.938300  0.106282  0.072237  0.496543  -6
  1  0  0.938300 -0.217410 -0.016188  0.537722  -1
  1  1  0.938300  0.352260 -0.034653  0.488342  -4
  1  1  0.938300  0.090592 -0.160470 -0.101475  -5
  1  1  0.938300 -0.085091 -0.070501  0.020989  -2
  1  1  0.938300 -0.440770  0.400888  0.337410  -2
  1  1  0.938300  0.001191 -0.152536  0.343509  -3
  1  1  0.938300  0.031855 -0.523767  0.426187  -4
  1  0  0.938300 -0.001371 -0.292416  0.694241  -7
  1  1  0.938300  0.171458 -0.112920  0.606529  -5
  1  1  0.938300 -0.239067  0.209641  0.245857  -4
  1  1  0.938300 -0.005116 -0.127212  0.192557  -3
  1  1  0.938300 -0.464951  0.137570  0.281115  -8
  1  1  0.938300 -0.167668  0.042059  1.100946  -1
  1  1  0.938300 -0.030903 -0.028434  0.796745  -1
  1  1  0.938300  0.071266  0.047970  0.415562  -5
  1  1  0.938300 -0.036455 -0.211467  0.302761  -8
  1  1  0.938300  0.147427 -0.345827  0.287930  -2
  1  1  0.938300 -0.193665 -0.019028  0.563972  -3
  1  1  0.938300 -0.133617 -0.175278  1.114109  -3
  1  1  0.938300  0.150705 -0.091832  0.767741  -1
  1  0  0.938300  0.089612 -0.009409  0.994078  -3
  1  1  0.938300 -0.054334 -0.049022  0.961185  -1
  1  1  0.938300 -0.242111 -0.025785  0.445337  -3
  1  1  0.938300  0.076222  0.115828  0.530016  -2
  1  1  0.938300 -0.387720  0.640564  0.941703  -6
  1  1  0.938300 -0.106140 -0.067481  0.359765  -3
  1  1  0.938300 -0.328868  0.109193  0.433781  -4
  1  1  0.938300 -0.108206 -0.424417  0.636234 -10
  1  1  0.938300 -0.116252  0.224649  0.677566  -4
  1  1  0.938300  0.167835 -0.011431  0.104888  -4
  1  1  0.938300 -0.133012 -0.229567  0.916003  -2
  1  0  0.938300  0.072423 -0.221030  0.730092  -4
  1  1  0.938300  0.043285  0.057634  0.520617  -2
  1  1  0.938300 -0.015106  0.050177  0.851432  -1
  1  1  0.938300 -0.007627  0.108197  0.376675  -4
  1  1  0.938300 -0.141944 -0.307174  0.408165  -2
  1  1  0.938300  0.154653 -0.104763  0.379692  -4
  1  1  0.938300 -0.000303  0.005661  0.725885  -1
  1  1  0.938300  0.116461 -0.260647  0.205114  -4
  1  1  0.938300 -0.028087 -0.119778  0.455620  -5
  1  1  0.938300  0.056024  0.060006  0.337580  -2
  1  1  0.938300  0.393177 -0.515671  0.961640  -3
  1  1  0.938300 -0.256763  0.100257  0.468173  -2
  1  1  0.938300 -0.288079  0.283155  0.584648  -4
  1  1  0.938300  0.262178  0.523135  0.399458  -3
  1  1  0.938300 -0.014099  0.003993  0.401637  -9
  1  1  0.938300  0.209500  0.590028  0.887639  -2
  1  1  0.938300 -0.313077  0.101856  0.883521  -8
  1  1  0.938300 -0.219217 -0.171282  0.140793  -4
  1  1  0.938300  0.320549  0.360176  0.598070  -3
  1  0  0.938300  0.445937  0.070844  0.752773  -3
  1  1  0.938300  0.612284  0.191617  0.786070  -2
  1  1  0.938300 -0.292519  0.331556  0.331744  -4
  1  0  0.938300 -0.224354 -0.048379  0.201284  -4
  1  1  0.938300 -0.169268 -0.120763  1.092873  -4
  1  1  0.938300  0.484724  0.357628  0.355713  -2
  1  1  0.938300  0.408826  0.701925  0.348485  -2
  1  1  0.938300  0.092955 -0.078533  0.855238  -1
  1  1  0.938300 -0.161117  0.187658  0.818862  -3
  1  1  0.938300  0.072608  0.307255  0.631520  -2
  1  1  0.938300 -0.048297  0.184084  0.324633  -2
  1  1  0.938300 -0.047674 -0.062133  0.853352  -1
  1  1  0.938300  0.114509 -0.178060  0.721416  -1
  1  1  0.938300  0.264300  0.373798 -0.111747  -3
  1  0  0.938300  0.235040 -0.401949  0.925281  -4
  1  1  0.938300 -0.023794  0.135175  0.984627  -2
  1  0  0.938300  0.077973 -0.074698  0.499367  -2
  1  1  0.938300  0.092718  0.088052  0.636704  -2
  1  1  0.938300  0.059275 -0.279210  0.313345  -3
  1  1  0.938300  0.164484 -0.126489  0.714219  -4
  1  1  0.938300 -0.003849 -0.023050  0.443596  -4
  1  0  0.938300  0.049974  0.446492  0.268420  -5
  1  0  0.938300 -0.141308 -0.011820  0.696073  -3
  1  0  0.938300 -0.018520 -0.042868  0.447024  -4
  1  0  0.938300 -0.035193  0.090598  1.142607  -3
  1  0  0.938300 -0.084977 -0.164473  0.780568  -1
  1  0  0.938300  0.085320 -0.004521  0.830799  -2
  1  0  0.938300 -0.147348 -0.315312  1.379121  -2
  1  0  0.938300 -0.005414  0.175523  0.285685  -3
  1  1  0.938300  0.255643  0.101953  0.792283  -4
  1  0  0.938300 -0.177191  0.366756  0.151161  -4
  1  0  0.938300  0.405485  0.401898  0.898648  -2
  1  0  0.938300  0.277848 -0.197042  0.457613  -4
  1  0  0.938300 -0.113228  0.264276  0.404802  -2
  1  0  0.938300  0.046386 -0.049841  0.984547  -1
  1  0  0.938300 -0.018594  0.375245  0.730643  -5
  1  0  0.938300 -0.191361  0.105052  0.393441  -5
  1  0  0.938300 -0.290074  0.266126  0.230206  -2
  1  0  0.938300 -0.145981  0.145666  0.696018  -5
  1  0  0.938300  0.232418 -0.174829  0.704071  -5
  1  0  0.938300  0.145068  0.134983  0.615150  -6
  1  0  0.938300 -0.226165  0.294633  0.900581  -6
  1  0  0.938300  0.424371  0.336845  0.699272  -3
  1  0  0.938300 -0.048691 -0.087498  0.886133  -1
  1  0  0.938300  0.329388 -0.099219  0.500816 -12
  1  0  0.938300 -0.208152  0.203013  0.075077  -2
  1  0  0.938300 -0.034227 -0.300873  0.539123  -3
  1  0  0.938300  0.239449  0.056543  0.820899  -1
  1  0  0.938300  0.130512 -0.247342  0.363759  -2
  1  0  0.938300  0.099408  0.058680  0.492047  -3
  1  0  0.938300  0.018507 -0.208375  1.133600  -1
  1  0  0.938300  0.378210  0.399633  0.872953  -2
  1  0  0.938300 -0.258797 -0.214010  0.320511  -2
  1  0  0.938300 -0.524131 -0.194618  0.331035  -3
  1  0  0.938300 -0.146933 -0.244788  0.590081 -10
  1  0  0.938300 -0.030935 -0.245027  0.224354  -3
  1  0  0.938300  0.214023 -0.443781  0.408985  -2
  1  0  0.938300 -0.025147  0.102686  0.932146  -1
  1  1  0.938300 -0.129131 -0.547841  1.261754  -6
  1  0  0.938300 -0.026781 -0.054040  0.898966  -2
  1  0  0.938300 -0.165597 -0.289637  0.784179  -7
  1  0  0.938300  0.068950 -0.341488  0.209019  -5
  1  0  0.938300  0.320466  0.326280  1.093107  -3
  1  0  0.938300 -0.122463  0.041521  0.709774  -3
  1  0  0.938300  0.138135 -0.292025  0.594923  -7
  1  0  0.938300  0.111623  0.159525  0.896174  -1
  1  0  0.938300 -0.423192  0.227109  0.692268  -2
  1  0  0.938300  0.452928 -0.186832  0.729633  -2
  1  0  0.938300 -0.134663 -0.151063  0.954253  -3
  1  0  0.938300 -0.110598 -0.060060  0.997053  -2
  1  0  0.938300  0.419889  0.164168  0.388259  -4
  1  1  0.938300 -0.152206 -0.372870 -0.120497  -6
  1  0  0.938300 -0.212791  0.021790  0.485313  -5
  1  0  0.938300  0.366103  0.345992  0.475495  -3
  1  0  0.938300  0.194557  0.421285  0.720057  -3
  1  0  0.938300  0.073160 -0.010414  0.757215  -1
  1  0  0.938300 -0.098967 -0.052475  1.047697  -1
  1  0  0.938300  0.034258 -0.043301  0.159907  -8
  1  0  0.938300 -0.620991  0.036560  0.441158  -3
  1  0  0.938300  0.117558  0.213867  0.118270  -3
  1  0  0.938300  0.183622  0.086818  0.445260  -4
  1  0  0.938300 -0.095009 -0.109716  0.060485  -6
  1  0  0.938300  0.097378 -0.267518  0.622599  -4
  1  0  0.938300  0.010335  0.239709  0.556970  -4
  1  0  0.938300  0.036684  0.027694  0.921320  -1
  1  1  0.938300  0.133207  0.077907  0.733866  -7
  1  1  0.938300  0.156546 -0.323568  0.468969  -5
  1  0  0.938300  0.016645 -0.038259  0.722587  -5
  1  0  0.938300  0.164943  0.069645  0.679775  -2
  1  0  0.938300 -0.217491  0.117256  0.246348  -5
  1  0  0.938300  0.119468 -0.330994  0.266362  -5
  1  0  0.938300 -0.243332 -0.111648  0.452886  -3
  1  0  0.938300  0.129825 -0.281531  0.189030  -4
  1  0  0.938300 -0.094632  0.094324  0.589509  -8
  1  0  0.938300  0.287450 -0.004773  0.323862  -5
  1  0  0.938300 -0.105234 -0.217123  0.887694  -5
  1  0  0.938300  0.382691  0.163775  0.551168  -2
  1  0  0.938300  0.002431 -0.107489  0.193099  -7
  1  0  0.938300 -0.136172 -0.217863  0.234766  -3
  1  0  0.938300  0.245528 -0.244148  0.720865  -4
  1  0  0.938300  0.031683  0.063992  1.185850  -1
  1  0  0.938300  0.215013  0.055449  0.876499  -1
  1  0  0.938300  0.109389  0.081115  0.654264  -3
  1  0  0.938300  0.420997  0.037587  0.811116  -6
  1  1  0.938300 -0.321266 -0.330730  0.776897  -5
  1  0  0.938300 -0.249636  0.043583  0.932018  -2
  1  0  0.938300 -0.049241 -0.040691  0.814889  -8
  1  0  0.938300  0.253771 -0.247254  0.632968  -2
  1  0  0.938300  0.204780 -0.153877  0.641113  -9
  1  0  0.938300  0.046338  0.142552  0.416047  -5
  1  0  0.938300  0.025605 -0.163226  1.180755  -1
  1  0  0.938300 -0.223914  0.112503  0.526318  -6
  1  0  0.938300 -0.157576 -0.211311  0.679077  -4
  1  0  0.938300  0.334715 -0.014202  0.685220  -2
  1  0  0.938300 -0.035066  0.425442  0.383254  -2
  1  0  0.938300 -0.562451  0.187213  0.615960  -9
  1  0  0.938300 -0.189474  0.238751  1.031820  -2
  1  0  0.938300 -0.093049  0.006574  0.434515  -7
  1  0  0.938300  0.102559  0.422409  0.776689  -2
  1  0  0.938300 -0.063811  0.176318  0.492579  -3
  1  0  0.938300 -0.016800  0.039937  0.871348  -1
  1  0  0.938300 -0.050433 -0.097464  0.539471  -1
  1  0  0.938300 -0.113803 -0.668181  1.012833  -4
  1  0  0.938300 -0.081233  0.163139  1.080092  -1
  1  0  0.938300 -0.285334 -0.177093  0.805300  -3
  1  0  0.938300 -0.037960  0.135574  0.456698  -4
  1  0  0.938300  0.107776  0.035462  0.752251  -9
  1  0  0.938300 -0.032802 -0.075638  0.066609  -6
  1  0  0.938300 -0.177620 -0.009193  1.008081  -3
  1  0  0.938300 -0.208835  0.086475  0.759956  -6
  1  1  0.938300  0.260250 -0.284276  1.010354  -3
  1  0  0.938300 -0.259767 -0.330894  0.746977  -5
  1  0  0.938300 -0.003207 -0.026771  0.930983  -1
  1  0  0.938300  0.358490  0.428164  0.392848  -6
  1  1  0.938300  0.592440 -0.392875  0.709793  -8
  1  0  0.938300  0.069764  0.102877  0.075278  -4
  1  0  0.938300 -0.074592  0.330069  0.620862  -4
  1  0  0.938300 -0.280567  0.094864  0.280605  -2
  1  0  0.938300  0.197960  0.060447  0.478140  -5