  1  1  0.938300 -0.569351  0.222141  0.247108   2
  1  1  0.938300 -0.063307 -0.100294  0.005910   1
  1  1  0.938300  0.402309  0.241268  0.054161   2
  1  1  0.938300  0.227906 -0.134456  0.786339   3
  1  1  0.938300  0.085895  0.085656  0.675562   4
  1  1  0.938300  0.062646 -0.029549  0.734542   5
  1  1  0.938300 -0.140435 -0.050345  0.533075   4
  1  1  0.938300 -0.084872  0.037611  0.260913   1
  1  1  0.938300  0.488059  0.074838  0.491604   9
  1  1  0.938300 -0.006089 -0.608579  0.449070   3
  1  1  0.938300  0.170762 -0.409804  0.996226   6
  1  1  0.938300 -0.367308  0.294651  0.301217   2
  1  1  0.938300  0.117579 -0.099300  0.334632   8
  1  1  0.938300 -0.164554  0.009190  0.237323   1
  1  1  0.938300  0.144165  0.218479  0.184062   3
  1  1  0.938300  0.066166 -0.532837  0.483610   2
  1  1  0.938300  0.028269  0.126678  0.232446   1
  1  1  0.938300 -0.269309  0.145111  0.375708   2
  1  1  0.938300  0.228478 -0.022002  0.722544   4
  1  1  0.938300 -0.179329  0.134184  0.287996   3
  1  1  0.938300  0.119206  0.044308  0.759805   5
  1  1  0.938300  0.110360 -0.103770  0.539558   3
  1  1  0.938300  0.343465 -0.100168  0.451607   7
  1  1  0.938300 -0.192005 -0.456724  0.462813   2
  1  1  0.938300 -0.116639  0.424660  0.023499   8
  1  0  0.938300 -0.022821 -0.207687  0.525196   2
  1  1  0.938300 -0.339346  0.028636  0.462891   4
  1  1  0.938300 -0.614506  0.758390  0.833822   3
  1  1  0.938300  0.361213  0.399798  0.485091   5
  1  1  0.938300  0.157206  0.257469  0.583388   3
  1  1  0.938300 -0.344452  0.285456  0.430032   3
  1  1  0.938300 -0.121579 -0.221270  0.148916   2
  1  1  0.938300 -0.069620  0.187990  0.030031   1
  1  1  0.938300  0.203858  0.230132  0.288718   2
  1  1  0.938300  0.173493 -0.118068 -0.068221   1
  1  1  0.938300  0.049991 -0.665522  0.826377   3
  1  1  0.938300 -0.616988 -0.168412  0.574204   3
  1  1  0.938300  0.079916  0.042596  0.555136   7
  1  1  0.938300 -0.579573  0.172213  0.971905   6
  1  1  0.938300 -0.129595 -0.244176  0.143052   2
  1  1  0.938300  0.056118 -0.187535  0.293108   1
  1  1  0.938300 -0.248761 -0.333114  0.376770   3
  1  1  0.938300 -0.316175 -0.100468  0.411091   4
  1  1  0.938300  0.127180 -0.039333  0.080159   1
  1  1  0.938300  0.062074 -0.388977  0.543129   3
  1  1  0.938300 -0.115040 -0.099506 -0.038713   1
  1  1  0.938300  0.041847 -0.124747  0.068095   1
  1  1  0.938300  0.069187  0.136300  0.560559   6
  1  1  0.938300 -0.182209  0.000753 -0.135850   1
  1  1  0.938300  0.474048 -0.012315  0.706587   8
  1  1  0.938300 -0.258142  0.094691  0.712293   3
  1  1  0.938300 -0.137815  0.120458  0.217860   3
  1  1  0.938300  0.372571  0.494024  0.612124   3
  1  1  0.938300 -0.156473  0.029292  0.085036   2
  1  1  0.938300 -0.330416  0.104993  0.591557   3
  1  1  0.938300  0.265282  0.126859  0.324628   2
  1  1  0.938300 -0.509005 -0.004017  0.764970   3
  1  1  0.938300  0.037415 -0.132932  0.102898   3
  1  1  0.938300 -0.498880 -0.336936  1.027038   6
  1  0  0.938300  0.021817  0.281189  0.446039   2
  1  1  0.938300  0.005217  0.316478 -0.110471   6
  1  1  0.938300 -0.305943  0.152749  0.240757   3
  1  1  0.938300  0.058389 -0.203505  0.326959   5
  1  1  0.938300  0.016325 -0.237575  0.496024   2
  1  1  0.938300 -0.120498  0.212291  0.250752   2
  1  1  0.938300  0.009393  0.169740  0.037203   3
  1  1  0.938300 -0.176490  0.586762  0.481874   4
  1  1  0.938300  0.143205  0.234298  0.053859   1
  1  1  0.938300 -0.148090  0.318092  0.793160  11
  1  1  0.938300 -0.039554 -0.246659  0.402932   5
  1  1  0.938300 -0.232039  0.033821 -0.074829   6
  1  1  0.938300 -0.074168 -0.175973  0.436745   7
  1  1  0.938300  0.013560 -0.477435  0.549584   3
  1  1  0.938300  0.041398 -0.004419  0.149635   1
  1  1  0.938300  0.175043  0.166156  0.440506   6
  1  1  0.938300 -0.016558  0.087019  0.692406   2
  1  1  0.938300  0.096894 -0.115111  0.044438   1
  1  1  0.938300  0.225604 -0.177225  0.747762   6
  1  1  0.938300 -0.248744 -0.288496  0.964152   4
  1  0  0.938300 -0.088853 -0.018185  0.100525   1
  1  0  0.938300  0.102094 -0.157302  0.376914   4
  1  0  0.938300  0.052935  0.273618  0.443742   3
  1  0  0.938300 -0.027377 -0.493212  0.347058   2
  1  0  0.938300  0.219049 -0.072683  0.525970   3
  1  0  0.938300 -0.040633 -0.326242  0.146376   2
  1  0  0.938300  0.109705  0.087164  0.129104   1
  1  0  0.938300  0.072768 -0.157113  0.415974   3
  1  0  0.938300  0.001450  0.462726  0.941022   3
  1  0  0.938300 -0.114817 -0.078561  0.177381   4
  1  0  0.938300  0.230338 -0.210211  0.259400   2
  1  0  0.938300  0.002978  0.321299  0.108349   3
  1  0  0.938300  0.247900 -0.003491  0.025913   3
  1  0  0.938300 -0.061980 -0.239210  0.208957   1
  1  0  0.938300 -0.133303  0.097801  0.115573   1
  1  0  0.938300 -0.064873 -0.002314  0.083126   1
  1  0  0.938300  0.279067 -0.135315  0.033891   4
  1  0  0.938300  0.120686 -0.213730  0.346171   8
  1  1  0.938300  0.160433  0.028928  0.788688   3
  1  1  0.938300 -0.338038 -0.198847  0.439347   2
  1  0  0.938300  0.397323 -0.106343  0.312556   4
  1  0  0.938300 -0.027796  0.034290  0.274493   1
  1  0  0.938300 -0.184359 -0.051503  0.427432   2
  1  0  0.938300  0.209453 -0.101772  0.379945   4
  1  0  0.938300 -0.225401  0.056084  0.314131   5
  1  0  0.938300 -0.096952 -0.167628  0.515358   3
  1  0  0.938300 -0.241548 -0.024039 -0.161474   2
  1  0  0.938300 -0.096384 -0.492627  0.662293   3
  1  0  0.938300  0.197880  0.221819  0.001155   2
  1  0  0.938300 -0.320269 -0.236932  0.313161   2
  1  0  0.938300 -0.116046  0.109927  0.254278   3
  1  0  0.938300 -0.070428 -0.251413  0.179239   1
  1  0  0.938300 -0.401572  0.312442 -0.182936   4
  1  0  0.938300 -0.134091 -0.425964  0.385022   7
  1  0  0.938300 -0.061720  0.446506  0.901174   4
  1  0  0.938300  0.168463  0.034496  0.291958   5
  1  0  0.938300 -0.194666 -0.073004  0.153328   1
  1  0  0.938300  0.228414 -0.158855  0.284583   3
  1  0  0.938300  0.429426  0.208049  0.575237  10
  1  0  0.938300 -0.095893  0.468431  0.091361   3
  1  0  0.938300 -0.429498 -0.025093  0.441577  11
  1  0  0.938300 -0.447348  0.290274  0.396802   5
  1  0  0.938300  0.144431 -0.004604  0.288190   2
  1  0  0.938300  0.198865  0.149597  0.493691   2
  1  0  0.938300 -0.062058 -0.448671  0.501568   3
  1  0  0.938300  0.141270 -0.076212  0.695886   5
  1  0  0.938300  0.031035  0.025946  0.125247   2
  1  0  0.938300 -0.501500 -0.223351  0.769315   2
  1  0  0.938300 -0.414228  0.145935  0.641876   6
  1  0  0.938300  0.104034  0.396060  0.105097   3
  1  0  0.938300  0.068906  0.029911  0.873229   4
  1  0  0.938300  0.328097  0.112709  0.974254   3
  1  0  0.938300 -0.156112 -0.179298  0.320645   2
  1  0  0.938300 -0.095732 -0.132392  0.298638   3
  1  0  0.938300  0.080765  0.226674  0.385165   2
  1  0  0.938300  0.029565  0.157506  0.875581   2
  1  0  0.938300 -0.050218  0.302996  0.180094   2
  1  0  0.938300 -0.272873 -0.217586  0.039966   5
  1  0  0.938300  0.212916 -0.070495  0.770950   2
  1  0  0.938300  0.129126 -0.054797  0.452194   3
  1  0  0.938300  0.491987 -0.244469  0.597554   4
  1  0  0.938300 -0.078761  0.055774  0.146641   1
  1  0  0.938300  0.293733  0.024050  0.961481   2
  1  0  0.938300  0.030965  0.393005  0.684447   5
  1  0  0.938300  0.265274 -0.026997  0.456814   2
  1  0  0.938300  0.688274 -0.160515  0.633828   2
  1  0  0.938300  0.271343 -0.022200  0.262194   2
  1  0  0.938300 -0.506336 -0.073779  0.119316   6
  1  0  0.938300  0.117169 -0.320638  0.318259   2
  1  0  0.938300  0.140426  0.249056  0.407031   3
  1  0  0.938300  0.212140  0.212857  0.853226   2
  1  0  0.938300 -0.159608  0.406207  0.503731   7
  1  0  0.938300  0.147325 -0.050915  0.109783   2
  1  0  0.938300  0.114529  0.084434  0.469399   3
  1  0  0.938300  0.036388  0.137382  0.065396   5
  1  0  0.938300 -0.167124 -0.115751  0.642470  10
  1  0  0.938300 -0.114236 -0.064969  0.537201   3
  1  0  0.938300 -0.088125 -0.460133  0.378267   4
  1  0  0.938300 -0.032150 -0.064621  0.070997   2
  1  0  0.938300  0.007897  0.132967  0.272829   1
  1  0  0.938300 -0.447219  0.183316  0.447165   3
  1  1  0.938300 -0.082094  0.391583  0.474032   4
  1  0  0.938300 -0.154228 -0.092246  0.507048   4
  1  0  0.938300 -0.201439 -0.558905  0.420550   6
  1  0  0.938300 -0.061369 -0.056943  0.028324   4
  1  0  0.938300  0.054655  0.388634  1.027600   5
  1  0  0.938300 -0.179070  0.222324  0.668980   4
  1  0  0.938300 -0.162137  0.244374  0.658274   5
  1  0  0.938300 -0.076567  0.180975  0.767648   6
  1  0  0.938300 -0.241097  0.036581  0.294598  10
  1  0  0.938300 -0.254827  0.107527 -0.024230   2
  1  0  0.938300  0.266065 -0.038546  0.120324   1
  1  0  0.938300 -0.132922  0.011531  0.132505   1
  1  0  0.938300  0.080091  0.003089  0.351558   1
  1  0  0.938300  0.213454 -0.256291 -0.009108   2
  1  0  0.938300  0.485760  0.079390  0.280023   3
  1  1  0.938300  0.177853  0.508679  0.532241   2
  1  0  0.938300  0.050914 -0.186664  0.236499   3
  1  0  0.938300 -0.184695  0.169189  0.392227   9
  1  0  0.938300  0.325827  0.369510  0.685285   6
  1  0  0.938300 -0.322742 -0.762199  0.108963   2
  1  0  0.938300 -0.233682  0.047754 -0.005084   4
  1  0  0.938300 -0.088962 -0.086567  0.118188   1
  1  0  0.938300 -0.177614  0.341227  0.239241   2
  1  0  0.938300  0.066512  0.124276  0.319986   2
  1  0  0.938300 -0.190365 -0.017636  0.398529   1
  1  0  0.938300 -0.036851  0.060825  0.394863   4
  1  0  0.938300 -0.186015  0.012928  0.591958   3
  1  0  0.938300 -0.122816  0.134986 -0.038501   1
  1  0  0.938300 -0.221757  0.047647  0.153110   2
  1  0  0.938300 -0.427493 -0.283753  0.536319   6
  1  0  0.938300 -0.198113 -0.045818  0.374998   5
  1  0  0.938300 -0.100837 -0.318517  0.528662   2
  1  0  0.938300 -0.494889 -0.460754  0.499751   3
  1  0  0.938300 -0.062575  0.025874  0.192117   1
  1  0  0.938300 -0.139502  0.313003  0.364957   5
  1  0  0.938300 -0.053927 -0.350567  0.189936   3
  1  0  0.938300 -0.262431 -0.312058  0.578093   4
  1  1  0.938300  0.115346  0.179321  0.436550  -3
  1  1  0.938300  0.310998  0.143559  0.648361  -4
  1  1  0.938300  0.523157 -0.202784  1.024400  -4
  1  1  0.938300 -0.365497 -0.290957  0.713322  -2
  1  1  0.938300  0.195040 -0.066266  0.315634  -6
  1  0  0.938300  0.135566  0.229671  0.445478  -3
  1  1  0.938300 -0.085843 -0.298683  0.918193  -2
  1  1  0.938300 -0.048028  0.179464  0.718210  -2
  1  1  0.938300 -0.533910  0.259612  0.939565  -5
  1  0  0.938300  0.487177  0.165815  1.346287 -10
  1  1  0.938300 -0.605283 -0.047945  0.997214  -3
  1  1  0.938300 -0.224258  0.017046  0.213729  -8
  1  1  0.938300  0.276755  0.466698  0.656458  -2
  1  1  0.938300 -0.016879  0.242634  0.190154  -3
  1  0  0.938300  0.111550 -0.034698  0.734926  -5
  1  1  0.938300  0.410731  0.363478  0.349448  -4
  1  1  0.938300  0.313519 -0.132258  0.976478  -7
  1  1  0.938300 -0.483648  0.040345  0.432340  -5
  1  1  0.938300  0.105340  0.098464  0.163750  -5
  1  1  0.938300  0.279809 -0.209060  0.382888  -3
  1  1  0.938300 -0.170856  0.009922  0.819503  -1
  1  1  0.938300 -0.029573 -0.274900  0.329559  -2
  1  1  0.938300  0.206493  0.003276  0.892839  -1
  1  1  0.938300 -0.659915  0.072611  0.127538  -4
  1  1  0.938300 -0.307366  0.240680  0.542059  -2
  1  1  0.938300  0.157748  0.123119  0.378429  -3
  1  1  0.938300 -0.122484 -0.083947  0.817323  -2
  1  1  0.938300 -0.337340 -0.254315  0.841057  -2
  1  1  0.938300  0.068416  0.012012  0.803072  -3
  1  1  0.938300  0.359310 -0.118794  0.409701  -2
  1  1  0.938300 -0.264356  0.037713  0.279443  -2
  1  1  0.938300  0.014582  0.166875  0.810643  -1
  1  1  0.938300  0.301195 -0.196935  0.410725  -3
  1  1  0.938300 -0.391234 -0.069273  0.191726  -2
  1  1  0.938300  0.001532  0.195687  0.520356  -2
  1  1  0.938300  0.234118  0.213323  0.563860  -3
  1  1  0.938300 -0.262819 -0.123943  0.157106  -4
  1  1  0.938300 -0.014606 -0.095373  0.962685  -1
  1  1  0.938300 -0.267431  0.110076  1.039217  -1
  1  1  0.938300  0.152789 -0.353039  0.588779  -2
  1  0  0.938300 -0.341389  0.055633 -0.144255 -10
  1  1  0.938300 -0.437606  0.132666  0.625708  -4
  1  1  0.938300  0.113395  0.111667  0.784368  -2
  1  1  0.938300 -0.011579  0.537157  0.585878  -4
  1  1  0.938300  0.285617 -0.003662  0.938248  -5
  1  1  0.938300 -0.030090 -0.066566  1.142607  -1
  1  1  0.938300  0.073388  0.373697  0.498961  -6
  1  1  0.938300  0.197939 -0.117625  1.100287  -1
  1  1  0.938300 -0.005782  0.408909  0.549289  -3
  1  1  0.938300 -0.196037  0.026216  0.538719  -2
  1  1  0.938300  0.038434 -0.743633  0.341197  -3
  1  1  0.938300 -0.279508 -0.058330  0.991604  -3
  1  1  0.938300 -0.003077 -0.224689  0.582051  -8
  1  1  0.938300  0.338530  0.517033  0.348157  -6
  1  1  0.938300  0.085665  0.113216  0.536575 -11
  1  0  0.938300 -0.295839  0.118516  1.441125  -2
  1  1  0.938300  0.075067  0.007178  1.124559  -1
  1  1  0.938300  0.012001 -0.038093  0.193037  -3
  1  1  0.938300 -0.141195  0.117331  0.368693  -7
  1  1  0.938300 -0.354110  0.003366  0.121594  -4
  1  1  0.938300  0.317458 -0.066321  0.691126  -1
  1  1  0.938300  0.355377 -0.042442  0.801882  -3
  1  1  0.938300 -0.293533  0.074633  0.474924  -7
  1  1  0.938300 -0.134835 -0.258293  0.130151  -7
  1  1  0.938300 -0.105612 -0.145347  0.418457  -4
  1  1  0.938300  0.142729  0.048746  1.036768  -1
  1  1  0.938300  0.203672  0.142639  0.574758  -2
  1  1  0.938300 -0.000095 -0.350876  0.356482  -5
  1  1  0.938300  0.089754 -0.124883  0.748592  -2
  1  1  0.938300 -0.386386 -0.410396  0.543719  -9
  1  1  0.938300 -0.042423  0.017787  0.730975  -1
  1  1  0.938300 -0.212353 -0.237405  0.762996  -2
  1  1  0.938300  0.167608  0.015669  0.448457  -3
  1  1  0.938300  0.107472  0.008498  1.003216  -2
  1  1  0.938300  0.099235  0.005614  0.417636  -5
  1  1  0.938300  0.080510 -0.287246  0.469302  -4
  1  1  0.938300 -0.066692  0.059186  0.992614  -1
  1  1  0.938300  0.098838  0.067276  0.424233  -3
  1  1  0.938300 -0.010060 -0.451489  0.702901  -5
  1  0  0.938300 -0.212703  0.324876  0.923798  -2
  1  0  0.938300  0.023424 -0.009097  0.903830  -1
  1  0  0.938300  0.482139 -0.228872  0.685963  -3
  1  0  0.938300 -0.285024  0.554151  0.288654  -2
  1  0  0.938300 -0.117306  0.189082  0.391741  -3
  1  0  0.938300 -0.084626 -0.032769  0.320729  -2
  1  0  0.938300 -0.142119  0.162697  0.837776  -1
  1  0  0.938300  0.033200  0.373073  0.629927  -6
  1  0  0.938300  0.172931  0.042281  0.885968  -4
  1  0  0.938300 -0.135133  0.028489  0.988322  -1
  1  0  0.938300  0.102069  0.104433  0.262814  -4
  1  0  0.938300  0.265665  0.110231  0.452195  -4
  1  0  0.938300 -0.092224  0.017522  0.360163  -7
  1  0  0.938300  0.085890 -0.307591  0.697537  -2
  1  0  0.938300 -0.066592  0.153440  0.218530  -8
  1  0  0.938300 -0.025316 -0.110170  0.713921  -2
  1  0  0.938300  0.006787  0.088986  0.894991  -4
  1  0  0.938300 -0.144887 -0.050306  0.343121  -4
  1  0  0.938300 -0.108025  0.013519  0.899433  -1
  1  0  0.938300  0.205870 -0.315954  0.769497  -2
  1  1  0.938300  0.134962 -0.049215  0.770498  -6
  1  1  0.938300  0.218506 -0.052897  0.509768  -3
  1  0  0.938300 -0.026376  0.176887  0.245154  -8
  1  0  0.938300  0.019522  0.170202  0.915147  -4
  1  0  0.938300 -0.226714  0.160937  0.706297  -3
  1  0  0.938300  0.290666  0.111823  0.662808  -6
  1  0  0.938300  0.161789  0.015882  1.182459  -1
  1  0  0.938300 -0.237692 -0.339386  0.585054  -4
  1  0  0.938300  0.108273  0.038437  1.141570  -7
  1  0  0.938300  0.115754  0.189322  0.464741  -3
  1  0  0.938300 -0.015783  0.044997  0.749128  -1
  1  0  0.938300 -0.029767 -0.178152  0.832098  -1
  1  0  0.938300  0.126332 -0.042483  0.434758  -8
  1  0  0.938300 -0.248417  0.031989  0.739351  -1
  1  0  0.938300 -0.519803 -0.132633  0.312469  -5
  1  0  0.938300  0.292462 -0.142005  0.606214  -7
  1  0  0.938300  0.476684  0.024007  0.511149  -3
  1  0  0.938300 -0.130386 -0.101700  0.680516  -3
  1  0  0.938300  0.005392 -0.468360  0.684214  -2
  1  0  0.938300  0.514475  0.020316  0.197555  -5
  1  0  0.938300  0.689681  0.178665  0.096784  -5
  1  0  0.938300  0.231849  0.068227  0.686211  -5
  1  0  0.938300 -0.047025 -0.002679  0.321529  -2
  1  0  0.938300 -0.072543 -0.050999  0.795525 -10
  1  0  0.938300 -0.069516 -0.416660  0.772456  -3
  1  0  0.938300  0.081369 -0.131484  0.073182  -4
  1  0  0.938300 -0.233617  0.173418  0.833974  -1
  1  0  0.938300  0.195188  0.003807  0.767328  -2
  1  0  0.938300  0.256654 -0.024081  0.045267  -4
  1  0  0.938300  0.069437  0.093962  0.822201  -1
  1  0  0.938300 -0.007718  0.178773  0.290875  -6
  1  0  0.938300 -0.340141 -0.166655  0.146990  -5
  1  0  0.938300  0.124964  0.088091  0.678843  -2
  1  0  0.938300  0.039126 -0.010759  0.797414  -1
  1  0  0.938300  0.173165 -0.021525  0.552689  -1
  1  0  0.938300  0.039004  0.393968  0.293103  -6
  1  0  0.938300  0.229128 -0.340406  0.391670  -3
  1  0  0.938300  0.161730  0.055384  0.520915  -9
  1  0  0.938300 -0.006937  0.109485  0.705767  -1
  1  0  0.938300  0.086820 -0.011341  0.485354  -3
  1  0  0.938300 -0.064136 -0.156705  0.802332  -9
  1  0  0.938300 -0.092864 -0.102222  0.956451  -1
  1  0  0.938300  0.357638 -0.142108  0.982538  -5
  1  0  0.938300  0.194960 -0.209980  0.525098  -4
  1  0  0.938300 -0.231392 -0.058925  0.638287  -2
  1  0  0.938300  0.228485  0.327389  0.857331  -4
  1  0  0.938300  0.103796  0.041533  0.733234  -1
  1  0  0.938300  0.039583  0.301493  0.148731 -10
  1  0  0.938300 -0.225088 -0.373446  0.356238 -10
  1  0  0.938300  0.024335 -0.250064  0.234920  -6
  1  0  0.938300  0.221251  0.226893  0.677572  -5
  1  0  0.938300  0.259552  0.262441  0.759862  -6
  1  1  0.938300 -0.217334  0.129101  0.529707 -10
  1  0  0.938300 -0.071496  0.002981  0.319830  -4
  1  0  0.938300  0.376758 -0.341845 -0.032746  -3
  1  0  0.938300 -0.186072  0.090726  0.871713  -4
  1  0  0.938300 -0.130634  0.092135  0.248778  -2
  1  0  0.938300  0.030788  0.110255  0.428402  -7
  1  0  0.938300  0.031071  0.130057  0.742508  -2
  1  0  0.938300 -0.118956 -0.198904  0.677850  -8
  1  0  0.938300  0.126599 -0.025802  0.646171  -8
  1  0  0.938300 -0.048238  0.437403  0.311078  -3
  1  0  0.938300  0.014748  0.053555  1.070334  -1
  1  0  0.938300  0.045976  0.207396  0.500196  -1
  1  0  0.938300  0.116849 -0.062917  0.726487  -4
  1  0  0.938300  0.088649 -0.091631  0.292727  -3
  1  0  0.938300 -0.094300  0.436254  0.179786  -4
  1  0  0.938300 -0.320489 -0.109070  0.281818  -6
  1  0  0.938300  0.053093 -0.073703  0.562791  -2
  1  0  0.938300 -0.227490 -0.023027  0.621194  -2
  1  0  0.938300 -0.148027  0.154435  0.183584  -4
  1  0  0.938300  0.130936 -0.250932  0.899574 -10
  1  0  0.938300  0.132424  0.098075  0.251221  -5
  1  0  0.938300  0.082682 -0.028425  0.781036  -1
  1  0  0.938300  0.352419 -0.005513  1.114638  -3
  1  0  0.938300 -0.102344 -0.092939  0.613398  -5
  1  0  0.938300 -0.020287 -0.408592  0.349003  -5
  1  0  0.938300 -0.057299  0.227874  0.400254  -5
  1  0  0.938300  0.104454 -0.134152  0.246125  -2
  1  0  0.938300  0.102389 -0.134989  0.885744  -5
  1  0  0.938300  0.001807  0.186591  0.546798  -4
  1  0  0.938300 -0.043277  0.085397  1.008055  -1
  1  1  0.938300 -0.459420 -0.359248  0.064893  -3
  1  0  0.938300 -0.160958 -0.009514  0.610137  -4
  1  0  0.938300  0.375478 -0.182549  0.912552  -3
  1  1  0.938300  0.076505  0.024168  0.062460  -6
  1  0  0.938300 -0.078431 -0.133338  1.041263  -1
  1  0  0.938300 -0.189890  0.208282  0.737519  -5
  1  0  0.938300  0.118165 -0.052684  0.574519  -2
  1  0  0.938300  0.120497  0.393288  0.147477  -2
  1  0  0.938300 -0.084782  0.213550  0.754469  -7
  1  0  0.938300 -0.000654 -0.498480  0.879806  -2
  1  0  0.938300 -0.066417  0.187733  0.631784  -1
  1  1  0.938300  0.458024  0.420423  0.044414  -5
  1  0  0.938300  0.036592 -0.156348  0.679220  -2
  1  1  0.938300 -0.128035 -0.288764  0.375796  -6
  1  0  0.938300 -0.360553  0.193267  0.136700  -2
  1  0  0.938300 -0.231693  0.158940  0.786014  -1