  1  1  0.938300 -0.119692 -0.405293  1.097747   2
  1  1  0.938300  0.002890  0.280325  1.129347   4
  1  0  0.938300  0.146138  0.009699  0.243936   7
  1  1  0.938300 -0.047407 -0.327220  0.660367   6
  1  1  0.938300 -0.095767  0.176119  0.098286   1
  1  1  0.938300 -0.074363 -0.420600  0.879910   3
  1  1  0.938300  0.052715 -0.148061  0.709333   4
  1  1  0.938300  0.005509 -0.421980  0.940846   5
  1  0  0.938300 -0.153010 -0.233040  0.483937   3
  1  1  0.938300  0.240719 -0.078969  0.554827   3
  1  1  0.938300  0.362118 -0.222660  0.749864   5
  1  0  0.938300 -0.120499 -0.422264  0.155996   4
  1  1  0.938300 -0.010992 -0.175414  0.344061   5
  1  1  0.938300  0.034303 -0.139072  0.707908   5
  1  1  0.938300 -0.364332  0.017678  0.561447   5
  1  1  0.938300 -0.035530 -0.082404  0.539709   6
  1  1  0.938300  0.136577 -0.228485  0.591656   5
  1  1  0.938300  0.107182 -0.007674  0.409259   3
  1  1  0.938300  0.184010  0.125816  0.268503   2
  1  1  0.938300  0.212146 -0.112991  0.084134   6
  1  1  0.938300  0.160657 -0.223829  0.974052   4
  1  1  0.938300  0.023430 -0.302096  0.404190   6
  1  1  0.938300 -0.119970  0.393442  0.495344   8
  1  1  0.938300  0.301111  0.206632  0.212204   2
  1  1  0.938300 -0.146880  0.472269  0.835343   4
  1  1  0.938300  0.045135  0.118519  0.644068   2
  1  1  0.938300 -0.022756  0.119864  0.004658   1
  1  1  0.938300  0.326393 -0.236351  0.322124   5
  1  1  0.938300  0.204710 -0.151674  0.165996   4
  1  1  0.938300  0.119786  0.057754  0.245763   1
  1  1  0.938300  0.227010 -0.126423  0.497906   4
  1  1  0.938300 -0.001528  0.080770  0.575430   3
  1  1  0.938300  0.184223  0.325361  0.780443   3
  1  1  0.938300  0.088417  0.115779  0.556635   4
  1  1  0.938300 -0.054092  0.193929  0.737146   9
  1  1  0.938300 -0.026262  0.108901  0.470794   4
  1  1  0.938300 -0.076041 -0.175041  0.137576   4
  1  1  0.938300  0.013944  0.137301  0.086116   1
  1  1  0.938300 -0.303413 -0.082613  0.410812   3
  1  1  0.938300  0.075114  0.171437  0.700506   5
  1  1  0.938300 -0.076544 -0.111964  0.864363   2
  1  1  0.938300 -0.195279 -0.129575  0.802204   2
  1  1  0.938300  0.148512  0.488114  0.526573   4
  1  1  0.938300  0.112205 -0.141801  0.836906   5
  1  1  0.938300  0.050204  0.175506  0.295635   2
  1  1  0.938300 -0.104066 -0.028170  0.091223   4
  1  1  0.938300  0.026648 -0.086340  0.198649   1
  1  1  0.938300 -0.062482 -0.547232  0.289303   3
  1  1  0.938300 -0.001298 -0.336206  1.036074   4
  1  1  0.938300  0.277117  0.025050  0.181379   4
  1  0  0.938300 -0.077697  0.072390  0.158956   3
  1  1  0.938300 -0.060392  0.339288  1.354462   4
  1  1  0.938300  0.243373  0.260869  0.482506   4
  1  1  0.938300 -0.001785  0.206510  0.230044   2
  1  1  0.938300  0.149536  0.160966  0.368997   5
  1  1  0.938300  0.096822  0.062203  0.062820   1
  1  1  0.938300 -0.075712  0.141705  0.894540   5
  1  1  0.938300  0.626984 -0.330471  0.324783   2
  1  1  0.938300  0.134176 -0.212424  0.399214   2
  1  0  0.938300  0.353200 -0.226405  0.332522   8
  1  1  0.938300 -0.140192  0.107287  0.445260   4
  1  1  0.938300  0.340444  0.116967  0.190053   6
  1  1  0.938300  0.383322  0.276272  0.323948   3
  1  1  0.938300 -0.533223 -0.255543  0.401977   5
  1  1  0.938300 -0.442473 -0.032433  0.515710   3
  1  1  0.938300  0.164680  0.229415  1.015666   5
  1  1  0.938300  0.309196  0.210269  0.476457   3
  1  1  0.938300  0.750258  0.151790  0.213286   2
  1  0  0.938300 -0.021362 -0.161986  0.490334   8
  1  1  0.938300 -0.251354  0.366175  0.137975   4
  1  1  0.938300  0.289312 -0.027705  0.422818   3
  1  1  0.938300 -0.487300  0.134996  0.127586   2
  1  1  0.938300 -0.098902 -0.176719  0.356571   6
  1  1  0.938300  0.145198 -0.165059  0.351514   4
  1  1  0.938300 -0.334315 -0.071609  0.968852   6
  1  1  0.938300  0.258947  0.069063  0.176923   3
  1  1  0.938300 -0.128723  0.010320  0.193764   8
  1  1  0.938300 -0.055905  0.050416  0.261819   2
  1  0  0.938300 -0.135133  0.311679  0.223669   5
  1  0  0.938300 -0.084447  0.043355  0.389690   4
  1  0  0.938300  0.430166  0.047637  0.364151   4
  1  0  0.938300  0.037645  0.034297  0.074059   1
  1  0  0.938300  0.091682  0.257730  0.539086   4
  1  0  0.938300 -0.093137  0.220109  0.004031   1
  1  0  0.938300  0.056419  0.122091  0.415927   5
  1  1  0.938300 -0.183005  0.280681  0.659334   4
  1  0  0.938300 -0.073604  0.216739  0.360101   3
  1  1  0.938300 -0.022870  0.211101  0.716007   6
  1  0  0.938300 -0.338139  0.371502  0.614606   4
  1  0  0.938300  0.029382 -0.092354  0.066927   1
  1  0  0.938300  0.111214 -0.102890  0.165257   5
  1  0  0.938300  0.348613  0.004813  0.437755   2
  1  0  0.938300  0.208690  0.275957  0.285392   4
  1  0  0.938300  0.149948  0.057497  0.501252   6
  1  0  0.938300  0.053288 -0.466753  0.699014   5
  1  0  0.938300 -0.202428 -0.108555  0.697171   8
  1  1  0.938300 -0.007679 -0.524204  0.532997   4
  1  0  0.938300  0.251668  0.276595  0.842658   3
  1  0  0.938300  0.140420  0.049369  0.241195   3
  1  0  0.938300 -0.232326  0.116862 -0.168726   4
  1  0  0.938300 -0.127054 -0.050485  0.357110   1
  1  0  0.938300  0.196806  0.186850  0.590559   7
  1  0  0.938300 -0.272602 -0.066375  0.276581   3
  1  0  0.938300  0.082631 -0.332679  0.281560   2
  1  1  0.938300 -0.166008 -0.201155  0.612213   6
  1  0  0.938300 -0.348099 -0.018445  0.398671   5
  1  0  0.938300  0.329760 -0.056207  0.757861  10
  1  0  0.938300 -0.165404 -0.375959  0.514898   4
  1  0  0.938300 -0.005784  0.035520  0.112028   1
  1  0  0.938300 -0.206402  0.086615  0.185386   3
  1  0  0.938300  0.059272 -0.146126  0.940963   6
  1  0  0.938300 -0.256637  0.283927  0.124655   2
  1  0  0.938300  0.131408  0.261797  0.332862   5
  1  0  0.938300 -0.240589  0.004481  0.803167   4
  1  0  0.938300 -0.206850 -0.093328  0.368721   2
  1  0  0.938300  0.195548  0.066176  0.430627   5
  1  0  0.938300  0.108900  0.119540  0.221787   2
  1  0  0.938300 -0.283470 -0.088242  0.312772   3
  1  0  0.938300  0.270773  0.159874  0.450581   3
  1  0  0.938300  0.014915 -0.141224  0.174842   1
  1  0  0.938300  0.062343 -0.111531  0.295315   7
  1  0  0.938300 -0.138752  0.135604  0.966649   6
  1  0  0.938300  0.056209 -0.066897  0.172570   3
  1  0  0.938300 -0.118587  0.015409  0.511957   3
  1  0  0.938300 -0.159583 -0.007096  0.468284   5
  1  0  0.938300 -0.054189 -0.108224 -0.020092   4
  1  0  0.938300  0.396386  0.212522  0.437671   2
  1  1  0.938300 -0.286135 -0.669387  0.007781   4
  1  0  0.938300  0.138082 -0.066892  0.807185   2
  1  0  0.938300  0.132487  0.430024  0.838375   4
  1  0  0.938300  0.250328 -0.115923  0.797730   6
  1  0  0.938300 -0.406721 -0.018396  0.008937   5
  1  0  0.938300 -0.404320 -0.350045  0.259751   4
  1  0  0.938300 -0.085758  0.437935  0.608730   5
  1  0  0.938300  0.180118 -0.091094  0.385330   2
  1  0  0.938300 -0.271259 -0.108495  0.527646   2
  1  0  0.938300  0.146725  0.094749  0.642077   3
  1  0  0.938300 -0.275521  0.099023  0.528337   3
  1  0  0.938300 -0.505774 -0.086393  0.107188   3
  1  0  0.938300  0.244497  0.287379  0.689952   2
  1  0  0.938300 -0.172844 -0.008335  0.031937   1
  1  0  0.938300  0.002439 -0.006105  0.266194   3
  1  0  0.938300  0.124823 -0.191402  0.119303   2
  1  0  0.938300  0.040268  0.086581  0.092426   3
  1  0  0.938300 -0.140184 -0.050535  0.064725   1
  1  0  0.938300 -0.006029 -0.094922  0.172209   1
  1  0  0.938300  0.196491  0.061463  0.731822   3
  1  0  0.938300 -0.210712  0.361274  0.246970   2
  1  0  0.938300  0.356675  0.014467  0.759135   6
  1  0  0.938300  0.292938  0.200716  0.418221   4
  1  0  0.938300 -0.219153 -0.133813  0.612278   6
  1  0  0.938300 -0.065690 -0.036626  0.446546   3
  1  0  0.938300  0.262537 -0.085907  0.460385   4
  1  0  0.938300 -0.319514  0.393602  0.592846   4
  1  1  0.938300 -0.326542 -0.457822  0.436691   2
  1  0  0.938300 -0.063857  0.100226  0.328542   5
  1  0  0.938300 -0.100452  0.395977  0.429527   2
  1  0  0.938300  0.442867 -0.542355  0.335375   5
  1  0  0.938300  0.247577  0.110418  0.139752   2
  1  0  0.938300  0.340365 -0.098961  0.399904   3
  1  0  0.938300 -0.055992  0.058967  0.484739   4
  1  0  0.938300  0.022470  0.231259  0.483268   5
  1  0  0.938300 -0.040280  0.155128  0.266382   7
  1  0  0.938300  0.480848 -0.100533  0.727613   3
  1  0  0.938300 -0.008396 -0.014421  0.070509   1
  1  0  0.938300  0.093969 -0.278077  0.736917   3
  1  0  0.938300 -0.012337 -0.024463  0.031724   5
  1  0  0.938300  0.172142 -0.092003  0.288573   5
  1  0  0.938300  0.111829 -0.060509  0.576369   5
  1  0  0.938300  0.247072 -0.008000  0.490787   9
  1  0  0.938300 -0.062235  0.058372  0.409887  12
  1  0  0.938300 -0.134340  0.205607  0.106678   3
  1  0  0.938300  0.247895 -0.182089  0.054257   4
  1  0  0.938300  0.339405  0.179603  0.689421   7
  1  0  0.938300  0.213494 -0.149287  0.518084   5
  1  0  0.938300 -0.157433 -0.004587  0.389914   5
  1  0  0.938300 -0.067942 -0.086995  0.001513   1
  1  0  0.938300 -0.008127 -0.331454  0.565104   4
  1  0  0.938300 -0.208726  0.306213  0.424304   4
  1  0  0.938300 -0.200699  0.237030  0.518274   3
  1  0  0.938300 -0.250466 -0.265759  0.433264   4
  1  0  0.938300  0.276822  0.298449  0.335553   4
  1  0  0.938300 -0.449780  0.318947  0.277525   2
  1  0  0.938300 -0.206239 -0.267453  0.159083   5
  1  0  0.938300 -0.102286 -0.089575  0.418132   5
  1  0  0.938300 -0.165329  0.115423  0.202114   1
  1  0  0.938300  0.024756 -0.212361  0.038635   1
  1  0  0.938300  0.244052 -0.188757  0.042728   6
  1  0  0.938300 -0.127639  0.036476  0.520806   4
  1  0  0.938300 -0.180903 -0.023373  0.419373   9
  1  1  0.938300  0.214825 -0.208369  0.691077   3
  1  0  0.938300  0.262592 -0.165000  0.286576   6
  1  0  0.938300  0.317327  0.232190  0.642701   2
  1  0  0.938300  0.078718 -0.000226  0.236328   2
  1  0  0.938300 -0.193787 -0.060347 -0.094059   1
  1  0  0.938300 -0.361330 -0.138041  0.568535   3
  1  0  0.938300 -0.560288  0.224414  0.448093   4
  1  1  0.938300  0.410039 -0.006983  0.367871  -4
  1  1  0.938300 -0.112055 -0.247006  0.539490  -2
  1  1  0.938300  0.122792  0.040848  0.614423  -2
  1  1  0.938300 -0.450071  0.196126  0.597445  -3
  1  1  0.938300  0.035679 -0.027991  0.744909  -1
  1  1  0.938300 -0.004836 -0.344375  0.488622  -4
  1  1  0.938300 -0.116833 -0.350512  0.912013  -3
  1  1  0.938300  0.322479 -0.119651  0.361315  -5
  1  1  0.938300 -0.095810 -0.138018  0.492484  -2
  1  1  0.938300  0.069107  0.038342  0.713838  -1
  1  1  0.938300  0.484049  0.230498  0.357196  -3
  1  0  0.938300  0.072746 -0.478526  0.649661  -7
  1  0  0.938300  0.241276  0.249096  0.662054  -8
  1  1  0.938300 -0.014467 -0.030589  0.924930  -1
  1  1  0.938300  0.021948 -0.166067  0.618567  -4
  1  1  0.938300  0.099986 -0.111344  0.644901  -3
  1  0  0.938300 -0.040184 -0.006797  0.613909  -1
  1  1  0.938300 -0.210556  0.117078  0.730769  -2
  1  1  0.938300  0.088426 -0.011964  0.888857  -1
  1  1  0.938300 -0.200167 -0.066117  0.296384  -6
  1  1  0.938300  0.312251  0.180434  0.229498  -3
  1  1  0.938300  0.173813  0.334411  0.509520  -6
  1  1  0.938300 -0.344123  0.460667  0.750906  -2
  1  1  0.938300 -0.143728  0.136833  0.999673  -3
  1  1  0.938300 -0.038158  0.038973  0.452080  -2
  1  1  0.938300 -0.181116  0.180574  0.565263  -3
  1  0  0.938300 -0.358041 -0.388118  0.222779  -5
  1  1  0.938300  0.041813 -0.056283  0.617484  -2
  1  1  0.938300  0.158233  0.575812  0.281528  -4
  1  1  0.938300  0.060235  0.074525  0.520396  -5
  1  1  0.938300 -0.210443  0.150983  0.203705  -4
  1  1  0.938300  0.368376  0.089765  1.038776  -5
  1  1  0.938300  0.139641 -0.258609  0.431067  -6
  1  1  0.938300 -0.254892  0.037924  0.400886  -7
  1  1  0.938300 -0.170309  0.389843  0.941358  -6
  1  1  0.938300  0.233589 -0.076797  0.954027  -1
  1  0  0.938300 -0.678741 -0.152869  1.105470  -3
  1  1  0.938300  0.607708  0.062858  0.315309  -5
  1  1  0.938300 -0.277744 -0.327874  0.338104  -4
  1  1  0.938300 -0.058208 -0.205261  0.831362  -2
  1  1  0.938300 -0.023461  0.144817  0.924095  -1
  1  1  0.938300  0.018964  0.082990 -0.160626  -4
  1  1  0.938300  0.077735 -0.195339  0.554584  -3
  1  0  0.938300 -0.046392  0.038071  0.078342  -6
  1  1  0.938300 -0.340152  0.435476  0.355075  -4
  1  1  0.938300 -0.068294  0.146175  0.933321  -1
  1  1  0.938300  0.076040  0.153184  0.707774  -2
  1  1  0.938300  0.213590 -0.112806  0.949410  -1
  1  1  0.938300 -0.300212 -0.215268  0.435218  -3
  1  1  0.938300  0.293177 -0.087354  0.594678  -3
  1  1  0.938300 -0.487748  0.007005  0.225196  -6
  1  1  0.938300 -0.233951  0.103858  0.981032  -2
  1  1  0.938300  0.213073  0.436058  0.300506  -3
  1  1  0.938300  0.257249  0.228437  0.831104  -2
  1  1  0.938300 -0.239258  0.205680  0.121851  -3
  1  1  0.938300  0.128076  0.111959  0.561062  -3
  1  1  0.938300  0.073493 -0.189216  0.142422  -6
  1  1  0.938300  0.480792 -0.378488  0.154533  -5
  1  0  0.938300  0.204661  0.012547  0.220610  -3
  1  0  0.938300  0.015746  0.238416  1.498654  -3
  1  1  0.938300  0.290717 -0.014701  0.292464  -4
  1  1  0.938300 -0.310777  0.143527 -0.058604  -2
  1  1  0.938300 -0.047575 -0.030674  0.216263 -10
  1  1  0.938300  0.347796 -0.512869  0.292108  -3
  1  1  0.938300  0.287096  0.185585  0.650071  -2
  1  1  0.938300  0.225540  0.237563  0.131565  -6
  1  1  0.938300 -0.533047 -0.270038  0.922244  -4
  1  1  0.938300 -0.103872 -0.032819  0.240057  -4
  1  1  0.938300  0.339476  0.028732  0.510075  -6
  1  1  0.938300  0.215314  0.493644  0.577065  -2
  1  1  0.938300  0.142661 -0.282417  0.675272  -5
  1  1  0.938300 -0.314012  0.240873  0.750979  -3
  1  1  0.938300 -0.514326 -0.389026  0.123791  -7
  1  1  0.938300  0.125189 -0.003788  0.630490  -1
  1  0  0.938300  0.023877  0.274579  0.521369  -3
  1  1  0.938300 -0.237943  0.424220  0.830649  -3
  1  1  0.938300  0.235431 -0.100751  1.007005  -1
  1  1  0.938300  0.018775 -0.063044  0.377922  -2
  1  1  0.938300  0.108833 -0.270883  0.352793  -3
  1  0  0.938300 -0.299261 -0.222428  0.739051  -3
  1  0  0.938300 -0.079018  0.034556  0.883553  -1
  1  0  0.938300  0.241411  0.113140  0.478235  -5
  1  0  0.938300 -0.133808 -0.072762  0.460922  -3
  1  0  0.938300  0.103288  0.043074  0.623865  -1
  1  0  0.938300  0.033940  0.059867  1.124975  -1
  1  0  0.938300  0.214573  0.220344  0.507998  -3
  1  0  0.938300 -0.010827  0.354151  0.304644  -3
  1  0  0.938300 -0.064734  0.047471  0.591721  -1
  1  0  0.938300  0.249540  0.191138  0.260181  -5
  1  0  0.938300 -0.398061  0.209484 -0.237673  -4
  1  0  0.938300 -0.190310  0.127082  0.543535  -2
  1  0  0.938300 -0.091790  0.133280  0.695925  -1
  1  0  0.938300  0.038483 -0.218132  0.591653  -3
  1  0  0.938300 -0.297176 -0.049432  0.532227  -3
  1  0  0.938300 -0.207453 -0.104332  0.536297  -2
  1  1  0.938300  0.193497 -0.071135  0.126977  -6
  1  0  0.938300 -0.164304  0.108107  0.656286  -2
  1  0  0.938300  0.238619 -0.027177  0.327364  -4
  1  0  0.938300  0.105276 -0.074449  0.849985  -1
  1  0  0.938300 -0.067067  0.077931  1.188452  -3
  1  1  0.938300  0.164843  0.094470  0.477171  -5
  1  0  0.938300  0.044290  0.045432  0.680651  -1
  1  0  0.938300 -0.121435  0.157270  1.021479  -5
  1  0  0.938300  0.089412 -0.319936  0.401341  -4
  1  0  0.938300 -0.171849  0.202670  0.505555  -4
  1  0  0.938300 -0.042604  0.035449  0.312792  -2
  1  0  0.938300  0.096309  0.249390  0.390828  -2
  1  0  0.938300  0.031087 -0.213352  1.029326  -1
  1  0  0.938300  0.331520  0.180841  0.423179  -2
  1  0  0.938300 -0.137505 -0.286321  0.482739  -4
  1  0  0.938300  0.331430  0.219240  0.464500  -3
  1  0  0.938300  0.248339 -0.453033  0.782067  -2
  1  0  0.938300 -0.118606  0.231430  0.478351  -2
  1  0  0.938300  0.081511  0.075430  0.570161  -2
  1  0  0.938300 -0.497872  0.029980  0.666953  -3
  1  1  0.938300 -0.058167  0.128806  0.270226  -6
  1  0  0.938300 -0.055831 -0.000578  0.462372  -4
  1  0  0.938300  0.436786 -0.200740  0.443691  -3
  1  0  0.938300  0.078062  0.132030  0.409781  -2
  1  0  0.938300 -0.469124 -0.191910  0.555065  -6
  1  0  0.938300 -0.082194  0.101803  0.097581  -2
  1  0  0.938300 -0.358008 -0.078443  0.250731  -5
  1  0  0.938300 -0.196591  0.006705  0.397619  -4
  1  0  0.938300  0.102662 -0.314544  1.016730  -3
  1  0  0.938300 -0.047200 -0.093408  0.482656  -2
  1  0  0.938300  0.262634  0.028811  0.251252  -5
  1  0  0.938300  0.216220  0.479164  0.536751  -5
  1  1  0.938300  0.114336 -0.007506  0.063965  -4
  1  1  0.938300  0.164056  0.286438  0.745873  -3
  1  0  0.938300  0.014487  0.116894  0.404977  -2
  1  1  0.938300 -0.017103  0.079149  0.275530  -5
  1  0  0.938300 -0.184947  0.006167  0.748132  -5
  1  0  0.938300  0.280760 -0.063340  0.084656 -12
  1  0  0.938300 -0.377861 -0.220027  0.468949  -3
  1  0  0.938300 -0.330342 -0.134195  0.320748  -6
  1  0  0.938300  0.060536 -0.135787  0.639399  -2
  1  0  0.938300  0.312976 -0.147200  0.215515  -5
  1  0  0.938300 -0.361382 -0.398948  0.477481  -7
  1  0  0.938300  0.208641 -0.229177  0.396772  -2
  1  0  0.938300 -0.026890 -0.231462  0.719778  -4
  1  0  0.938300 -0.038520  0.071705  0.491086  -7
  1  0  0.938300 -0.119659 -0.012844  0.441861  -4
  1  0  0.938300 -0.019761  0.076403  1.010289  -1
  1  0  0.938300  0.106583  0.200561  0.373901  -3
  1  0  0.938300 -0.194969 -0.431426  0.319657  -5
  1  0  0.938300  0.108605 -0.079441  1.046283  -3
  1  1  0.938300  0.149157 -0.182629  0.407171  -5
  1  0  0.938300 -0.159626  0.679753  0.071517  -3
  1  0  0.938300  0.126766  0.196071  0.739313  -5
  1  0  0.938300 -0.010223 -0.345815  1.093171  -3
  1  0  0.938300 -0.154857 -0.063797  1.072958  -1
  1  1  0.938300 -0.187127 -0.250108  0.458231  -2
  1  0  0.938300  0.342143  0.596254  0.281888  -7
  1  0  0.938300 -0.364854  0.028397  0.503492  -5
  1  0  0.938300  0.177036  0.247022  0.471424  -4
  1  0  0.938300  0.004011  0.161208  0.179321  -2
  1  0  0.938300  0.509491 -0.112223  0.276318  -3
  1  1  0.938300  0.014405  0.001070  0.300511 -11
  1  0  0.938300  0.155241  0.017989  1.024114  -7
  1  0  0.938300 -0.379146  0.351251  0.058472  -4
  1  0  0.938300  0.021846  0.069757  0.193791  -3
  1  0  0.938300  0.154225 -0.042866  0.674372  -6
  1  0  0.938300 -0.055632  0.279752  0.889703  -3
  1  0  0.938300  0.143306 -0.344632  0.964066  -4
  1  0  0.938300 -0.038149 -0.416377  0.570135  -2
  1  0  0.938300 -0.017782 -0.249640  0.286281  -2
  1  0  0.938300  0.009052  0.509131  0.301703  -3
  1  0  0.938300  0.069943  0.040233  1.051439  -1
  1  0  0.938300 -0.217035  0.084061  1.054450  -7
  1  0  0.938300  0.092979 -0.223291  0.024522  -4
  1  0  0.938300  0.029059  0.022185  0.176316  -7
  1  0  0.938300 -0.158942 -0.227287  0.943289  -4
  1  0  0.938300 -0.281997  0.159493  0.449865  -6
  1  0  0.938300 -0.032034  0.154953  0.584597  -4
  1  1  0.938300 -0.034717  1.009099  0.928314  -2
  1  0  0.938300 -0.038800 -0.299789  0.307015  -4
  1  0  0.938300 -0.204097 -0.151190  0.597532  -5
  1  0  0.938300  0.169761  0.282481  0.275128  -3
  1  0  0.938300 -0.319701 -0.252500  0.248595  -2
  1  0  0.938300 -0.236697  0.036331  0.526217  -7
  1  0  0.938300 -0.155974 -0.070231  0.236903  -6
  1  0  0.938300 -0.208828  0.543066  0.365150  -3
  1  0  0.938300  0.407872 -0.094022 -0.002856  -5
  1  0  0.938300  0.210161  0.139179  0.412884  -3
  1  0  0.938300 -0.101888 -0.075517  0.504975  -2
  1  0  0.938300  0.194118  0.318389  0.293559  -6
  1  0  0.938300  0.233267  0.098175  1.119603  -1
  1  0  0.938300 -0.087366  0.196635  0.333597  -2
  1  0  0.938300 -0.054411 -0.007736  0.810643  -1
  1  0  0.938300 -0.216429  0.135331  0.940108  -4
  1  1  0.938300 -0.073646  0.146719  0.370382  -2
  1  0  0.938300  0.467584 -0.227157  0.427797  -2
  1  0  0.938300  0.148491 -0.230814  0.123030  -6
  1  0  0.938300  0.202768 -0.025320 -0.037981  -2
  1  0  0.938300 -0.062522  0.068755  0.987107  -1
  1  0  0.938300 -0.048480  0.452264  0.792826  -2
  1  0  0.938300  0.070756 -0.241379  0.360611  -4