  1  1  0.938300  0.485011 -0.180991  0.792145   7
  1  1  0.938300  0.208522  0.051566  0.394769   3
  1  1  0.938300  0.376955  0.497747  0.189016   2
  1  1  0.938300  0.053500  0.278677  0.681216   2
  1  0  0.938300  0.192347 -0.402133  0.239689   5
  1  1  0.938300  0.043625  0.285654  0.364139   2
  1  1  0.938300 -0.145894  0.072411  0.274590   3
  1  1  0.938300  0.249712  0.016355  0.820047   8
  1  1  0.938300 -0.024865 -0.442632  0.790882   4
  1  1  0.938300  0.032739 -0.216020  0.623022   4
  1  1  0.938300  0.195009 -0.293524 -0.172780   2
  1  1  0.938300 -0.195794  0.114375  0.170654   3
  1  1  0.938300  0.113449  0.200275  0.840895   5
  1  1  0.938300  0.528481 -0.077306  0.344691   3
  1  1  0.938300 -0.177398  0.143195  0.104601   1
  1  1  0.938300  0.170949 -0.850021  0.990867   3
  1  1  0.938300 -0.401890 -0.213136  0.398096   4
  1  0  0.938300 -0.293197  0.171936  0.770718  13
  1  1  0.938300  0.244520 -0.108831  0.369828   2
  1  1  0.938300  0.231107  0.104964  0.094097   1
  1  1  0.938300  0.331003  0.111932  0.001627   7
  1  1  0.938300  0.141708 -0.319140  0.037845   5
  1  1  0.938300  0.026306  0.185287  0.296176   2
  1  1  0.938300  0.092477 -0.145348  0.292273  10
  1  1  0.938300  0.005482  0.032601  0.096648   5
  1  1  0.938300 -0.036237 -0.329101  0.333104   5
  1  1  0.938300  0.340833  0.473974  0.825413   2
  1  1  0.938300  0.235440 -0.262439  0.327363   3
  1  0  0.938300  0.157097  0.309570  0.523257   3
  1  1  0.938300 -0.240687 -0.069585  0.489426   4
  1  1  0.938300  0.294681  0.260111  0.535141   7
  1  1  0.938300 -0.219464  0.307949  0.775081  12
  1  1  0.938300  0.201397  0.025201  1.003730   3
  1  1  0.938300 -0.208086  0.149880  0.070516   4
  1  1  0.938300 -0.263936 -0.141443  0.493735   2
  1  1  0.938300 -0.203055  0.025296  0.171584   1
  1  1  0.938300 -0.104401  0.096409  0.621709   2
  1  1  0.938300  0.138140 -0.195313  0.245052   4
  1  1  0.938300  0.150269 -0.007922  0.558200   3
  1  1  0.938300 -0.206799  0.119139  0.196403   6
  1  1  0.938300  0.330125  0.022747  0.528145   4
  1  1  0.938300  0.006569  0.266780  0.596631   3
  1  1  0.938300 -0.083249 -0.300774  0.523706   3
  1  1  0.938300 -0.180647  0.074788  0.658056   5
  1  1  0.938300  0.160984 -0.015732  0.794864   7
  1  1  0.938300  0.482992  0.363161  0.468682   4
  1  1  0.938300 -0.330447  0.334865  0.684298   4
  1  1  0.938300 -0.132581  0.096109  0.000009   1
  1  1  0.938300 -0.166317  0.062404  0.940629   5
  1  0  0.938300  0.011133  0.348309  0.503352   6
  1  0  0.938300 -0.141503  0.232952  0.243993   2
  1  1  0.938300  0.217518  0.050613  0.791238   6
  1  0  0.938300 -0.223568 -0.361809  0.219518   1
  1  1  0.938300  0.364830  0.466951  0.565678   3
  1  1  0.938300 -0.192814  0.462195  0.030676   3
  1  1  0.938300  0.121152  0.574074  0.772721   3
  1  1  0.938300 -0.153558 -0.089434  0.191653   4
  1  1  0.938300  0.317034 -0.012998  0.579732   2
  1  1  0.938300  0.077823 -0.060985  0.910652   7
  1  1  0.938300 -0.275924  0.023397  0.162864   4
  1  1  0.938300  0.253953 -0.482217  0.363643   3
  1  1  0.938300 -0.059652 -0.287994  0.235587   5
  1  1  0.938300 -0.196862  0.169069  0.257564   2
  1  1  0.938300 -0.127466 -0.227112  0.658996   5
  1  0  0.938300 -0.327192  0.022899  0.471317   2
  1  1  0.938300 -0.388621  0.277459  0.738109   3
  1  0  0.938300  0.123334  0.319602  0.403400   4
  1  1  0.938300  0.035414  0.088631  0.994461   4
  1  1  0.938300  0.043522 -0.332804  0.462705   4
  1  1  0.938300  0.127364 -0.158378  0.423000   4
  1  1  0.938300  0.173832  0.294401 -0.120001   2
  1  0  0.938300 -0.346111 -0.356557  0.347119   8
  1  1  0.938300 -0.016704  0.045386  0.254118   5
  1  1  0.938300  0.175050  0.323569  0.100638   8
  1  1  0.938300 -0.152910 -0.189959  0.701769   3
  1  1  0.938300  0.025529 -0.495003  0.420459   3
  1  1  0.938300 -0.296405  0.126372  0.415392   4
  1  1  0.938300 -0.805280 -0.376441  0.392948   2
  1  0  0.938300  0.324236 -0.111086  0.490057   3
  1  0  0.938300 -0.437129  0.154098  0.552101   4
  1  0  0.938300  0.243001 -0.098956  0.045501   4
  1  0  0.938300  0.151472  0.109598  0.119907   1
  1  0  0.938300  0.120358 -0.498087  0.628517   4
  1  0  0.938300  0.033059  0.180046  0.044819  14
  1  0  0.938300  0.362472 -0.212577  0.371937   6
  1  0  0.938300 -0.166033  0.028261  0.593784   6
  1  0  0.938300 -0.101802 -0.130438  0.348313   3
  1  0  0.938300  0.052952 -0.185657  0.642770   3
  1  0  0.938300  0.118074  0.271570  0.436960   3
  1  0  0.938300 -0.346505  0.017451 -0.228050   1
  1  0  0.938300 -0.025347 -0.019449  0.471841   4
  1  1  0.938300 -0.428095 -0.036588  0.159614   5
  1  1  0.938300 -0.704275 -0.103164  0.062970   5
  1  0  0.938300 -0.140903 -0.049746  0.856025   6
  1  0  0.938300 -0.149006 -0.144365  0.837713   4
  1  0  0.938300  0.322448 -0.324428  0.698197   4
  1  0  0.938300 -0.107579  0.017631  0.713825   3
  1  0  0.938300  0.299313 -0.659724  1.011636   7
  1  0  0.938300 -0.083237 -0.177622  0.521694   3
  1  0  0.938300  0.127477  0.378222  0.417495   4
  1  0  0.938300  0.145904  0.160265  0.462132   5
  1  0  0.938300  0.270265  0.175404  0.134667   9
  1  0  0.938300 -0.073573  0.133931  0.253932   2
  1  0  0.938300  0.266234  0.243133  0.356973   2
  1  0  0.938300  0.438262  0.064152  0.333484   6
  1  0  0.938300  0.039905  0.079847  0.221499   2
  1  0  0.938300 -0.527562  0.077913  0.673127   3
  1  0  0.938300 -0.112090  0.304925 -0.246045   3
  1  0  0.938300  0.061860 -0.071545  0.638768   2
  1  0  0.938300 -0.343482  0.403506  0.393716   5
  1  1  0.938300 -0.546010 -0.176388  0.368485   7
  1  0  0.938300 -0.455054  0.063687  0.783769   4
  1  0  0.938300 -0.725188  0.262878  0.685869   5
  1  0  0.938300 -0.116959 -0.081896  0.511504   3
  1  0  0.938300 -0.519921 -0.017951  0.408400   5
  1  0  0.938300 -0.620412 -0.053425 -0.093478   3
  1  0  0.938300  0.144370 -0.069841  0.140266   4
  1  1  0.938300 -0.160430  0.028477  0.216107   3
  1  1  0.938300 -0.092385  0.352956  0.607383   4
  1  0  0.938300  0.035884 -0.220722  0.094980   7
  1  0  0.938300 -0.068787  0.104539  0.008539   4
  1  0  0.938300 -0.324234  0.071380  0.008739   3
  1  0  0.938300 -0.307496 -0.208676  0.326200   6
  1  0  0.938300 -0.122815  0.317706  0.165345   3
  1  0  0.938300 -0.364610 -0.180923  0.222951   5
  1  0  0.938300 -0.531749 -0.366592  0.692776   7
  1  0  0.938300 -0.290631  0.160110  0.195754   6
  1  0  0.938300  0.257058  0.308112  0.324013   5
  1  0  0.938300  0.009695  0.591986  0.338332   3
  1  0  0.938300 -0.405612  0.036250  0.561535   3
  1  1  0.938300  0.129071  0.461283  0.339801   6
  1  0  0.938300  0.167528  0.255124  0.495697   6
  1  0  0.938300 -0.043634 -0.037949  0.150858   4
  1  0  0.938300  0.544666 -0.596710  1.495372   2
  1  0  0.938300  0.404487  0.030185  0.439486   5
  1  0  0.938300 -0.020133  0.427227  0.397863   3
  1  0  0.938300 -0.041397 -0.051453  0.621186   4
  1  0  0.938300  0.317009  0.094865  0.408093   2
  1  0  0.938300 -0.145413  0.190174  0.217332   2
  1  1  0.938300 -0.011617  0.027404  0.398236   9
  1  0  0.938300 -0.004301 -0.088359  0.490441   5
  1  0  0.938300 -0.057441 -0.043781  0.105718   3
  1  0  0.938300 -0.029324 -0.187715  0.789447   4
  1  0  0.938300 -0.072245 -0.255983  0.234122   9
  1  0  0.938300 -0.072080 -0.204619  0.902628   5
  1  0  0.938300 -0.064583  0.270513  0.898666   3
  1  0  0.938300 -0.000236 -0.056481  0.455468   4
  1  0  0.938300  0.323450  0.163153  0.573283   6
  1  0  0.938300  0.132084 -0.035230  0.322138   8
  1  0  0.938300  0.216214  0.047797  0.085496   5
  1  0  0.938300  0.051032  0.244512  0.886117   4
  1  0  0.938300  0.101841 -0.167740  0.325922   2
  1  0  0.938300  0.088029  0.446776  0.188348   3
  1  0  0.938300 -0.062387  0.417702  0.803683   2
  1  0  0.938300 -0.279186 -0.293304  0.058815   3
  1  0  0.938300  0.212207  0.183844  0.194333   1
  1  0  0.938300  0.141920  0.455995  0.638778   5
  1  1  0.938300 -0.605815 -0.365735  0.687663   4
  1  0  0.938300  0.306747 -0.531045  0.422513   4
  1  0  0.938300 -0.109790 -0.156689 -0.183611   2
  1  0  0.938300  0.143594 -0.103533  0.110539   2
  1  0  0.938300  0.202206  0.289138  0.320668   3
  1  0  0.938300 -0.016095  0.123681  0.170229   2
  1  0  0.938300 -0.093429  0.220316  0.273417   4
  1  0  0.938300  0.198425 -0.085448  0.290369   3
  1  0  0.938300 -0.208255  0.378305  0.453895   3
  1  0  0.938300  0.162669 -0.036967  0.472496   7
  1  1  0.938300  0.358409  0.385215  0.703202   7
  1  0  0.938300  0.093232  0.001900  0.081308   6
  1  0  0.938300  0.117751 -0.167949  0.193253   4
  1  0  0.938300 -0.084158  0.298894  0.573374  10
  1  1  0.938300 -0.402500  0.216011  0.580385   7
  1  0  0.938300 -0.050398 -0.224506  0.951832   7
  1  0  0.938300 -0.203371 -0.116108  0.558581   6
  1  0  0.938300  0.403760  0.192404  0.602167   3
  1  0  0.938300 -0.361345 -0.220030  0.327268   2
  1  0  0.938300 -0.068943 -0.165685  0.354649   2
  1  0  0.938300 -0.268964  0.257874  0.541234   2
  1  0  0.938300 -0.192869 -0.153603  0.162509   2
  1  0  0.938300  0.347568  0.057717  0.409604   7
  1  0  0.938300  0.189030 -0.019104  0.349493   7
  1  0  0.938300  0.278869 -0.067471  0.523992   5
  1  0  0.938300  0.127463 -0.173983  0.082721   1
  1  0  0.938300 -0.129391 -0.158871  0.162975   3
  1  0  0.938300  0.246932 -0.054336  0.466628   5
  1  0  0.938300  0.057361 -0.023454  0.276110   4
  1  0  0.938300 -0.120066  0.172094  0.218933   3
  1  0  0.938300  0.314074  0.571952  0.528251   2
  1  0  0.938300 -0.435216  0.465553  0.403818   4
  1  0  0.938300  0.189605 -0.259502  0.260609   3
  1  0  0.938300  0.214235 -0.087909  0.040061   3
  1  0  0.938300  0.269602 -0.042937  0.526611   2
  1  0  0.938300 -0.059695  0.001922  0.461245   7
  1  0  0.938300  0.377136 -0.092157  0.401290   6
  1  0  0.938300  0.193592  0.239134  0.064810   7
  1  0  0.938300  0.316355 -0.059555  0.587488   5
  1  0  0.938300 -0.015615  0.020779 -0.000921   2
  1  1  0.938300 -0.563692 -0.125208  0.838768  -2
  1  1  0.938300  0.343179 -0.465830  0.496536  -3
  1  0  0.938300  0.229516  0.070081  1.095079  -7
  1  1  0.938300  0.425004  0.108609  0.507706  -4
  1  1  0.938300 -0.223731  0.337580  0.322165  -7
  1  1  0.938300  0.071070  0.073965  0.016508  -8
  1  1  0.938300  0.102231 -0.014037  1.105924  -1
  1  1  0.938300 -0.584488  0.032114  0.764280  -3
  1  1  0.938300  0.025030 -0.213962  0.353402  -3
  1  1  0.938300  0.247768 -0.014777  0.737453  -1
  1  1  0.938300 -0.295560 -0.063785  0.192214  -3
  1  1  0.938300 -0.016322  0.007510  0.468114  -2
  1  1  0.938300  0.233038 -0.145398  0.778131  -3
  1  1  0.938300  0.163101  0.186843  0.570678  -6
  1  1  0.938300  0.442432 -0.042857  0.755474  -2
  1  1  0.938300  0.093926  0.124583  0.654948  -1
  1  1  0.938300  0.249601 -0.206288  0.957011  -5
  1  1  0.938300  0.314677 -0.141136  1.048786  -2
  1  1  0.938300  0.544580 -0.302526  0.696493  -2
  1  1  0.938300  0.310839 -0.208469  0.304477  -5
  1  1  0.938300 -0.380845 -0.021112  0.946340 -11
  1  0  0.938300  0.146362 -0.136420  0.610123  -7
  1  1  0.938300 -0.135270  0.097128  1.014816  -1
  1  1  0.938300  0.218514  0.040808 -0.095349  -2
  1  1  0.938300  0.028802 -0.362777  0.234700  -3
  1  1  0.938300  0.486044 -0.150158  0.905059  -4
  1  1  0.938300  0.312690 -0.055681  0.981461  -5
  1  1  0.938300  0.151814  0.113284  0.776461  -5
  1  1  0.938300  0.300453 -0.137388  0.893064  -3
  1  1  0.938300  0.015584  0.439183  0.367324 -11
  1  1  0.938300  0.199642  0.275719  0.569943  -6
  1  1  0.938300  0.232518  0.395494  0.377552  -4
  1  1  0.938300 -0.263173 -0.583397  0.500842  -4
  1  1  0.938300 -0.163155 -0.117894  0.419150  -2
  1  1  0.938300 -0.035910  0.036439  0.704081  -1
  1  1  0.938300  0.173937 -0.159751  0.111277  -5
  1  1  0.938300 -0.052710 -0.491610  0.327379  -4
  1  1  0.938300  0.074007 -0.062382  0.113782  -8
  1  1  0.938300  0.238927  0.195724  0.590191  -3
  1  1  0.938300 -0.547679  0.021135  1.063204  -4
  1  1  0.938300 -0.097286 -0.500920  0.267125  -4
  1  1  0.938300 -0.239038 -0.046875  0.930453  -3
  1  1  0.938300  0.054405  0.061905  0.386015 -10
  1  1  0.938300  0.327396 -0.223576  0.822453  -3
  1  1  0.938300 -0.060811  0.253124  0.461947  -2
  1  1  0.938300 -0.034107  0.167368  0.290154  -3
  1  1  0.938300 -0.303829  0.195152 -0.043398  -2
  1  1  0.938300 -0.057403  0.121748  0.930031  -1
  1  1  0.938300  0.522571 -0.022691  0.999757  -5
  1  1  0.938300  0.052230  0.122980  0.097179  -8
  1  1  0.938300 -0.046828 -0.041680  0.169938  -7
  1  1  0.938300  0.084749  0.170542  0.961886  -1
  1  1  0.938300 -0.319200 -0.195678  0.058768  -3
  1  1  0.938300  0.069061  0.222071  0.581406  -4
  1  1  0.938300  0.274301 -0.005234  0.627751  -5
  1  1  0.938300  0.109248 -0.333911  0.591079  -4
  1  1  0.938300 -0.267678  0.128012  0.582206  -2
  1  1  0.938300 -0.081922 -0.287478  0.721174  -2
  1  1  0.938300 -0.035719  0.330396 -0.305907  -7
  1  1  0.938300 -0.148517 -0.041034  0.277582  -2
  1  1  0.938300 -0.305812 -0.533750  0.846867  -4
  1  1  0.938300 -0.004678  0.099797  1.108348  -2
  1  0  0.938300  0.473790 -0.466385  1.098091  -3
  1  1  0.938300 -0.110596  0.205175  0.321080  -3
  1  1  0.938300 -0.135953 -0.131309  0.325116  -6
  1  1  0.938300 -0.084675 -0.092604  0.234185  -4
  1  1  0.938300 -0.183024  0.106830  0.441037 -10
  1  1  0.938300  0.075335 -0.113929  0.468631  -4
  1  1  0.938300 -0.111701 -0.269997  0.754955  -3
  1  1  0.938300 -0.278030  0.085381  0.872150  -8
  1  1  0.938300 -0.039983 -0.191159  0.512812  -3
  1  1  0.938300 -0.123258  0.288505  0.118632  -3
  1  1  0.938300  0.150049  0.032297  0.230444  -6
  1  1  0.938300 -0.247696 -0.416014  0.546463  -2
  1  1  0.938300  0.226896  0.033475  0.424104  -4
  1  1  0.938300  0.386544  0.271481  0.241425  -2
  1  1  0.938300 -0.298105  0.136805  0.359202  -2
  1  1  0.938300  0.069023  0.493937  0.032567  -5
  1  1  0.938300  0.274251 -0.213241  0.354704  -4
  1  0  0.938300 -0.124773 -0.764801  0.342797  -2
  1  0  0.938300  0.335721 -0.055182  0.606462  -9
  1  0  0.938300  0.129400 -0.022995  0.768700  -2
  1  0  0.938300  0.004002 -0.114743  0.747583  -3
  1  0  0.938300 -0.017865 -0.146092  0.523983  -2
  1  0  0.938300  0.300773  0.068892  0.199403  -4
  1  0  0.938300  0.230567  0.037907  0.595474  -2
  1  0  0.938300 -0.170222 -0.037346  0.531116  -2
  1  0  0.938300  0.017641 -0.086494  0.695841  -8
  1  0  0.938300 -0.067526 -0.089251  0.124567  -8
  1  0  0.938300 -0.107693 -0.077608  0.581861  -3
  1  0  0.938300  0.200357 -0.273060  0.384994  -5
  1  0  0.938300 -0.293793 -0.089698  0.304853  -9
  1  0  0.938300 -0.060786 -0.001863  0.270612  -2
  1  0  0.938300 -0.392040 -0.126763  0.328786  -3
  1  0  0.938300  0.231357 -0.226279  0.874085  -2
  1  0  0.938300  0.162899  0.044823  0.575670  -4
  1  0  0.938300  0.054157 -0.190700  0.055983  -3
  1  0  0.938300  0.006966 -0.096915  0.438305  -5
  1  0  0.938300 -0.147975 -0.309160  0.192052  -5
  1  0  0.938300  0.006648 -0.134371  0.918814  -2
  1  0  0.938300 -0.359481 -0.249946  0.426837  -3
  1  0  0.938300  0.277329  0.203701  0.876085  -5
  1  0  0.938300  0.049546  0.348570  0.292890  -5
  1  0  0.938300 -0.073378 -0.194385  0.868303  -1
  1  0  0.938300  0.011660  0.189801  0.040562  -6
  1  0  0.938300 -0.449781 -0.174183  0.610194  -3
  1  0  0.938300 -0.246075 -0.283068  0.303936  -3
  1  0  0.938300  0.027901 -0.131604  0.124530  -7
  1  0  0.938300 -0.099269 -0.332515  0.878299  -2
  1  0  0.938300 -0.366305  0.345640  0.336431  -7
  1  0  0.938300 -0.001402 -0.186610  0.271435  -5
  1  0  0.938300  0.350303  0.111805  0.623049  -4
  1  0  0.938300  0.436964 -0.038762  0.912377  -2
  1  0  0.938300  0.155558 -0.368931  0.617618  -3
  1  0  0.938300 -0.074119 -0.353173  0.850818  -2
  1  0  0.938300  0.025862  0.415960  0.770752  -3
  1  0  0.938300 -0.072557  0.140165  0.222240  -8
  1  0  0.938300 -0.129182 -0.158148  1.154377  -2
  1  0  0.938300  0.116389 -0.100879  0.238398  -5
  1  0  0.938300 -0.392511 -0.220732  0.735219  -2
  1  0  0.938300  0.040037  0.034939  0.570831  -1
  1  0  0.938300 -0.129123  0.007128  0.581418  -1
  1  0  0.938300  0.107361  0.032793  0.393698  -8
  1  0  0.938300 -0.154395 -0.139696  0.116520  -3
  1  0  0.938300  0.031898  0.128200  0.755666  -1
  1  0  0.938300 -0.071211 -0.103597 -0.007643  -3
  1  0  0.938300  0.267065  0.294603  0.226199  -7
  1  0  0.938300 -0.152335 -0.132016  0.460649  -6
  1  0  0.938300 -0.206392  0.126919  0.652761  -2
  1  0  0.938300 -0.127861  0.348076  0.751834  -7
  1  0  0.938300  0.071352 -0.120486  0.229252  -5
  1  0  0.938300 -0.228328 -0.242365  0.587922  -3
  1  0  0.938300  0.360560 -0.100786  0.209310  -5
  1  0  0.938300  0.199498 -0.055985  0.078652  -4
  1  0  0.938300 -0.228667  0.074977  0.349706  -3
  1  0  0.938300  0.231499  0.002909  0.743932  -1
  1  0  0.938300 -0.060754  0.453711  0.206988  -4
  1  0  0.938300  0.522195 -0.229950  0.556197  -5
  1  0  0.938300  0.087167  0.259767  0.207049  -4
  1  1  0.938300 -0.188824  0.027042  0.474627  -6
  1  0  0.938300 -0.060771  0.261464  0.289358  -5
  1  1  0.938300  0.195660 -0.305244  0.543087  -3
  1  0  0.938300 -0.137359  0.295135  0.717858  -2
  1  1  0.938300  0.083116 -0.255952  0.152246  -2
  1  0  0.938300 -0.037433 -0.090260  1.099960  -1
  1  1  0.938300 -0.317236 -0.339920  0.318385  -9
  1  1  0.938300 -0.173443  0.068339  0.923728  -2
  1  0  0.938300  0.254362  0.227602  0.178227  -8
  1  0  0.938300 -0.107950 -0.170523  0.154220  -5
  1  0  0.938300  0.120733 -0.108970  0.094939  -5
  1  1  0.938300 -0.068813 -0.290873  0.665269  -3
  1  0  0.938300  0.322654 -0.299217  0.739574  -4
  1  0  0.938300 -0.012863 -0.167158  0.732995  -5
  1  0  0.938300  0.093320  0.065780  0.500852 -10
  1  0  0.938300 -0.015046  0.153089  0.806674  -1
  1  0  0.938300 -0.291456  0.360726  0.666142  -3
  1  0  0.938300 -0.213054 -0.315791  0.574666  -2
  1  0  0.938300  0.278297 -0.055731  1.035016  -7
  1  0  0.938300 -0.038780 -0.102679  0.196163  -8
  1  0  0.938300 -0.379583 -0.430606  1.122623  -2
  1  0  0.938300  0.073028  0.229098  0.898566  -3
  1  0  0.938300 -0.421650  0.450344  0.543085  -5
  1  0  0.938300 -0.152484  0.151652  0.968035  -1
  1  0  0.938300 -0.004012 -0.112156  0.575100  -2
  1  0  0.938300  0.067088  0.274719  0.995505  -2
  1  0  0.938300 -0.246353  0.013292  0.453454  -3
  1  0  0.938300 -0.163671  0.136637  0.881672  -2
  1  0  0.938300 -0.040437 -0.114625  0.673959  -5
  1  0  0.938300  0.014908  0.225095  0.438084  -4
  1  0  0.938300 -0.150090 -0.172956  0.716577  -2
  1  0  0.938300  0.045746  0.023797  0.982972  -1
  1  0  0.938300  0.065493 -0.133078  0.830494  -1
  1  0  0.938300 -0.024472  0.006015  0.611259  -1
  1  0  0.938300  0.101707  0.276777  0.645520  -2
  1  0  0.938300 -0.282283  0.301392  0.464244  -3
  1  0  0.938300  0.229180  0.071159  0.563773  -6
  1  0  0.938300  0.423234  0.061949  0.285094  -8
  1  0  0.938300 -0.147338 -0.285957  0.125279  -3
  1  0  0.938300 -0.725241 -0.105496  0.842581  -3
  1  0  0.938300 -0.056423  0.111946  0.906428  -1
  1  0  0.938300 -0.054949 -0.091013  0.944133  -1
  1  0  0.938300  0.092496  0.190429  0.237729  -5
  1  1  0.938300 -0.024683 -0.192923  0.232191  -4
  1  0  0.938300 -0.216592  0.030739  0.704355  -2
  1  0  0.938300 -0.011315  0.257743  0.656143  -2
  1  0  0.938300  0.074303 -0.068451  0.244925  -2
  1  0  0.938300 -0.054549  0.137140  0.465721  -3
  1  0  0.938300  0.164000 -0.250313  1.119933  -2
  1  0  0.938300 -0.060128  0.073778  0.391165  -5
  1  0  0.938300 -0.137907  0.276614  0.838716  -2
  1  0  0.938300 -0.790949  0.285353  0.205076  -3
  1  0  0.938300  0.241417 -0.244437  0.193771  -8
  1  0  0.938300 -0.499354 -0.492024  0.665594  -3
  1  0  0.938300  0.656185  0.089014  0.061746  -5
  1  0  0.938300 -0.056124 -0.055911  0.273237  -3
  1  0  0.938300  0.156007 -0.190234  0.461363  -6
  1  0  0.938300 -0.408034 -0.008959  0.690678  -2