  1  1  0.938300 -0.149068  0.144415  0.695444   2
  1  1  0.938300 -0.115761  0.209057  0.436772   4
  1  1  0.938300  0.273822  0.271758  0.466214   4
  1  0  0.938300 -0.098720 -0.228680  0.473209   7
  1  1  0.938300 -0.270451 -0.116179  0.286013   4
  1  1  0.938300 -0.014984  0.126234  0.071714   1
  1  1  0.938300 -0.134393  0.072869  0.267103   4
  1  1  0.938300  0.174888  0.310006  0.722386   8
  1  1  0.938300 -0.145531  0.612006  0.669168   4
  1  1  0.938300 -0.348900  0.375907  0.234433   3
  1  1  0.938300 -0.121634 -0.319646  0.753269   2
  1  0  0.938300  0.010381 -0.183620  0.257326   2
  1  1  0.938300  0.089242  0.113372 -0.044931   1
  1  0  0.938300 -0.083840 -0.197053  0.017270   5
  1  1  0.938300  0.095954 -0.312199  0.235531   4
  1  1  0.938300  0.131662 -0.012254  0.146837   3
  1  1  0.938300 -0.014925  0.225003  0.103103   2
  1  0  0.938300 -0.416174  0.366774  0.377350  11
  1  1  0.938300 -0.132451  0.416088  0.466383   3
  1  1  0.938300 -0.185871  0.011619  0.585386   4
  1  0  0.938300  0.093091 -0.261115  0.354909   6
  1  1  0.938300 -0.329358  0.271478  0.391553   7
  1  0  0.938300 -0.033583 -0.225615  0.695255   6
  1  1  0.938300  0.254426  0.122784  0.569209   3
  1  1  0.938300  0.075368  0.117815  0.252444   5
  1  1  0.938300 -0.371858  0.447719  0.773600   4
  1  1  0.938300 -0.020075  0.151376  0.595178   2
  1  1  0.938300  0.361931  0.174342  0.338272  12
  1  1  0.938300 -0.189400 -0.176878  0.397435   4
  1  1  0.938300 -0.114828  0.315298  0.621129   5
  1  1  0.938300 -0.204147 -0.210924  0.151882   4
  1  1  0.938300 -0.230896 -0.005602  0.034657   2
  1  1  0.938300 -0.021540  0.362060  0.311124   2
  1  1  0.938300  0.350162 -0.176877  0.752088   3
  1  1  0.938300  0.326332 -0.204140  0.381887   4
  1  1  0.938300 -0.592225  0.216532  0.222672   2
  1  1  0.938300  0.394975  0.132711  0.470973   5
  1  1  0.938300  0.086758 -0.114910  0.707689   3
  1  1  0.938300 -0.131321  0.135559  0.254263   2
  1  1  0.938300 -0.203612 -0.041737  0.530755   6
  1  1  0.938300  0.016222 -0.049418  0.305510   2
  1  1  0.938300 -0.129353 -0.496644  0.627899   2
  1  1  0.938300  0.190148 -0.255276  1.155528   2
  1  1  0.938300 -0.308559 -0.036862  0.365664   5
  1  1  0.938300  0.265179  0.476104  0.311668   5
  1  1  0.938300 -0.296744 -0.394844  0.391484   5
  1  1  0.938300  0.050577  0.026952  0.259742   7
  1  0  0.938300  0.488838  0.097745  0.824657   7
  1  1  0.938300  0.102670  0.277339  0.414683   3
  1  1  0.938300  0.128570 -0.014756  1.074036   4
  1  0  0.938300 -0.067356  0.354905  1.008604   4
  1  1  0.938300  0.363102 -0.149289  0.014813   1
  1  1  0.938300 -0.233247 -0.181152  0.089623   3
  1  1  0.938300  0.025013 -0.445263  0.304177   5
  1  0  0.938300  0.136798  0.130171  1.191524   7
  1  1  0.938300  0.146495  0.201887  0.359827   6
  1  1  0.938300  0.026575  0.056312  0.245984   1
  1  0  0.938300  0.232641  0.111177  0.815056   5
  1  1  0.938300  0.262616  0.194359  0.442631  10
  1  1  0.938300  0.181345 -0.192361  0.489603   3
  1  1  0.938300  0.387129  0.211847 -0.120837   4
  1  1  0.938300  0.225470 -0.382611  0.752216   4
  1  1  0.938300  0.012108 -0.111496  0.435264   2
  1  1  0.938300 -0.114864  0.124052  0.457493   2
  1  0  0.938300 -0.055124 -0.126581  1.178070   3
  1  1  0.938300  0.128997  0.294721  0.812604   6
  1  1  0.938300  0.046920 -0.043334  0.465744   5
  1  1  0.938300 -0.057621  0.017689  0.266866   7
  1  1  0.938300  0.180717 -0.090199  0.587993   5
  1  1  0.938300 -0.167630 -0.301213  0.479831   3
  1  1  0.938300 -0.057376  0.017456 -0.035732   1
  1  0  0.938300  0.240606  0.251554  0.168264   7
  1  1  0.938300 -0.114766  0.055321  0.408774   7
  1  1  0.938300 -0.282805 -0.057415  0.274799   3
  1  1  0.938300  0.016774  0.003565  0.170957   1
  1  1  0.938300 -0.182593  0.199383  0.235045   2
  1  1  0.938300  0.147736  0.224978  0.427531   3
  1  1  0.938300 -0.264704  0.146293  0.536401   3
  1  1  0.938300  0.031414 -0.052281  0.505261   5
  1  0  0.938300 -0.149614  0.059140  0.510559   2
  1  0  0.938300  0.407975 -0.164661  0.608183   2
  1  0  0.938300 -0.302676  0.424805  0.096967   9
  1  0  0.938300  0.320939 -0.245195  0.758929   5
  1  0  0.938300 -0.241192 -0.035397  0.431689   4
  1  0  0.938300 -0.137628  0.031407  1.053496   5
  1  0  0.938300  0.297900  0.386370  0.257578   3
  1  0  0.938300  0.547393 -0.183321  0.585044   2
  1  0  0.938300  0.165139 -0.293488  0.122536   2
  1  0  0.938300 -0.267222 -0.146357  0.683721   4
  1  0  0.938300  0.065320 -0.176377  0.450250   4
  1  0  0.938300 -0.130578 -0.264750 -0.062282   4
  1  0  0.938300 -0.015936  0.102482  0.574497   4
  1  0  0.938300  0.108409  0.258018  0.658167   4
  1  0  0.938300 -0.063872 -0.040595  0.285382   1
  1  1  0.938300 -0.068893 -0.148596  0.138328   4
  1  0  0.938300  0.211035  0.137986  0.128069   2
  1  1  0.938300 -0.143082  0.002132  0.069287   8
  1  0  0.938300  0.256552 -0.243327  0.303528   8
  1  0  0.938300 -0.001900  0.292147  0.322405  13
  1  1  0.938300 -0.146764 -0.226152  0.678986   2
  1  0  0.938300  0.272808 -0.227827  0.781327   5
  1  0  0.938300 -0.186921 -0.346001  0.420681   4
  1  0  0.938300 -0.010812  0.020802  0.020290   2
  1  0  0.938300  0.036900 -0.010299  0.572794   4
  1  0  0.938300 -0.092158  0.329725  0.228243   3
  1  0  0.938300 -0.284764 -0.120909  0.436023   2
  1  0  0.938300  0.243653  0.030797  0.668503   6
  1  0  0.938300 -0.099736 -0.162813  0.522591   2
  1  0  0.938300  0.069676  0.328905  0.665677   8
  1  0  0.938300 -0.115157  0.153861  0.000941   2
  1  0  0.938300  0.862536 -0.464252  0.774871   7
  1  0  0.938300 -0.181406  0.115331  0.589971   3
  1  0  0.938300 -0.273990  0.153003 -0.163011   3
  1  1  0.938300  0.127937  0.161880  0.357263   1
  1  0  0.938300  0.162065 -0.016610 -0.039485   2
  1  0  0.938300  0.266351  0.102832  0.278580   2
  1  0  0.938300  0.207078 -0.268982  0.928605   4
  1  0  0.938300  0.249168 -0.077614  0.425777   9
  1  0  0.938300 -0.290904 -0.074034  0.295219   3
  1  0  0.938300 -0.060992 -0.387636  0.437745   5
  1  0  0.938300 -0.130713  0.032948  0.112092   1
  1  0  0.938300 -0.145698  0.021690  0.085412   1
  1  1  0.938300  0.395564 -0.223960  0.857646   4
  1  0  0.938300  0.074068 -0.486222  0.300370   2
  1  0  0.938300 -0.392284 -0.249955  0.120812   4
  1  0  0.938300 -0.344358  0.022992  0.494009   2
  1  0  0.938300 -0.391622 -0.066519  0.792179   5
  1  0  0.938300  0.028278  0.226132  0.316598   3
  1  0  0.938300  0.187096 -0.039397  0.369678   6
  1  0  0.938300 -0.074292  0.258933  0.329241   3
  1  0  0.938300  0.540185 -0.055173  0.545072   2
  1  1  0.938300  0.128363  0.227462  0.480852   2
  1  0  0.938300  0.153960  0.026562  0.032832   1
  1  0  0.938300 -0.096582 -0.024016  0.845900   3
  1  0  0.938300  0.316635  0.125020  1.022484   5
  1  0  0.938300 -0.632170 -0.432968  0.565451   6
  1  0  0.938300 -0.134751  0.065092  0.147157   3
  1  0  0.938300  0.241767 -0.225535  0.598982   2
  1  0  0.938300 -0.286842 -0.172252  1.020789   3
  1  0  0.938300 -0.040048  0.431990 -0.051286   4
  1  0  0.938300 -0.017663 -0.062492  0.966349   2
  1  0  0.938300  0.185418  0.044642  0.715957   5
  1  0  0.938300  0.059266 -0.010096  0.104200   1
  1  0  0.938300  0.075505  0.392418  0.764873   4
  1  0  0.938300  0.276809 -0.038628  0.398891   4
  1  0  0.938300  0.407930  0.021765  0.236364   2
  1  0  0.938300 -0.230359  0.175115 -0.193005   3
  1  0  0.938300  0.136163 -0.039155  0.139819   5
  1  0  0.938300 -0.088758  0.201916  0.431089   4
  1  0  0.938300  0.532963  0.097213  0.207526   6
  1  0  0.938300  0.180925  0.228600  0.772812   4
  1  0  0.938300 -0.065624 -0.229179  0.207400   5
  1  0  0.938300 -0.205716  0.230792  0.207456   5
  1  0  0.938300  0.068746 -0.121848  0.377915   4
  1  0  0.938300  0.174169  0.122850  0.715746   4
  1  0  0.938300  0.368084 -0.130760 -0.009430   4
  1  0  0.938300  0.461625  0.152139 -0.061218   3
  1  0  0.938300 -0.290423 -0.006770  0.587890   4
  1  0  0.938300  0.479292 -0.498654  0.602994   3
  1  0  0.938300  0.204650 -0.189719  0.468831   3
  1  0  0.938300 -0.388174 -0.162329  0.240625   3
  1  0  0.938300 -0.124345 -0.125231  0.185187   1
  1  0  0.938300  0.225242 -0.019969  1.005836   2
  1  0  0.938300 -0.231785  0.145791  0.184047   2
  1  0  0.938300 -0.307667 -0.245015  0.832462   6
  1  0  0.938300 -0.019598  0.198423  0.367423   3
  1  0  0.938300  0.006282  0.028037  0.387981   3
  1  0  0.938300 -0.443067  0.021429  0.754911   4
  1  0  0.938300 -0.140083  0.239416  0.190410   3
  1  0  0.938300  0.019411  0.051578  0.449441   4
  1  0  0.938300 -0.026526  0.207601  0.298083   4
  1  0  0.938300 -0.213490  0.453688  0.359508   4
  1  0  0.938300  0.176919 -0.091286  0.153579   4
  1  0  0.938300 -0.481027  0.176074  0.642545   3
  1  0  0.938300 -0.186582 -0.395933 -0.033186   3
  1  0  0.938300 -0.107569 -0.070687  0.842660  10
  1  0  0.938300 -0.205544 -0.013976  0.684601   4
  1  0  0.938300  0.206854  0.276530  0.846952   6
  1  0  0.938300  0.061101 -0.076783  0.275919   4
  1  0  0.938300  0.192185  0.234600  0.323190   4
  1  0  0.938300  0.264395  0.305688  0.576909   3
  1  0  0.938300  0.154814  0.011924  0.079012   2
  1  0  0.938300  0.150039  0.265753  0.672584   6
  1  0  0.938300 -0.082400 -0.150940  0.168589   3
  1  1  0.938300 -0.085427  0.020861  0.569957   5
  1  1  0.938300  0.157224 -0.085469  0.592978   5
  1  1  0.938300  0.016717  0.301455  0.517099   5
  1  1  0.938300 -0.062829  0.408203  0.588933   6
  1  0  0.938300 -0.237197  0.366903  0.107692   4
  1  0  0.938300  0.469374 -0.241384  0.434417   6
  1  0  0.938300  0.354728  0.010979  0.334412   2
  1  0  0.938300  0.273783  0.447777  0.031637   3
  1  0  0.938300 -0.073973 -0.247221  0.091405   7
  1  0  0.938300 -0.192437 -0.043564  0.643237   9
  1  0  0.938300 -0.535805 -0.109177  0.466065   4
  1  0  0.938300  0.089595 -0.053861  0.198319   1
  1  0  0.938300  0.080251 -0.151292 -0.072623   4
  1  1  0.938300 -0.086675  0.078043  0.165905  -2
  1  1  0.938300  0.098755  0.366958  0.775411  -3
  1  1  0.938300 -0.094034  0.387749  0.767784  -3
  1  1  0.938300 -0.492222 -0.064281  0.170477  -5
  1  1  0.938300  0.068834 -0.074358  0.716670  -2
  1  1  0.938300  0.060212  0.107479  0.744159  -1
  1  1  0.938300  0.639943 -0.142118  0.496294  -5
  1  1  0.938300 -0.198172 -0.781819  0.588542  -6
  1  1  0.938300  0.465907  0.321954  0.964732  -2
  1  1  0.938300 -0.620982 -0.202153  0.462095  -3
  1  0  0.938300  0.002682 -0.153602  0.236975  -9
  1  1  0.938300 -0.006161 -0.033328  0.783364  -1
  1  1  0.938300 -0.097213 -0.212788  0.498854  -2
  1  1  0.938300 -0.012799  0.204450  0.452144  -4
  1  1  0.938300  0.157035 -0.375134  0.787288  -6
  1  1  0.938300  0.059946  0.064970  0.541342  -2
  1  1  0.938300 -0.419324  0.316455  0.722137  -4
  1  1  0.938300 -0.418279  0.278665  0.348519  -5
  1  1  0.938300  0.269118 -0.352633  0.216265  -2
  1  1  0.938300 -0.044856  0.002949  0.604119  -1
  1  1  0.938300 -0.148463 -0.008248  0.712246  -5
  1  0  0.938300  0.057040 -0.236348  0.338161  -6
  1  0  0.938300 -0.016045  0.040185  0.638434 -11
  1  1  0.938300  0.356783 -0.012644  0.730969  -3
  1  1  0.938300  0.153776  0.179220  0.101585  -2
  1  1  0.938300  0.313910  0.166243  0.735349  -4
  1  1  0.938300 -0.394582  0.402784 -0.151168  -5
  1  1  0.938300 -0.216948  0.140329  0.367891  -6
  1  1  0.938300 -0.099549 -0.133246  1.196959  -1
  1  1  0.938300 -0.149244  0.284581  0.531751  -4
  1  0  0.938300 -0.166365  0.322573 -0.067644  -3
  1  1  0.938300 -0.107296 -0.005879  0.695764  -7
  1  1  0.938300 -0.207159  0.128986  0.354391  -2
  1  0  0.938300 -0.130001 -0.340019  0.594687  -6
  1  1  0.938300  0.210390 -0.012117  0.512566  -5
  1  1  0.938300 -0.066847  0.524543  0.439472  -3
  1  1  0.938300 -0.083263  0.230880  0.855006  -3
  1  1  0.938300  0.181938 -0.201968  0.431129  -6
  1  1  0.938300  0.293653 -0.271653  1.169279  -3
  1  0  0.938300  0.344462 -0.017237  0.631405  -3
  1  1  0.938300  0.143714  0.336763  0.141114  -3
  1  1  0.938300  0.067764 -0.151988  0.529447  -7
  1  1  0.938300  0.077919 -0.104774  0.937649  -5
  1  1  0.938300  0.069077  0.147081  0.165721  -4
  1  1  0.938300 -0.032597  0.349386  0.854685  -4
  1  1  0.938300  0.024088  0.164485  0.115771  -2
  1  1  0.938300 -0.183651  0.068385  0.051043  -3
  1  1  0.938300 -0.315703  0.445996  0.493248  -4
  1  1  0.938300 -0.161167  0.121061  0.966143  -1
  1  1  0.938300 -0.098462 -0.298965  0.623601  -6
  1  0  0.938300  0.248976  0.319491  0.495972 -11
  1  1  0.938300  0.359142 -0.121605  0.668273  -2
  1  1  0.938300  0.260066  0.023305  0.427829  -5
  1  1  0.938300 -0.171760  0.269332  0.211536  -3
  1  1  0.938300 -0.135229 -0.052549  0.243386  -4
  1  1  0.938300 -0.088994 -0.099832  0.633202  -5
  1  1  0.938300  0.482950  0.057388  1.168247  -5
  1  1  0.938300 -0.243273 -0.384871  0.546833  -4
  1  1  0.938300 -0.043885  0.110455  0.899389  -1
  1  1  0.938300  0.003524  0.086132  0.293808 -11
  1  1  0.938300  0.147017 -0.136801  0.239005  -7
  1  0  0.938300 -0.086746  0.314838  0.007461  -6
  1  0  0.938300  0.173811  0.205104  0.945563  -4
  1  1  0.938300  0.182127 -0.336608  0.522843  -4
  1  1  0.938300 -0.029537 -0.279734  0.452224  -3
  1  1  0.938300  0.114672  0.055091  0.538085  -3
  1  1  0.938300 -0.118814 -0.539371  0.724340  -5
  1  1  0.938300  0.375532 -0.334553  0.962868  -3
  1  1  0.938300 -0.500860  0.019069  1.338275  -5
  1  1  0.938300 -0.648494 -0.361526  0.392939  -5
  1  1  0.938300  0.219184  0.523547  0.180438  -3
  1  1  0.938300  0.398800  0.239181  0.703875  -2
  1  1  0.938300 -0.087619  0.335628  0.289818  -4
  1  1  0.938300  0.543217  0.140145  0.742719  -4
  1  1  0.938300 -0.081141 -0.182549  0.933331  -3
  1  0  0.938300  0.319782  0.088293  0.548846  -5
  1  1  0.938300 -0.055003 -0.194461  0.939601  -4
  1  1  0.938300  0.485008 -0.282924  0.626722  -8
  1  1  0.938300  0.096679 -0.473808  0.176572  -5
  1  0  0.938300  0.039895 -0.080524  0.318203  -2
  1  0  0.938300  0.029030  0.191076  0.774540  -2
  1  0  0.938300  0.122581 -0.150897  0.386922  -4
  1  1  0.938300 -0.020187 -0.149137  0.648522  -6
  1  0  0.938300 -0.019960 -0.032787  0.833385  -2
  1  0  0.938300 -0.171855 -0.038418  0.405230  -2
  1  1  0.938300  0.008995 -0.152529  0.306122 -15
  1  1  0.938300 -0.125781  0.093454  0.664797  -2
  1  0  0.938300  0.157085  0.172175  0.603260  -2
  1  0  0.938300  0.087422 -0.013437  0.889932  -1
  1  0  0.938300 -0.018350  0.004244  0.591605  -1
  1  0  0.938300  0.021296 -0.046993  0.275963  -3
  1  0  0.938300  0.396819 -0.443659  0.247249  -2
  1  0  0.938300  0.199171 -0.221599  0.710425  -6
  1  0  0.938300 -0.017103  0.227669  0.565826  -3
  1  0  0.938300 -0.279677 -0.107860  0.592840  -6
  1  0  0.938300 -0.318448  0.090849  0.392836  -4
  1  0  0.938300 -0.502410 -0.290295  0.822979  -3
  1  0  0.938300 -0.047555 -0.200962  0.315462  -5
  1  0  0.938300 -0.000529 -0.203979  0.942751  -1
  1  0  0.938300 -0.051116 -0.217732  0.102253  -7
  1  0  0.938300  0.171968  0.179053  1.066194  -5
  1  1  0.938300  0.117296  0.251040  0.630874  -5
  1  0  0.938300 -0.168193 -0.154789  0.173441  -3
  1  0  0.938300  0.138369 -0.227978  0.514194  -2
  1  0  0.938300  0.012548 -0.287499  1.071352  -5
  1  0  0.938300  0.060917 -0.187346  0.667847  -3
  1  0  0.938300 -0.378204  0.532610 -0.073774  -2
  1  0  0.938300 -0.155374 -0.090282  0.192275  -2
  1  0  0.938300 -0.369704  0.488949  1.094653  -5
  1  0  0.938300 -0.513386 -0.100096  0.881870  -2
  1  0  0.938300 -0.346050  0.254728  0.431509  -3
  1  0  0.938300 -0.531917 -0.008324  0.476723  -3
  1  0  0.938300  0.349806 -0.200165  0.831342  -5
  1  0  0.938300 -0.070363 -0.116610  0.415937  -4
  1  0  0.938300 -0.243704  0.231657  0.092388  -4
  1  1  0.938300  0.387322  0.843823  1.117938  -8
  1  0  0.938300  0.044536 -0.281011  0.376955  -7
  1  0  0.938300  0.063696 -0.003885  0.505927  -6
  1  0  0.938300 -0.071780 -0.155121  0.332730  -5
  1  0  0.938300  0.054979  0.047085  0.574467  -7
  1  0  0.938300  0.017200 -0.107212  0.718877  -9
  1  0  0.938300  0.341453 -0.253819  0.217144  -4
  1  0  0.938300 -0.249108  0.436078  0.632331 -10
  1  0  0.938300 -0.374219  0.021726  0.816901  -4
  1  0  0.938300  0.069858  0.368782  0.538396  -5
  1  0  0.938300 -0.057074 -0.029048  0.931628  -2
  1  0  0.938300  0.181188  0.013294  0.339659  -3
  1  0  0.938300 -0.060555  0.138946  0.075662  -3
  1  1  0.938300 -0.220106 -0.208129  0.764712  -4
  1  1  0.938300 -0.220518  0.021527  0.535389  -5
  1  0  0.938300 -0.145328 -0.097286  0.225552  -2
  1  0  0.938300  0.017129  0.029869  0.161784  -5
  1  0  0.938300  0.253277  0.050347  0.372490  -4
  1  0  0.938300 -0.144482  0.046842  0.430000  -9
  1  0  0.938300  0.022155  0.085673  0.762926  -2
  1  0  0.938300  0.141656 -0.079841  0.199926  -7
  1  0  0.938300 -0.150786 -0.042475  0.731380  -8
  1  0  0.938300 -0.380448  0.399252  0.515349  -5
  1  0  0.938300 -0.036943  0.068601  0.379338  -4
  1  0  0.938300  0.087876 -0.233487  0.658398  -2
  1  0  0.938300  0.056050  0.044215 -0.009920  -5
  1  0  0.938300 -0.103401  0.342791  0.695216  -2
  1  0  0.938300  0.307338  0.243039  0.610824  -4
  1  0  0.938300  0.193700 -0.029806  0.136167  -4
  1  0  0.938300 -0.310248  0.275581  0.617717  -3
  1  1  0.938300 -0.139686 -0.299179  1.194696  -2
  1  0  0.938300  0.389851  0.510912  0.458774  -3
  1  0  0.938300 -0.234510 -0.204435  0.511650  -9
  1  0  0.938300  0.245548  0.038905  0.840353  -1
  1  0  0.938300 -0.262441  0.052921  0.976064  -2
  1  0  0.938300  0.006655 -0.009337  0.130842  -3
  1  0  0.938300  0.346408  0.131333  0.206566  -3
  1  0  0.938300  0.135998 -0.009428  0.470914  -2
  1  0  0.938300  0.026798 -0.042710  0.384628  -2
  1  1  0.938300 -0.008422 -0.309537  0.167638  -5
  1  0  0.938300 -0.210087 -0.028196  0.656970  -2
  1  0  0.938300 -0.162133  0.005905  0.636421  -1
  1  0  0.938300 -0.470154 -0.175299  0.726420  -5
  1  0  0.938300 -0.170761  0.119685  0.042220  -6
  1  0  0.938300  0.173733 -0.169151  0.135878  -3
  1  0  0.938300 -0.138011  0.073682  0.949339  -1
  1  0  0.938300  0.207818 -0.216560  0.661141  -3
  1  0  0.938300 -0.251106  0.088976  0.268238  -7
  1  0  0.938300  0.439294 -0.160464  0.855082  -2
  1  0  0.938300 -0.048255  0.338710  0.107075  -3
  1  0  0.938300  0.185464  0.260145  0.355668  -8
  1  0  0.938300  0.024230 -0.260458  0.596242  -3
  1  1  0.938300 -0.350934  0.254482  0.622132  -3
  1  0  0.938300 -0.096892  0.154343  0.037051  -2
  1  0  0.938300 -0.181742 -0.031147  0.210548  -6
  1  0  0.938300 -0.122822 -0.047982  0.104403  -6
  1  0  0.938300 -0.051209 -0.413474  0.989675  -4
  1  0  0.938300  0.149145  0.070777  0.578638  -3
  1  0  0.938300  0.242610 -0.120809  1.106524  -4
  1  0  0.938300  0.173474 -0.145871  0.627293  -5
  1  0  0.938300  0.116975 -0.234278  0.720233  -3
  1  0  0.938300  0.177269  0.029671  0.259513  -8
  1  0  0.938300  0.177577  0.241300  0.178694  -9
  1  0  0.938300  0.253537 -0.067764  0.476295  -4
  1  0  0.938300  0.011518  0.083899  0.901351  -1
  1  0  0.938300  0.035068 -0.457900  0.543209  -4
  1  0  0.938300  0.092540 -0.030809  0.893723  -1
  1  0  0.938300  0.708627 -0.350263  0.771043  -2
  1  0  0.938300  0.186217  0.126384  0.424359  -4
  1  1  0.938300  0.478137 -0.283261  0.585021 -10
  1  0  0.938300 -0.056379 -0.022179  0.049828  -3
  1  1  0.938300 -0.243383 -0.015870  0.548311  -3
  1  0  0.938300 -0.022827  0.028319  0.750141  -1
  1  0  0.938300 -0.142658 -0.205936  0.467289  -3
  1  1  0.938300 -0.204010 -0.394836  0.625408  -6
  1  0  0.938300  0.077132 -0.135128  0.533402  -3
  1  0  0.938300 -0.094367  0.337354  0.524060  -5
  1  0  0.938300  0.002030 -0.099511  0.930884  -1
  1  0  0.938300 -0.060633 -0.424735  0.495793  -4
  1  0  0.938300 -0.079283 -0.232972  0.314376  -4
  1  1  0.938300 -0.290007 -0.211915  0.780335  -4
  1  0  0.938300 -0.219846 -0.157869  0.415765  -2