  1  1  0.938300  0.096126  0.152522  0.815299   5
  1  1  0.938300 -0.192584  0.175708  0.352030   6
  1  1  0.938300  0.014461 -0.025121  0.115024   1
  1  1  0.938300  0.148342  0.213183  0.253264   7
  1  1  0.938300 -0.015104  0.237573  0.411408   3
  1  1  0.938300  0.354033  0.153515  0.886270   3
  1  1  0.938300 -0.083383 -0.126411  0.512446   4
  1  1  0.938300 -0.643300 -0.082955  0.239630   2
  1  1  0.938300  0.094153 -0.083634  0.635186   6
  1  1  0.938300  0.047201  0.014344  0.559426   3
  1  1  0.938300  0.238108  0.119559  0.410503   4
  1  1  0.938300 -0.015632  0.247209  0.246082   4
  1  1  0.938300  0.128402  0.297894  0.450823   6
  1  1  0.938300 -0.311429 -0.137684  0.541516   3
  1  1  0.938300  0.110562  0.381297  0.059689   3
  1  1  0.938300  0.208311  0.114432  0.631371   5
  1  1  0.938300 -0.000873 -0.244277  0.213267   7
  1  1  0.938300 -0.534139 -0.415485  0.460287   2
  1  1  0.938300  0.111633  0.149384  0.592272   4
  1  1  0.938300  0.231891 -0.598754  0.153532   6
  1  1  0.938300 -0.288523 -0.188164  0.187027   2
  1  1  0.938300  0.144177 -0.243147  0.036130   4
  1  1  0.938300 -0.309135  0.399131  0.128306   7
  1  1  0.938300 -0.125488  0.101625  0.596713   6
  1  1  0.938300 -0.533230  0.081698  0.309720   6
  1  1  0.938300 -0.164699  0.345133  0.727805   7
  1  0  0.938300  0.302578 -0.279634  0.188988   7
  1  1  0.938300  0.175535  0.107867  0.286148   1
  1  0  0.938300  0.315883 -0.220032  1.277555   9
  1  1  0.938300  0.067096 -0.206340  0.434095   2
  1  1  0.938300 -0.319470 -0.120708  0.185539   2
  1  1  0.938300 -0.472212 -0.012594 -0.018664   2
  1  1  0.938300  0.131940 -0.440296  0.464255   3
  1  1  0.938300  0.028704 -0.335138  0.767385   5
  1  1  0.938300 -0.035685 -0.037831  0.558000   4
  1  1  0.938300  0.097261  0.158326  1.132247   4
  1  0  0.938300  0.652979  0.123494  0.743838   6
  1  1  0.938300  0.354914 -0.138517  0.372839   5
  1  1  0.938300 -0.125832 -0.205837  1.014791   2
  1  1  0.938300  0.186535 -0.213030  0.207260   5
  1  1  0.938300  0.473353  0.104430  0.103962   2
  1  1  0.938300  0.050579  0.023151  0.571268   2
  1  1  0.938300  0.807147  0.092013  0.477723   4
  1  1  0.938300  0.030866 -0.023102  0.215604   2
  1  1  0.938300  0.210771  0.128869  0.224311   3
  1  1  0.938300  0.211716 -0.175379  0.316409   4
  1  0  0.938300  0.283863 -0.220420  0.396839   4
  1  1  0.938300  0.007091 -0.161644  0.408309   9
  1  1  0.938300 -0.350861 -0.094987  0.445340   3
  1  1  0.938300  0.391637  0.116059  0.139594   3
  1  1  0.938300 -0.216670 -0.153228  0.282321   3
  1  1  0.938300 -0.475730  0.113308  0.655810   6
  1  1  0.938300 -0.026826  0.095164  0.361788   4
  1  1  0.938300 -0.188535  0.088398  1.033481   4
  1  1  0.938300  0.001927 -0.072246  0.345350   5
  1  1  0.938300 -0.367427 -0.115552  0.068019   5
  1  1  0.938300 -0.498509 -0.105372  0.132304   2
  1  1  0.938300 -0.081057 -0.058193 -0.068457   1
  1  1  0.938300 -0.072086  0.160237  0.332119   4
  1  1  0.938300  0.103279 -0.043468  0.441832   5
  1  1  0.938300 -0.265238  0.081838  0.246407   3
  1  1  0.938300 -0.063342  0.097525 -0.051120   4
  1  1  0.938300  0.139182 -0.040751 -0.004554   1
  1  1  0.938300 -0.033316 -0.308667  0.764964   2
  1  1  0.938300 -0.065490  0.172706  0.180802   5
  1  0  0.938300  0.065369  0.211536  0.519242   4
  1  1  0.938300 -0.366307  0.087350  0.509718   4
  1  1  0.938300 -0.183375 -0.125360  0.675896   4
  1  1  0.938300  0.112490  0.032812  0.243526   4
  1  1  0.938300 -0.250552 -0.116378  0.764063   4
  1  1  0.938300 -0.219198 -0.232680  0.332932   7
  1  1  0.938300 -0.197946 -0.118740  0.151936   8
  1  0  0.938300  0.163721 -0.573256  0.468397   7
  1  1  0.938300  0.042537  0.220164 -0.182770   1
  1  1  0.938300 -0.310516 -0.080033  0.380045   2
  1  1  0.938300 -0.345032  0.157012  0.362124   2
  1  1  0.938300 -0.026607 -0.115361  0.045346   1
  1  1  0.938300  0.044661  0.054967 -0.036910   1
  1  1  0.938300 -0.118293  0.155753  0.029800   2
  1  0  0.938300  0.148794 -0.089483  0.063685   2
  1  0  0.938300  0.073047 -0.231341  0.587204   5
  1  0  0.938300 -0.243266 -0.017771  0.471824   6
  1  0  0.938300 -0.065003  0.059408  1.100745   3
  1  0  0.938300  0.051848  0.001026  0.316569   1
  1  0  0.938300  0.009019  0.278214  0.087112   2
  1  0  0.938300 -0.035763 -0.171233 -0.019046   3
  1  0  0.938300  0.510505 -0.106498  0.552900   3
  1  0  0.938300  0.452494 -0.025276  0.794772   2
  1  0  0.938300  0.011699  0.080855  0.123510   2
  1  0  0.938300 -0.096058 -0.198457  0.355560   1
  1  0  0.938300 -0.074580  0.129417  0.129929   1
  1  0  0.938300 -0.479011  0.069447  0.041295   2
  1  0  0.938300 -0.058901  0.176499  0.044591   1
  1  0  0.938300  0.143498  0.110738  0.841284   5
  1  0  0.938300  0.218550  0.240824  0.064567   5
  1  0  0.938300  0.262584  0.295930  0.334571   3
  1  1  0.938300 -0.395403  0.174298  0.810557   4
  1  0  0.938300 -0.131843 -0.113950  0.392729   2
  1  0  0.938300  0.043344  0.345812  0.203811   3
  1  0  0.938300  0.043615  0.066253  0.393214   3
  1  0  0.938300 -0.048464 -0.248287  0.136280   2
  1  0  0.938300 -0.464686  0.268343  0.790167   3
  1  0  0.938300  0.089085  0.059273  0.048611   3
  1  0  0.938300  0.276731  0.436302  0.469261   4
  1  0  0.938300  0.007392 -0.037661 -0.085891   2
  1  0  0.938300 -0.052998 -0.168663  0.349442   3
  1  0  0.938300 -0.117035  0.084235  0.732832   3
  1  0  0.938300  0.000203  0.177660 -0.086267   4
  1  0  0.938300 -0.159415 -0.007746  0.259271   4
  1  0  0.938300  0.153993 -0.092083  0.210887   2
  1  0  0.938300 -0.029443  0.462789  1.071663   2
  1  0  0.938300 -0.477812 -0.261635  0.713222   3
  1  0  0.938300  0.179103  0.024277  0.202106   9
  1  1  0.938300  0.070090  0.016953  0.254702   8
  1  0  0.938300 -0.230751 -0.329883  0.065101   3
  1  0  0.938300 -0.098432 -0.178669  0.092666   3
  1  0  0.938300 -0.323662 -0.169411  0.106262   2
  1  1  0.938300 -0.162068 -0.419187  0.420552   4
  1  0  0.938300  0.407186  0.032669  0.438860   4
  1  0  0.938300  0.065964  0.111519  0.328334   2
  1  0  0.938300 -0.575525 -0.065014  0.562417   3
  1  0  0.938300 -0.189629  0.031139  0.123732   1
  1  0  0.938300  0.190070 -0.456281  0.465019   7
  1  0  0.938300 -0.311259  0.206734  0.680808   4
  1  0  0.938300 -0.007701  0.028015  0.599664   4
  1  1  0.938300 -0.186123 -0.468749  0.241591   1
  1  0  0.938300 -0.020183  0.021473  0.500459   4
  1  0  0.938300  0.281152  0.316470  0.219636   4
  1  0  0.938300  0.422488 -0.664253  0.786697   6
  1  0  0.938300 -0.107568 -0.080259 -0.057687   1
  1  0  0.938300  0.180594  0.193741  0.270897   7
  1  0  0.938300 -0.612489 -0.124712  0.211183   5
  1  0  0.938300  0.131041 -0.196079  0.426592   3
  1  0  0.938300  0.141002  0.104259  0.154606   2
  1  0  0.938300  0.409971 -0.076984  0.789791   4
  1  1  0.938300 -0.202478  0.093184  0.460968   5
  1  0  0.938300 -0.247167 -0.282628  0.378426   6
  1  0  0.938300  0.379293  0.218902  0.544783   5
  1  0  0.938300  0.284916 -0.060257  0.197440   4
  1  0  0.938300 -0.471819  0.069337  0.596621   3
  1  0  0.938300  0.105968 -0.047631  0.684393   4
  1  0  0.938300  0.067937 -0.198480  0.580747   6
  1  0  0.938300  0.235556  0.201321 -0.080149   3
  1  0  0.938300  0.290969 -0.163282  0.108000   5
  1  0  0.938300 -0.111300  0.024524 -0.077945   3
  1  0  0.938300 -0.384776 -0.038598 -0.040638   2
  1  0  0.938300 -0.003619 -0.030305  0.554283  10
  1  0  0.938300 -0.005640 -0.149848  1.165213   2
  1  0  0.938300  0.297418  0.083070  0.739233   5
  1  0  0.938300 -0.150433  0.159982  0.347166   2
  1  0  0.938300  0.407148 -0.324322  0.234826   4
  1  0  0.938300 -0.095140  0.075178  0.143663   2
  1  0  0.938300  0.225841 -0.227811  0.611247   4
  1  0  0.938300 -0.068741 -0.062585  0.410244   5
  1  0  0.938300  0.219765  0.056727  0.579464   2
  1  0  0.938300 -0.592593  0.309392  0.292610   3
  1  0  0.938300 -0.015959  0.084105 -0.041448   1
  1  0  0.938300  0.317770 -0.092659  0.382506   3
  1  0  0.938300 -0.235306 -0.073875  0.083324   2
  1  0  0.938300  0.146634 -0.054873  0.414239   6
  1  1  0.938300 -0.019169 -0.074885  0.612734   3
  1  0  0.938300 -0.177103 -0.264121  0.806936   3
  1  0  0.938300  0.425689 -0.159496  0.701773   3
  1  0  0.938300 -0.198875 -0.140185  0.910098   2
  1  1  0.938300 -0.116697  0.246619  0.524975   3
  1  0  0.938300  0.235929  0.279391  0.262359   3
  1  0  0.938300 -0.263045 -0.048526  0.062592   2
  1  0  0.938300 -0.099244 -0.299619  0.651137   6
  1  0  0.938300  0.141672  0.098061 -0.034794   7
  1  0  0.938300 -0.109298  0.175819  0.634364   2
  1  0  0.938300 -0.315158  0.306213  0.178056   4
  1  0  0.938300 -0.286703 -0.126084  0.242813   6
  1  0  0.938300 -0.413309  0.270424  0.449965   4
  1  0  0.938300  0.045513 -0.531189  0.657910   4
  1  0  0.938300 -0.473277  0.215874  0.852506   6
  1  0  0.938300 -0.034590  0.014722  0.477957   9
  1  0  0.938300 -0.143459  0.190913 -0.142159   4
  1  1  0.938300 -0.010923  0.250871  0.271763   1
  1  0  0.938300  0.190139 -0.099968  0.331623   8
  1  0  0.938300  0.022419  0.178428  0.291318   2
  1  0  0.938300 -0.094653 -0.287329  0.669603   4
  1  0  0.938300 -0.104133 -0.065296  0.008371   1
  1  0  0.938300  0.036146 -0.176115 -0.013443   1
  1  0  0.938300  0.197348 -0.294603  0.587889   3
  1  0  0.938300  0.051338  0.032857  0.167576   3
  1  0  0.938300 -0.223612  0.237019  0.222785   2
  1  0  0.938300 -0.166800  0.213322  1.068942   5
  1  0  0.938300  0.323774  0.109789  0.578549   4
  1  0  0.938300 -0.305422 -0.295080  0.684070   6
  1  0  0.938300 -0.012508 -0.215742  0.543374   5
  1  0  0.938300  0.128316  0.338228  0.126831   4
  1  0  0.938300  0.429188 -0.105089  0.484949   3
  1  0  0.938300 -0.366623 -0.131876  0.775859   4
  1  0  0.938300  0.237049 -0.263106  0.563333   4
  1  0  0.938300  0.089502  0.129283 -0.012556   1
  1  0  0.938300  0.105993  0.099953  0.630162   4
  1  0  0.938300 -0.492567 -0.072830  0.019054   4
  1  1  0.938300  0.110656  0.033817  0.654862  -2
  1  1  0.938300 -0.713257  0.024071  0.632859  -6
  1  1  0.938300  0.258571  0.119326  0.652459  -3
  1  0  0.938300  0.065412 -0.151488  0.638106  -5
  1  1  0.938300  0.409736 -0.556728  0.178050  -5
  1  1  0.938300 -0.142834  0.102977  0.797534  -1
  1  1  0.938300 -0.198524  0.035142  0.461998  -2
  1  1  0.938300 -0.099206 -0.353787  0.027752  -3
  1  1  0.938300  0.302916  0.029610  0.446247  -2
  1  1  0.938300  0.129887  0.190146  0.820899  -3
  1  1  0.938300  0.272667 -0.087850  0.549864  -7
  1  1  0.938300  0.236186  0.323926  0.256890  -3
  1  1  0.938300  0.010628 -0.354390  0.811755  -5
  1  1  0.938300 -0.056574 -0.133569  0.283002  -4
  1  1  0.938300 -0.431292 -0.151687  0.075035  -5
  1  1  0.938300 -0.273189 -0.098144  0.062525  -3
  1  1  0.938300 -0.153248 -0.092319  0.778874  -1
  1  1  0.938300 -0.044085 -0.336734  1.307058  -4
  1  1  0.938300 -0.050726  0.622485  0.953267  -2
  1  1  0.938300 -0.296736  0.634360  0.743556  -4
  1  1  0.938300  0.024060 -0.011936  0.122821  -4
  1  1  0.938300  0.020765  0.207428  1.017184  -1
  1  1  0.938300 -0.267893  0.249865  0.544714  -4
  1  1  0.938300 -0.407253 -0.069868  0.550236  -3
  1  1  0.938300  0.189376  0.043219  1.174828  -4
  1  0  0.938300  0.304201  0.317196  0.189161  -7
  1  1  0.938300 -0.216352 -0.548862  0.718884  -4
  1  1  0.938300  0.132473  0.008457  0.837663  -1
  1  1  0.938300  0.223611 -0.176441  0.483516  -3
  1  1  0.938300  0.193287  0.035844  0.449262  -5
  1  0  0.938300  0.242115 -0.147351  0.633036  -4
  1  1  0.938300 -0.219431  0.435555  0.413125  -2
  1  1  0.938300  0.258644  0.036281  0.325619  -4
  1  0  0.938300  0.200563  0.128114  0.449159  -8
  1  1  0.938300  0.077577 -0.094527  0.568487  -6
  1  1  0.938300  0.015944  0.105038  0.920731  -4
  1  1  0.938300  0.181514  0.082761  0.773196  -2
  1  0  0.938300 -0.021298 -0.070083  0.017023  -3
  1  1  0.938300  0.228212  0.165631  0.711375  -4
  1  1  0.938300 -0.228277  0.468726  0.425703  -3
  1  1  0.938300  0.019565  0.213061  0.461751  -2
  1  0  0.938300  0.582618 -0.105130  0.564245  -3
  1  1  0.938300 -0.189808  0.197815  0.451017  -3
  1  1  0.938300 -0.143287 -0.310925  0.858299  -3
  1  1  0.938300 -0.052350  0.148924  0.387065  -8
  1  1  0.938300 -0.033744  0.314135  0.777749  -2
  1  1  0.938300 -0.017720  0.311203  0.999911  -6
  1  0  0.938300 -0.097996 -0.013696  0.320240  -5
  1  1  0.938300 -0.132750 -0.591526  0.719054  -6
  1  1  0.938300  0.225764 -0.101247  0.617071  -5
  1  1  0.938300  0.049202 -0.263096  0.592107  -3
  1  1  0.938300 -0.476863  0.120757  0.366000  -2
  1  1  0.938300 -0.154333  0.011572  0.501264  -2
  1  1  0.938300 -0.295363  0.373169  0.547490  -3
  1  1  0.938300  0.073575  0.613450  0.310145  -5
  1  1  0.938300  0.148614 -0.294304  0.165685  -5
  1  1  0.938300  0.366753 -0.250799  0.143955  -3
  1  1  0.938300 -0.438032  0.322734  0.765615  -2
  1  1  0.938300 -0.378140 -0.100572  0.738852  -3
  1  1  0.938300 -0.101484  0.067360  0.714849  -2
  1  1  0.938300 -0.189784 -0.234483  0.622783  -6
  1  1  0.938300  0.300354  0.337447  0.459469  -3
  1  1  0.938300  0.090872 -0.164300  0.408568  -7
  1  1  0.938300 -0.135376  0.582591  0.988526  -3
  1  1  0.938300 -0.348346 -0.333455  0.647880  -7
  1  1  0.938300  0.229760 -0.441375  0.896766  -2
  1  1  0.938300  0.025364  0.121764 -0.101181  -4
  1  1  0.938300 -0.041960 -0.281216  0.693866  -3
  1  1  0.938300  0.399915  0.308695  0.307629  -4
  1  1  0.938300 -0.263787 -0.032287  0.537214  -2
  1  1  0.938300  0.273527 -0.072554  0.772766 -10
  1  1  0.938300  0.029448  0.056880  0.345482  -8
  1  1  0.938300 -0.674359 -0.350684  0.562448  -7
  1  1  0.938300 -0.240562 -0.121274  0.598001  -4
  1  1  0.938300 -0.217696 -0.043057  0.891014  -2
  1  1  0.938300  0.341263  0.174316  0.341547  -5
  1  1  0.938300  0.026535 -0.053011  0.942948  -1
  1  1  0.938300 -0.041356 -0.107401  0.392418 -14
  1  1  0.938300 -0.214566 -0.241257  0.145234  -2
  1  1  0.938300  0.548480 -0.141503  0.179325  -7
  1  0  0.938300  0.505375  0.151113  0.646510  -8
  1  0  0.938300  0.186378  0.177074  0.381017  -3
  1  0  0.938300  0.007865  0.062248  0.416112  -4
  1  0  0.938300 -0.041356  0.007307  1.126913  -1
  1  0  0.938300 -0.015241  0.556281  0.401618  -2
  1  0  0.938300 -0.104321  0.235059  0.875662  -6
  1  0  0.938300  0.295042  0.149772  0.630241  -3
  1  0  0.938300  0.116105  0.012973  0.931936  -1
  1  0  0.938300  0.180885 -0.067005  0.667193  -3
  1  0  0.938300 -0.045397  0.155510  0.950834  -1
  1  0  0.938300  0.008306 -0.083064  0.586306  -4
  1  0  0.938300  0.109554 -0.131689  0.857252  -2
  1  1  0.938300  0.040838 -0.351492  0.475547  -3
  1  0  0.938300  0.166209 -0.116008  0.062068  -8
  1  0  0.938300 -0.479130 -0.132880  0.602153  -4
  1  0  0.938300  0.063599 -0.574926  0.729468  -3
  1  0  0.938300 -0.202698  0.155495  0.363166 -10
  1  0  0.938300 -0.097316 -0.000344  0.513611  -4
  1  0  0.938300  0.342852 -0.048575  0.414677  -3
  1  0  0.938300  0.090957  0.129658  0.863794  -1
  1  0  0.938300  0.042233 -0.046764 -0.094816  -4
  1  0  0.938300  0.595577 -0.135895  0.952900  -2
  1  0  0.938300 -0.351991  0.162975  0.746267 -11
  1  0  0.938300 -0.293783 -0.273359  0.283650  -2
  1  0  0.938300 -0.533760 -0.503919  0.224269  -3
  1  0  0.938300  0.308624 -0.267292  0.926955  -2
  1  0  0.938300 -0.057855 -0.039923  0.464036  -3
  1  0  0.938300  0.062940  0.080207  0.354435  -2
  1  0  0.938300  0.144052 -0.051490  0.825601  -1
  1  0  0.938300 -0.070079 -0.178632  0.837321  -1
  1  0  0.938300  0.113051  0.095279  0.568884  -1
  1  0  0.938300  0.162886  0.276091  0.289260  -4
  1  0  0.938300 -0.207845 -0.071712  0.243258  -4
  1  0  0.938300 -0.041152  0.415476  0.807330  -4
  1  0  0.938300  0.234320  0.352152  0.814718  -2
  1  0  0.938300  0.410952 -0.465136  0.765203  -3
  1  0  0.938300  0.057329 -0.004008  0.142115  -3
  1  1  0.938300  0.007917 -0.024954  0.646643  -7
  1  0  0.938300  0.014804 -0.174245  0.684925  -1
  1  0  0.938300 -0.304172 -0.026609  0.365630  -4
  1  0  0.938300  0.061587 -0.068884  0.405057  -2
  1  0  0.938300  0.115535 -0.086983  0.408284  -6
  1  0  0.938300  0.036965 -0.103244  0.866834  -6
  1  0  0.938300  0.293938  0.027470  0.139845  -5
  1  0  0.938300 -0.002469 -0.028200  0.696684  -3
  1  0  0.938300 -0.100562  0.017907  0.884477  -1
  1  0  0.938300 -0.355524 -0.462388  0.747506  -6
  1  0  0.938300  0.523274  0.365185  0.627906  -2
  1  1  0.938300  0.108375  0.005764  0.452860  -5
  1  0  0.938300  0.079393  0.563187  0.362005  -4
  1  0  0.938300 -0.004815 -0.160714  0.611540  -5
  1  0  0.938300  0.067277  0.195121  0.530614  -4
  1  0  0.938300 -0.462252  0.009861  0.113817  -7
  1  0  0.938300 -0.199240 -0.013852  0.809455  -2
  1  0  0.938300  0.104448  0.273801  0.853863  -1
  1  0  0.938300 -0.198225 -0.050418  0.604397  -6
  1  0  0.938300 -0.218955  0.144462  0.534053  -6
  1  0  0.938300  0.285018  0.576670  1.151362  -3
  1  0  0.938300 -0.006056  0.220455  0.962074  -3
  1  0  0.938300  0.250895 -0.240619  0.601612  -7
  1  0  0.938300 -0.261975 -0.139827  0.568485  -3
  1  0  0.938300 -0.108049  0.046379  1.119661  -2
  1  0  0.938300  0.360975 -0.004496  0.940920  -6
  1  0  0.938300  0.207540 -0.179230  0.884369  -4
  1  0  0.938300 -0.075251  0.045514  0.450154  -3
  1  0  0.938300  0.253342  0.067809  0.428187  -3
  1  0  0.938300  0.124741  0.231857  0.368220  -2
  1  0  0.938300  0.097099 -0.238832  1.016847  -1
  1  1  0.938300 -0.550504 -0.035577  1.252136 -10
  1  0  0.938300 -0.504422  0.006947  1.036643  -5
  1  1  0.938300 -0.139836  0.189612  0.929839  -6
  1  0  0.938300  0.131631  0.057208  0.657709  -5
  1  0  0.938300  0.078794  0.060212  0.703093  -5
  1  1  0.938300  0.089654 -0.314369  0.529862 -10
  1  0  0.938300  0.147114  0.150632  0.323325  -5
  1  1  0.938300  0.057263  0.249477  0.726023  -4
  1  0  0.938300 -0.189721  0.202478  1.010242  -2
  1  0  0.938300  0.135752 -0.054490  0.656381  -6
  1  0  0.938300 -0.006880 -0.150934  1.031308  -1
  1  0  0.938300  0.567251 -0.027295  0.483180  -3
  1  0  0.938300 -0.220395  0.252391  1.088897  -5
  1  0  0.938300 -0.219855  0.021989  1.246905  -2
  1  0  0.938300  0.225365 -0.263693  0.041508  -6
  1  0  0.938300  0.060282 -0.019713  0.417348  -3
  1  0  0.938300  0.311981  0.038024  0.428251  -4
  1  0  0.938300  0.119963  0.192002  0.097956  -3
  1  0  0.938300 -0.151961  0.140511  0.618497  -3
  1  0  0.938300  0.260641  0.020739  1.010677  -2
  1  1  0.938300 -0.194085 -0.014060  1.020227  -8
  1  0  0.938300  0.134388 -0.021717  0.244432  -6
  1  0  0.938300 -0.040150  0.053556  0.716821  -1
  1  0  0.938300  0.001797  0.203301  0.203143  -6
  1  0  0.938300 -0.054577  0.015013  0.360065  -7
  1  0  0.938300 -0.186219  0.391739  0.862419  -4
  1  0  0.938300  0.391541 -0.031406  0.538926  -5
  1  1  0.938300  0.131713  0.262126  0.249499  -4
  1  0  0.938300 -0.183061  0.031562  0.484915  -3
  1  0  0.938300  0.141647  0.069584  0.406429  -6
  1  0  0.938300  0.209331  0.286281 -0.037491  -3
  1  0  0.938300  0.102782 -0.439131  0.396853  -4
  1  0  0.938300 -0.144026  0.037114  0.770573  -1
  1  0  0.938300 -0.015336 -0.040481  0.901640  -1
  1  0  0.938300 -0.269979  0.336807  0.322498  -3
  1  0  0.938300  0.124078  0.159286  0.363315  -5
  1  0  0.938300  0.127151 -0.151691  0.714377  -2
  1  0  0.938300 -0.529245  0.070331  0.529911  -6
  1  0  0.938300 -0.039867  0.171005  0.737460  -7
  1  0  0.938300  0.073041 -0.121591  0.804906  -2
  1  0  0.938300 -0.087960  0.234581  0.128741  -6
  1  0  0.938300  0.009736  0.291046  0.523619  -3
  1  0  0.938300 -0.075441  0.571381  0.302906  -3
  1  0  0.938300 -0.189605 -0.018171  0.061150  -3
  1  0  0.938300  0.096051  0.526845  0.639134  -3
  1  0  0.938300  0.305228 -0.393303  1.010725  -2
  1  0  0.938300  0.231035 -0.639721  0.637468  -9
  1  0  0.938300  0.172984 -0.400741  0.301249  -3
  1  0  0.938300 -0.188017  0.158852  0.303038  -8