  1  1  0.938300 -0.378809  0.380501  0.214093   2
  1  1  0.938300 -0.356870  0.147550  0.453763   3
  1  1  0.938300 -0.166951  0.020360  0.133446   3
  1  1  0.938300  0.129961  0.231401  0.093497   1
  1  1  0.938300 -0.262723  0.318008  0.418542   2
  1  1  0.938300 -0.042038  0.241786  0.097851   3
  1  1  0.938300 -0.362930  0.016958  0.596932   4
  1  0  0.938300 -0.084775 -0.074366  0.553523   4
  1  1  0.938300 -0.029510 -0.333537  0.080703   4
  1  1  0.938300  0.534812  0.100052  0.656167   2
  1  1  0.938300 -0.145518  0.539600  0.386214   5
  1  1  0.938300  0.242497  0.226930  0.071423   2
  1  1  0.938300 -0.136713  0.474445  0.228504   4
  1  1  0.938300  0.064048  0.084313  0.163308   2
  1  1  0.938300 -0.301971  0.120110  0.322817   2
  1  1  0.938300  0.031843  0.060959  0.009776   1
  1  0  0.938300  0.413113 -0.085913  0.719057   5
  1  1  0.938300  0.137056 -0.313595  0.970852   6
  1  1  0.938300 -0.285560  0.678008  0.836159   3
  1  1  0.938300 -0.017359 -0.438193  0.183399   6
  1  1  0.938300  0.057235 -0.037491  0.402886   6
  1  1  0.938300  0.157871  0.330477  0.149612   5
  1  1  0.938300 -0.136924  0.058457  0.787713   4
  1  1  0.938300  0.344802 -0.033673  0.122307   2
  1  1  0.938300  0.321367  0.253791  0.344686   3
  1  1  0.938300  0.015755  0.121862  0.497865   3
  1  1  0.938300 -0.252595 -0.493868  0.468240   6
  1  1  0.938300 -0.222016  0.419572  0.260319   6
  1  1  0.938300  0.357796 -0.064608  0.145527   5
  1  0  0.938300  0.006077 -0.180231 -0.109594   5
  1  1  0.938300 -0.071217  0.186096  0.186180   5
  1  1  0.938300  0.036167  0.120197  0.470639   6
  1  1  0.938300 -0.305994  0.567985 -0.094650   2
  1  1  0.938300 -0.234039 -0.422766  0.985542   3
  1  1  0.938300  0.032396 -0.418690 -0.019554   4
  1  1  0.938300  0.011934  0.054240  1.245391   6
  1  1  0.938300 -0.430443 -0.140346  0.551751   5
  1  0  0.938300  0.111267 -0.345673  0.576301   3
  1  1  0.938300 -0.141587  0.175383  0.857998   7
  1  1  0.938300  0.372508 -0.011034  0.134281   4
  1  1  0.938300 -0.083517  0.278941  0.702173   4
  1  1  0.938300 -0.182390  0.031636  0.463527   7
  1  1  0.938300 -0.029795 -0.012876  0.346533   9
  1  1  0.938300  0.051961  0.189269 -0.014387   2
  1  1  0.938300  0.114024 -0.096618 -0.057133   1
  1  1  0.938300 -0.225774  0.093451  0.029741   2
  1  1  0.938300  0.211888  0.077552  0.195991   5
  1  1  0.938300  0.042432 -0.015105  0.070175   1
  1  1  0.938300 -0.160487  0.268439  0.500317   6
  1  1  0.938300  0.157031 -0.025433  0.338898   4
  1  1  0.938300  0.156324  0.387002  0.821852   2
  1  1  0.938300 -0.126378 -0.177421  0.051126   1
  1  1  0.938300 -0.119549  0.168788  0.108871   1
  1  1  0.938300  0.151431  0.172931  0.166041   4
  1  1  0.938300 -0.219353  0.117253  0.156202   7
  1  1  0.938300  0.328172  0.119768  0.186098   5
  1  1  0.938300 -0.021692  0.469299  0.250421   2
  1  1  0.938300  0.415498 -0.087962  0.459627   3
  1  0  0.938300 -0.302953 -0.428423  0.369694  15
  1  1  0.938300  0.114221 -0.042046  1.281287   3
  1  1  0.938300 -0.296822  0.244768  0.986179   4
  1  1  0.938300 -0.218853  0.644060  0.800792   4
  1  1  0.938300  0.034133 -0.553289  0.181344   2
  1  1  0.938300 -0.096297 -0.568603  1.064007   3
  1  1  0.938300 -0.015027 -0.071628  0.725637   3
  1  1  0.938300  0.437600  0.382159  0.736688   3
  1  1  0.938300 -0.303698 -0.040079  0.304449   4
  1  0  0.938300  0.788922 -0.519503  0.272203   7
  1  1  0.938300 -0.383088 -0.030831  0.985524   7
  1  1  0.938300 -0.080364  0.020560  0.748055   5
  1  1  0.938300  0.123515 -0.089105  0.153970   6
  1  1  0.938300  0.046065  0.120494  0.552460   4
  1  1  0.938300 -0.207951  0.136331  0.964187   3
  1  1  0.938300 -0.112722  0.110733  0.001106   1
  1  1  0.938300 -0.116916  0.047621  0.678000   3
  1  1  0.938300  0.005707 -0.203714  0.708524   4
  1  0  0.938300 -0.103464 -0.088717  0.517247   4
  1  1  0.938300  0.014817  0.180360  0.385590   3
  1  1  0.938300 -0.061311  0.581235  0.534696   5
  1  0  0.938300 -0.051327 -0.099304  0.423860   4
  1  0  0.938300  0.294649  0.099889  0.553881   2
  1  0  0.938300 -0.531996 -0.290021  0.205247   2
  1  0  0.938300  0.140352 -0.023320  0.257539   3
  1  0  0.938300 -0.042735 -0.257741 -0.343387   4
  1  0  0.938300 -0.040587  0.100447  0.236124   3
  1  0  0.938300 -0.147244 -0.340259  0.688323   4
  1  1  0.938300  0.201822  0.066089  0.317487   4
  1  0  0.938300  0.411457 -0.249915  0.550306   6
  1  1  0.938300  0.271223 -0.041638  0.215770   5
  1  0  0.938300 -0.206092  0.116534  0.155745   2
  1  0  0.938300  0.502887 -0.131872  0.413524   3
  1  0  0.938300  0.131424 -0.011184  0.443115   2
  1  0  0.938300  0.273288 -0.300653  0.941410   2
  1  0  0.938300  0.058322 -0.326519  0.100220   3
  1  0  0.938300  0.259183 -0.212832  0.678037   3
  1  0  0.938300 -0.052042  0.232150  0.677888   3
  1  0  0.938300  0.131574 -0.134965  0.823223   3
  1  0  0.938300  0.331923 -0.181597  0.592913   4
  1  0  0.938300 -0.272597  0.490356  0.356822   3
  1  0  0.938300  0.101918 -0.159530  0.237818   5
  1  1  0.938300  0.275832 -0.048730  0.159483   3
  1  0  0.938300 -0.093427 -0.374530  0.446933   5
  1  0  0.938300 -0.184388  0.091206  0.689708   6
  1  0  0.938300 -0.163542  0.544995  0.462124   3
  1  1  0.938300 -0.131926 -0.150336  0.039742   9
  1  0  0.938300  0.243045  0.296206  0.683097   4
  1  0  0.938300  0.187830 -0.014316  0.187055   2
  1  0  0.938300 -0.001449 -0.160359  0.046559   1
  1  0  0.938300  0.007369 -0.048162  0.220082   1
  1  0  0.938300  0.031743 -0.296680  0.678578   3
  1  0  0.938300 -0.227495 -0.465410  0.731625   3
  1  0  0.938300  0.134138 -0.116786  0.052088   3
  1  0  0.938300 -0.172921 -0.314114  0.246465   3
  1  0  0.938300 -0.394582 -0.342314  0.758441   7
  1  0  0.938300 -0.055563  0.100040  0.314310   3
  1  0  0.938300  0.365116  0.070540  0.056447   3
  1  1  0.938300 -0.408610 -0.307559  0.455018   3
  1  0  0.938300 -0.480542  0.065551  0.774747   2
  1  0  0.938300  0.036568 -0.393240  0.912536   4
  1  0  0.938300 -0.019912  0.053045  0.153371  10
  1  0  0.938300  0.092547 -0.165928  0.132843   4
  1  0  0.938300 -0.124584  0.177300  0.493681   5
  1  0  0.938300  0.066896 -0.053036  0.396833   4
  1  0  0.938300  0.695810 -0.009665  0.407466  13
  1  0  0.938300 -0.025393 -0.460134  0.539110   4
  1  0  0.938300 -0.015632  0.072908  0.338900   4
  1  0  0.938300  0.181425  0.047625  0.182824   1
  1  0  0.938300  0.128395  0.168853  0.483576  14
  1  0  0.938300 -0.122448 -0.118316  0.418451   3
  1  0  0.938300  0.653024 -0.626073  0.353772   4
  1  0  0.938300 -0.016739 -1.064840  0.426954   8
  1  0  0.938300  0.010101 -0.026518  0.304999   3
  1  0  0.938300  0.136735  0.137278  0.943940   5
  1  0  0.938300  0.089725 -0.030102  0.410270  14
  1  0  0.938300  0.082728 -0.167672  0.430227   5
  1  0  0.938300 -0.032680 -0.184101  0.523573   3
  1  0  0.938300  0.189581 -0.286773  0.589397   3
  1  0  0.938300  0.227535 -0.133545  0.196335   2
  1  0  0.938300  0.151380 -0.093356  0.540645   5
  1  0  0.938300  0.223188  0.321604  0.258481   3
  1  0  0.938300  0.112400 -0.119929 -0.081608   3
  1  0  0.938300 -0.000485 -0.057171  0.089494   1
  1  0  0.938300  0.073230 -0.378369  0.056422   8
  1  0  0.938300 -0.007105  0.123598  0.540999   2
  1  0  0.938300  0.166891 -0.270077  0.821546   6
  1  0  0.938300 -0.554104  0.039262  0.884615   6
  1  0  0.938300  0.016142  0.200269  0.309202   2
  1  0  0.938300 -0.031995 -0.213388  0.255288   4
  1  0  0.938300 -0.101910 -0.258129  0.210891   5
  1  0  0.938300 -0.090073  0.075690  0.240195  12
  1  0  0.938300  0.294073  0.208607  0.425024   5
  1  0  0.938300  0.395974  0.226810  0.476768   4
  1  0  0.938300 -0.213132 -0.186282  0.179194   3
  1  0  0.938300 -0.083072 -0.033314  0.518646   6
  1  0  0.938300  0.207457  0.207258  0.686249   3
  1  0  0.938300  0.033682  0.146533  0.008432   1
  1  0  0.938300  0.368633 -0.166888  0.453089   3
  1  0  0.938300 -0.110167 -0.055839  0.021336   1
  1  0  0.938300  0.125342  0.082354  0.413970   2
  1  0  0.938300 -0.229439 -0.108557  0.757957   2
  1  0  0.938300  0.076102 -0.216241  0.224470   2
  1  0  0.938300  0.086618  0.233805  0.696989   4
  1  0  0.938300 -0.115878 -0.067830  0.443759   3
  1  0  0.938300 -0.075181 -0.147241  0.308180   5
  1  0  0.938300  0.111606  0.266505  0.457099   5
  1  0  0.938300  0.231963 -0.016176  0.044450   1
  1  0  0.938300  0.090861  0.571363  0.991966   4
  1  0  0.938300 -0.106244 -0.056168  0.739645   8
  1  0  0.938300 -0.290759  0.006523  0.734381   4
  1  0  0.938300 -0.033852  0.214114  0.418424   3
  1  0  0.938300 -0.040223  0.116959  0.312094   1
  1  0  0.938300  0.296600  0.054360  0.676141   2
  1  0  0.938300  0.277749  0.121251  0.711643   5
  1  0  0.938300 -0.222953  0.150468  0.618211   6
  1  0  0.938300  0.376245  0.215537  0.333890   2
  1  0  0.938300  0.178690 -0.093006  0.229092   3
  1  0  0.938300 -0.159040  0.424038  0.836059   5
  1  0  0.938300  0.073510  0.051638  0.202151   1
  1  0  0.938300  0.049400  0.041460  0.396614   3
  1  0  0.938300 -0.148967  0.281940  0.698645   2
  1  0  0.938300  0.203983 -0.216966  0.306665   4
  1  0  0.938300  0.135463  0.132432  0.912730   6
  1  0  0.938300  0.025949 -0.063940  0.461487   4
  1  0  0.938300 -0.005998 -0.246322  0.063633   2
  1  0  0.938300 -0.133693  0.213501  0.619000  10
  1  0  0.938300 -0.140460 -0.194455  0.343695   7
  1  0  0.938300 -0.037929 -0.073530  0.146731   3
  1  0  0.938300 -0.330481 -0.407337  0.440767   4
  1  0  0.938300  0.176481  0.114801  0.173644   2
  1  0  0.938300 -0.254073 -0.530022  0.035497   3
  1  0  0.938300 -0.102698  0.048200  0.833562   3
  1  0  0.938300  0.045525  0.322409  0.849340   4
  1  0  0.938300  0.046676 -0.160304  0.685407   6
  1  0  0.938300 -0.069000 -0.423497  0.007939   3
  1  0  0.938300 -0.114885 -0.120317  0.931547   8
  1  0  0.938300  0.074842 -0.234679  0.686818   5
  1  0  0.938300 -0.146016 -0.166186  0.003802   2
  1  1  0.938300  0.006344  0.150849  0.582486  -3
  1  1  0.938300  0.309998  0.087053  0.500908  -6
  1  1  0.938300 -0.327221 -0.442421  0.827644  -3
  1  1  0.938300  0.189983  0.006736  0.904877  -8
  1  1  0.938300  0.032933  0.108499  0.171148  -4
  1  1  0.938300 -0.050491 -0.059553 -0.137932  -3
  1  1  0.938300 -0.045296  0.208803  0.370032  -3
  1  0  0.938300 -0.091948  0.125177  0.104623  -5
  1  1  0.938300  0.395582  0.683828  0.521339  -4
  1  1  0.938300  0.434598  0.320904  0.065495  -8
  1  1  0.938300  0.082612 -0.278273  0.805478  -6
  1  1  0.938300 -0.123787  0.095942  0.480061 -14
  1  0  0.938300 -0.129605  0.124912  0.232576  -4
  1  0  0.938300 -0.037228  0.187670  0.428158  -6
  1  1  0.938300 -0.101314 -0.154946  0.229368  -3
  1  1  0.938300  0.101339 -0.033419  0.306777  -5
  1  1  0.938300 -0.114462  0.333892  0.185796  -2
  1  1  0.938300  0.147960 -0.087520  0.795994  -8
  1  1  0.938300  0.088117  0.306214  0.354079  -4
  1  1  0.938300 -0.120298 -0.206082  0.936092  -2
  1  1  0.938300 -0.066919 -0.270203  0.728282  -2
  1  1  0.938300  0.310092 -0.113033  0.487653  -2
  1  1  0.938300 -0.190248  0.134055  0.276291  -9
  1  1  0.938300  0.327751 -0.266721  0.165360  -3
  1  1  0.938300  0.092745 -0.287413  0.341390  -3
  1  1  0.938300 -0.482859  0.192533  0.253036  -3
  1  1  0.938300 -0.076208 -0.002017  0.059734  -6
  1  1  0.938300  0.215012  0.002637  0.671087  -7
  1  1  0.938300  0.018479 -0.417862  0.166063  -5
  1  1  0.938300  0.049724 -0.041662  0.908828  -1
  1  1  0.938300 -0.049247 -0.016881  0.824164  -1
  1  1  0.938300  0.019353 -0.195270  0.529760  -6
  1  1  0.938300  0.269372  0.346705  0.177030  -2
  1  1  0.938300 -0.276475 -0.379211  0.813153  -4
  1  1  0.938300  0.207503  0.517105  0.664401  -8
  1  1  0.938300 -0.226872 -0.078345  0.331368  -2
  1  1  0.938300 -0.344130 -0.263187  0.209326  -5
  1  1  0.938300 -0.119031 -0.024712  0.860616  -1
  1  1  0.938300  0.237793 -0.189466  0.623834  -4
  1  1  0.938300 -0.151907 -0.013822  0.399086  -6
  1  0  0.938300 -0.245950 -0.017302  0.567307 -12
  1  0  0.938300 -0.171328 -0.149631  0.719497  -2
  1  1  0.938300 -0.087277  0.185054  0.753988  -1
  1  1  0.938300 -0.177302 -0.007849  0.930024  -1
  1  1  0.938300 -0.185771  0.102649  0.848567  -2
  1  1  0.938300 -0.009340 -0.150137  0.398709  -3
  1  1  0.938300  0.046470  0.381477  0.591671  -2
  1  1  0.938300  0.014764  0.016982  0.800108  -1
  1  1  0.938300 -0.057875 -0.247603  1.031413  -1
  1  1  0.938300  0.064130 -0.264235  0.928642  -2
  1  1  0.938300  0.259583 -0.049088  0.599567  -5
  1  1  0.938300 -0.384732 -0.287699  0.494808  -5
  1  1  0.938300  0.364205 -0.067031  0.227058  -5
  1  1  0.938300  0.128530  0.284308  0.572718  -5
  1  1  0.938300 -0.119742  0.272358  0.502122  -2
  1  1  0.938300  0.523456 -0.025307  0.530418  -4
  1  0  0.938300 -0.299892 -0.479635  0.963701  -5
  1  1  0.938300  0.032354  0.176557  0.806364  -1
  1  1  0.938300 -0.408289  0.317200  0.598612  -2
  1  1  0.938300 -0.299989 -0.041689  0.301539  -2
  1  0  0.938300  0.247512  0.065818  0.691081  -4
  1  1  0.938300  0.009331  0.046261  0.556150  -2
  1  1  0.938300  0.312205 -0.642827  0.689810  -2
  1  1  0.938300  0.101518  0.462086  0.695809  -3
  1  0  0.938300 -0.233000  0.125896  0.624241  -3
  1  1  0.938300  0.031585  0.056876  0.943240  -1
  1  1  0.938300  0.032361  0.222459  0.747272  -1
  1  1  0.938300  0.168315  0.334224  0.604303  -2
  1  1  0.938300 -0.209627  0.041526  0.725789  -3
  1  1  0.938300 -0.068822  0.048849  0.542530  -3
  1  1  0.938300  0.220773 -0.412709  0.570845  -6
  1  1  0.938300  0.127965  0.065795  0.153487  -4
  1  1  0.938300 -0.300676  0.240348  0.508221  -2
  1  1  0.938300  0.047726  0.015639  0.965987  -1
  1  1  0.938300  0.393683  0.011960  0.428858  -2
  1  1  0.938300  0.232877 -0.038858  0.447061  -3
  1  1  0.938300  0.003840 -0.266111  0.974556  -5
  1  1  0.938300 -0.524341  0.348525  0.630292  -8
  1  1  0.938300 -0.083607 -0.158164  0.569843  -4
  1  0  0.938300 -0.261235  0.486097  0.396738  -5
  1  0  0.938300 -0.330787  0.146355  1.125643  -5
  1  0  0.938300 -0.082028 -0.151473  0.443507  -2
  1  0  0.938300 -0.387125  0.473142  0.694735  -3
  1  0  0.938300  0.695786 -0.171713  0.888717  -6
  1  0  0.938300 -0.130135  0.039627  0.515325  -2
  1  0  0.938300 -0.139875  0.164977  0.493499  -3
  1  0  0.938300 -0.208205 -0.094895  0.641205  -7
  1  0  0.938300 -0.273027  0.261762  0.267988  -5
  1  1  0.938300 -0.273248 -0.088974  0.422058  -3
  1  0  0.938300 -0.520203  0.112245  0.581507  -3
  1  0  0.938300 -0.026197  0.129592  0.552000  -3
  1  0  0.938300 -0.418317  0.386004  0.812449  -5
  1  0  0.938300 -0.093435 -0.089439  0.365911  -3
  1  0  0.938300 -0.468284 -0.157100  0.735217  -3
  1  0  0.938300 -0.149069 -0.074520  0.294997  -4
  1  0  0.938300 -0.017088 -0.023370 -0.016150  -3
  1  0  0.938300  0.103196 -0.108157  0.346152  -2
  1  0  0.938300  0.336278 -0.088904  0.459708  -3
  1  0  0.938300  0.126099  0.226257  0.142955  -3
  1  0  0.938300  0.003291  0.203649  0.086709  -2
  1  0  0.938300 -0.425216 -0.048606  0.429441  -6
  1  0  0.938300 -0.098477 -0.122433  0.706130  -2
  1  0  0.938300  0.076564  0.072159  1.039090  -1
  1  0  0.938300  0.148564 -0.231813  0.550797 -13
  1  0  0.938300  0.198959  0.554937  0.416464  -3
  1  0  0.938300 -0.355638 -0.133899  0.470350  -6
  1  0  0.938300  0.051022 -0.029144  0.214249  -6
  1  0  0.938300  0.078201 -0.184192  0.671354  -3
  1  0  0.938300 -0.068552 -0.175137  1.000171  -4
  1  0  0.938300 -0.000295 -0.020230  0.685350  -1
  1  0  0.938300  0.025001  0.337814  0.682670  -7
  1  0  0.938300  0.427612  0.109216  1.339997  -3
  1  0  0.938300 -0.328140  0.058461  0.412402  -4
  1  0  0.938300 -0.292969 -0.349669  0.667653  -3
  1  0  0.938300  0.534364 -0.251295  0.936505  -5
  1  0  0.938300 -0.326950 -0.553846  0.471838  -5
  1  1  0.938300  0.167312  0.024393  0.340970  -8
  1  0  0.938300 -0.147715 -0.069818  0.535939  -3
  1  0  0.938300 -0.222678 -0.011699  0.420522  -6
  1  0  0.938300 -0.159265  0.036098  0.439772  -2
  1  0  0.938300  0.311167  0.269767  0.622210  -6
  1  0  0.938300  0.185140  0.053039  1.072671  -1
  1  0  0.938300 -0.484357 -0.043849  0.542454  -3
  1  0  0.938300 -0.125667 -0.187215  0.448985  -3
  1  0  0.938300 -0.025719  0.548771  0.348719  -5
  1  0  0.938300 -0.037059 -0.020301  0.887087  -1
  1  0  0.938300 -0.292533  0.169586 -0.008971  -2
  1  1  0.938300 -0.239079 -0.129524  0.211829  -2
  1  0  0.938300  0.486890  0.263120  0.130913  -6
  1  0  0.938300  0.362769  0.128288  0.564613  -2
  1  0  0.938300 -0.236419  0.005624  0.167234  -6
  1  0  0.938300  0.149045 -0.027758  0.023967  -3
  1  0  0.938300  0.047421  0.303308  0.336535  -5
  1  0  0.938300 -0.314537 -0.488718  0.121811  -3
  1  0  0.938300 -0.385376 -0.140660  0.072527  -4
  1  0  0.938300  0.218649 -0.039171  0.022220  -6
  1  0  0.938300 -0.413611 -0.248171  0.304908  -3
  1  1  0.938300  0.205850  0.167922  0.297669  -9
  1  0  0.938300 -0.203423  0.278698  0.513348  -3
  1  1  0.938300  0.152922 -0.109812  0.359773  -5
  1  0  0.938300 -0.301704 -0.168163  0.211568  -5
  1  0  0.938300 -0.329347  0.143431  0.831230  -3
  1  0  0.938300  0.307083 -0.107280  0.751336  -7
  1  0  0.938300  0.040068  0.108549  0.837376  -3
  1  0  0.938300  0.235686  0.076403  0.314027  -2
  1  0  0.938300  0.048209  0.103450  0.817352  -4
  1  0  0.938300 -0.227990  0.044150  0.654515  -4
  1  1  0.938300 -0.068276  0.203239  0.075501  -6
  1  0  0.938300  0.133871 -0.264944  0.030506  -4
  1  0  0.938300  0.201899  0.114987  0.602019  -4
  1  0  0.938300  0.238576  0.416373  0.602983  -4
  1  0  0.938300  0.031945  0.149470  0.890264  -2
  1  0  0.938300  0.153751  0.028858  0.813277  -3
  1  0  0.938300  0.313229  0.198565  0.574934  -2
  1  0  0.938300 -0.363532  0.132111  0.018607  -3
  1  0  0.938300  0.050329  0.458122  0.667586  -8
  1  0  0.938300  0.050195 -0.230290  1.119281  -2
  1  0  0.938300 -0.536062 -0.553528  0.714706  -2
  1  0  0.938300 -0.171251 -0.251969  0.885757  -2
  1  0  0.938300  0.210339 -0.444575  0.533767  -4
  1  0  0.938300 -0.071055  0.186476  0.230592  -8
  1  0  0.938300 -0.400951  0.035817  0.928871  -5
  1  0  0.938300 -0.081961  0.093138  0.617432  -2
  1  0  0.938300 -0.077950 -0.039979  0.915681  -1
  1  0  0.938300  0.790919  0.002263  0.561199  -8
  1  0  0.938300 -0.027391 -0.208524  0.868117  -2
  1  0  0.938300  0.133516  0.143540  1.007092  -2
  1  0  0.938300 -0.023277  0.314072  0.330440  -4
  1  0  0.938300 -0.186985 -0.012626  0.719343  -1
  1  0  0.938300 -0.069531 -0.590994  0.650161  -2
  1  0  0.938300 -0.496033 -0.357881  0.964385  -4
  1  0  0.938300 -0.606818 -0.017344  0.476050  -5
  1  1  0.938300  0.575751 -0.221896  0.375935  -5
  1  0  0.938300  0.352122  0.240639  0.917966  -7
  1  0  0.938300  0.198784 -0.582895  0.170622  -3
  1  0  0.938300  0.009411  0.261971  0.088087  -2
  1  0  0.938300 -0.104976  0.231615  0.570517  -3
  1  0  0.938300  0.164698  0.065888  0.668326  -2
  1  0  0.938300 -0.107321 -0.193114  0.817265  -3
  1  0  0.938300 -0.318392 -0.147064  0.499428 -11
  1  0  0.938300 -0.333304  0.212380  0.404606  -2
  1  0  0.938300 -0.070347  0.110884 -0.131001  -3
  1  1  0.938300  0.489712  0.040439  0.379285  -5
  1  0  0.938300  0.430963  0.051441  0.458819  -2
  1  0  0.938300 -0.450282 -0.436900  0.478761  -8
  1  0  0.938300 -0.002789 -0.252602  0.755884  -1
  1  0  0.938300  0.130303  0.444373  0.648911  -4
  1  1  0.938300 -0.203909  0.214819  0.974104  -5
  1  0  0.938300 -0.016115  0.027289  0.993792  -1
  1  0  0.938300 -0.234068 -0.207817  0.500238  -7
  1  0  0.938300  0.062451  0.060974  0.737418  -2
  1  0  0.938300 -0.256267 -0.025340  0.406982  -5
  1  0  0.938300 -0.158909  0.107521  0.892995  -2
  1  0  0.938300  0.102360  0.653189  0.544114  -2
  1  0  0.938300 -0.156300 -0.133554  0.761764  -2
  1  0  0.938300 -0.102791  0.101277 -0.184438  -6
  1  0  0.938300 -0.132714  0.141771  0.346745  -6