  1  1  0.938300 -0.107094 -0.046440  0.129627   3
  1  1  0.938300  0.321340  0.055810  0.551141   4
  1  1  0.938300  0.012575 -0.280811  0.447020   7
  1  0  0.938300 -0.390103  0.041716  0.274902   3
  1  1  0.938300  0.195299 -0.125608  0.792765   3
  1  1  0.938300  0.008972 -0.050468  0.084708   1
  1  1  0.938300 -0.194399  0.055322  0.574336   3
  1  1  0.938300  0.052892 -0.166619  0.193878   4
  1  1  0.938300  0.023647 -0.432564  0.703819   4
  1  1  0.938300  0.067828 -0.282271  0.132824   2
  1  1  0.938300 -0.556950 -0.121973  0.736698   5
  1  1  0.938300 -0.061912  0.066271  0.217937   1
  1  1  0.938300  0.039875  0.079301  0.427515   3
  1  0  0.938300  0.085728 -0.115633  0.599963   4
  1  1  0.938300  0.265882 -0.098916  0.888226   4
  1  1  0.938300  0.102064  0.142801  0.287942   3
  1  1  0.938300  0.043574 -0.415051 -0.120073   2
  1  1  0.938300 -0.121622  0.093421  0.108265   4
  1  1  0.938300  0.133748 -0.042242  0.153127   6
  1  1  0.938300 -0.022605 -0.120558  0.079390   1
  1  1  0.938300 -0.262739  0.349629  0.057023   2
  1  1  0.938300 -0.177506 -0.267055  0.139785   5
  1  1  0.938300 -0.223348  0.682683  0.509021   2
  1  0  0.938300  0.457161 -0.169348  0.393852   6
  1  1  0.938300  0.525893  0.056641  0.295567   4
  1  1  0.938300  0.022836  0.250937  0.331425   2
  1  1  0.938300 -0.181673 -0.266500  0.562818   5
  1  1  0.938300 -0.102653  0.259817  0.713217   4
  1  1  0.938300  0.150889 -0.291403  0.397630   3
  1  1  0.938300  0.021905 -0.271092  0.316145   3
  1  1  0.938300 -0.133999 -0.127042  0.235025   4
  1  0  0.938300  0.356073  0.103316  1.046611   3
  1  1  0.938300 -0.045505  0.442370  0.086677   5
  1  1  0.938300  0.248701 -0.349799  0.191553   3
  1  1  0.938300  0.714539  0.116589  0.210373   2
  1  1  0.938300  0.180413  0.010157  0.055551   1
  1  1  0.938300 -0.066444  0.078434  0.482583   4
  1  1  0.938300 -0.010530 -0.192523  0.315887   3
  1  1  0.938300  0.119496  0.216104  0.276485   4
  1  1  0.938300  0.122066 -0.028206  0.023378   1
  1  1  0.938300  0.002656  0.068353  0.416821   4
  1  1  0.938300 -0.118151  0.153724  0.163456   1
  1  0  0.938300 -0.015047  0.263211  0.183190   6
  1  1  0.938300  0.250175 -0.143253  0.737287   3
  1  1  0.938300  0.149669 -0.218585  0.085373   3
  1  1  0.938300  0.353766 -0.119008  0.426548   3
  1  1  0.938300 -0.249903 -0.053898  0.219009   4
  1  1  0.938300 -0.266938 -0.306435  0.425075   5
  1  1  0.938300  0.209883  0.174643  0.569172   3
  1  1  0.938300 -0.079624 -0.194380  0.506107   2
  1  1  0.938300 -0.158758 -0.236231  0.534160   3
  1  1  0.938300  0.003969  0.038007 -0.008175   1
  1  1  0.938300  0.335919 -0.248253  0.304782   4
  1  1  0.938300  0.009956 -0.019115  0.136568   1
  1  1  0.938300  0.032426  0.341896  0.472668   4
  1  1  0.938300 -0.196666  0.192537  0.921568   4
  1  1  0.938300 -0.076997  0.295383  1.040466   2
  1  1  0.938300 -0.190518  0.097291  0.129851   1
  1  1  0.938300  0.110953 -0.124524 -0.072401   5
  1  0  0.938300 -0.236314 -0.267476  0.323630   4
  1  1  0.938300 -0.238469 -0.084445  0.215734   2
  1  1  0.938300 -0.014233 -0.242013  0.375660   2
  1  1  0.938300 -0.493400 -0.061134  0.536536   5
  1  1  0.938300  0.231181 -0.176995  0.361203   2
  1  1  0.938300  0.409615  0.031031  0.408451   3
  1  1  0.938300 -0.126817 -0.160539  0.162560   9
  1  1  0.938300 -0.713718 -0.041436  0.955756   3
  1  1  0.938300 -0.225547  0.079655  0.607231   3
  1  1  0.938300  0.011864 -0.173611  0.106481   2
  1  1  0.938300 -0.063716 -0.058226  0.499203   4
  1  1  0.938300 -0.060919  0.122955  0.437787   4
  1  1  0.938300  0.002534 -0.055117  0.044361   1
  1  1  0.938300  0.177269  0.017188 -0.100676   4
  1  1  0.938300 -0.220937  0.226300  0.474536   5
  1  1  0.938300  0.003141  0.094163  0.378783   3
  1  1  0.938300  0.144839 -0.639186  0.280780   5
  1  1  0.938300 -0.082562 -0.221601 -0.012514   2
  1  1  0.938300 -0.004548 -0.154169  0.191111   6
  1  1  0.938300  0.005380  0.373904  0.817089   6
  1  0  0.938300 -0.327703 -0.080874  0.519364  10
  1  0  0.938300 -0.006784  0.059083 -0.029061   1
  1  0  0.938300  0.002608 -0.279876  0.411622   4
  1  0  0.938300 -0.039461 -0.211027 -0.103696   1
  1  0  0.938300  0.061266 -0.086960  0.238636   3
  1  0  0.938300 -0.003070  0.382984  0.374284   5
  1  0  0.938300  0.092128  0.186648  0.270193   5
  1  0  0.938300  0.176108  0.049784  0.318075   5
  1  0  0.938300  0.359110 -0.170764  0.446546   3
  1  0  0.938300 -0.183891  0.119792  0.786610   6
  1  1  0.938300  0.252563 -0.584892  0.642839   5
  1  0  0.938300 -0.153800  0.015353 -0.092874   1
  1  0  0.938300  0.237464  0.193028 -0.100094   2
  1  0  0.938300 -0.071336 -0.016423  0.066689   1
  1  0  0.938300  0.264581 -0.310688  0.557407   3
  1  0  0.938300  0.181918 -0.108464  0.509825   2
  1  0  0.938300  0.226812  0.423097  0.166837   4
  1  0  0.938300  0.029675  0.145635  0.835629   4
  1  0  0.938300 -0.139535 -0.065279 -0.007254   1
  1  0  0.938300  0.273216 -0.115574  0.694927   3
  1  0  0.938300  0.247824  0.042218  0.499048   4
  1  0  0.938300 -0.039265 -0.225685  0.719507   4
  1  0  0.938300  0.105434  0.128107  0.174492   1
  1  0  0.938300 -0.031774  0.102128  0.468483   6
  1  0  0.938300  0.233549  0.104130  0.211219   1
  1  0  0.938300  0.041730  0.126372  0.360031   3
  1  0  0.938300 -0.118956  0.122743  0.418389   5
  1  0  0.938300  0.063087 -0.160742  0.453005   4
  1  0  0.938300  0.194057 -0.047500  0.121165   5
  1  0  0.938300 -0.077941  0.679019  0.437557   3
  1  0  0.938300  0.011503  0.066262  0.351854   5
  1  0  0.938300  0.002115  0.083463  0.433318   6
  1  0  0.938300  0.107874  0.043556  0.335150   7
  1  0  0.938300  0.115968  0.344628  0.172994   9
  1  0  0.938300  0.142894  0.356144  0.454435   4
  1  0  0.938300  0.034867  0.160929  0.487255   2
  1  0  0.938300 -0.192392 -0.147855  0.106474   1
  1  0  0.938300 -0.000471 -0.198891 -0.016123   1
  1  0  0.938300 -0.188319 -0.013735  0.143161   5
  1  0  0.938300 -0.025496 -0.018234  0.309609   6
  1  0  0.938300  0.519423  0.275133  0.412091   6
  1  0  0.938300 -0.297315 -0.436266  0.624556   2
  1  0  0.938300  0.136150 -0.096201  0.055876   5
  1  0  0.938300 -0.066992 -0.189854  0.493539   5
  1  0  0.938300  0.213842 -0.370137  0.492134   2
  1  0  0.938300  0.260784 -0.227846  0.676235   4
  1  0  0.938300  0.241519 -0.061102  0.797693   8
  1  1  0.938300  0.226107  0.014133  0.469048   9
  1  0  0.938300  0.392064  0.101135  0.853948   5
  1  1  0.938300  0.000213 -0.145258  0.851070   2
  1  0  0.938300  0.129715  0.217655  0.419481   3
  1  0  0.938300  0.217734  0.280279  0.202968   2
  1  0  0.938300 -0.170218  0.258228  0.669712   9
  1  0  0.938300  0.172392 -0.013168  0.439815   5
  1  0  0.938300 -0.146218  0.212606  0.505306   5
  1  0  0.938300 -0.020776 -0.415018  0.164349   3
  1  0  0.938300  0.113743  0.093634  0.528458   3
  1  0  0.938300 -0.252719 -0.053466  0.812190   5
  1  0  0.938300  0.073054  0.348361 -0.089849   3
  1  0  0.938300  0.180707  0.239438 -0.246152   4
  1  0  0.938300 -0.007640  0.094357  0.354329   3
  1  0  0.938300 -0.235678 -0.103883  0.114036   5
  1  0  0.938300 -0.369280 -0.013048  0.626195   4
  1  0  0.938300  0.095133 -0.288595  0.295125   3
  1  0  0.938300  0.191837 -0.154480  0.007672   2
  1  0  0.938300  0.550346 -0.055403  0.311633   3
  1  0  0.938300 -0.195171  0.108213  0.599498   2
  1  0  0.938300 -0.010190 -0.282896  0.688686   4
  1  0  0.938300 -0.050244 -0.191189 -0.056589   1
  1  0  0.938300 -0.341658 -0.043160  0.713016   3
  1  1  0.938300  0.011982  0.096153  0.355710   2
  1  0  0.938300  0.230053 -0.341234  0.784403   4
  1  0  0.938300 -0.141494  0.129501  0.632006   4
  1  0  0.938300  0.252644  0.028054  0.488117   2
  1  0  0.938300 -0.003604  0.133098  0.108184   3
  1  0  0.938300  0.145678  0.389776  0.225055   4
  1  0  0.938300 -0.189771  0.269996  0.331856   3
  1  0  0.938300  0.092804 -0.030329  0.200202   9
  1  0  0.938300  0.190114  0.574628  0.770411   8
  1  0  0.938300 -0.063752 -0.260009  0.256475   3
  1  0  0.938300  0.118967  0.119077  0.188384   1
  1  0  0.938300 -0.027198  0.066740  0.616492   5
  1  0  0.938300  0.105234 -0.034976  0.246950   1
  1  0  0.938300  0.112925 -0.094733  0.349977   2
  1  0  0.938300  0.507069  0.025363  0.159558   2
  1  0  0.938300 -0.597454 -0.534001  0.859182  12
  1  0  0.938300 -0.225067  0.039821  0.379567   4
  1  0  0.938300 -0.081317  0.049050  0.272888   3
  1  0  0.938300 -0.033957 -0.225467  0.448703   2
  1  0  0.938300  0.092180  0.335887  0.521908   3
  1  0  0.938300 -0.402823  0.141185  0.512517   2
  1  1  0.938300 -0.113031 -0.009233  0.135072   3
  1  0  0.938300 -0.048387  0.022233  0.266191   1
  1  0  0.938300 -0.021966 -0.218334  0.483939   4
  1  0  0.938300  0.079158 -0.109877 -0.030782   1
  1  0  0.938300  0.265564 -0.188180  0.532556   3
  1  0  0.938300  0.278287  0.100689  0.187917   6
  1  0  0.938300  0.124823  0.139698  0.104556   2
  1  0  0.938300 -0.081912  0.268885  0.101917   3
  1  0  0.938300  0.088840 -0.198625  0.564491   3
  1  0  0.938300  0.147210  0.065933  0.588941   8
  1  0  0.938300 -0.100639  0.225979  0.505238   5
  1  0  0.938300  0.012212  0.573363  0.489991   3
  1  0  0.938300 -0.297054 -0.115635  0.266165   4
  1  0  0.938300 -0.051294 -0.000750 -0.003314   1
  1  0  0.938300 -0.124289 -0.379872  0.782965   8
  1  0  0.938300 -0.213851  0.548081  0.522036   6
  1  0  0.938300 -0.100987 -0.065252  0.514212   6
  1  0  0.938300  0.328653 -0.269293  0.648834   2
  1  0  0.938300 -0.105265  0.057946  0.311083   3
  1  1  0.938300 -0.171897  0.222933  0.638974   4
  1  0  0.938300  0.000456 -0.114519  0.290992   6
  1  0  0.938300  0.009540  0.019551  0.137967   3
  1  0  0.938300  0.362760  0.304641  0.044208   3
  1  0  0.938300 -0.245262 -0.793145  0.211824   3
  1  0  0.938300 -0.013973  0.230015  0.117043   6
  1  0  0.938300 -0.044098  0.004172  0.088428   1
  1  0  0.938300 -0.160360  0.178072  0.560402   6
  1  1  0.938300 -0.212973  0.243265  0.797095  -2
  1  1  0.938300  0.208603 -0.741818  0.094973  -4
  1  1  0.938300  0.234047 -0.701651  1.225540  -7
  1  1  0.938300 -0.735693  0.576263  0.865241  -2
  1  1  0.938300 -0.249929 -0.022615 -0.019303  -8
  1  1  0.938300 -0.368382 -0.313218  0.305899  -6
  1  1  0.938300 -0.243307 -0.076374  0.631181  -4
  1  1  0.938300 -0.100686 -0.095734  0.833626  -1
  1  1  0.938300 -0.131978  0.038191  0.943891  -1
  1  1  0.938300  0.251142 -0.180439  0.985682  -4
  1  1  0.938300  0.178972  0.276447  0.587440  -2
  1  1  0.938300  0.304357  0.236928  1.078795  -3
  1  1  0.938300  0.295156 -0.021130  0.605485  -3
  1  1  0.938300  0.003243  0.201478  1.150292  -1
  1  1  0.938300 -0.328743 -0.103639  0.924892  -5
  1  1  0.938300 -0.254663 -0.124231 -0.049296  -3
  1  1  0.938300  0.013292  0.059907  0.847840  -1
  1  1  0.938300 -0.086073  0.101259  0.915505  -1
  1  1  0.938300 -0.014896 -0.070293  0.929789  -1
  1  1  0.938300  0.028329  0.293449  0.401095  -1
  1  1  0.938300 -0.562155 -0.227054 -0.073394  -3
  1  1  0.938300 -0.074438  0.122938  0.483599  -3
  1  1  0.938300  0.043019 -0.193365 -0.110386  -5
  1  1  0.938300  0.096117  0.023003  0.684159  -3
  1  1  0.938300 -0.052607  0.045721  1.012072  -1
  1  1  0.938300  0.123006  0.000806  0.349140  -2
  1  1  0.938300 -0.289582  0.272541  0.896755  -2
  1  1  0.938300  0.015515  0.111758  0.889559  -1
  1  1  0.938300  0.106266 -0.225717  0.528738  -5
  1  1  0.938300  0.050983 -0.322038  0.246892  -2
  1  1  0.938300  0.062920  0.025048 -0.033718  -4
  1  1  0.938300 -0.291795  0.185410  0.222862  -5
  1  1  0.938300  0.148926  0.196808  0.557732  -3
  1  1  0.938300  0.076624 -0.035495  0.972146  -1
  1  1  0.938300 -0.162218 -0.040476  0.900513  -1
  1  1  0.938300  0.037715  0.123643  0.631931  -5
  1  1  0.938300  0.314459 -0.109681  0.422332  -5
  1  1  0.938300  0.148423 -0.245262  0.437468  -5
  1  0  0.938300  0.647013 -0.173579  0.464344  -3
  1  1  0.938300  0.177486  0.157870  0.770529  -6
  1  1  0.938300 -0.325258 -0.065132  0.626874  -2
  1  1  0.938300 -0.020433  0.066251  0.576115  -2
  1  1  0.938300 -0.302022  0.305692  0.431695  -3
  1  1  0.938300  0.180105 -0.086078  0.821110  -1
  1  1  0.938300  0.037643  0.058611  0.344968  -4
  1  1  0.938300 -0.132280  0.178607  0.560886  -2
  1  1  0.938300 -0.249072  0.354975  0.592634  -7
  1  1  0.938300  0.189647  0.056669  0.903187  -1
  1  1  0.938300 -0.160135  0.050875  0.360578  -3
  1  1  0.938300  0.303667 -0.161212  0.384718  -5
  1  1  0.938300  0.230905 -0.203743  0.844533  -3
  1  1  0.938300  0.400868  0.209115  0.628001  -3
  1  1  0.938300  0.010052 -0.225650  1.190108  -3
  1  1  0.938300 -0.274778  0.090202  0.292629  -4
  1  1  0.938300  0.078057 -0.468929  1.101832  -2
  1  1  0.938300 -0.101222 -0.012353  0.830712  -2
  1  1  0.938300 -0.476251  0.256798  0.986094  -4
  1  1  0.938300 -0.054412 -0.100896  1.141733  -1
  1  0  0.938300  0.092762 -0.070278  0.658498  -1
  1  1  0.938300 -0.185567  0.089447  0.490831  -3
  1  1  0.938300  0.248538  0.414410  1.090848  -2
  1  1  0.938300 -0.055926  0.303506  0.612306  -3
  1  1  0.938300 -0.124843  0.131256  0.525610  -7
  1  1  0.938300  0.110592 -0.167055  1.020760  -3
  1  0  0.938300 -0.082610  0.194381  0.601249 -11
  1  1  0.938300  0.109615  0.154906  0.726636  -2
  1  1  0.938300 -0.100369 -0.470425  0.340739  -5
  1  1  0.938300 -0.232210 -0.358061  0.835529  -2
  1  1  0.938300  0.297692  0.096040  0.564821  -2
  1  1  0.938300 -0.204926 -0.028581  0.631950  -6
  1  1  0.938300  0.036467 -0.111809  0.623385  -4
  1  1  0.938300  0.171915  0.009225  0.258292  -3
  1  1  0.938300  0.170225  0.207774  1.032571  -3
  1  1  0.938300  0.035242 -0.024018  0.322542  -2
  1  1  0.938300 -0.048532  0.032477  0.744353  -4
  1  1  0.938300 -0.094732  0.117138  0.527826  -4
  1  1  0.938300 -0.296839 -0.456973  0.646001  -5
  1  1  0.938300 -0.057482  0.043819  1.082802  -1
  1  1  0.938300 -0.072896  0.156691  1.099323  -2
  1  0  0.938300 -0.075820 -0.362272  0.351760  -3
  1  0  0.938300  0.092957  0.147217  0.898422  -3
  1  0  0.938300  0.238589  0.173532  0.177273  -2
  1  0  0.938300 -0.141320  0.061747  0.820166  -1
  1  0  0.938300  0.100461  0.112588  0.453574  -3
  1  0  0.938300  0.334438  0.062790  0.860381  -7
  1  0  0.938300  0.269962  0.111858  0.701537  -3
  1  0  0.938300  0.303961 -0.070772  0.886771  -3
  1  0  0.938300  0.012992  0.086660  0.450475  -8
  1  0  0.938300 -0.166469 -0.309611  0.555081  -3
  1  0  0.938300 -0.196245 -0.028947  0.650851  -6
  1  0  0.938300 -0.076020  0.000651  0.357243  -3
  1  0  0.938300  0.175384 -0.237679  0.864419  -2
  1  0  0.938300  0.258226  0.166829  0.673057  -3
  1  0  0.938300  0.358021  0.003693  0.167137  -3
  1  0  0.938300  0.246520  0.030089  0.845227  -2
  1  0  0.938300 -0.204084  0.189382  0.928190  -1
  1  0  0.938300 -0.238222 -0.146311  0.972518  -2
  1  0  0.938300  0.199229 -0.482854  0.248663  -5
  1  0  0.938300  0.357774 -0.221776  0.751751  -4
  1  0  0.938300 -0.118603 -0.067881  0.873098  -6
  1  1  0.938300 -0.156573 -0.134863  0.730642  -4
  1  0  0.938300  0.000558 -0.202794  1.163060  -2
  1  1  0.938300  0.472415  0.316216  1.065767  -9
  1  0  0.938300  0.156036 -0.413441  0.383815  -5
  1  0  0.938300 -0.131971  0.056048  0.918769  -1
  1  0  0.938300 -0.411118 -0.032114  0.209099  -2
  1  0  0.938300 -0.115825  0.234286  0.442953  -4
  1  0  0.938300 -0.133124  0.524488  0.264933  -3
  1  0  0.938300 -0.009153  0.430653  0.455236  -2
  1  0  0.938300 -0.416043 -0.055338  0.279468  -7
  1  0  0.938300 -0.528226  0.057310  0.581482  -7
  1  0  0.938300 -0.205569 -0.300042 -0.145350  -4
  1  0  0.938300 -0.158788 -0.423057  0.476398  -5
  1  0  0.938300  0.190429 -0.085952  0.533821  -3
  1  0  0.938300 -0.104426  0.123608  0.226359  -3
  1  0  0.938300  0.278357 -0.238291  0.405896  -6
  1  0  0.938300 -0.110717  0.119418  0.565183  -5
  1  0  0.938300  0.191491  0.141166  0.227306 -10
  1  0  0.938300 -0.010609 -0.187961  0.150123  -3
  1  0  0.938300 -0.027179 -0.081928  0.760678  -3
  1  0  0.938300 -0.476273 -0.048782  0.232005  -4
  1  0  0.938300  0.031413 -0.135807  0.615192  -2
  1  0  0.938300  0.257207 -0.612229  0.231894  -3
  1  0  0.938300 -0.052186 -0.053463  0.283861  -5
  1  0  0.938300 -0.094968 -0.348253  0.449401  -5
  1  1  0.938300  0.056862 -0.449597  1.454325  -1
  1  0  0.938300 -0.135247  0.033743  0.636233  -1
  1  0  0.938300  0.560350 -0.131172  0.626660  -3
  1  0  0.938300  0.244490 -0.207750  0.012709  -5
  1  0  0.938300  0.219402  0.201115  0.353999  -4
  1  0  0.938300  0.287129 -0.264615  0.691437  -2
  1  0  0.938300  0.101660 -0.079028  0.781240  -8
  1  0  0.938300  0.101209 -0.092952  0.688991  -3
  1  1  0.938300 -0.276322  0.390872  0.130478  -4
  1  0  0.938300 -0.061450 -0.176456  0.493038  -4
  1  1  0.938300  0.251098  0.195560  0.672188  -3
  1  0  0.938300 -0.163109 -0.137091  0.795681  -2
  1  0  0.938300 -0.618927 -0.220464  0.384788  -3
  1  0  0.938300  0.106086 -0.375388  0.393150  -5
  1  0  0.938300  0.154527  0.483927  0.302377  -4
  1  0  0.938300  0.067165  0.252616  0.637500  -7
  1  0  0.938300 -0.308694 -0.083131  0.625880  -4
  1  0  0.938300  0.131113 -0.215258  0.315211  -3
  1  0  0.938300  0.060163  0.173825  0.854019  -2
  1  0  0.938300 -0.417444  0.317743  0.360137  -6
  1  0  0.938300 -0.064540  0.232149  0.012492  -2
  1  0  0.938300  0.005973 -0.094061  0.697356  -1
  1  0  0.938300  0.125626  0.207551  1.031009 -10
  1  0  0.938300  0.122820 -0.074545  0.922942  -1
  1  0  0.938300  0.133688  0.030186  0.910116  -1
  1  0  0.938300 -0.158312  0.041662  0.244550  -5
  1  0  0.938300 -0.054332 -0.000031  0.528532  -7
  1  0  0.938300  0.228780  0.033424  0.221006  -2
  1  0  0.938300  0.003062 -0.229437  0.327762  -5
  1  0  0.938300  0.094665  0.070564  0.678021  -6
  1  0  0.938300  0.029864  0.546050  0.503176  -3
  1  0  0.938300  0.123459  0.188668  0.862120  -3
  1  0  0.938300 -0.698553 -0.195047  0.407570  -3
  1  0  0.938300 -0.157160  0.360583 -0.061925  -2
  1  0  0.938300 -0.272552  0.439777  0.802145  -3
  1  0  0.938300  0.027043 -0.085379  0.274534 -15
  1  0  0.938300 -0.016799  0.064172  0.646801  -5
  1  0  0.938300 -0.021662  0.320547  0.113484  -3
  1  0  0.938300 -0.116118 -0.030893  0.708978  -7
  1  0  0.938300 -0.276552  0.165109  0.782037  -3
  1  0  0.938300  0.213184 -0.197345  0.457782  -4
  1  0  0.938300 -0.274167  0.065045  1.171603  -2
  1  0  0.938300 -0.258592  0.322424  0.577955  -7
  1  0  0.938300 -0.646706  0.189504  0.874792  -4
  1  0  0.938300  0.090763 -0.178065  0.550358  -3
  1  0  0.938300 -0.219151  0.256448  0.670377  -3
  1  0  0.938300  0.012148 -0.163512  0.613193  -2
  1  0  0.938300  0.048694 -0.184794  0.482903  -6
  1  0  0.938300  0.563133  0.016465  0.727930  -2
  1  0  0.938300 -0.442084  0.037426  0.132722  -2
  1  0  0.938300 -0.032386  0.016464  0.972394  -1
  1  0  0.938300 -0.544583  0.020832  0.065580  -5
  1  0  0.938300  0.454990 -0.234589  0.650303  -6
  1  0  0.938300 -0.061063  0.051290  0.959309  -1
  1  0  0.938300 -0.339820 -0.029869  0.393656  -5
  1  0  0.938300 -0.062114  0.149737  0.337392  -3
  1  0  0.938300 -0.364312  0.056978  0.362159  -3
  1  0  0.938300 -0.647869  0.472301  1.368972  -3
  1  0  0.938300 -0.287847  0.203030  0.542141  -2
  1  0  0.938300 -0.059067  0.346254  0.218943  -6
  1  0  0.938300 -0.360113 -0.489278  0.258359  -3
  1  0  0.938300  0.352544 -0.370978  0.588410  -2
  1  0  0.938300  0.005590  0.300216  0.685534  -2
  1  0  0.938300  0.348003  0.051762  0.465000  -2
  1  0  0.938300  0.142575  0.102639  0.797634  -2
  1  0  0.938300 -0.092832  0.014713  0.853675  -1
  1  0  0.938300  0.699217 -0.039215  0.844061  -2
  1  0  0.938300  0.049982 -0.247034  0.360467  -3
  1  0  0.938300 -0.075589 -0.037158  0.503402  -4
  1  0  0.938300  0.274066 -0.131118  0.664836  -5
  1  0  0.938300  0.098761 -0.088998  0.774157  -1
  1  0  0.938300  0.080261  0.466406  0.985142  -3