  1  1  0.938300  0.115682 -0.526438  0.165388   3
  1  1  0.938300 -0.157162  0.262999  0.674722   4
  1  1  0.938300 -0.066942  0.103017  0.195525   1
  1  1  0.938300 -0.073773 -0.029585  0.862725  11
  1  1  0.938300  0.245897  0.084555  0.285330   2
  1  1  0.938300 -0.360953  0.086302  0.958766   4
  1  1  0.938300  0.290767 -0.128155  0.854162   4
  1  1  0.938300 -0.133696 -0.171066 -0.180254   4
  1  0  0.938300 -0.059280 -0.010705  0.387260   4
  1  1  0.938300 -0.060143 -0.248109  0.337740   4
  1  1  0.938300 -0.025156  0.294184  0.129095   3
  1  1  0.938300  0.408057 -0.245170  0.339102   4
  1  1  0.938300 -0.147764 -0.168766  0.123874   2
  1  0  0.938300 -0.057642  0.185459  0.807447   5
  1  1  0.938300  0.385611 -0.233510  0.530565   6
  1  1  0.938300  0.251745 -0.009677  0.173994   3
  1  1  0.938300 -0.147306  0.074388  0.643881   4
  1  1  0.938300  0.152901 -0.331199  0.106477   3
  1  1  0.938300 -0.086138 -0.189146  0.143602   5
  1  1  0.938300 -0.277811 -0.154782  0.321648   2
  1  1  0.938300 -0.194723 -0.242548  0.333622   6
  1  1  0.938300 -0.002747 -0.292400  0.090644   2
  1  1  0.938300 -0.066199  0.509022  0.228419   2
  1  1  0.938300  0.266474 -0.340131  0.423946   4
  1  1  0.938300 -0.283808  0.049504  0.029028   3
  1  1  0.938300  0.229426  0.057018  1.315549   4
  1  1  0.938300  0.082647 -0.516282  0.378264   4
  1  1  0.938300  0.074831 -0.128474 -0.059983   1
  1  1  0.938300 -0.045550 -0.164843 -0.031478   2
  1  1  0.938300 -0.142520  0.303796  0.569083   8
  1  1  0.938300 -0.074449 -0.256224  0.023362   1
  1  1  0.938300  0.179809  0.296034  0.103461   4
  1  1  0.938300  0.262170 -0.188621  1.083879   2
  1  1  0.938300  0.013655 -0.324344  0.479203   4
  1  0  0.938300  0.184035  0.281726 -0.139392   3
  1  1  0.938300 -0.005469  0.280208  0.622098   3
  1  1  0.938300 -0.023257 -0.035892  0.446623   7
  1  0  0.938300  0.015168 -0.315603  0.663994   4
  1  1  0.938300 -0.010765  0.090990  0.303599   2
  1  1  0.938300 -0.182786 -0.207393  0.308559   4
  1  1  0.938300 -0.243093 -0.152304  0.283461   4
  1  1  0.938300  0.235329  0.133862  0.070629   3
  1  1  0.938300 -0.057848 -0.100884  0.355793   3
  1  1  0.938300  0.352805 -0.155114  0.826478   3
  1  1  0.938300 -0.046858  0.229271  0.101438   2
  1  1  0.938300  0.210266 -0.155883 -0.023296   2
  1  1  0.938300  0.421179  0.154018  0.571055   2
  1  1  0.938300  0.065205  0.003692  0.280038   4
  1  1  0.938300  0.259908 -0.001445  0.544860   5
  1  1  0.938300 -0.286876 -0.056204  0.799455   7
  1  1  0.938300 -0.195368 -0.082055  0.331596   7
  1  1  0.938300 -0.257613  0.151991  0.285886   5
  1  1  0.938300  0.258940  0.062137  0.218205   3
  1  1  0.938300  0.111511  0.432427  0.788851   4
  1  1  0.938300 -0.293472 -0.160748  0.756604   3
  1  1  0.938300  0.048839  0.402205  0.521032   3
  1  1  0.938300 -0.324175 -0.535629  0.706858   2
  1  1  0.938300 -0.188358 -0.092017  0.629765   6
  1  1  0.938300 -0.229319  0.076919 -0.019247   1
  1  1  0.938300  0.014731 -0.168527  0.925151  10
  1  1  0.938300 -0.093066  0.137723  0.117886   1
  1  1  0.938300 -0.024982 -0.231312  0.308159   4
  1  1  0.938300 -0.142063 -0.139811  0.029599   1
  1  1  0.938300  0.033062  0.053454 -0.137906   1
  1  1  0.938300  0.116565 -0.022871  0.123967   1
  1  1  0.938300  0.348994 -0.189202 -0.110091   3
  1  1  0.938300 -0.366660  0.098865  0.226389   2
  1  1  0.938300  0.413438 -0.011062  0.373384  13
  1  1  0.938300 -0.450011 -0.119337  0.815146   4
  1  1  0.938300 -0.281535  0.017049  0.238347   2
  1  1  0.938300 -0.007757 -0.231976  0.914655   3
  1  1  0.938300 -0.177425  0.091520 -0.035119   1
  1  1  0.938300  0.416372 -0.694478  0.398794   3
  1  1  0.938300 -0.080720  0.084671  0.228392   1
  1  1  0.938300  0.056979 -0.102235  0.449839   4
  1  1  0.938300  0.204728 -0.276185  0.312875   2
  1  0  0.938300  0.483302  0.283843 -0.234095   6
  1  1  0.938300 -0.285152  0.267749  0.817891   4
  1  1  0.938300  0.016463 -0.011070  0.854130   3
  1  0  0.938300  0.015896 -0.333836  0.261836   4
  1  0  0.938300 -0.187295  0.147709  0.238831   3
  1  0  0.938300  0.293340  0.227162  0.249302   4
  1  0  0.938300  0.123808 -0.459150  0.411366   6
  1  0  0.938300 -0.090208  0.043623  0.626277   5
  1  0  0.938300  0.133952 -0.216655  0.681793   3
  1  0  0.938300 -0.006377  0.002182  0.203888   6
  1  0  0.938300 -0.132800 -0.475731  0.791421   3
  1  0  0.938300 -0.073604  0.015674  0.829778   4
  1  0  0.938300 -0.216073  0.233274  0.441608   2
  1  0  0.938300 -0.059036 -0.035454  0.155849   1
  1  0  0.938300  0.227462 -0.111981  0.782275   3
  1  0  0.938300 -0.251176  0.186906  0.448088   3
  1  0  0.938300 -0.050392  0.007840  0.468713   9
  1  0  0.938300  0.109972  0.289433  0.412479   4
  1  0  0.938300 -0.405757  0.133705  0.693565   4
  1  0  0.938300  0.084751  0.164742  0.560493   4
  1  0  0.938300  0.083594 -0.013959  0.338730   3
  1  0  0.938300 -0.158385  0.326369  0.558904   4
  1  0  0.938300 -0.155728  0.063944  0.730363   3
  1  0  0.938300  0.283259 -0.151935  0.239539  10
  1  0  0.938300  0.305093 -0.652524  0.357956   3
  1  0  0.938300 -0.124717 -0.343615  0.492393   6
  1  0  0.938300 -0.005083  0.032765  0.320469   1
  1  1  0.938300 -0.107498  0.126342  0.814145   7
  1  0  0.938300 -0.434132 -0.466867  0.591210   4
  1  0  0.938300  0.288495  0.168061  0.764756   3
  1  0  0.938300 -0.261949  0.027843  0.666106   4
  1  0  0.938300  0.082480 -0.212857  0.256012   2
  1  0  0.938300  0.073025  0.205627  0.356851   2
  1  0  0.938300  0.008594  0.088354  0.089069   1
  1  0  0.938300 -0.092219  0.187875  0.380103   3
  1  0  0.938300  0.166153  0.262757 -0.121910   2
  1  0  0.938300  0.001238  0.077843  0.094310   1
  1  0  0.938300  0.024335 -0.200696  0.796545   5
  1  0  0.938300 -0.255098  0.267047  0.352579   2
  1  0  0.938300  0.065452 -0.060937  0.159262   1
  1  0  0.938300 -0.515546 -0.630335  0.507121   2
  1  0  0.938300 -0.354728 -0.474790  0.657281   4
  1  0  0.938300  0.015433  0.306399  0.554374   2
  1  0  0.938300  0.039229 -0.089488  0.314703   2
  1  0  0.938300  0.391491 -0.058396  0.604523   6
  1  0  0.938300  0.060236 -0.277642  0.664042   8
  1  0  0.938300  0.028818  0.011643  0.031353   1
  1  0  0.938300 -0.238934 -0.118940  0.815043   4
  1  0  0.938300 -0.103100 -0.126506  0.400780   1
  1  0  0.938300  0.181100 -0.206511  0.818324   4
  1  0  0.938300  0.040814 -0.000485  0.132631   1
  1  0  0.938300 -0.140247  0.027221 -0.012795   2
  1  0  0.938300 -0.178713 -0.074898  0.324112   5
  1  1  0.938300  0.181907  0.157488  0.138986   9
  1  0  0.938300  0.011721  0.139209  0.966030   2
  1  0  0.938300  0.260299 -0.134081  0.356771   5
  1  0  0.938300 -0.065705 -0.216349  1.186222   3
  1  0  0.938300  0.049465 -0.032567 -0.057078   1
  1  0  0.938300 -0.004919  0.554786  0.178136   2
  1  0  0.938300 -0.019996 -0.249965  0.928616   3
  1  0  0.938300 -0.013135 -0.570487  0.505302   4
  1  1  0.938300  0.262862 -0.204745  0.147200   5
  1  0  0.938300  0.099075  0.036369  0.073398   2
  1  0  0.938300 -0.495225 -0.016672  0.647505   3
  1  0  0.938300  0.294415 -0.236162  0.722290   7
  1  0  0.938300 -0.305212 -0.312557  0.576477   2
  1  0  0.938300  0.245413  0.056131  0.450134   2
  1  0  0.938300 -0.263588 -0.168158  0.531223   4
  1  0  0.938300  0.022477  0.209477 -0.037386   1
  1  0  0.938300  0.077367  0.124438  0.007795   2
  1  0  0.938300 -0.036864 -0.102550  0.405025   7
  1  0  0.938300 -0.054400  0.025583  0.060676   2
  1  0  0.938300 -0.045368  0.053778 -0.104311   1
  1  0  0.938300  0.167428  0.026050 -0.067336   1
  1  0  0.938300  0.227853 -0.013709  0.974340   2
  1  0  0.938300 -0.023024 -0.036972  0.405734   3
  1  0  0.938300  0.446161 -0.058816  0.271628   4
  1  0  0.938300 -0.215514  0.087765  0.215903   2
  1  0  0.938300  0.090201  0.206649  0.204378   5
  1  0  0.938300  0.004802  0.671157  0.415818   5
  1  0  0.938300 -0.010178 -0.039653  0.262286   3
  1  0  0.938300 -0.468584  0.052973  0.520799   3
  1  0  0.938300  0.131363 -0.140012  0.392547   4
  1  0  0.938300 -0.067539 -0.145262  0.064018   1
  1  0  0.938300  0.025635 -0.143352  0.053659   2
  1  0  0.938300 -0.391960  0.168633  0.270744   2
  1  0  0.938300 -0.334132 -0.219248  1.180057   5
  1  0  0.938300  0.078995  0.384062  0.465503   4
  1  1  0.938300 -0.148539 -0.005790  0.556156   5
  1  0  0.938300  0.304357 -0.324713  0.721228  10
  1  0  0.938300 -0.066221  0.438018 -0.125594   5
  1  0  0.938300 -0.253094  0.321114  0.553880   7
  1  0  0.938300 -0.027887 -0.176489  0.650854   3
  1  0  0.938300 -0.095706  0.352757  0.518923   6
  1  0  0.938300 -0.218344 -0.045821 -0.116838   1
  1  0  0.938300 -0.413772  0.109764  0.663948   2
  1  1  0.938300 -0.455887  0.074729  0.818636   5
  1  0  0.938300  0.159115 -0.500237  0.402769   6
  1  0  0.938300  0.552277  0.173965  0.405943   2
  1  0  0.938300 -0.008836  0.047115  0.846209   5
  1  0  0.938300 -0.160608  0.289267  0.395807   5
  1  0  0.938300 -0.043106  0.085712  0.425181   5
  1  0  0.938300 -0.026167  0.185728  0.094948   5
  1  0  0.938300 -0.146266 -0.026228  0.459823   6
  1  0  0.938300  0.306168  0.237515  0.064119   1
  1  0  0.938300  0.231027  0.203847  0.350632  10
  1  0  0.938300 -0.199170 -0.135224  0.209523   3
  1  0  0.938300  0.126136  0.102310  0.114840   1
  1  0  0.938300 -0.063954  0.010447  0.593548   3
  1  0  0.938300  0.021670  0.006677  0.705214   3
  1  0  0.938300 -0.082498  0.079383  0.270909   1
  1  0  0.938300  0.242896 -0.005266  0.414338  11
  1  0  0.938300  0.187233  0.084870  0.601959   5
  1  0  0.938300 -0.143621  0.303626  0.183087   5
  1  1  0.938300  0.271250  0.299602  0.631177   8
  1  1  0.938300  0.037923  0.377285  0.454225   4
  1  0  0.938300 -0.044044  0.099511  0.592565   4
  1  0  0.938300  0.010764  0.111642  0.599075   7
  1  1  0.938300  0.454731  0.174023  0.397554   3
  1  0  0.938300  0.056852 -0.055451  0.267234   1
  1  1  0.938300  0.124137  0.456150  0.133540   1
  1  1  0.938300 -0.410415  0.044809  1.194324  -6
  1  1  0.938300 -0.419742  0.340413  0.823531  -2
  1  1  0.938300  0.087172  0.672169  0.331612  -3
  1  1  0.938300  0.298608  0.174129  0.991276  -3
  1  1  0.938300  0.028672  0.225986  0.575810 -16
  1  1  0.938300  0.060706  0.223719  0.432832  -2
  1  1  0.938300  0.116258  0.300152  0.228335  -4
  1  1  0.938300  0.420152 -0.122621  0.454826  -5
  1  1  0.938300 -0.076418  0.048752  0.929186  -1
  1  1  0.938300  0.204212 -0.102649  0.150290  -4
  1  1  0.938300 -0.351587  0.008905  0.931594  -5
  1  1  0.938300 -0.111989  0.211580  0.309524  -2
  1  1  0.938300 -0.484826  0.292820  0.604301  -3
  1  0  0.938300 -0.272822  0.204841  0.495022  -2
  1  1  0.938300  0.635157  0.037611  0.687141  -2
  1  1  0.938300  0.320015 -0.127783  0.494818  -4
  1  1  0.938300  0.158435  0.071969  0.422188  -3
  1  1  0.938300  0.038104  0.015907  0.814131  -1
  1  1  0.938300 -0.082275 -0.214556  0.830461  -5
  1  1  0.938300 -0.122872  0.142467  0.685811 -15
  1  1  0.938300  0.480316  0.145690  0.809237 -10
  1  1  0.938300  0.265791 -0.025831  0.277896  -5
  1  1  0.938300  0.293355 -0.050258  0.255582  -6
  1  1  0.938300  0.324737  0.156860  0.706300  -5
  1  1  0.938300 -0.402354 -0.179149  0.352112  -4
  1  1  0.938300 -0.237823 -0.386858  0.491723  -4
  1  1  0.938300  0.226304  0.099687  0.600245  -2
  1  1  0.938300 -0.037316 -0.266157  0.752447  -6
  1  1  0.938300  0.244804  0.137958  1.051223  -4
  1  1  0.938300 -0.019165 -0.133121  0.012899  -3
  1  0  0.938300  0.187970 -0.128092  0.353368  -4
  1  1  0.938300  0.320197 -0.007061  0.967718  -4
  1  1  0.938300  0.687701  0.506229  0.347217  -5
  1  1  0.938300 -0.194837  0.261084 -0.106884  -3
  1  1  0.938300  0.030305  0.366741  0.056108  -2
  1  1  0.938300  0.326696  0.141395  0.663155  -6
  1  1  0.938300  0.141188  0.228738  0.583325  -4
  1  1  0.938300 -0.441322  0.308337  0.818176  -7
  1  1  0.938300  0.078290  0.201584  0.760430  -1
  1  1  0.938300  0.170488 -0.297339  0.128386  -9
  1  1  0.938300  0.284838 -0.234355  0.670233  -5
  1  1  0.938300  0.428069 -0.172245  0.524458  -8
  1  1  0.938300  0.369824 -0.182487  0.102011 -10
  1  1  0.938300 -0.141610  0.371882  0.569800  -4
  1  1  0.938300  0.142155 -0.206759  0.729894  -4
  1  1  0.938300  0.049778  0.223870  0.551385  -2
  1  1  0.938300  0.328243 -0.191013  0.854832  -2
  1  1  0.938300 -0.253258  0.281733  0.106886  -2
  1  1  0.938300  0.119351  0.220886  0.486224  -4
  1  0  0.938300  0.371557 -0.020117  0.102047  -4
  1  1  0.938300  0.082818 -0.372250  1.356117  -4
  1  1  0.938300 -0.288618  0.462442  0.720711  -3
  1  1  0.938300 -0.303247  0.033989  0.785540  -4
  1  1  0.938300 -0.267273 -0.131390  0.459677  -4
  1  1  0.938300 -0.252525 -0.002955  0.427560  -7
  1  0  0.938300  0.110261  0.039672  0.692081  -6
  1  1  0.938300  0.156528 -0.191047  0.543315  -4
  1  1  0.938300 -0.157601 -0.313041  0.355056  -5
  1  1  0.938300 -0.129093  0.053820  0.823986  -5
  1  1  0.938300  0.044365  0.342716  0.361246  -7
  1  1  0.938300 -0.175315  0.191892  1.136531  -2
  1  1  0.938300 -0.131103  0.188819  0.360645  -3
  1  1  0.938300 -0.118187  0.065253  1.144581  -2
  1  1  0.938300 -0.340233 -0.124208  0.293145  -2
  1  1  0.938300 -0.219983 -0.123056  0.356661  -5
  1  1  0.938300 -0.058223  0.104613  0.509348  -2
  1  1  0.938300 -0.607387 -0.213955  0.477203  -5
  1  1  0.938300 -0.374607  0.155715  0.469290  -2
  1  1  0.938300  0.580281  0.006913  0.936816  -3
  1  1  0.938300 -0.149674  0.026977  0.392082  -7
  1  1  0.938300  0.046380 -0.113018  0.490103  -1
  1  1  0.938300 -0.549692 -0.269279  0.633922  -5
  1  1  0.938300 -0.110693  0.169903  0.496172  -1
  1  1  0.938300  0.220363  0.330520 -0.011426  -4
  1  1  0.938300  0.104724  0.056273  0.787379  -1
  1  1  0.938300 -0.153770 -0.073859  0.355321  -9
  1  1  0.938300  0.039206 -0.182840  0.667068  -7
  1  1  0.938300 -0.380386  0.078136  0.805070  -3
  1  1  0.938300 -0.202855 -0.034769  0.615968  -7
  1  0  0.938300 -0.196128  0.053234  0.747704  -8
  1  0  0.938300 -0.001141 -1.069610  0.683265  -8
  1  0  0.938300 -0.094773  0.338307  0.842412  -5
  1  0  0.938300 -0.235816  0.063638  0.956739  -6
  1  0  0.938300  0.168401  0.227845  0.704849  -1
  1  0  0.938300  0.010250 -0.424896  0.568012  -9
  1  0  0.938300  0.380328  0.027968  0.092731  -7
  1  0  0.938300 -0.283638  0.025072  0.761252  -2
  1  0  0.938300  0.282653 -0.144042 -0.022918  -4
  1  0  0.938300 -0.108803 -0.118330  0.839529  -1
  1  0  0.938300 -0.323417 -0.184387  0.632662  -3
  1  0  0.938300 -0.267212 -0.052413  0.746845  -5
  1  0  0.938300  0.158349 -0.387773  0.444278  -2
  1  0  0.938300  0.117049 -0.069321  0.402390  -3
  1  0  0.938300 -0.145587  0.272355  0.672806  -2
  1  0  0.938300  0.369942  0.127544  0.736765  -3
  1  0  0.938300 -0.126563  0.408004  0.406411  -2
  1  0  0.938300  0.115788 -0.208933  0.517631  -5
  1  0  0.938300  0.200461 -0.068642  1.094740  -2
  1  0  0.938300 -0.073414  0.276333  0.445307  -2
  1  0  0.938300  0.153710  0.080577  0.468724  -2
  1  0  0.938300 -0.862269  0.146876  0.590258 -12
  1  0  0.938300 -0.083146  0.105720  0.536182  -6
  1  0  0.938300 -0.297357 -0.615544  0.938860  -6
  1  0  0.938300 -0.195202  0.322822  0.840274  -2
  1  0  0.938300  0.133783 -0.078889  0.569413  -2
  1  0  0.938300 -0.111777  0.197077  0.142946  -8
  1  0  0.938300 -0.118011  0.208111  0.324798 -10
  1  0  0.938300  0.117933  0.037777  0.319103  -9
  1  0  0.938300 -0.153100 -0.140096  0.819420  -1
  1  0  0.938300  0.081931  0.111673  0.628178  -4
  1  0  0.938300  0.006133  0.113217  0.823001  -3
  1  0  0.938300  0.009661  0.062800  0.764366  -4
  1  0  0.938300  0.551033  0.268965  0.566927  -8
  1  0  0.938300  0.131344  0.831503  0.431764  -2
  1  0  0.938300  0.049008 -0.040614  0.709247  -2
  1  0  0.938300  0.377224  0.447922  0.891205  -4
  1  0  0.938300 -0.107410 -0.203665  0.139567  -4
  1  1  0.938300  0.500235  0.191249  0.106292  -9
  1  0  0.938300 -0.064090  0.126725 -0.013815  -5
  1  0  0.938300  0.268714  0.455134  0.951566  -4
  1  0  0.938300 -0.179835 -0.011289  0.816282  -6
  1  0  0.938300  0.020482  0.187401  0.867257  -1
  1  1  0.938300  0.091932 -0.183316  0.359059  -7
  1  0  0.938300 -0.168022  0.145869  0.695274  -1
  1  0  0.938300 -0.354581  0.089973  0.327999  -3
  1  0  0.938300  0.013554  0.081237  0.672787  -5
  1  0  0.938300 -0.091795 -0.158437  0.544982  -2
  1  0  0.938300  0.439182 -0.046662  0.482784  -3
  1  0  0.938300 -0.030084 -0.000070  0.217959  -4
  1  0  0.938300  0.163698 -0.171369  0.040952  -4
  1  0  0.938300 -0.070963  0.045363  0.211922  -4
  1  0  0.938300  0.147743  0.186550  0.554287  -5
  1  0  0.938300 -0.048024 -0.321832  0.819541  -2
  1  0  0.938300 -0.110180  0.003466  0.658987  -3
  1  0  0.938300  0.156094 -0.127847  0.264434  -7
  1  0  0.938300  0.034686  0.067700 -0.075036  -2
  1  0  0.938300 -0.344515  0.416944  0.700691  -3
  1  0  0.938300 -0.172729  0.200107  1.171085  -2
  1  0  0.938300  0.209793 -0.370575  0.853746  -2
  1  0  0.938300  0.307733  0.055727  0.235392  -9
  1  0  0.938300 -0.415782  0.252123  0.427137  -3
  1  0  0.938300 -0.052095  0.080039  0.754130  -1
  1  0  0.938300  0.007303 -0.213976  0.785069  -1
  1  0  0.938300  0.249047  0.047716  0.075894  -5
  1  0  0.938300 -0.011539 -0.232597  0.855216  -2
  1  0  0.938300  0.064047  0.068051  0.598547  -8
  1  0  0.938300 -0.015634  0.227540  0.745165  -4
  1  0  0.938300  0.018631 -0.010532  0.326147  -4
  1  0  0.938300 -0.451031 -0.547196  0.663913  -3
  1  0  0.938300  0.512740  0.162798  0.308118  -4
  1  0  0.938300 -0.222026  0.317808  0.126751  -3
  1  0  0.938300  0.311128 -0.176585  0.466771  -7
  1  0  0.938300  0.003951  0.274826  0.234479  -5
  1  0  0.938300 -0.149861  0.934233  0.711069  -5
  1  0  0.938300 -0.388580 -0.084522  0.289900  -2
  1  0  0.938300  0.259879 -0.205199  0.368271  -4
  1  0  0.938300  0.060775 -0.062875  0.708869  -1
  1  0  0.938300  0.157033  0.100144  0.050200  -7
  1  0  0.938300  0.244351 -0.052081  0.279325  -3
  1  0  0.938300 -0.136416 -0.392548  0.617303  -5
  1  0  0.938300  0.172999  0.284114  0.410314  -4
  1  0  0.938300  0.137560 -0.142157 -0.006862  -7
  1  0  0.938300  0.008065  0.036131  0.852207  -1
  1  1  0.938300  0.393267 -0.139694  0.674981  -3
  1  0  0.938300 -0.158406 -0.127114  0.295047  -2
  1  0  0.938300  0.258845 -0.218860  0.388004  -8
  1  0  0.938300 -0.157488 -0.150429  0.990468  -2
  1  0  0.938300  0.084891  0.024938  0.371421  -7
  1  0  0.938300 -0.213799 -0.094490  0.665462  -3
  1  0  0.938300 -0.013233 -0.111614  0.473561  -2
  1  0  0.938300 -0.038380  0.359233  0.035686  -4
  1  0  0.938300 -0.194343 -0.062025  1.152117  -1
  1  0  0.938300  0.024613 -0.090153  0.231135  -3
  1  0  0.938300  0.252698 -0.141558  1.137050  -2
  1  0  0.938300  0.262383  0.026289  0.298721  -5
  1  0  0.938300 -0.423253  0.165454  0.455428  -4
  1  0  0.938300 -0.122489 -0.218118  0.360316  -7
  1  0  0.938300 -0.240376  0.090245  0.610804  -4
  1  0  0.938300  0.135074 -0.018921  0.277189  -3
  1  0  0.938300  0.484852 -0.259990  0.654052  -7
  1  0  0.938300  0.098122  0.095198  1.085249  -1
  1  0  0.938300  0.066305  0.047000  0.724554  -1
  1  0  0.938300  0.091836 -0.143254  0.104841  -4
  1  0  0.938300  0.005053  0.093547  1.222664  -2
  1  0  0.938300  0.041078  0.001629  0.040020  -5
  1  0  0.938300 -0.001272  0.199349  1.046822  -4
  1  0  0.938300  0.046575 -0.177840  0.385502  -2
  1  0  0.938300  0.323213 -0.043878  0.190303  -5
  1  0  0.938300 -0.446137 -0.235788  0.408274  -5
  1  0  0.938300  0.482337 -0.142833  0.385173  -3
  1  0  0.938300 -0.140287  0.257520  0.214879  -3
  1  0  0.938300 -0.026693 -0.134386  0.580960  -1
  1  0  0.938300 -0.153071 -0.021315  0.295588  -2
  1  0  0.938300 -0.218692 -0.431534  0.820228  -2
  1  0  0.938300  0.304620  0.130362  0.481246  -3
  1  0  0.938300  0.226953 -0.443162  0.635801  -4
  1  0  0.938300  0.062512 -0.099328  0.451841  -3