  1  1  0.938300 -0.017852  0.257270 -0.005513   1
  1  0  0.938300  0.163005  0.644794  0.867664   8
  1  1  0.938300 -0.021083  0.344195  0.180795   3
  1  1  0.938300  0.418511 -0.341115  0.148818   4
  1  1  0.938300 -0.132827  0.155481  0.004318   1
  1  1  0.938300 -0.218324  0.144724  0.343394   3
  1  1  0.938300 -0.118776 -0.230433  0.265729   6
  1  1  0.938300  0.252794 -0.222863  0.477045   5
  1  1  0.938300 -0.289049  0.015981  0.437717   3
  1  1  0.938300  0.140490 -0.123771  0.027127   5
  1  1  0.938300 -0.042436  0.076797  0.466581   8
  1  1  0.938300 -0.171516  0.154233  0.040804   5
  1  1  0.938300  0.046315  0.065059  0.412862   3
  1  1  0.938300  0.271603  0.223894  0.059825   5
  1  0  0.938300  0.401222  0.274745  0.077576   9
  1  1  0.938300  0.005500  0.264033 -0.044925   2
  1  1  0.938300 -0.006798 -0.302167  0.152900   5
  1  1  0.938300 -0.129947  0.048568  0.646316   3
  1  1  0.938300  0.092825 -0.022923  0.152862   3
  1  0  0.938300  0.499382  0.575972  0.269619   4
  1  1  0.938300 -0.065430  0.177946  0.086392   4
  1  1  0.938300  0.047402 -0.055081  0.595633   8
  1  1  0.938300  0.277035 -0.047117  0.395527   4
  1  1  0.938300  0.057683  0.277970  0.414250   3
  1  1  0.938300 -0.113981 -0.072606  0.076904   1
  1  1  0.938300 -0.859717 -0.060393  1.025465   4
  1  1  0.938300  0.180318 -0.275701  0.141421  11
  1  1  0.938300  0.020270 -0.284099  0.090735   4
  1  1  0.938300  0.364955 -0.198555  0.218814   5
  1  1  0.938300 -0.181085  0.153557  0.476991   2
  1  1  0.938300  0.196592  0.108483  0.433461   6
  1  1  0.938300 -0.107665 -0.094114  0.383356   6
  1  1  0.938300 -0.241100 -0.265341  0.281991   4
  1  0  0.938300  0.118658 -0.259987  0.727442   3
  1  1  0.938300  0.403594 -0.112801  0.302738   4
  1  1  0.938300 -0.534532 -0.063779  0.633436   5
  1  1  0.938300 -0.045569  0.163589  0.293275   4
  1  1  0.938300 -0.162109  0.294520  0.423109   4
  1  1  0.938300 -0.227133  0.167509  0.333424   4
  1  1  0.938300 -0.166296 -0.629994  1.368704   3
  1  1  0.938300 -0.263778  0.048220  0.033435   1
  1  0  0.938300 -0.492150 -0.102374  0.519012   3
  1  1  0.938300  0.082863 -0.675247  1.049273   3
  1  1  0.938300 -0.112290 -0.060761  0.127363   6
  1  1  0.938300  0.017716 -0.089676  0.752681   6
  1  1  0.938300 -0.313909 -0.357041  0.986136   3
  1  1  0.938300 -0.407279 -0.483882  0.224931   2
  1  1  0.938300 -0.149684 -0.344092  0.617652   2
  1  1  0.938300  0.409800 -0.564468  0.254199   4
  1  1  0.938300  0.199985 -0.135253  0.476846   2
  1  1  0.938300 -0.137542  0.015073  0.259205   1
  1  1  0.938300  0.282604 -0.343738  0.223431   4
  1  1  0.938300 -0.182667 -0.197875  0.685392   2
  1  1  0.938300 -0.204475 -0.357629  0.136394   5
  1  1  0.938300 -0.064569  0.399023  0.765414   6
  1  1  0.938300 -0.001105 -0.054163  0.187483   1
  1  1  0.938300 -0.511994  0.212327  0.704577   2
  1  1  0.938300  0.414688 -0.533168  0.263109   2
  1  1  0.938300 -0.085988  0.197848  1.121757   8
  1  1  0.938300 -0.229770 -0.195661  0.215743   3
  1  1  0.938300  0.490370 -0.080855  0.260406   3
  1  1  0.938300  0.349226 -0.335211  0.330237   2
  1  0  0.938300 -0.199662  0.254399  0.545090   7
  1  1  0.938300 -0.063611  0.043307  0.881605   2
  1  1  0.938300  0.019403  0.026927  0.479338   3
  1  1  0.938300  0.064749 -0.007131  0.139878   4
  1  1  0.938300 -0.024090 -0.219103  0.155547   7
  1  1  0.938300 -0.015374 -0.128160  0.175078   5
  1  1  0.938300 -0.195373  0.392955  0.493018   4
  1  1  0.938300 -0.698294 -0.340294  0.845953   3
  1  1  0.938300  0.326202 -0.110996  0.435047   4
  1  1  0.938300 -0.171051  0.232891  0.393210   9
  1  1  0.938300 -0.066386  0.160909  0.003685   2
  1  1  0.938300  0.071481 -0.112058 -0.073196   1
  1  1  0.938300 -0.045155 -0.295448 -0.132451   3
  1  1  0.938300 -0.098193 -0.027032  0.253098   2
  1  1  0.938300 -0.808077 -0.166944  0.669182   7
  1  1  0.938300 -0.210123 -0.047370  0.944085   5
  1  0  0.938300  0.236962  0.358322  0.107641   2
  1  0  0.938300  0.011642  0.411087  0.184610   2
  1  0  0.938300 -0.310379  0.042157  0.121983   5
  1  0  0.938300 -0.035041  0.272017  0.595516   5
  1  0  0.938300  0.017414  0.251774  0.125693   3
  1  0  0.938300 -0.111036 -0.053122  0.043788   1
  1  0  0.938300 -0.188348 -0.008200  0.256797   5
  1  0  0.938300  0.107245 -0.145255  0.526429   3
  1  0  0.938300 -0.038383  0.218466  0.768859   5
  1  0  0.938300  0.667517  0.190200  0.418236   3
  1  0  0.938300 -0.063234 -0.248871  0.549268   6
  1  0  0.938300  0.110626 -0.100166  0.908312   3
  1  0  0.938300  0.438831 -0.209068  0.431616   4
  1  0  0.938300  0.290613  0.067513  0.228744   4
  1  0  0.938300 -0.350391  0.024345  0.298049   8
  1  0  0.938300  0.379510 -0.244540  0.758497   5
  1  0  0.938300  0.210824  0.021882  0.762522   3
  1  0  0.938300 -0.114871 -0.088708  0.714562   2
  1  0  0.938300 -0.093954 -0.020819  0.416785   2
  1  0  0.938300 -0.203035  0.074819  0.833674   5
  1  0  0.938300 -0.065706  0.022353  0.531653   2
  1  0  0.938300  0.055312  0.363578  0.355879   3
  1  0  0.938300  0.217415 -0.482951  0.319287   4
  1  0  0.938300  0.274894 -0.422411  0.878347   4
  1  1  0.938300 -0.166248 -0.196146  0.757163   7
  1  0  0.938300  0.430558  0.510524  0.622599   5
  1  0  0.938300 -0.225517  0.171741  0.639983   4
  1  0  0.938300  0.047549 -0.005264  0.380681   4
  1  0  0.938300 -0.091967  0.020121  0.011138   1
  1  0  0.938300  0.240054 -0.175611  0.502863   4
  1  0  0.938300 -0.013489  0.032421  0.026215   1
  1  1  0.938300  0.491590  0.040207 -0.002809   2
  1  0  0.938300  0.257348 -0.009074 -0.068788   2
  1  0  0.938300 -0.173193 -0.281654  0.435946   3
  1  1  0.938300  0.191579  0.030845  0.781229   3
  1  1  0.938300 -0.133165  0.513669  0.239250   2
  1  0  0.938300  0.084044  0.365718  1.206431   5
  1  0  0.938300 -0.301747 -0.083030  0.103170   2
  1  0  0.938300  0.174479  0.153882  0.740881   4
  1  0  0.938300 -0.177408  0.295668  0.882483   3
  1  0  0.938300 -0.204779  0.094321  0.267425   2
  1  0  0.938300  0.107840  0.255146  0.488510   8
  1  0  0.938300 -0.413180 -0.365971  0.654851   4
  1  0  0.938300  0.188614  0.040451  0.296054   4
  1  0  0.938300  0.250930  0.052578  0.547838   5
  1  0  0.938300 -0.292989  0.102068  0.408723   2
  1  0  0.938300 -0.069796 -0.201582  0.595013   6
  1  0  0.938300  0.264558 -0.346908  0.203628   4
  1  0  0.938300 -0.147744 -0.168769  0.190277   1
  1  1  0.938300 -0.029483  0.165967 -0.150156   4
  1  0  0.938300 -0.063690  0.223019  0.066786   1
  1  0  0.938300 -0.290876 -0.300475  0.600623   6
  1  0  0.938300  0.330839 -0.150758  0.314994   4
  1  1  0.938300  0.266832 -0.008103  0.427487   3
  1  0  0.938300 -0.160148  0.389548  0.421382   3
  1  0  0.938300 -0.001079  0.047691  0.075176   8
  1  1  0.938300 -0.000425  0.326064  0.287814   5
  1  0  0.938300 -0.067261 -0.275186  0.587147   5
  1  0  0.938300  0.165984  0.034666  0.605418   4
  1  0  0.938300 -0.064167  0.258142  0.648784   5
  1  0  0.938300  0.005477 -0.022060 -0.018220   1
  1  1  0.938300 -0.061795  0.478276  0.676441   2
  1  0  0.938300  0.079002 -0.009163  0.557706   7
  1  0  0.938300  0.531309  0.075860 -0.067629   4
  1  0  0.938300  0.035771  0.133187  0.535814   2
  1  0  0.938300  0.046639 -0.108121  0.063780   1
  1  0  0.938300  0.411232  0.043583  0.249963   6
  1  0  0.938300 -0.248685  0.214111  0.211629   2
  1  0  0.938300 -0.091038  0.500420  0.299720   3
  1  0  0.938300 -0.156682 -0.045163  0.146682   2
  1  0  0.938300  0.199076  0.272299  0.405579   5
  1  0  0.938300  0.286574 -0.099677  0.508662   3
  1  0  0.938300 -0.078478 -0.017573 -0.005900   1
  1  0  0.938300 -0.404543 -0.122395  1.079573   3
  1  0  0.938300 -0.110894 -0.320987  0.560971   6
  1  0  0.938300 -0.010373 -0.563021  0.369810   3
  1  0  0.938300  0.261392  0.336134  0.059138   2
  1  0  0.938300  0.169060  0.253092  0.428776   4
  1  0  0.938300  0.447787  0.130672  0.231744   4
  1  0  0.938300 -0.064802  0.073691  0.498519   4
  1  0  0.938300 -0.047741  0.022419  0.283794   2
  1  0  0.938300 -0.184644 -0.179994  0.310786   2
  1  0  0.938300  0.047029 -0.493926  0.454762   5
  1  0  0.938300 -0.041526 -0.480260  0.052118   5
  1  0  0.938300 -0.048270 -0.344725  0.078831   2
  1  0  0.938300  0.076778 -0.170574  0.166415   1
  1  0  0.938300  0.454983 -0.469602  0.542876   6
  1  0  0.938300 -0.122043  0.121634  0.435016   5
  1  0  0.938300 -0.132299  0.042053  0.087682   2
  1  0  0.938300 -0.079584 -0.117069 -0.062230   1
  1  0  0.938300 -0.258853 -0.021261  0.027301   4
  1  0  0.938300  0.481726  0.119727  0.328440   2
  1  0  0.938300 -0.392562  0.189896  0.244968   3
  1  0  0.938300 -0.169287  0.265501  0.267190   5
  1  0  0.938300 -0.246935  0.202285  0.630207   3
  1  1  0.938300  0.298604  0.190949  0.165792   6
  1  0  0.938300 -0.287531  0.032603  0.632060   3
  1  0  0.938300 -0.062448 -0.011275  0.235193   5
  1  0  0.938300 -0.001767 -0.088870  0.360353   3
  1  0  0.938300 -0.079038  0.152309  0.213446   5
  1  0  0.938300  0.397080  0.101611  0.888735   5
  1  0  0.938300  0.258775 -0.324903  0.279045   8
  1  0  0.938300 -0.330182  0.530766  0.248503   2
  1  0  0.938300 -0.187563 -0.028178  0.881176   3
  1  0  0.938300 -0.252376  0.182322  0.603441   5
  1  0  0.938300  0.259907 -0.119017  0.454141   5
  1  0  0.938300 -0.318812  0.083246  0.776854   2
  1  0  0.938300 -0.188094  0.055917  0.762043   6
  1  0  0.938300  0.099191 -0.390963  0.311397   9
  1  0  0.938300  0.044362  0.400588  0.187117   7
  1  0  0.938300  0.388783  0.118856  0.812715   4
  1  1  0.938300  0.368269 -0.510570  0.221662   8
  1  0  0.938300  0.083921  0.091853  0.345876   1
  1  0  0.938300  0.159865  0.310781  0.191363   3
  1  0  0.938300 -0.205447 -0.082867  0.286117   2
  1  0  0.938300 -0.080969  0.042548  0.416089   3
  1  0  0.938300 -0.198557 -0.136909  0.619705   3
  1  0  0.938300 -0.125366 -0.090667  0.371466   4
  1  0  0.938300  0.219754  0.160586  0.024793   1
  1  1  0.938300 -0.017893 -0.403484  0.213437  -4
  1  1  0.938300  0.278132 -0.187812  0.748641  -3
  1  1  0.938300  0.194393  0.056805  0.098618  -7
  1  1  0.938300 -0.341498  0.203586  1.056586  -3
  1  1  0.938300  0.162596 -0.159580  0.725024  -9
  1  1  0.938300  0.164507  0.129657  0.296637  -2
  1  0  0.938300 -0.177943  0.287902  1.015157  -4
  1  1  0.938300  0.077158  0.118884  0.152934  -5
  1  1  0.938300  0.127390  0.051106  0.910315  -1
  1  1  0.938300  0.229352 -0.128862  0.361267  -3
  1  0  0.938300  0.133243  0.160991  0.340090  -2
  1  0  0.938300 -0.004721 -0.226425  0.205490  -6
  1  1  0.938300  0.312266  0.012244  0.327667  -2
  1  1  0.938300 -0.044604 -0.204914  0.365269  -2
  1  1  0.938300 -0.162781 -0.101562  0.493891  -3
  1  1  0.938300 -0.223977  0.509294  0.749797  -2
  1  1  0.938300 -0.133822  0.141771  0.697368  -4
  1  1  0.938300 -0.151763 -0.188488  0.932490  -3
  1  0  0.938300 -0.348841 -0.290155  0.192006  -4
  1  1  0.938300  0.182980  0.029859  0.803357  -1
  1  1  0.938300 -0.119490  0.386022  0.590050  -6
  1  1  0.938300 -0.004068 -0.391510  0.569333  -5
  1  1  0.938300  0.141048 -0.039784  0.888650  -1
  1  1  0.938300 -0.166135 -0.197420  0.813275  -4
  1  1  0.938300  0.096316  0.081946  1.130644  -1
  1  1  0.938300  0.326367 -0.282376  0.802504  -2
  1  1  0.938300  0.575602 -0.247831  0.752933  -3
  1  0  0.938300 -0.187701 -0.183841  0.639729  -3
  1  1  0.938300 -0.733301  0.002968  0.303853  -6
  1  1  0.938300  0.257270 -0.207153  0.045311  -2
  1  1  0.938300 -0.057153 -0.362833  0.604079  -2
  1  1  0.938300  0.391643 -0.010750  0.513252  -6
  1  1  0.938300  0.284845 -0.094836  0.083731  -5
  1  1  0.938300  0.185286  0.499605  0.359355  -4
  1  1  0.938300 -0.008283  0.033068  0.264202  -3
  1  1  0.938300  0.244919 -0.234371  0.706316  -2
  1  1  0.938300  0.117141 -0.330749  0.246707  -6
  1  1  0.938300  0.112826  0.402061  0.218381  -4
  1  1  0.938300  0.109539  0.460377  0.345737  -2
  1  1  0.938300  0.206233 -0.003623  0.290269  -5
  1  0  0.938300  0.181041 -0.017158  0.697117  -4
  1  1  0.938300  0.184250 -0.115878  0.067745  -9
  1  0  0.938300 -0.100398  0.149737  0.325819  -3
  1  1  0.938300  0.088148  0.006392  0.663573  -1
  1  1  0.938300  0.171992  0.303097  0.232905  -3
  1  1  0.938300  0.074794  0.245374  0.244849  -2
  1  0  0.938300 -0.056893 -0.221229  0.668760  -8
  1  1  0.938300  0.053175  0.108329  1.026306  -2
  1  1  0.938300  0.038618 -0.113087  0.850469  -3
  1  1  0.938300 -0.136558 -0.024126  0.678957  -1
  1  1  0.938300  0.166149 -0.058805  0.388871  -2
  1  0  0.938300 -0.201762  0.292270  1.132478  -3
  1  1  0.938300  0.128566  0.373434  1.007204  -5
  1  1  0.938300  0.110138  0.187928  1.101749  -5
  1  1  0.938300 -0.082817 -0.145483  0.317896  -4
  1  1  0.938300 -0.183208 -0.149553  0.271280  -4
  1  1  0.938300 -0.005542 -0.066833  0.358364  -2
  1  1  0.938300  0.048250 -0.013198  0.506412  -2
  1  1  0.938300  0.227325 -0.035495  0.866397  -3
  1  1  0.938300 -0.060958  0.002697  0.691058  -3
  1  1  0.938300  0.057807  0.039369  0.452315  -4
  1  1  0.938300 -0.196464 -0.262180  0.547431  -5
  1  1  0.938300  0.057918  0.467725  0.268423  -4
  1  1  0.938300  0.690031 -0.010469  0.817790  -3
  1  1  0.938300 -0.164053 -0.040533  0.316649  -5
  1  1  0.938300 -0.186691 -0.206887  0.399000  -5
  1  1  0.938300  0.158991  0.308574  0.595098  -5
  1  1  0.938300 -0.121212  0.105172  0.486662  -2
  1  1  0.938300  0.095553  0.014436  0.976762  -2
  1  1  0.938300  0.120592 -0.118313  0.279677 -10
  1  1  0.938300  0.287501  0.050086 -0.020268  -2
  1  1  0.938300 -0.413467 -0.188037  0.383258  -2
  1  1  0.938300  0.032843 -0.361917  0.770994  -4
  1  1  0.938300 -0.152424  0.208473  0.772570  -4
  1  1  0.938300 -0.484527 -0.003914  0.390530  -2
  1  1  0.938300  0.117999 -0.231901  0.347504  -6
  1  1  0.938300  0.612026  0.131002  0.669474  -3
  1  0  0.938300 -0.006687  0.000198  0.624711  -2
  1  1  0.938300 -0.256079  0.019739  1.054096  -1
  1  0  0.938300  0.092804  0.052369  1.094439  -4
  1  0  0.938300  0.285354 -0.136755  0.461550  -5
  1  0  0.938300  0.026646  0.009358  0.866371  -6
  1  0  0.938300  0.147942 -0.161414  0.519445  -7
  1  0  0.938300 -0.309166 -0.405367  0.833898  -2
  1  0  0.938300  0.023177  0.354353  0.876643  -2
  1  0  0.938300  0.188299 -0.134344  0.698762  -5
  1  0  0.938300  0.389603 -0.102490  0.124946  -3
  1  0  0.938300 -0.123451  0.154611  0.972402  -1
  1  0  0.938300 -0.201709 -0.078097  0.788830  -1
  1  0  0.938300 -0.054936 -0.180959  0.386436  -7
  1  0  0.938300  0.356036 -0.052666  0.374596  -3
  1  0  0.938300 -0.289118  0.165840  0.470164  -2
  1  0  0.938300 -0.066957  0.197254  0.603988  -3
  1  0  0.938300  0.165374  0.457272  0.919329  -2
  1  0  0.938300  0.015204  0.181405  0.715050  -2
  1  0  0.938300 -0.265245  0.197725  0.851860  -4
  1  0  0.938300  0.219192 -0.150397  0.540036  -6
  1  0  0.938300  0.289747  0.092034  0.292090  -2
  1  0  0.938300 -0.300913 -0.053799  0.830178  -6
  1  0  0.938300 -0.068106 -0.304315  0.884188  -5
  1  0  0.938300  0.020200  0.076819  1.052251  -1
  1  0  0.938300 -0.049586  0.467002  0.758845  -3
  1  0  0.938300 -0.213390 -0.296872  0.534106  -2
  1  0  0.938300 -0.414571  0.128682  0.853550  -7
  1  0  0.938300 -0.308230  0.356445  0.704795  -2
  1  0  0.938300 -0.341097 -0.168575  0.755135  -1
  1  0  0.938300 -0.013078  0.067120  0.635610  -2
  1  0  0.938300 -0.143507 -0.074886  0.026592  -7
  1  1  0.938300  0.246065  0.258907  0.310867  -3
  1  0  0.938300  0.066543 -0.198860  0.428022  -2
  1  0  0.938300 -0.014212 -0.276603  0.711469  -1
  1  0  0.938300  0.080923  0.046597  1.081066  -1
  1  0  0.938300  0.262659  0.086805  0.519983  -2
  1  0  0.938300 -0.038153 -0.222717  0.958483  -2
  1  1  0.938300  0.238635 -0.195250  0.808099 -11
  1  0  0.938300  0.074630  0.411815  0.494410  -3
  1  0  0.938300  0.173534 -0.307667 -0.039134  -3
  1  0  0.938300 -0.122120 -0.206490  0.725637  -1
  1  0  0.938300  0.201299  0.308050  0.325513  -4
  1  0  0.938300  0.069392 -0.002010  0.253855  -4
  1  0  0.938300 -0.230589  0.023877  1.041218  -6
  1  0  0.938300 -0.248054  0.390451  0.544455  -2
  1  0  0.938300  0.134404  0.020520  0.452715  -2
  1  0  0.938300  0.186562  0.133687  0.604265  -4
  1  0  0.938300  0.316028 -0.491823  0.818901  -5
  1  0  0.938300  0.104147 -0.229449  0.104826  -5
  1  0  0.938300  0.231891  0.883563  0.770023  -2
  1  0  0.938300 -0.499151 -0.155372  0.383021  -7
  1  0  0.938300 -0.122956 -0.056171  0.546305  -3
  1  0  0.938300  0.194563  0.265360  0.418362  -3
  1  0  0.938300 -0.291144 -0.112897  0.341446  -7
  1  0  0.938300 -0.414794  0.219013  0.487465  -4
  1  0  0.938300 -0.074052 -0.408884  0.373985  -5
  1  0  0.938300 -0.198344  0.216266  0.324541  -5
  1  0  0.938300  0.032446 -0.501328  0.386180  -6
  1  0  0.938300  0.019070  0.127609  0.827265  -1
  1  0  0.938300 -0.424980  0.024070  0.413081  -7
  1  0  0.938300 -0.068149  0.294530  0.461926  -3
  1  0  0.938300  0.149044 -0.531957  0.243285  -4
  1  0  0.938300  0.261797 -0.060975  0.691566  -2
  1  0  0.938300  0.061561 -0.008810 -0.204182  -4
  1  0  0.938300 -0.019819  0.053799  0.988332  -1
  1  0  0.938300  0.288822 -0.392195  0.246570  -3
  1  0  0.938300  0.100083 -0.229228  0.134351  -3
  1  0  0.938300 -0.015377 -0.101034  0.967465  -1
  1  1  0.938300  0.264418  0.474995  0.302740  -6
  1  0  0.938300 -0.027586  0.040495  0.245363  -5
  1  0  0.938300  0.131615  0.385781  0.661558  -3
  1  0  0.938300 -0.067460 -0.135575  0.788027  -3
  1  1  0.938300 -0.469614 -0.050940  0.235717  -6
  1  0  0.938300  0.294709  0.204567  0.549364  -6
  1  0  0.938300 -0.005952 -0.238214  0.866656  -3
  1  0  0.938300  0.283130 -0.088246  0.608805  -5
  1  0  0.938300  0.046981  0.127778  0.753868  -3
  1  0  0.938300  0.142757  0.425904  0.362443  -7
  1  0  0.938300 -0.172960  0.081941  0.422188  -3
  1  0  0.938300 -0.074193  0.043640  0.420131  -4
  1  1  0.938300 -0.117978 -0.126102  0.233924  -6
  1  0  0.938300 -0.227964  0.300468  0.376727  -3
  1  0  0.938300 -0.517292 -0.069499  0.281900  -3
  1  0  0.938300  0.268236  0.137321  0.683261  -2
  1  0  0.938300 -0.590187 -0.181767  0.408589  -9
  1  0  0.938300  0.181358 -0.026296  0.907588  -3
  1  1  0.938300  0.185929  0.171845  0.611123  -4
  1  0  0.938300 -0.093338 -0.061942  0.869713  -1
  1  1  0.938300 -0.441549 -0.310575  0.790140  -5
  1  0  0.938300 -0.077609 -0.060953  0.512876  -4
  1  0  0.938300 -0.287082  0.069317  0.834789  -2
  1  0  0.938300 -0.038389 -0.289986  0.521114  -5
  1  0  0.938300 -0.297782 -0.375084  0.089350  -9
  1  1  0.938300  0.034756  0.086837  0.779872 -11
  1  0  0.938300  0.182159  0.179891  0.054352 -10
  1  0  0.938300  0.172244  0.014731  0.974757  -1
  1  0  0.938300 -0.087067  0.571609  0.787794  -3
  1  0  0.938300 -0.057677 -0.035606  0.587354  -2
  1  0  0.938300  0.010093  0.188670  0.285323  -4
  1  0  0.938300 -0.500435 -0.258216  0.529942  -3
  1  0  0.938300  0.278460  0.877528  0.805642  -6
  1  0  0.938300  0.075398 -0.529694  0.712786  -5
  1  0  0.938300 -0.056313  0.242436  0.454308  -4
  1  0  0.938300  0.088160 -0.188146  0.641737  -1
  1  0  0.938300 -0.258184 -0.099045  0.511855  -5
  1  0  0.938300 -0.257730  0.058686  0.430493  -3
  1  0  0.938300  0.424912 -0.130249  0.434985  -3
  1  0  0.938300 -0.110660 -0.148759  0.658687  -3
  1  0  0.938300 -0.180322  0.420248  0.543829  -5
  1  0  0.938300  0.071242  0.184213  0.946282  -2
  1  0  0.938300  0.098023  0.457877  0.831588  -6
  1  0  0.938300 -0.236291  0.389388  0.432711  -4
  1  0  0.938300  0.054335  0.051375  0.391608  -2
  1  0  0.938300 -0.270990  0.076002  0.609571  -3
  1  0  0.938300 -0.121743 -0.012474  0.249061  -4
  1  0  0.938300  0.113579  0.348350  0.686135  -5
  1  0  0.938300  0.115002 -0.301078  0.240432  -2
  1  0  0.938300 -0.095637  0.033193  0.614889  -3
  1  0  0.938300  0.285036  0.201349  0.361914  -4
  1  0  0.938300 -0.388155  0.321130  0.578537  -4