  1  1  0.938300 -0.127085 -0.108337  0.143984   5
  1  1  0.938300 -0.028128 -0.256251  0.233944   5
  1  1  0.938300  0.041046 -0.412232  0.631119   2
  1  1  0.938300 -0.575289 -0.003753  0.750410   8
  1  1  0.938300  0.021310  0.240612  0.652886   5
  1  1  0.938300 -0.048881  0.101805  0.117142   1
  1  1  0.938300 -0.078646 -0.366500  0.991088   2
  1  0  0.938300  0.289112 -0.046612  0.506132   4
  1  1  0.938300  0.443812 -0.009287  0.054071   5
  1  1  0.938300 -0.089887 -0.095558  0.274036   2
  1  1  0.938300 -0.301101  0.138733  0.700249   3
  1  1  0.938300  0.011392 -0.075246  0.155465   1
  1  1  0.938300 -0.497085  0.132855  0.097907   2
  1  1  0.938300 -0.140272 -0.021964  0.052050   1
  1  1  0.938300  0.320151 -0.282712  0.021053   3
  1  1  0.938300 -0.019723  0.074336  0.764296   4
  1  1  0.938300  0.185893  0.133187  0.073740   1
  1  1  0.938300 -0.164910  0.178473 -0.156409   6
  1  1  0.938300  0.150708 -0.344205  0.444161   4
  1  1  0.938300 -0.063049 -0.120897  0.131846   1
  1  1  0.938300 -0.146616  0.034022  0.514186   3
  1  1  0.938300  0.155073 -0.057914  0.127746   1
  1  0  0.938300 -0.271360  0.319046  0.305597   7
  1  1  0.938300 -0.287435  0.243446  0.235465   6
  1  1  0.938300  0.013547  0.161596  0.008862   1
  1  1  0.938300  0.146077  0.114421  0.106611  10
  1  1  0.938300  0.007334  0.030426  0.629610   3
  1  1  0.938300 -0.132310 -0.336361  0.460971   4
  1  1  0.938300 -0.229081  0.224519  0.184587   4
  1  1  0.938300 -0.024305  0.513875  0.397904   4
  1  1  0.938300 -0.214573  0.069367  0.102309   5
  1  1  0.938300  0.060084  0.010412  0.140001   4
  1  1  0.938300  0.169902  0.351355  0.371305   4
  1  1  0.938300  0.058342 -0.161248  0.495548   5
  1  1  0.938300 -0.570440 -0.487204 -0.054718   3
  1  1  0.938300  0.090823 -0.016101  0.557802   3
  1  1  0.938300  0.164328  0.297867  0.434653   3
  1  1  0.938300 -0.222952  0.054070  0.111231   7
  1  1  0.938300  0.095157 -0.047940  0.034129   4
  1  1  0.938300  0.029384  0.120699  0.863502   5
  1  0  0.938300 -0.281341 -0.004055  0.178105   5
  1  1  0.938300 -0.073637 -0.046107  0.287329   2
  1  1  0.938300  0.686642  0.023830  0.870750   3
  1  1  0.938300 -0.761634  0.023103  0.667936   4
  1  1  0.938300  0.292971 -0.050360  0.623628   6
  1  1  0.938300 -0.162885 -0.504960  0.354937   3
  1  1  0.938300 -0.259081 -0.113986  0.837456   5
  1  1  0.938300  0.387322 -0.477824  0.270244   2
  1  1  0.938300  0.278431  0.276008  0.145854   5
  1  1  0.938300  0.268289 -0.159682  0.519730   2
  1  0  0.938300 -0.708217  0.555825  0.993453   4
  1  1  0.938300 -0.125465 -0.321680  0.706607   4
  1  1  0.938300 -0.311776  0.067678  0.807568   3
  1  1  0.938300 -0.638966 -0.057727  0.567874   6
  1  1  0.938300  0.433977  0.110769  0.188627   4
  1  1  0.938300 -0.161240 -0.418927  0.456269   4
  1  1  0.938300 -0.136883  0.291695 -0.104614   3
  1  1  0.938300  0.055574  0.048855  0.075219   1
  1  1  0.938300  0.638904 -0.067194  0.852623   4
  1  1  0.938300  0.420215  0.071297  0.571680   4
  1  1  0.938300 -0.197979  0.322417  0.639258   6
  1  1  0.938300 -0.064768  0.180386  0.052169   1
  1  1  0.938300  0.083275 -0.081899  0.225379   1
  1  1  0.938300 -0.015518  0.124609  0.975886   4
  1  1  0.938300 -0.015572 -0.467270  0.185106   2
  1  1  0.938300  0.221171 -0.354537  0.699138   3
  1  1  0.938300 -0.136273 -0.018939  0.463116   3
  1  1  0.938300  0.045478 -0.138244  0.635690   4
  1  1  0.938300 -0.310564  0.148248  0.959012   4
  1  1  0.938300  0.084767 -0.055435 -0.112580   5
  1  1  0.938300  0.214919 -0.376015  0.194034   4
  1  1  0.938300  0.055491 -0.109155  0.223282   4
  1  1  0.938300 -0.077991  0.016856  0.358652   2
  1  1  0.938300  0.024270  0.959023  0.623866   5
  1  0  0.938300  0.155599 -0.171584  0.129215   4
  1  1  0.938300  0.041173  0.526455  0.512262   3
  1  1  0.938300  0.073923  0.581955  0.671233   2
  1  1  0.938300  0.085119  0.059688  0.272085   3
  1  1  0.938300  0.028833 -0.182707  0.720277   6
  1  0  0.938300  0.106131 -0.349143  0.062933   2
  1  0  0.938300  0.367245  0.123910  0.255654   2
  1  0  0.938300 -0.278629  0.145016  0.077829   8
  1  0  0.938300 -0.221092 -0.208415  0.056375   3
  1  0  0.938300  0.030628 -0.281607 -0.180765   3
  1  0  0.938300 -0.286032 -0.013339  0.346192   5
  1  1  0.938300 -0.267483  0.071952  0.900301  11
  1  0  0.938300 -0.081140 -0.008137  0.177029   1
  1  0  0.938300  0.011270  0.060478 -0.140967   1
  1  0  0.938300 -0.164300  0.061692  0.661970   4
  1  0  0.938300 -0.100051  0.013034  0.997605   5
  1  0  0.938300  0.139823 -0.279192  0.065705   4
  1  0  0.938300 -0.141900  0.240566  0.596342   3
  1  0  0.938300  0.009121 -0.028573 -0.032793   1
  1  1  0.938300 -0.255084 -0.131317  0.250510   2
  1  1  0.938300 -0.135475 -0.001391  1.058143   5
  1  0  0.938300 -0.030129  0.026512  0.847315   2
  1  0  0.938300  0.468694  0.261940  0.571570   3
  1  0  0.938300  0.300508  0.130596  0.540920   4
  1  0  0.938300  0.096053  0.174161  0.200839   2
  1  0  0.938300  0.209928 -0.075981  0.753596   7
  1  0  0.938300 -0.040913  0.077502 -0.003241   6
  1  0  0.938300 -0.252777 -0.065911  0.284245   3
  1  0  0.938300 -0.241584  0.116994  0.934691   6
  1  0  0.938300 -0.024901  0.158858  0.600980   3
  1  0  0.938300  0.017665 -0.091199  0.071762   1
  1  0  0.938300 -0.215044  0.052712  0.254627   1
  1  0  0.938300 -0.338276  0.107922  0.536037   2
  1  0  0.938300  0.085501 -0.406233  0.486030   8
  1  0  0.938300  0.071617  0.037889  0.336163   1
  1  0  0.938300 -0.354184 -0.017803  0.326482   2
  1  0  0.938300 -0.074106  0.378923  0.505195   5
  1  0  0.938300 -0.086398  0.321218  0.276661   2
  1  0  0.938300  0.079874 -0.331217  0.334021   3
  1  0  0.938300 -0.219392 -0.210824  0.584389   3
  1  0  0.938300 -0.371574  0.064200  0.159448   2
  1  0  0.938300 -0.073281  0.091425  0.032366   4
  1  0  0.938300  0.727635 -0.017202  0.158598   2
  1  0  0.938300  0.031314 -0.212889  0.411629   3
  1  0  0.938300  0.047076 -0.281651  0.361678   5
  1  0  0.938300 -0.097563  0.064616  0.054994   2
  1  0  0.938300 -0.150787  0.068490  0.182692   4
  1  0  0.938300 -0.143477  0.167883  0.027054   4
  1  0  0.938300  0.040286  0.354123  0.442806   5
  1  0  0.938300 -0.323166  0.415054  0.607005   6
  1  0  0.938300 -0.163168  0.217818  0.224363   2
  1  0  0.938300  0.392980  0.553930  0.378188   2
  1  0  0.938300  0.362288 -0.068969  0.456193   5
  1  0  0.938300  0.045509  0.360622  1.038607   5
  1  0  0.938300 -0.258085 -0.390790  0.378593   3
  1  0  0.938300 -0.202380  0.188120  0.921365   6
  1  0  0.938300  0.272402  0.015719  0.833261   4
  1  0  0.938300  0.144329 -0.201804  0.427353   5
  1  0  0.938300 -0.038732 -0.270079  0.135075   3
  1  0  0.938300  0.086663  0.329081  0.235726   2
  1  0  0.938300  0.003692  0.039508  0.006034   1
  1  0  0.938300 -0.202862  0.002204  0.235631   8
  1  0  0.938300 -0.060812  0.019415  0.227701   1
  1  1  0.938300  0.309357  0.321676  0.474905   4
  1  0  0.938300 -0.267912  0.265488  0.601543   6
  1  0  0.938300  0.117022  0.192757  0.512209   3
  1  0  0.938300 -0.013480  0.051042  0.512454   4
  1  0  0.938300  0.301719  0.260955  0.231832   4
  1  0  0.938300  0.137457 -0.309954  0.043404   2
  1  0  0.938300  0.032649  0.230478  0.604398   5
  1  0  0.938300  0.418125 -0.090695  0.210709   3
  1  0  0.938300  0.249334  0.125815  0.492625   4
  1  0  0.938300  0.186529 -0.014737  0.267214   3
  1  0  0.938300 -0.155294 -0.168320  0.542863   8
  1  0  0.938300  0.034753  0.044295  0.308479   4
  1  0  0.938300  0.445626  0.018106  0.605295   3
  1  1  0.938300  0.117836 -0.017312  0.662208   3
  1  0  0.938300 -0.264342  0.054468  0.377891   4
  1  0  0.938300 -0.009252  0.110901  0.526282   5
  1  0  0.938300  0.038187  0.003733  0.510288  12
  1  0  0.938300  0.109853 -0.078179  0.708463   3
  1  0  0.938300  0.134242 -0.298048  0.274484   3
  1  0  0.938300 -0.273171  0.020741  0.875209   4
  1  0  0.938300  0.292772  0.089508  0.885119   3
  1  0  0.938300 -0.038234  0.268018  0.215713   3
  1  0  0.938300  0.138501 -0.356922  0.578797   3
  1  0  0.938300 -0.181644 -0.294655 -0.000131   5
  1  0  0.938300  0.021063  0.033205 -0.020285   1
  1  0  0.938300  0.311910  0.066700  0.208156   2
  1  0  0.938300 -0.059369 -0.272413  0.278970   3
  1  0  0.938300  0.143808  0.171576  0.408758   6
  1  0  0.938300  0.094393 -0.118980  0.232235   8
  1  0  0.938300 -0.030696 -0.278442  0.415196   2
  1  0  0.938300 -0.316637 -0.128444  0.644617   3
  1  0  0.938300 -0.391602 -0.259976  0.267584   2
  1  1  0.938300  0.137109 -0.107897  0.569140   6
  1  0  0.938300 -0.086946  0.627671  0.670072   3
  1  0  0.938300 -0.120625 -0.382109  0.253061   3
  1  0  0.938300  0.493079 -0.367625  0.691375   2
  1  0  0.938300  0.339774 -0.151789  0.708341   2
  1  1  0.938300 -0.328514  0.010976  0.297609   4
  1  0  0.938300 -0.032426 -0.145087  0.549642   4
  1  0  0.938300  0.413604  0.323468  0.673406   5
  1  0  0.938300  0.212625 -0.275963 -0.036090   2
  1  0  0.938300  0.016601  0.185141  0.790525   3
  1  0  0.938300  0.051632 -0.017628  0.537874   4
  1  1  0.938300  0.015431  0.290115  0.482747   4
  1  0  0.938300 -0.078980 -0.217438  0.154124   1
  1  0  0.938300 -0.011664  0.192389  0.672034   3
  1  0  0.938300  0.180253 -0.092664  0.438589   2
  1  0  0.938300 -0.041508 -0.071412 -0.075310   1
  1  0  0.938300 -0.369708 -0.160308  0.289699   2
  1  1  0.938300  0.609539  0.011245  0.362178   4
  1  0  0.938300 -0.099601  0.119218  0.124046   1
  1  0  0.938300  0.316226 -0.089137  0.579001   4
  1  0  0.938300  0.005668  0.033865  0.469988   7
  1  0  0.938300 -0.483591  0.130498  0.350376   3
  1  0  0.938300 -0.173997  0.396922  0.676344   2
  1  0  0.938300 -0.067795  0.193024  0.461496   3
  1  0  0.938300 -0.104091 -0.084469  0.148148   6
  1  0  0.938300 -0.160749 -0.051666  0.276762   3
  1  0  0.938300 -0.074232 -0.024410  0.183180   7
  1  0  0.938300 -0.057923  0.073609  0.354085   4
  1  1  0.938300 -0.329804  0.326974  0.422601  -2
  1  1  0.938300  0.311782 -0.307807  0.573975  -5
  1  1  0.938300 -0.053092 -0.028638  1.046177  -1
  1  1  0.938300  0.315955  0.008395  0.629990  -2
  1  1  0.938300 -0.039728 -0.006024  0.644003  -1
  1  1  0.938300  0.106468 -0.065346  0.301694  -3
  1  1  0.938300  0.414671 -0.093051  0.182705  -5
  1  1  0.938300  0.054369  0.217004  0.911674  -1
  1  1  0.938300 -0.512048 -0.378799  0.828806  -2
  1  1  0.938300  0.279950  0.231001  0.147952  -2
  1  1  0.938300 -0.217085 -0.062868  0.785439  -3
  1  1  0.938300 -0.074060 -0.062244  0.724926  -1
  1  1  0.938300  0.028983 -0.029805  0.454527  -4
  1  1  0.938300  0.081320  0.063064  0.041755  -8
  1  1  0.938300 -0.142833  0.266963  0.959245  -2
  1  1  0.938300  0.164750 -0.436372 -0.040206  -5
  1  1  0.938300 -0.239767  0.366430  1.218326  -3
  1  1  0.938300  0.344094  0.338789  0.314243  -2
  1  1  0.938300 -0.268725 -0.349177  0.825327  -4
  1  1  0.938300  0.593053 -0.012239  0.644680  -3
  1  1  0.938300  0.047038  0.260180  0.371484  -6
  1  1  0.938300 -0.040651 -0.202098  0.281866  -6
  1  0  0.938300  0.279022 -0.402423  0.412533  -5
  1  1  0.938300 -0.071272  0.419356  0.367049  -6
  1  1  0.938300  0.280398  0.049906  0.338676  -8
  1  1  0.938300 -0.143300  0.031196  0.783538  -3
  1  1  0.938300 -0.348101  0.418167  0.602819  -3
  1  1  0.938300  0.016362  0.163313  0.918022  -4
  1  1  0.938300  0.084535 -0.148861  0.732577  -2
  1  1  0.938300 -0.004209  0.106275  0.800379  -4
  1  1  0.938300  1.098430  0.032308  0.306908  -4
  1  1  0.938300  0.392607 -0.108736  0.865237  -2
  1  1  0.938300  0.163996  0.095273  0.579863  -2
  1  1  0.938300 -0.436490 -0.058050  0.291027  -3
  1  1  0.938300 -0.581616  0.388547  0.339253  -3
  1  1  0.938300 -0.355563 -0.185347  0.678586  -3
  1  1  0.938300 -0.161068  0.019803  0.490600  -3
  1  1  0.938300 -0.251075  0.102762  0.708114  -4
  1  1  0.938300  0.109777  0.029068  0.590151  -3
  1  1  0.938300 -0.009123  0.523873  0.316956  -3
  1  1  0.938300 -0.030298 -0.000812  0.770115  -2
  1  1  0.938300 -0.129514 -0.386214  1.044757  -4
  1  1  0.938300  0.302919  0.234935  0.231141  -5
  1  1  0.938300  0.137530  0.207061  1.003829  -3
  1  1  0.938300  0.199250 -0.059297  0.051065  -8
  1  1  0.938300  0.039829  0.226232  0.787796  -6
  1  1  0.938300 -0.259999 -0.240837  0.268464  -5
  1  0  0.938300  0.285778  0.202200  0.815831  -8
  1  1  0.938300 -0.214180  0.688917  0.650432  -2
  1  0  0.938300  0.330182  0.202975  0.692568  -5
  1  1  0.938300  0.015959  0.108530  0.398536  -5
  1  0  0.938300  0.021367  0.281124  0.442640  -6
  1  1  0.938300 -0.435361 -0.018423  0.519454  -2
  1  1  0.938300  0.354195  0.104387  0.837899  -2
  1  1  0.938300 -0.025852  0.220904  0.673614  -3
  1  1  0.938300 -0.104409 -0.136266  0.959394  -1
  1  1  0.938300 -0.058701  0.241579  0.749286  -4
  1  1  0.938300  0.115080  0.125971  0.248980  -2
  1  1  0.938300  0.120879  0.023851  0.888161  -1
  1  1  0.938300  0.143119  0.051971  0.667057  -4
  1  1  0.938300 -0.178289 -0.094978  0.385355  -3
  1  1  0.938300  0.035359 -0.041859  0.827970  -2
  1  1  0.938300  0.025544 -0.242615  0.683285  -3
  1  1  0.938300  0.051371  0.163844  0.381719  -2
  1  1  0.938300  0.104039 -0.249737  0.481216  -4
  1  0  0.938300 -0.528560 -0.471862  0.291911  -8
  1  1  0.938300  0.097148 -0.240403  0.923144 -11
  1  1  0.938300  0.299417  0.480591  0.430630  -3
  1  1  0.938300 -0.098582 -0.121223  0.121276  -3
  1  1  0.938300  0.189925 -0.105009  0.655897  -6
  1  1  0.938300  0.101710  0.156816  0.420885  -6
  1  0  0.938300  0.253739 -0.319200  0.170701  -8
  1  0  0.938300  0.026653 -0.193077  0.217066  -6
  1  1  0.938300 -0.253440 -0.326830  0.827981  -4
  1  1  0.938300 -0.299231 -0.259798  0.554463  -3
  1  1  0.938300 -0.463853 -0.184387  0.159815  -4
  1  1  0.938300 -0.274458 -0.181028  0.592692  -2
  1  1  0.938300 -0.133915  0.105952  0.958550  -1
  1  0  0.938300 -0.031163  0.242101  0.555660  -2
  1  0  0.938300  0.186470 -0.212412  0.622133  -8
  1  0  0.938300 -0.077051 -0.127138  0.125926  -3
  1  0  0.938300 -0.532323  0.102666  0.362481  -3
  1  0  0.938300 -0.001958  0.383088  0.485856  -4
  1  0  0.938300  0.106490 -0.016511  0.165332  -5
  1  0  0.938300  0.308249 -0.220953  0.762563  -3
  1  0  0.938300  0.414866  0.727905  0.771429  -4
  1  0  0.938300 -0.372773  0.222035 -0.035339  -4
  1  0  0.938300 -0.302880  0.021628  0.877984  -4
  1  0  0.938300 -0.097801 -0.134553  0.838938  -1
  1  1  0.938300 -0.272307 -0.098256  0.273096  -3
  1  0  0.938300  0.291835  0.001517  0.060593  -4
  1  0  0.938300  0.036138  0.108214  0.619194  -1
  1  0  0.938300  0.016475  0.111492  0.274242  -4
  1  0  0.938300  0.045330  0.070199  0.531053  -4
  1  0  0.938300 -0.189303 -0.232518  0.367901  -7
  1  0  0.938300  0.185907  0.015740  0.281735  -4
  1  0  0.938300  0.408476 -0.535302  0.508084  -5
  1  0  0.938300 -0.099100 -0.110775  0.253629  -3
  1  0  0.938300 -0.169312 -0.022417  0.009320  -4
  1  0  0.938300  0.928737  0.107237  0.885232  -4
  1  0  0.938300  0.087595  0.009136  0.645012  -3
  1  0  0.938300  0.086842 -0.075569  0.974067  -1
  1  0  0.938300  0.225432 -0.378608  1.263398  -2
  1  0  0.938300  0.159380  0.449381  0.401526  -2
  1  0  0.938300  0.127004 -0.178160  1.081508  -4
  1  0  0.938300  0.045029  0.005321  0.587856  -1
  1  0  0.938300  0.320528  0.008792  0.413483  -3
  1  0  0.938300  0.209027 -0.074388  0.604483  -5
  1  0  0.938300  0.033798  0.065715  0.417206  -4
  1  0  0.938300 -0.067053  0.191570  1.055007  -3
  1  0  0.938300 -0.120611  0.033661  0.610818  -4
  1  0  0.938300  0.365541  0.429660  0.315894  -3
  1  0  0.938300 -0.098321 -0.013919  0.636209  -1
  1  0  0.938300 -0.170985  0.418017  0.463446  -3
  1  0  0.938300 -0.029154 -0.153132  0.314707  -4
  1  0  0.938300 -0.184342 -0.124280  0.133722  -2
  1  0  0.938300 -0.138484  0.065285  1.160081  -5
  1  1  0.938300 -0.116015  0.275714  0.377095  -4
  1  0  0.938300 -0.060742  0.229796  0.929692  -2
  1  0  0.938300 -0.113297  0.087933  0.439102  -3
  1  0  0.938300  0.136341 -0.065797  0.527196  -2
  1  0  0.938300 -0.123408 -0.026657  0.548060  -7
  1  0  0.938300 -0.195355  0.259099  0.156765  -4
  1  0  0.938300 -0.209108 -0.230880  0.051237  -3
  1  0  0.938300  0.372154 -0.113967  0.390689  -9
  1  0  0.938300  0.045804  0.064614  0.923637  -1
  1  0  0.938300  0.032204  0.144949  0.247493  -5
  1  0  0.938300 -0.033504  0.046437  0.756346  -4
  1  0  0.938300  0.037573  0.315048  0.547711 -10
  1  0  0.938300  0.539264  0.360191  0.411852  -9
  1  0  0.938300 -0.071508 -0.455635  0.502856  -2
  1  0  0.938300  0.076409  0.021998  0.351660  -6
  1  0  0.938300 -0.090665  0.067783  0.458644  -7
  1  0  0.938300 -0.187390  0.051418  1.100855  -1
  1  0  0.938300 -0.118375  0.200611  0.230013  -2
  1  1  0.938300 -0.211492 -0.007435  0.551014  -1
  1  0  0.938300  0.145613 -0.017054  0.329932  -8
  1  1  0.938300  0.284638 -0.045178  0.903729  -5
  1  0  0.938300  0.271186  0.607323  0.872516  -4
  1  0  0.938300 -0.034243  0.041198  0.082306  -2
  1  0  0.938300 -0.120724 -0.205667  0.523059  -5
  1  0  0.938300  0.022514  0.107972  0.708823  -1
  1  0  0.938300 -0.081076 -0.158269  0.386703  -2
  1  0  0.938300 -0.257987 -0.061670  0.873482  -5
  1  0  0.938300  0.008100  0.079076  0.681521  -4
  1  0  0.938300 -0.256374  0.011727  0.575191  -3
  1  0  0.938300 -0.302320 -0.330596  0.492569  -2
  1  0  0.938300 -0.239306  0.338902  0.445822  -2
  1  0  0.938300  0.271248 -0.195630  0.599154  -3
  1  0  0.938300 -0.262280 -0.023684  0.557816  -2
  1  0  0.938300 -0.037856  0.000713  0.869868  -7
  1  0  0.938300 -0.020869  0.125018  0.992849  -4
  1  0  0.938300  0.392355 -0.216133  0.500675  -3
  1  0  0.938300 -0.510679 -0.219557  0.549438  -5
  1  0  0.938300 -0.413686 -0.404164  0.641280  -3
  1  0  0.938300 -0.244792 -0.216519  0.422312  -4
  1  0  0.938300  0.405972 -0.190798  0.846594  -5
  1  0  0.938300  0.481052  0.034729  1.328672  -3
  1  0  0.938300 -0.090170 -0.077907  0.384806  -5
  1  0  0.938300  0.055793  0.271147  0.237220  -3
  1  0  0.938300  0.359226 -0.123055  0.411826  -6
  1  0  0.938300 -0.030208  0.023874  0.366433  -7
  1  0  0.938300 -0.171173  0.017665  0.546549  -4
  1  0  0.938300  0.398914 -0.134613  0.424763  -5
  1  1  0.938300  0.198024 -0.140496 -0.027015  -3
  1  0  0.938300  0.594611  0.162003  0.687747  -5
  1  0  0.938300  0.115335  0.079639 -0.118352  -4
  1  0  0.938300 -0.061883  0.073618  1.223229  -3
  1  0  0.938300 -0.136636 -0.157354  0.243302  -6
  1  0  0.938300 -0.042867 -0.060266  0.829063  -3
  1  0  0.938300  0.171486  0.061433  0.606209  -5
  1  0  0.938300  0.306021 -0.227947  0.787591  -5
  1  0  0.938300  0.105134 -0.326802  0.056741  -6
  1  0  0.938300  0.007308 -0.434249  0.116098  -4
  1  0  0.938300  0.383836 -0.171346  0.876061  -5
  1  0  0.938300 -0.341133  0.331169  0.779133  -5
  1  0  0.938300 -0.084382  0.225692  0.018142  -5
  1  0  0.938300 -0.008045 -0.286622  0.069270  -4
  1  1  0.938300  0.458459 -0.286026  0.532234  -6
  1  0  0.938300 -0.252426 -0.079996  0.343153  -3
  1  0  0.938300 -0.023778 -0.077918  0.215339  -5
  1  0  0.938300 -0.030199  0.099568  0.386119  -4
  1  0  0.938300  0.021106  0.497740  0.339559  -4
  1  0  0.938300  0.172186  0.204115  0.258235  -2
  1  0  0.938300 -0.256013 -0.141494  0.766866  -6
  1  0  0.938300  0.052606  0.235106  0.940209  -3
  1  0  0.938300  0.261777 -0.215268  0.475585  -6
  1  0  0.938300 -0.094145  0.054828  0.150978  -4
  1  0  0.938300 -0.180514 -0.168141  0.882540  -1
  1  0  0.938300  0.169856  0.110718  0.985210  -1
  1  0  0.938300 -0.674797 -0.130532  0.792750  -6
  1  0  0.938300  0.460138 -0.269290  0.271925  -3
  1  0  0.938300 -0.163979  0.287879  0.565810  -5
  1  0  0.938300 -0.213517 -0.165695  0.952105  -2
  1  0  0.938300  0.384850 -0.407399  0.397010  -4
  1  0  0.938300  0.027771 -0.153816  0.706883  -4
  1  0  0.938300 -0.081551 -0.392267  0.495131  -5