  1  1  0.938300  0.228005  0.159631  0.551244   3
  1  1  0.938300 -0.073660  0.077982  0.831674   3
  1  1  0.938300  0.161079  0.024055  0.547096   3
  1  1  0.938300 -0.031283 -0.105383  0.093096   2
  1  1  0.938300 -0.606640 -0.238789 -0.070832   3
  1  1  0.938300 -0.343418 -0.164197  0.238872   4
  1  1  0.938300  0.139890 -0.012460  0.083926   2
  1  1  0.938300  0.239458 -0.023850  0.518122   7
  1  1  0.938300  0.543085  0.200717  0.908962   4
  1  1  0.938300  0.021072 -0.156012  0.900887   7
  1  1  0.938300  0.241584  0.086470  0.176368   2
  1  0  0.938300 -0.249910 -0.228084  0.647813   4
  1  0  0.938300  0.240975 -0.385511  0.118686   8
  1  1  0.938300 -0.162132  0.315935  0.553925   3
  1  1  0.938300  0.111203 -0.239656  0.517981   2
  1  0  0.938300 -0.226146  0.471570  0.347429   7
  1  1  0.938300  0.253011 -0.143430  0.174644   3
  1  1  0.938300 -0.058500 -0.145350  0.144376   5
  1  1  0.938300 -0.313398  0.243530  0.893330   6
  1  1  0.938300  0.412205 -0.252971  0.464303   4
  1  1  0.938300 -0.058180 -0.063772  0.251079   1
  1  1  0.938300  0.200024  0.246043  0.591826   5
  1  1  0.938300  0.092910  0.208864  0.510534   7
  1  0  0.938300  0.121153 -0.412340  0.263198   4
  1  1  0.938300  0.122949  0.286782  0.014443   3
  1  1  0.938300 -0.586561  0.348515 -0.143803   3
  1  1  0.938300  0.373850 -0.251874  0.512074   3
  1  1  0.938300 -0.238444  0.000172  0.326488   3
  1  1  0.938300 -0.042994 -0.140431  0.339131   3
  1  1  0.938300 -0.153797  0.570026  0.955324   2
  1  1  0.938300 -0.060297  0.188885  0.227749   4
  1  1  0.938300 -0.141475 -0.333704  0.197677   2
  1  1  0.938300 -0.070023  0.117121  0.140822   5
  1  1  0.938300 -0.269945 -0.035141  0.503498   2
  1  1  0.938300  0.118678  0.046366  0.620633   6
  1  1  0.938300  0.075076 -0.072856  0.920981   3
  1  1  0.938300 -0.140897 -0.060454  1.028943   3
  1  1  0.938300 -0.074060  0.140614  0.901031   2
  1  1  0.938300  0.124185  0.258693  0.903767   5
  1  0  0.938300  0.004709  0.181666  0.495784   3
  1  1  0.938300  0.349107 -0.220827  0.384608   3
  1  1  0.938300 -0.092142 -0.103202  0.244654   1
  1  1  0.938300 -0.072934 -0.281979  0.321248   4
  1  1  0.938300 -0.159235  0.013601  0.923286   4
  1  1  0.938300  0.012702  0.046261  0.233408   1
  1  0  0.938300 -0.017741  0.096620  0.396320   2
  1  1  0.938300  0.163668  0.537776  0.553504   4
  1  1  0.938300  0.244221  0.323200  0.254328   4
  1  1  0.938300 -0.040359 -0.046019 -0.004716   1
  1  1  0.938300 -0.226456 -0.092310  0.576121   2
  1  1  0.938300 -0.216510  0.133785  0.269026   3
  1  1  0.938300 -0.149296 -0.336432  0.958447   4
  1  1  0.938300  0.274204 -0.137892  0.188059   2
  1  1  0.938300 -0.218271  0.023642  0.405752   3
  1  1  0.938300 -0.445749  0.219432 -0.139893   5
  1  1  0.938300 -0.023065  0.050537  0.085286   1
  1  1  0.938300  0.090341  0.484372  0.251657   2
  1  1  0.938300  0.003934  0.160249  0.212334   6
  1  1  0.938300  0.397010  0.200378 -0.075495   4
  1  1  0.938300  0.242488  0.041842  0.309311   8
  1  1  0.938300 -0.391398  0.163887  0.511233   4
  1  1  0.938300 -0.195168  0.446489  0.766652   4
  1  1  0.938300 -0.166350  0.073229  0.152892   2
  1  1  0.938300  0.173685 -0.216179  0.499039   5
  1  0  0.938300 -0.119344  0.343560  0.686862   3
  1  1  0.938300  0.093486 -0.331350  0.626089   3
  1  1  0.938300  0.333850 -0.156007  0.190869   2
  1  0  0.938300 -0.273119  0.127720  0.472055   4
  1  1  0.938300 -0.019496  0.145777  0.296964   2
  1  1  0.938300 -0.376687 -0.729078  0.676635   9
  1  1  0.938300 -0.175804  0.149141 -0.113357   1
  1  1  0.938300  0.438378  0.010665  0.274660   4
  1  1  0.938300 -0.350465  0.321639 -0.353723   5
  1  1  0.938300 -0.221843  0.560297  0.120856   3
  1  1  0.938300  0.082947  0.222106  0.317734   2
  1  1  0.938300  0.011546 -0.005706  0.332437   2
  1  1  0.938300  0.228101 -0.423137  0.053737   5
  1  0  0.938300  0.437090 -0.030666  0.043703   4
  1  0  0.938300 -0.318634 -0.464989  0.101488   4
  1  0  0.938300  0.171570  0.365321  0.205341   2
  1  0  0.938300  0.188416  0.060669 -0.084877   1
  1  0  0.938300 -0.607943  0.503009  0.591528   3
  1  0  0.938300  0.447878  0.322544  0.627695   2
  1  0  0.938300  0.020562  0.082158  0.342710   2
  1  0  0.938300 -0.132602 -0.153857  0.091512   1
  1  0  0.938300  0.081226 -0.207729  0.362082   5
  1  0  0.938300 -0.215747  0.142351  0.658857   2
  1  0  0.938300 -0.467503  0.058785  0.457742   5
  1  0  0.938300 -0.026238  0.289603  0.289962   6
  1  0  0.938300  0.081237 -0.233385  0.210273  10
  1  0  0.938300  0.247566 -0.077873 -0.094608   5
  1  0  0.938300  0.025730  0.099763  0.464382   6
  1  0  0.938300 -0.083805  0.347809  0.828028   2
  1  0  0.938300  0.236406 -0.096764  0.542059   3
  1  0  0.938300  0.010474  0.196599  0.480752   3
  1  0  0.938300 -0.091002  0.313835  0.223485   4
  1  0  0.938300 -0.054077 -0.041408  0.274471   9
  1  0  0.938300 -0.242428  0.165922  0.974301   4
  1  0  0.938300  0.173722 -0.349430  0.342746   2
  1  0  0.938300 -0.140380 -0.053522  0.463969   9
  1  0  0.938300  0.109907 -0.035386  0.645708   3
  1  0  0.938300 -0.324491 -0.270493  0.041895   4
  1  0  0.938300 -0.180906 -0.455579  0.573407   2
  1  0  0.938300  0.103154  0.286743  0.233701   5
  1  0  0.938300  0.138885  0.065478  0.434458   6
  1  0  0.938300 -0.092222  0.021679  0.306583   5
  1  0  0.938300 -0.341610 -0.046459  0.134862   3
  1  0  0.938300 -0.171553 -0.047426  0.372035   4
  1  0  0.938300 -0.253685  0.095105  0.682000   3
  1  0  0.938300 -0.028566 -0.206622  0.242996   3
  1  0  0.938300 -0.395657  0.114179  0.283011   3
  1  0  0.938300 -0.026754 -0.325857  0.994184   5
  1  0  0.938300  0.363610 -0.045585  0.390405   2
  1  0  0.938300 -0.247313  0.625832  0.405925   6
  1  0  0.938300 -0.019341  0.267570  0.097510   2
  1  0  0.938300  0.018309 -0.397502  0.094330   2
  1  0  0.938300  0.088277 -0.211520  0.072157   1
  1  0  0.938300  0.168685 -0.105386  0.160972   1
  1  0  0.938300 -0.060856  0.099664  0.400348   3
  1  1  0.938300 -0.617147 -0.053711  0.467441   5
  1  0  0.938300  0.186625 -0.191759  0.477611   2
  1  0  0.938300 -0.015464 -0.208167  0.315285   7
  1  0  0.938300 -0.424830 -0.261222  0.936049   2
  1  0  0.938300  0.117181 -0.263206  0.214121   3
  1  0  0.938300 -0.269696  0.146813  0.527776   7
  1  0  0.938300  0.079217  0.243295  1.017471   6
  1  0  0.938300  0.367830  0.151687  0.662395   6
  1  0  0.938300  0.246518 -0.022803 -0.066550   5
  1  1  0.938300  0.113866  0.021277  0.000550   6
  1  0  0.938300  0.030603  0.058327  0.479745   4
  1  0  0.938300 -0.143083  0.099154 -0.065023   2
  1  0  0.938300  0.134014  0.344502  0.230192   2
  1  0  0.938300 -0.112142  0.215442  1.087299   3
  1  0  0.938300  0.189853  0.375754  0.414625   9
  1  0  0.938300  0.074064 -0.002906  0.217643   1
  1  0  0.938300  0.012800  0.061136 -0.061972   1
  1  0  0.938300 -0.086018 -0.147990  0.922234   3
  1  0  0.938300 -0.254383 -0.102488  0.026501   3
  1  0  0.938300  0.321437  0.211850  0.312292   2
  1  0  0.938300 -0.456808  0.417152  0.534588   3
  1  0  0.938300 -0.160234 -0.233993  0.361068   2
  1  0  0.938300 -0.131905 -0.039309  0.177997   2
  1  0  0.938300 -0.105963  0.109925  0.090664   1
  1  0  0.938300 -0.011224 -0.031899 -0.086105   1
  1  0  0.938300  0.419446 -0.284491  0.021749   3
  1  0  0.938300 -0.433076 -0.186121  0.218732   1
  1  0  0.938300  0.477208  0.128781  0.840144   4
  1  0  0.938300 -0.141894  0.071923  0.733213   6
  1  0  0.938300  0.181556  0.190071  0.077086   8
  1  0  0.938300 -0.265548  0.182517  0.403086   3
  1  0  0.938300 -0.540757  0.134319  0.202771   6
  1  0  0.938300 -0.365838  0.303761  0.268429   4
  1  0  0.938300 -0.091506 -0.172244  0.286696   3
  1  1  0.938300  0.022653 -0.259650  0.184590   5
  1  1  0.938300  0.269514 -0.287118  0.369865   7
  1  0  0.938300  0.071894  0.473424  0.762668   5
  1  0  0.938300  0.011578  0.050954 -0.058425   1
  1  0  0.938300 -0.066737 -0.115299  0.393821   1
  1  0  0.938300 -0.024205 -0.069117  0.316770   3
  1  0  0.938300  0.215357  0.274377  0.333685   2
  1  0  0.938300 -0.108639  0.035968  0.231019   1
  1  0  0.938300  0.349513  0.312434  0.117053   3
  1  0  0.938300 -0.307730 -0.134802 -0.030033   3
  1  0  0.938300 -0.158093 -0.136073  0.521013   3
  1  0  0.938300 -0.308611 -0.479886  0.622570   2
  1  0  0.938300 -0.083896 -0.051599 -0.005023   1
  1  0  0.938300  0.120576 -0.245722  0.039232   1
  1  0  0.938300  0.030668 -0.256860  0.792944   2
  1  0  0.938300 -0.193414 -0.210903  0.709214   3
  1  0  0.938300  0.219280  0.391569  0.981122   4
  1  0  0.938300 -0.468952 -0.091585  0.580631   2
  1  0  0.938300  0.071946 -0.053436  0.111449   3
  1  0  0.938300  0.432172 -0.472644 -0.149865   4
  1  0  0.938300 -0.457659 -0.200907  0.253139   4
  1  0  0.938300  0.046965 -0.218570  0.710721   4
  1  0  0.938300  0.165257  0.290526 -0.261433   1
  1  0  0.938300  0.277886 -0.058755  0.565974   2
  1  0  0.938300 -0.162658  0.292552  0.090006   6
  1  0  0.938300  0.134542  0.058302  0.046166   1
  1  0  0.938300 -0.166230 -0.058063  0.454858   3
  1  0  0.938300  0.060034 -0.105625  0.419706   2
  1  0  0.938300 -0.207098  0.039669  0.339055   6
  1  0  0.938300  0.576090  0.181767  0.385952   4
  1  0  0.938300  0.077060  0.226796  1.164971   7
  1  0  0.938300  0.007008  0.018786  0.234777   1
  1  0  0.938300 -0.108989 -0.485682  0.023051   2
  1  0  0.938300 -0.399357  0.063424  0.997917   3
  1  0  0.938300 -0.241661  0.123991  0.363401   3
  1  0  0.938300 -0.193803 -0.061265 -0.023735   1
  1  0  0.938300 -0.031648 -0.499081  0.169404   6
  1  0  0.938300  0.078779  0.130014  0.041424   7
  1  0  0.938300 -0.044623  0.021502  0.343771   6
  1  0  0.938300  0.032560 -0.237231  0.557560   5
  1  0  0.938300  0.071548 -0.171166  0.227729   6
  1  0  0.938300  0.228521  0.018239  0.620061   9
  1  0  0.938300 -0.073197 -0.377374 -0.006481   2
  1  0  0.938300  0.089823 -0.008983 -0.083805   3
  1  1  0.938300 -0.114589 -0.278842  0.604301  -2
  1  1  0.938300  0.100866 -0.113037  0.807525  -1
  1  1  0.938300  0.351817  0.014166  0.468822  -4
  1  1  0.938300  0.291908 -0.387928  0.951091  -2
  1  1  0.938300 -0.299528 -0.074647  0.788340  -2
  1  1  0.938300  0.316816  0.399388  1.292953  -5
  1  1  0.938300  0.094875 -0.306945  0.585056  -4
  1  1  0.938300  0.178079  0.106727  0.200574  -5
  1  1  0.938300  0.285550  0.152219  0.803298  -3
  1  1  0.938300  0.324785 -0.211750  0.433225  -7
  1  1  0.938300 -0.159609  0.120388  0.695726  -4
  1  1  0.938300 -0.541529  0.104091  0.536853  -2
  1  1  0.938300  0.221959  0.096307  0.229145  -2
  1  1  0.938300  0.056952 -0.097604  0.444296  -3
  1  1  0.938300 -0.094690 -0.124729  0.813431  -1
  1  1  0.938300 -0.262335 -0.037301  0.332009  -3
  1  1  0.938300  0.076657 -0.178549  0.689277  -1
  1  1  0.938300 -0.115764 -0.152908  0.903892  -1
  1  1  0.938300 -0.177519  0.283822  0.730228  -3
  1  1  0.938300  0.089940 -0.622131  0.425381  -4
  1  1  0.938300 -0.025731 -0.076736  1.025922  -3
  1  1  0.938300  0.096877 -0.394272 -0.034097  -2
  1  1  0.938300  0.127700 -0.094573  0.853706  -1
  1  1  0.938300 -0.038139 -0.056540  0.752918  -2
  1  1  0.938300 -0.212055 -0.018543  0.586438  -2
  1  1  0.938300 -0.198296  0.040573  0.403488  -2
  1  1  0.938300 -0.009628 -0.087001  0.842765  -1
  1  1  0.938300 -0.430104 -0.364650  0.189097  -2
  1  1  0.938300 -0.011885 -0.417564  0.682387  -5
  1  1  0.938300 -0.012743 -0.172636  0.909365  -1
  1  0  0.938300  0.306122 -0.346417  0.653798  -3
  1  0  0.938300 -0.170246  0.243126 -0.038180  -3
  1  1  0.938300 -0.188880  0.072299  0.908047  -1
  1  1  0.938300  0.291333  0.226225  0.333509  -3
  1  1  0.938300 -0.231745 -0.151852  0.834915  -4
  1  1  0.938300 -0.253345 -0.101177  0.745947  -4
  1  1  0.938300  0.306868  0.356850  0.148795  -4
  1  1  0.938300 -0.492385 -0.090054  0.594644  -3
  1  1  0.938300  0.153531 -0.117123  0.474178  -3
  1  1  0.938300  0.014680  0.080341  0.360433  -3
  1  0  0.938300 -0.268770 -0.261172  0.945875  -3
  1  1  0.938300 -0.145377 -0.395189  0.319966  -6
  1  1  0.938300 -0.273194  0.646080  0.713305  -2
  1  1  0.938300 -0.166143 -0.124305  0.514075  -2
  1  1  0.938300 -0.367103  0.197192  0.857643  -4
  1  1  0.938300 -0.049895  0.183301  0.379138  -3
  1  1  0.938300 -0.016104  0.029290  0.676983  -6
  1  1  0.938300  0.220766  0.044996  0.594957  -4
  1  1  0.938300 -0.235444  0.180436  0.136227  -4
  1  1  0.938300  0.067243  0.128340  0.653345  -2
  1  1  0.938300 -0.138920 -0.040870  0.892502  -3
  1  1  0.938300 -0.384332  0.013569  0.545516  -3
  1  1  0.938300 -0.072046  0.280639  0.786812  -2
  1  1  0.938300 -0.137865 -0.067363  0.694618  -2
  1  1  0.938300 -0.038572  0.271878  0.511419  -3
  1  0  0.938300  0.278526 -0.240870  0.684234  -5
  1  1  0.938300  0.244850 -0.135569  0.437678  -2
  1  1  0.938300  0.080895 -0.119531  0.800972 -11
  1  1  0.938300 -0.270681 -0.086441  0.492389  -2
  1  1  0.938300 -0.362417 -0.190063  0.337343  -4
  1  0  0.938300  0.325274  0.088100  0.088965  -9
  1  1  0.938300 -0.121586 -0.115764  0.869709  -1
  1  1  0.938300 -0.086590  0.267072  0.647013  -3
  1  1  0.938300 -0.005148 -0.245246  0.460831  -3
  1  1  0.938300  0.102818  0.241425  1.012785  -3
  1  1  0.938300  0.015183 -0.232138  0.338800  -9
  1  1  0.938300  0.002328  0.211369  0.937821  -1
  1  1  0.938300  0.091018  0.280133  0.185254  -2
  1  1  0.938300  0.106997 -0.041549  0.901961  -1
  1  1  0.938300  0.054782  0.031657  0.887555  -1
  1  0  0.938300  0.815870  0.034783  0.588303  -4
  1  1  0.938300  0.307473  0.247106  0.286013  -3
  1  1  0.938300  0.029598 -0.218263  0.970584  -3
  1  1  0.938300  0.338530 -0.188377  0.443845  -2
  1  0  0.938300 -0.015000 -0.124976  0.971147  -3
  1  1  0.938300  0.189815 -0.245849  0.158774  -4
  1  1  0.938300 -0.347611  0.153024  0.405499  -4
  1  1  0.938300 -0.038240  0.056206  0.107899  -5
  1  1  0.938300  0.427973  0.116730  0.494495  -2
  1  0  0.938300  0.134281 -0.206879  0.610025  -4
  1  0  0.938300 -0.145956 -0.096597  1.004002  -6
  1  0  0.938300 -0.048883 -0.092489  0.205518  -8
  1  1  0.938300  0.092466 -0.165728  0.677145  -5
  1  1  0.938300 -0.070163 -0.039727  0.440559  -5
  1  0  0.938300  0.109045  0.092380  0.643529  -4
  1  0  0.938300  0.371460  0.184009  0.582056  -4
  1  0  0.938300 -0.019109  0.087905  1.032014  -2
  1  0  0.938300  0.080914 -0.200028  0.438168  -4
  1  0  0.938300  0.465273 -0.071521  0.741456  -4
  1  0  0.938300  0.152811 -0.256457  0.367833  -2
  1  0  0.938300  0.129513 -0.408194  0.295437  -3
  1  0  0.938300  0.266628  0.008472  0.793577  -1
  1  0  0.938300 -0.213343  0.012900  0.291805  -2
  1  0  0.938300 -0.164725  0.009327  1.118227  -1
  1  0  0.938300  0.065469  0.590098  0.838801  -2
  1  0  0.938300  0.172047 -0.017510  0.495710  -6
  1  0  0.938300  0.204916  0.029148  0.421275  -3
  1  0  0.938300 -0.056918 -0.050783  0.639118  -2
  1  0  0.938300  0.148680 -0.130042  0.695650  -4
  1  0  0.938300  0.354054  0.176271  0.435039  -3
  1  1  0.938300  0.208056  0.111824  0.584490  -4
  1  0  0.938300  0.037469  0.171500  0.243144  -3
  1  0  0.938300 -0.044016  0.061602  0.995927  -1
  1  0  0.938300 -0.352591 -0.090461  0.049375  -5
  1  1  0.938300  0.113333 -0.236888  0.143875  -4
  1  0  0.938300 -0.156823  0.157758  0.119409  -3
  1  0  0.938300  0.401975 -0.256336  1.113963  -6
  1  0  0.938300  0.188281 -0.421701  0.455733  -3
  1  0  0.938300  0.414335  0.249547  0.491825  -6
  1  0  0.938300  0.388760  0.234339  0.380109  -5
  1  0  0.938300  0.392673 -0.091344  0.560685  -3
  1  0  0.938300  0.411672 -0.079424  0.776349  -2
  1  0  0.938300 -0.167541  0.170018  0.981835  -1
  1  1  0.938300 -0.228072 -0.099197  0.590331  -5
  1  0  0.938300 -0.429607 -0.100397  0.092063  -5
  1  0  0.938300  0.061166  0.050000  0.625920  -3
  1  0  0.938300 -0.349183 -0.008529  0.303142  -5
  1  0  0.938300  0.031449  0.217209  0.796420  -2
  1  0  0.938300  0.323410 -0.128347  0.513000  -4
  1  0  0.938300 -0.006991  0.014331  0.756972  -1
  1  0  0.938300  0.075006 -0.034287  0.928375  -1
  1  0  0.938300 -0.075236 -0.017498  0.967623  -1
  1  0  0.938300 -0.352412  0.108289  0.297038  -3
  1  0  0.938300 -0.210874 -0.156594  0.319511  -7
  1  0  0.938300  0.316286  0.209265  0.875404  -3
  1  0  0.938300 -0.209637  0.192736  0.570153  -3
  1  0  0.938300 -0.000546  0.020217  0.717294  -2
  1  0  0.938300 -0.340328 -0.099519  0.354559  -4
  1  0  0.938300  0.203549  0.579929  0.379209  -3
  1  0  0.938300 -0.189800 -0.135043  0.263331  -6
  1  1  0.938300 -0.276786 -0.209020  0.644797  -5
  1  0  0.938300  0.134071  0.090567  0.620761  -3
  1  1  0.938300 -0.254657 -0.333477  0.190019  -7
  1  0  0.938300  0.046262 -0.078480  0.538824  -6
  1  0  0.938300 -0.171720 -0.151782  0.602384  -4
  1  0  0.938300  0.006239  0.213996  0.738611  -7
  1  0  0.938300 -0.327045 -0.039771  0.492350  -2
  1  0  0.938300 -0.032613  0.134856  0.243323  -9
  1  0  0.938300  0.055514 -0.140543  0.905242  -1
  1  0  0.938300 -0.253938  0.353415  0.414955  -2
  1  0  0.938300  0.059584 -0.149768  0.572127  -3
  1  0  0.938300 -0.066560 -0.054115  0.661275  -3
  1  0  0.938300 -0.000726 -0.011339  0.717270  -1
  1  0  0.938300 -0.303311  0.299193  0.927282  -5
  1  0  0.938300 -0.114951  0.069300 -0.022080  -3
  1  0  0.938300 -0.062020  0.001702  0.230003  -4
  1  0  0.938300  0.338197  0.786333  0.771278  -2
  1  0  0.938300 -0.257332 -0.360078  0.980225  -7
  1  0  0.938300 -0.127214 -0.220755  0.301776  -3
  1  0  0.938300 -0.266340  0.338784  0.813425  -5
  1  0  0.938300  0.031224  0.185500  0.177912  -3
  1  0  0.938300 -0.099900 -0.058803  0.759796  -7
  1  0  0.938300  0.127473  0.080641  0.292356  -5
  1  1  0.938300  0.069880 -0.265173  0.286265  -5
  1  0  0.938300 -0.061955  0.037853  1.042538  -1
  1  0  0.938300 -0.068386 -0.119112  0.350067  -6
  1  0  0.938300  0.134921  0.032606  0.837189  -2
  1  0  0.938300 -0.005132  0.285391  0.697930  -6
  1  0  0.938300 -0.209882 -0.106276  0.710755  -4
  1  0  0.938300  0.165572  0.118890  0.418931  -3
  1  0  0.938300 -0.113628 -0.114483  0.726249  -1
  1  0  0.938300  0.226582 -0.369871  0.638840  -5
  1  0  0.938300 -0.127813 -0.269503  1.216770  -2
  1  0  0.938300 -0.018361  0.414158  1.004683  -2
  1  1  0.938300  0.353102  0.122139  0.332535  -6
  1  0  0.938300 -0.101328 -0.086636  0.446548  -6
  1  0  0.938300  0.064098  0.388255  0.307672  -4
  1  0  0.938300  0.138607  0.037669  0.997610  -1
  1  0  0.938300  0.099995 -0.198634  0.262057  -2
  1  0  0.938300 -0.342134  0.037740  0.652961  -3
  1  0  0.938300  0.176744 -0.110328  0.472270  -7
  1  0  0.938300 -0.194424  0.155225  0.894230  -4
  1  0  0.938300 -0.205954 -0.107850  1.113924  -3
  1  0  0.938300  0.157777 -0.139920  0.674568  -7
  1  0  0.938300 -0.284539 -0.102627  0.335018  -4
  1  0  0.938300  0.249860  0.136837 -0.042617  -4
  1  0  0.938300 -0.418396 -0.527848  0.578064  -4
  1  0  0.938300  0.342687  0.310820  0.825326  -2
  1  0  0.938300  0.246714 -0.238057  0.315068  -3
  1  0  0.938300 -0.014015  0.145630  0.197263  -7
  1  0  0.938300  0.163769 -0.428125  0.577183  -4
  1  0  0.938300  0.140397  0.162070  0.892217  -3
  1  0  0.938300 -0.030442 -0.298779  0.214092  -4
  1  0  0.938300  0.349398 -0.107537 -0.008107  -2
  1  0  0.938300 -0.131845  0.140829  0.481249  -2
  1  0  0.938300 -0.070333 -0.076693  0.774864  -4
  1  0  0.938300 -0.207251  0.050147  0.741614  -6
  1  0  0.938300  0.049359  0.031952  0.785506  -4
  1  0  0.938300  0.079500 -0.112190  0.891321  -1
  1  0  0.938300  0.344894  0.032505  0.405633  -5
  1  0  0.938300 -0.039035  0.046761  0.689233  -1
  1  0  0.938300 -0.280302  0.412945  0.460171  -2
  1  0  0.938300  0.121227  0.056518  0.864143  -1
  1  0  0.938300  0.285756 -0.112781  0.289838  -4
  1  0  0.938300 -0.350717  0.146437  0.863455  -3
  1  0  0.938300 -0.032247  0.085841  0.927415  -2
  1  0  0.938300 -0.014388 -0.060047  0.283538  -3