  1  1  0.938300  0.062936  0.367755  0.471425   2
  1  1  0.938300 -0.077164  0.203362  0.645743   4
  1  1  0.938300 -0.413134  0.303848  0.511132   6
  1  0  0.938300  0.025390 -0.068407  0.327321   9
  1  1  0.938300 -0.068022 -0.393561  0.189302   8
  1  1  0.938300  0.109063  0.049581  0.582061   3
  1  1  0.938300  0.061541  0.210916  0.363441   4
  1  1  0.938300 -0.116159 -0.308521  0.243465   5
  1  1  0.938300  0.097683  0.068480  0.342974   3
  1  1  0.938300 -0.516667 -0.051137  0.730781   7
  1  1  0.938300  0.028301  0.162465  0.414626   5
  1  1  0.938300 -0.091039 -0.174125  0.240571   4
  1  0  0.938300  0.577655  0.082335  0.683052   4
  1  1  0.938300 -0.465976  0.025269  0.177649   2
  1  1  0.938300  0.361481 -0.000130  0.736602   8
  1  1  0.938300 -0.164841 -0.085428  0.407429   2
  1  0  0.938300 -0.056369  0.436769  0.170981   7
  1  1  0.938300  0.167882  0.199157  0.413314   5
  1  1  0.938300 -0.052692 -0.364540  0.051662   5
  1  1  0.938300  0.228617  0.032016 -0.038048   3
  1  1  0.938300 -0.248259 -0.392306  0.438166   4
  1  1  0.938300 -0.028734 -0.060662  0.216670   1
  1  1  0.938300  0.161335  0.094229  0.552236   2
  1  1  0.938300 -0.165928 -0.197087  0.548085   3
  1  1  0.938300  0.274923  0.007942  0.933313   3
  1  0  0.938300 -0.775692 -0.192876  0.393891   2
  1  1  0.938300  0.112317  0.120705  0.301614   4
  1  1  0.938300 -0.029020 -0.160213  0.484783   2
  1  1  0.938300  0.117223 -0.224657  0.060206   2
  1  1  0.938300  0.014360  0.141599  0.572539   5
  1  1  0.938300 -0.116659  0.077252  0.430856   3
  1  1  0.938300  0.066922  0.036723  0.032620   1
  1  1  0.938300 -0.161806 -0.549931  0.615661   3
  1  1  0.938300  0.032804 -0.139120  0.030485   5
  1  0  0.938300  0.489525  0.030118  0.957488   6
  1  1  0.938300 -0.121959  0.234117  0.457699   4
  1  1  0.938300 -0.013834 -0.146156  0.477734   7
  1  1  0.938300 -0.054769 -0.025326  0.061821   1
  1  1  0.938300 -0.144910  0.242879  0.508138   2
  1  1  0.938300  0.191899  0.220326  0.671050   4
  1  1  0.938300 -0.085454 -0.189618  0.230972   2
  1  1  0.938300 -0.315350 -0.012439  0.427700   2
  1  1  0.938300  0.021681  0.286908 -0.254993   5
  1  1  0.938300 -0.167363 -0.397818  0.367014   6
  1  1  0.938300  0.108521  0.292552  0.842475   5
  1  1  0.938300 -0.178913  0.025860  0.279292   2
  1  1  0.938300 -0.254016  0.057129  0.852784   5
  1  1  0.938300 -0.436285 -0.123824  0.123878   2
  1  1  0.938300  0.164852 -0.002665  0.768508   4
  1  1  0.938300  0.056100 -0.362974  0.070205   3
  1  1  0.938300  0.183231 -0.131543  0.084651   4
  1  1  0.938300  0.332102  0.006245  0.702583   3
  1  1  0.938300  0.272799 -0.212321  0.010456   3
  1  1  0.938300  0.054680  0.197345 -0.040505   1
  1  1  0.938300  0.047873  0.290338  0.661891   3
  1  1  0.938300 -0.385354  0.168965  0.088762   3
  1  1  0.938300  0.226230  0.028673  0.469738   9
  1  1  0.938300 -0.300782  0.337822  0.745652   2
  1  0  0.938300 -0.065759  0.684969  0.376914   6
  1  1  0.938300 -0.156187 -0.052775  0.194205   3
  1  1  0.938300  0.207599  0.056202  0.097103   2
  1  1  0.938300  0.051725 -0.035576 -0.004843   1
  1  1  0.938300  0.392688 -0.128308  0.461927   7
  1  0  0.938300 -0.211603 -0.070829  0.192177  10
  1  1  0.938300  0.267376  0.312030 -0.026120   2
  1  1  0.938300  0.363529  0.012245  0.178549   2
  1  1  0.938300  0.060042  0.254046  0.113176   3
  1  1  0.938300 -0.279610 -0.382070  0.697006   5
  1  1  0.938300  0.476983  0.212061  0.197821   4
  1  1  0.938300  0.143009  0.228289  0.432361  10
  1  1  0.938300 -0.152840 -0.221719  0.460589   4
  1  1  0.938300 -0.078044 -0.334735  0.384393   4
  1  0  0.938300 -0.139148 -0.110929  0.269359   7
  1  1  0.938300 -0.245512 -0.028305  0.768276   2
  1  1  0.938300 -0.162681  0.042207 -0.075196   1
  1  1  0.938300 -0.039267  0.099659  0.012063   1
  1  1  0.938300 -0.164346 -0.109843  0.343354   3
  1  1  0.938300  0.216738  0.483373  0.369694   2
  1  1  0.938300 -0.030792  0.099748 -0.151235   1
  1  0  0.938300 -0.082796  0.160288  0.759871   4
  1  0  0.938300 -0.075653  0.076501  0.048373   1
  1  0  0.938300 -0.416721  0.360821  0.524629   2
  1  0  0.938300  0.185996  0.139624  0.358131   2
  1  0  0.938300  0.372218 -0.045882  0.241638   2
  1  0  0.938300 -0.049253  0.117440  0.933159   6
  1  0  0.938300 -0.207917  0.326916  0.710995   3
  1  0  0.938300  0.081915 -0.122067 -0.034682   1
  1  0  0.938300  0.251460 -0.072322  0.314339   2
  1  0  0.938300 -0.002554 -0.117374  0.180828   1
  1  0  0.938300 -0.232361 -0.236628  0.598411   2
  1  0  0.938300  0.142377  0.350514  0.367830   4
  1  0  0.938300 -0.261881  0.344572  0.201046   5
  1  1  0.938300 -0.039083 -0.054053  0.562214   4
  1  0  0.938300  0.277574 -0.055448  0.343729   8
  1  1  0.938300  0.210396 -0.445706  0.383448   7
  1  0  0.938300  0.129703  0.210753  0.570609   2
  1  0  0.938300 -0.104284  0.099413  0.108530   4
  1  0  0.938300  0.401552  0.081555  0.388749   6
  1  0  0.938300  0.174044  0.074345  0.231972   5
  1  1  0.938300  0.453711 -0.244007  0.107893   3
  1  0  0.938300 -0.086452  0.011560  0.274149   2
  1  0  0.938300 -0.049969 -0.202727  0.092321   8
  1  0  0.938300 -0.199432  0.000362  0.866801   5
  1  0  0.938300 -0.319219  0.234905  0.536344   2
  1  0  0.938300 -0.147096  0.098755  0.431056   2
  1  0  0.938300 -0.379494 -0.116247  0.922549   3
  1  0  0.938300  0.204296  0.135069  0.431758   2
  1  0  0.938300  0.174333  0.302238  0.113917   4
  1  0  0.938300  0.066761  0.140315 -0.132014   1
  1  0  0.938300  0.266621 -0.402884  0.067660   6
  1  0  0.938300 -0.384298  0.294579  0.454547   2
  1  0  0.938300 -0.181455 -0.152245  0.211462   4
  1  0  0.938300 -0.233960  0.406622 -0.302738   2
  1  1  0.938300  0.069391  0.121232  0.097150   1
  1  0  0.938300 -0.343282  0.330406  0.420266   4
  1  1  0.938300  0.173851  0.152320  0.619855   5
  1  0  0.938300 -0.695704  0.285169  0.654605   5
  1  0  0.938300  0.323189 -0.180115  0.505437   3
  1  0  0.938300  0.099683 -0.356474  0.599207   2
  1  0  0.938300  0.196482  0.220932  0.697036   8
  1  0  0.938300  0.072312  0.081133  0.113454   6
  1  0  0.938300  0.155687 -0.563554  0.832057   3
  1  0  0.938300  0.004166  0.775529  0.801867   5
  1  0  0.938300  0.139392 -0.241414  0.043961   4
  1  0  0.938300  0.128600  0.219986  0.123440   2
  1  0  0.938300 -0.171366  0.165459  0.901675   5
  1  0  0.938300  0.518834 -0.157448  0.614979   4
  1  0  0.938300  0.052493  0.048726  0.205823   3
  1  0  0.938300  0.034575 -0.554638  0.765548   4
  1  0  0.938300 -0.201812  0.071819  0.041421   3
  1  0  0.938300  0.248256  0.113176  0.209048   4
  1  0  0.938300  0.287428 -0.450559  0.363812   7
  1  0  0.938300 -0.084191 -0.014774 -0.025495   1
  1  0  0.938300 -0.002193  0.227486  0.942072   5
  1  0  0.938300  0.162862  0.099404 -0.023103   1
  1  0  0.938300 -0.059854 -0.083642  0.199955   5
  1  0  0.938300  0.009102 -0.417050  0.407123   4
  1  0  0.938300 -0.133594 -0.254051  0.984266   5
  1  0  0.938300 -0.018074  0.196974 -0.068500   1
  1  0  0.938300 -0.088113 -0.304180  0.752335   2
  1  0  0.938300  0.162666 -0.031606  0.350293  10
  1  0  0.938300  0.012279  0.229454  0.595901   5
  1  0  0.938300 -0.120995 -0.154280  0.373520   5
  1  0  0.938300 -0.420179 -0.309924  0.449605   6
  1  0  0.938300  0.047322 -0.181837  0.116986   1
  1  0  0.938300 -0.127359  0.131142  0.304344   1
  1  0  0.938300  0.358209 -0.217559  0.614162   2
  1  0  0.938300  0.127934  0.145166  0.925253  10
  1  0  0.938300 -0.199085  0.157395  0.476466   4
  1  0  0.938300 -0.169404 -0.529494  0.157721   2
  1  1  0.938300 -0.237399 -0.243318  0.480440   4
  1  0  0.938300 -0.027112 -0.255708  0.628350   3
  1  0  0.938300  0.426080  0.182285  0.212576   3
  1  0  0.938300 -0.205686 -0.037239  0.364915   6
  1  0  0.938300  0.153577 -0.047346  0.257404   3
  1  0  0.938300  0.544683  0.504232  0.766987   7
  1  0  0.938300 -0.273503  0.099564  0.300304   3
  1  0  0.938300 -0.252457 -0.287467  0.108870   4
  1  0  0.938300  0.205196 -0.211549  0.457975   6
  1  0  0.938300 -0.089205 -0.105729  0.127773   2
  1  0  0.938300  0.242590 -0.128455  0.876310   4
  1  0  0.938300  0.174303 -0.185310  0.128524   1
  1  0  0.938300  0.031671 -0.242289 -0.012209   2
  1  0  0.938300  0.153725  0.228732  0.702681   4
  1  0  0.938300 -0.154536 -0.025543  0.258245   4
  1  0  0.938300  0.150025 -0.061066  0.162866   1
  1  0  0.938300 -0.201691  0.176425  0.036853   5
  1  0  0.938300 -0.351706 -0.192444  0.675004   5
  1  0  0.938300  0.206164  0.065415  0.372968   6
  1  0  0.938300  0.268469  0.079177  0.089992   5
  1  0  0.938300  0.000179 -0.010560  0.062863   2
  1  0  0.938300  0.263188  0.272892  0.426661   3
  1  0  0.938300  0.035661 -0.020799  0.009372   1
  1  0  0.938300  0.030760 -0.272588  0.675546   6
  1  0  0.938300 -0.103369 -0.592354  0.783366   2
  1  0  0.938300 -0.204942 -0.189521  0.383692   5
  1  0  0.938300 -0.531791  0.347161  0.334308   4
  1  0  0.938300  0.009143  0.448074  0.200679   3
  1  0  0.938300  0.577785  0.068641  0.254504   6
  1  0  0.938300  0.171749  0.047540  0.194263   2
  1  0  0.938300 -0.003656 -0.290039  0.002983   6
  1  1  0.938300  0.215158 -0.031578  0.013530   8
  1  0  0.938300 -0.010394  0.313854  0.051998   3
  1  0  0.938300  0.202442  0.330950  0.097623   2
  1  0  0.938300 -0.048902 -0.185392  0.510717   4
  1  0  0.938300  0.253171  0.045035  0.452691   7
  1  1  0.938300  0.326532 -0.100709  0.703180   9
  1  0  0.938300  0.024572  0.274751  0.168392   8
  1  0  0.938300  0.437029  0.139893  0.847570   5
  1  0  0.938300 -0.010202  0.157358  0.621026   8
  1  0  0.938300  0.269225  0.141041  0.111054   5
  1  0  0.938300 -0.103218 -0.000721  0.162169   1
  1  1  0.938300  0.319295  0.014873  0.416884   2
  1  0  0.938300  0.007154  0.419502  0.169809   2
  1  0  0.938300  0.382918  0.323344  0.193535   2
  1  0  0.938300 -0.060290  0.030029  0.062252   1
  1  0  0.938300 -0.044085 -0.020635  0.091817   3
  1  1  0.938300  0.336467 -0.437553  0.343797  -2
  1  0  0.938300 -0.353718  0.259624  0.790963  -3
  1  1  0.938300 -0.289353 -0.176439  0.466596  -2
  1  1  0.938300  0.472340  0.239166 -0.129384  -3
  1  1  0.938300 -0.490955 -0.628858  0.897132  -6
  1  1  0.938300 -0.025366 -0.157639  1.076760  -1
  1  1  0.938300 -0.262330  0.043126  0.608974  -4
  1  1  0.938300  0.210001  0.181855  0.617368  -3
  1  1  0.938300  0.118166  0.032958  0.439010  -3
  1  1  0.938300 -0.255251 -0.017773  0.242481  -4
  1  1  0.938300  0.004389 -0.192595  0.615762  -4
  1  1  0.938300 -0.217283  0.122758  0.412058  -4
  1  1  0.938300 -0.247569 -0.084074  0.038639  -4
  1  1  0.938300 -0.356157  0.040074  0.903682  -2
  1  1  0.938300  0.146185  0.388435  0.409840  -6
  1  1  0.938300 -0.367616  0.002598  0.604756  -2
  1  1  0.938300 -0.202363  0.493524  0.216685  -3
  1  1  0.938300  0.186445  0.136627  0.470914  -3
  1  1  0.938300  0.174508 -0.183149  0.847068  -1
  1  0  0.938300  0.044915 -0.235349  0.709665  -3
  1  1  0.938300 -0.043435  0.351529  0.897669  -3
  1  1  0.938300  0.259286  0.705535  0.260693  -4
  1  1  0.938300 -0.050143 -0.134195  0.233154  -5
  1  1  0.938300 -0.032618  0.143551  0.438348  -2
  1  1  0.938300  0.035935 -0.425788  0.321996  -3
  1  1  0.938300 -0.371133  0.273039  0.099999  -4
  1  1  0.938300 -0.295797  0.049950  0.902610  -3
  1  1  0.938300  0.198213  0.255395  0.771336  -5
  1  1  0.938300  0.178706 -0.405056  0.282476  -3
  1  1  0.938300 -0.007687 -0.252881  0.680999  -5
  1  1  0.938300 -0.187923 -0.163112  0.983162  -3
  1  1  0.938300  0.170069  0.482988  0.305357  -3
  1  1  0.938300 -0.039896  0.125623  0.614734  -5
  1  1  0.938300 -0.238345 -0.108661  0.178584  -3
  1  1  0.938300  0.315589  0.101402  0.215407  -5
  1  1  0.938300  0.115385 -0.405577  0.660641  -2
  1  0  0.938300  0.292683  0.467327  0.327995  -3
  1  1  0.938300  0.099585 -0.368060  0.439580  -2
  1  1  0.938300  0.257951  0.008038  0.616098  -8
  1  1  0.938300  0.263137 -0.242958  0.719706  -2
  1  1  0.938300 -0.037412  0.080796  0.595923  -2
  1  1  0.938300 -0.557993 -0.065397  0.835225  -2
  1  1  0.938300  0.096827 -0.047323  0.740854  -2
  1  1  0.938300  0.174408 -0.179862  0.244008  -7
  1  1  0.938300  0.063902 -0.124661  0.865778  -4
  1  1  0.938300 -0.011978 -0.290631  0.407495  -4
  1  1  0.938300  0.118410 -0.046893  0.691373  -1
  1  1  0.938300 -0.007420  0.114528  0.533895  -4
  1  1  0.938300 -0.031382 -0.048863  1.174542  -1
  1  1  0.938300  0.230994  0.421695  0.743413  -3
  1  1  0.938300  0.127587  0.249185  0.989324  -6
  1  1  0.938300  0.017451  0.027687  0.734200  -1
  1  1  0.938300  0.112928 -0.079670  0.853709  -1
  1  1  0.938300 -0.091646  0.076556  0.555419  -3
  1  1  0.938300  0.279628  0.175208  0.934490  -2
  1  1  0.938300  0.020822  0.485692  0.848877  -3
  1  1  0.938300 -0.462192  0.555873  0.845973  -2
  1  0  0.938300  0.244907  0.042645  0.408103  -5
  1  1  0.938300 -0.023227 -0.245419  1.071251  -1
  1  1  0.938300  0.143494 -0.332670  0.506731  -2
  1  1  0.938300 -0.296980  0.075997  0.339793  -3
  1  0  0.938300 -0.392677 -0.007485  0.194113  -4
  1  1  0.938300  0.074282  0.074533  0.051768  -4
  1  1  0.938300 -0.073892 -0.373807  0.241747  -5
  1  1  0.938300 -0.213159  0.280770  0.928896  -5
  1  1  0.938300  0.158027 -0.286721  0.310296  -3
  1  1  0.938300  0.325259  0.147432  0.438617  -5
  1  0  0.938300 -0.070935 -0.003328  0.435385 -10
  1  1  0.938300  0.036202 -0.176047  0.266962  -2
  1  1  0.938300  0.039937  0.022300  0.796629  -2
  1  1  0.938300 -0.156442 -0.475944  0.499031  -8
  1  1  0.938300  0.094273 -0.076976  0.223694  -4
  1  1  0.938300 -0.339447  0.373183  0.448223  -4
  1  1  0.938300 -0.272655  0.004323  0.301183  -3
  1  1  0.938300 -0.529119  0.108910  0.747803  -6
  1  1  0.938300 -0.576118 -0.239366  0.471300  -3
  1  1  0.938300  0.169857  0.024220  0.375573  -7
  1  1  0.938300 -0.087765  0.107879  1.024007  -1
  1  1  0.938300  0.142973 -0.137821  0.423684  -3
  1  0  0.938300  0.396381  0.076371  0.450098  -4
  1  0  0.938300  0.003897  0.199643  0.328880 -11
  1  0  0.938300  0.171042 -0.163809  0.219284  -4
  1  0  0.938300 -0.219389 -0.377864  0.864378  -4
  1  0  0.938300  0.081653 -0.269449  0.744579  -9
  1  0  0.938300  0.307751  0.263905  0.812961  -3
  1  0  0.938300  0.187027 -0.116341  1.108177  -2
  1  0  0.938300 -0.587339  0.193233  0.462753  -4
  1  0  0.938300  0.058618 -0.171666  0.867725  -1
  1  0  0.938300  0.113219  0.039570  0.499452  -9
  1  0  0.938300  0.116641 -0.024110  1.004177  -1
  1  0  0.938300  0.045345  0.031971  1.089924  -3
  1  1  0.938300 -0.036721  0.705487  0.556642  -6
  1  0  0.938300 -0.063842  0.061145  0.254210  -3
  1  0  0.938300 -0.328384 -0.253920  0.652708  -3
  1  0  0.938300  0.103629  0.207933  1.006590  -1
  1  0  0.938300 -0.014422 -0.170848  0.437343  -2
  1  0  0.938300  0.550942 -0.030716  0.909251  -5
  1  0  0.938300 -0.086217 -0.065691  0.724429  -3
  1  0  0.938300 -0.442347  0.101084  0.681610  -5
  1  0  0.938300  0.352008 -0.296830  0.445114  -3
  1  0  0.938300  0.164804 -0.169894  0.395063  -9
  1  0  0.938300 -0.533339 -0.276704  0.337670  -4
  1  0  0.938300 -0.095384  0.470244  0.794898  -7
  1  0  0.938300 -0.308839  0.407107  0.272179  -4
  1  0  0.938300  0.040455 -0.347189  0.483998  -8
  1  0  0.938300  0.566605  0.232462  0.563911  -7
  1  0  0.938300  0.040358  0.116090  0.286416  -4
  1  0  0.938300 -0.072180 -0.143581  0.419901  -2
  1  0  0.938300 -0.185546 -0.449263  0.321078  -4
  1  0  0.938300 -0.180615 -0.273484  0.918454  -3
  1  0  0.938300  0.098891 -0.349212  0.268664  -2
  1  0  0.938300 -0.011668 -0.246452  0.483966  -4
  1  0  0.938300 -0.191091 -0.391776  0.678899  -3
  1  1  0.938300 -0.091276 -0.039271  0.320460  -7
  1  0  0.938300 -0.017681 -0.201025  0.954965  -4
  1  0  0.938300 -0.060793 -0.316265  0.209905  -3
  1  0  0.938300  0.160986  0.165929  0.083400  -6
  1  0  0.938300 -0.047085 -0.071137  0.747308  -2
  1  0  0.938300 -0.193105 -0.102904  0.595730  -2
  1  0  0.938300 -0.000808  0.177199  0.126830  -2
  1  0  0.938300 -0.096973 -0.391080  0.448292  -4
  1  0  0.938300  0.371125 -0.131377  0.529013  -4
  1  0  0.938300  0.025181 -0.122431  1.079974  -1
  1  0  0.938300 -0.042106  0.146426  0.764556  -4
  1  0  0.938300  0.485784 -0.111881  0.522254  -5
  1  0  0.938300 -0.050580 -0.372633  1.128463  -6
  1  0  0.938300 -0.013470 -0.452071  0.486424  -3
  1  0  0.938300  0.075954  0.168866  0.394618  -2
  1  0  0.938300 -0.157917  0.028075  0.861042  -1
  1  0  0.938300  0.358066  0.188068  0.461713  -5
  1  0  0.938300  0.060070  0.103024  0.931217  -1
  1  0  0.938300 -0.005312 -0.083581  0.464966  -2
  1  0  0.938300 -0.305033 -0.510140  0.762617  -8
  1  0  0.938300 -0.149861  0.609579  0.362507  -2
  1  0  0.938300  0.202843 -0.115164  0.669036  -3
  1  1  0.938300 -0.692201  0.461602  0.671823  -5
  1  0  0.938300  0.001991  0.316819  0.416300  -5
  1  0  0.938300  0.009308 -0.079671  0.461213  -5
  1  0  0.938300  0.103733 -0.038580  0.681121  -3
  1  0  0.938300 -0.112558  0.168353  0.960124  -3
  1  0  0.938300 -0.381161  0.188866  0.300114  -2
  1  0  0.938300 -0.399325 -0.608028  0.567111  -8
  1  0  0.938300 -0.247430  0.006127  0.800969  -5
  1  0  0.938300 -0.160678  0.286808  0.717270  -2
  1  0  0.938300 -0.050816 -0.254645  0.665355  -2
  1  0  0.938300 -0.300957  0.381680  0.269691  -5
  1  0  0.938300  0.141064  0.005147  0.790094  -3
  1  0  0.938300 -0.046810  0.014765  0.718331  -1
  1  0  0.938300 -0.443057  0.125566  0.770658  -2
  1  0  0.938300  0.197328 -0.071806  0.686020  -3
  1  0  0.938300  0.227293  0.094744  0.959090  -1
  1  0  0.938300 -0.094360  0.006370  0.673438  -5
  1  0  0.938300 -0.152184  0.046966  0.713026  -1
  1  0  0.938300  0.000884 -0.399287  0.863635  -2
  1  0  0.938300 -0.573862  0.000024  0.405652  -9
  1  0  0.938300 -0.003292 -0.156302  0.725794  -2
  1  0  0.938300 -0.232998  0.388382  0.303378  -3
  1  0  0.938300  0.226690  0.271806  0.792772  -8
  1  0  0.938300  0.129480 -0.345853  0.318217  -3
  1  0  0.938300  0.041642 -0.257982  0.871020  -1
  1  0  0.938300 -0.131878 -0.086923  0.992272  -1
  1  0  0.938300 -0.207712 -0.334242  0.792613  -7
  1  0  0.938300  0.077093 -0.139420  0.319350  -3
  1  0  0.938300 -0.067860 -0.108578  0.408918  -3
  1  0  0.938300 -0.142834 -0.280458  0.653138  -4
  1  0  0.938300 -0.193833  0.028291  0.947576  -4
  1  0  0.938300  0.086457  0.018821  0.749908  -6
  1  0  0.938300  0.036979  0.311041  0.563007  -4
  1  0  0.938300 -0.008406 -0.107666  1.115630  -1
  1  0  0.938300  0.120433  0.087155  0.946623  -1
  1  0  0.938300 -0.007790 -0.050020  0.968132  -1
  1  0  0.938300  0.485013  0.190488  0.554065  -6
  1  0  0.938300 -0.207005 -0.030456  0.650722  -3
  1  0  0.938300  0.182662 -0.028957  0.678256  -2
  1  0  0.938300  0.081800 -0.060888  0.353511  -9
  1  0  0.938300  0.300826  0.056894  0.859997  -3
  1  0  0.938300  0.159462  0.202448 -0.004816  -4
  1  0  0.938300 -0.005751  0.072604  0.507339  -6
  1  0  0.938300 -0.587451  0.342961  0.344223  -3
  1  0  0.938300  0.008393 -0.013166  0.295577  -8
  1  0  0.938300  0.136466 -0.288686  0.567949  -4
  1  0  0.938300 -0.012344 -0.130921  0.201343  -8
  1  0  0.938300  0.003312  0.147633  0.296441  -4
  1  0  0.938300  0.239821  0.303527  0.814690  -4
  1  0  0.938300 -0.127424  0.456804  1.029280  -5
  1  0  0.938300  0.193437 -0.400440  1.158943  -3
  1  0  0.938300  0.069899 -0.394954  0.829230  -2
  1  0  0.938300  0.165727 -0.165779  0.998384  -2
  1  0  0.938300  0.131378  0.210752  0.707276  -2
  1  0  0.938300 -0.139713 -0.304741  0.311048  -4
  1  0  0.938300 -0.135947 -0.293966  0.523694  -2
  1  0  0.938300 -0.090666  0.220216  0.292835  -4
  1  0  0.938300  0.008673 -0.143156  0.598394  -1
  1  0  0.938300  0.216074  0.224874  0.358253  -2
  1  0  0.938300 -0.307608  0.040832  0.632414  -3
  1  0  0.938300  0.245030  0.310459  0.340822  -6
  1  0  0.938300  0.249687  0.753196  0.259011  -5