  1  1  0.938300  0.025009 -0.176388  0.239632   5
  1  1  0.938300  0.106305  0.001145  0.694009   4
  1  1  0.938300 -0.322379 -0.150193  1.051292   2
  1  1  0.938300  0.319487 -0.132234  0.417435   2
  1  1  0.938300  0.146736  0.157744  1.441279   6
  1  1  0.938300  0.209338 -0.047771 -0.045629   1
  1  1  0.938300  0.136495  0.201075  0.305763   3
  1  1  0.938300  0.012677 -0.110139  0.032342   1
  1  1  0.938300  0.063195  0.200542  0.881758   5
  1  1  0.938300 -0.363823 -0.322009  0.700491   3
  1  1  0.938300  0.439763 -0.072125  0.739547   4
  1  1  0.938300 -0.405618 -0.051482  0.356779   4
  1  1  0.938300  0.336785  0.051685  0.324765   2
  1  1  0.938300  0.192658  0.027963  0.280332   2
  1  1  0.938300 -0.027969 -0.014014  0.002942   1
  1  1  0.938300 -0.547273  0.221512  0.529534   6
  1  1  0.938300 -0.335881 -0.356271  0.725894   5
  1  0  0.938300  0.143375  0.814180  0.442178   8
  1  1  0.938300  0.443006 -0.145081  0.933552   5
  1  1  0.938300 -0.133513  0.131753  0.148628   2
  1  1  0.938300 -0.083427 -0.425354  0.326454   2
  1  1  0.938300  0.297471  0.253760  0.052702   2
  1  1  0.938300 -0.216001  0.276073  1.020192   2
  1  0  0.938300 -0.282770 -0.125116  0.522787  11
  1  1  0.938300  0.374532 -0.240101  0.686988   7
  1  1  0.938300 -0.196033 -0.147123  0.071021   1
  1  1  0.938300 -0.337517 -0.293538  0.445503   4
  1  1  0.938300  0.124374 -0.193042  0.945877   5
  1  1  0.938300  0.026923 -0.001685  0.767260   6
  1  1  0.938300  0.521825  0.133759  0.215981   2
  1  1  0.938300  0.354768  0.101620  0.577790   3
  1  1  0.938300  0.085161  0.100337  0.093864   1
  1  1  0.938300 -0.063868 -0.488684  0.538009   6
  1  1  0.938300  0.144261  0.037231  0.182688   1
  1  1  0.938300  0.148959 -0.280404  0.694681   6
  1  1  0.938300 -0.064159 -0.157723  0.319232   5
  1  1  0.938300  0.360099  0.089357 -0.036095   2
  1  1  0.938300 -0.261607  0.542807  0.198926   5
  1  1  0.938300 -0.401872 -0.283017  0.976520   2
  1  1  0.938300 -0.132087  0.224676  0.499342   3
  1  1  0.938300  0.054024  0.287092  0.752202   2
  1  0  0.938300  0.191579 -0.114276  0.652055   4
  1  1  0.938300  0.012491 -0.010389  0.162856   1
  1  0  0.938300  0.160611 -0.046351  0.656700   3
  1  1  0.938300 -0.430002  0.389249  0.330119   3
  1  1  0.938300 -0.113993 -0.284567  0.298515   6
  1  0  0.938300  0.125480 -0.070788  0.154487  10
  1  1  0.938300  0.072098 -0.012594  0.174819   7
  1  1  0.938300  0.251974 -0.115668  0.618226   6
  1  1  0.938300  0.076270 -0.287431  0.010133   3
  1  0  0.938300  0.245982 -0.212200  0.378076   6
  1  1  0.938300 -0.357069  0.114383  0.431892   3
  1  0  0.938300  0.220581 -0.595021  0.309656   3
  1  1  0.938300 -0.033335  0.217700  0.766857   3
  1  1  0.938300 -0.285371 -0.430060  0.477669  10
  1  0  0.938300 -0.017723  0.065136  0.547982   8
  1  1  0.938300  0.117604  0.266458  0.470080   3
  1  1  0.938300  0.192686  0.002368  0.536175   3
  1  1  0.938300 -0.011587  0.123044  0.239853   1
  1  1  0.938300  0.160065 -0.157055  0.426760   3
  1  1  0.938300  0.035056 -0.101267  0.028298   1
  1  1  0.938300 -0.000189  0.034141  0.224237   1
  1  1  0.938300 -0.337924 -0.560357  0.530589   2
  1  0  0.938300  0.558143  0.265129  0.608508   3
  1  1  0.938300 -0.545727 -0.159417  0.267339   3
  1  1  0.938300 -0.050687 -0.203031  0.516142   7
  1  1  0.938300 -0.135192 -0.371043 -0.092034   2
  1  1  0.938300  0.135954  0.158227  0.639797   2
  1  1  0.938300  0.156568 -0.116949  0.072660   3
  1  1  0.938300  0.399884 -0.144775  0.300530   3
  1  1  0.938300  0.032887  0.124551  0.417315   2
  1  1  0.938300  0.425799 -0.127884  0.243416   2
  1  1  0.938300 -0.216309  0.212927  0.982530   8
  1  1  0.938300 -0.275741  0.290851  0.223913   2
  1  1  0.938300  0.509923 -0.091561 -0.048653   8
  1  1  0.938300 -0.399674  0.153972  0.558334   8
  1  1  0.938300  0.261526  0.205980  0.549320   6
  1  1  0.938300  0.154605 -0.243229  0.681995   6
  1  1  0.938300 -0.048567  0.195186  0.212592   1
  1  0  0.938300  0.055314 -0.041076  0.177465   3
  1  0  0.938300  0.400804  0.223396  0.427896   4
  1  0  0.938300 -0.219249  0.047768  0.317993   4
  1  0  0.938300 -0.018279 -0.274825  0.754170   4
  1  0  0.938300  0.279775  0.022731 -0.261524   3
  1  0  0.938300 -0.088403  0.058307  0.206204   4
  1  1  0.938300 -0.399484  0.073974  0.862484   2
  1  0  0.938300 -0.138116  0.264527  0.044322   5
  1  0  0.938300  0.084128  0.715282  0.425650   6
  1  0  0.938300 -0.027424 -0.132962  0.169123   1
  1  0  0.938300  0.003674  0.203236  0.061855   1
  1  0  0.938300  0.136957 -0.373543  0.547372   5
  1  1  0.938300 -0.104299 -0.170972  0.329563   4
  1  0  0.938300  0.010812  0.235335  0.405391   3
  1  0  0.938300  0.129586 -0.064960  0.046091   1
  1  0  0.938300 -0.336720  0.201052  0.348306   2
  1  0  0.938300 -0.202646 -0.150607  0.436675   3
  1  0  0.938300 -0.122257  0.350775  0.396232   4
  1  0  0.938300 -0.144991  0.524925  0.484125   4
  1  0  0.938300 -0.036464  0.247611  0.830129   5
  1  0  0.938300 -0.175386 -0.107945  0.904762   4
  1  0  0.938300  0.039939  0.570174 -0.011273   5
  1  0  0.938300  0.200349 -0.280770  0.148839   3
  1  0  0.938300 -0.086230 -0.078607  0.485974   5
  1  0  0.938300  0.417772 -0.398349  0.322463   7
  1  0  0.938300  0.251036  0.214854  0.243872   3
  1  0  0.938300 -0.109507  0.118598  0.640494   2
  1  0  0.938300  0.027312  0.229998  0.929967   3
  1  0  0.938300 -0.214013  0.340358  0.514651   2
  1  0  0.938300  0.150553  0.307766  0.786826   2
  1  0  0.938300  0.080557  0.128316 -0.027085   1
  1  0  0.938300 -0.182069  0.196643  0.509779   4
  1  0  0.938300  0.283647  0.117760  0.895721   5
  1  0  0.938300  0.227176  0.272349  0.787292   3
  1  0  0.938300 -0.142457  0.106897  0.141968   2
  1  0  0.938300  0.071394 -0.201216  0.544632   6
  1  0  0.938300  0.287541  0.170746  0.285464   4
  1  0  0.938300  0.100227 -0.110710  0.068964   5
  1  0  0.938300  0.698234 -0.194648  0.630024   4
  1  0  0.938300  0.474040  0.035122  0.168568   2
  1  1  0.938300  0.196109 -0.530413  0.359618   3
  1  0  0.938300  0.148065 -0.277824  0.658458   5
  1  0  0.938300  0.087525  0.147914  0.368955   4
  1  0  0.938300  0.238602  0.620585  0.232528   2
  1  0  0.938300 -0.490586  0.366699  1.200097   2
  1  0  0.938300 -0.061783  0.080903  0.019157  10
  1  1  0.938300 -0.426491 -0.003722 -0.072568   6
  1  1  0.938300  0.072983 -0.170672  0.522524   5
  1  0  0.938300  0.065060 -0.049372  0.589167   5
  1  0  0.938300  0.102725 -0.431413  1.017742   3
  1  0  0.938300 -0.024431 -0.205133  0.387009  14
  1  0  0.938300 -0.082281  0.150076  0.281358   3
  1  0  0.938300  0.140420  0.031198  0.825644   8
  1  0  0.938300  0.114712 -0.054220  0.324921   4
  1  0  0.938300 -0.058759  0.252277  0.066722   3
  1  0  0.938300 -0.346736  0.036213  0.486945   4
  1  0  0.938300  0.340586 -0.045433  1.124475   4
  1  0  0.938300 -0.271484 -0.040263  0.466539   8
  1  0  0.938300  0.266190  0.037911  0.176605   4
  1  0  0.938300  0.422163 -0.027049  0.581721   5
  1  0  0.938300 -0.110900 -0.169343 -0.010406   1
  1  0  0.938300 -0.105280 -0.135620  1.108596   4
  1  1  0.938300  0.000378 -0.139194 -0.036605   8
  1  0  0.938300  0.003911  0.009584  0.439205   6
  1  0  0.938300 -0.116176  0.450113  0.222085   3
  1  0  0.938300  0.325973 -0.359553  0.521095   6
  1  0  0.938300 -0.493518 -0.022258  0.157726   4
  1  0  0.938300  0.071924  0.016373 -0.028221   1
  1  0  0.938300 -0.059630  0.322694  0.596478   2
  1  0  0.938300 -0.374078 -0.016122  0.354288   5
  1  0  0.938300 -0.532922 -0.153818  0.068909   3
  1  0  0.938300  0.173496 -0.046091  0.453722   3
  1  0  0.938300 -0.247306 -0.242738  0.678305   9
  1  0  0.938300  0.316073  0.420721  0.689176   9
  1  0  0.938300 -0.213297  0.026575  0.163013   2
  1  0  0.938300 -0.018411 -0.214818  0.785613   4
  1  0  0.938300 -0.287214 -0.043939  0.362997   3
  1  1  0.938300  0.091286  0.279772  0.249070  10
  1  0  0.938300  0.155974  0.383193  0.514905   7
  1  0  0.938300 -0.015080 -0.451857  0.654055   5
  1  0  0.938300  0.100023  0.063064 -0.058605   2
  1  0  0.938300 -0.226938  0.261454  0.401335   5
  1  0  0.938300 -0.609009  0.201952  0.310058   2
  1  0  0.938300 -0.103972  0.053042  0.269325   8
  1  0  0.938300 -0.076664 -0.027857  0.090294   1
  1  0  0.938300  0.302419  0.398082  0.587701   2
  1  0  0.938300  0.008067  0.121371  0.455124   9
  1  0  0.938300  0.037914  0.110338  0.330764   2
  1  0  0.938300 -0.142312  0.062299  0.553787   2
  1  0  0.938300 -0.019082 -0.047439  0.270352   1
  1  0  0.938300 -0.054075 -0.037573  0.713439   7
  1  1  0.938300  0.112880 -0.117325  0.932139   3
  1  0  0.938300  0.287478  0.204091  0.409302   6
  1  0  0.938300 -0.509238 -0.071786  0.529866   2
  1  0  0.938300  0.152427 -0.392766  0.510045   6
  1  0  0.938300  0.702787  0.154232  0.470190   5
  1  0  0.938300 -0.101265  0.476945  1.069659   4
  1  0  0.938300 -0.256705  0.060425  0.967743   3
  1  0  0.938300 -0.127525 -0.152644  0.447651   6
  1  0  0.938300  0.223405  0.070420  0.205418   1
  1  0  0.938300 -0.182015 -0.244940  0.722404   8
  1  0  0.938300 -0.163952  0.131193  0.073614   2
  1  0  0.938300  0.099185 -0.318111  0.702151   8
  1  1  0.938300 -0.020028  0.214583  0.660373   6
  1  0  0.938300 -0.179062  0.239799  0.646263   5
  1  0  0.938300 -0.073259 -0.383966  0.980168   3
  1  0  0.938300 -0.125174  0.335692 -0.140464   2
  1  0  0.938300 -0.186905  0.031988 -0.128858   3
  1  0  0.938300 -0.012325  0.102118  0.200170   7
  1  0  0.938300  0.138682 -0.390346  0.573061   2
  1  0  0.938300 -0.127765  0.209727  0.486683   6
  1  0  0.938300 -0.169752 -0.456709  0.311210   2
  1  0  0.938300 -0.017143  0.069239  0.302752   1
  1  0  0.938300 -0.063485 -0.214248  0.596503   3
  1  1  0.938300 -0.140295 -0.025427  0.447445   4
  1  0  0.938300  0.102601 -0.114526  0.105980   4
  1  0  0.938300 -0.274032  0.176192  0.845764   4
  1  0  0.938300  0.189139 -0.315677  0.319181   2
  1  0  0.938300 -0.302797 -0.005472  0.509750  -5
  1  1  0.938300 -0.421729  0.418661  0.003426  -8
  1  1  0.938300  0.113207 -0.218435  0.685384  -6
  1  1  0.938300 -0.033571 -0.279827  0.105806  -6
  1  1  0.938300 -0.110865  0.155318  0.580144  -4
  1  0  0.938300 -0.115452  0.351404  0.854202  -4
  1  1  0.938300  0.026634 -0.220156  0.262516  -2
  1  0  0.938300  0.124087 -0.167439  0.707705  -5
  1  1  0.938300  0.034522  0.104543  0.180118  -5
  1  1  0.938300 -0.242239 -0.305706  0.543065  -2
  1  1  0.938300 -0.132116 -0.202428  0.784232  -4
  1  1  0.938300 -0.175103 -0.275137  0.331536  -3
  1  0  0.938300  0.246179 -0.256324  0.827326  -4
  1  1  0.938300 -0.088071 -0.037593  0.721978  -1
  1  1  0.938300 -0.364731  0.132748  0.608965  -8
  1  1  0.938300  0.435574 -0.000500  0.228924  -4
  1  0  0.938300 -0.144479 -0.104047  0.808911  -8
  1  1  0.938300 -0.465920  0.460330  0.619659  -2
  1  1  0.938300  0.282820 -0.220511  0.897001  -2
  1  1  0.938300  0.127712  0.059449  0.741245 -14
  1  1  0.938300 -0.864169 -0.194526  0.726082  -8
  1  1  0.938300  0.019851  0.045395  0.853894  -1
  1  1  0.938300 -0.436467 -0.003457  0.471421  -4
  1  1  0.938300  0.359586 -0.391343  0.699106  -2
  1  1  0.938300  0.125034 -0.147898  0.384363  -5
  1  1  0.938300  0.117783  0.615080  0.393286  -2
  1  1  0.938300  0.196347  0.010684  0.692861  -1
  1  1  0.938300 -0.057978  0.077430  0.483789  -6
  1  1  0.938300  0.262325  0.395611  0.755054  -2
  1  1  0.938300  0.037550  0.210867  0.631636 -10
  1  1  0.938300 -0.026036  0.069601  0.563745  -7
  1  1  0.938300  0.117010  0.092254  0.624010  -2
  1  1  0.938300  0.040530  0.044487  1.120528  -1
  1  1  0.938300 -0.396011 -0.140989  0.793756  -3
  1  1  0.938300  0.085890  0.290832  0.255519  -4
  1  1  0.938300 -0.428835  0.469528 -0.089356  -8
  1  1  0.938300 -0.155432 -0.005105  0.325831  -3
  1  1  0.938300  0.383129 -0.477877  0.512995  -7
  1  1  0.938300 -0.063247 -0.077319  0.486368  -5
  1  1  0.938300  0.129948  0.174070  0.403389  -3
  1  1  0.938300 -0.320704 -0.038382  0.475936  -4
  1  1  0.938300  0.112644 -0.128363  0.450879  -6
  1  1  0.938300 -0.033190  0.142718  0.291087 -11
  1  1  0.938300  0.318359 -0.299188  0.130895  -6
  1  1  0.938300 -0.024858 -0.160664  0.836882  -2
  1  0  0.938300  0.188148 -0.019628  0.669038  -5
  1  1  0.938300  0.115505  0.012100  0.257237  -5
  1  1  0.938300  0.373552 -0.241413  1.090503  -2
  1  1  0.938300 -0.435798  0.167331  0.564062  -2
  1  0  0.938300  0.070443  0.119055  0.407689  -4
  1  1  0.938300  0.337910 -0.239923  0.627431  -3
  1  1  0.938300 -0.211737  0.597516  0.354238  -5
  1  1  0.938300 -0.492919  0.034959  0.337898  -7
  1  1  0.938300  0.097148 -0.006153  0.380711  -4
  1  1  0.938300  0.107218  0.074681  1.242603  -4
  1  0  0.938300 -0.012060  0.177615  0.641630  -3
  1  0  0.938300  0.142971  0.123867  0.467788  -4
  1  1  0.938300 -0.250308 -0.131306  0.679649  -3
  1  1  0.938300  0.049124 -0.089476  0.472689  -6
  1  1  0.938300 -0.003491 -0.248834  0.915331  -5
  1  1  0.938300 -0.014114 -0.136707  0.893755  -3
  1  1  0.938300 -0.329700  0.333064  0.243191  -4
  1  1  0.938300  0.120591  0.074178 -0.381167  -2
  1  0  0.938300 -0.246575 -0.055349  0.279146  -3
  1  0  0.938300 -0.088914 -0.573137  0.714713  -5
  1  1  0.938300  0.187547 -0.557151  0.762802  -2
  1  1  0.938300 -0.107515 -0.286027  0.997882  -3
  1  1  0.938300  0.109024 -0.112434  0.301656  -6
  1  1  0.938300 -0.157946 -0.115508  0.473658  -3
  1  0  0.938300  0.177733 -0.038495  0.232423  -6
  1  1  0.938300 -0.115405 -0.829077  0.555358  -3
  1  1  0.938300  0.210599  0.051887  0.476126  -7
  1  1  0.938300  0.159227 -0.025568  0.452050  -1
  1  1  0.938300 -0.262948  0.256509  0.830323  -3
  1  1  0.938300  0.057695  0.124173  0.319547  -3
  1  1  0.938300 -0.171896 -0.004286  0.993933  -1
  1  1  0.938300 -0.044954  0.227338  0.729973  -5
  1  1  0.938300 -0.422484 -0.183906  0.558675  -4
  1  1  0.938300  0.262718 -0.461441  0.760724  -3
  1  0  0.938300  0.261637 -0.280324  0.512499  -6
  1  0  0.938300 -0.017003  0.213853  0.362380  -2
  1  0  0.938300  0.036716 -0.161051  0.552512  -4
  1  1  0.938300  0.328672 -0.042315 -0.044989  -6
  1  0  0.938300 -0.052123 -0.088843  0.995012  -1
  1  0  0.938300  0.095392  0.205349  0.698653  -4
  1  0  0.938300 -0.064709 -0.055503  0.313142  -2
  1  0  0.938300  0.119677 -0.024248  0.498917  -3
  1  0  0.938300 -0.570311 -0.197543  0.702586  -2
  1  1  0.938300 -0.179202 -0.154488  0.827332 -10
  1  0  0.938300  0.235500 -0.012809  1.012613  -8
  1  0  0.938300 -0.149103  0.075484 -0.033064  -3
  1  0  0.938300 -0.247957  0.190535  0.470993  -6
  1  0  0.938300 -0.359658 -0.136659  0.660380  -6
  1  0  0.938300 -0.321512 -0.359182  0.841092  -4
  1  0  0.938300  0.163556  0.060472  0.668380  -2
  1  0  0.938300 -0.477939  0.033289  0.658952  -2
  1  0  0.938300 -0.329542 -0.394022  0.608110  -3
  1  0  0.938300  0.219994 -0.171281  0.483559  -2
  1  0  0.938300  0.049000 -0.054346  0.378360  -5
  1  0  0.938300 -0.043531  0.088219  0.319100  -3
  1  0  0.938300  0.110457 -0.059088  0.406876  -9
  1  0  0.938300  0.273867  0.178298  0.306950  -4
  1  0  0.938300 -0.207152 -0.121129  0.772607  -6
  1  0  0.938300 -0.094130  0.398796  0.606981  -5
  1  1  0.938300  0.041742 -0.140549 -0.042737  -4
  1  0  0.938300  0.112059 -0.278996  0.571605  -4
  1  0  0.938300 -0.202484 -0.127762  0.299818  -6
  1  0  0.938300  0.135169  0.244401  0.671412  -7
  1  0  0.938300 -0.168393  0.370053  0.606778  -4
  1  0  0.938300  0.054092 -0.003915  0.701663  -5
  1  0  0.938300  0.088628  0.172594  0.031031  -3
  1  0  0.938300 -0.106859 -0.670224  0.434453  -3
  1  1  0.938300 -0.168175  0.689902  0.376336  -8
  1  1  0.938300  0.568302 -0.194174  0.356483  -5
  1  0  0.938300  0.006547 -0.009489  0.062538  -3
  1  1  0.938300 -0.358327  0.284246  0.456130  -5
  1  0  0.938300 -0.069505 -0.005317  0.231449  -4
  1  0  0.938300  0.084811  0.134250  0.855306  -7
  1  0  0.938300 -0.105725  0.477056  0.526598  -3
  1  0  0.938300 -0.056540 -0.179332  0.477659 -12
  1  0  0.938300  0.206591  0.266723  0.267861  -5
  1  0  0.938300 -0.012813 -0.111258  0.970603  -1
  1  0  0.938300  0.460373  0.006576  0.275098  -4
  1  0  0.938300 -0.054776  0.483331  0.338682  -2
  1  0  0.938300  0.099445  0.057732  0.953724  -4
  1  0  0.938300  0.122534  0.450191  0.909629  -3
  1  0  0.938300  0.039805  0.360148  0.430560  -4
  1  0  0.938300 -0.297699  0.200741  0.295628  -3
  1  0  0.938300 -0.150787  0.244893  0.739144  -6
  1  0  0.938300  0.353821 -0.065268  0.544087  -4
  1  0  0.938300 -0.120357  0.084476  0.597148  -3
  1  0  0.938300  0.344320 -0.067102  0.665886  -3
  1  0  0.938300 -0.094067 -0.483800  0.662077  -6
  1  0  0.938300 -0.471998 -0.163593  0.831215  -5
  1  0  0.938300  0.052279 -0.315600  0.408604  -2
  1  0  0.938300 -0.221859  0.374662  1.089755  -3
  1  0  0.938300 -0.045665  0.306432  0.683844  -8
  1  0  0.938300  0.183865 -0.005445  0.659698  -2
  1  0  0.938300 -0.414362 -0.409425  0.411937  -5
  1  0  0.938300 -0.289101  0.023703  0.764349  -5
  1  0  0.938300 -0.071421 -0.107092  0.692994  -2
  1  0  0.938300 -0.306782  0.384644 -0.113185 -13
  1  0  0.938300 -0.139794  0.305878  0.624131  -2
  1  0  0.938300  0.350821  0.167922  0.540367  -2
  1  0  0.938300  0.329211 -0.049744  0.851468  -2
  1  0  0.938300  0.063179  0.089357  0.131554  -4
  1  1  0.938300 -0.545358  0.356713  0.319909  -2
  1  0  0.938300  0.228678  0.038782  0.510653  -7
  1  0  0.938300  0.262790 -0.268207  0.488528  -4
  1  1  0.938300  0.787926  0.205402  0.201297 -11
  1  0  0.938300 -0.465311  0.195736  0.590542  -5
  1  0  0.938300  0.037097 -0.502563  0.368027  -2
  1  0  0.938300 -0.054351  0.067420  0.406827  -4
  1  0  0.938300 -0.063399 -0.299434  0.778071  -6
  1  0  0.938300 -0.053881 -0.091263  1.158096  -1
  1  0  0.938300  0.270518  0.065347  0.372825  -4
  1  0  0.938300  0.024154  0.321476  0.766729  -2
  1  0  0.938300 -0.277034  0.061908  0.492435  -3
  1  0  0.938300  0.042687  0.555278  0.477248  -6
  1  0  0.938300  0.469977  0.445458  0.187750  -3
  1  0  0.938300 -0.122670  0.217890  0.168651  -8
  1  0  0.938300 -0.162851  0.004826  0.450611  -5
  1  0  0.938300  0.069756 -0.144943  0.458361  -9
  1  0  0.938300  0.163031  0.223665  0.238195  -3
  1  0  0.938300  0.107153  0.153236  0.324613  -2
  1  0  0.938300 -0.091087 -0.150965  0.333331  -2
  1  0  0.938300  0.033971  0.011944  0.832944  -1
  1  0  0.938300 -0.010477  0.249729  0.302788  -2
  1  0  0.938300 -0.089573  0.390047  0.362104  -3
  1  0  0.938300  0.140302 -0.176171  0.935767  -4
  1  0  0.938300  0.021120 -0.244365  1.121687  -3
  1  0  0.938300  0.063616 -0.030507  0.677917  -2
  1  0  0.938300  0.107534 -0.049026  1.124878  -1
  1  0  0.938300 -0.082785  0.149832 -0.008314  -2
  1  0  0.938300 -0.223240 -0.209325  0.541557  -6
  1  0  0.938300 -0.089251  0.140131  0.185052  -3
  1  0  0.938300 -0.240631  0.558170  0.469650  -7
  1  0  0.938300 -0.194699 -0.170001  0.310311  -3
  1  0  0.938300  0.424692 -0.134855  0.048359  -3
  1  0  0.938300  0.099822  0.175537  0.720589  -2
  1  0  0.938300 -0.114162  0.198887  0.287401  -7
  1  1  0.938300 -0.027787 -0.197386  0.185974  -2
  1  0  0.938300  0.089606 -0.241636  0.207841  -7
  1  0  0.938300  0.097218  0.111049  0.393343  -3
  1  0  0.938300 -0.079991 -0.308993  0.872971  -3
  1  0  0.938300  0.181916 -0.177186  0.738595  -3
  1  0  0.938300  0.160733 -0.102278  0.286267  -7
  1  0  0.938300 -0.243048 -0.318992  0.680142  -4
  1  0  0.938300  0.083970 -0.097726  0.167370  -3
  1  0  0.938300 -0.047264 -0.103861  0.818475  -7
  1  0  0.938300  0.203209  0.410691  0.353969  -3
  1  0  0.938300 -0.274187 -0.277543  0.517572  -3
  1  0  0.938300  0.184194 -0.226767  0.557279  -3
  1  0  0.938300  0.392175 -0.441180  0.555553  -2
  1  0  0.938300  0.061493  0.221818  0.622685  -2
  1  0  0.938300  0.048606  0.222284  0.428221  -7
  1  0  0.938300  0.154717 -0.059447  0.845477  -1