  1  1  0.938300  0.224436 -0.146821  0.912819   8
  1  1  0.938300 -0.088648  0.268229 -0.041760   2
  1  1  0.938300  0.184027  0.055234  0.003473   5
  1  1  0.938300  0.306352  0.191001  0.798195   2
  1  1  0.938300 -0.046926  0.714603  0.080109   2
  1  1  0.938300 -0.348689  0.297420  0.405751   6
  1  1  0.938300 -0.133367  0.335869  0.267665   4
  1  1  0.938300 -0.047575  0.114335  0.226116   3
  1  1  0.938300 -0.377595 -0.111617  0.295804   3
  1  1  0.938300  0.064691 -0.099012  0.046596   1
  1  1  0.938300  0.027224 -0.640414  0.661842   3
  1  1  0.938300  0.159684  0.012469 -0.146582   1
  1  1  0.938300  0.050572 -0.042273  0.004735   2
  1  1  0.938300 -0.174724  0.053116  0.122511   1
  1  1  0.938300 -0.532661  0.289768  0.075560   3
  1  1  0.938300 -0.035813  0.110525  0.413243   6
  1  1  0.938300 -0.074195  0.074592  0.335181   7
  1  1  0.938300 -0.457544 -0.312767  0.239336   3
  1  1  0.938300  0.072717 -0.061602  0.069674   1
  1  1  0.938300 -0.150447  0.323192  0.295883   3
  1  1  0.938300  0.124106  0.010167  0.113313   2
  1  1  0.938300  0.158292  0.080625  0.007712   1
  1  1  0.938300 -0.000978 -0.074535  0.135431   1
  1  1  0.938300  0.101428  0.043778  0.264118   1
  1  1  0.938300  0.228319  0.356628  0.053967   2
  1  1  0.938300  0.332275 -0.125205  0.826750   4
  1  1  0.938300 -0.096109 -0.532536  0.404278   4
  1  1  0.938300  0.034560 -0.163293  0.092414   1
  1  1  0.938300  0.165737  0.133459  0.060674   3
  1  1  0.938300 -0.087142  0.123005  0.269632   6
  1  1  0.938300  0.076617 -0.045656 -0.030014   2
  1  1  0.938300  0.335260 -0.093021  0.976331   6
  1  1  0.938300  0.100017  0.056199  0.084340   5
  1  1  0.938300  0.264612 -0.332920  0.372597   4
  1  1  0.938300 -0.072118 -0.379526  0.619119   6
  1  1  0.938300 -0.264051  0.222228  0.157290   4
  1  1  0.938300 -0.329799 -0.152731  0.274204   4
  1  0  0.938300  0.097613  0.146436  0.323111   3
  1  1  0.938300 -0.195549  0.124902  0.038373   2
  1  1  0.938300 -0.142451  0.134653 -0.002909   7
  1  1  0.938300 -0.096318  0.019792 -0.056730   1
  1  1  0.938300 -0.127038 -0.485105  0.312937   4
  1  0  0.938300 -0.311637  0.347917  0.062805   2
  1  1  0.938300  0.106628 -0.230283  0.193775   4
  1  1  0.938300  0.226703 -0.493996  0.667569   3
  1  1  0.938300 -0.001959  0.317521  0.604795   3
  1  1  0.938300  0.508982 -0.296351  0.320360   2
  1  1  0.938300  0.099724 -0.126243  0.090503   1
  1  1  0.938300  0.106972 -0.131175  0.425555   3
  1  1  0.938300  0.445555  0.020464  0.483113   5
  1  1  0.938300  0.576327 -0.009726  0.774968   9
  1  1  0.938300 -0.289000 -0.272521  0.479942   4
  1  1  0.938300 -0.313883  0.025313 -0.005629   2
  1  1  0.938300  0.024661 -0.395554  0.154993   2
  1  1  0.938300  0.179037 -0.013228  0.276965   2
  1  1  0.938300  0.272852 -0.029856  0.290105   2
  1  1  0.938300  0.102484  0.081603  0.060838  10
  1  1  0.938300 -0.099229 -0.186720  0.892267   5
  1  1  0.938300 -0.036465  0.011893 -0.074215   1
  1  1  0.938300 -0.058736 -0.172456  0.378866   6
  1  1  0.938300  0.068670  0.224413  0.299885   2
  1  1  0.938300 -0.222049 -0.366285  0.223625   2
  1  1  0.938300  0.033332 -0.001157  0.102591   2
  1  1  0.938300  0.081398  0.011717 -0.003420   1
  1  1  0.938300 -0.062972  0.260678 -0.011780   3
  1  1  0.938300  0.107491 -0.395769  0.857102   2
  1  1  0.938300 -0.055713  0.000104  0.180766   1
  1  1  0.938300 -0.051324 -0.219064  0.027282   1
  1  1  0.938300 -0.007448 -0.134943  0.580770   6
  1  1  0.938300 -0.175111  0.098765  0.249477   1
  1  1  0.938300  0.315744  0.286681  0.621258   6
  1  1  0.938300 -0.015810  0.236539  0.269198   3
  1  1  0.938300  0.173717  0.175220  0.112906   1
  1  1  0.938300  0.035774  0.218101 -0.007408   1
  1  1  0.938300  0.304449  0.066423  0.568838   2
  1  1  0.938300 -0.070880 -0.109424  0.270182   3
  1  1  0.938300 -0.179615  0.258619 -0.142104   3
  1  1  0.938300  0.510117 -0.185383  0.114812   4
  1  1  0.938300  0.033447 -0.498855  0.633941   2
  1  0  0.938300  0.183730 -0.176145  0.458344   5
  1  0  0.938300 -0.239439  0.212949  0.196640   2
  1  0  0.938300 -0.313664  0.183051  0.559868   6
  1  0  0.938300 -0.447677 -0.424189  0.214794   4
  1  0  0.938300  0.419553  0.349952  0.339632   3
  1  0  0.938300  0.206185 -0.077366  0.798117   2
  1  0  0.938300  0.397317 -0.032693  0.810432   3
  1  0  0.938300 -0.086453 -0.284660  0.162369   3
  1  0  0.938300  0.075047 -0.224118  0.169357   1
  1  1  0.938300 -0.213235 -0.084908  0.306622   3
  1  0  0.938300  0.300334  0.507432  0.444297   4
  1  0  0.938300 -0.074083 -0.530216  1.012272   4
  1  0  0.938300  0.222024 -0.494560  0.770139   4
  1  0  0.938300  0.004432  0.073797  1.456769   5
  1  0  0.938300  0.319655 -0.455118  0.820473   2
  1  0  0.938300 -0.061195 -0.208693  0.111110   2
  1  0  0.938300 -0.187701 -0.201138  0.821908   6
  1  0  0.938300 -0.315133  0.001375  0.468942   2
  1  0  0.938300 -0.074720 -0.090850  0.213045   1
  1  0  0.938300 -0.170063 -0.059167  0.657481   8
  1  0  0.938300  0.133602  0.207131  0.390330   6
  1  0  0.938300  0.036134  0.012343  0.093348   6
  1  0  0.938300  0.031367 -0.236396  0.306449   2
  1  0  0.938300  0.139935 -0.019560  0.576171   5
  1  0  0.938300 -0.090158  0.082807  0.221284   2
  1  0  0.938300  0.004100  0.084387  0.398549   7
  1  0  0.938300 -0.071240  0.270466  0.921235   8
  1  0  0.938300 -0.139267 -0.401084  0.910089   2
  1  0  0.938300 -0.014291 -0.107925  0.043830   1
  1  0  0.938300 -0.087424  0.130100  0.496189   2
  1  0  0.938300 -0.003603 -0.160877  0.125075   1
  1  0  0.938300 -0.075145 -0.528916  0.543479   6
  1  0  0.938300 -0.503946 -0.105265  0.408208   4
  1  0  0.938300  0.034486 -0.081663  0.092037   1
  1  0  0.938300 -0.001086  0.118560  0.032933   1
  1  0  0.938300  0.269401  0.193894  0.177423   3
  1  0  0.938300  0.467969  0.191908  0.424905   3
  1  0  0.938300 -0.141290  0.048708  0.464099   4
  1  0  0.938300 -0.174378 -0.259511  0.181708   4
  1  0  0.938300  0.051163 -0.095075  0.310608   6
  1  0  0.938300  0.136315 -0.446803  0.294541   7
  1  0  0.938300  0.201240  0.033642  0.410661   7
  1  0  0.938300  0.222293  0.135741 -0.025851   4
  1  1  0.938300 -0.209411 -0.100024  0.621841   6
  1  0  0.938300 -0.133903 -0.158460  0.088297   1
  1  0  0.938300  0.132303  0.093058  0.094761   3
  1  0  0.938300 -0.081973 -0.008576  0.367156   3
  1  0  0.938300  0.320923 -0.324472  0.384119   2
  1  0  0.938300 -0.095509 -0.071916  0.420696   4
  1  0  0.938300  0.085143 -0.007910 -0.091664   1
  1  0  0.938300 -0.106720 -0.568276  0.547426   6
  1  0  0.938300 -0.168932  0.003887  0.104336   2
  1  0  0.938300  0.557882  0.181595  0.065212   3
  1  0  0.938300  0.136772  0.186791  0.193450   1
  1  0  0.938300 -0.243160  0.055087  0.973537   2
  1  0  0.938300  0.494595  0.023436  0.178161   2
  1  0  0.938300  0.044755 -0.065539  0.232991   3
  1  0  0.938300 -0.400943 -0.425986  0.738915   3
  1  0  0.938300  0.258967  0.231645  0.822211   5
  1  0  0.938300  0.067278  0.143001  0.312534   5
  1  0  0.938300  0.309833  0.204439  0.220124   3
  1  0  0.938300 -0.148343  0.004826  0.010389   1
  1  0  0.938300  0.286565  0.202563  0.426457   3
  1  0  0.938300  0.350150  0.046384  0.618238   4
  1  0  0.938300  0.531351 -0.113102  0.472585   4
  1  0  0.938300 -0.105216 -0.124596  0.254939   3
  1  0  0.938300 -0.025098  0.264849  0.438163   6
  1  0  0.938300 -0.051741  0.382957  0.642995   3
  1  0  0.938300 -0.009268 -0.057975  0.839482   4
  1  0  0.938300 -0.072053  0.151260  0.025672   1
  1  0  0.938300 -0.158753  0.135312  0.867432   5
  1  0  0.938300 -0.493802  0.086326  0.517323   6
  1  0  0.938300  0.045883  0.039445  0.577338   3
  1  0  0.938300 -0.212311  0.412011  0.517078   4
  1  0  0.938300 -0.498718  0.121725  0.165420   4
  1  0  0.938300  0.011920  0.193877  0.711319   3
  1  0  0.938300 -0.116927  0.511569  0.753263   3
  1  0  0.938300  0.005862 -0.000015  0.698119   8
  1  0  0.938300  0.155544  0.393477  0.785316   5
  1  0  0.938300  0.047653 -0.000446  0.547932   7
  1  0  0.938300  0.164405 -0.014541  0.633962   3
  1  0  0.938300  0.324794  0.484150  0.778980   4
  1  0  0.938300 -0.347541  0.122211  0.791815   4
  1  0  0.938300  0.210842  0.116645  0.519296   2
  1  0  0.938300  0.096715 -0.608070  0.507820   5
  1  0  0.938300  0.128393  0.050133  0.289026   3
  1  0  0.938300  0.130755 -0.211599 -0.111618   2
  1  0  0.938300  0.288166 -0.377981  0.361890   2
  1  0  0.938300 -0.133100 -0.101952  0.413700   2
  1  0  0.938300 -0.015779 -0.330089  0.365035   2
  1  0  0.938300  0.417456 -0.042242  0.228625   1
  1  0  0.938300  0.169477 -0.142465  0.243591   5
  1  0  0.938300 -0.018137  0.032773  0.889236   8
  1  0  0.938300  0.183280 -0.227264  0.648284   4
  1  0  0.938300  0.111057  0.065737  0.237659   4
  1  0  0.938300 -0.074757  0.015225  0.375089   5
  1  0  0.938300  0.072189 -0.060136  0.344089   5
  1  0  0.938300 -0.080190  0.131274  0.641996   7
  1  0  0.938300  0.008378 -0.587565  0.204919   5
  1  0  0.938300  0.108712 -0.150609  0.063209   1
  1  0  0.938300 -0.093843  0.627473  0.568300   2
  1  1  0.938300  0.089294  0.350317  0.162355   4
  1  0  0.938300  0.147956  0.120068  0.363205   2
  1  0  0.938300  0.261236  0.138016  0.659489   5
  1  0  0.938300  0.399256 -0.106464  0.077669   5
  1  0  0.938300 -0.330651 -0.303075  0.361753   6
  1  0  0.938300  0.050160 -0.195107  0.370515   5
  1  0  0.938300 -0.238221 -0.014501  0.277076  10
  1  0  0.938300  0.202108  0.310706  0.589052   3
  1  0  0.938300 -0.156670 -0.092171  0.441763   4
  1  0  0.938300 -0.398560  0.180764  1.236908   3
  1  0  0.938300 -0.228137  0.429033  0.867292   5
  1  0  0.938300 -0.083645 -0.269724  0.411027   2
  1  0  0.938300  0.233774 -0.287995  0.304018   2
  1  0  0.938300  0.102451 -0.250854  0.581744   5
  1  0  0.938300  0.105793 -0.114119  0.147526   1
  1  0  0.938300 -0.134978 -0.196553  0.844824   4
  1  0  0.938300  0.198224  0.051799  0.183592   2
  1  1  0.938300 -0.130422 -0.255776  0.439056  -2
  1  1  0.938300 -0.291477 -0.282144 -0.022180  -2
  1  1  0.938300 -0.261950 -0.071477  0.603381  -2
  1  0  0.938300  0.290141 -0.036658  0.222582  -6
  1  1  0.938300 -0.005468 -0.333377  0.759170  -4
  1  1  0.938300 -0.063528  0.426417  0.479515  -2
  1  0  0.938300  0.294005  0.517319  0.930757  -7
  1  1  0.938300  0.041449  0.165298  0.553137  -2
  1  1  0.938300  0.088605 -0.135252  0.806183  -9
  1  1  0.938300  0.122013 -0.105262  0.865612  -3
  1  1  0.938300 -0.195170 -0.171461  0.234922  -4
  1  1  0.938300 -0.023797 -0.127572  0.131251  -2
  1  1  0.938300  0.229749  0.189425  0.997040  -1
  1  1  0.938300 -0.014273 -0.028158  0.710310  -1
  1  1  0.938300  0.245374  0.048773  0.571439  -2
  1  1  0.938300 -0.303646 -0.008124  0.315369  -2
  1  1  0.938300 -0.011280  0.031393  0.281532  -5
  1  0  0.938300 -0.386242  0.108025  0.380510  -9
  1  1  0.938300 -0.266607 -0.028431  0.971371  -3
  1  1  0.938300 -0.002814  0.217226  0.977574  -1
  1  1  0.938300 -0.088731  0.071215  0.678564  -4
  1  1  0.938300 -0.003981  0.114313  1.062992  -1
  1  1  0.938300 -0.099649 -0.274351  1.113018  -5
  1  1  0.938300  0.419682  0.197361  0.628940  -3
  1  1  0.938300 -0.527080 -0.453412  0.688549  -5
  1  1  0.938300 -0.175821  0.176499  0.325766  -3
  1  1  0.938300  0.667766 -0.134141  0.579510  -5
  1  1  0.938300 -0.006985 -0.098223  0.538331  -1
  1  1  0.938300 -0.290035 -0.283361  0.386083  -5
  1  1  0.938300 -0.285508  0.536183  0.076235  -4
  1  1  0.938300 -0.034013 -0.012934  0.948463  -1
  1  1  0.938300  0.190510  0.000951  0.895505  -7
  1  1  0.938300  0.142117 -0.130050  0.685005  -4
  1  1  0.938300 -0.094899 -0.492663  0.106165  -2
  1  1  0.938300  0.563987 -0.363942  0.205096  -4
  1  1  0.938300  0.413248  0.228436  0.134212  -3
  1  1  0.938300 -0.285813 -0.218753  0.488284  -4
  1  1  0.938300 -0.501126 -0.414545 -0.054970  -5
  1  1  0.938300  0.077692 -0.629021  0.581728  -2
  1  1  0.938300  0.175046 -0.225901  1.268474  -4
  1  1  0.938300  0.042327 -0.078945  0.712468  -3
  1  1  0.938300  0.344909  0.080367  0.886616  -4
  1  1  0.938300  0.123292 -0.069421  0.048020  -3
  1  1  0.938300  0.001882  0.016502  0.972980  -1
  1  1  0.938300 -0.121451 -0.096760  0.273963  -3
  1  1  0.938300 -0.134927  0.081702  0.365194  -3
  1  1  0.938300  0.043337  0.206357  0.414835  -4
  1  0  0.938300  0.078793 -0.308831  0.154087  -8
  1  1  0.938300  0.656616  0.133763  0.707153  -4
  1  1  0.938300  0.152488  0.117466  0.735884  -4
  1  1  0.938300 -0.033196 -0.162975  0.790254  -1
  1  1  0.938300 -0.377933  0.138622  0.417421  -2
  1  0  0.938300 -0.284210  0.242580  0.784154  -6
  1  1  0.938300 -0.120225  0.090256  1.117009  -3
  1  1  0.938300 -0.373522  0.060026  0.157339  -4
  1  1  0.938300  0.318105  0.492810  0.116985  -2
  1  1  0.938300  0.191428 -0.004030  0.463326  -2
  1  1  0.938300 -0.019731  0.056746  0.791170  -1
  1  1  0.938300  0.377087 -0.035393  0.689747  -3
  1  1  0.938300  0.023505  0.126546  0.960724  -1
  1  1  0.938300 -0.030118  0.394686  0.672519  -4
  1  1  0.938300 -0.004468 -0.331920  0.180895  -3
  1  1  0.938300  0.030960  0.077381  0.326543  -3
  1  1  0.938300 -0.275914  0.346613  0.817866  -5
  1  1  0.938300  0.052811 -0.057057  0.468161  -3
  1  1  0.938300 -0.235520 -0.237680  0.381086 -12
  1  1  0.938300 -0.512089 -0.494139  0.213912  -2
  1  1  0.938300 -0.221318 -0.283123  0.501159  -2
  1  1  0.938300  0.076556  0.205065  0.610767  -3
  1  1  0.938300 -0.470672 -0.110643  0.329255  -7
  1  1  0.938300 -0.003297 -0.181652  0.995359  -1
  1  0  0.938300  0.247168 -0.033912  0.163667  -6
  1  1  0.938300  0.059677 -0.195546  0.766019  -3
  1  1  0.938300 -0.048223 -0.019470  0.058002  -2
  1  1  0.938300  0.339741 -0.192002  0.311858  -3
  1  1  0.938300 -0.323574  0.019267  0.561286  -4
  1  1  0.938300  0.005692 -0.116471  1.091510  -2
  1  1  0.938300  0.236693 -0.032859  0.342644  -3
  1  1  0.938300 -0.029916 -0.078282  0.749811  -1
  1  0  0.938300  0.246814 -0.369663  0.239239  -6
  1  0  0.938300 -0.192581  0.217234  0.565865  -4
  1  0  0.938300 -0.732963  0.190977  0.509283  -3
  1  1  0.938300 -0.270155  0.081735  0.141924  -6
  1  0  0.938300  0.074834  0.338033  0.463804  -3
  1  1  0.938300 -0.349573 -0.333679  0.851303  -4
  1  0  0.938300 -0.443162  0.116364  1.007065  -2
  1  0  0.938300  0.230584 -0.084960  0.878909  -2
  1  0  0.938300 -0.034978  0.015965  0.038764  -7
  1  0  0.938300 -0.077033  0.044454  0.641113  -1
  1  0  0.938300  0.421156 -0.342339  0.786460  -7
  1  0  0.938300 -0.132590  0.115516  0.465622  -1
  1  0  0.938300 -0.106845 -0.101850  0.806354  -1
  1  0  0.938300 -0.148838  0.217420  0.636810  -5
  1  0  0.938300 -0.082519  0.090584 -0.027962  -4
  1  0  0.938300 -0.043397 -0.027058  0.793886  -1
  1  1  0.938300  0.132309  0.009268  0.616992  -4
  1  0  0.938300 -0.060365 -0.205732  0.787609  -4
  1  1  0.938300  0.062216  0.017986  0.524258  -6
  1  0  0.938300  0.141502 -0.245501  1.206697  -2
  1  0  0.938300  0.086013 -0.258475  0.834527  -4
  1  0  0.938300  0.418053 -0.023724  0.243299  -5
  1  0  0.938300 -0.306423  0.167558  0.635527  -2
  1  0  0.938300 -0.218277  0.349894  0.740272  -5
  1  0  0.938300 -0.142707 -0.000097  0.581821  -6
  1  0  0.938300  0.257002 -0.403777  0.844717  -2
  1  0  0.938300 -0.145862 -0.116729  0.941781  -1
  1  0  0.938300  0.295517 -0.140020  0.403453  -6
  1  0  0.938300 -0.611548 -0.193079  0.483142  -5
  1  0  0.938300 -0.288185  0.303855  0.191293  -3
  1  0  0.938300 -0.015277  0.075254  0.318704  -3
  1  0  0.938300 -0.110926  0.332580  0.828865  -4
  1  0  0.938300  0.397242 -0.128785  0.193941  -6
  1  0  0.938300  0.003922  0.219833  0.275242  -7
  1  0  0.938300  0.091390  0.237521  0.974886  -3
  1  0  0.938300 -0.315024  0.268383  0.687417  -3
  1  0  0.938300  0.089224 -0.217837  0.693280  -3
  1  0  0.938300  0.034772  0.353856  0.607862  -4
  1  0  0.938300  0.033091 -0.071719  0.396934  -3
  1  0  0.938300  0.164535  0.272107  0.594948  -4
  1  0  0.938300 -0.463968  0.511578  0.469267  -3
  1  0  0.938300 -0.195326 -0.024041  0.897405  -5
  1  0  0.938300 -0.148786  0.323647  0.018561  -3
  1  0  0.938300 -0.166467 -0.061371  0.719531  -6
  1  0  0.938300 -0.024020 -0.019497  1.119508  -1
  1  0  0.938300  0.125685  0.021475  0.627115  -4
  1  0  0.938300  0.204646  0.285251  1.142975  -2
  1  0  0.938300 -0.138638  0.182995  0.959193  -5
  1  0  0.938300 -0.398499 -0.046452  0.735516  -2
  1  0  0.938300  0.240568  0.063876  0.949532  -3
  1  0  0.938300 -0.123462  0.673834  1.068731  -4
  1  0  0.938300  0.190720  0.212244  0.147422  -3
  1  0  0.938300  0.260127 -0.390293  0.163788  -3
  1  0  0.938300  0.114283 -0.187742  0.670738  -4
  1  0  0.938300 -0.058059  0.027184  1.010694  -2
  1  0  0.938300 -0.035221  0.001276  0.907417  -2
  1  0  0.938300  0.034715 -0.481785  0.604322  -4
  1  0  0.938300  0.320172 -0.245379  0.755934  -3
  1  0  0.938300  0.213885  0.106416  0.472755 -10
  1  0  0.938300 -0.235758  0.193097  0.595363  -6
  1  0  0.938300 -0.154859 -0.080599  0.400334  -3
  1  0  0.938300 -0.233535  0.177947  0.053637  -5
  1  1  0.938300  0.027217  0.000258  0.244549  -4
  1  0  0.938300 -0.326564  0.135090  0.151885  -3
  1  0  0.938300 -0.362649 -0.262302  0.163009  -4
  1  0  0.938300  0.316810  0.210157 -0.098781  -6
  1  0  0.938300 -0.109777  0.219039  0.402625  -4
  1  0  0.938300 -0.185563  0.105499  0.394706  -4
  1  0  0.938300 -0.058193 -0.241340  0.266943  -3
  1  0  0.938300  0.126868  0.033352  0.521613  -1
  1  0  0.938300  0.054089 -0.436812  1.044201  -8
  1  0  0.938300  0.058851  0.388084  0.585424  -2
  1  0  0.938300 -0.024556 -0.051106  0.826106  -1
  1  0  0.938300 -0.024678  0.000432  0.892890  -2
  1  0  0.938300  0.050207 -0.342823  0.648623  -3
  1  0  0.938300  0.242939 -0.107602  0.490812  -5
  1  0  0.938300 -0.049450  0.323292  0.488124  -7
  1  0  0.938300 -0.088995 -0.359847  0.674373  -8
  1  0  0.938300  0.129874  0.235713  0.677864  -3
  1  0  0.938300  0.103660 -0.051981  0.527502  -8
  1  0  0.938300 -0.182986  0.241007  0.529285  -6
  1  0  0.938300  0.122404  0.557820  0.613475  -2
  1  0  0.938300 -0.071565  0.338892  0.595903  -2
  1  0  0.938300  0.077531 -0.073342  0.422176  -4
  1  1  0.938300 -0.287853  0.162071  0.566494  -8
  1  0  0.938300  0.051170 -0.074476  0.413742  -3
  1  0  0.938300  0.324024  0.004117  0.328381  -3
  1  0  0.938300 -0.037560  0.256327  0.748421  -2
  1  0  0.938300  0.160418 -0.005343  1.022522  -1
  1  0  0.938300 -0.380147  0.035357  0.849640  -2
  1  1  0.938300 -0.144112  0.244050  0.660343  -3
  1  0  0.938300 -0.259769  0.242647  0.575218  -2
  1  0  0.938300 -0.341614 -0.153137  0.036705  -5
  1  0  0.938300  0.222682 -0.027191  0.631654  -2
  1  0  0.938300 -0.000976 -0.106403  0.790739  -1
  1  0  0.938300  0.487263  0.147940  0.742674  -7
  1  0  0.938300 -0.155880  0.158703  0.638612  -8
  1  0  0.938300  0.094066  0.327659  0.736750  -5
  1  0  0.938300 -0.165084  0.105816  0.889235  -1
  1  0  0.938300 -0.037857 -0.076990  0.513553  -1
  1  0  0.938300 -0.144085 -0.087865  0.870407  -1
  1  0  0.938300  0.218376 -0.069569  0.426142  -3
  1  0  0.938300  0.254374 -0.054281  0.986790  -6
  1  0  0.938300 -0.289356 -0.254802  0.228745  -5
  1  0  0.938300 -0.303944 -0.327436  0.389773  -4
  1  1  0.938300 -0.242854  0.050478  0.759270  -1
  1  0  0.938300 -0.444276  0.208263  0.558731  -2
  1  0  0.938300 -0.093739  0.269644  0.645272  -4
  1  0  0.938300  0.295647  0.234127  0.452544  -4
  1  0  0.938300 -0.354723 -0.097263  0.308536  -4
  1  0  0.938300  0.354893  0.227790  0.265828  -4
  1  0  0.938300  0.311156 -0.573323  0.219772  -3
  1  0  0.938300 -0.187576  0.038201  0.610457  -3
  1  0  0.938300 -0.109264  0.042938  0.192765  -3
  1  0  0.938300  0.023829  0.030795  0.996806  -2
  1  0  0.938300 -0.100049  0.027175  1.016955  -1
  1  1  0.938300 -0.158844  0.104854  0.537384  -4
  1  1  0.938300 -0.496146  0.118871  0.670876  -4