  1  1  0.938300  0.010344 -0.159890  0.698157   6
  1  1  0.938300  0.327310 -0.234730  0.741584   4
  1  1  0.938300  0.051374 -0.035712  0.619865   5
  1  1  0.938300 -0.363702  0.186963  0.469791   5
  1  1  0.938300 -0.208998 -0.123838  0.370736   3
  1  1  0.938300 -0.128174  0.197337  0.982778   3
  1  1  0.938300  0.234906  0.057291  0.018408   2
  1  1  0.938300  0.025065 -0.180697 -0.094112   2
  1  1  0.938300  0.007340 -0.038577  0.482557   3
  1  1  0.938300 -0.126847 -0.132905  0.845098   4
  1  1  0.938300  0.029396  0.487889  0.349022   2
  1  1  0.938300 -0.141703  0.339013 -0.139634   2
  1  1  0.938300 -0.251706  0.526822  0.935050   3
  1  0  0.938300 -0.166773  0.036692  0.426807   3
  1  1  0.938300 -0.014284 -0.159833  0.881490   5
  1  1  0.938300  0.230159  0.448716  0.350593   4
  1  1  0.938300  0.027257  0.179382  0.171812   2
  1  1  0.938300 -0.072176 -0.200008  0.572521   3
  1  1  0.938300 -0.394846  0.267464  0.646061   6
  1  1  0.938300 -0.483569  0.582846  0.651232   3
  1  1  0.938300 -0.237593  0.035813  0.825124   3
  1  1  0.938300  0.008707  0.077665  0.048316   3
  1  1  0.938300  0.072310  0.164095  0.349537   2
  1  1  0.938300 -0.511961 -0.028187  0.283542   3
  1  1  0.938300 -0.045237  0.257364  0.503132   2
  1  1  0.938300  0.056398 -0.019756 -0.019963   1
  1  1  0.938300  0.099341 -0.146892  0.465983   5
  1  1  0.938300  0.126018  0.115218  0.171555   2
  1  1  0.938300  0.202227 -0.292974  0.333794   6
  1  1  0.938300 -0.298400  0.172033  0.093272   4
  1  0  0.938300 -0.399020  0.151008  0.936030   7
  1  1  0.938300  0.286948 -0.220537  0.238338   4
  1  1  0.938300  0.038370 -0.168295  0.488647   8
  1  1  0.938300 -0.252402  0.076454  0.477355   5
  1  1  0.938300 -0.364358  0.739300  0.767253   4
  1  1  0.938300 -0.016280 -0.126173  0.159017   1
  1  1  0.938300 -0.388538 -0.137217  0.076368   4
  1  1  0.938300 -0.045925  0.605887  0.270708   2
  1  1  0.938300  0.217869 -0.414403  0.152793   4
  1  1  0.938300  0.323003  0.178785  0.259291   6
  1  1  0.938300  0.075689 -0.215042  0.008431   1
  1  1  0.938300  0.050526  0.297780  0.113704   3
  1  1  0.938300 -0.252328  0.162061  0.212875   5
  1  1  0.938300  0.170349  0.114699  0.222245   4
  1  1  0.938300  0.040271  0.171895 -0.133110   1
  1  1  0.938300  0.400378 -0.142145  0.472102   5
  1  1  0.938300 -0.293519  0.014601  0.382340   3
  1  1  0.938300  0.053029 -0.292756  0.143969   2
  1  1  0.938300 -0.047118 -0.119340  0.405099   4
  1  0  0.938300 -0.301812 -0.347333  0.716959   3
  1  1  0.938300 -0.498819 -0.026637  0.189189   2
  1  1  0.938300 -0.246098  0.026626  0.225797   2
  1  1  0.938300 -0.009039 -0.049446  0.108088   3
  1  1  0.938300 -0.067682 -0.217592  0.315864   2
  1  0  0.938300  0.145102  0.475656  0.850042   4
  1  1  0.938300  0.190871  0.210517  0.554642   3
  1  1  0.938300  0.084477 -0.452315  0.304467   3
  1  1  0.938300 -0.092069 -0.104710  0.069390   1
  1  1  0.938300 -0.065832  0.227147  0.085507   2
  1  1  0.938300  0.329636  0.381066  0.166185   6
  1  1  0.938300 -0.398145  0.275399  0.367634   3
  1  1  0.938300 -0.036722  0.032822  0.264593   2
  1  1  0.938300  0.168501  0.106081  0.163005   4
  1  1  0.938300 -0.232152 -0.145951  0.820000   4
  1  1  0.938300  0.057273 -0.170292 -0.014721   2
  1  0  0.938300 -0.150678 -0.088332 -0.316969   5
  1  0  0.938300 -0.512098  0.710767  0.180791   5
  1  1  0.938300  0.823597  0.038683  0.468356   4
  1  1  0.938300 -0.020488  0.062730  0.269876   3
  1  1  0.938300  0.005346 -0.352458  0.780823   3
  1  1  0.938300 -0.087952 -0.241919  0.882064   3
  1  1  0.938300  0.045744  0.431411 -0.151729   2
  1  1  0.938300 -0.332657  0.005798  0.335849   2
  1  1  0.938300 -0.365755 -0.027008  0.635206   6
  1  1  0.938300  0.128682  0.153871  0.521103   4
  1  1  0.938300  0.269893  0.026605  0.602769   2
  1  1  0.938300  0.573816  0.219016  0.861653   4
  1  1  0.938300  0.071967  0.061657  0.068501   3
  1  1  0.938300 -0.247464  0.035067  0.571326   3
  1  0  0.938300  0.442874 -0.150593  0.332687   3
  1  0  0.938300  0.267591  0.146855  0.755912   2
  1  0  0.938300 -0.049860  0.188364  0.258872   1
  1  0  0.938300  0.131832  0.000946 -0.065712   1
  1  0  0.938300 -0.046745  0.128841  0.223949   6
  1  0  0.938300 -0.113670 -0.138912  0.204444   2
  1  1  0.938300  0.770216 -0.112751  0.718699   2
  1  0  0.938300  0.079100 -0.417160  0.158524   2
  1  0  0.938300  0.039386  0.061664  0.156817   5
  1  0  0.938300  0.100598 -0.228292 -0.163303   7
  1  0  0.938300  0.031114  0.023766  0.746652   3
  1  0  0.938300 -0.151391  0.287606  0.681620   3
  1  0  0.938300  0.364288  0.286176  0.201069   2
  1  0  0.938300  0.531067 -0.220047  0.661503   5
  1  0  0.938300 -0.576075 -0.129383  0.552836   2
  1  0  0.938300  0.150357  0.123709  0.272342   1
  1  0  0.938300 -0.268361 -0.213884  0.823815   5
  1  0  0.938300  0.336703  0.073968  0.276195   2
  1  1  0.938300 -0.401617 -0.144137  0.701449   4
  1  0  0.938300 -0.000850  0.203636  0.284334   4
  1  0  0.938300  0.145102  0.031568 -0.004732   1
  1  0  0.938300 -0.403792 -0.073616  0.726102   2
  1  0  0.938300 -0.191348  0.304407  0.490797   2
  1  0  0.938300 -0.106684 -0.067817  0.120791   4
  1  0  0.938300 -0.143173  0.178068  0.037372   6
  1  0  0.938300  0.011473 -0.002752  0.396514   4
  1  0  0.938300  0.343511 -0.053132  0.202806   2
  1  0  0.938300 -0.087165 -0.147689  0.784538   3
  1  0  0.938300 -0.258408 -0.175690  0.216473   4
  1  0  0.938300  0.127145  0.072807  0.425108   4
  1  0  0.938300 -0.064851  0.116267  0.152952   2
  1  0  0.938300  0.002428 -0.051069  0.528164   6
  1  0  0.938300  0.144084  0.262601  0.477546   3
  1  0  0.938300  0.314871 -0.097110  0.481575   4
  1  0  0.938300 -0.270115  0.214795  0.950385   3
  1  0  0.938300  0.048035 -0.196544  0.264746   3
  1  0  0.938300  0.057738  0.295169  0.544090   5
  1  0  0.938300  0.103605 -0.056186  0.929363   3
  1  0  0.938300  0.212089  0.243320  0.303942   5
  1  0  0.938300 -0.226565  0.018583  0.218808   2
  1  0  0.938300 -0.054704 -0.077226  0.301670   5
  1  0  0.938300  0.066441 -0.414776  0.433815   3
  1  0  0.938300 -0.482745 -0.259849  0.307227   5
  1  1  0.938300 -0.448189 -0.242856  0.754638   5
  1  0  0.938300  0.308834  0.047159  0.774021   3
  1  0  0.938300 -0.178841  0.001800  0.043498   2
  1  0  0.938300  0.118142  0.578005  0.428469   4
  1  0  0.938300  0.447392 -0.521464  0.620517   4
  1  0  0.938300 -0.181903  0.563197  0.259777   2
  1  0  0.938300 -0.228128 -0.143838  0.725150   2
  1  0  0.938300 -0.165946 -0.234805  1.078472   8
  1  0  0.938300  0.231945  0.422255  0.750316   4
  1  0  0.938300  0.250780  0.111080  0.661098   2
  1  0  0.938300  0.055141 -0.563751  0.123352   7
  1  0  0.938300 -0.134875  0.008917  0.472418   5
  1  0  0.938300 -0.207155 -0.320993  0.537597   4
  1  0  0.938300  0.338888  0.087260  1.090510   3
  1  0  0.938300 -0.011767  0.139167  0.370075   4
  1  0  0.938300 -0.164774 -0.351284  0.286885   4
  1  0  0.938300  0.159392 -0.052040  0.106831   2
  1  0  0.938300 -0.031665  0.288308  0.343256   2
  1  0  0.938300 -0.191621 -0.523725  0.626593   2
  1  0  0.938300  0.009405  0.025204  0.046571   1
  1  0  0.938300  0.194006 -0.046255  0.123379   2
  1  0  0.938300  0.271539  0.427026  1.069267   2
  1  0  0.938300  0.277047  0.398969  0.260559   2
  1  0  0.938300  0.090214 -0.083983  0.459585   5
  1  0  0.938300  0.169115  0.255789  0.443650   5
  1  0  0.938300 -0.515898  0.274747  0.892894   4
  1  0  0.938300  0.681934  0.190408  0.449456   5
  1  0  0.938300 -0.199665 -0.314720  0.717763   4
  1  0  0.938300  0.514428 -0.314060 -0.002680   3
  1  0  0.938300 -0.088810 -0.029667  0.335600   6
  1  0  0.938300  0.193576 -0.094925  0.723865   6
  1  0  0.938300 -0.151668 -0.321064  0.203428   2
  1  0  0.938300  0.092941  0.222980  0.837371   4
  1  0  0.938300  0.345224 -0.367690  0.490905   5
  1  0  0.938300 -0.173373  0.388025  0.135726   3
  1  1  0.938300  0.305826 -0.008760  0.284959   3
  1  0  0.938300  0.237353 -0.401782  0.693441   6
  1  0  0.938300  0.102020 -0.025519  0.058691   3
  1  0  0.938300 -0.208733  0.722596  0.630672   4
  1  0  0.938300 -0.430646 -0.421864  1.048412   4
  1  0  0.938300 -0.036354  0.231040  0.216031   7
  1  0  0.938300  0.259905 -0.009072  0.222776   5
  1  0  0.938300 -0.177674 -0.320214  0.285318   3
  1  0  0.938300 -0.082089 -0.036470  0.202543   5
  1  0  0.938300  0.281662  0.129796  0.683059   4
  1  0  0.938300 -0.062882  0.142620  0.122635   1
  1  0  0.938300  0.190852 -0.004314  0.477937   4
  1  0  0.938300 -0.408936 -0.266833  0.769222   7
  1  0  0.938300  0.299577  0.276913  0.596355   4
  1  0  0.938300  0.244022  0.233508  0.837725   3
  1  0  0.938300  0.371628  0.500434  0.701654   2
  1  0  0.938300 -0.037316  0.088458  0.392485   3
  1  0  0.938300 -0.168750 -0.216526  0.346803   7
  1  0  0.938300  0.450231  0.107642  0.529052   5
  1  0  0.938300  0.191912 -0.064483  0.416550   4
  1  0  0.938300  0.134349  0.097996  0.437386   2
  1  1  0.938300 -0.047356 -0.173461  0.342826   4
  1  0  0.938300  0.166820 -0.137564  0.131075   1
  1  0  0.938300 -0.316113 -0.383803  1.129926   3
  1  0  0.938300 -0.291402 -0.021174  0.728962   3
  1  0  0.938300 -0.104729 -0.035828  0.747871   4
  1  1  0.938300 -0.540395 -0.222091  0.502549   9
  1  0  0.938300  0.201209 -0.242698  0.685131   2
  1  0  0.938300 -0.384978  0.297823  0.454044   3
  1  0  0.938300  0.625750  0.142181  0.508669   2
  1  1  0.938300  0.015020  0.159252  0.437888   5
  1  0  0.938300 -0.138150  0.019018  0.635856   3
  1  0  0.938300 -0.045069  0.001578  0.143361   8
  1  0  0.938300 -0.184005  0.471403  0.682551   6
  1  0  0.938300  0.186332  0.062401  0.490713   7
  1  0  0.938300  0.009736  0.214370  0.299082  10
  1  0  0.938300 -0.263440 -0.010706  0.557817   7
  1  0  0.938300 -0.144392  0.388275  0.712925   3
  1  0  0.938300 -0.110109  0.267568  0.135171   6
  1  0  0.938300 -0.210150  0.092101  0.186757   1
  1  1  0.938300 -0.182020  0.151494  0.683317  -2
  1  1  0.938300  0.153240 -0.134096  0.508656  -2
  1  1  0.938300 -0.420090 -0.140060  0.376370  -2
  1  1  0.938300  0.133378 -0.255181  0.448879  -4
  1  1  0.938300 -0.183034  0.558335  0.463083  -2
  1  1  0.938300 -0.032185  0.051919  0.653433  -1
  1  1  0.938300 -0.059451 -0.413968  0.316628  -3
  1  1  0.938300  0.185469  0.010119  0.692497  -2
  1  1  0.938300  0.043740 -0.285644  0.851038  -2
  1  1  0.938300  0.231268  0.176520  0.390195  -5
  1  1  0.938300  0.029225 -0.245398  0.514170  -4
  1  1  0.938300  0.083040  0.219833  0.273277  -4
  1  1  0.938300  0.326158  0.032455  0.584724  -2
  1  1  0.938300  0.083452 -0.070135  0.652130  -5
  1  1  0.938300  0.295764  0.268721  0.322839  -2
  1  1  0.938300 -0.078314 -0.039848  0.569845  -3
  1  1  0.938300  0.150149 -0.063583  0.038584  -5
  1  1  0.938300  0.149176 -0.123715  0.147477  -4
  1  1  0.938300 -0.182294  0.228895  0.748585  -5
  1  1  0.938300 -0.662224  0.209005  1.283128  -4
  1  0  0.938300 -0.066782 -0.547471 -0.055470  -5
  1  1  0.938300  0.066940 -0.259762  0.185167  -2
  1  0  0.938300  0.276294 -0.018164  0.383870  -6
  1  1  0.938300 -0.411608 -0.401181  0.312783  -3
  1  1  0.938300 -0.018663 -0.097466  0.894712  -1
  1  1  0.938300 -0.004989  0.065951  0.346911  -7
  1  1  0.938300 -0.136338 -0.151068  0.722545  -1
  1  1  0.938300  0.053218 -0.072140  0.989337  -1
  1  1  0.938300  0.036425  0.022986  0.666469  -2
  1  1  0.938300 -0.009195 -0.189917  0.897378  -5
  1  1  0.938300  0.138258  0.112128  0.118051  -5
  1  1  0.938300 -0.302770  0.119734  0.688653  -2
  1  1  0.938300  0.051589  0.124930  0.807597  -4
  1  1  0.938300 -0.142759 -0.033693  0.707731  -2
  1  1  0.938300 -0.296444 -0.073335  0.784236  -1
  1  1  0.938300 -0.034811 -0.221024  0.809449  -3
  1  1  0.938300 -0.069938 -0.033405  0.845915  -1
  1  0  0.938300 -0.111887 -0.203740  0.612283  -3
  1  1  0.938300 -0.362408 -0.001287  1.227084  -6
  1  1  0.938300 -0.154529  0.052852  0.163508  -3
  1  1  0.938300 -0.021256  0.031354  0.211287  -2
  1  1  0.938300  0.169580 -0.287393  0.836915  -4
  1  1  0.938300 -0.074661  0.179712  0.531896  -3
  1  1  0.938300  0.434147  0.011731  0.402281  -3
  1  1  0.938300  0.055578 -0.052977  0.858402  -1
  1  1  0.938300 -0.135084  0.063720  0.813202  -1
  1  1  0.938300  0.015411 -0.205953  0.326621  -5
  1  1  0.938300 -0.147481 -0.163018  0.985711  -3
  1  0  0.938300 -0.128305 -0.237280  0.292295  -5
  1  1  0.938300  0.066577 -0.005162  0.932749  -1
  1  1  0.938300 -0.101936  0.274315  0.502217  -4
  1  1  0.938300  0.140730  0.140487 -0.010829  -2
  1  1  0.938300  0.472790 -0.066021  1.009505  -3
  1  1  0.938300  0.126490  0.192941  0.305000  -2
  1  0  0.938300 -0.069506  0.289214  1.056572  -6
  1  1  0.938300  0.167017  0.000040  0.144588  -2
  1  0  0.938300 -0.090223  0.261719  0.232165  -9
  1  1  0.938300  0.030529  0.059041  1.061409  -1
  1  1  0.938300  0.284647 -0.090733  0.221017  -7
  1  1  0.938300  0.095429 -0.028145  0.891750  -2
  1  1  0.938300  0.033771 -0.518039  0.646733  -2
  1  1  0.938300  0.097766 -0.185240  0.635369  -3
  1  1  0.938300 -0.064426 -0.045054  1.039754  -1
  1  0  0.938300 -0.243010 -0.015863  0.139580  -9
  1  1  0.938300  0.290796 -0.228287  0.327092  -3
  1  1  0.938300 -0.012271 -0.319323  0.673809  -3
  1  1  0.938300  0.122963  0.042758  0.204628  -5
  1  1  0.938300  0.438256 -0.527529  0.411859  -5
  1  1  0.938300  0.079849 -0.162089  0.793727  -1
  1  1  0.938300 -0.048125 -0.016781  0.325189  -3
  1  1  0.938300  0.097991 -0.107620  0.230339  -8
  1  1  0.938300 -0.125640 -0.147951  0.223962  -7
  1  1  0.938300 -0.020973 -0.573562  0.524498  -4
  1  1  0.938300 -0.082271  0.033873  0.654415  -2
  1  1  0.938300 -0.519065  0.063952  0.139512  -8
  1  1  0.938300 -0.510390 -0.450638  0.953502  -2
  1  1  0.938300  0.134412 -0.335109  0.179323  -2
  1  0  0.938300  0.173336 -0.272797  0.287336  -9
  1  0  0.938300  0.047777 -0.062823  1.084042  -1
  1  0  0.938300 -0.058216 -0.131462  0.629191  -5
  1  0  0.938300  0.033429  0.239148  0.513589  -3
  1  0  0.938300 -0.261787  0.291177  0.369748  -3
  1  0  0.938300  0.348365 -0.124313  0.818538  -4
  1  0  0.938300 -0.102204 -0.051906  0.547158  -3
  1  0  0.938300  0.098677 -0.333853  0.448399  -6
  1  0  0.938300  0.109273 -0.164432  0.726732  -2
  1  0  0.938300 -0.020307 -0.409611  0.385401  -2
  1  0  0.938300 -0.121481  0.092204  0.268147  -3
  1  0  0.938300  0.390996 -0.565390  0.542269  -4
  1  0  0.938300  0.490599  0.107718  0.296055  -5
  1  0  0.938300 -0.342672 -0.004245  0.184847  -4
  1  1  0.938300 -0.620330  0.031924  0.639726  -4
  1  0  0.938300 -0.071175 -0.260228  0.559696  -3
  1  0  0.938300 -0.259991 -0.531360  0.518212  -5
  1  0  0.938300 -0.090149  0.003182  0.900199  -1
  1  0  0.938300 -0.096082 -0.512013  0.092398  -3
  1  0  0.938300  0.046036  0.027200  0.061133  -5
  1  0  0.938300  0.129074  0.192443  0.651818  -3
  1  0  0.938300 -0.110872  0.045208  0.501095  -2
  1  0  0.938300  0.034629  0.134080  0.195518  -6
  1  0  0.938300  0.018800 -0.568925  0.701804  -6
  1  0  0.938300  0.127686  0.140468  0.984073  -1
  1  0  0.938300 -0.027998  0.121950  0.437362  -4
  1  0  0.938300  0.020137  0.013000  0.632380  -2
  1  0  0.938300 -0.365421 -0.171286  0.444659  -7
  1  0  0.938300  0.031970  0.297280  0.552496  -3
  1  0  0.938300 -0.058989 -0.008270  1.094751  -1
  1  0  0.938300  0.204395  0.272803  0.421128  -6
  1  0  0.938300  0.028591 -0.146805  0.848815  -1
  1  0  0.938300  0.110992  0.037976 -0.091898  -5
  1  0  0.938300  0.180817  0.233502  0.003855  -4
  1  0  0.938300 -0.171605 -0.109032  0.418597  -5
  1  0  0.938300 -0.457632  0.092952  0.229782  -5
  1  0  0.938300  0.051707  0.055163  0.727990  -1
  1  0  0.938300 -0.165341  0.176528  0.478009  -2
  1  0  0.938300  0.136243 -0.033734  0.412129  -5
  1  0  0.938300  0.276089 -0.030677  0.581919  -7
  1  1  0.938300 -0.616983 -0.108845  0.686388  -4
  1  0  0.938300  0.119951 -0.114853  0.442289  -3
  1  0  0.938300 -0.243049 -0.048198  1.033854  -1
  1  0  0.938300  0.296059  0.386861  0.135514  -6
  1  0  0.938300  0.247559  0.264032  0.579496  -7
  1  1  0.938300  0.158114  0.158483  0.425109  -5
  1  0  0.938300  0.142427  0.167007  0.542022  -3
  1  0  0.938300 -0.310155 -0.092622  0.660470  -4
  1  0  0.938300 -0.145329 -0.027223  0.694193  -2
  1  0  0.938300 -0.377645 -0.107966  0.269656  -6
  1  0  0.938300 -0.039008 -0.112601  0.706311  -9
  1  0  0.938300 -0.076510 -0.211085  0.921082  -2
  1  0  0.938300  0.021362  0.159646  0.061178  -4
  1  0  0.938300  0.224107 -0.189964  0.379462  -1
  1  0  0.938300 -0.299604  0.062462  0.352533  -2
  1  0  0.938300  0.191801  0.025117  0.382768  -3
  1  0  0.938300 -0.358825 -0.058742  0.189937  -5
  1  0  0.938300  0.270138  0.215682  0.665009  -2
  1  0  0.938300 -0.071803  0.384065  0.498539  -4
  1  0  0.938300  0.111240  0.126214  0.361844  -5
  1  0  0.938300 -0.006767 -0.048758  0.827286  -2
  1  0  0.938300  0.158800 -0.168758  0.580823  -2
  1  0  0.938300  0.195522  0.084859 -0.054425  -3
  1  0  0.938300 -0.107393 -0.051353  0.736691  -3
  1  0  0.938300  0.172784  0.395847  0.376201  -6
  1  0  0.938300  0.074740 -0.106715  0.835477  -1
  1  0  0.938300  0.119873  0.225491  0.034117  -4
  1  0  0.938300 -0.102866  0.023475  0.827233  -5
  1  0  0.938300 -0.181849  0.140321 -0.035320  -3
  1  0  0.938300 -0.008831 -0.066433  0.523566  -3
  1  0  0.938300 -0.224737 -0.083072  0.273026 -10
  1  0  0.938300  0.206496 -0.371076  0.506056  -4
  1  0  0.938300  0.347558  0.345453  0.219281  -5
  1  0  0.938300  0.022644  0.284067  0.410643  -7
  1  0  0.938300 -0.051685  0.118320  0.109708  -7
  1  0  0.938300 -0.042998  0.085402  0.375013  -4
  1  0  0.938300  0.388807  0.265760  0.841228  -2
  1  0  0.938300 -0.118676 -0.128261 -0.024412  -5
  1  0  0.938300  0.055880 -0.207517  0.349806  -5
  1  0  0.938300  0.264562 -0.275501  0.762311  -2
  1  0  0.938300 -0.044952 -0.222082  0.787251 -10
  1  0  0.938300 -0.155847 -0.217129  0.866258  -3
  1  0  0.938300 -0.410649 -0.288529  0.864524  -4
  1  0  0.938300 -0.061154  0.130570  0.707393  -1
  1  0  0.938300  0.375461  0.290064  0.366935  -3
  1  0  0.938300 -0.145965 -0.321629  0.269060  -2
  1  0  0.938300  0.310517  0.602718  0.657326  -5
  1  1  0.938300  0.003471  0.075507  0.256345  -8
  1  1  0.938300 -0.081587 -0.044375  0.196544  -6
  1  1  0.938300 -0.235316 -0.187541  0.051136  -4
  1  0  0.938300  0.239787 -0.029058  0.394940  -4
  1  0  0.938300  0.056912  0.188293  0.512843  -8
  1  1  0.938300  0.013679 -0.041928  0.469789  -6
  1  0  0.938300 -0.300306 -0.098192  0.526349  -4
  1  0  0.938300 -0.203978 -0.353256  0.781376  -2
  1  1  0.938300 -0.473692 -0.032580  0.347085  -9
  1  0  0.938300 -0.135755 -0.095549  0.508210  -7
  1  0  0.938300  0.241501 -0.172790  0.949757  -2
  1  0  0.938300 -0.312322  0.465048  0.474930  -2
  1  0  0.938300  0.200622  0.381194 -0.278393  -4
  1  0  0.938300  0.153046 -0.022254  0.950597  -1
  1  0  0.938300  0.105117  0.236265  1.072894  -5
  1  1  0.938300  0.143798 -0.255790  0.736291  -8
  1  1  0.938300 -0.118690 -0.099206  0.136058  -9
  1  0  0.938300  0.154843 -0.200354  0.705491  -2
  1  0  0.938300 -0.118716 -0.313821  0.515664  -5
  1  0  0.938300  0.400742  0.328398  0.924509  -2
  1  0  0.938300  0.186609 -0.063458  0.232276 -10
  1  0  0.938300 -0.047049  0.171416  0.302477  -3
  1  0  0.938300 -0.262930  0.178254  0.211717  -2
  1  0  0.938300 -0.031149  0.101114  0.856150  -3
  1  0  0.938300  0.008493  0.630232  0.578045  -5
  1  0  0.938300  0.076992 -0.271052  0.443614  -6
  1  0  0.938300 -0.252577 -0.085736  0.943739  -3
  1  0  0.938300 -0.002070  0.364195  0.703558  -5
  1  0  0.938300 -0.085436  0.014971  0.396931  -7
  1  0  0.938300  0.203636 -0.071951  0.316429  -3
  1  0  0.938300  0.482614 -0.450205  0.461474  -5
  1  0  0.938300  0.505988  0.376650  0.513844  -7
  1  0  0.938300 -0.364350 -0.034010  0.933349  -2