  1  1  0.938300 -0.359260  0.070196  0.244333   2
  1  1  0.938300  0.276971  0.118170  0.349723   4
  1  1  0.938300  0.084697  0.110264 -0.028223   1
  1  1  0.938300 -0.017099 -0.029696  0.137037   4
  1  1  0.938300 -0.043976 -0.080994  0.069204   3
  1  1  0.938300  0.216377 -0.049859  0.446418   7
  1  1  0.938300  0.059810 -0.033582  0.357923   2
  1  1  0.938300 -0.112397  0.195793  1.381160   3
  1  1  0.938300 -0.499801 -0.431895 -0.009878   6
  1  1  0.938300  0.187640  0.259491  0.787930   3
  1  1  0.938300 -0.019439 -0.285184  0.353388   4
  1  1  0.938300  0.037057 -0.350854  0.093463   3
  1  1  0.938300  0.173261  0.568355  0.323103   3
  1  1  0.938300 -0.123772 -0.123254  0.417885   2
  1  1  0.938300  0.338535  0.216478  0.670439   4
  1  1  0.938300 -0.371695  0.069802  0.252954   2
  1  1  0.938300  0.290479 -0.067147  0.947637   3
  1  1  0.938300 -0.027340 -0.040056  0.820131   3
  1  1  0.938300 -0.092520 -0.153773  0.271596   2
  1  1  0.938300 -0.047243  0.096097  0.128881   5
  1  0  0.938300  0.194569 -0.055247  0.206583   4
  1  1  0.938300  0.516231  0.080812  0.028596   3
  1  1  0.938300 -0.207038 -0.258293  0.318768   6
  1  1  0.938300 -0.184652 -0.216179  0.815492   9
  1  0  0.938300  0.244383 -0.206026  0.135793   4
  1  1  0.938300  0.497444  0.255265  0.476405   2
  1  1  0.938300  0.097234 -0.415509  0.169460   4
  1  1  0.938300 -0.101731 -0.049968  0.301664   4
  1  1  0.938300  0.476924 -0.230133  0.527691   6
  1  1  0.938300 -0.180837  0.164701  0.576065   2
  1  1  0.938300 -0.098537 -0.081678  0.422989   3
  1  1  0.938300  0.343016  0.419124  0.137700   4
  1  1  0.938300  0.140311  0.178495  0.397188   5
  1  1  0.938300 -0.179274 -0.077739  0.554554  10
  1  1  0.938300 -0.248823  0.024591  0.533414   5
  1  1  0.938300 -0.287269 -0.105917  0.440493   2
  1  1  0.938300  0.125588 -0.007774  0.035263   1
  1  1  0.938300  0.117986  0.505910  0.106960   2
  1  1  0.938300 -0.445560  0.315628  0.650255   3
  1  1  0.938300 -0.012199  0.508296  0.323863   3
  1  0  0.938300 -0.077508  0.117320  1.071267   5
  1  1  0.938300  0.188145 -0.114431  0.582701   4
  1  0  0.938300 -0.036168  0.349567  0.638283   4
  1  1  0.938300 -0.029122 -0.144065  0.590627   4
  1  1  0.938300  0.162880 -0.146876  0.265042   4
  1  1  0.938300 -0.205659  0.183444  0.106176   1
  1  1  0.938300  0.035512 -0.146376  0.358358   3
  1  1  0.938300  0.285039 -0.118969  0.310590   1
  1  1  0.938300 -0.376669 -0.398737  0.305472  10
  1  1  0.938300 -0.173296  0.167806  0.236335   2
  1  1  0.938300  0.227306  0.071509  0.320844   2
  1  1  0.938300  0.055837 -0.140564  0.019120   1
  1  1  0.938300  0.526372 -0.061778  0.747271   4
  1  0  0.938300 -0.249268 -0.199507  0.861532   6
  1  1  0.938300  0.107642 -0.231705  0.693932   3
  1  1  0.938300  0.344055 -0.161918  0.245868   2
  1  1  0.938300  0.463134  0.016108  0.068823   2
  1  1  0.938300 -0.113752 -0.002680  0.067858   1
  1  1  0.938300 -0.168055 -0.150265  0.901604   4
  1  0  0.938300  0.349780 -0.231526  0.768258   4
  1  1  0.938300  0.394345 -0.080504  0.445292   8
  1  1  0.938300  0.708902  0.243773  0.880005   3
  1  1  0.938300 -0.298834 -0.104316  0.488300  10
  1  1  0.938300  0.301125 -0.198526  0.117823   9
  1  1  0.938300  0.036556 -0.058451 -0.058106   4
  1  1  0.938300  0.020321 -0.249936  0.199886   2
  1  1  0.938300  0.476616  0.088111  0.527244   3
  1  1  0.938300  0.065646  0.066691  0.401915   5
  1  1  0.938300 -0.104783  0.396766  0.355770   3
  1  1  0.938300 -0.243251 -0.592580  0.339863   4
  1  1  0.938300  0.157560 -0.304070  0.206525   3
  1  1  0.938300  0.045414  0.064439 -0.022646   2
  1  1  0.938300 -0.211220  0.079036 -0.073526   2
  1  1  0.938300  0.064909  0.019935  0.058712   1
  1  1  0.938300  0.414316 -0.189165  0.598423   4
  1  1  0.938300  0.012033 -0.255444  0.117636   2
  1  1  0.938300 -0.138349 -0.191141  0.086466   2
  1  1  0.938300  0.080730  0.088184 -0.169684   1
  1  1  0.938300  0.322452  0.136330  0.599519   3
  1  1  0.938300 -0.242741  0.224774  0.203596   7
  1  0  0.938300  0.569887 -0.034560  0.088398   3
  1  0  0.938300  0.158185  0.175874  0.087420   2
  1  0  0.938300  0.294168 -0.215131  0.084870   5
  1  0  0.938300 -0.244288  0.054153  0.519090   7
  1  0  0.938300 -0.077767  0.390339  0.820676   4
  1  0  0.938300  0.019306  0.118496  0.771920   6
  1  0  0.938300 -0.263695  0.185134  0.230305   4
  1  0  0.938300 -0.016393 -0.067878  0.236987   4
  1  1  0.938300 -0.204609 -0.101441  0.465673   8
  1  0  0.938300 -0.099022  0.022111  0.258596   2
  1  0  0.938300  0.293919  0.056150  0.960530   5
  1  0  0.938300 -0.102145  0.382800  0.202827   4
  1  0  0.938300 -0.325415 -0.030974  0.100623   5
  1  0  0.938300  0.062632 -0.308368  0.731230   7
  1  0  0.938300 -0.125169  0.136495  0.389739   2
  1  0  0.938300 -0.001245  0.282422  0.464426   7
  1  0  0.938300 -0.067719 -0.173207  0.417248   3
  1  0  0.938300  0.288684  0.191929  0.201506   5
  1  0  0.938300  0.119751  0.359555  0.253536   4
  1  1  0.938300  0.213510 -0.078855  0.293459   4
  1  0  0.938300 -0.154912  0.177116  0.001932   1
  1  0  0.938300  0.090631 -0.013848  0.071842   1
  1  0  0.938300  0.396029 -0.048144  0.341417   4
  1  0  0.938300 -0.168928 -0.406358  0.522749   5
  1  0  0.938300  0.596019 -0.081487  0.550807   2
  1  0  0.938300 -0.295375 -0.242637  0.104176   2
  1  0  0.938300 -0.386719 -0.549881  0.622664   3
  1  0  0.938300 -0.035534 -0.324229 -0.061976   4
  1  0  0.938300 -0.110577 -0.480219  0.333419   5
  1  0  0.938300  0.004871 -0.266075  0.353986   7
  1  0  0.938300  0.255327 -0.008621  0.052452   1
  1  0  0.938300  0.207121  0.158575  0.563181   4
  1  0  0.938300  0.115500  0.242554  0.239212   3
  1  0  0.938300 -0.211028  0.088463  0.116398   1
  1  0  0.938300 -0.078061  0.422872 -0.211565   3
  1  0  0.938300  0.058124 -0.394696  0.324205   4
  1  0  0.938300 -0.574548  0.088528  0.867193   2
  1  0  0.938300 -0.260380  0.108436 -0.035152   3
  1  0  0.938300  0.201063 -0.005762  0.647214   3
  1  0  0.938300  0.114529  0.234984  0.188035   1
  1  0  0.938300  0.117646 -0.087031  0.468631   5
  1  0  0.938300 -0.360851 -0.137497  0.159793   6
  1  0  0.938300  0.030433 -0.035237  0.039301   3
  1  0  0.938300 -0.142442 -0.059078  0.160246   2
  1  0  0.938300 -0.309184  0.040712  0.307876   4
  1  0  0.938300 -0.184256  0.113946  0.769789   5
  1  0  0.938300  0.698456  0.386361  0.627198   3
  1  0  0.938300 -0.206809 -0.180331  0.759710   4
  1  0  0.938300  0.238362  0.056778  0.290923   5
  1  0  0.938300 -0.301433 -0.054715  0.370584   4
  1  0  0.938300  0.194129 -0.195944  0.281982   4
  1  0  0.938300  0.223936  0.444565  0.951007   3
  1  0  0.938300  0.271527 -0.042858  0.339888   5
  1  0  0.938300 -0.172226 -0.121641  0.135477   7
  1  1  0.938300  0.127182 -0.196809  0.118735   5
  1  0  0.938300 -0.222327  0.081315  0.508593   4
  1  0  0.938300  0.210380 -0.213740  0.220599   2
  1  0  0.938300 -0.255300  0.062788  0.149150   3
  1  0  0.938300 -0.616143 -0.130494  1.198759   7
  1  0  0.938300  0.198234 -0.058943 -0.348930   3
  1  0  0.938300  0.005322  0.137126  0.509053   4
  1  0  0.938300  0.578691  0.259331  0.787662   7
  1  0  0.938300  0.135350 -0.027243  0.786659   5
  1  0  0.938300 -0.065463  0.171597  0.043634   1
  1  0  0.938300  0.097587  0.061787  0.680709   6
  1  0  0.938300  0.070647 -0.085639  0.080470   4
  1  0  0.938300 -0.029008 -0.083762  0.083770   1
  1  0  0.938300 -0.429880 -0.195908  0.392951   7
  1  0  0.938300 -0.492277 -0.043485  0.292961   2
  1  0  0.938300  0.409837  0.431232  0.544767   9
  1  0  0.938300  0.296967 -0.140063  0.327507   5
  1  0  0.938300 -0.249376  0.209269  0.278578   8
  1  1  0.938300 -0.080544 -0.223739  0.393603   3
  1  0  0.938300 -0.010292 -0.066767  0.023412   4
  1  0  0.938300  0.487741 -0.288199  0.186449   3
  1  0  0.938300 -0.003510 -0.128132  0.022970   6
  1  0  0.938300  0.020465 -0.069808  0.896149   4
  1  1  0.938300  0.464832  0.452237  0.011761   4
  1  0  0.938300 -0.092545 -0.130759  0.389170   3
  1  0  0.938300  0.324675 -0.006513  0.709521   3
  1  0  0.938300 -0.039634  0.105724 -0.057454   1
  1  0  0.938300 -0.107719 -0.085082  0.157853   1
  1  1  0.938300 -0.192584  0.183721  0.420603   4
  1  0  0.938300 -0.170722 -0.044158  0.480092   8
  1  0  0.938300 -0.000446 -0.039271  0.333781   2
  1  0  0.938300  0.337926  0.492035  0.602632   5
  1  0  0.938300  0.161611  0.221072  0.142165   3
  1  0  0.938300  0.185478  0.089866  0.350273   4
  1  0  0.938300  0.287113  0.276042  0.574137   2
  1  0  0.938300 -0.477827  0.093784  0.260694   2
  1  0  0.938300 -0.027828  0.125450  0.125929   1
  1  0  0.938300 -0.018570 -0.033656  0.260652   5
  1  0  0.938300  0.077559  0.259670  0.587270   2
  1  0  0.938300  0.131215 -0.192524  0.025260   1
  1  0  0.938300 -0.247590 -0.093206 -0.027156   3
  1  0  0.938300 -0.023911 -0.081608  0.619656   3
  1  0  0.938300 -0.124066  0.215576  0.502380   4
  1  0  0.938300  0.002648 -0.138208  0.377349   4
  1  0  0.938300  0.336114  0.344268  0.916568   6
  1  0  0.938300 -0.102199 -0.017724 -0.028090   3
  1  1  0.938300  0.439085 -0.247844  0.525625   4
  1  0  0.938300  0.058385 -0.010346  0.904785   3
  1  0  0.938300 -0.004735  0.078829  0.601966   3
  1  0  0.938300 -0.085001 -0.082825  0.616481   4
  1  0  0.938300 -0.013850  0.160319  0.621549   6
  1  0  0.938300  0.213679 -0.292859  0.252983   5
  1  0  0.938300  0.067595 -0.059940  0.258252   2
  1  0  0.938300 -0.102705 -0.065389  0.148677   1
  1  0  0.938300  0.009371 -0.221074  0.280536   4
  1  0  0.938300  0.403571  0.212521  0.233297   2
  1  1  0.938300  0.266494 -0.514315  0.938062   6
  1  0  0.938300  0.113916  0.173666  0.252293   3
  1  0  0.938300  0.068791  0.195818  0.613777   3
  1  0  0.938300 -0.048465 -0.114871  0.167111   2
  1  0  0.938300 -0.162600  0.216077  0.395350   4
  1  0  0.938300 -0.231890 -0.027440  0.073111   2
  1  0  0.938300 -0.268281  0.382874  0.600447   2
  1  0  0.938300  0.231791 -0.086347  0.457404  -2
  1  1  0.938300 -0.074340  0.199008  0.901033  -2
  1  1  0.938300  0.228568 -0.307608  0.931905  -3
  1  0  0.938300 -0.174108  0.299084  0.732499  -2
  1  1  0.938300  0.238829  0.337815  0.454390  -3
  1  1  0.938300 -0.026526  0.028712  0.889048  -1
  1  1  0.938300 -0.013408 -0.183603  0.665869  -3
  1  1  0.938300  0.148180  0.373655  0.820259  -2
  1  1  0.938300  0.226634  0.393820  0.511872  -2
  1  1  0.938300  0.235227  0.015977  0.565947  -2
  1  1  0.938300 -0.010977  0.315659  0.396609  -6
  1  1  0.938300 -0.108227  0.057919  0.497000  -2
  1  1  0.938300 -0.038700 -0.101799  0.488690  -3
  1  1  0.938300  0.018515  0.148675  0.474145  -8
  1  1  0.938300 -0.045442 -0.259248  0.706008  -2
  1  1  0.938300 -0.346558  0.325658  0.392857  -5
  1  1  0.938300  0.073731 -0.026761  0.685116  -1
  1  1  0.938300 -0.118624  0.117300  0.064935  -2
  1  1  0.938300  0.165260 -0.418835  1.019727  -3
  1  1  0.938300  0.151919 -0.342945  0.842597  -4
  1  0  0.938300 -0.576100 -0.156262  1.331065  -2
  1  1  0.938300 -0.154104 -0.003084  0.955650  -1
  1  1  0.938300  0.084539  0.445889  0.420847  -2
  1  1  0.938300  0.009026  0.034021  0.384328  -2
  1  1  0.938300  0.211827  0.084414  0.865387  -2
  1  1  0.938300 -0.129796  0.457323  0.820778  -3
  1  0  0.938300 -0.711617 -0.026391  0.743305  -2
  1  1  0.938300 -0.305289 -0.367826  0.121358  -3
  1  1  0.938300  0.478210  0.198271  1.180387  -3
  1  1  0.938300 -0.542435  0.325155  0.808680  -2
  1  1  0.938300 -0.526171 -0.465166  0.662022  -7
  1  1  0.938300  0.240131  0.236185  0.351031  -4
  1  1  0.938300  0.184299  0.030764  0.536660  -2
  1  1  0.938300  0.137203 -0.162510  0.919286  -1
  1  1  0.938300  0.000539 -0.146821  1.208742  -9
  1  1  0.938300 -0.601652 -0.537415  0.502433  -4
  1  1  0.938300  0.073743  0.001685  0.166041  -5
  1  1  0.938300 -0.080018  0.048315  0.944136  -3
  1  1  0.938300 -0.088216  0.096501  0.837202  -1
  1  0  0.938300  0.170386 -0.317642  0.540012  -2
  1  1  0.938300 -0.120254 -0.144178 -0.116186  -5
  1  1  0.938300 -0.144023 -0.115371  0.511623  -4
  1  1  0.938300  0.126738  0.018050  0.932907  -1
  1  1  0.938300  0.412140  0.030829  0.642310  -9
  1  1  0.938300 -0.251328 -0.192292  0.437986  -7
  1  1  0.938300 -0.354009  0.303541  0.502291  -4
  1  1  0.938300 -0.058900  0.151362  0.416945  -2
  1  1  0.938300 -0.213628 -0.130211  0.764606  -6
  1  0  0.938300 -0.041179 -0.279288  0.908686  -2
  1  1  0.938300 -0.145520  0.008367  0.435841  -2
  1  1  0.938300  0.063918  0.487905  0.340629  -3
  1  0  0.938300  0.261157  0.170159  0.196822  -4
  1  1  0.938300  0.124276  0.221470  0.379456  -3
  1  1  0.938300 -0.256199 -0.250989  0.369715  -3
  1  1  0.938300  0.152456  0.035851 -0.089068  -3
  1  1  0.938300  0.139553 -0.131375  0.493454 -10
  1  1  0.938300 -0.201960  0.391730  0.420387  -2
  1  1  0.938300  0.159823 -0.164551  0.577313  -2
  1  1  0.938300 -0.032186 -0.171989  0.583476  -6
  1  1  0.938300  0.343270 -0.466633  0.583374  -2
  1  1  0.938300 -0.220767 -0.000583  0.334533  -4
  1  1  0.938300  0.115150  0.010136  0.399030  -3
  1  1  0.938300 -0.059924  0.115204  0.165151  -4
  1  1  0.938300 -0.544405 -0.022338  0.934190  -2
  1  1  0.938300 -0.367048  0.406135  0.410495  -3
  1  1  0.938300 -0.069203  0.047182  1.086450  -1
  1  1  0.938300 -0.082301  0.144049  0.638735  -3
  1  1  0.938300 -0.086580 -0.196301  0.725265  -6
  1  1  0.938300  0.046885  0.027176  0.970140  -1
  1  1  0.938300 -0.330570  0.111901  0.596196  -7
  1  1  0.938300  0.027938 -0.201921  0.960596  -1
  1  1  0.938300  0.328883 -0.128479  0.512887  -5
  1  1  0.938300  0.269560 -0.038590  0.054375  -6
  1  1  0.938300 -0.010810  0.029975  1.009071  -1
  1  0  0.938300 -0.057081  0.136184  0.218056  -3
  1  1  0.938300 -0.425099  0.041215 -0.079667  -3
  1  1  0.938300  0.193503 -0.381864  0.797871  -2
  1  0  0.938300  0.016266 -0.239296  0.332423  -4
  1  1  0.938300  0.062206  0.054215  0.338547  -8
  1  0  0.938300 -0.071209  0.242799  0.637277  -2
  1  0  0.938300  0.061250  0.383504  0.842591 -10
  1  0  0.938300  0.077636  0.293063  0.018321  -6
  1  1  0.938300 -0.336779 -0.138324  0.692852  -7
  1  0  0.938300 -0.125660 -0.082351  1.165302  -1
  1  0  0.938300 -0.297329 -0.144257  0.172791  -7
  1  0  0.938300 -0.107688 -0.350999  0.822735  -3
  1  0  0.938300 -0.175271 -0.170636  0.456387  -3
  1  0  0.938300 -0.123835 -0.019493  0.775474  -1
  1  0  0.938300  0.323651 -0.223989  0.353338  -6
  1  0  0.938300  0.074279  0.130402  0.812024  -1
  1  0  0.938300 -0.034223  0.325240  0.306883  -2
  1  0  0.938300  0.025613 -0.155544  0.960457  -7
  1  0  0.938300  0.379018  0.185180  0.961648  -2
  1  0  0.938300 -0.027924  0.112829  0.587001 -11
  1  0  0.938300 -0.068050  0.026856  0.662049  -1
  1  0  0.938300  0.053817 -0.203214  0.411504  -3
  1  0  0.938300 -0.065612 -0.605404  0.537888  -2
  1  0  0.938300 -0.186446  0.031356  0.609515  -4
  1  0  0.938300 -0.255218 -0.238866  0.407531  -3
  1  0  0.938300  0.055912 -0.146322  0.729544  -2
  1  0  0.938300 -0.379713  0.051180  0.515733  -5
  1  0  0.938300  0.139038 -0.116270  0.880010  -1
  1  0  0.938300  0.219973 -0.207605  0.238129  -4
  1  0  0.938300  0.025800 -0.149472 -0.062918  -5
  1  0  0.938300 -0.205800 -0.572079  0.423301  -3
  1  0  0.938300 -0.158501 -0.384037  0.249248  -7
  1  0  0.938300 -0.407272  0.095477  0.864649  -4
  1  0  0.938300 -0.198605  0.047991  1.155624  -1
  1  0  0.938300 -0.070713  0.017125  0.308872  -2
  1  0  0.938300  0.313974  0.353024  0.841951  -3
  1  0  0.938300  0.182808  0.039807  0.584787  -3
  1  0  0.938300 -0.380326  0.067427  0.193207  -4
  1  0  0.938300  0.264691 -0.434333  0.668484  -8
  1  0  0.938300 -0.048919  0.071100  0.398071  -3
  1  0  0.938300 -0.057309  0.017424  0.395700  -3
  1  0  0.938300  0.054196 -0.146788  0.787760  -1
  1  0  0.938300 -0.145268  0.102103  0.312202  -6
  1  0  0.938300  0.130670 -0.132234  0.669762  -6
  1  0  0.938300  0.104156 -0.130941  0.824705  -1
  1  0  0.938300  0.160885  0.142553  0.590331  -3
  1  0  0.938300  0.099989  0.030588  0.381578  -4
  1  1  0.938300  0.611246  0.118006  0.452900  -4
  1  0  0.938300  0.126224 -0.216533  0.922236  -2
  1  0  0.938300 -0.189903  0.183889  0.534085  -4
  1  0  0.938300 -0.143899  0.056938  0.420784  -2
  1  0  0.938300 -0.003555 -0.342729  1.134564  -5
  1  0  0.938300  0.044228 -0.292256  0.235197  -3
  1  0  0.938300  0.090436 -0.140269  0.773226  -3
  1  0  0.938300 -0.108825 -0.199887  0.826997  -8
  1  0  0.938300  0.028979  0.004068  0.725132  -4
  1  0  0.938300 -0.259397 -0.149317  0.288609  -6
  1  0  0.938300  0.150167 -0.058542  0.755337  -2
  1  0  0.938300  0.177286  0.037688  0.909051  -2
  1  0  0.938300  0.427885  0.604348  0.646088  -3
  1  1  0.938300  0.029425  0.091733  0.690876  -8
  1  0  0.938300 -0.017810 -0.099805  0.957953  -1
  1  0  0.938300  0.274159  0.157365  0.181079  -5
  1  0  0.938300  0.368702  0.050722  0.471362  -2
  1  0  0.938300  0.084264  0.026709  1.072445  -1
  1  0  0.938300 -0.002986  0.162163  0.723543  -2
  1  0  0.938300 -0.188370 -0.082574  0.126444  -5
  1  0  0.938300 -0.195255 -0.255151  0.249463  -2
  1  0  0.938300  0.101618 -0.156647  1.147948  -1
  1  0  0.938300 -0.279397 -0.376560  0.227455  -7
  1  0  0.938300 -0.074129 -0.070311  0.736561  -1
  1  0  0.938300 -0.052063 -0.126871  0.541891  -1
  1  0  0.938300  0.101000  0.103434  0.402760 -14
  1  0  0.938300 -0.219724 -0.234729  0.363452  -2
  1  0  0.938300 -0.056054 -0.204544  0.613895  -6
  1  0  0.938300 -0.160028 -0.288855  0.970011  -3
  1  0  0.938300  0.140790 -0.032549  0.906101  -1
  1  0  0.938300  0.342119 -0.041872  0.230306  -5
  1  0  0.938300 -0.207731  0.257543  0.221756  -2
  1  0  0.938300 -0.057306  0.000436  0.529852  -6
  1  0  0.938300 -0.238287 -0.108892  0.477126  -2
  1  0  0.938300 -0.122881 -0.233292  0.110561  -3
  1  0  0.938300 -0.206225 -0.405124  0.501549  -7
  1  0  0.938300 -0.394323  0.237101  0.417527  -2
  1  0  0.938300  0.116692  0.196416  0.440692  -4
  1  1  0.938300  0.388990 -0.035654  0.286664  -8
  1  1  0.938300  0.062002 -0.241123  0.357721  -3
  1  0  0.938300 -0.113927 -0.274572  0.494866  -7
  1  1  0.938300 -0.148234 -0.125125  0.250786  -2
  1  1  0.938300  0.137575  0.200685  0.748045  -2
  1  0  0.938300  0.173242  0.152408  0.125690  -5
  1  0  0.938300  0.181428  0.136966  1.418976  -4
  1  0  0.938300 -0.281346  0.025204  0.195740  -3
  1  0  0.938300 -0.066483  0.136903  0.301763  -4
  1  0  0.938300 -0.108619  0.223528  0.904890  -1
  1  0  0.938300 -0.316981  0.230772  0.803333  -2
  1  0  0.938300  0.131148  0.012401  0.381511  -5
  1  0  0.938300  0.353529 -0.222602  1.112907  -2
  1  0  0.938300 -0.329777  0.186480  0.931262  -5
  1  0  0.938300  0.202120 -0.135586  0.547568  -5
  1  0  0.938300 -0.146340  0.395048  0.093369  -3
  1  0  0.938300  0.065447  0.028264  1.128571  -1
  1  0  0.938300  0.075167  0.465614  0.676017  -2
  1  0  0.938300  0.200208  0.150751  0.843968 -13
  1  0  0.938300  0.176598  0.010110 -0.167347  -5
  1  0  0.938300  0.138614 -0.107974  1.033071  -1
  1  0  0.938300 -0.029972 -0.116700  0.275161  -5
  1  0  0.938300  0.016042  0.062043  0.893849  -3
  1  0  0.938300  0.125786  0.037632  0.177408  -8
  1  0  0.938300  0.070706 -0.470415  0.866632  -3
  1  0  0.938300  0.012788 -0.084796  0.182718  -7
  1  0  0.938300  0.009459  0.114658  0.311768  -7
  1  0  0.938300  0.062948  0.105978  1.143161  -3
  1  0  0.938300  0.384992  0.064689  0.460844  -4
  1  0  0.938300 -0.198187  0.192092  0.424654  -4
  1  0  0.938300 -0.291791  0.121733  0.501142  -8
  1  0  0.938300  0.051662  0.229275 -0.053430  -6
  1  0  0.938300 -0.170540 -0.050120  0.446671  -3
  1  1  0.938300 -0.548870 -0.259070  0.997888  -5
  1  0  0.938300  0.219738 -0.085657  0.846649  -1
  1  0  0.938300 -0.138986 -0.004463  0.385571  -5
  1  0  0.938300  0.131541 -0.068846  0.852017  -1
  1  0  0.938300 -0.015565 -0.037395  0.649686  -1