  1  1  0.938300  0.500850 -0.343072  0.057465   5
  1  1  0.938300 -0.023216 -0.093174  0.469158   3
  1  1  0.938300  0.023701 -0.095582  0.180213   6
  1  1  0.938300  0.556439  0.090667  0.714228   2
  1  1  0.938300  0.167561 -0.222363  0.405389   4
  1  0  0.938300  0.436663 -0.087169  1.311031   3
  1  1  0.938300 -0.402017 -0.107417  0.334044   2
  1  1  0.938300 -0.060225  0.120646  0.232628   4
  1  1  0.938300  0.053639  0.027240 -0.132680   3
  1  1  0.938300 -0.258654 -0.313725  0.200536   3
  1  1  0.938300 -0.101937  0.048819  0.252448   1
  1  1  0.938300 -0.263372  0.318532  0.215464   6
  1  1  0.938300  0.066465 -0.226659  0.295266   7
  1  1  0.938300 -0.119281 -0.179341  0.495175   5
  1  1  0.938300  0.063341  0.083334 -0.043828   1
  1  1  0.938300  0.013477  0.133365  0.769192   3
  1  1  0.938300 -0.393053  0.443965  0.879171   6
  1  0  0.938300  0.010792 -0.195575  0.146014   3
  1  1  0.938300  0.162610  0.434607  0.602349   2
  1  1  0.938300  0.659827 -0.052275  0.238062   2
  1  1  0.938300 -0.025156  0.194298  0.045439   1
  1  1  0.938300  0.509221  0.634600  0.356834   7
  1  1  0.938300 -0.261378  0.154810  0.814283   6
  1  1  0.938300  0.600442  0.436889  1.136295   2
  1  1  0.938300  0.046878  0.160583  0.273972   3
  1  0  0.938300 -0.297538 -0.029521  0.429330   3
  1  1  0.938300  0.163216 -0.275765  0.391661   4
  1  1  0.938300  0.027630 -0.193473 -0.182412  10
  1  1  0.938300 -0.000667 -0.139631  0.086996   6
  1  1  0.938300  0.109444 -0.450834  0.374153   3
  1  1  0.938300  0.014546  0.070434  0.168049   5
  1  1  0.938300 -0.193969 -0.060115  0.025796   1
  1  1  0.938300  0.159945 -0.220558  0.734301   3
  1  1  0.938300 -0.052515 -0.048534  0.333644   2
  1  1  0.938300 -0.245444  0.188921  0.055092   2
  1  1  0.938300  0.051950 -0.103014  0.381182   9
  1  1  0.938300  0.085034 -0.234849  0.456939   8
  1  1  0.938300  0.428488  0.055247  0.197872   3
  1  1  0.938300  0.072527  0.332858  0.112294   4
  1  1  0.938300  0.227806 -0.300854  0.139625   6
  1  1  0.938300 -0.169015 -0.146605  0.471884   5
  1  1  0.938300 -0.067882  0.367960  0.157944   7
  1  1  0.938300  0.227718 -0.075413  0.015656   1
  1  1  0.938300 -0.260196 -0.048059  0.633559   3
  1  1  0.938300  0.038011 -0.454382  0.316105   2
  1  1  0.938300 -0.082780  0.006562  0.208149   1
  1  1  0.938300 -0.129095 -0.406325  0.954487   2
  1  1  0.938300  0.217717  0.060881  0.540441   3
  1  1  0.938300 -0.471656 -0.425804  0.680604   5
  1  1  0.938300 -0.070263 -0.284430  0.731751   6
  1  1  0.938300  0.155948  0.366291  0.254460   4
  1  1  0.938300 -0.078816  0.454448  0.567485   3
  1  1  0.938300 -0.486588 -0.251295  0.438417   7
  1  1  0.938300 -0.348896  0.218411  0.421104   8
  1  1  0.938300  0.000126 -0.183921  0.531786   4
  1  1  0.938300  0.135183  0.112426  0.389617   2
  1  1  0.938300  0.559760 -0.267257  0.346731   3
  1  1  0.938300  0.094845 -0.055904  0.283211   3
  1  1  0.938300 -0.286600 -0.080520  0.661146   4
  1  1  0.938300 -0.208656  0.028643  0.202043   7
  1  1  0.938300 -0.274693 -0.295667  0.657667   6
  1  1  0.938300 -0.364950 -0.000752 -0.085434   2
  1  1  0.938300 -0.213103 -0.447035 -0.271096   4
  1  1  0.938300  0.293070 -0.301393  0.552909   3
  1  1  0.938300  0.053890 -0.074901  0.517138   5
  1  1  0.938300 -0.115090 -0.031269  0.491283   6
  1  1  0.938300 -0.121260 -0.126083  0.485390   4
  1  1  0.938300  0.330925  0.384373  0.848866   2
  1  1  0.938300 -0.059855 -0.024379 -0.039348   1
  1  1  0.938300 -0.254037 -0.054060  0.400614   2
  1  1  0.938300  0.065597 -0.101371 -0.008131   1
  1  1  0.938300  0.133529 -0.049924  0.075408   1
  1  0  0.938300  0.087794  0.013692  0.506931   6
  1  1  0.938300 -0.050035 -0.189585  0.880793   8
  1  1  0.938300 -0.203762  0.379363  0.466537   4
  1  1  0.938300  0.012366 -0.040157 -0.040187   1
  1  1  0.938300  0.207044 -0.380512  1.021356   4
  1  1  0.938300  0.115709  0.342612  0.917800   4
  1  1  0.938300 -0.117394 -0.265070  0.643573   2
  1  0  0.938300 -0.217129 -0.019645  0.082068   3
  1  0  0.938300  0.016748 -0.253378  0.286806   2
  1  0  0.938300 -0.205335  0.116256  0.026680   1
  1  0  0.938300  0.018355  0.208696  0.800683   8
  1  0  0.938300 -0.121530 -0.196149  0.368758   1
  1  0  0.938300 -0.567179 -0.226043  0.429153   3
  1  0  0.938300  0.313396 -0.145640  0.071372   2
  1  1  0.938300 -0.048104 -0.091612  0.605698  10
  1  0  0.938300  0.228504 -0.215660  0.119674   4
  1  0  0.938300 -0.439770  0.152444  0.430169   2
  1  0  0.938300  0.262038 -0.233408  0.461196   2
  1  0  0.938300 -0.391165 -0.027397  0.539698   5
  1  0  0.938300  0.133603  0.231429  0.251745   3
  1  0  0.938300  0.414062  0.168325  0.853793   4
  1  0  0.938300 -0.018594  0.049556  0.659213   5
  1  0  0.938300 -0.487607 -0.202283  0.569836   2
  1  0  0.938300  0.000583  0.440310  0.907751   5
  1  0  0.938300 -0.135238  0.359887  0.406646   6
  1  0  0.938300  0.258576 -0.308076  0.501274   3
  1  0  0.938300  0.270978  0.052089  0.587680   6
  1  0  0.938300 -0.035862 -0.280555  0.444829   5
  1  0  0.938300 -0.013231  0.049899  0.305317   3
  1  0  0.938300 -0.493435  0.008816 -0.088692   2
  1  0  0.938300  0.050956 -0.096898  0.259153   2
  1  0  0.938300 -0.456018  0.301044  0.415011  10
  1  0  0.938300 -0.201394 -0.013735  0.093493   2
  1  1  0.938300 -0.045547  0.083899  0.543727   6
  1  0  0.938300  0.157014 -0.204138  0.493098   5
  1  0  0.938300 -0.470095  0.105016  0.246164   2
  1  0  0.938300  0.016614  0.033096  0.292080   4
  1  0  0.938300  0.140053  0.246428  0.303840   4
  1  0  0.938300 -0.014059 -0.213911  0.408412   3
  1  0  0.938300 -0.321887  0.538207  0.668800   3
  1  0  0.938300 -0.163446 -0.347008  0.892289   2
  1  0  0.938300 -0.127770 -0.310152  0.239775   6
  1  0  0.938300  0.312209  0.442246  0.528038   3
  1  0  0.938300 -0.045228 -0.143245 -0.073521   2
  1  0  0.938300 -0.365229 -0.189971  0.672312   5
  1  0  0.938300  0.362210  0.102124  0.235884   2
  1  0  0.938300  0.052554  0.377123  0.521943   2
  1  0  0.938300  0.351865 -0.380758  0.366247   3
  1  0  0.938300 -0.208744  0.421394  0.359991   4
  1  0  0.938300  0.171514  0.068044  0.141386   1
  1  0  0.938300 -0.012633  0.058558  0.457471   3
  1  0  0.938300 -0.028969 -0.030761  0.350079   2
  1  0  0.938300  0.151014 -0.033510  0.002079   1
  1  1  0.938300 -0.117135 -0.091816  0.124716   2
  1  1  0.938300  0.118024 -0.159365  0.917110   4
  1  0  0.938300  0.363968  0.048095  0.262894   4
  1  0  0.938300 -0.037370  0.130735  0.243685   4
  1  0  0.938300  0.145014  0.027251  0.461541   2
  1  0  0.938300  0.290841 -0.360373  0.459801   5
  1  0  0.938300 -0.514945  0.218596  0.635052   7
  1  0  0.938300  0.165477 -0.097378  0.382065   8
  1  0  0.938300 -0.058689  0.048491  0.369087   3
  1  0  0.938300  0.196474 -0.326047  0.353784   6
  1  0  0.938300 -0.289954  0.115183  0.719086   3
  1  0  0.938300 -0.422533  0.322877  0.226323   5
  1  0  0.938300  0.283138 -0.085693  0.127185   2
  1  0  0.938300  0.023298  0.191203 -0.047646   4
  1  0  0.938300 -0.120579 -0.103612  0.323480   4
  1  0  0.938300  0.372303 -0.375729  0.400261   2
  1  0  0.938300 -0.328669  0.353902  1.076629   4
  1  0  0.938300 -0.118643 -0.051185 -0.078400   1
  1  0  0.938300  0.070688 -0.213767  0.267899   4
  1  0  0.938300 -0.007249 -0.292509  0.651352   3
  1  0  0.938300 -0.305498 -0.033072  0.451446   2
  1  0  0.938300 -0.493669  0.165247  0.690922   2
  1  0  0.938300  0.093560 -0.070865  0.041022   1
  1  0  0.938300  0.229109 -0.090959 -0.054922   2
  1  0  0.938300 -0.132687 -0.232309  0.297988   4
  1  0  0.938300  0.243667 -0.092659  0.679354   2
  1  0  0.938300  0.131963 -0.140019  0.733925   4
  1  0  0.938300  0.068258 -0.173334  0.505838   2
  1  0  0.938300 -0.219038 -0.118311  0.115922   1
  1  0  0.938300  0.057750  0.084683  0.620801   4
  1  0  0.938300  0.253092 -0.008389  0.055625   2
  1  0  0.938300 -0.025718 -0.058685  0.287666   2
  1  0  0.938300  0.226180  0.022809 -0.039863   1
  1  0  0.938300 -0.140041  0.108849  0.445613   2
  1  0  0.938300 -0.178626  0.351459  0.226783   3
  1  0  0.938300 -0.316390 -0.364170  0.284592   2
  1  0  0.938300  0.112854 -0.061293  0.858636   3
  1  0  0.938300 -0.410020  0.565767  0.385096   2
  1  0  0.938300 -0.029216  0.076481  0.897293   7
  1  0  0.938300  0.047082 -0.046374  0.237823   1
  1  0  0.938300 -0.267343 -0.109240  0.465446   4
  1  0  0.938300  0.104043 -0.016165  0.358178   5
  1  0  0.938300  0.123271 -0.036959  0.335779   2
  1  0  0.938300 -0.059221 -0.311918  0.632948   6
  1  0  0.938300 -0.120857  0.064839  0.485871   6
  1  0  0.938300 -0.047083 -0.187078  0.777330   4
  1  0  0.938300 -0.497803  0.015527  0.738917   3
  1  0  0.938300  0.015071 -0.359299  0.403663   5
  1  0  0.938300  0.263808  0.003818  0.371121   5
  1  0  0.938300 -0.423850  0.226467  0.755116   6
  1  1  0.938300 -0.477506 -0.227774  0.444498   5
  1  0  0.938300  0.020793  0.159900 -0.039494   1
  1  1  0.938300  0.240368  0.107044  0.446298  10
  1  0  0.938300  0.075279 -0.510532  0.698969   2
  1  0  0.938300  0.125696 -0.293233  0.421882   6
  1  0  0.938300 -0.061548  0.042665  0.217394   2
  1  0  0.938300 -0.067850  0.267321  0.294476   3
  1  0  0.938300 -0.158048  0.090666  0.382698   3
  1  0  0.938300 -0.209213  0.358286 -0.051345   1
  1  0  0.938300 -0.392090  0.117610 -0.004596   4
  1  0  0.938300 -0.392438 -0.217734  0.046464   2
  1  0  0.938300 -0.063386 -0.071518 -0.105095   1
  1  0  0.938300 -0.214737  0.063276  0.085702   1
  1  0  0.938300  0.159028  0.238074  0.882689   4
  1  0  0.938300 -0.014344  0.129761  0.357390   2
  1  0  0.938300  0.297859  0.137118  0.676557   2
  1  0  0.938300 -0.009708  0.177863  0.002377   1
  1  0  0.938300 -0.348178 -0.193396  0.126501   2
  1  0  0.938300 -0.192272 -0.044261  0.498495   3
  1  0  0.938300  0.210894  0.012837  0.257675   1
  1  0  0.938300 -0.289601  0.226247  0.464712   4
  1  0  0.938300 -0.383779 -0.056500  0.109027   7
  1  1  0.938300  0.277054 -0.271150  0.498001  -7
  1  1  0.938300  0.147848  0.062713  0.583932  -3
  1  1  0.938300  0.205789 -0.102955  0.612236  -2
  1  1  0.938300  0.148844 -0.427710  0.647950  -4
  1  1  0.938300  0.027611  0.457092  0.385100  -6
  1  1  0.938300  0.194667 -0.003594  0.656501  -1
  1  1  0.938300 -0.072737 -0.226375  0.875372  -5
  1  1  0.938300 -0.428211  0.269315  0.703503  -2
  1  1  0.938300  0.320384  0.485708  0.289472  -3
  1  1  0.938300 -0.118232  0.239331  0.781652  -4
  1  1  0.938300 -0.029063 -0.266961  0.382424  -5
  1  1  0.938300 -0.069394 -0.123035  0.454835  -4
  1  1  0.938300 -0.097122  0.223134  0.303229  -2
  1  1  0.938300 -0.177702 -0.249735  0.846306  -2
  1  1  0.938300 -0.551529  0.358089  0.549690  -2
  1  1  0.938300 -0.299604  0.000234  0.447748  -3
  1  1  0.938300  0.027967 -0.032478  0.111725  -2
  1  1  0.938300  0.514369 -0.148081  0.653399  -4
  1  1  0.938300 -0.263406  0.015116  0.833878  -1
  1  1  0.938300 -0.018920 -0.127811  1.040752  -1
  1  1  0.938300 -0.115229 -0.297728  0.561830  -3
  1  1  0.938300  0.389060  0.094864  0.693305 -11
  1  1  0.938300 -0.205003  0.242288  0.612373  -5
  1  1  0.938300 -0.105325 -0.352888  0.894979  -2
  1  1  0.938300 -0.233902 -0.481262  0.755109  -2
  1  1  0.938300  0.120269  0.468986  0.812261  -2
  1  1  0.938300  0.208824  0.037907  0.304957  -5
  1  1  0.938300  0.119164 -0.051425  0.666471  -3
  1  1  0.938300  0.063144 -0.032233  0.593511  -1
  1  1  0.938300 -0.069928  0.634080  0.215186  -4
  1  1  0.938300 -0.357070 -0.060463  0.649427  -2
  1  1  0.938300  0.131376  0.250625  0.644683  -4
  1  1  0.938300  0.628882  0.285161  0.595578  -3
  1  1  0.938300 -0.404379  0.403461  0.195171  -3
  1  1  0.938300  0.118038  0.141762  0.945697  -1
  1  1  0.938300  0.332143 -0.091663  0.439558  -9
  1  1  0.938300  0.013596  0.144307  0.977901  -1
  1  1  0.938300 -0.112838  0.122252  0.458447  -4
  1  1  0.938300 -0.224345  0.456921  0.605092  -3
  1  1  0.938300 -0.072867 -0.211239  0.379117  -5
  1  1  0.938300 -0.113655  0.324782  0.245747  -6
  1  1  0.938300 -0.148364  0.331950  0.059622  -3
  1  1  0.938300  0.073290  0.574234  1.000104  -4
  1  1  0.938300  0.200447  0.073561  1.086422  -4
  1  0  0.938300  0.356649  0.100767  0.444149  -2
  1  1  0.938300  0.028539  0.190645  0.393620  -4
  1  1  0.938300 -0.214040  0.250605  0.733461  -2
  1  1  0.938300 -0.019199 -0.136006  0.834008  -2
  1  1  0.938300 -0.512416 -0.078633  0.559555  -7
  1  1  0.938300  0.011501  0.083482  0.045220  -7
  1  1  0.938300 -0.088396 -0.159283  0.891809  -2
  1  1  0.938300 -0.022904  0.415231  0.438107  -6
  1  1  0.938300 -0.259932 -0.278795  0.129381  -4
  1  1  0.938300  0.358499  0.066950  0.578046  -2
  1  0  0.938300  0.257001  0.269589  0.370811  -4
  1  1  0.938300  0.162020 -0.127000  0.068701  -4
  1  1  0.938300  0.266177  0.266523  0.561080  -5
  1  1  0.938300  0.113992 -0.037843  0.341219  -4
  1  1  0.938300 -0.076246 -0.156154  0.247507  -4
  1  1  0.938300 -0.092320 -0.021063  0.697233  -3
  1  1  0.938300  0.177051 -0.073205  0.979430  -4
  1  1  0.938300  0.045085 -0.099319  0.333577  -7
  1  1  0.938300 -0.042974 -0.280564  0.905895  -5
  1  1  0.938300  0.488356  0.284277  0.829890  -4
  1  1  0.938300  0.553703  0.197997  0.880598  -5
  1  0  0.938300 -0.011563  0.431124  0.547336  -8
  1  1  0.938300 -0.086160  0.422724  0.444292  -2
  1  1  0.938300 -0.155893 -0.067001  0.782793  -1
  1  1  0.938300 -0.058787  0.106342  0.409016  -6
  1  1  0.938300 -0.212421 -0.009235  0.116820  -7
  1  1  0.938300 -0.107427  0.488082  0.732019  -5
  1  1  0.938300  0.189922 -0.047961  0.895206  -6
  1  1  0.938300  0.389897 -0.056711  0.296606  -2
  1  1  0.938300  0.049164  0.060242  1.148402  -1
  1  1  0.938300 -0.275839  0.204910  0.238444  -6
  1  1  0.938300  0.224253 -0.150503  0.969594  -4
  1  1  0.938300 -0.215356 -0.468196  0.742386  -3
  1  1  0.938300  0.050785  0.114018  0.510234  -6
  1  1  0.938300 -0.025374 -0.265063  0.451067  -2
  1  0  0.938300  0.478818 -0.155340  0.763929  -6
  1  0  0.938300 -0.325484  0.312806  0.695512  -4
  1  0  0.938300  0.242956  0.149725  0.536621  -2
  1  0  0.938300 -0.016393 -0.373117  0.837415  -2
  1  0  0.938300 -0.521289 -0.161759  1.139899  -8
  1  0  0.938300  0.211869  0.382594  0.703673  -5
  1  0  0.938300  0.059684  0.273915  0.454974  -7
  1  0  0.938300  0.357227 -0.273801  0.272634  -2
  1  0  0.938300  0.491679 -0.361206  0.472116  -6
  1  0  0.938300  0.053057 -0.164268  0.940210  -6
  1  0  0.938300 -0.157804 -0.260574  0.676321  -6
  1  1  0.938300 -0.043743 -0.520063  0.306591  -9
  1  0  0.938300  0.443978  0.160763  0.133412  -7
  1  0  0.938300  0.651819  0.251568  0.532826  -2
  1  0  0.938300  0.092778  0.290654  0.100182  -2
  1  0  0.938300  0.168323  0.040128  0.644856  -1
  1  0  0.938300 -0.101314 -0.092109  0.469309  -2
  1  0  0.938300  0.233622  0.647392  0.459204  -2
  1  0  0.938300  0.346488  0.151472  0.294974  -4
  1  0  0.938300  0.092801  0.083817  0.364034  -4
  1  0  0.938300 -0.286009  0.236770  0.421990  -3
  1  0  0.938300  0.054254 -0.140286  0.336331  -6
  1  0  0.938300  0.167436 -0.371820  0.576677  -4
  1  0  0.938300 -0.188108  0.119231  0.521745  -4
  1  0  0.938300  0.636788 -0.072570  0.599918  -6
  1  0  0.938300  0.097799  0.062733  0.595044  -4
  1  0  0.938300 -0.259413  0.181977  0.678950  -2
  1  0  0.938300 -0.231366 -0.083151  0.318657  -3
  1  0  0.938300  0.025312 -0.251810  0.710290  -3
  1  0  0.938300 -0.084649  0.055638  0.315194  -2
  1  0  0.938300  0.065019 -0.161404  0.440429  -4
  1  0  0.938300  0.038737  0.060404  0.809591  -1
  1  0  0.938300  0.307004  0.317914  0.709420  -4
  1  0  0.938300 -0.200598  0.104070  0.490533  -6
  1  1  0.938300 -0.103241 -0.446795  0.594429  -6
  1  0  0.938300 -0.668480 -0.010443  0.593329  -8
  1  0  0.938300 -0.218679 -0.086165  0.108377  -3
  1  0  0.938300  0.049897 -0.139739  0.157377  -3
  1  0  0.938300 -0.219439 -0.053877  0.542302  -3
  1  0  0.938300 -0.047824  0.063202  0.638215  -2
  1  0  0.938300  0.338236  0.085934  0.073398  -3
  1  0  0.938300 -0.093578  0.109948  0.355389  -4
  1  0  0.938300  0.236588 -0.275801  0.862360  -2
  1  0  0.938300 -0.043736  0.015097  0.416233  -7
  1  0  0.938300  0.029564 -0.191156  0.857152  -3
  1  0  0.938300  0.036014  0.357733  0.914617  -6
  1  0  0.938300  0.054589 -0.128695  0.918656  -1
  1  0  0.938300 -0.120811 -0.236039  0.262995  -8
  1  0  0.938300  0.138747  0.253742  0.794333  -8
  1  0  0.938300  0.135755 -0.329635  0.431734  -4
  1  0  0.938300 -0.334134 -0.315474  0.677212  -4
  1  1  0.938300 -0.162670  0.140849  0.737931  -2
  1  0  0.938300 -0.233103  0.022565  0.444953  -3
  1  0  0.938300  0.373139 -0.095647  0.339554  -2
  1  0  0.938300  0.176984 -0.371049  0.616522  -4
  1  0  0.938300 -0.091004 -0.187621  0.162453  -2
  1  0  0.938300  0.094075  0.087348  0.540708  -6
  1  0  0.938300 -0.294816 -0.400648  0.397698  -3
  1  0  0.938300 -0.319776  0.167004  0.784129  -4
  1  0  0.938300  0.053113  0.157824  0.956103  -1
  1  0  0.938300  0.118740  0.298275  0.717386  -5
  1  0  0.938300  0.152730 -0.153732  0.618191  -5
  1  0  0.938300 -0.196978  0.176821  0.376667  -3
  1  0  0.938300  0.220683  0.054247  0.427409  -6
  1  0  0.938300 -0.140315 -0.021720  0.161925  -5
  1  0  0.938300  0.105068 -0.448874  0.758651  -3
  1  0  0.938300 -0.157756 -0.144595  0.682150  -2
  1  0  0.938300 -0.049610 -0.135332  0.992694  -1
  1  0  0.938300 -0.007082  0.607844  0.714039  -4
  1  0  0.938300  0.056385  0.068927  0.691545  -9
  1  0  0.938300  0.045046  0.016207  0.809525  -3
  1  0  0.938300  0.526247  0.196111  0.972800  -6
  1  0  0.938300 -0.303791 -0.173825  0.802271  -4
  1  0  0.938300 -0.230287  0.093004  0.468189  -8
  1  0  0.938300 -0.200072 -0.424777  0.652787  -9
  1  0  0.938300  0.181948  0.138091  0.860778  -1
  1  0  0.938300  0.099575 -0.156675  0.476130  -4
  1  0  0.938300 -0.227376  0.051289  0.239971  -6
  1  0  0.938300  0.325738 -0.313765  0.115351  -5
  1  0  0.938300 -0.250163 -0.242396  0.539262  -2
  1  0  0.938300 -0.251894  0.067665  0.612405  -2
  1  0  0.938300 -0.153466 -0.181962  0.635922  -3
  1  0  0.938300 -0.032035 -0.050712  0.464022  -5
  1  0  0.938300 -0.030193 -0.253170  0.345624  -3
  1  0  0.938300 -0.004562  0.086978  0.252828  -4
  1  0  0.938300 -0.327353 -0.009512  0.381496 -10
  1  0  0.938300  0.352126 -0.083899  0.584964  -3
  1  0  0.938300 -0.000650  0.484848  0.684378  -4
  1  0  0.938300 -0.063981  0.055254  0.858838  -1
  1  0  0.938300 -0.019547  0.525976  0.754977  -3
  1  0  0.938300  0.305963 -0.013025  0.383926 -10
  1  0  0.938300 -0.018258 -0.407067 -0.149717  -6
  1  0  0.938300 -0.048187 -0.060804  0.846124  -1
  1  0  0.938300  0.082036 -0.137227  0.820542  -1
  1  0  0.938300 -0.277677 -0.009624  0.141922  -5
  1  0  0.938300 -0.262135  0.567225  0.383190  -4
  1  0  0.938300 -0.071155 -0.374730  0.455742 -10
  1  1  0.938300 -0.432412  0.032123  0.713875  -2
  1  0  0.938300 -0.074641  0.055505  0.436452  -5
  1  0  0.938300 -0.403210 -0.186401  0.163436  -2
  1  0  0.938300  0.141390 -0.144335  0.758799  -3
  1  0  0.938300 -0.138602  0.070933  0.230394  -5
  1  0  0.938300 -0.019521  0.274990  0.758574  -5
  1  0  0.938300  0.159606 -0.161021  0.669749  -2
  1  0  0.938300  0.501932  0.459673  0.422824  -5
  1  1  0.938300 -0.164008 -0.285945  0.951438  -2
  1  0  0.938300 -0.051464  0.120150  0.579887  -4
  1  0  0.938300  0.215763  0.036458  0.052777  -3
  1  0  0.938300 -0.018565  0.412779  1.049395  -3
  1  0  0.938300  0.240400 -0.288157  0.569180  -7
  1  0  0.938300 -0.050966 -0.145130  0.411029  -3
  1  0  0.938300  0.360175 -0.226026  0.308645  -6
  1  0  0.938300 -0.191939 -0.002207  0.221453  -6
  1  0  0.938300  0.237545  0.198096  0.894487  -2
  1  0  0.938300 -0.018018  0.042961  0.214276  -3
  1  0  0.938300 -0.147387  0.108241  0.836585  -3
  1  0  0.938300 -0.172267  0.175222  0.905264  -1
  1  0  0.938300  0.242871 -0.238276  0.299597  -4