  1  1  0.938300  0.200435 -0.080971  0.241718   6
  1  1  0.938300  0.210590  0.093240  0.134901   4
  1  1  0.938300  0.067748  0.018556  0.005275   1
  1  1  0.938300 -0.362582  0.446194  0.731836   5
  1  1  0.938300  0.047364  0.170080  0.015957   4
  1  1  0.938300  0.323072 -0.284011  0.228582   2
  1  1  0.938300  0.022205 -0.098814  0.053277   1
  1  0  0.938300 -0.063817 -0.315048  0.544164   8
  1  1  0.938300 -0.026576  0.194008 -0.015260   1
  1  1  0.938300  0.004384 -0.180957  0.640560   9
  1  0  0.938300  0.213983  0.199721  0.137257   3
  1  1  0.938300 -0.037664  0.088108  0.066885   1
  1  1  0.938300  0.444049 -0.022437  0.482661   6
  1  0  0.938300 -0.313433 -0.188160  0.578327   6
  1  0  0.938300 -0.057842  0.018988 -0.009522   5
  1  1  0.938300  0.191619 -0.464273  0.313600   4
  1  1  0.938300 -0.086144 -0.317624  0.146559   5
  1  1  0.938300  0.270780  0.178951  0.366910   6
  1  1  0.938300 -0.206685 -0.087979  0.411050   5
  1  1  0.938300  0.254184 -0.005296  0.772840   4
  1  0  0.938300 -0.314362 -0.300203  0.380481   4
  1  0  0.938300  0.382169  0.272294  0.745556   5
  1  1  0.938300  0.194856 -0.268160  0.364146   2
  1  1  0.938300 -0.101599  0.241162  0.114948   1
  1  1  0.938300 -0.506759  0.526210  0.457497   4
  1  1  0.938300  0.121970  0.158414  0.419307   2
  1  1  0.938300 -0.052483 -0.198662  0.412304   3
  1  1  0.938300 -0.096887 -0.106407  0.227028   1
  1  1  0.938300  0.133334 -0.235359  0.310459   4
  1  1  0.938300 -0.190429  0.198870  0.619353   5
  1  1  0.938300  0.153251 -0.015426 -0.166108   1
  1  1  0.938300 -0.144538  0.254400  0.954258   9
  1  0  0.938300  0.169364 -0.209977  0.412988   7
  1  1  0.938300 -0.190995  0.274981  0.173695   2
  1  1  0.938300  0.075335  0.087047  0.316786   3
  1  1  0.938300 -0.005620  0.295805  0.360899   2
  1  1  0.938300 -0.061108 -0.060760  0.265503   2
  1  1  0.938300  0.130161 -0.105018  0.679997  11
  1  1  0.938300  0.031557  0.340192  0.365646   3
  1  0  0.938300  0.033202 -0.304791 -0.126713   8
  1  1  0.938300 -0.062437  0.365786  0.357561   4
  1  1  0.938300  0.441597 -0.145820  0.747494   3
  1  1  0.938300  0.148459  0.346310  0.474838   4
  1  1  0.938300 -0.061873 -0.182524 -0.015975   1
  1  1  0.938300 -0.002893 -0.019375  0.232551   4
  1  1  0.938300 -0.149719 -0.254680  0.292340   5
  1  1  0.938300 -0.371881 -0.129403  0.065163   2
  1  0  0.938300  0.379948  0.417955  0.779920   5
  1  1  0.938300 -0.041794  0.057380  1.127873   4
  1  1  0.938300 -0.123834  0.089920  0.038615   1
  1  1  0.938300 -0.009548  0.101356  0.317980   2
  1  1  0.938300  0.083284 -0.060244  0.502258   9
  1  1  0.938300  0.016474 -0.075882  0.045823   2
  1  1  0.938300  0.036694 -0.045397  0.182430   2
  1  1  0.938300 -0.451777 -0.811500  0.317877   5
  1  0  0.938300  0.073981 -0.032326  0.859605   5
  1  1  0.938300  0.074121  0.050701  0.536743   3
  1  1  0.938300  0.488421 -0.075763  0.635198   4
  1  1  0.938300  0.114774  0.064454  0.578218   5
  1  1  0.938300  0.076483  0.093238  0.491500   8
  1  0  0.938300 -0.122028  0.064249  0.447861   2
  1  1  0.938300 -0.549492  0.326548  0.754642   2
  1  1  0.938300  0.119399  0.156735  0.612992   2
  1  1  0.938300  0.184039 -0.081120  0.304071   1
  1  1  0.938300  0.082621 -0.087139 -0.089138   1
  1  0  0.938300 -0.051764 -0.204631  0.283537   2
  1  1  0.938300  0.108629  0.337259  0.202643   2
  1  1  0.938300  0.197272 -0.151245  0.912278   2
  1  0  0.938300  0.089933 -0.031151  0.438638  12
  1  1  0.938300  0.283957  0.291651  0.483328   5
  1  1  0.938300  0.024151  0.003912  0.203574   1
  1  0  0.938300 -0.384419  0.560562 -0.157708   5
  1  1  0.938300 -0.419964 -0.149811  0.326558   3
  1  1  0.938300 -0.208986  0.061641  0.781010   3
  1  1  0.938300 -0.189890 -0.170960  0.174807   5
  1  1  0.938300 -0.114611 -0.311911  0.394193   6
  1  1  0.938300 -0.290283  0.027791  0.052603   7
  1  1  0.938300  0.177002 -0.096629 -0.013246   1
  1  1  0.938300 -0.358698 -0.087787  0.536055   4
  1  1  0.938300 -0.286821 -0.196255  0.059071   3
  1  0  0.938300 -0.341687  0.178007  0.424066   3
  1  0  0.938300  0.055784 -0.022294  0.623382   3
  1  0  0.938300 -0.199180 -0.048388  0.216632   5
  1  0  0.938300 -0.122678 -0.293874  0.815898   6
  1  1  0.938300  0.297203 -0.386093  0.136324   3
  1  0  0.938300  0.395333  0.126103  0.177878   4
  1  0  0.938300  0.112047 -0.345688  0.653451   7
  1  0  0.938300  0.227133 -0.200332  0.458420   3
  1  0  0.938300 -0.388765 -0.086207  0.265644   4
  1  0  0.938300  0.057897 -0.251686  0.273870   5
  1  0  0.938300  0.077415  0.049217  0.671580   3
  1  0  0.938300  0.076178  0.016981  0.423354   9
  1  0  0.938300 -0.179751 -0.161307  0.418234   3
  1  0  0.938300  0.055328 -0.058401  0.623740   5
  1  0  0.938300 -0.209739 -0.084943  0.291084   4
  1  1  0.938300  0.238049  0.438285 -0.015941   6
  1  0  0.938300 -0.180001  0.045955  0.022431   3
  1  0  0.938300  0.431211 -0.265158  0.571021   6
  1  0  0.938300  0.037417  0.012936  0.522992   8
  1  0  0.938300  0.305384 -0.158165  0.205540   4
  1  0  0.938300 -0.027156 -0.015489  0.629278   3
  1  0  0.938300  0.286368 -0.139048  0.703916   4
  1  0  0.938300  0.272199 -0.000572  0.365467   3
  1  1  0.938300  0.086488 -0.017165  0.266385  10
  1  0  0.938300  0.124780 -0.050955  0.233285   1
  1  0  0.938300  0.602497  0.108813  0.843876   4
  1  0  0.938300  0.298770  0.281755  0.376026   3
  1  0  0.938300  0.160617  0.376874  0.189576   2
  1  0  0.938300  0.476518 -0.208314  0.301219   3
  1  0  0.938300 -0.387616  0.154925  0.710585   3
  1  0  0.938300  0.096836 -0.286831  0.052150   1
  1  0  0.938300  0.074028  0.192311  0.630920   3
  1  0  0.938300  0.223434 -0.310501  0.046779   4
  1  0  0.938300 -0.106627 -0.290975  0.512450   3
  1  0  0.938300 -0.432776 -0.185710  0.298530   2
  1  1  0.938300 -0.008056  0.192347  0.443641   2
  1  0  0.938300 -0.014743 -0.084604  0.176104   1
  1  1  0.938300  0.113578  0.182775  0.354515   3
  1  0  0.938300  0.239184 -0.036135  0.243695  11
  1  0  0.938300  0.062925 -0.413049  0.189710   3
  1  0  0.938300  0.182177 -0.059331  0.764234   4
  1  0  0.938300  0.094242 -0.313766  0.732408   7
  1  0  0.938300 -0.224974 -0.248940  0.533437   3
  1  0  0.938300 -0.039559 -0.103697  0.309213   5
  1  0  0.938300  0.261092  0.387721  0.488551   3
  1  0  0.938300 -0.090456  0.007656  0.517638   4
  1  0  0.938300  0.108471  0.031204  0.033023   1
  1  0  0.938300 -0.118846 -0.165639  0.833168   5
  1  1  0.938300 -0.148873  0.130431  0.294855   2
  1  0  0.938300  0.073139  0.061031  0.576491   8
  1  0  0.938300 -0.134716 -0.045829  0.340736   4
  1  0  0.938300 -0.152062 -0.259045  0.284524   5
  1  0  0.938300  0.095633 -0.148490  0.033382   1
  1  0  0.938300 -0.343222 -0.123525 -0.051627   3
  1  0  0.938300 -0.175319  0.044240  0.476012   4
  1  0  0.938300  0.123019 -0.183893  0.151072   4
  1  0  0.938300  0.496666 -0.055308  0.686860   2
  1  0  0.938300 -0.119741  0.002041  0.268811   2
  1  0  0.938300 -0.035962 -0.036754  0.633332   5
  1  0  0.938300 -0.031762  0.091991  0.769392   4
  1  0  0.938300 -0.078732 -0.303630  0.621362   2
  1  0  0.938300 -0.088974 -0.018816 -0.132537   1
  1  0  0.938300 -0.168650 -0.409246  0.221523   3
  1  0  0.938300 -0.102510  0.167179  0.095829   3
  1  0  0.938300  0.070158  0.129717  0.262002   2
  1  0  0.938300  0.162722 -0.164193  0.933377   5
  1  0  0.938300 -0.175931  0.301482  0.460620   2
  1  0  0.938300  0.133074  0.024382  0.153002   1
  1  0  0.938300 -0.327498  0.145374  0.252690   4
  1  0  0.938300 -0.362687 -0.050092  0.771355   2
  1  0  0.938300 -0.482118  0.243167  0.179105   3
  1  0  0.938300 -0.132091 -0.285369  0.255060   4
  1  0  0.938300  0.069717 -0.444310  0.313863   2
  1  0  0.938300  0.119739 -0.224289  0.401284   3
  1  0  0.938300  0.306938  0.378050  0.471916   5
  1  0  0.938300  0.271182 -0.503542  0.463607   5
  1  0  0.938300 -0.175894 -0.144535  0.045432   3
  1  0  0.938300  0.291141 -0.283139  0.197059   2
  1  0  0.938300  0.067932 -0.216727  0.350135   5
  1  0  0.938300  0.172471  0.249296  0.314727   2
  1  0  0.938300  0.071477  0.019508  0.246087   3
  1  0  0.938300  0.128986  0.067732  0.586852   4
  1  1  0.938300  0.202717 -0.074537  0.370082   5
  1  0  0.938300  0.209721  0.259546  0.068449   3
  1  0  0.938300 -0.016640 -0.208604  0.502502   7
  1  0  0.938300 -0.040427 -0.020409  0.103390   4
  1  0  0.938300  0.028964  0.065861  0.265355   2
  1  0  0.938300 -0.218034 -0.460284  0.539690   4
  1  0  0.938300  0.259192  0.294761  0.383906   4
  1  0  0.938300 -0.003753  0.015885  0.679914   7
  1  0  0.938300 -0.048021  0.426819  0.308808   5
  1  0  0.938300 -0.387874 -0.321345  0.301758   2
  1  0  0.938300 -0.169584  0.459471  0.425112   5
  1  0  0.938300 -0.216517  0.223669  1.029829   3
  1  0  0.938300 -0.082613 -0.488010  0.718949   4
  1  0  0.938300 -0.156426 -0.031624 -0.035712   1
  1  0  0.938300  0.114422  0.095361  0.888503   6
  1  0  0.938300 -0.709322  0.281942  0.804452   3
  1  0  0.938300 -0.184871  0.447654  0.387280   2
  1  0  0.938300 -0.009005 -0.006966  0.589364   4
  1  0  0.938300  0.589328 -0.149454  0.409708   2
  1  0  0.938300 -0.142389 -0.352500  0.358218   7
  1  0  0.938300 -0.093667  0.123427  0.209727   7
  1  1  0.938300  0.161076  0.214026  0.160153   5
  1  0  0.938300 -0.312655 -0.209126  0.220161   5
  1  0  0.938300 -0.580368 -0.020636  0.099829   3
  1  0  0.938300  0.010227  0.434648  0.574593   6
  1  0  0.938300  0.171815  0.284013  0.803604   4
  1  0  0.938300  0.277514 -0.086668 -0.122707   2
  1  0  0.938300  0.078683  0.154007  0.480497   2
  1  0  0.938300  0.423780  0.233021  0.176522   4
  1  0  0.938300  0.114968  0.233860 -0.021826   1
  1  0  0.938300  0.156228  0.313366  0.800150   4
  1  0  0.938300  0.070243 -0.159194  0.393204   3
  1  0  0.938300 -0.004279 -0.189723  0.139884   1
  1  0  0.938300 -0.077044  0.084202  0.103821   1
  1  0  0.938300  0.011329  0.129701  0.461329   2
  1  1  0.938300  0.661435 -0.223302  0.882919  -6
  1  1  0.938300  0.041062  0.010962  0.302675  -5
  1  1  0.938300  0.032886  0.392003  0.440327  -5
  1  1  0.938300 -0.096891 -0.069309  0.552307  -1
  1  1  0.938300 -0.006432  0.144199  0.904951  -5
  1  1  0.938300  0.380480  0.092957  0.899691  -2
  1  1  0.938300 -0.131444  0.142832  0.836500  -4
  1  1  0.938300  0.167597  0.218395  0.459728  -3
  1  1  0.938300  0.023881  0.052532  0.923394  -2
  1  1  0.938300 -0.280032 -0.016553  1.010403  -2
  1  1  0.938300 -0.116820  0.068353  0.863195  -1
  1  1  0.938300  0.487150  0.284740  0.286432  -3
  1  1  0.938300  0.322119  0.280362  0.660480  -3
  1  1  0.938300 -0.015982 -0.058552  0.602434  -3
  1  1  0.938300 -0.260049  0.569730  0.385670  -4
  1  1  0.938300 -0.290096  0.044109  0.199161 -11
  1  1  0.938300 -0.137824 -0.035376  1.103161  -1
  1  1  0.938300 -0.394426  0.080004  0.491173  -7
  1  0  0.938300 -0.312475  0.043827  0.512558  -4
  1  1  0.938300  0.158091  0.430186  0.443640  -3
  1  1  0.938300  0.173521 -0.182776  1.034122  -2
  1  1  0.938300 -0.478945  0.297439  0.453118  -5
  1  1  0.938300 -0.058228  0.052869  0.556374  -4
  1  0  0.938300  0.257178 -0.001545  0.751505  -7
  1  1  0.938300 -0.187516 -0.093436  0.649111  -2
  1  1  0.938300 -0.075525  0.166059  0.691322  -1
  1  1  0.938300  0.478508  0.094185  0.346100  -3
  1  1  0.938300  0.010414  0.348291  1.201021  -4
  1  1  0.938300 -0.119198  0.131353  0.241456  -7
  1  1  0.938300 -0.275165  0.224846  0.474463  -3
  1  0  0.938300 -0.243993 -0.232413  0.463136  -7
  1  1  0.938300 -0.110874  0.014737  0.260101  -4
  1  1  0.938300  0.078137  0.638265  0.290225  -3
  1  1  0.938300  0.029667 -0.284126  0.491612  -3
  1  0  0.938300 -0.114117  0.127825  0.112397  -2
  1  1  0.938300  0.091560 -0.263035  0.534802  -8
  1  1  0.938300  0.131432 -0.268362  0.807925  -4
  1  1  0.938300  0.259879  0.482827  0.438918  -7
  1  1  0.938300  0.174568  0.002885  0.612395  -1
  1  1  0.938300 -0.290470  0.187759  0.606521  -2
  1  1  0.938300  0.249155 -0.013386  0.522755  -4
  1  1  0.938300  0.167637  0.228482  0.728672  -6
  1  1  0.938300  0.049353  0.266441  0.594199  -2
  1  1  0.938300 -0.317841 -0.082803  0.704345  -8
  1  0  0.938300  0.242324 -0.013573  0.594698  -4
  1  1  0.938300 -0.118845  0.279399  0.342694  -2
  1  1  0.938300  0.000855  0.009043  0.344183 -10
  1  1  0.938300 -0.324797  0.130747  0.221551  -3
  1  1  0.938300 -0.413458  0.059966  0.726310  -5
  1  1  0.938300 -0.003621 -0.201691  0.520899  -2
  1  1  0.938300  0.042909 -0.100150  0.400964  -2
  1  1  0.938300 -0.094550 -0.178087  0.344548  -6
  1  1  0.938300 -0.134940  0.081737  0.970147  -1
  1  1  0.938300  0.055860 -0.409296  0.139595  -2
  1  1  0.938300 -0.154173 -0.082080  0.090505  -5
  1  1  0.938300 -0.002513 -0.449009  0.248365  -6
  1  1  0.938300 -0.269451  0.693886  0.476094  -4
  1  1  0.938300  0.125226 -0.044717  0.927073  -1
  1  1  0.938300  0.073953  0.532999  0.988662  -2
  1  1  0.938300  0.365593 -0.300472  0.832010  -2
  1  1  0.938300 -0.088727 -0.172208  0.736326  -3
  1  1  0.938300  0.225276  0.085486  0.597691  -4
  1  1  0.938300  0.130886 -0.626871  0.288556  -9
  1  1  0.938300  0.250519 -0.269386  0.146551  -2
  1  1  0.938300 -0.107425 -0.377206  0.321618  -7
  1  1  0.938300 -0.480913  0.122174  1.225132  -2
  1  1  0.938300 -0.098811 -0.138180  0.676657  -3
  1  1  0.938300  0.008762  0.117123  0.297947  -6
  1  1  0.938300 -0.170199 -0.310766  0.962139  -2
  1  1  0.938300  0.600168 -0.226077  0.902344  -3
  1  1  0.938300  0.479210  0.258487  0.335945  -5
  1  1  0.938300 -0.575193 -0.064176  0.767405  -2
  1  0  0.938300 -0.486335  0.236091  0.645638  -5
  1  1  0.938300 -0.094574 -0.279205  0.345178  -5
  1  1  0.938300  0.139204  0.393296  0.602466  -3
  1  1  0.938300  0.252812  0.059989  0.349622  -4
  1  1  0.938300 -0.346005 -0.102817  0.412051  -3
  1  1  0.938300 -0.049911  0.103963  0.465292  -4
  1  1  0.938300 -0.198798  0.269866  0.486613  -2
  1  0  0.938300 -0.651064  0.560241  0.495470  -2
  1  0  0.938300  0.477242  0.118200  0.458757  -5
  1  0  0.938300  0.128361 -0.205301  0.373323  -6
  1  0  0.938300 -0.050591  0.325355  0.931204  -3
  1  0  0.938300  0.246509  0.109856  0.454290  -4
  1  0  0.938300  0.075407 -0.061239  0.919902  -1
  1  0  0.938300 -0.099488  0.099545  0.892005  -2
  1  0  0.938300 -0.165925 -0.431306  0.283474  -5
  1  0  0.938300  0.027035 -0.230481  0.569455  -7
  1  0  0.938300  0.088699 -0.175916  0.906512  -2
  1  0  0.938300  0.200148  0.141492  0.696142  -2
  1  1  0.938300  0.247271 -0.003656  0.398422  -4
  1  0  0.938300 -0.079236  0.065558  0.731540  -2
  1  0  0.938300  0.339002  0.148554 -0.024850  -2
  1  0  0.938300  0.212171  0.071014  0.199188  -3
  1  0  0.938300  0.109990  0.024385  0.811723  -2
  1  0  0.938300  0.106245  0.096611  0.028876  -3
  1  0  0.938300 -0.105793 -0.068133  0.591557  -1
  1  0  0.938300 -0.073162 -0.288056  0.675705  -4
  1  0  0.938300  0.586641 -0.167312  0.485840  -5
  1  0  0.938300  0.114102  0.294400  0.520137  -3
  1  0  0.938300 -0.132618  0.016988  1.165237  -1
  1  0  0.938300  0.228994  0.093991  0.290451  -4
  1  0  0.938300 -0.339193 -0.004564  0.781937  -5
  1  0  0.938300 -0.429929 -0.330435  0.594579  -3
  1  0  0.938300 -0.276142  0.465967  0.782726  -2
  1  0  0.938300  0.132810 -0.248563  0.458751  -2
  1  0  0.938300  0.122496 -0.206282  0.784719  -3
  1  0  0.938300 -0.000370 -0.173237  0.638347  -6
  1  0  0.938300 -0.128823 -0.000995  1.175539  -1
  1  0  0.938300 -0.115627 -0.305172  0.837406  -3
  1  0  0.938300  0.397813 -0.103367  0.914852  -6
  1  0  0.938300 -0.047030 -0.120289  0.428397  -3
  1  0  0.938300 -0.071717  0.238830  0.453609  -2
  1  0  0.938300 -0.182724  0.098840  0.870750  -4
  1  0  0.938300  0.030365  0.224518 -0.000359  -4
  1  0  0.938300 -0.285478 -0.203474  0.790649  -3
  1  0  0.938300 -0.338742 -0.105974  0.175214  -8
  1  0  0.938300 -0.033414 -0.263588  0.143478  -3
  1  0  0.938300 -0.095455 -0.360708  0.234592  -3
  1  0  0.938300 -0.078968 -0.442794  0.215754  -5
  1  0  0.938300  0.381574  0.408994  0.168103  -7
  1  0  0.938300 -0.060877  0.116190  0.739517  -3
  1  0  0.938300  0.143938  0.260534 -0.013499  -3
  1  0  0.938300  0.015413  0.231923  0.679827  -3
  1  0  0.938300 -0.182835  0.176408  0.661126  -5
  1  0  0.938300 -0.374413 -0.242324  0.389677  -3
  1  0  0.938300  0.231224 -0.024999  0.804046  -4
  1  0  0.938300  0.033763  0.037799  0.350541  -2
  1  0  0.938300  0.351596 -0.319048  0.513503  -4
  1  0  0.938300 -0.088306  0.018135  0.631102  -2
  1  1  0.938300  0.298633 -0.301546  0.659814  -3
  1  0  0.938300 -0.012507 -0.073824  0.712940  -2
  1  0  0.938300 -0.033912 -0.277836  1.175406  -1
  1  0  0.938300  0.068178  0.108931  0.820034  -1
  1  0  0.938300  0.085875 -0.157054  0.926171  -3
  1  0  0.938300 -0.610504  0.257848  0.505846  -6
  1  0  0.938300  0.217922 -0.033898  0.309013  -4
  1  0  0.938300 -0.238263 -0.050507  0.421900  -4
  1  1  0.938300 -0.230863 -0.093249  0.840916  -4
  1  0  0.938300  0.002035  0.010697  0.142152  -3
  1  0  0.938300 -0.201388  0.278382  0.298467  -2
  1  0  0.938300 -0.081093 -0.092505  0.411326  -7
  1  0  0.938300 -0.039898 -0.373270  0.737715  -2
  1  0  0.938300 -0.219987  0.018484  0.601658  -2
  1  0  0.938300  0.138232  0.290146  1.024254  -3
  1  0  0.938300 -0.277791 -0.229608  0.749068  -3
  1  0  0.938300  0.159732 -0.008062  0.719057  -3
  1  0  0.938300 -0.234248 -0.121212  0.571558  -3
  1  1  0.938300  0.086967 -0.166083  0.813006  -4
  1  0  0.938300 -0.094758 -0.199771  1.007197  -4
  1  0  0.938300  0.229376 -0.386861  0.450035  -2
  1  0  0.938300 -0.042361 -0.119455  0.271941  -5
  1  0  0.938300 -0.022990  0.202257  1.078469  -5
  1  0  0.938300 -0.153771  0.058181  0.477789  -3
  1  0  0.938300 -0.156974  0.035429  0.774631  -4
  1  0  0.938300  0.088355  0.119102  0.635492  -3
  1  0  0.938300 -0.369997  0.261325  0.224933  -7
  1  0  0.938300  0.149500 -0.030894  0.107778  -8
  1  0  0.938300 -0.490391  0.067709  0.408204  -3
  1  0  0.938300  0.151372  0.148743  0.833904  -6
  1  0  0.938300  0.161460 -0.255030  0.731380  -5
  1  0  0.938300  0.051525  0.018432  1.054264  -1
  1  0  0.938300 -0.105306  0.033317  0.578109  -5
  1  0  0.938300 -0.030221  0.142649  1.095357  -1
  1  1  0.938300  0.247587 -0.315684  0.344883  -3
  1  0  0.938300 -0.332445  0.255074  0.970186  -4
  1  0  0.938300 -0.091599  0.094010  0.517480  -5
  1  0  0.938300 -0.113978 -0.194372  0.742256  -1
  1  0  0.938300  0.021509 -0.186962 -0.004604  -7
  1  1  0.938300  0.743976 -0.024061  0.549921  -6
  1  0  0.938300  0.118571 -0.209446  0.381255  -8
  1  0  0.938300 -0.260217 -0.020702  0.684187  -4
  1  1  0.938300  0.048341  0.171565  0.285029  -5
  1  0  0.938300 -0.274647  0.167161  0.865268  -2
  1  0  0.938300 -0.635903  0.014348  0.449324  -3
  1  1  0.938300 -0.212815 -0.773987  0.518136  -5
  1  0  0.938300  0.210655  0.105771  0.292296  -2
  1  0  0.938300  0.124424 -0.276900  0.722667  -4
  1  0  0.938300 -0.102171 -0.530856  0.887703  -3
  1  0  0.938300 -0.172107 -0.028909  0.403719  -5
  1  0  0.938300 -0.250857 -0.143182  0.526313  -4
  1  0  0.938300  0.310494  0.134319  0.647705  -9
  1  0  0.938300 -0.275771 -0.189120  1.144993  -4
  1  0  0.938300 -0.245519 -0.052915  0.970782  -1
  1  0  0.938300  0.027383  0.098134  1.045473  -1
  1  0  0.938300 -0.110436 -0.225328  0.881684  -2
  1  0  0.938300 -0.047784  0.123574  0.369123  -3
  1  0  0.938300  0.025596  0.239064  0.424233  -3
  1  0  0.938300  0.194551  0.138949  0.455919  -4
  1  0  0.938300  0.141734  0.217210  0.451124  -4
  1  1  0.938300 -0.013305 -0.396792  0.561673  -8
  1  0  0.938300  0.386256 -0.242450  0.680279  -4
  1  0  0.938300  0.156064  0.097041  0.438354  -4
  1  0  0.938300 -0.171679  0.237000  0.398410  -5
  1  0  0.938300 -0.565824  0.213980  0.660324  -2
  1  0  0.938300 -0.036161 -0.015431  0.560129  -2
  1  0  0.938300  0.228793  0.179819  0.984214  -4