  1  1  0.938300  0.438098  0.179521  0.136310   3
  1  1  0.938300  0.059298 -0.015277  0.192211   1
  1  1  0.938300 -0.029506 -0.117139  0.071476   1
  1  1  0.938300 -0.220155 -0.092183  0.493479   3
  1  1  0.938300 -0.076611  0.782378  0.218312   3
  1  0  0.938300 -0.210230  0.055077  0.105416   4
  1  0  0.938300 -0.014579 -0.118171 -0.190377   1
  1  1  0.938300  0.502787 -0.115989  0.575299   7
  1  0  0.938300 -0.077533  0.171614  0.483431   5
  1  1  0.938300  0.173084 -0.229832  0.826761   3
  1  0  0.938300  0.096962  0.125481  0.138304   2
  1  1  0.938300  0.106064  0.032155  0.691592   2
  1  1  0.938300  0.187347  0.587085  0.504884   7
  1  1  0.938300  0.259436  0.195658  0.134204   5
  1  1  0.938300 -0.008110 -0.054151  0.178731   1
  1  1  0.938300 -0.183930 -0.242756  0.124482   7
  1  1  0.938300 -0.076593  0.221028  0.604675   4
  1  0  0.938300  0.350191  0.346030  0.165291   3
  1  1  0.938300 -0.046303 -0.031993  0.560728   5
  1  1  0.938300  0.323876 -0.260205  0.510693   2
  1  1  0.938300  0.301715 -0.181786  0.060863   3
  1  1  0.938300  0.283488 -0.612686  0.643712   3
  1  1  0.938300 -0.152435 -0.267548  0.517379   4
  1  1  0.938300 -0.105640  0.368158 -0.078634   4
  1  1  0.938300 -0.263246 -0.094611  0.479975   7
  1  1  0.938300 -0.265094 -0.086924  0.072532   4
  1  1  0.938300 -0.333527  0.205913  0.969493   9
  1  1  0.938300 -0.309999 -0.193507  0.641138   3
  1  1  0.938300  0.145791  0.026182  0.123582   3
  1  1  0.938300 -0.060179 -0.077551  0.069051   1
  1  1  0.938300  0.098053  0.502087  0.240816   2
  1  1  0.938300 -0.105232 -0.176373  0.636023   3
  1  0  0.938300 -0.112174  0.295792  0.716400   6
  1  1  0.938300 -0.012827 -0.170226  0.350747   8
  1  1  0.938300 -0.020612 -0.042661  0.149734   2
  1  1  0.938300  0.201711 -0.257460  0.537831   3
  1  1  0.938300 -0.021235  0.095513  0.070726   1
  1  1  0.938300 -0.035372  0.175653  0.407143   9
  1  1  0.938300 -0.242924 -0.214533  0.494957   5
  1  0  0.938300  0.370936  0.515078  0.746780   2
  1  1  0.938300  0.176965 -0.078552  0.265885   3
  1  1  0.938300 -0.443339  0.128702  0.462199   2
  1  1  0.938300 -0.271526 -0.005188 -0.111466   2
  1  1  0.938300 -0.028931  0.008312  0.385555   4
  1  1  0.938300  0.167399  0.015488  0.274670   2
  1  1  0.938300 -0.230373  0.083126  0.996045   3
  1  1  0.938300  0.095594  0.276222  0.249146   2
  1  1  0.938300 -0.136865  0.394364  1.038981   3
  1  1  0.938300  0.347165 -0.327885  0.597026   3
  1  1  0.938300 -0.275238  0.558489  0.320495   3
  1  1  0.938300 -0.449189  0.019198  0.234170   9
  1  1  0.938300  0.001820 -0.049680  0.300569   3
  1  1  0.938300 -0.137894 -0.284829  0.783755   3
  1  0  0.938300 -0.043473 -0.106412  0.331246   5
  1  1  0.938300 -0.490622  0.374522  0.153517   5
  1  1  0.938300  0.543154  0.218708  0.368916   4
  1  1  0.938300 -0.189474 -0.089782  0.004171   1
  1  1  0.938300  0.140302  0.132639  0.369354   9
  1  1  0.938300  0.042946 -0.007064  0.357583   6
  1  1  0.938300  0.101841  0.083889  0.001034   1
  1  1  0.938300 -0.065910 -0.197704  0.088067   2
  1  1  0.938300  0.165804 -0.316087  0.860070   5
  1  1  0.938300 -0.404014 -0.099017  0.160473   2
  1  1  0.938300 -0.084601 -0.087337  0.293230   2
  1  1  0.938300 -0.623788 -0.230300  0.939584   8
  1  1  0.938300  0.290167 -0.093692 -0.006376   4
  1  1  0.938300 -0.475171 -0.401919  0.389727   3
  1  1  0.938300  0.212636  0.109976  0.607124   3
  1  1  0.938300 -0.077444 -0.141160  0.366202   3
  1  1  0.938300 -0.249818  0.248561  0.159309   7
  1  1  0.938300  0.116772 -0.041128  0.369324   5
  1  0  0.938300  0.484892  0.091789  0.685701   2
  1  1  0.938300 -0.197719  0.293471  0.605205   6
  1  1  0.938300 -0.357598  0.445623  0.660598   2
  1  1  0.938300  0.311057  0.282641  0.680472   2
  1  1  0.938300  0.099177  0.181154  0.243689   2
  1  1  0.938300  0.333918 -0.287687  0.746669   6
  1  1  0.938300 -0.297920  0.109930  0.750088   8
  1  1  0.938300  0.002771 -0.299416  0.406456   2
  1  0  0.938300  0.141380 -0.007612  0.554853   4
  1  0  0.938300 -0.249372 -0.143819  0.023604   4
  1  0  0.938300 -0.413931  0.407586  0.451583  10
  1  0  0.938300  0.196108 -0.349689  0.377023   3
  1  0  0.938300 -0.166671  0.106592  0.726432   5
  1  0  0.938300 -0.015900  0.239778  0.833232   5
  1  0  0.938300 -0.112169  0.041408  0.017861   1
  1  0  0.938300 -0.075715 -0.390702  0.321002   2
  1  0  0.938300  0.157152 -0.207298  0.419566   9
  1  0  0.938300  0.012412 -0.108487  0.248795   6
  1  0  0.938300  0.423263 -0.464430 -0.071009   3
  1  0  0.938300  0.075417  0.426521 -0.052043   2
  1  0  0.938300 -0.076920  0.208984  0.431709   2
  1  0  0.938300  0.008654 -0.153090  0.082037   4
  1  0  0.938300 -0.257670 -0.489312  0.377065   4
  1  0  0.938300 -0.010145 -0.148137  0.497346   6
  1  0  0.938300  0.144828  0.070159  0.401195   3
  1  0  0.938300 -0.099491 -0.469352  0.841392   3
  1  0  0.938300  0.085106  0.437451 -0.319192   2
  1  0  0.938300 -0.191489 -0.017218  0.067545   4
  1  0  0.938300 -0.241864  0.163348  0.244491   3
  1  0  0.938300 -0.091386  0.291663 -0.021079   1
  1  0  0.938300  0.299942  0.431175  0.864170   4
  1  1  0.938300  0.152143  0.062428  0.032472   6
  1  0  0.938300 -0.015588  0.096131 -0.087709   1
  1  0  0.938300 -0.102281  0.113773  0.749365   3
  1  0  0.938300  0.072237  0.074856  0.438809   6
  1  0  0.938300 -0.132817 -0.115863  0.248323   1
  1  0  0.938300  0.051079  0.013271  0.300904   3
  1  0  0.938300  0.027514 -0.264462  0.481643   5
  1  0  0.938300 -0.118651  0.128709  0.457145  12
  1  0  0.938300 -0.278781 -0.102060  0.561995   4
  1  0  0.938300 -0.162342 -0.225444  0.124685   4
  1  0  0.938300 -0.105651  0.094982  0.104211  10
  1  0  0.938300  0.618203 -0.428877  0.843135   2
  1  0  0.938300 -0.014331  0.246213  0.443623   6
  1  0  0.938300 -0.011085 -0.137425  0.789974   7
  1  0  0.938300  0.149494  0.224827  0.197400  10
  1  0  0.938300 -0.499727 -0.218990  0.431961   5
  1  0  0.938300  0.187331  0.155655  0.357012   2
  1  0  0.938300 -0.393494 -0.191813  0.444213   3
  1  0  0.938300 -0.246358  0.224283  0.572063   2
  1  0  0.938300 -0.268863  0.338497  0.585851   2
  1  0  0.938300  0.135756 -0.142278  0.338211   3
  1  0  0.938300 -0.420847  0.084674  0.196707   3
  1  0  0.938300  0.432888  0.038130  0.599050   4
  1  0  0.938300 -0.378490 -0.063921  0.920886   5
  1  0  0.938300  0.154167  0.025128  0.425250   3
  1  0  0.938300  0.080597  0.056949  0.233151   2
  1  0  0.938300 -0.234075  0.038368  0.588175   3
  1  1  0.938300  0.531457  0.011646  0.577062   2
  1  0  0.938300 -0.022656  0.305157  0.332337   3
  1  1  0.938300  0.154770  0.279821  0.771377   9
  1  0  0.938300 -0.098319  0.163262  0.078082   2
  1  0  0.938300  0.496869  0.180656  0.681751   4
  1  0  0.938300  0.014529 -0.119204  0.141030   4
  1  0  0.938300 -0.083840  0.074121  0.393319   5
  1  0  0.938300 -0.166012 -0.456756  0.085250   4
  1  0  0.938300 -0.333625 -0.088040  0.220376   7
  1  0  0.938300  0.593880  0.465767  0.355148   2
  1  0  0.938300  0.452732  0.014270  0.527197   6
  1  0  0.938300 -0.288814  0.126141  0.341991  12
  1  0  0.938300  0.055970 -0.290493  0.767517   8
  1  0  0.938300  0.133570  0.002005  0.297349   4
  1  0  0.938300  0.078093 -0.304360  0.370210   1
  1  0  0.938300 -0.207704  0.248031  0.383773   5
  1  1  0.938300  0.307187  0.167512  0.233773   3
  1  0  0.938300 -0.295631 -0.060930  0.621875   3
  1  0  0.938300  0.212636  0.429790  0.731970   4
  1  0  0.938300 -0.222152  0.168036  0.022931   5
  1  0  0.938300  0.147979 -0.101533  0.753741   2
  1  0  0.938300 -0.066133 -0.061930  0.152634   2
  1  0  0.938300  0.202122 -0.090399  0.570081   2
  1  0  0.938300  0.032518  0.029356  0.045006   1
  1  0  0.938300  0.322510  0.084542  0.355272   4
  1  0  0.938300 -0.226562 -0.000593  0.224263   5
  1  0  0.938300  0.329641 -0.416531  0.200016   3
  1  0  0.938300  0.063365  0.214531  1.258464   7
  1  0  0.938300 -0.270717  0.391835  0.633824   3
  1  0  0.938300 -0.106239 -0.004224  0.287726   2
  1  0  0.938300  0.083748  0.209118  0.231281   2
  1  1  0.938300  0.035786 -0.135983  0.355435   6
  1  0  0.938300  0.206833 -0.512069  0.472262   5
  1  0  0.938300 -0.049499 -0.554620  0.449515   5
  1  0  0.938300  0.577444 -0.150001  0.082340   2
  1  0  0.938300 -0.542279  0.217018  0.570492   5
  1  0  0.938300 -0.032089 -0.012829  0.542008   3
  1  0  0.938300  0.064423 -0.027445 -0.053933   1
  1  0  0.938300 -0.027034 -0.243002  0.171869   4
  1  0  0.938300 -0.087284 -0.191258  0.070431   3
  1  0  0.938300  0.195047  0.316535  0.792312   3
  1  0  0.938300  0.267278 -0.049189  0.005175   7
  1  0  0.938300 -0.096744  0.096698  0.706940   2
  1  1  0.938300 -0.292203  0.003802  0.214747   2
  1  0  0.938300  0.042765 -0.126854  0.282125   2
  1  0  0.938300  0.409107 -0.151639  0.290994   4
  1  0  0.938300  0.232996  0.098076  0.203421   3
  1  0  0.938300  0.046657 -0.253115  0.567609   3
  1  0  0.938300  0.024816  0.350252  0.901948   4
  1  0  0.938300 -0.362504 -0.091514  0.212331   6
  1  0  0.938300  0.146928  0.097916  0.376427   2
  1  0  0.938300  0.251359 -0.137171  0.279079   4
  1  0  0.938300 -0.094608 -0.215667  0.942120   5
  1  0  0.938300  0.025264 -0.436652  0.467548   2
  1  0  0.938300  0.140460  0.008453  0.232968   1
  1  0  0.938300  0.033479 -0.232751  0.570535   3
  1  0  0.938300 -0.394335  0.003600  0.269136   3
  1  0  0.938300  0.092617 -0.048096  0.278131   4
  1  0  0.938300  0.480218 -0.261754  0.346558   3
  1  0  0.938300  0.316918  0.009750  0.824422   7
  1  0  0.938300  0.379147 -0.306975  0.686897   3
  1  0  0.938300 -0.577576 -0.069206  0.357982   4
  1  0  0.938300 -0.126304 -0.068619 -0.144032   1
  1  0  0.938300  0.417837 -0.155980  1.017450   3
  1  0  0.938300  0.208065 -0.518993  0.463153   3
  1  0  0.938300 -0.005410 -0.239022  0.730353   7
  1  0  0.938300  0.029207  0.282801  0.758881   3
  1  0  0.938300 -0.156655  0.175320  0.228290   4
  1  1  0.938300 -0.305941  0.265408  0.425986  -5
  1  1  0.938300  0.263957 -0.245111  0.400216  -5
  1  1  0.938300  0.324158  0.156439  0.441049  -3
  1  1  0.938300 -0.042288 -0.091642  1.074382  -1
  1  1  0.938300  0.354901 -0.227845  0.321928  -5
  1  0  0.938300 -0.077032  0.453601  0.403620  -8
  1  1  0.938300  0.096021 -0.154549  0.242439  -5
  1  1  0.938300  0.331519 -0.272827  0.953284  -2
  1  1  0.938300  0.177050 -0.072214  0.915782  -1
  1  1  0.938300  0.000118  0.019517  0.577945  -5
  1  1  0.938300 -0.193069 -0.099757  0.640655  -2
  1  1  0.938300 -0.447021 -0.071136  0.631005  -2
  1  1  0.938300  0.306665  0.246517  0.355283  -3
  1  1  0.938300  0.153597  0.203077  0.745957  -4
  1  1  0.938300 -0.449967 -0.280927  0.417813  -2
  1  1  0.938300 -0.499019 -0.158721  0.566622  -3
  1  1  0.938300 -0.459025 -0.100025  0.759177  -5
  1  1  0.938300 -0.266583  0.239913  0.543579  -7
  1  1  0.938300 -0.169569 -0.159069  0.919925  -1
  1  1  0.938300 -0.007855 -0.133775  0.377473  -6
  1  1  0.938300 -0.585292 -0.000973  0.428292  -2
  1  1  0.938300 -0.147353  0.036059  0.478625  -2
  1  1  0.938300 -0.061460 -0.236982  0.640931  -3
  1  1  0.938300  0.340082  0.398045  0.051515  -4
  1  1  0.938300 -0.120779 -0.171490  0.484286  -5
  1  1  0.938300  0.093741 -0.106981  0.337788  -4
  1  1  0.938300  0.000980  0.047677  0.325184  -4
  1  1  0.938300 -0.122410 -0.055445  0.310895  -3
  1  1  0.938300 -0.658800 -0.234721  0.707542  -7
  1  1  0.938300  0.056081 -0.104869  0.758643 -11
  1  1  0.938300 -0.149262  0.105097  0.185307  -2
  1  1  0.938300  0.045796 -0.234220  0.692275  -4
  1  1  0.938300  0.145233  0.251378  0.663085  -2
  1  1  0.938300  0.370972 -0.433710  0.813317  -2
  1  1  0.938300 -0.519593 -0.397043  1.033944  -2
  1  1  0.938300  0.241013  0.010799  0.363238  -3
  1  1  0.938300 -0.094452 -0.307849  0.399470  -3
  1  1  0.938300  0.251674 -0.016159  0.174091  -3
  1  1  0.938300  0.461734 -0.081621  0.543386  -7
  1  1  0.938300 -0.172501 -0.153221  0.157785  -5
  1  1  0.938300 -0.329407 -0.175677  0.984732  -3
  1  1  0.938300  0.023196 -0.151851  0.927798  -2
  1  1  0.938300  0.229219  0.540229  0.905515  -4
  1  1  0.938300 -0.175301  0.015205  1.015048  -4
  1  1  0.938300  0.459431  0.417063  0.322299  -5
  1  1  0.938300 -0.058813  0.274691  0.748897  -4
  1  1  0.938300 -0.135023  0.162422  0.073593  -4
  1  1  0.938300 -0.037381 -0.323980  0.789584  -3
  1  1  0.938300  0.082446  0.097965  0.518361  -4
  1  1  0.938300  0.089834  0.205846  0.572292  -6
  1  1  0.938300  0.121653  0.357123  0.114062  -8
  1  1  0.938300  0.106848 -0.157975  0.492045  -6
  1  1  0.938300  0.160763 -0.148542  0.738079  -3
  1  1  0.938300 -0.287249  0.085478  0.701700  -8
  1  1  0.938300 -0.228237 -0.359847  0.429357  -2
  1  1  0.938300  0.046547  0.155923  0.664701  -1
  1  1  0.938300  0.086489 -0.001786  0.736976  -2
  1  1  0.938300  0.011040  0.116962  0.279668  -7
  1  1  0.938300  0.091416 -0.463528  0.668379  -2
  1  0  0.938300 -0.110153  0.031829  0.364927  -3
  1  0  0.938300 -0.063292  0.197149  0.826930  -2
  1  1  0.938300 -0.018945  0.006699  0.883322  -1
  1  1  0.938300  0.051420 -0.071801  0.244514  -4
  1  1  0.938300 -0.091780 -0.265691  0.272002  -3
  1  1  0.938300 -0.130839  0.106325  1.060838  -1
  1  1  0.938300 -0.065470 -0.132155  0.919849  -1
  1  1  0.938300  0.172796 -0.263918  0.886302  -8
  1  1  0.938300 -0.394861 -0.160759 -0.214052  -5
  1  1  0.938300  0.209765  0.036892  0.343068  -2
  1  1  0.938300  0.088651  0.082442  1.017453  -1
  1  1  0.938300  0.078403  0.221526  0.594464  -3
  1  1  0.938300 -0.146264  0.284081  0.894249  -5
  1  1  0.938300  0.689257  0.179577  0.499054  -4
  1  1  0.938300 -0.195920  0.075266  0.772658  -2
  1  1  0.938300  0.450709 -0.104621  0.209749  -4
  1  1  0.938300  0.232069  0.180250  0.870375  -4
  1  1  0.938300  0.016701  0.018529  0.285337  -5
  1  1  0.938300 -0.018900  0.006488  0.313696 -10
  1  1  0.938300  0.217319  0.598989  0.586933  -3
  1  0  0.938300 -0.137110 -0.196075  0.815204  -1
  1  0  0.938300 -0.125602 -0.043188  0.139934  -5
  1  0  0.938300  0.240967 -0.079776  0.562866  -2
  1  0  0.938300 -0.081630 -0.410469  0.766814  -3
  1  0  0.938300 -0.035855  0.125404  1.120722  -5
  1  0  0.938300  0.113318  0.193072  0.366849  -3
  1  0  0.938300 -0.256981 -0.145821  0.830875  -2
  1  0  0.938300 -0.039840 -0.142732  0.379400  -7
  1  0  0.938300 -0.455513  0.604719  0.571417  -7
  1  0  0.938300  0.117274 -0.226157  0.597619  -3
  1  0  0.938300  0.452926  0.333885  0.367685  -6
  1  0  0.938300  0.012461  0.250017  0.442993  -5
  1  0  0.938300 -0.003072 -0.247362  0.566276  -3
  1  0  0.938300 -0.064630  0.260082  0.799719  -3
  1  0  0.938300  0.244302 -0.327580  0.507904  -2
  1  0  0.938300 -0.236204 -0.256009  0.503705  -5
  1  0  0.938300  0.067378 -0.304706  0.756376  -2
  1  0  0.938300 -0.042146 -0.157915  0.233342  -5
  1  0  0.938300  0.018906 -0.040218 -0.003270  -4
  1  0  0.938300 -0.231651  0.060280  0.992218  -2
  1  0  0.938300 -0.179652  0.048789  0.191803  -3
  1  0  0.938300 -0.242121 -0.112242  1.151950  -1
  1  0  0.938300 -0.084253 -0.246232  0.660583  -9
  1  0  0.938300  0.022906 -0.137354  0.347954  -3
  1  1  0.938300 -0.037122 -0.384534  0.811418  -5
  1  0  0.938300  0.039139  0.087848  0.530173  -2
  1  0  0.938300 -0.102845  0.485932  0.590747  -3
  1  0  0.938300  0.055667  0.452517  0.186503  -5
  1  0  0.938300  0.045031 -0.004152  1.044158  -1
  1  0  0.938300 -0.083670  0.091558  0.711523  -3
  1  0  0.938300 -0.175937  0.227855  0.448827  -5
  1  0  0.938300  0.645469  0.455708  0.555055  -4
  1  0  0.938300 -0.146399  0.353697  0.175875  -2
  1  1  0.938300 -0.087814  0.013536  0.566628  -5
  1  0  0.938300 -0.374500  0.013460  0.351877  -4
  1  1  0.938300 -0.102423 -0.035015  0.664858 -10
  1  0  0.938300  0.084027 -0.042181  0.020790  -3
  1  0  0.938300  0.364930  0.069380  0.800803  -2
  1  0  0.938300  0.009436 -0.451677  0.531001  -3
  1  0  0.938300  0.031077  0.228234  0.410083  -2
  1  0  0.938300  0.071331  0.327666  0.618291  -5
  1  0  0.938300 -0.258413  0.250719  0.455464  -2
  1  1  0.938300 -0.163345  0.025082  0.394035  -4
  1  0  0.938300  0.070612 -0.010478  0.838095  -1
  1  0  0.938300  0.165184 -0.468708  0.731846  -3
  1  0  0.938300 -0.224894  0.197588  0.418200  -6
  1  0  0.938300  0.007320  0.182715  0.243460  -2
  1  0  0.938300  0.233512 -0.146189 -0.082495  -3
  1  0  0.938300  0.308870 -0.236704  0.231921  -3
  1  0  0.938300 -0.143851  0.175857  0.572417  -3
  1  0  0.938300  0.202257 -0.013974  0.771902  -2
  1  0  0.938300 -0.395689  0.305532  0.389301  -4
  1  0  0.938300 -0.113087 -0.249786  0.600809  -4
  1  0  0.938300 -0.066845 -0.041409  0.920324  -1
  1  0  0.938300 -0.105672  0.211268  1.064550  -1
  1  0  0.938300 -0.042885 -0.079635  0.845948  -1
  1  0  0.938300 -0.312574 -0.174968  0.832959  -3
  1  1  0.938300  0.148482 -0.361796  0.433238  -6
  1  0  0.938300 -0.037833  0.108582  1.214368  -1
  1  0  0.938300 -0.141304  0.320782  0.717742  -2
  1  0  0.938300  0.117398  0.149388  0.820721  -2
  1  0  0.938300  0.017990  0.042363  0.976950  -1
  1  1  0.938300 -0.160435 -0.178771  0.491436  -7
  1  0  0.938300 -0.246514 -0.053998  0.380146  -6
  1  0  0.938300 -0.411620  0.132847  0.521977  -4
  1  0  0.938300 -0.244678  0.063180  0.702457  -5
  1  0  0.938300  0.073929 -0.202531  0.296515  -5
  1  0  0.938300 -0.297221  0.125950  0.743659  -7
  1  0  0.938300  0.270174 -0.482344  0.158120  -4
  1  0  0.938300 -0.082014  0.680728  0.690647  -4
  1  0  0.938300  0.020234 -0.023977  0.141994  -5
  1  0  0.938300  0.326679 -0.316991  0.493142  -4
  1  0  0.938300  0.307894  0.278948  0.186400  -5
  1  0  0.938300 -0.337215  0.173040  0.665882  -8
  1  0  0.938300  0.251065 -0.162441  0.087818  -2
  1  0  0.938300  0.046024 -0.005290  0.676938  -1
  1  0  0.938300 -0.096621  0.192544  0.391781  -6
  1  0  0.938300  0.424153  0.146762  0.547840  -3
  1  0  0.938300 -0.002662 -0.097567  1.166354  -1
  1  0  0.938300  0.153049  0.528511  0.765195  -3
  1  0  0.938300 -0.095510  0.340070  0.517333  -2
  1  0  0.938300  0.008894  0.004402  0.699325  -1
  1  0  0.938300  0.469707 -0.141389  0.603873  -5
  1  0  0.938300 -0.126173 -0.363156  0.304197  -5
  1  0  0.938300  0.031820 -0.221581  0.345802  -4
  1  0  0.938300  0.224479  0.366465  0.787160  -4
  1  0  0.938300  0.043088 -0.271441  0.697561  -2
  1  0  0.938300 -0.235397 -0.229799  0.952629  -2
  1  0  0.938300 -0.101356  0.492320  0.679043  -7
  1  0  0.938300  0.041813 -0.190304  0.484872  -6
  1  0  0.938300 -0.126308 -0.317679  0.806314  -2
  1  0  0.938300 -0.046247  0.100326  0.155263  -7
  1  0  0.938300  0.569540  0.078667  0.338236  -2
  1  0  0.938300  0.101135 -0.226203  0.680979  -7
  1  0  0.938300 -0.307988  0.156352  0.443764  -5
  1  0  0.938300 -0.003078  0.088258  1.017021  -1
  1  0  0.938300  0.317925  0.226076  0.090295  -4
  1  0  0.938300 -0.366533  0.108799  0.454899  -4
  1  0  0.938300 -0.274405  0.091872  0.707219  -3
  1  0  0.938300 -0.493276 -0.069709  0.527230  -8
  1  0  0.938300 -0.368824  0.291624  0.419180  -3
  1  0  0.938300 -0.256835 -0.157545  0.370711  -3
  1  0  0.938300  0.052437 -0.107311  0.195659  -4
  1  0  0.938300 -0.200504 -0.234530  0.183614  -3
  1  0  0.938300  0.286157 -0.005856  0.987358  -3
  1  0  0.938300  0.182961 -0.276134  0.922170  -5
  1  0  0.938300  0.193846 -0.003385  0.258101  -5
  1  0  0.938300  0.162144 -0.535662  0.786448  -5
  1  0  0.938300  0.053759  0.023855  0.759744  -2
  1  0  0.938300  0.214952  0.016632  0.706859  -4
  1  0  0.938300 -0.162927 -0.204208  0.679172  -2
  1  0  0.938300 -0.402407  0.378915  0.550379  -3
  1  0  0.938300 -0.057381 -0.228939  1.020032  -3
  1  0  0.938300 -0.184985  0.191844  0.975774  -1
  1  0  0.938300  0.208647  0.348181  0.065629  -3
  1  0  0.938300 -0.338175  0.065308  0.615883  -4
  1  0  0.938300  0.242240 -0.183176  0.498255  -4
  1  0  0.938300  0.475427  0.255654  0.643050  -3