  1  1  0.938300 -0.256730 -0.163831  0.747096   3
  1  1  0.938300 -0.001007 -0.120305  0.063434   5
  1  1  0.938300  0.062483 -0.043135 -0.052383   2
  1  1  0.938300 -0.012632 -0.324618 -0.116227   3
  1  1  0.938300  0.060165 -0.028039  0.278689   9
  1  1  0.938300 -0.252251  0.407011  0.726743   5
  1  1  0.938300 -0.390705 -0.128821  0.117940   3
  1  1  0.938300  0.170969 -0.112997  0.801376   5
  1  1  0.938300 -0.345198  0.571980  0.750426   5
  1  1  0.938300 -0.051334  0.032319  0.693037  11
  1  1  0.938300  0.039489  0.252333  0.628525   2
  1  1  0.938300 -0.050480 -0.127663 -0.063274   1
  1  1  0.938300 -0.461133 -0.389119  0.599479   2
  1  1  0.938300 -0.124622  0.062681  0.465039   4
  1  1  0.938300 -0.125991  0.584086  0.091984   3
  1  1  0.938300 -0.022336 -0.142998  0.495837   8
  1  1  0.938300 -0.283651  0.122620  0.209461   3
  1  1  0.938300 -0.145383 -0.159814  0.190177   1
  1  1  0.938300 -0.095259  0.063742  0.328504   2
  1  1  0.938300  0.060372 -0.275730  0.681082   8
  1  1  0.938300 -0.073966 -0.202516  0.274555   2
  1  1  0.938300  0.016393 -0.076707  0.469199   2
  1  1  0.938300 -0.291205  0.128076  0.503579   5
  1  1  0.938300  0.151283  0.271235  0.760060   3
  1  1  0.938300 -0.004023  0.255862  0.596835   8
  1  1  0.938300 -0.115269 -0.247671  0.007475   1
  1  1  0.938300  0.162502  0.291857 -0.087036   3
  1  1  0.938300  0.019157  0.152966  0.179872   3
  1  1  0.938300  0.285994  0.072734  1.324865   3
  1  1  0.938300  0.093703  0.202572  0.092748   6
  1  1  0.938300  0.131413  0.080450  0.801135   4
  1  1  0.938300 -0.008327 -0.287534  0.086778   1
  1  1  0.938300  0.063140 -0.151874  0.049838   4
  1  1  0.938300 -0.314333  0.176373  0.451307   6
  1  1  0.938300  0.134029  0.150462  0.341353   7
  1  1  0.938300 -0.061283  0.172684  0.120983   1
  1  0  0.938300 -0.379595 -0.544663  0.478734   7
  1  1  0.938300  0.468507  0.168812  0.389093   6
  1  1  0.938300  0.540196  0.221439  0.437631   3
  1  1  0.938300  0.449490  0.035183  0.611777   3
  1  1  0.938300 -0.325481  0.039264  0.142068   2
  1  1  0.938300  0.026340  0.131546  0.687354   3
  1  1  0.938300 -0.007502  0.056314 -0.089002   1
  1  0  0.938300  0.138699  0.140313  0.522711   6
  1  0  0.938300  0.255436  0.360710  0.325576   3
  1  1  0.938300  0.145400  0.077376  0.160992   4
  1  1  0.938300 -0.030256 -0.065968  0.339891   4
  1  1  0.938300 -0.151043  0.000845  0.647480   2
  1  1  0.938300 -0.304202  0.157998  0.459880   4
  1  1  0.938300 -0.069726 -0.090247  0.156383   1
  1  1  0.938300  0.317879  0.409558  0.674521   2
  1  1  0.938300 -0.112465  0.091581  0.187000   7
  1  1  0.938300  0.018136  0.121126  0.666851   5
  1  1  0.938300 -0.141784  0.164381  0.300391   2
  1  0  0.938300 -0.336163  0.044871  0.361720   4
  1  1  0.938300 -0.113981 -0.008779  0.342065   2
  1  1  0.938300 -0.205048 -0.022390  0.118469   1
  1  0  0.938300  0.340196  0.176450  0.751418   5
  1  1  0.938300 -0.011139 -0.219690  0.353919   3
  1  1  0.938300 -0.344784  0.512805  0.298130   6
  1  1  0.938300 -0.139922 -0.349810  0.383618   5
  1  1  0.938300 -0.570206  0.058854  0.601465   5
  1  1  0.938300 -0.109727  0.013519  0.349842   8
  1  1  0.938300  0.094649 -0.461056  0.653345   3
  1  1  0.938300  0.313362 -0.237211  0.358992   2
  1  1  0.938300  0.279059 -0.084863 -0.137546   2
  1  1  0.938300  0.198865 -0.305377  0.785566   7
  1  1  0.938300 -0.201699  0.174531  0.332827   3
  1  1  0.938300 -0.019878  0.071025  0.633064   3
  1  1  0.938300 -0.045383 -0.001257  0.558873   5
  1  1  0.938300  0.239226  0.218528  1.020280   3
  1  1  0.938300  0.075252  0.323880 -0.008170   5
  1  1  0.938300  0.127805 -0.208093  0.033133   3
  1  1  0.938300 -0.178227  0.263700  0.849923   5
  1  1  0.938300 -0.368760  0.448062 -0.348013   5
  1  1  0.938300 -0.058789  0.008903  0.527554   5
  1  1  0.938300  0.162697  0.289232  0.632294   7
  1  1  0.938300  0.095494 -0.072283  0.570825   4
  1  1  0.938300  0.106388 -0.033305 -0.089520   1
  1  0  0.938300 -0.251382 -0.195576  0.327663   2
  1  0  0.938300 -0.212584 -0.120200  0.483159   2
  1  0  0.938300  0.062720  0.151675  0.160776   2
  1  0  0.938300  0.260004 -0.194755  0.154665   5
  1  0  0.938300 -0.170277  0.011795  0.358914   4
  1  0  0.938300 -0.526101 -0.378465  0.718134   3
  1  0  0.938300  0.393577 -0.346262  0.006744   5
  1  0  0.938300 -0.270014 -0.134899  0.053149   2
  1  0  0.938300  0.036291  0.646602  0.727546   7
  1  0  0.938300  0.419705  0.543831  0.407819   4
  1  0  0.938300 -0.330710  0.255533  0.500638   4
  1  0  0.938300  0.186752 -0.258325  0.678809   2
  1  0  0.938300  0.123171 -0.034536  0.095976   1
  1  0  0.938300  0.074092  0.154576  0.436058   8
  1  0  0.938300  0.132758 -0.376307  0.688166   4
  1  1  0.938300 -0.084930  0.321252  1.018388   9
  1  0  0.938300 -0.202126 -0.192400  0.252066   2
  1  0  0.938300  0.090207  0.139348  0.204423   1
  1  0  0.938300 -0.416178  0.138125  0.366914   1
  1  0  0.938300 -0.444153 -0.046772  0.396307   4
  1  0  0.938300  0.085265 -0.156303  0.562554   5
  1  0  0.938300  0.227927  0.471763  0.600350   2
  1  0  0.938300  0.387638 -0.281921  0.269990   2
  1  0  0.938300  0.485198  0.226046  0.425087   2
  1  0  0.938300  0.239614  0.094869  0.145998   3
  1  0  0.938300  0.085083 -0.254108  0.096250   4
  1  1  0.938300  0.047784  0.111125  0.225439   3
  1  0  0.938300  0.060145  0.001222 -0.069195   1
  1  0  0.938300 -0.118731  0.174778  0.436572   4
  1  0  0.938300 -0.175477  0.049886  0.441365   8
  1  1  0.938300  0.007131  0.262358  0.723550   4
  1  0  0.938300  0.081942 -0.096892  0.041389   4
  1  0  0.938300 -0.166687 -0.102274  0.170197   3
  1  0  0.938300 -0.804460  0.444256  0.934359   2
  1  0  0.938300 -0.431880 -0.087777  0.627133   8
  1  0  0.938300 -0.060696  0.098239  0.133330   1
  1  0  0.938300 -0.249015 -0.070752 -0.174932   2
  1  0  0.938300  0.079840 -0.091958  0.585537   4
  1  0  0.938300  0.159364  0.249688  0.725933   9
  1  0  0.938300 -0.304143  0.606793  0.739023   5
  1  0  0.938300 -0.036676  0.118284  0.501579   4
  1  0  0.938300  0.086310  0.346657  0.668723   2
  1  0  0.938300 -0.032345 -0.055007  0.847928   2
  1  0  0.938300  0.195657  0.069938  0.019185   1
  1  0  0.938300 -0.164756 -0.096908  0.707071   3
  1  0  0.938300 -0.021948  0.190803  0.069595   1
  1  0  0.938300 -0.012767  0.111105  0.724695   6
  1  0  0.938300 -0.102140 -0.334310  0.493572   4
  1  0  0.938300 -0.168893  0.068215 -0.024507   1
  1  0  0.938300 -0.112667 -0.131336  0.257987   3
  1  0  0.938300 -0.261188 -0.210179  0.467817   4
  1  0  0.938300 -0.227320  0.135449  0.029779   1
  1  0  0.938300 -0.321560 -0.010466  0.095722   4
  1  0  0.938300  0.126317 -0.149982  0.522425   8
  1  0  0.938300  0.016286 -0.250388  0.116963   7
  1  0  0.938300  0.244812 -0.278930  1.205214   3
  1  0  0.938300  0.182342 -0.029332  0.247577   2
  1  0  0.938300  0.583565 -0.027793  0.834763   3
  1  0  0.938300 -0.241082 -0.128089 -0.026001   3
  1  0  0.938300  0.064009  0.664838  0.450786   4
  1  1  0.938300  0.189418  0.375336  0.693659   7
  1  0  0.938300 -0.436760 -0.426186  0.435505   3
  1  0  0.938300 -0.108319  0.153237  0.137376   3
  1  1  0.938300 -0.150945  0.017428 -0.049456   4
  1  0  0.938300 -0.298265 -0.644485  0.802112   7
  1  0  0.938300 -0.053552  0.062559 -0.258612   1
  1  0  0.938300 -0.205954  0.492884  0.731917   5
  1  1  0.938300  0.361062  0.091353  0.251747   7
  1  0  0.938300 -0.323011 -0.384534  0.176751   7
  1  0  0.938300  0.011621  0.266086  0.050925   1
  1  0  0.938300 -0.158187  0.300995  0.245012   3
  1  0  0.938300  0.136901 -0.067591  0.733460   3
  1  1  0.938300 -0.164781 -0.059934  0.280450   4
  1  0  0.938300  0.253125  0.079680  1.091565   2
  1  0  0.938300  0.023472  0.038255  0.248743   1
  1  1  0.938300  0.119157  0.261737  0.845687  11
  1  0  0.938300 -0.023779 -0.017464  0.201538   1
  1  0  0.938300 -0.133744 -0.119212  0.472238   3
  1  0  0.938300 -0.191264  0.123553  0.288219   3
  1  0  0.938300  0.043699 -0.265060  0.569592   6
  1  0  0.938300 -0.001309 -0.124370  0.266820   4
  1  0  0.938300  0.068728  0.125015  0.319763   3
  1  0  0.938300 -0.003853  0.181879  0.261257   2
  1  0  0.938300 -0.074094  0.078871  0.524966   5
  1  0  0.938300 -0.046594 -0.357872  0.364227   3
  1  0  0.938300  0.146491  0.026901  0.050042   1
  1  0  0.938300  0.443107 -0.531974  0.443905   5
  1  0  0.938300  0.157743 -0.399974  0.302008   5
  1  1  0.938300 -0.058529  0.327541  0.703982   3
  1  0  0.938300  0.271328  0.030079 -0.262418   1
  1  0  0.938300  0.281436 -0.371417  0.428382   5
  1  0  0.938300 -0.339566  0.303226  0.132469   2
  1  0  0.938300  0.135510 -0.172955  0.628792   3
  1  0  0.938300 -0.403747  0.062210  0.717221   5
  1  0  0.938300 -0.159507  0.223875  0.658766   4
  1  0  0.938300  0.190718 -0.137152  0.509223   3
  1  0  0.938300 -0.169807 -0.031010  0.050182   5
  1  0  0.938300 -0.418144 -0.330686  0.395711   2
  1  0  0.938300 -0.192721 -0.269077  0.314870   3
  1  0  0.938300  0.382774  0.128614  0.267674   5
  1  0  0.938300  0.044995 -0.014818  0.065105   1
  1  0  0.938300  0.134623 -0.090007  0.504369   3
  1  0  0.938300  0.250890  0.154771  0.153611   2
  1  1  0.938300  0.200185  0.608604  0.379426   5
  1  0  0.938300  0.510705  0.038061  0.928446   6
  1  0  0.938300  0.061775  0.209215  0.612163   4
  1  0  0.938300  0.040101 -0.373959  0.263140   3
  1  0  0.938300 -0.301045 -0.315709  0.299069   4
  1  0  0.938300 -0.064174  0.341330  0.121253   7
  1  0  0.938300  0.216210  0.147458  0.533774   4
  1  0  0.938300  0.310080 -0.134865  0.420082   5
  1  0  0.938300 -0.002110  0.065080  0.029000   1
  1  0  0.938300  0.021970  0.023597  0.214415   2
  1  0  0.938300  0.235479  0.244841  0.674386   2
  1  0  0.938300  0.277652 -0.147950  0.370625   5
  1  0  0.938300 -0.185809 -0.077335 -0.001844   3
  1  0  0.938300  0.209778  0.545639  0.450539   3
  1  0  0.938300 -0.391464  0.101640  0.142476   5
  1  1  0.938300 -0.204021  0.060878  0.307612  -2
  1  1  0.938300  0.387869 -0.411514  0.450896  -3
  1  1  0.938300 -0.139281 -0.085492 -0.090772  -4
  1  1  0.938300  0.058366 -0.043097  0.992334  -1
  1  1  0.938300  0.042611  0.016618  0.563704  -4
  1  1  0.938300  0.028934 -0.063597  0.812844  -2
  1  1  0.938300 -0.013384 -0.029321  0.567942  -1
  1  1  0.938300 -0.232177  0.403200  0.414332  -5
  1  1  0.938300  0.013018 -0.208580  0.145698  -3
  1  1  0.938300  0.118034 -0.027551  0.381558  -4
  1  0  0.938300 -0.447989 -0.270840  0.553227  -7
  1  0  0.938300  0.560979  0.014033  0.261516  -4
  1  1  0.938300  0.007944 -0.209663  0.769803  -2
  1  1  0.938300 -0.419524  0.139333  0.252626  -3
  1  1  0.938300 -0.024890  0.032550  0.531380  -3
  1  1  0.938300 -0.240067 -0.402977  0.891912  -2
  1  0  0.938300 -0.009877  0.113669  0.850471  -1
  1  1  0.938300  0.156767 -0.050677  0.507635  -3
  1  1  0.938300 -0.268496 -0.218911  0.209651  -4
  1  1  0.938300  0.272538  0.262291  0.776011  -4
  1  0  0.938300  0.142608 -0.136099  0.484775  -2
  1  1  0.938300  0.015574 -0.043350  0.598975  -1
  1  0  0.938300  0.031085 -0.281389  0.540228  -4
  1  0  0.938300 -0.347534 -0.287223  0.466525  -2
  1  1  0.938300 -0.094902  0.049233  0.348498  -5
  1  1  0.938300 -0.291417  0.310311  0.580017  -6
  1  1  0.938300 -0.193072 -0.292564  0.578769  -4
  1  0  0.938300 -0.578593  0.026962  0.540779  -7
  1  1  0.938300  0.471501  0.163365  0.404671  -2
  1  0  0.938300  0.462222  0.336441  0.285583  -4
  1  1  0.938300  0.093261 -0.080789  1.048974  -1
  1  1  0.938300  0.135940 -0.426764  0.573380  -3
  1  1  0.938300 -0.243470 -0.301197  0.673336  -5
  1  1  0.938300  0.327722 -0.067698  0.699578  -2
  1  1  0.938300 -0.118905  0.430471  0.504036  -5
  1  1  0.938300 -0.305919 -0.410256  0.473537  -4
  1  0  0.938300  0.340939  0.935537  1.451038  -8
  1  1  0.938300 -0.516286 -0.041107  0.576640  -5
  1  1  0.938300  0.136171  0.171634  0.388774  -2
  1  1  0.938300 -0.383689  0.157032  0.661874  -2
  1  1  0.938300  0.254048 -0.084700  0.230589  -2
  1  1  0.938300  0.145994 -0.636395  0.664320  -4
  1  1  0.938300 -0.172223 -0.390165  1.022728  -2
  1  1  0.938300 -0.147097 -0.216665  0.839783  -2
  1  1  0.938300 -0.258416  0.157450  0.593974  -2
  1  1  0.938300 -0.230261  0.144244  0.182118  -4
  1  1  0.938300 -0.100964 -0.335580  0.181611  -2
  1  1  0.938300 -0.190517  0.371824  0.467917  -2
  1  1  0.938300 -0.034739  0.006533  1.094051  -1
  1  1  0.938300 -0.507938  0.315312  0.184020  -2
  1  1  0.938300 -0.123743  0.048960  0.815097  -1
  1  1  0.938300  0.005223  0.164856  0.407487  -4
  1  1  0.938300 -0.048068  0.046115  0.882269  -1
  1  0  0.938300 -0.190044 -0.015685  0.451930  -6
  1  1  0.938300 -0.064285  0.256214  0.339840 -10
  1  1  0.938300  0.682848 -0.135453  0.931278  -5
  1  1  0.938300 -0.167667  0.244481  0.327203  -3
  1  1  0.938300  0.757677 -0.441202  0.963245  -2
  1  1  0.938300 -0.086635 -0.033429  0.864580  -5
  1  0  0.938300 -0.534168  0.180870  0.603801  -6
  1  1  0.938300  0.147280  0.050996  0.737806  -1
  1  0  0.938300 -0.669931  0.601427  0.746924  -6
  1  1  0.938300 -0.450937 -0.081031  0.256245  -6
  1  1  0.938300  0.166078  0.017482  0.796160  -2
  1  1  0.938300 -0.456311  0.012156  0.152039  -3
  1  1  0.938300  0.045366 -0.010938  0.762842  -2
  1  1  0.938300 -0.391173 -0.178662  0.462632  -2
  1  1  0.938300  0.226637  0.322159  0.304617  -3
  1  1  0.938300  0.148281  0.098975  0.730761  -3
  1  1  0.938300 -0.034333 -0.025692  0.761469  -3
  1  1  0.938300  0.045868  0.100090  0.451615  -5
  1  1  0.938300  0.245208 -0.006877  0.650898  -2
  1  1  0.938300 -0.066911 -0.008277  0.253688  -4
  1  1  0.938300  0.051497 -0.071635  0.374077  -7
  1  1  0.938300 -0.147126  0.416168  0.448930  -4
  1  1  0.938300 -0.159845 -0.146855  0.465741  -7
  1  1  0.938300  0.202815  0.235728  0.121960  -3
  1  1  0.938300  0.402796  0.205709  0.294694  -7
  1  1  0.938300 -0.002494 -0.483382  0.542869  -4
  1  0  0.938300  0.155086 -0.315619  0.684269  -2
  1  0  0.938300  0.001900 -0.336646  0.584200  -3
  1  0  0.938300 -0.139446  0.086297  0.830209  -1
  1  1  0.938300  0.207700  0.178016  0.256172  -3
  1  1  0.938300  0.281464 -0.203245 -0.208566  -3
  1  0  0.938300 -0.066032 -0.218311  0.222680  -5
  1  0  0.938300  0.030033  0.329688  0.742833  -2
  1  0  0.938300 -0.331416 -0.327156  0.773579  -4
  1  0  0.938300 -0.139079 -0.384846  0.809227  -3
  1  0  0.938300 -0.040670  0.210562  0.339577  -2
  1  0  0.938300  0.081604  0.064496  0.554018  -5
  1  0  0.938300  0.221902 -0.015100  0.750335  -1
  1  0  0.938300  0.065405  0.035223  0.776809  -3
  1  1  0.938300  0.298910 -0.388921  1.070027  -8
  1  0  0.938300  0.121409  0.434482  0.397379  -7
  1  0  0.938300  0.589713  0.115234  0.912888  -3
  1  0  0.938300  0.490383 -0.516491  0.377034  -3
  1  0  0.938300 -0.077593  0.276745  0.669395  -4
  1  0  0.938300 -0.138871  0.286100  0.367501  -6
  1  0  0.938300  0.549103 -0.233319  0.868987  -5
  1  0  0.938300  0.058966 -0.387243  0.713946  -4
  1  0  0.938300 -0.051288  0.072598  0.878147  -1
  1  0  0.938300  0.052624  0.281375  0.652971  -7
  1  0  0.938300  0.079149 -0.032462  0.926531  -1
  1  0  0.938300  0.068231  0.354016  0.464200  -3
  1  0  0.938300 -0.018929  0.189271  0.827324  -7
  1  0  0.938300 -0.216169  0.155028  1.354664  -3
  1  0  0.938300 -0.081128 -0.168376  1.081570  -2
  1  0  0.938300 -0.022233 -0.156796  1.055324  -1
  1  0  0.938300 -0.011100 -0.204208  0.071876  -5
  1  0  0.938300 -0.015628 -0.176461  0.270769  -2
  1  0  0.938300 -0.179032 -0.157360  0.262294  -6
  1  0  0.938300  0.289896  0.072502  0.213243  -2
  1  0  0.938300 -0.255545  0.167213  0.832288  -6
  1  0  0.938300  0.274683  0.141464  0.347109  -2
  1  0  0.938300  0.056940 -0.280243  0.381890  -7
  1  0  0.938300 -0.613769  0.028103  0.653790  -3
  1  0  0.938300 -0.050939  0.008109  0.287365  -3
  1  0  0.938300  0.464873  0.018406  0.413790  -6
  1  0  0.938300  0.144498 -0.163653  0.379248  -6
  1  0  0.938300  0.081910 -0.198824  0.574843  -2
  1  0  0.938300  0.029112  0.040071  0.928744  -1
  1  0  0.938300  0.171218 -0.460468  0.799873  -3
  1  0  0.938300  0.345258  0.121434  0.643743  -5
  1  0  0.938300  0.121128 -0.154120  0.883915  -1
  1  0  0.938300  0.312429 -0.264295 -0.053361  -7
  1  0  0.938300  0.298274  0.182229  0.322298  -4
  1  0  0.938300 -0.067186  0.188116  0.403273  -4
  1  0  0.938300  0.001083 -0.131998  0.753690  -2
  1  0  0.938300 -0.510482  0.223760  0.683638  -5
  1  0  0.938300 -0.228814 -0.060369  1.087459  -2
  1  0  0.938300 -0.054100  0.044888  0.818658  -1
  1  0  0.938300  0.060198 -0.061532  0.471968  -5
  1  1  0.938300  0.047724  0.348461  0.217315  -4
  1  0  0.938300  0.032422 -0.119978  0.272547  -4
  1  0  0.938300 -0.121564  0.107217  0.780460  -8
  1  0  0.938300  0.216224 -0.337979  0.430694  -6
  1  0  0.938300  0.252836  0.048682  0.158198  -4
  1  1  0.938300 -0.237423  0.021119  0.282781  -6
  1  0  0.938300 -0.266736  0.133883  0.458038  -3
  1  0  0.938300  0.342309  0.045287  0.203091  -4
  1  0  0.938300  0.041751 -0.371409  0.975378  -2
  1  0  0.938300 -0.284749  0.256613  0.557056  -2
  1  1  0.938300 -0.030209 -0.167809  0.702064  -7
  1  0  0.938300 -0.030121 -0.384818  0.455056  -6
  1  0  0.938300  0.242669 -0.116768  0.222595  -5
  1  1  0.938300  0.296047 -0.271023  0.556199  -7
  1  0  0.938300 -0.290609 -0.042053  0.379603  -5
  1  0  0.938300  0.043540  0.110315  0.382132  -3
  1  0  0.938300  0.069751 -0.062616  1.041914  -1
  1  0  0.938300 -0.174990 -0.227516  0.117304  -2
  1  0  0.938300  0.225304  0.018894  0.321436  -6
  1  0  0.938300  0.004809  0.133344  0.836050  -1
  1  0  0.938300 -0.099802  0.046577  0.848720  -2
  1  0  0.938300 -0.067926 -0.020703  0.581803  -6
  1  0  0.938300  0.424173 -0.083442  0.698158  -3
  1  0  0.938300  0.516819  0.082365  1.460149  -2
  1  0  0.938300 -0.038507  0.193931  0.721248  -3
  1  0  0.938300 -0.080261 -0.287839  0.157986  -3
  1  0  0.938300 -0.342581 -0.176216  0.013332  -9
  1  0  0.938300  0.027676  0.112426  0.442171  -5
  1  0  0.938300 -0.286318 -0.032984  0.697047  -2
  1  0  0.938300  0.236574 -0.159341  1.195573  -6
  1  0  0.938300  0.029904  0.223936  0.725654  -2
  1  0  0.938300 -0.259632 -0.186023  0.328561  -3
  1  1  0.938300 -0.283661  0.309625  0.381785  -3
  1  0  0.938300  0.049765  0.160757  0.190817  -2
  1  0  0.938300  0.181173  0.023255  0.656371 -11
  1  0  0.938300 -0.238332  0.030253  0.762455  -4
  1  0  0.938300  0.036196 -0.492152  0.853939  -2
  1  1  0.938300  0.199154  0.127843  0.567913  -5
  1  0  0.938300  0.193797 -0.059273  0.565457  -4
  1  0  0.938300  0.056998 -0.023254  0.317510  -7
  1  0  0.938300  0.137489  0.365984  0.627102  -9
  1  0  0.938300  0.020350  0.317125  0.612613  -2
  1  0  0.938300 -0.065082 -0.384259  0.681596  -3
  1  0  0.938300 -0.092947 -0.643131  0.344447  -3
  1  0  0.938300  0.007298 -0.184645  0.679057  -4
  1  0  0.938300 -0.002652  0.062386  1.131426  -1
  1  0  0.938300  0.096667  0.225223  0.711056  -2
  1  0  0.938300 -0.181530  0.091349  0.800818  -1
  1  0  0.938300  0.062200  0.026775  0.308851  -5
  1  0  0.938300  0.027183 -0.301039  0.492274  -6
  1  0  0.938300 -0.204131  0.150222  0.425168  -3
  1  0  0.938300  0.144885  0.023581  0.649710  -6
  1  0  0.938300  0.004348  0.518408  1.085519  -3
  1  0  0.938300  0.133689 -0.119159  0.601476  -7
  1  0  0.938300  0.249405  0.518053  0.276727  -2
  1  0  0.938300 -0.290241  0.312818  0.564548  -3
  1  0  0.938300 -0.241416 -0.319921  0.547297  -3
  1  0  0.938300 -0.093064 -0.075527  0.656529  -1
  1  0  0.938300  0.191853  0.322944  0.074179  -4
  1  0  0.938300  0.405167 -0.277477  0.484551  -5
  1  0  0.938300 -0.070870 -0.023257  0.985307  -1
  1  1  0.938300  0.580888  0.043331  0.557629  -4
  1  0  0.938300  0.011039 -0.000892  0.414333  -4
  1  0  0.938300  0.507273 -0.430419  0.551058  -2
  1  0  0.938300 -0.367967 -0.352555  0.253887  -5