  1  1  0.938300  0.252996 -0.039508  0.369415   2
  1  1  0.938300 -0.187791  0.043871  0.775843   4
  1  1  0.938300  0.032138  0.335561  0.872175   2
  1  1  0.938300  0.487501  0.548809 -0.065184   2
  1  0  0.938300  0.162892 -0.066796  0.283360   6
  1  0  0.938300  0.254091  0.200525  1.069445   4
  1  1  0.938300  0.543510  0.111456  0.245466   2
  1  1  0.938300 -0.323426  0.105378  0.021111   3
  1  1  0.938300  0.082754 -0.445004  0.572627   7
  1  1  0.938300 -0.079894 -0.250632 -0.169056   2
  1  1  0.938300  0.232788  0.146135  0.034036   1
  1  1  0.938300  0.301231 -0.074386  0.489650   3
  1  1  0.938300 -0.319710 -0.002177  0.736495   5
  1  0  0.938300 -0.064148  0.043157 -0.255707   2
  1  1  0.938300  0.220974  0.361183  0.636175   2
  1  1  0.938300  0.220990 -0.443015  0.754821   4
  1  1  0.938300 -0.108910  0.180470  0.353728   3
  1  1  0.938300 -0.114818  0.046868  0.110820   1
  1  1  0.938300 -0.120791  0.012083  0.254889   5
  1  1  0.938300  0.272036 -0.341017 -0.121850   4
  1  1  0.938300  0.167351  0.144907  0.663470   3
  1  1  0.938300 -0.231648  0.188412  0.310356   4
  1  1  0.938300  0.128105 -0.235572  0.824254   8
  1  1  0.938300  0.018589 -0.117033 -0.027258   1
  1  0  0.938300 -0.157305  0.212638  0.780993   5
  1  1  0.938300  0.309136  0.135214  0.085251  10
  1  1  0.938300  0.001661  0.397263  0.596339   4
  1  0  0.938300  0.415549 -0.223713  0.646144   7
  1  0  0.938300 -0.377084  0.207451  0.596757  10
  1  1  0.938300  0.471832  0.147071  0.374700   2
  1  1  0.938300 -0.018907  0.104382  0.287185   5
  1  1  0.938300  0.061347 -0.000741  0.036163   1
  1  1  0.938300  0.378405 -0.114916  0.287889   2
  1  1  0.938300 -0.171177 -0.200378  0.442196   2
  1  1  0.938300 -0.524308 -0.250065  0.683650   5
  1  1  0.938300 -0.129449 -0.037397  0.129289   1
  1  0  0.938300  0.226108  0.011031  0.197446   2
  1  1  0.938300 -0.585740  0.115606  0.591242  11
  1  1  0.938300  0.219472  0.031576  1.049048   4
  1  1  0.938300  0.096191 -0.288606  0.908268   3
  1  1  0.938300 -0.626231  0.149354  0.575630   4
  1  1  0.938300 -0.076604 -0.009719  0.777357   3
  1  1  0.938300 -0.030813 -0.288186  0.382724   3
  1  1  0.938300 -0.092240 -0.315963  0.201607   2
  1  1  0.938300 -0.532963 -0.058169  0.422969   2
  1  1  0.938300 -0.604427 -0.432726  1.208835   4
  1  1  0.938300  0.004119 -0.200731  0.686840   4
  1  1  0.938300  0.023602  0.154987  0.144711   1
  1  1  0.938300  0.185394  0.437199  0.440657   4
  1  1  0.938300 -0.242009 -0.208910 -0.032843   4
  1  1  0.938300  0.125650  0.208373  0.182657   1
  1  1  0.938300 -0.569118 -0.284133  0.485612   5
  1  1  0.938300 -0.053999  0.394563  0.337007   4
  1  0  0.938300  0.302341  0.048135  0.788122   8
  1  1  0.938300  0.081730  0.162289  0.481508   8
  1  1  0.938300 -0.516106  0.283461  0.231039   3
  1  1  0.938300 -0.189051  0.199700  0.829067   5
  1  1  0.938300 -0.089143 -0.294613  0.230729   2
  1  0  0.938300 -0.341032 -0.179827  0.398737   8
  1  1  0.938300 -0.026290 -0.260072  0.657528   3
  1  1  0.938300 -0.506530  0.210316  0.549413   2
  1  1  0.938300 -0.182913  0.090776  0.122608   1
  1  1  0.938300  0.548273 -0.164286  0.288064   2
  1  1  0.938300  0.046410 -0.286712  0.716884   4
  1  1  0.938300  0.175554  0.025775  0.012509   1
  1  1  0.938300  0.382248 -0.186845  0.498840   2
  1  1  0.938300  0.004445  0.116857  0.870358   4
  1  1  0.938300 -0.107880 -0.125886  0.874210   7
  1  1  0.938300  0.273966 -0.241293  0.593877   6
  1  1  0.938300 -0.147921 -0.250112  0.307034   3
  1  0  0.938300  0.031976 -0.264734  0.338994   7
  1  1  0.938300 -0.438214 -0.413525  0.583086   4
  1  1  0.938300 -0.207125  0.272789  0.792873   3
  1  1  0.938300  0.098056 -0.309649  0.888458   7
  1  1  0.938300  0.059980  0.182741  0.528478   2
  1  1  0.938300  0.090745 -0.028394  0.204519   1
  1  1  0.938300  0.543240  0.350676  0.089260   4
  1  1  0.938300  0.188136 -0.337919  0.427771   4
  1  1  0.938300  0.046652  0.267038  0.253242   4
  1  0  0.938300  0.189497 -0.189715  0.232482   3
  1  0  0.938300  0.082834 -0.187661  0.681959   4
  1  0  0.938300  0.104188  0.324421  0.586802   7
  1  0  0.938300 -0.390603 -0.280933  0.003693   4
  1  0  0.938300 -0.177549  0.090333  0.824556   4
  1  0  0.938300  0.071540 -0.111449  0.849164   3
  1  0  0.938300  0.011822 -0.307895  0.878517   4
  1  0  0.938300 -0.065246 -0.522614  0.200632   8
  1  0  0.938300  0.054693  0.252137  0.359223   3
  1  0  0.938300  0.234995  0.033053  0.341540   6
  1  0  0.938300 -0.145277  0.388562  0.470121   5
  1  0  0.938300 -0.181904  0.026959  0.304749   4
  1  0  0.938300  0.054729 -0.511083  0.419770   4
  1  0  0.938300 -0.216127  0.034720  1.075070   3
  1  0  0.938300 -0.241341  0.041555  0.147511   1
  1  0  0.938300 -0.028359 -0.041362 -0.062727   1
  1  0  0.938300  0.051940 -0.188308  0.074040   1
  1  0  0.938300 -0.064095  0.408523  0.566309   9
  1  1  0.938300 -0.050851  0.420967  0.556776   6
  1  1  0.938300  0.045011 -0.200960  0.167441   4
  1  0  0.938300  0.162126  0.052678  0.279274   4
  1  0  0.938300  0.242949 -0.187230  0.263449   3
  1  0  0.938300 -0.014172  0.210180  0.077266   2
  1  0  0.938300  0.216221 -0.006927  0.796567   5
  1  0  0.938300 -0.134184  0.106084  0.259966  11
  1  0  0.938300 -0.292521 -0.360630  0.430222   2
  1  0  0.938300  0.070989  0.044601 -0.057152   1
  1  0  0.938300 -0.278165  0.167876  0.860198   7
  1  0  0.938300 -0.245373  0.163701  0.153218   5
  1  0  0.938300 -0.006102 -0.054321 -0.073126   1
  1  0  0.938300  0.147879  0.076481  0.755134   4
  1  0  0.938300  0.213618  0.083644  0.168152   1
  1  0  0.938300  0.009936  0.345716  0.523982   3
  1  0  0.938300  0.242273 -0.076816  0.252295   3
  1  0  0.938300 -0.258623  0.278235  0.511568   2
  1  0  0.938300 -0.091286  0.035710  1.056143   5
  1  0  0.938300  0.102404 -0.307792  0.393616   5
  1  0  0.938300  0.149406 -0.366185  0.781050   4
  1  1  0.938300 -0.252444 -0.161120  0.051836   2
  1  0  0.938300  0.250860  0.052417  0.340584   3
  1  0  0.938300  0.120627 -0.040657  0.075454   5
  1  0  0.938300  0.327678  0.312641  0.533094   2
  1  0  0.938300  0.133973 -0.361413  0.456919   2
  1  0  0.938300 -0.044760 -0.009793  0.541466   4
  1  0  0.938300 -0.590965 -0.322700  0.213624   2
  1  0  0.938300  0.187926  0.310397  0.398840   6
  1  0  0.938300  0.114290  0.236391  0.723809   4
  1  0  0.938300  0.149849  0.066275  0.056350   1
  1  0  0.938300  0.089549  0.171860  0.536847   7
  1  0  0.938300 -0.011048  0.204029  0.418940   3
  1  0  0.938300 -0.271363 -0.173871  0.514219   2
  1  0  0.938300 -0.255603  0.309722  0.931420   2
  1  0  0.938300  0.021430 -0.608412  0.430532   8
  1  1  0.938300 -0.047889 -0.083791  0.198537   6
  1  0  0.938300 -0.232933  0.190162  0.629498   3
  1  0  0.938300 -0.248321  0.057485  0.745111   6
  1  1  0.938300 -0.124908  0.072931  0.836079   5
  1  0  0.938300 -0.233514  0.034549  0.789273   4
  1  0  0.938300 -0.021388  0.081193  0.170754   1
  1  0  0.938300 -0.013756 -0.288307  0.409112   4
  1  0  0.938300  0.112857 -0.253690  0.346221   3
  1  0  0.938300 -0.387753 -0.213749  0.964894   5
  1  0  0.938300 -0.230391  0.061174 -0.053034   3
  1  0  0.938300 -0.121751 -0.220057  0.036110   1
  1  1  0.938300 -0.130280  0.333015  0.252113   6
  1  0  0.938300 -0.142006 -0.372114  0.710070   4
  1  0  0.938300  0.255278  0.094396  0.271429   5
  1  1  0.938300  0.273719 -0.078656  1.155930   3
  1  0  0.938300  0.112533  0.025416  0.295327   3
  1  0  0.938300 -0.521013 -0.150763  0.270517   4
  1  1  0.938300  0.207737 -0.088321 -0.015662   4
  1  0  0.938300  0.435211  0.134017  0.401848   2
  1  0  0.938300 -0.152881 -0.205370  0.992980   4
  1  0  0.938300  0.310818  0.198018  0.339192   2
  1  0  0.938300  0.309804  0.008354  0.973191   7
  1  0  0.938300  0.097795 -0.047315  0.476100   5
  1  0  0.938300  0.062576  0.133825  0.370203   2
  1  1  0.938300  0.345885 -0.619488  1.040659  11
  1  0  0.938300  0.121860  0.218337  0.560264   3
  1  0  0.938300 -0.059212 -0.001575  0.217300   1
  1  0  0.938300 -0.245557  0.146645  0.568588   6
  1  0  0.938300  0.396157  0.342207  0.198729   7
  1  0  0.938300 -0.074054 -0.314948  0.222327   6
  1  0  0.938300 -0.124089 -0.056117  0.016968   2
  1  0  0.938300  0.103903  0.036692  0.576598   3
  1  0  0.938300 -0.107545  0.049542  0.736108   6
  1  0  0.938300 -0.355834 -0.043615  0.251200   3
  1  0  0.938300 -0.010256 -0.257233  0.553003   8
  1  0  0.938300 -0.036511 -0.012799  0.634629   4
  1  0  0.938300 -0.137186 -0.253002  0.442162   3
  1  0  0.938300  0.009351  0.067478 -0.007016   1
  1  1  0.938300 -0.231715 -0.276043  0.456001   6
  1  0  0.938300  0.151143 -0.381636  0.129701   4
  1  0  0.938300  0.282183  0.194563  0.920586   6
  1  0  0.938300  0.150474  0.370899  0.451965   6
  1  0  0.938300 -0.089088 -0.142011  0.692690   4
  1  0  0.938300 -0.269291  0.184074  0.314863   5
  1  0  0.938300  0.091970  0.472487  0.938298   9
  1  0  0.938300 -0.057238  0.148329  0.209530   5
  1  0  0.938300  0.101641  0.230004  0.772414   7
  1  0  0.938300 -0.245516 -0.174280  0.126813   2
  1  0  0.938300  0.401735  0.365640  0.305268   3
  1  0  0.938300  0.219562 -0.247088  0.449461   5
  1  0  0.938300  0.252015  0.385752  0.419673   4
  1  0  0.938300  0.207789  0.284767  0.199005   3
  1  0  0.938300  0.050858 -0.177075  0.181884   2
  1  0  0.938300  0.395561  0.036018  0.535210   2
  1  0  0.938300  0.334739  0.047706  0.439096   2
  1  0  0.938300 -0.443340 -0.119397  0.482692   3
  1  0  0.938300 -0.086592 -0.040711  0.647825   5
  1  0  0.938300 -0.202633  0.000191 -0.006809   4
  1  0  0.938300  0.213579  0.005886  0.674275   2
  1  0  0.938300  0.153989 -0.057034 -0.004989   5
  1  0  0.938300  0.301166 -0.025804  1.262316   5
  1  0  0.938300  0.017943  0.104830  0.142280   5
  1  0  0.938300  0.462372 -0.441803  0.258041   4
  1  0  0.938300 -0.159671  0.147010  1.037636   4
  1  0  0.938300 -0.193843  0.110586  0.205851   1
  1  1  0.938300  0.171181  0.348039  0.851573  -2
  1  1  0.938300  0.116561 -0.156590  0.490197  -3
  1  1  0.938300  0.596302 -0.501797  0.520763  -4
  1  1  0.938300  0.102008  0.316411  0.575586  -8
  1  1  0.938300 -0.161993  0.150306  0.719888  -8
  1  1  0.938300  0.048992  0.126523  1.061544  -5
  1  1  0.938300  0.370356  0.341634  0.781436  -9
  1  1  0.938300 -0.252044  0.569144  0.059593  -2
  1  1  0.938300 -0.294925  0.230727  0.205412  -2
  1  1  0.938300 -0.002158  0.012238  0.330858  -5
  1  1  0.938300  0.171629 -0.195231  0.509737  -7
  1  1  0.938300  0.264596 -0.205420  0.113776  -5
  1  1  0.938300  0.115703  0.099816  0.436820  -6
  1  1  0.938300  0.033202 -0.050613  0.683683  -1
  1  1  0.938300 -0.011789  0.143703  0.345406  -4
  1  1  0.938300  0.275245 -0.018659  0.057606  -4
  1  1  0.938300 -0.296498  0.249045  0.451452  -4
  1  1  0.938300  0.121810  0.250609  0.465070  -3
  1  1  0.938300 -0.164521  0.211807  0.829212  -2
  1  1  0.938300 -0.002265  0.079046  0.564557  -5
  1  1  0.938300 -0.055004 -0.275894  1.089043  -3
  1  1  0.938300 -0.190277  0.338514  0.964944  -3
  1  0  0.938300  0.138272 -0.414546  0.689204  -9
  1  1  0.938300  0.192090  0.328052  0.706654  -6
  1  1  0.938300 -0.213951  0.306577  0.509926  -4
  1  1  0.938300 -0.039682  0.690423  0.687776  -3
  1  1  0.938300 -0.013912 -0.255529  0.584312  -5
  1  1  0.938300  0.136139 -0.120008  0.390019  -3
  1  0  0.938300 -0.029417 -0.346793  0.604896  -5
  1  1  0.938300 -0.102576 -0.260447  0.592496  -5
  1  0  0.938300 -0.303353 -0.011236  0.482812  -5
  1  1  0.938300 -0.019263  0.164868  0.608828  -4
  1  1  0.938300  0.602468 -0.171615  0.512106  -8
  1  1  0.938300 -0.168219 -0.155225  0.625818  -1
  1  1  0.938300  0.238338 -0.368514  1.080531  -4
  1  1  0.938300 -0.225596 -0.068173  0.118964  -4
  1  1  0.938300 -0.196411 -0.523183  0.278998  -4
  1  1  0.938300  0.115101  0.034508  0.698311  -1
  1  1  0.938300  0.394527  0.050931  0.608220  -7
  1  1  0.938300 -0.002607 -0.200636  0.701657  -4
  1  1  0.938300 -0.119562 -0.011035  1.063836  -1
  1  1  0.938300 -0.213592  0.284171  0.579503  -3
  1  1  0.938300 -0.047100 -0.093858  0.689648  -2
  1  0  0.938300  0.065705  0.047557  0.563665  -2
  1  1  0.938300 -0.287179 -0.218759  1.190499  -2
  1  1  0.938300  0.068603 -0.284080  0.779087  -2
  1  1  0.938300  0.119838 -0.097388  0.476697  -6
  1  1  0.938300 -0.165918 -0.190681  0.440704  -2
  1  1  0.938300 -0.291309 -0.161961  0.260912  -6
  1  1  0.938300 -0.481754 -0.214073  0.131698  -3
  1  1  0.938300 -0.436497 -0.432016  0.461016  -6
  1  1  0.938300 -0.370515 -0.191426  0.656956  -2
  1  1  0.938300  0.130995 -0.156804  0.413914  -5
  1  1  0.938300 -0.203897 -0.291684  0.669120  -2
  1  1  0.938300 -0.232208  0.069832  0.199992  -7
  1  1  0.938300 -0.316998 -0.141587  0.530865  -3
  1  1  0.938300 -0.288596  0.213840  0.180878  -2
  1  1  0.938300  0.303309  0.050527  0.516834  -4
  1  1  0.938300 -0.025836 -0.001511  0.179111  -3
  1  1  0.938300 -0.416498  0.179217  0.313835  -4
  1  1  0.938300 -0.183009  0.152207  0.434728  -3
  1  1  0.938300 -0.205175  0.305099  0.812840  -6
  1  1  0.938300  0.138997 -0.077068  1.024663  -1
  1  1  0.938300  0.202628 -0.195464  0.727343  -5
  1  1  0.938300  0.189776  0.677139  0.069427  -4
  1  0  0.938300  0.015266  0.312497  0.542476  -3
  1  1  0.938300  0.082479  0.204818  0.115655  -2
  1  1  0.938300 -0.003538  0.040815  0.843311  -1
  1  1  0.938300 -0.166929  0.570729  0.910833  -4
  1  1  0.938300  0.396424 -0.396758 -0.068778  -4
  1  1  0.938300 -0.453899  0.014816  0.964829  -5
  1  0  0.938300 -0.297920 -0.112183  0.297792  -5
  1  1  0.938300 -0.302845  0.462399  0.151364  -2
  1  0  0.938300 -0.646488  0.296498  1.017818  -7
  1  0  0.938300 -0.021404  0.208377  0.276692  -7
  1  1  0.938300  0.225270  0.176844  0.746433  -4
  1  1  0.938300  0.231711 -0.278330  0.336601  -3
  1  1  0.938300  0.090774  0.114308  0.595780  -4
  1  1  0.938300  0.137025  0.409050  0.506838  -7
  1  0  0.938300 -0.121196 -0.143214  0.721038  -2
  1  0  0.938300 -0.338548  0.173179  0.825155  -5
  1  0  0.938300 -0.059599  0.089528  0.444643  -3
  1  0  0.938300 -0.559076 -0.113525  0.244529  -5
  1  0  0.938300 -0.321249  0.157499  0.299058  -5
  1  1  0.938300 -0.126501 -0.196241  0.251802  -6
  1  1  0.938300 -0.045530  0.164445  1.040481  -3
  1  0  0.938300 -0.118463 -0.062099  0.911228  -1
  1  1  0.938300  0.304171 -0.163805  1.212312  -4
  1  0  0.938300  0.237793 -0.270941  0.306259  -6
  1  0  0.938300 -0.341161 -0.397233  0.379639  -3
  1  0  0.938300 -0.015555 -0.247626  0.489049  -4
  1  0  0.938300  0.058213 -0.078840  0.460074  -5
  1  0  0.938300 -0.215639 -0.221020  0.742245  -2
  1  0  0.938300  0.109451 -0.311492  0.715826  -3
  1  0  0.938300 -0.363371  0.099304  0.608449  -3
  1  0  0.938300 -0.072870  0.093390  0.974399  -3
  1  0  0.938300  0.164590 -0.005802  0.278554  -3
  1  0  0.938300  0.219043  0.112207  1.095838  -2
  1  0  0.938300 -0.251519 -0.135852  0.631475  -2
  1  0  0.938300  0.209489 -0.344946  0.095725  -2
  1  0  0.938300  0.008360  0.652976  0.586125  -5
  1  0  0.938300 -0.001092  0.113865 -0.133883  -4
  1  0  0.938300 -0.128679  0.013752  0.196780  -6
  1  0  0.938300 -0.329426 -0.069108  0.376248  -4
  1  1  0.938300 -0.088121  0.010070  0.545559  -2
  1  0  0.938300 -0.105735  0.162471  0.296423  -2
  1  0  0.938300  0.170120 -0.224724  0.718828  -1
  1  0  0.938300  0.214437  0.399116  0.976494  -4
  1  0  0.938300 -0.268647  0.456258  0.455529  -2
  1  0  0.938300  0.073304 -0.442187  0.541917  -5
  1  0  0.938300 -0.074217  0.409622  0.199804  -5
  1  0  0.938300  0.319614 -0.048641  0.174012  -3
  1  0  0.938300  0.122425  0.214038  0.351799  -4
  1  0  0.938300 -0.101265  0.490562  0.768138  -3
  1  0  0.938300  0.249555  0.154473  0.387877  -3
  1  0  0.938300  0.104635  0.195525  0.709899 -10
  1  0  0.938300 -0.098386 -0.127731  0.646290  -2
  1  0  0.938300  0.209166 -0.233981  0.666103  -2
  1  0  0.938300 -0.353994 -0.072111  0.930716  -9
  1  0  0.938300 -0.176334 -0.166817  0.056926  -2
  1  0  0.938300 -0.115948 -0.086790  0.293385  -7
  1  0  0.938300  0.233430 -0.210216  0.664730  -3
  1  0  0.938300  0.090368 -0.242446  0.479349  -4
  1  0  0.938300 -0.396558 -0.058816  0.430983  -5
  1  1  0.938300  0.028773  0.043597  0.409922  -7
  1  0  0.938300 -0.156396 -0.066325  0.988237  -1
  1  0  0.938300 -0.148178 -0.083069  1.004840  -1
  1  0  0.938300 -0.295959 -0.256679  0.160829  -3
  1  0  0.938300 -0.036961 -0.302624  0.633795  -5
  1  0  0.938300 -0.440517  0.040793  0.642273  -3
  1  0  0.938300  0.156852  0.045724  0.190856  -8
  1  0  0.938300 -0.230537  0.031391  0.195633  -9
  1  0  0.938300 -0.605653 -0.102674  0.409822  -3
  1  0  0.938300 -0.381727 -0.008165  0.931624  -3
  1  0  0.938300 -0.037191 -0.157903  0.281674  -4
  1  0  0.938300 -0.246274  0.298321  0.213225  -4
  1  0  0.938300  0.232255  0.382547  0.174438  -4
  1  0  0.938300  0.175714  0.151308  0.449364  -3
  1  0  0.938300 -0.364581 -0.053924  0.535961  -2
  1  0  0.938300 -0.151448 -0.093021  0.340593  -8
  1  0  0.938300  0.076852 -0.054975  0.302253  -6
  1  0  0.938300  0.025581  0.841262  0.545647  -5
  1  0  0.938300  0.250692 -0.123378  0.935815  -2
  1  0  0.938300 -0.408624  0.187555  0.058158  -3
  1  0  0.938300 -0.164701 -0.474116  0.371442  -3
  1  0  0.938300 -0.158444 -0.329031  0.479414  -4
  1  1  0.938300  0.444519 -0.030696  0.312162  -9
  1  0  0.938300  0.028483 -0.182807  1.060919  -3
  1  0  0.938300  0.005554 -0.027889  0.871264  -1
  1  0  0.938300 -0.103558  0.326589  0.412728  -5
  1  0  0.938300  0.281729  0.203876  0.490758  -5
  1  0  0.938300  0.029185 -0.012608  0.362463  -2
  1  1  0.938300  0.369507 -0.626839  0.781724  -3
  1  0  0.938300  0.075452  0.055454  0.646616  -4
  1  0  0.938300 -0.141789  0.114263 -0.145313  -2
  1  0  0.938300 -0.440614 -0.364657  0.645179  -5
  1  1  0.938300  0.118305 -0.004945  0.001346  -9
  1  0  0.938300 -0.029691  0.155404  0.153991  -7
  1  0  0.938300 -0.149020 -0.093937  0.892971  -3
  1  0  0.938300 -0.352627  0.366458 -0.065432  -5
  1  0  0.938300 -0.372457 -0.175138  0.519916  -3
  1  0  0.938300  0.148554 -0.086196  0.273728  -6
  1  1  0.938300  0.044337  0.249543  0.712589  -8
  1  0  0.938300  0.387193  0.299933  0.534599  -7
  1  0  0.938300 -0.004419 -0.208270  0.758089  -7
  1  0  0.938300  0.208063  0.304139 -0.105241  -3
  1  0  0.938300  0.413393  0.126381  0.578046  -8
  1  0  0.938300  0.167448  0.255965  0.772599  -5
  1  0  0.938300  0.174512  0.171832  0.259204  -3
  1  0  0.938300  0.065014 -0.034395  0.535932  -3
  1  0  0.938300 -0.108918  0.162981  0.818226  -5
  1  0  0.938300  0.191666  0.288735  0.523773  -7
  1  0  0.938300  0.230638 -0.015580  0.444471  -7
  1  0  0.938300 -0.000492 -0.167403  0.851526  -1
  1  0  0.938300 -0.299062  0.217191  0.189110  -4
  1  0  0.938300 -0.182362 -0.090398  0.294825  -9
  1  0  0.938300  0.322944  0.442482  0.513758  -3
  1  0  0.938300 -0.087203  0.297621  0.393563  -4
  1  0  0.938300  0.072895  0.311047  0.306772  -9
  1  0  0.938300 -0.019826 -0.143046  0.552645  -3
  1  0  0.938300 -0.144657  0.291466  0.642044  -2
  1  0  0.938300 -0.005318  0.084717  0.772437  -2
  1  0  0.938300  0.234575 -0.723559  0.671869  -4
  1  0  0.938300 -0.205367 -0.090402  0.845186  -4
  1  0  0.938300  0.255879  0.407312  0.400169  -4
  1  0  0.938300 -0.040080 -0.659639  0.354070  -2
  1  0  0.938300  0.305340 -0.102173  0.554906  -3
  1  0  0.938300  0.167097  0.200383  0.325154  -5
  1  0  0.938300 -0.096284 -0.258351  0.392720  -2
  1  0  0.938300  0.090170 -0.063816  0.596664  -2
  1  0  0.938300 -0.227201  0.334344  0.575149  -7
  1  0  0.938300 -0.075814 -0.162240  0.264097  -7
  1  0  0.938300 -0.198855  0.075101  0.666881 -10
  1  0  0.938300 -0.344270 -0.054418  0.324079  -5
  1  0  0.938300 -0.242348  0.205580  0.840583  -3
  1  0  0.938300 -0.113930 -0.161828  0.803363  -3
  1  0  0.938300  0.111840 -0.176887  0.238376  -6