  1  1  0.938300 -0.292158 -0.264720  0.983832   5
  1  1  0.938300 -0.576081 -0.114652  0.973786   5
  1  1  0.938300  0.198342 -0.172033  0.008449   2
  1  1  0.938300 -0.126966 -0.547252 -0.077906   2
  1  1  0.938300  0.321380 -0.067045  0.238234   6
  1  1  0.938300 -0.008935  0.335774  0.149519   5
  1  1  0.938300  0.121504 -0.196211  0.160149   2
  1  1  0.938300 -0.292994 -0.105075  0.668050   5
  1  1  0.938300  0.018995  0.120551  0.140165   3
  1  1  0.938300 -0.088858  0.093297  0.572857   4
  1  1  0.938300  0.047812 -0.057016 -0.035460   4
  1  1  0.938300  0.012776 -0.091005  0.052557   2
  1  1  0.938300 -0.259164  0.120971  0.546229   3
  1  1  0.938300  0.232795  0.073289  0.853781   6
  1  1  0.938300 -0.110277  0.193488  0.717503   4
  1  1  0.938300 -0.363347 -0.267822  0.589081   7
  1  1  0.938300  0.000777  0.110100  0.498660   2
  1  1  0.938300 -0.294705  0.417720  0.450927   3
  1  1  0.938300  0.105294  0.146459  0.411717   5
  1  1  0.938300 -0.116489 -0.468874  0.217572   3
  1  1  0.938300  0.003053 -0.181515  0.335260   3
  1  1  0.938300  0.294173 -0.004196  0.392080  10
  1  1  0.938300 -0.125656  0.059031  0.698684   7
  1  1  0.938300  0.398459 -0.459839  1.187730   4
  1  1  0.938300 -0.073415  0.079305  0.206982   4
  1  1  0.938300 -0.186282  0.167913  0.245523   2
  1  1  0.938300 -0.277218  0.097113 -0.036201   9
  1  1  0.938300  0.218442  0.462573  0.133326   3
  1  1  0.938300 -0.222125 -0.198576  0.353277   4
  1  1  0.938300  0.159075  0.016702  0.614037   5
  1  1  0.938300  0.252316  0.533528  0.514116   7
  1  1  0.938300  0.262615  0.029290 -0.015561   1
  1  1  0.938300  0.306304 -0.464491  1.018964   3
  1  1  0.938300  0.165097  0.316422  0.826080   5
  1  1  0.938300  0.155492  0.078428  0.014375   1
  1  1  0.938300 -0.250870  0.126428  0.087685   2
  1  1  0.938300 -0.148950 -0.038794  0.280331   2
  1  1  0.938300  0.246231 -0.168600  0.344461   2
  1  1  0.938300 -0.412524 -0.449221  0.525628   4
  1  1  0.938300  0.113511  0.004032  0.088130   2
  1  1  0.938300  0.033187 -0.087879  0.717717   4
  1  1  0.938300  0.187788 -0.118610  0.781379   5
  1  1  0.938300  0.125371 -0.203172  0.047153   4
  1  1  0.938300 -0.198636  0.061330  0.451022   3
  1  1  0.938300  0.016015 -0.356897  0.799349   2
  1  1  0.938300 -0.352487 -0.283664  0.690691   4
  1  1  0.938300 -0.167627 -0.246682 -0.187225   8
  1  1  0.938300  0.107475  0.025054  0.828291   2
  1  1  0.938300  0.047949 -0.164642 -0.004855   2
  1  1  0.938300 -0.007945 -0.131049  0.060585   2
  1  1  0.938300  0.554661  0.442874  0.640887   4
  1  1  0.938300 -0.263594  0.097386  0.095164   1
  1  1  0.938300  0.064272 -0.290710  0.619275   5
  1  1  0.938300 -0.071103 -0.067812  0.387879   4
  1  1  0.938300  0.300549 -0.141001  0.771755   3
  1  1  0.938300  0.003995  0.103695  0.042630   1
  1  1  0.938300 -0.229539  0.071090  0.939795   7
  1  0  0.938300 -0.328874 -0.142561  0.187452  11
  1  1  0.938300 -0.413372 -0.092444  0.234224   2
  1  1  0.938300  0.388706 -0.005016  1.365877   3
  1  1  0.938300  0.040104  0.064288  0.173374   1
  1  1  0.938300 -0.528448  0.080509  1.043360   5
  1  1  0.938300  0.229883  0.010458  0.219231   1
  1  1  0.938300  0.172776 -0.335148  0.140261   4
  1  1  0.938300 -0.190441  0.034260  0.165073   1
  1  1  0.938300  0.089681  0.206288  0.444514   3
  1  1  0.938300  0.012468  0.305783  0.224757   4
  1  1  0.938300  0.217553 -0.009110  0.288954   7
  1  0  0.938300  0.149953  0.074841  0.527012   4
  1  1  0.938300 -0.426467  0.513758  0.689165   4
  1  1  0.938300 -0.179846 -0.242756  0.254456   4
  1  1  0.938300  0.342338  0.454947  0.535834   4
  1  1  0.938300 -0.017288 -0.451133  1.008307   4
  1  1  0.938300  0.008569  0.105233  0.512249   3
  1  1  0.938300  0.290392 -0.158416  0.469712   3
  1  1  0.938300 -0.292628  0.094404  0.841482   4
  1  1  0.938300 -0.043153 -0.012659  0.426489   3
  1  1  0.938300 -0.036960 -0.248850  0.626061   2
  1  1  0.938300  0.149803 -0.170526  0.471062   4
  1  0  0.938300 -0.094433  0.058125  0.457091   2
  1  0  0.938300  0.069306 -0.364809  0.648613   4
  1  0  0.938300 -0.644562  0.328899  0.632141   3
  1  0  0.938300  0.047768 -0.243736  0.097799   4
  1  0  0.938300  0.004539 -0.194111 -0.174663   3
  1  0  0.938300 -0.061100  0.544205  0.550821   5
  1  0  0.938300 -0.113804 -0.240475  0.177063   4
  1  0  0.938300 -0.221078 -0.119568  0.117238   3
  1  0  0.938300  0.370769  0.153749  0.616801   4
  1  0  0.938300 -0.027671  0.123291  0.193134   1
  1  0  0.938300  0.281564 -0.317852  0.040159   2
  1  0  0.938300  0.066831  0.212749  0.667882   4
  1  0  0.938300 -0.145594  0.140487  1.103312   3
  1  0  0.938300 -0.418139  0.236100  0.437306   3
  1  0  0.938300 -0.349282 -0.137030  0.329438   2
  1  0  0.938300 -0.324966  0.057548  0.868722   5
  1  0  0.938300 -0.217299  0.498181  0.509512   7
  1  0  0.938300 -0.209932  0.022421  0.740523   4
  1  0  0.938300  0.003111  0.167922  0.228729   4
  1  0  0.938300  0.179580  0.006292  0.144569   4
  1  0  0.938300 -0.054062 -0.058510 -0.126420   1
  1  0  0.938300 -0.339861  0.394400  0.511062   5
  1  0  0.938300 -0.103979  0.019719  0.126853   1
  1  0  0.938300 -0.194661  0.394095  0.185472   5
  1  0  0.938300 -0.024753  0.122968  0.115933   3
  1  0  0.938300  0.150690  0.043307  0.690411   4
  1  0  0.938300  0.338265 -0.188288  0.033871   2
  1  0  0.938300  0.029962 -0.094546  0.415015   2
  1  0  0.938300  0.106376 -0.093623  0.303583   9
  1  0  0.938300  0.010772  0.300465  0.266200   9
  1  0  0.938300 -0.059643  0.044239  0.589377   3
  1  0  0.938300  0.565992 -0.358889  0.208873   5
  1  0  0.938300  0.026500 -0.229329  0.501041   2
  1  0  0.938300 -0.178263 -0.327209  0.481184   4
  1  0  0.938300 -0.095528  0.172911 -0.020789   2
  1  0  0.938300  0.097958 -0.091158  0.936228   3
  1  0  0.938300  0.235304 -0.186604  0.488085   7
  1  0  0.938300 -0.148246 -0.327884  0.452410   4
  1  0  0.938300  0.033930  0.258482  0.732444   3
  1  0  0.938300 -0.088328 -0.023752  0.306244   4
  1  0  0.938300  0.334734  0.102093 -0.011428   5
  1  0  0.938300  0.292277  0.052055  0.330554   3
  1  0  0.938300  0.114629 -0.526067  0.627830   3
  1  0  0.938300  0.192545  0.028870 -0.038336   2
  1  0  0.938300  0.323415  0.739085  0.069171   4
  1  0  0.938300  0.099858  0.076039 -0.066844   2
  1  0  0.938300  0.151754  0.024018  0.171760   2
  1  0  0.938300 -0.320688 -0.075677  0.128132   3
  1  0  0.938300  0.637335  0.457915  0.644607   5
  1  0  0.938300  0.020175 -0.180441  0.158087   4
  1  0  0.938300 -0.205118 -0.049324  0.667730   7
  1  0  0.938300 -0.379750  0.092222  0.061095   2
  1  0  0.938300  0.103659 -0.262439  0.477389   9
  1  0  0.938300 -0.351518 -0.164739  0.340108   5
  1  0  0.938300 -0.139416  0.309856  0.315015   3
  1  0  0.938300  0.023894 -0.370142  0.651094   2
  1  0  0.938300 -0.226032  0.282508  0.521054   5
  1  0  0.938300 -0.038455 -0.159770  0.225690   6
  1  0  0.938300 -0.107545  0.055738  0.242884   6
  1  0  0.938300 -0.071476  0.153634  0.637894   4
  1  0  0.938300 -0.145277  0.038276  0.011894   3
  1  0  0.938300  0.128256  0.203598  0.142680   1
  1  0  0.938300 -0.081289  0.087272  0.953951   5
  1  0  0.938300  0.183496  0.388497  1.312526   6
  1  0  0.938300  0.053541  0.032514  0.748052   3
  1  0  0.938300  0.150288  0.090376  0.232375   7
  1  0  0.938300  0.125414 -0.066041  0.089287   2
  1  0  0.938300 -0.124590 -0.073083  0.107786   2
  1  0  0.938300  0.111996  0.006904  0.415756   7
  1  0  0.938300  0.001693  0.475719  0.300778   4
  1  0  0.938300  0.389473 -0.182132  0.608194   5
  1  0  0.938300  0.001745  0.213041  0.218145   2
  1  0  0.938300  0.027713  0.259318  0.485571   2
  1  0  0.938300  0.415685 -0.266255  0.596670   2
  1  0  0.938300  0.095411  0.250853  0.457582   2
  1  0  0.938300 -0.514552  0.126812  0.677848   4
  1  0  0.938300 -0.480440  0.145523  0.284373   4
  1  0  0.938300  0.010801 -0.371334  0.588839   7
  1  0  0.938300 -0.264637 -0.188009  0.620975   2
  1  0  0.938300  0.419788  0.325956  0.451103   2
  1  0  0.938300 -0.024299  0.006080  0.592967   3
  1  0  0.938300  0.567725  0.253376  0.519492   3
  1  0  0.938300  0.131079 -0.211849  0.331737   5
  1  0  0.938300 -0.485877  0.062026  0.668051   7
  1  0  0.938300  0.097816  0.186998  0.154541   5
  1  0  0.938300  0.190487 -0.433022  0.486171   3
  1  0  0.938300 -0.261491  0.021153  0.574155   2
  1  0  0.938300 -0.024823 -0.103647  0.039614   1
  1  1  0.938300  0.482912 -0.198191  0.768859   4
  1  0  0.938300  0.001760  0.047826  0.056546   1
  1  0  0.938300  0.070729 -0.045542  0.385093   2
  1  0  0.938300  0.297804  0.092435  0.733871   4
  1  1  0.938300  0.296465 -0.071195  0.901700   7
  1  0  0.938300 -0.061315 -0.482122  0.580240   2
  1  1  0.938300  0.097647 -0.154957  0.426443   4
  1  0  0.938300 -0.068459  0.055154  0.387928   6
  1  0  0.938300 -0.075031  0.289972  0.739094   6
  1  0  0.938300  0.022837 -0.284257  0.350235   9
  1  0  0.938300  0.203517 -0.041754  0.174523   2
  1  0  0.938300 -0.088832 -0.023900 -0.056101   1
  1  0  0.938300 -0.344206  0.140159  0.307780   4
  1  0  0.938300  0.536617 -0.291514  0.737269   8
  1  0  0.938300 -0.131127 -0.250136  0.143254   7
  1  0  0.938300  0.085007  0.078474  0.364218   3
  1  0  0.938300 -0.090944 -0.229402  0.452848   2
  1  0  0.938300  0.126023  0.186106  0.180937   4
  1  0  0.938300 -0.084307  0.257753  0.715285   3
  1  0  0.938300 -0.364723  0.156756  0.474317   8
  1  0  0.938300  0.037801  0.089892  0.371637   6
  1  1  0.938300  0.041555  0.054115  0.251850   5
  1  0  0.938300  0.139277  0.263240  0.160014   8
  1  0  0.938300  0.188188  0.016671 -0.007670   1
  1  0  0.938300  0.073960  0.087592  0.098263   3
  1  0  0.938300  0.213284  0.020599 -0.040554   4
  1  0  0.938300 -0.002413 -0.197118  0.116247   1
  1  0  0.938300  0.071409 -0.210181  0.212133   5
  1  0  0.938300  0.051209  0.277757  0.605793   4
  1  0  0.938300 -0.244749 -0.073056  0.213995   5
  1  1  0.938300 -0.130064  0.069677  0.554996  -8
  1  1  0.938300  0.172869  0.286259  0.201813 -11
  1  1  0.938300  0.209453  0.737086  0.287612  -6
  1  1  0.938300  0.000550  0.153319  0.818450  -4
  1  1  0.938300  0.233371  0.508707  0.636123  -2
  1  1  0.938300  0.193126 -0.554584  0.960053  -3
  1  1  0.938300  0.075142  0.282979  0.542658  -4
  1  1  0.938300  0.031468 -0.115622  1.077462  -1
  1  1  0.938300  0.294146  0.274003  0.073782  -2
  1  1  0.938300 -0.088927 -0.010158  1.027862  -1
  1  0  0.938300 -0.575840 -0.215034  1.044488  -4
  1  1  0.938300  0.350942 -0.095189  0.396796  -3
  1  1  0.938300  0.012661  0.207657  0.662396  -3
  1  1  0.938300  0.023912  0.110839  0.943299  -1
  1  1  0.938300 -0.046452 -0.557847  0.730643  -2
  1  1  0.938300 -0.371685  0.048899  0.592652  -7
  1  1  0.938300  0.210685 -0.494324  0.366513  -4
  1  0  0.938300  0.530806 -0.389008  0.782619  -6
  1  1  0.938300 -0.151584 -0.122153  0.089981  -4
  1  1  0.938300 -0.134544 -0.166726  0.728340  -3
  1  0  0.938300  0.046479  0.135979  0.385935  -5
  1  1  0.938300 -0.196164 -0.208952  0.637009  -2
  1  1  0.938300  0.099057 -0.188713  0.976303  -2
  1  1  0.938300 -0.013008 -0.040786  0.959203  -1
  1  1  0.938300  0.151373 -0.544819  0.160484  -2
  1  1  0.938300 -0.536811 -0.041010  0.894257  -8
  1  1  0.938300 -0.080536 -0.331784  0.770601  -2
  1  1  0.938300  0.088144  0.182401  0.813282  -3
  1  1  0.938300 -0.158164 -0.054751  0.625680  -3
  1  1  0.938300 -0.738630  0.155749  0.195928  -3
  1  1  0.938300  0.073783 -0.024979  0.784259  -1
  1  1  0.938300  0.090803  0.066891  0.427832  -6
  1  1  0.938300 -0.278410 -0.539096  0.433415  -3
  1  1  0.938300  0.532860  0.278648  0.629758  -4
  1  1  0.938300  0.573272  0.149554  0.627641  -2
  1  1  0.938300 -0.244882 -0.086736  0.879217  -2
  1  0  0.938300  0.237936  0.499002  0.357478  -2
  1  1  0.938300 -0.049011 -0.007366  0.201260  -3
  1  0  0.938300  0.086085  0.224588  0.217698  -6
  1  1  0.938300 -0.030833  0.204333  0.160957  -3
  1  1  0.938300 -0.288778 -0.023032  0.643454  -3
  1  1  0.938300 -0.190200  0.195890  0.200392  -4
  1  1  0.938300  0.509171 -0.048991  0.831488  -3
  1  0  0.938300  0.005383  0.025259  0.563517  -4
  1  1  0.938300 -0.199521 -0.128163  0.667770  -1
  1  1  0.938300 -0.165127 -0.198869  0.124681  -4
  1  1  0.938300  0.543989 -0.063252  0.428630  -7
  1  1  0.938300 -0.035372 -0.042927  0.903007  -1
  1  1  0.938300  0.426203  0.272268  0.033386  -2
  1  1  0.938300  0.028464  0.162168  1.034838  -1
  1  1  0.938300 -0.127729  0.032789  0.430152  -6
  1  1  0.938300  0.279066 -0.166957  0.798620  -6
  1  1  0.938300  0.305732  0.270776  0.736485  -2
  1  1  0.938300  0.309172 -0.217857  0.714864  -3
  1  1  0.938300  0.046672 -0.010288  0.160649  -2
  1  1  0.938300 -0.020636  0.126936  0.365196  -8
  1  1  0.938300  0.562079 -0.185894  0.883554  -5
  1  1  0.938300 -0.823504  0.257674  0.383264  -6
  1  1  0.938300 -0.008086  0.387410  0.394825  -2
  1  1  0.938300  0.083648 -0.309378  0.607395  -7
  1  1  0.938300 -0.176200 -0.024693  0.572318 -11
  1  1  0.938300 -0.223460  0.113962  1.211556  -6
  1  1  0.938300 -0.006018  0.026319  0.808717  -1
  1  1  0.938300  0.323321  0.022538  0.318641  -5
  1  1  0.938300 -0.086042 -0.023547  1.010745  -1
  1  1  0.938300  0.199160 -0.308707  0.370122  -5
  1  1  0.938300  0.224314 -0.093245  0.882284  -1
  1  1  0.938300 -0.118333  0.155380  0.284376  -3
  1  1  0.938300  0.074830 -0.076315  0.712544  -1
  1  1  0.938300 -0.031367 -0.024537  0.671829  -8
  1  1  0.938300 -0.036952  0.364449  0.260626  -3
  1  1  0.938300  0.536770 -0.181876  0.737486  -2
  1  1  0.938300 -0.183829 -0.248950  0.410572  -7
  1  1  0.938300 -0.136746 -0.025482  0.627392  -5
  1  1  0.938300 -0.120145  0.130656  0.371039  -5
  1  1  0.938300 -0.011582  0.020074  0.368565  -4
  1  1  0.938300 -0.159071 -0.098965  0.884610  -4
  1  1  0.938300 -0.681568 -0.104633  0.112100  -2
  1  1  0.938300 -0.116421 -0.232696  0.777308  -3
  1  0  0.938300 -0.030731  0.083689  0.340366  -5
  1  0  0.938300  0.026047  0.341814 -0.041081  -7
  1  0  0.938300  0.113732  0.246009  0.629756 -10
  1  0  0.938300  0.012641  0.186131  0.281378  -3
  1  0  0.938300  0.109590 -0.086350  0.476042  -3
  1  0  0.938300 -0.136908 -0.041744  0.828752  -1
  1  0  0.938300  0.040344 -0.106383  0.803486  -3
  1  0  0.938300 -0.003423 -0.376783  0.159723  -3
  1  0  0.938300 -0.091895  0.114522  0.428636  -3
  1  0  0.938300  0.049339  0.086127  0.467497  -5
  1  0  0.938300 -0.028960  0.276305  0.754515  -2
  1  0  0.938300  0.463601 -0.001447  0.142758  -3
  1  0  0.938300 -0.081782  0.238149  0.480476  -4
  1  0  0.938300  0.244397  0.111392  0.297926  -4
  1  0  0.938300  0.050163  0.126111  0.368554  -3
  1  0  0.938300 -0.311404 -0.085548  0.472438  -3
  1  0  0.938300 -0.396838  0.308567  0.295908  -7
  1  0  0.938300  0.095612  0.247327 -0.044092  -4
  1  0  0.938300  0.037471  0.011122  0.543809 -10
  1  0  0.938300 -0.139733  0.213890  0.255048  -6
  1  0  0.938300  0.190216 -0.199590  0.589008  -2
  1  0  0.938300 -0.090685 -0.397848  0.584053  -4
  1  0  0.938300  0.018797 -0.251934  0.541474  -6
  1  0  0.938300 -0.293322  0.036789  0.358481  -3
  1  0  0.938300  0.100285  0.002282  0.919094  -3
  1  0  0.938300  0.194459  0.281667  0.711951  -2
  1  0  0.938300  0.038362 -0.204623  0.286209  -3
  1  0  0.938300 -0.115980 -0.273746  0.890851  -2
  1  0  0.938300 -0.372714  0.184696  0.889557  -4
  1  0  0.938300 -0.262878 -0.065988 -0.125923  -3
  1  0  0.938300  0.490124  0.194558  0.027702  -3
  1  0  0.938300  0.069758 -0.007913  0.000455  -6
  1  0  0.938300 -0.039925  0.298119  0.050082  -4
  1  0  0.938300 -0.159971 -0.042170  0.857695  -2
  1  0  0.938300  0.047376 -0.098709  0.475883  -3
  1  0  0.938300 -0.320460 -0.209621  0.774725  -6
  1  0  0.938300  0.245276  0.062111  0.128442  -7
  1  0  0.938300  0.116280 -0.157123  0.746208  -3
  1  0  0.938300  0.201226  0.093987  0.513825  -7
  1  0  0.938300  0.001310 -0.653531  0.380166  -4
  1  0  0.938300 -0.002020  0.189106  0.822366  -2
  1  0  0.938300 -0.262020  0.104665  0.950050  -2
  1  0  0.938300  0.291692  0.396740  0.674006  -4
  1  0  0.938300 -0.095926  0.013416  0.525812  -5
  1  0  0.938300 -0.212646 -0.216383  0.485725  -6
  1  0  0.938300 -0.375456 -0.134058  0.513429 -10
  1  0  0.938300  0.153162 -0.274027  0.647395  -2
  1  0  0.938300 -0.083500 -0.020374  0.514447  -3
  1  0  0.938300  0.162993  0.246190  0.415842  -5
  1  0  0.938300  0.141600  0.264253  0.523025  -7
  1  0  0.938300  0.094932 -0.031610  0.070339  -6
  1  0  0.938300  0.014695  0.095105  0.636718  -6
  1  0  0.938300  0.034863 -0.094596  0.863194  -3
  1  0  0.938300 -0.019296 -0.181385  0.416124  -5
  1  0  0.938300 -0.168018  0.003941  0.770873  -5
  1  0  0.938300  0.045550 -0.073721  0.733709  -2
  1  0  0.938300  0.267314 -0.150762 -0.022049  -3
  1  0  0.938300  0.257364 -0.141305  0.114108  -3
  1  1  0.938300 -0.375309  0.107818  0.495047  -6
  1  0  0.938300  0.027298 -0.123141  0.390962  -2
  1  0  0.938300  0.377783  0.121381  0.688428  -3
  1  0  0.938300 -0.092339 -0.122491  0.891408  -5
  1  0  0.938300 -0.297652 -0.479472  0.434318  -4
  1  0  0.938300 -0.015499 -0.306972  0.479332  -5
  1  0  0.938300 -0.169439 -0.062982  0.265033  -4
  1  0  0.938300  0.428830  0.196861  0.130392  -3
  1  0  0.938300 -0.580758 -0.325811  0.618536  -3
  1  0  0.938300 -0.054714  0.067868  1.000887  -1
  1  0  0.938300 -0.061497  0.420164  0.694503 -10
  1  0  0.938300 -0.473971  0.077117  1.284661  -2
  1  0  0.938300 -0.196711  0.359078  1.078733  -2
  1  0  0.938300 -0.317898  0.507369  0.350426  -2
  1  0  0.938300  0.096176  0.160101  0.829969  -2
  1  0  0.938300  0.345654 -0.002902  0.538511  -9
  1  0  0.938300  0.041212 -0.313620  0.681379  -3
  1  0  0.938300 -0.200981  0.255537  0.293123  -9
  1  0  0.938300  0.301082 -0.006824  0.607332  -3
  1  0  0.938300 -0.047420  0.047478  0.245285  -3
  1  0  0.938300 -0.217768  0.410701  0.082113  -4
  1  0  0.938300  0.462540  0.015392  0.955064  -7
  1  0  0.938300 -0.069578 -0.024370  0.522440  -1
  1  0  0.938300  0.206966 -0.154001  0.616593  -3
  1  0  0.938300 -0.008481 -0.059114  0.464458  -1
  1  0  0.938300  0.033048 -0.145944  0.735382  -1
  1  0  0.938300  0.019471 -0.043331  0.295937  -3
  1  0  0.938300 -0.043600  0.154458  0.886595  -1
  1  0  0.938300 -0.165676 -0.350077  0.631290  -5
  1  0  0.938300 -0.640289 -0.064910  0.788812  -2
  1  0  0.938300 -0.225985 -0.296693  0.665422  -3
  1  0  0.938300  0.193329 -0.075169  1.011622  -2
  1  0  0.938300  0.313530  0.012389  0.491450  -6
  1  0  0.938300  0.112340 -0.201484  0.217077  -6
  1  0  0.938300 -0.034690  0.049772  0.442320  -2
  1  0  0.938300  0.222885  0.001737  0.658651 -11
  1  0  0.938300 -0.417984  0.230904  0.604992  -6
  1  1  0.938300 -0.030815 -0.252850  0.740316  -8
  1  1  0.938300  0.213682 -0.416981  0.424533  -6
  1  0  0.938300 -0.353956  0.440011  0.656480  -3
  1  1  0.938300 -0.150465 -0.009591  0.145071  -3
  1  0  0.938300  0.087146  0.076256  0.581623  -3
  1  0  0.938300  0.153549  0.359712  0.812504  -3
  1  0  0.938300  0.124241 -0.232103  0.341997  -6
  1  0  0.938300 -0.009577  0.025994  0.961956  -1
  1  0  0.938300 -0.437901  0.441421  0.850925  -3
  1  0  0.938300  0.212220 -0.056966  0.969342  -3
  1  0  0.938300  0.128839 -0.205018  0.400172  -6
  1  0  0.938300 -0.201352 -0.395732  0.364571  -5
  1  0  0.938300  0.049899  0.028165  0.582168  -9
  1  0  0.938300  0.437575  0.184641  0.745053  -2
  1  0  0.938300 -0.127236  0.038161  0.268128  -6
  1  1  0.938300  0.419883  0.099351  0.672220  -7
  1  0  0.938300  0.087590 -0.326445  0.731482  -5
  1  0  0.938300  0.226012 -0.420579  0.550442  -2
  1  0  0.938300 -0.055773 -0.247295  0.346083  -2
  1  0  0.938300 -0.255258  0.108666  0.563898  -3
  1  0  0.938300  0.004035 -0.017284  0.527411  -3
  1  0  0.938300 -0.003749 -0.024467  0.956760  -2
  1  0  0.938300 -0.416221  0.079840  0.520884  -4