  1  1  0.938300 -0.111641  0.188129  0.871975   4
  1  1  0.938300 -0.412492 -0.340744  0.597981   4
  1  0  0.938300 -0.099737 -0.488659  0.355388   4
  1  1  0.938300  0.028797  0.672082  0.741425   3
  1  0  0.938300  0.026279 -0.102939  0.632595   3
  1  1  0.938300 -0.196112  0.426511  0.340133   4
  1  1  0.938300 -0.414740 -0.421605  0.508751   3
  1  1  0.938300  0.068256  0.140905  0.658741   3
  1  1  0.938300 -0.420868 -0.071551  0.408104   5
  1  1  0.938300  0.088674 -0.025143  0.493996   3
  1  1  0.938300 -0.339399 -0.086429  0.888912   4
  1  1  0.938300  0.021771 -0.307229  0.310343   3
  1  1  0.938300 -0.109996  0.123145  0.737594   2
  1  1  0.938300 -0.165657 -0.334056  0.405656   3
  1  1  0.938300  0.063443  0.024501 -0.147364   4
  1  1  0.938300 -0.533385 -0.148970  0.714391   3
  1  1  0.938300  0.032305  0.196241  0.570917   7
  1  1  0.938300  0.199284 -0.222725  0.840431   5
  1  1  0.938300 -0.162726  0.487281  0.075353   6
  1  1  0.938300 -0.281673  0.290961  0.670646   4
  1  1  0.938300 -0.235860  0.004362  0.103660   1
  1  1  0.938300  0.029440 -0.392652  0.261241   4
  1  1  0.938300 -0.073612  0.221606  0.533523   4
  1  1  0.938300 -0.083379 -0.290970  0.308133   7
  1  1  0.938300 -0.027774  0.328453  0.013352   2
  1  1  0.938300  0.110545  0.086922  0.003154   2
  1  1  0.938300 -0.105012  0.176773  0.895392   5
  1  0  0.938300 -0.233761  0.021374  0.348749   2
  1  1  0.938300  0.144243  0.084747  0.403243   3
  1  1  0.938300  0.090466  0.057979  0.171289   1
  1  1  0.938300 -0.096273  0.154891  0.238303   2
  1  1  0.938300  0.149249  0.105683  0.121017   4
  1  0  0.938300  0.219060 -0.328764  0.081531   3
  1  0  0.938300  0.066337  0.112572  0.593008   5
  1  1  0.938300 -0.252823  0.200445  0.701298   5
  1  1  0.938300 -0.177491  0.046764 -0.066269   1
  1  1  0.938300 -0.106715  0.192146  0.087279   2
  1  1  0.938300  0.017543  0.067122  0.369863   3
  1  1  0.938300 -0.078533  0.074765  0.859070   9
  1  1  0.938300 -0.039828 -0.258286  0.591339   6
  1  1  0.938300  0.198638 -0.346734  0.345732   7
  1  1  0.938300  0.132484  0.006842  0.637908   5
  1  1  0.938300  0.301047  0.378934  0.956431   3
  1  1  0.938300  0.053427  0.442612  0.801161   3
  1  1  0.938300  0.362454  0.236053  0.281907   3
  1  1  0.938300  0.054797  0.331644  0.625120   2
  1  1  0.938300 -0.067439 -0.283869  0.171432   2
  1  1  0.938300  0.246568  0.423914  0.511390   2
  1  1  0.938300  0.008550 -0.069260 -0.187153   3
  1  1  0.938300  0.367347 -0.149037  0.512638   2
  1  1  0.938300  0.077406  0.029600  0.255493   1
  1  0  0.938300 -0.174631  0.269214  0.473028   5
  1  1  0.938300 -0.431607  0.465960  0.091930   5
  1  1  0.938300 -0.021678  0.602642  0.648780   2
  1  1  0.938300 -0.106539 -0.139581  0.944853   8
  1  1  0.938300  0.069492 -0.066670  0.528765   4
  1  1  0.938300  0.145292  0.280577  1.001693   5
  1  1  0.938300  0.123804  0.313140  0.862731   3
  1  1  0.938300  0.159181  0.120610  0.729842   2
  1  1  0.938300 -0.124920  0.170585  0.084614   1
  1  1  0.938300  0.005793 -0.196365  0.228943   1
  1  1  0.938300  0.130879  0.166096  0.144450   4
  1  1  0.938300  0.111054  0.139936 -0.131873   3
  1  1  0.938300 -0.219333 -0.047276  0.307747   8
  1  1  0.938300  0.452256 -0.182229  0.983503   3
  1  1  0.938300  0.055738 -0.057820  1.449361   5
  1  1  0.938300 -0.357821 -0.041825  0.692258   5
  1  1  0.938300  0.303967 -0.287060  0.298550   6
  1  1  0.938300 -0.145805 -0.484901  0.216068   6
  1  1  0.938300  0.052671 -0.157640  0.692620   2
  1  1  0.938300  0.036445  0.008496  0.190540   1
  1  1  0.938300  0.146413 -0.045048  0.191591   3
  1  1  0.938300 -0.082934  0.171131  0.131411   2
  1  1  0.938300 -0.586992 -0.072586  0.362357   3
  1  1  0.938300  0.574890 -0.297406  0.371486   2
  1  1  0.938300 -0.100249 -0.072327  0.123059   5
  1  1  0.938300 -0.035060 -0.315728  0.564348   8
  1  1  0.938300 -0.019170 -0.173747  0.539136   7
  1  0  0.938300 -0.013305 -0.123412  0.357478   4
  1  0  0.938300 -0.246119  0.049869  0.222967   6
  1  0  0.938300  0.034269  0.430583  0.235330   2
  1  0  0.938300 -0.074210 -0.115238  0.259271   1
  1  0  0.938300 -0.227807  0.171252  0.817094   2
  1  0  0.938300 -0.358562 -0.382287  0.665537   2
  1  0  0.938300 -0.228452 -0.241731  0.250457   3
  1  0  0.938300  0.013886  0.046645  0.181562   1
  1  1  0.938300  0.355646  0.215900  0.272809   3
  1  0  0.938300  0.060872 -0.094888 -0.073084   1
  1  0  0.938300  0.023603 -0.161933  0.021510   3
  1  0  0.938300 -0.503036 -0.118610  0.637559   2
  1  0  0.938300  0.019720  0.448377  0.213189   2
  1  0  0.938300 -0.415417 -0.140670  1.064530   6
  1  0  0.938300 -0.214062  0.151337  0.802349   6
  1  0  0.938300  0.482653 -0.182053  0.434840   5
  1  0  0.938300  0.150859 -0.150886  0.248362   2
  1  0  0.938300  0.226438 -0.017274  0.306606   5
  1  0  0.938300 -0.108538  0.082600  0.274384   5
  1  1  0.938300 -0.266680  0.147002  0.718729   2
  1  0  0.938300 -0.148519 -0.192474  0.247081   8
  1  0  0.938300 -0.335089 -0.110583  0.155956   4
  1  0  0.938300  0.120416 -0.318694  0.119868   2
  1  0  0.938300 -0.115828  0.089480  0.500120   3
  1  0  0.938300  0.152184  0.067050  0.183200   7
  1  0  0.938300  0.045868 -0.457282  0.736243   3
  1  0  0.938300 -0.066484 -0.225926  0.246409   3
  1  0  0.938300  0.293242  0.149656  0.658045   7
  1  0  0.938300  0.218585 -0.174145  0.617943  11
  1  0  0.938300 -0.359046  0.004162  0.230158   2
  1  0  0.938300  0.041383  0.173024 -0.130647   3
  1  0  0.938300  0.229706 -0.021501  0.216109   3
  1  0  0.938300 -0.002286  0.113847  0.221482   6
  1  0  0.938300  0.046248 -0.201633 -0.033508   1
  1  0  0.938300  0.071270  0.228024  0.405803   5
  1  1  0.938300  0.297361  0.678390  0.579489   7
  1  0  0.938300  0.139690  0.020116  0.219663   3
  1  0  0.938300 -0.041448  0.075228  0.185748   2
  1  0  0.938300 -0.163758 -0.154658  0.011496   1
  1  0  0.938300  0.350490  0.039263  0.201179   5
  1  0  0.938300  0.085261 -0.081858  0.400100   5
  1  0  0.938300  0.079011  0.134254 -0.117347   1
  1  1  0.938300 -0.176310 -0.044436  0.582504   4
  1  0  0.938300 -0.073619 -0.181057  0.573536   3
  1  0  0.938300 -0.048182  0.080967  0.255492  11
  1  0  0.938300  0.096309  0.181451  0.728268   5
  1  0  0.938300 -0.015547 -0.163055  0.715972   4
  1  0  0.938300 -0.253096  0.238643  0.176985   2
  1  0  0.938300 -0.169052 -0.158467  0.217431   5
  1  0  0.938300  0.358526  0.113199  0.097243   3
  1  0  0.938300 -0.258502 -0.226418  0.251625   4
  1  0  0.938300  0.284477 -0.382328 -0.218716   4
  1  0  0.938300  0.077643  0.135107 -0.036986   1
  1  0  0.938300  0.459541 -0.021674  0.268076   6
  1  1  0.938300 -0.004922 -0.126674  0.256970   7
  1  0  0.938300 -0.135933  0.142671 -0.012382   1
  1  0  0.938300 -0.136611  0.297584  0.372765   5
  1  0  0.938300 -0.295337  0.340404  0.508267   8
  1  0  0.938300  0.098227  0.071680  0.783810   5
  1  0  0.938300  0.342045 -0.343802  0.843575   3
  1  0  0.938300 -0.221957  0.521185  0.639633   6
  1  0  0.938300 -0.284049  0.171157  0.587673   7
  1  1  0.938300  0.085121 -0.113806  0.300271   2
  1  0  0.938300  0.269064 -0.071012  0.474932   2
  1  0  0.938300 -0.326039 -0.351968  0.752021   4
  1  0  0.938300  0.224952 -0.078246  0.151331   1
  1  0  0.938300  0.275133  0.043851 -0.025040   2
  1  0  0.938300  0.134047  0.316821  0.449150   5
  1  0  0.938300 -0.150505  0.355877  0.578110   4
  1  1  0.938300  0.513498 -0.500407  0.221673   5
  1  0  0.938300 -0.432728 -0.189367  0.723615   6
  1  0  0.938300  0.155996  0.155340  0.314142   5
  1  0  0.938300 -0.359859  0.310259  0.233548   2
  1  0  0.938300 -0.168535 -0.288149 -0.091796   3
  1  0  0.938300 -0.120484 -0.143782  0.224383   7
  1  0  0.938300 -0.172088 -0.379763  0.505681   5
  1  0  0.938300 -0.088885  0.014959  0.529525   2
  1  0  0.938300 -0.318270 -0.450832  0.391628   4
  1  0  0.938300  0.245934  0.038783  0.168439   7
  1  0  0.938300 -0.125702  0.012974  0.139620   1
  1  0  0.938300 -0.080577 -0.198723  0.254935   4
  1  0  0.938300  0.218699  0.053131  0.815452   5
  1  0  0.938300  0.227135 -0.047107  0.025268   1
  1  0  0.938300 -0.042300 -0.018323  0.040052   1
  1  0  0.938300  0.216524  0.674136  0.214709   2
  1  0  0.938300  0.070481 -0.058001  0.233237  10
  1  0  0.938300 -0.041092 -0.086706  0.377901   4
  1  1  0.938300  0.580625 -0.636531  1.019839   7
  1  0  0.938300 -0.057856 -0.047234  0.145293   2
  1  0  0.938300  0.062773  0.227190  0.394898   2
  1  0  0.938300  0.037591 -0.553642  0.325666   9
  1  0  0.938300  0.391147  0.627215  0.392175   3
  1  0  0.938300  0.187174 -0.197706  0.669150   7
  1  0  0.938300 -0.226279 -0.388708  0.564159   4
  1  0  0.938300 -0.086654  0.259093  0.238577   9
  1  0  0.938300  0.090452 -0.022011  0.648408   8
  1  0  0.938300 -0.007871  0.288166  0.406477   6
  1  0  0.938300 -0.377469 -0.233738  0.371841   7
  1  0  0.938300  0.001350  0.098068  0.679509   6
  1  0  0.938300 -0.261663  0.198252  0.079136   4
  1  0  0.938300  0.350335 -0.112020  0.140036   2
  1  0  0.938300  0.131840  0.091064  0.039674   1
  1  0  0.938300  0.004559 -0.106255  0.307322   3
  1  0  0.938300  0.551516 -0.041232  0.510406   5
  1  0  0.938300  0.042594  0.101552  0.050051   3
  1  0  0.938300 -0.075684 -0.067467 -0.046724   4
  1  0  0.938300  0.224130 -0.119137  0.000421   2
  1  0  0.938300 -0.116274  0.007185 -0.026252   1
  1  0  0.938300  0.071271  0.017433  0.232301   1
  1  0  0.938300  0.010138 -0.036569  0.280818   3
  1  0  0.938300 -0.169959 -0.462356  0.162093   2
  1  0  0.938300  0.179353  0.163936  0.436100   2
  1  0  0.938300  0.079828 -0.225004  0.501058   9
  1  0  0.938300  0.248113 -0.431725 -0.044481   4
  1  0  0.938300 -0.110509  0.013175  0.134016   2
  1  0  0.938300  0.150678  0.168040  0.602026   4
  1  0  0.938300 -0.190033  0.079558  0.909301   9
  1  0  0.938300  0.156389  0.257935  0.608707   3
  1  0  0.938300  0.144125  0.271012  0.329715   2
  1  1  0.938300 -0.044305 -0.214260  0.301758  -3
  1  1  0.938300 -0.093187 -0.131334  0.358439  -3
  1  1  0.938300 -0.269988  0.079377  0.700339 -12
  1  1  0.938300  0.330605  0.027239  0.721601  -2
  1  1  0.938300 -0.194961  0.071778  0.374292  -2
  1  1  0.938300  0.144071 -0.100526  0.197507  -3
  1  1  0.938300 -0.332159  0.126176  0.392181  -5
  1  1  0.938300  0.345819  0.029476  0.780581  -5
  1  1  0.938300  0.121027  0.241825  0.944809  -4
  1  1  0.938300  0.188699  0.462652  0.288564  -6
  1  1  0.938300 -0.053016 -0.321742  0.202709 -11
  1  1  0.938300  0.008629  0.717254  0.327305  -3
  1  1  0.938300  0.296296 -0.053187  0.330492  -4
  1  1  0.938300 -0.163397 -0.223064  0.808328  -2
  1  1  0.938300 -0.010020  0.170964  0.041885  -4
  1  1  0.938300  0.414989 -0.321530  0.359080  -4
  1  1  0.938300 -0.317142  0.334923  0.569460  -5
  1  1  0.938300 -0.106254 -0.068900  1.248403  -1
  1  1  0.938300  0.370492  0.106744  0.839429  -7
  1  1  0.938300  0.117433  0.304444  0.300142  -6
  1  1  0.938300 -0.247902  0.243314  0.785728  -5
  1  1  0.938300  0.686012 -0.568063  1.128812  -7
  1  1  0.938300  0.164157  0.269214 -0.128844  -3
  1  1  0.938300  0.133302  0.070605  0.289516  -2
  1  1  0.938300 -0.051972  0.350919  0.337354  -4
  1  1  0.938300 -0.390484  0.451419  0.511327  -3
  1  1  0.938300 -0.150876  0.267092  0.854273  -3
  1  1  0.938300  0.108264  0.150138  0.313689  -3
  1  1  0.938300  0.294702 -0.388366  0.899614  -6
  1  1  0.938300  0.431433  0.281375  0.668685  -3
  1  0  0.938300 -0.148768  0.006159  0.721917  -3
  1  0  0.938300 -0.015847  0.101659  0.375226  -8
  1  1  0.938300 -0.106304  0.077478  0.861584  -1
  1  1  0.938300 -0.160128 -0.068852  0.976966  -1
  1  1  0.938300 -0.257380 -0.477506  0.531603  -3
  1  1  0.938300  0.345539 -0.072492  0.234543  -7
  1  1  0.938300  0.526444  0.469054  0.608482  -6
  1  1  0.938300 -0.362093  0.012314  0.941046  -3
  1  1  0.938300 -0.469594 -0.343019  0.727377  -2
  1  1  0.938300 -0.693300  0.034510  0.523276  -3
  1  1  0.938300 -0.027841  0.377179  1.229720  -3
  1  0  0.938300 -0.314835 -0.128020  0.530239  -3
  1  1  0.938300  0.047872 -0.116951  1.065147  -2
  1  1  0.938300 -0.003308 -0.209714  0.859781  -1
  1  1  0.938300 -0.179745 -0.139038  1.008793  -1
  1  1  0.938300  0.043054 -0.155524  0.389003  -3
  1  1  0.938300  0.413214  0.116740  0.291119  -3
  1  1  0.938300  0.439608  0.105395  0.399915  -5
  1  1  0.938300 -0.193665 -0.196940  0.174488  -3
  1  1  0.938300 -0.002484  0.188496  1.161743  -6
  1  1  0.938300  0.393466 -0.039555  0.494803  -4
  1  1  0.938300 -0.218817 -0.134734  0.587652  -3
  1  1  0.938300  0.052640  0.316525  0.595307  -3
  1  1  0.938300  0.155478 -0.391901  0.297160  -3
  1  1  0.938300 -0.033602 -0.053391  0.860098  -4
  1  1  0.938300 -0.041416  0.011340  0.411388  -3
  1  1  0.938300  0.073236  0.294366  0.897457  -2
  1  1  0.938300  0.143381 -0.177724  0.521392  -4
  1  1  0.938300 -0.263302  0.321203  0.653546  -4
  1  1  0.938300 -0.257969 -0.057607  0.486673  -3
  1  1  0.938300  0.130574  0.017727  0.176885  -3
  1  1  0.938300  0.343561 -0.124304  0.941942  -2
  1  0  0.938300 -0.130322 -0.080126  0.273835  -4
  1  1  0.938300  0.162036  0.145239  0.343270  -2
  1  1  0.938300  0.200920 -0.190511  0.415648  -6
  1  1  0.938300  0.186814 -0.089214  0.790467  -4
  1  1  0.938300 -0.074364  0.132442  0.848497  -1
  1  1  0.938300  0.069259 -0.410653  0.280692  -3
  1  0  0.938300  0.459886 -0.785577  0.905793  -4
  1  1  0.938300  0.229244 -0.078157  0.585968  -2
  1  1  0.938300 -0.203124  0.084156  0.570449  -3
  1  1  0.938300 -0.161278 -0.293649  0.671375  -4
  1  1  0.938300 -0.152332 -0.066965  0.112961  -7
  1  1  0.938300 -0.132498 -0.038206  0.953258  -6
  1  1  0.938300  0.183990 -0.077895  1.113509  -6
  1  1  0.938300  0.428447  0.146750  0.448844  -4
  1  1  0.938300 -0.081068 -0.190548  0.398615  -6
  1  1  0.938300  0.074839 -0.223480  0.439018  -8
  1  1  0.938300 -0.105696  0.083264  0.915994  -3
  1  0  0.938300 -0.142371  0.183146  0.288478  -6
  1  0  0.938300  0.053271  0.072126  0.692656  -4
  1  0  0.938300 -0.027490  0.165645  0.759596  -1
  1  0  0.938300  0.020993 -0.235176  0.532437  -6
  1  0  0.938300 -0.017036 -0.013165  0.646927  -1
  1  1  0.938300 -0.151052 -0.187364  0.239701  -5
  1  0  0.938300 -0.247458 -0.299832  0.392995  -5
  1  0  0.938300  0.003744  0.150524  0.633432  -6
  1  0  0.938300  0.059074  0.249318  0.616165  -7
  1  0  0.938300 -0.020890  0.196559  0.385630  -4
  1  1  0.938300 -0.041375  0.894292  1.292265  -5
  1  1  0.938300 -0.019431  0.146912  0.897817  -5
  1  0  0.938300 -0.142652  0.110736  1.246347  -1
  1  0  0.938300 -0.198612 -0.056916 -0.167187  -2
  1  0  0.938300 -0.227302 -0.429347  0.567697  -2
  1  0  0.938300 -0.136085  0.127341  0.285368  -9
  1  0  0.938300 -0.315115 -0.238587  0.332656  -6
  1  0  0.938300 -0.289574 -0.073943  0.750404  -2
  1  0  0.938300  0.602919  0.191434  0.722479  -3
  1  0  0.938300  0.100202 -0.103066  0.548320  -7
  1  0  0.938300  0.022757  0.124738  0.303164  -8
  1  0  0.938300  0.154294 -0.067347  0.364117  -8
  1  0  0.938300  0.208562  0.069429  0.415715  -5
  1  0  0.938300  0.144086 -0.067517  0.584163  -3
  1  0  0.938300  0.191722  0.392339  0.912292  -3
  1  0  0.938300 -0.192653  0.297824  0.188708  -7
  1  0  0.938300 -0.018289 -0.035819  0.872397  -2
  1  0  0.938300  0.282544 -0.038176  0.598603  -3
  1  0  0.938300 -0.154656  0.390965  0.757306  -2
  1  0  0.938300  0.295886 -0.757328  0.601870  -3
  1  0  0.938300  0.144822 -0.357266  0.683403  -2
  1  0  0.938300  0.103026 -0.214283  0.145764  -3
  1  0  0.938300 -0.356329 -0.409703  0.618481  -2
  1  0  0.938300  0.204078 -0.264907  0.463507  -4
  1  0  0.938300  0.201769 -0.164248  0.735253  -3
  1  0  0.938300  0.340349  0.230038  0.531805  -4
  1  0  0.938300  0.028072  0.088104  0.739246  -1
  1  0  0.938300 -0.028430  0.071366  0.541048  -5
  1  0  0.938300  0.017945  0.075795  0.387940  -3
  1  0  0.938300 -0.205915 -0.370237  0.528105  -4
  1  0  0.938300 -0.065333 -0.215910 -0.207449  -6
  1  0  0.938300  0.294961  0.195883  0.380667  -5
  1  0  0.938300 -0.344307 -0.016313  1.139814  -4
  1  0  0.938300 -0.027978 -0.461012  1.103375  -9
  1  0  0.938300 -0.347055 -0.315169  0.600643  -3
  1  0  0.938300 -0.234759 -0.213230  0.646184  -2
  1  0  0.938300  0.007184  0.132323  0.225669  -8
  1  0  0.938300  0.012310  0.277861  0.668966  -5
  1  0  0.938300 -0.454351  0.514090  0.224937  -3
  1  0  0.938300 -0.050830  0.024357  0.708970  -7
  1  0  0.938300  0.363921 -0.206075  0.170066  -2
  1  0  0.938300  0.068541 -0.039379  0.517528  -2
  1  0  0.938300  0.271921  0.130411  0.535842  -6
  1  0  0.938300  0.095372  0.445404  0.887492  -3
  1  0  0.938300 -0.302390 -0.093554  0.703556  -7
  1  0  0.938300 -0.180070 -0.370637  0.525422  -2
  1  0  0.938300 -0.264443 -0.062931  0.312996  -4
  1  0  0.938300  0.133026  0.173618  0.767457  -1
  1  0  0.938300 -0.037817 -0.031367  0.942055  -1
  1  0  0.938300 -0.120148  0.559383  0.446801  -2
  1  0  0.938300  0.334652 -0.058315  0.242960  -2
  1  0  0.938300  0.595345  0.040367  0.584300  -3
  1  0  0.938300 -0.207700  0.141080  0.726837  -8
  1  0  0.938300  0.425037  0.240334  0.719159  -3
  1  0  0.938300  0.102445 -0.188161  0.008249  -3
  1  0  0.938300 -0.090706  0.061044  0.624622  -2
  1  0  0.938300  0.078289  0.722024  0.674606  -3
  1  0  0.938300 -0.204861  0.193408  1.394933  -5
  1  0  0.938300 -0.023273 -0.395151  0.401802  -8
  1  0  0.938300  0.151742 -0.191424  0.801362  -4
  1  0  0.938300  0.172162  0.160088  0.445641  -4
  1  0  0.938300  0.007750 -0.064761  1.066005  -1
  1  0  0.938300 -0.095495  0.197517  0.394071  -6
  1  0  0.938300 -0.322706  0.252255  0.727731 -10
  1  0  0.938300 -0.005184  0.145599  0.383759  -9
  1  0  0.938300 -0.157648 -0.276028  1.145764  -3
  1  1  0.938300  0.810767 -0.311080  0.638119  -7
  1  1  0.938300 -0.451316 -0.297140  0.354987  -5
  1  0  0.938300  0.221077 -0.173183  0.587148  -3
  1  0  0.938300 -0.061144 -0.400428  0.000009  -6
  1  0  0.938300  0.254721  0.091586  0.816197  -3
  1  0  0.938300  0.279398 -0.165487  0.806987  -4
  1  0  0.938300  0.029138  0.129704 -0.000072  -8
  1  0  0.938300  0.153138 -0.097098  0.697313  -2
  1  0  0.938300 -0.082492 -0.047885  0.868188  -4
  1  0  0.938300  0.099996  0.073486  0.658819  -4
  1  0  0.938300  0.162857 -0.038470  0.507211  -5
  1  1  0.938300 -0.109375 -0.253626  0.125452  -4
  1  0  0.938300 -0.379663  0.145468  0.274621  -4
  1  0  0.938300  0.038571  0.160941  0.887319  -3
  1  0  0.938300  0.252754 -0.067851  0.593534  -5
  1  0  0.938300 -0.061892 -0.643451  0.576781  -6
  1  0  0.938300 -0.425410 -0.371535  0.314200  -2
  1  0  0.938300 -0.099759 -0.200508  0.887844  -8
  1  0  0.938300  0.342740  0.291131  0.746257  -3
  1  0  0.938300 -0.170684 -0.219607  0.518214 -10
  1  0  0.938300 -0.191237 -0.062790  0.608669  -3
  1  0  0.938300  0.027216 -0.032421  0.630669  -3
  1  0  0.938300  0.268535 -0.082708  0.634059  -2
  1  0  0.938300  0.196211  0.067378  0.701942  -2
  1  0  0.938300  0.009425 -0.311269  0.830912  -4
  1  0  0.938300  0.024121  0.233903  0.816337  -5
  1  0  0.938300 -0.020588 -0.036804  0.949791  -1
  1  0  0.938300  0.128185  0.113106  0.204105  -2
  1  0  0.938300  0.053428  0.144069  0.536541  -6
  1  0  0.938300  0.041325  0.115461  0.521055  -4
  1  0  0.938300 -0.306320 -0.025691 -0.036080  -7
  1  0  0.938300 -0.091179  0.142739  0.320281  -3
  1  1  0.938300 -0.152164  0.442376  0.944434  -3
  1  0  0.938300  0.110455  0.203992  0.406498  -4
  1  0  0.938300 -0.576959  0.029239  0.497633  -8
  1  0  0.938300 -0.026410 -0.484015  0.684228  -6
  1  0  0.938300 -0.122625 -0.258215  0.458225  -6
  1  0  0.938300  0.142481 -0.037985  0.550312  -6
  1  0  0.938300  0.015302 -0.055801  0.121035  -5
  1  0  0.938300  0.079288  0.118091  0.752714  -2
  1  0  0.938300 -0.155920  0.031965  0.307479  -4
  1  0  0.938300  0.153036  0.100660  0.378592  -2