  1  1  0.938300  0.042245 -0.118684  0.432783   6
  1  1  0.938300  0.151619  0.205971  0.246968   2
  1  1  0.938300  0.068684  0.445509  0.640885   2
  1  1  0.938300  0.221330 -0.464974  0.348779   3
  1  1  0.938300  0.135128 -0.208091  0.167873   5
  1  1  0.938300  0.122081 -0.268613  0.143868   3
  1  1  0.938300 -0.143799  0.217793  0.987122   7
  1  1  0.938300  0.036517 -0.175461 -0.032109   2
  1  1  0.938300  0.358538 -0.197988  0.767100   3
  1  1  0.938300  0.001573  0.495675  0.521066   6
  1  1  0.938300 -0.263140  0.001906  0.293025   5
  1  1  0.938300  0.135157  0.157484  0.281842   4
  1  1  0.938300 -0.406693  0.302902  0.326144   2
  1  1  0.938300 -0.354415  0.104887  0.173761   4
  1  1  0.938300 -0.101376  0.132108  0.014934   1
  1  1  0.938300  0.135045  0.349768  0.487921   6
  1  1  0.938300  0.052009  0.365218  1.103141   6
  1  1  0.938300 -0.255274 -0.123826 -0.021327   2
  1  0  0.938300 -0.229526  0.025967  0.474397   5
  1  1  0.938300 -0.093664  0.439886  0.713376   5
  1  1  0.938300  0.214922  0.030650  0.192886   4
  1  1  0.938300 -0.116282  0.414089  0.833343   5
  1  1  0.938300  0.095540  0.262920  0.259465   6
  1  1  0.938300  0.075320  0.183353  0.617957   2
  1  1  0.938300  0.029515  0.333384  0.467598   3
  1  1  0.938300  0.286431 -0.276976  0.377775   3
  1  1  0.938300 -0.284014  0.512985  0.375668   2
  1  1  0.938300 -0.047150  0.056586  0.325362   4
  1  1  0.938300 -0.389892  0.093351  0.632394   2
  1  1  0.938300 -0.518305 -0.340671  1.108760   8
  1  1  0.938300 -0.002485 -0.538127  0.445320   4
  1  1  0.938300  0.200765 -0.163471  0.389790   2
  1  1  0.938300 -0.529620 -0.162478  0.338518   8
  1  1  0.938300  0.109286 -0.185730  0.669902   4
  1  1  0.938300  0.290915  0.445814  0.272151   5
  1  1  0.938300 -0.166048  0.122253  0.490444   4
  1  0  0.938300  0.063164  0.072706  0.439031   9
  1  1  0.938300  0.127358  0.039589  0.015177   1
  1  1  0.938300  0.351159  0.466172  0.622392   5
  1  0  0.938300  0.128858  0.393049  0.463739   7
  1  1  0.938300 -0.069958 -0.474599  0.520947   3
  1  1  0.938300  0.654179 -0.244583  0.438822   5
  1  1  0.938300  0.214874  0.441284  0.498181   3
  1  1  0.938300  0.111808 -0.043690  0.452354   4
  1  1  0.938300 -0.044738  0.160805  0.560985   5
  1  1  0.938300 -0.254621  0.448816  0.640520   3
  1  1  0.938300 -0.484695 -0.000470  0.278103   5
  1  1  0.938300 -0.074318 -0.393009  0.019563   3
  1  1  0.938300 -0.226352  0.276450  0.816759   2
  1  1  0.938300  0.385952  0.106720  0.588569   2
  1  1  0.938300 -0.050248 -0.117278  0.166782   1
  1  1  0.938300  0.077564  0.549192  0.408656   2
  1  0  0.938300 -0.034836 -0.126395  0.088471   9
  1  1  0.938300 -0.039940  0.014959 -0.044329   3
  1  1  0.938300 -0.042525 -0.039012  0.439146   2
  1  1  0.938300  0.108960  0.058525  0.066872   1
  1  1  0.938300  0.015256  0.355089 -0.071529   2
  1  1  0.938300 -0.288623 -0.024108  0.502914   2
  1  1  0.938300 -0.037621  0.074004  0.425175   1
  1  1  0.938300 -0.121217 -0.293968  0.203365   3
  1  1  0.938300  0.063269  0.204699 -0.021928   2
  1  1  0.938300 -0.426817 -0.223895  0.968453   7
  1  1  0.938300 -0.084202 -0.237003  0.358633  10
  1  1  0.938300  0.061787 -0.328511  0.300052   4
  1  1  0.938300  0.022886 -0.053923 -0.063114   3
  1  1  0.938300  0.167265 -0.240140  0.356507   7
  1  1  0.938300  0.077985  0.218126  0.039021   2
  1  1  0.938300  0.421731  0.037955  0.246561   3
  1  1  0.938300  0.305424  0.316077  1.082333   3
  1  1  0.938300  0.127190  0.003357  0.470546   5
  1  1  0.938300 -0.268607  0.448188  0.227700   2
  1  1  0.938300  0.120046  0.053327  0.876194   3
  1  1  0.938300  0.061527 -0.183307  0.620681   6
  1  1  0.938300 -0.331380  0.129028  0.344883   8
  1  1  0.938300  0.037572 -0.419074  0.398679   3
  1  1  0.938300 -0.091527 -0.546079  0.218249   2
  1  1  0.938300 -0.431183 -0.143210  1.059321   5
  1  1  0.938300 -0.099098 -0.018699  0.638485   7
  1  1  0.938300  0.400695  0.384700  0.893099   6
  1  0  0.938300  0.149913 -0.247838  0.640150   7
  1  0  0.938300  0.054636  0.387097  0.708028   2
  1  0  0.938300  0.372410  0.187171  0.280683   6
  1  0  0.938300 -0.073217  0.305046  0.359915   3
  1  0  0.938300  0.047557  0.094187  0.157111   2
  1  0  0.938300 -0.333565 -0.441314  0.527817   4
  1  0  0.938300 -0.193313 -0.103713  0.767143   3
  1  0  0.938300 -0.020435 -0.228536  0.172491   2
  1  0  0.938300 -0.193670 -0.364922  0.366743   2
  1  0  0.938300  0.024796 -0.110783  0.295955   3
  1  0  0.938300  0.100593 -0.182060  0.256468   3
  1  0  0.938300 -0.178695  0.044771  0.138258   8
  1  0  0.938300  0.257118 -0.081054  0.605617   3
  1  0  0.938300  0.096726  0.106361  0.534114   3
  1  0  0.938300  0.291315 -0.141354  0.913203   5
  1  0  0.938300 -0.211520  0.238524  0.735643   5
  1  0  0.938300 -0.116870  0.317971  0.610655   4
  1  0  0.938300  0.217967  0.102687  0.296670   3
  1  0  0.938300  0.137609 -0.142782  0.698300   3
  1  0  0.938300 -0.250414  0.543244  0.523667   6
  1  0  0.938300 -0.210250 -0.208943  0.113232   2
  1  0  0.938300 -0.268577  0.159375  0.231115   4
  1  0  0.938300 -0.136045 -0.019928  0.213252   1
  1  0  0.938300  0.021176  0.043758  0.449150   4
  1  0  0.938300 -0.240010  0.021002  0.427437   2
  1  0  0.938300  0.100081 -0.005912  0.459577   8
  1  0  0.938300 -0.008883 -0.259979  1.105240   2
  1  0  0.938300  0.126570  0.127031  0.266844   2
  1  0  0.938300 -0.008820 -0.300866  0.818497   3
  1  0  0.938300  0.117491 -0.267304  0.694963  10
  1  0  0.938300 -0.510010 -0.058670  0.483015   4
  1  0  0.938300 -0.091339 -0.665944  0.852002   6
  1  0  0.938300 -0.295449 -0.020101  0.441069   3
  1  0  0.938300 -0.077451  0.431658  0.842010   3
  1  0  0.938300  0.022246  0.063547  0.320502   4
  1  0  0.938300 -0.015075 -0.008572  0.293339   7
  1  0  0.938300  0.357694 -0.161424  0.774716   5
  1  0  0.938300 -0.381321 -0.068055  0.583424   2
  1  0  0.938300  0.049530 -0.092675  0.208575   4
  1  0  0.938300 -0.048269  0.400494  0.926595   4
  1  0  0.938300 -0.003585 -0.030815  0.194539   1
  1  0  0.938300 -0.038360  0.383632  0.214331   2
  1  0  0.938300 -0.234436  0.578636  0.335865   2
  1  0  0.938300 -0.024949  0.282644  0.308960   2
  1  0  0.938300  0.025692  0.205469  0.724787   2
  1  0  0.938300  0.185602 -0.086922  0.165299   2
  1  0  0.938300 -0.069557 -0.329252  0.415829   2
  1  0  0.938300 -0.178149 -0.150532  0.465410   5
  1  0  0.938300 -0.289654  0.209500  0.507515   4
  1  0  0.938300 -0.280789  0.014374  0.607321   2
  1  0  0.938300 -0.091658  0.265605  0.280483   5
  1  1  0.938300  0.213785  0.135769  0.334734   9
  1  0  0.938300  0.144921 -0.042140 -0.010806   1
  1  0  0.938300  0.233185 -0.111200  0.551936  14
  1  0  0.938300 -0.133263 -0.245605  0.336865   5
  1  0  0.938300  0.215740 -0.061219  0.643617   2
  1  0  0.938300 -0.133462  0.066208  0.126174   1
  1  0  0.938300  0.066635  0.002532  0.080962   6
  1  0  0.938300 -0.113362 -0.023020  0.267257   3
  1  0  0.938300  0.061017 -0.248525  0.173274   2
  1  0  0.938300 -0.180611  0.135392  0.326505   5
  1  0  0.938300 -0.011534  0.130563  0.821197   5
  1  0  0.938300  0.195793 -0.234053  0.516808   4
  1  0  0.938300  0.795198  0.303565  0.943548   2
  1  0  0.938300 -0.033846 -0.118377  0.498996   7
  1  1  0.938300  0.139076 -0.168139  0.492485   5
  1  0  0.938300 -0.183789 -0.047686  0.327013   1
  1  0  0.938300 -0.169107 -0.288485  0.432198   3
  1  0  0.938300 -0.489032  0.024793  0.132353   2
  1  0  0.938300  0.163441  0.029030  0.533837   3
  1  0  0.938300  0.105949  0.249174  0.702937   3
  1  0  0.938300  0.100459  0.052493  0.691005   4
  1  0  0.938300  0.044665 -0.308250  0.154973   3
  1  0  0.938300 -0.161713 -0.136552 -0.085995   2
  1  0  0.938300 -0.376698  0.187841  0.224605   3
  1  0  0.938300  0.000783  0.159344  0.271552   2
  1  1  0.938300  0.062859 -0.367658  0.332210   8
  1  0  0.938300  0.123939 -0.233346  0.289163   5
  1  0  0.938300 -0.357440  0.163136  0.070288   2
  1  0  0.938300 -0.029941 -0.079426  0.445757   5
  1  0  0.938300 -0.076970 -0.342143  0.575163   2
  1  0  0.938300 -0.241687 -0.357565  0.152485   5
  1  0  0.938300  0.303961 -0.276758  0.116949   7
  1  0  0.938300  0.372476 -0.256767  0.873618   6
  1  1  0.938300  0.259385  0.387570  0.355676   9
  1  0  0.938300 -0.355228 -0.117293  1.074773   9
  1  0  0.938300 -0.161678  0.179855  0.623248   3
  1  0  0.938300 -0.064780 -0.027378  0.022648   1
  1  0  0.938300 -0.011201 -0.218125  0.852380   2
  1  0  0.938300 -0.383258 -0.257649  0.891889   3
  1  0  0.938300  0.190692  0.790559  0.859699   6
  1  0  0.938300  0.042824  0.173581  0.083965   2
  1  0  0.938300 -0.156950 -0.252381  0.624045   2
  1  0  0.938300 -0.145557 -0.208884  1.098287   7
  1  0  0.938300  0.462792 -0.100412  0.411783   6
  1  0  0.938300  0.052553  0.121887  0.321530   1
  1  0  0.938300  0.095294 -0.032246  0.768174   5
  1  0  0.938300  0.620261 -0.095001  0.794597   5
  1  0  0.938300  0.172052  0.291157  0.196386   7
  1  0  0.938300  0.086308 -0.008597  0.314086   1
  1  0  0.938300 -0.049794 -0.132943  0.608547   3
  1  0  0.938300 -0.100702 -0.010692  0.233952   3
  1  0  0.938300 -0.289149 -0.171223  0.190634   2
  1  0  0.938300 -0.267907 -0.728384  0.132662   4
  1  0  0.938300 -0.042513  0.621796  0.502688   2
  1  0  0.938300  0.045029 -0.344889  0.535306   6
  1  0  0.938300 -0.223868 -0.031439  0.323291   2
  1  0  0.938300  0.245294 -0.106055  0.840511   6
  1  0  0.938300 -0.375221  0.014960  0.494497   3
  1  0  0.938300  0.236385 -0.371457  0.684958   2
  1  0  0.938300 -0.130628 -0.425883  0.388152   4
  1  0  0.938300  0.533488  0.208649  0.520662   4
  1  0  0.938300  0.027806 -0.210468  0.245811   3
  1  0  0.938300  0.169722 -0.196953  0.828144   5
  1  0  0.938300 -0.114722  0.054019  0.705404   3
  1  0  0.938300 -0.067791 -0.070618  0.186342   2
  1  0  0.938300  0.427571 -0.152780  0.053547   6
  1  0  0.938300  0.321990  0.241476  0.474122   3
  1  1  0.938300 -0.154335 -0.015764  0.894633  -2
  1  1  0.938300 -0.353387  0.019362  0.322777  -3
  1  1  0.938300 -0.200403 -0.205198  0.780705  -7
  1  1  0.938300  0.052584  0.220072  0.587883  -5
  1  1  0.938300 -0.330055  0.564666  0.741152  -2
  1  1  0.938300  0.182432  0.125433  0.691152  -6
  1  1  0.938300 -0.425224  0.013263  0.438233  -2
  1  1  0.938300  0.477430 -0.081817  0.430828  -2
  1  1  0.938300  0.146177  0.325973  0.114059  -5
  1  1  0.938300  0.630001 -0.070657  0.706781  -3
  1  1  0.938300 -0.267444 -0.199922  0.585945  -2
  1  1  0.938300 -0.127167  0.124359  0.313952  -3
  1  1  0.938300  0.264636 -0.526920  0.305846  -3
  1  0  0.938300 -0.214247 -0.451712  0.336814  -2
  1  1  0.938300 -0.314858  0.429488  0.390598  -3
  1  1  0.938300 -0.547068 -0.179135  0.478435  -2
  1  1  0.938300  0.089612  0.055092  0.610290  -2
  1  1  0.938300  0.211625  0.098805 -0.020600  -5
  1  1  0.938300  0.616618 -0.085967  0.216447  -4
  1  1  0.938300 -0.090665  0.063047  1.001009  -2
  1  1  0.938300  0.381577  0.022307  0.349857  -6
  1  1  0.938300  0.181603 -0.225266  0.405314  -5
  1  1  0.938300 -0.331528  0.372760 -0.071123  -9
  1  1  0.938300 -0.316378 -0.039418  0.314489  -4
  1  1  0.938300 -0.091630  0.063865  0.476872  -3
  1  0  0.938300  0.083860  0.246175  0.174239  -4
  1  1  0.938300 -0.254622  0.214722  0.339968  -5
  1  1  0.938300 -0.008400 -0.052250  0.962644  -1
  1  1  0.938300 -0.560760  0.465050  0.403301  -5
  1  1  0.938300 -0.019550 -0.327126  0.298230  -6
  1  1  0.938300 -0.033512  0.394491  0.564995  -2
  1  1  0.938300  0.039811 -0.305614  0.883227  -6
  1  1  0.938300 -0.379163  0.184475  0.916413  -3
  1  1  0.938300 -0.145925  0.085709  0.310236  -4
  1  1  0.938300  0.270339 -0.023029  0.826734  -1
  1  1  0.938300  0.345297  0.212553  0.366701  -4
  1  1  0.938300  0.110385 -0.084327  0.588685  -2
  1  1  0.938300  0.522384 -0.070691  0.284737  -3
  1  1  0.938300 -0.398975  0.417845  0.174926  -3
  1  1  0.938300 -0.071645  0.016253  0.548896  -5
  1  1  0.938300  0.138849 -0.366863  0.124273  -4
  1  1  0.938300  0.280148 -0.355932  0.469692  -6
  1  1  0.938300 -0.087045 -0.278543  0.466034  -6
  1  1  0.938300 -0.356725 -0.125636 -0.022163  -3
  1  1  0.938300  0.112713 -0.135537  0.355909  -2
  1  1  0.938300  0.048983  0.416300  0.248134  -4
  1  1  0.938300 -0.463703  0.629019  0.915678  -4
  1  1  0.938300  0.060863  0.064233  0.660573  -3
  1  1  0.938300  0.622742 -0.122451  0.330581  -5
  1  1  0.938300  0.304588 -0.332646  0.372783  -5
  1  1  0.938300  0.091883 -0.393657  0.795748  -2
  1  1  0.938300  0.373385 -0.472793  0.736689  -4
  1  1  0.938300  0.044296 -0.312662  0.524826  -4
  1  1  0.938300 -0.126823  0.056222  0.764400  -1
  1  1  0.938300 -0.438786  0.383994  0.745812  -3
  1  1  0.938300 -0.140738  0.061920  0.200068  -4
  1  1  0.938300 -0.318026 -0.124710  0.364982  -5
  1  1  0.938300 -0.222771  0.108919  0.295929  -7
  1  1  0.938300  0.943914 -0.024974  1.050033  -3
  1  1  0.938300 -0.226667  0.252956 -0.217471  -3
  1  1  0.938300 -0.077451 -0.044839  1.067563  -1
  1  1  0.938300 -0.083853  0.018502  0.488155  -6
  1  1  0.938300  0.217228  0.461420  0.431341  -4
  1  1  0.938300  0.331965  0.518956  0.736096  -3
  1  1  0.938300  0.217068  0.053949  0.881157  -2
  1  1  0.938300  0.591518 -0.025262  0.717906  -4
  1  1  0.938300 -0.103932  0.223537  0.735900  -2
  1  1  0.938300  0.423246 -0.075029  0.412431  -4
  1  1  0.938300 -0.209535 -0.062799  0.894492  -1
  1  1  0.938300 -0.110438  0.035282  0.856984  -1
  1  1  0.938300 -0.268080 -0.106321  0.659099  -3
  1  1  0.938300 -0.277705  0.170688  0.364763  -4
  1  1  0.938300 -0.116159 -0.268999  0.491148  -4
  1  1  0.938300  0.254474  0.163092  0.850871  -5
  1  1  0.938300  0.606094  0.103696  0.181436  -5
  1  1  0.938300  0.059015 -0.197489  0.420046  -3
  1  1  0.938300  0.494576  0.186003  0.361995  -3
  1  1  0.938300 -0.077323  0.038422  0.859035  -1
  1  1  0.938300  0.123186 -0.337161  0.577761  -5
  1  0  0.938300  0.428230  0.220377  0.681640  -5
  1  0  0.938300  0.592696  0.099998  0.578535  -4
  1  0  0.938300 -0.048375 -0.447493  0.578145  -2
  1  0  0.938300  0.110122 -0.135251  0.741692  -3
  1  0  0.938300 -0.095193 -0.026933  0.552016  -2
  1  0  0.938300 -0.452448  0.013006  1.073108  -6
  1  0  0.938300  0.390075  0.023654  0.423317  -5
  1  0  0.938300 -0.092691  0.167893  0.328211  -2
  1  0  0.938300 -0.241096 -0.060693  0.759132  -2
  1  0  0.938300 -0.018057 -0.029807  0.816167  -6
  1  0  0.938300 -0.198917  0.107691  0.926102  -9
  1  0  0.938300  0.265405  0.181990  0.835115  -7
  1  0  0.938300 -0.231404  0.170195  0.624351  -7
  1  0  0.938300 -0.089732  0.322154  1.030126  -2
  1  0  0.938300 -0.301572  0.089345  0.121676  -5
  1  0  0.938300 -0.076464 -0.038310  0.607653  -3
  1  0  0.938300 -0.378059 -0.405503  0.907929  -3
  1  0  0.938300  0.027093  0.049880  0.641079  -5
  1  0  0.938300  0.017403  0.344615  0.653628  -8
  1  0  0.938300 -0.157554  0.203267  0.275943  -4
  1  0  0.938300 -0.184447 -0.048745  0.772819  -9
  1  0  0.938300 -0.272900 -0.440794  0.389508  -4
  1  0  0.938300 -0.410702  0.116677  0.620263  -3
  1  0  0.938300  0.297839 -0.342586  0.761702  -3
  1  0  0.938300 -0.197883 -0.004378  0.327424  -6
  1  0  0.938300 -0.056096 -0.140224  0.296750  -3
  1  0  0.938300 -0.323481  0.105723  0.621942  -4
  1  0  0.938300  0.011793 -0.151166  0.319530  -7
  1  0  0.938300 -0.144987  0.173963 -0.007223  -3
  1  0  0.938300 -0.247523 -0.144971  0.174252  -6
  1  0  0.938300 -0.012245 -0.157773  0.179358  -2
  1  0  0.938300  0.210342 -0.389152  0.752179  -2
  1  0  0.938300  0.028304  0.072882  0.380238  -6
  1  0  0.938300  0.244594 -0.451003  0.384760  -4
  1  1  0.938300 -0.613873 -0.322697  0.687201  -3
  1  0  0.938300  0.043167  0.367706  0.196305  -5
  1  0  0.938300  0.036566 -0.028726  0.958352  -1
  1  0  0.938300  0.052871  0.095540  1.205508  -2
  1  0  0.938300  0.020298  0.341962  0.297772  -2
  1  0  0.938300  0.017653 -0.169446  0.932103  -2
  1  0  0.938300 -0.004633 -0.188071  0.473803  -4
  1  0  0.938300 -0.095730  0.053805  1.013789  -1
  1  0  0.938300 -0.329869  0.065692  0.288089  -7
  1  0  0.938300 -0.009048  0.081329  0.500903  -3
  1  0  0.938300  0.458829  0.465655 -0.032821  -4
  1  0  0.938300  0.490542 -0.341946  0.533122  -6
  1  0  0.938300 -0.296235  0.151173  0.841746  -4
  1  0  0.938300  0.118749  0.027745  0.665882  -2
  1  0  0.938300 -0.003186  0.114526  0.466498  -8
  1  0  0.938300 -0.108700 -0.227026  0.790575  -2
  1  0  0.938300  0.030550 -0.176536  0.524720  -2
  1  0  0.938300  0.134950  0.091540  0.743799  -3
  1  0  0.938300 -0.371817  0.059726  0.813833  -5
  1  0  0.938300  0.069349 -0.080107  0.216107  -4
  1  0  0.938300  0.234544  0.352490  0.443057  -2
  1  0  0.938300  0.092872 -0.461807  0.465583  -2
  1  0  0.938300 -0.059026 -0.063284  0.296816  -4
  1  0  0.938300  0.227032 -0.274710 -0.278454  -4
  1  0  0.938300 -0.314736  0.140766  1.226975  -2
  1  0  0.938300 -0.037811 -0.080186 -0.165135  -4
  1  0  0.938300  0.102291 -0.036349  0.324413  -4
  1  0  0.938300  0.156473 -0.052588  0.535706 -10
  1  0  0.938300 -0.251903 -0.076903  0.102233 -10
  1  0  0.938300  0.235024  0.136134  1.003115  -4
  1  0  0.938300  0.195791 -0.038823  0.260935  -8
  1  0  0.938300  0.642965 -0.180492  0.525242  -4
  1  0  0.938300 -0.149535 -0.058578  0.767925  -1
  1  0  0.938300  0.030191 -0.332854  0.306428  -2
  1  0  0.938300 -0.000161 -0.193839  0.166574  -6
  1  0  0.938300  0.158332 -0.330348  0.644653  -8
  1  0  0.938300  0.160998  0.230999  0.585732  -4
  1  0  0.938300  0.025442  0.094202  0.630965  -4
  1  0  0.938300 -0.002991  0.248679  0.628568  -4
  1  1  0.938300 -0.204573 -0.219347 -0.198663  -7
  1  0  0.938300 -0.203034 -0.264944  0.938160  -4
  1  0  0.938300  0.041071  0.425870 -0.029902  -7
  1  0  0.938300 -0.057434  0.026948  0.563593  -3
  1  0  0.938300 -0.044926 -0.633683  0.695774  -3
  1  0  0.938300  0.184182  0.482585  0.276856  -7
  1  0  0.938300  0.113385  0.047888  0.120120  -8
  1  0  0.938300 -0.575482  0.143503  0.523770  -8
  1  0  0.938300  0.446470  0.211174  0.857028  -3
  1  0  0.938300  0.023915 -0.040856  0.160422  -6
  1  0  0.938300 -0.120605  0.013456  0.700800  -2
  1  0  0.938300 -0.130127  0.118328  1.012924  -2
  1  0  0.938300  0.062066 -0.028059  0.497842  -4
  1  0  0.938300  0.003760 -0.309858  0.297179  -4
  1  0  0.938300 -0.088431  0.038709  0.974172  -1
  1  0  0.938300  0.341161  0.562748  0.587917  -7
  1  0  0.938300 -0.101376  0.089113  0.130399  -3
  1  0  0.938300  0.205358  0.085290  0.283691  -3
  1  0  0.938300  0.281324 -0.169770  0.781969  -5
  1  0  0.938300 -0.509190  0.358198  0.494064  -6
  1  0  0.938300 -0.190320  0.033447  1.114308  -1
  1  0  0.938300 -0.173578 -0.053803  0.867537  -2
  1  0  0.938300  0.033259 -0.163097  0.569757  -4
  1  0  0.938300 -0.100880  0.018699  0.745802  -4
  1  0  0.938300 -0.152800 -0.139896  0.814596  -7
  1  0  0.938300 -0.261524 -0.477224  0.461365  -5
  1  0  0.938300 -0.106192  0.045535  0.398207  -2
  1  0  0.938300 -0.257238 -0.072537  0.557968  -3
  1  0  0.938300  0.002342  0.242799  0.538197  -2
  1  0  0.938300 -0.152572  0.201630  0.333539  -2
  1  0  0.938300  0.068925 -0.282250  0.749094  -9
  1  0  0.938300  0.193698 -0.180997  0.839721  -3
  1  0  0.938300 -0.261039 -0.003100  0.231948  -3
  1  0  0.938300  0.138996  0.170578  0.098465  -5
  1  0  0.938300  0.207885 -0.144053  0.385701  -5
  1  0  0.938300  0.008945 -0.237598  0.435184  -4
  1  0  0.938300  0.315637 -0.029821  0.319893  -6
  1  0  0.938300 -0.360521  0.097294  0.193594  -7
  1  0  0.938300  0.104318 -0.047484  1.175269  -2
  1  0  0.938300  0.060910 -0.081900  0.204245  -7
  1  0  0.938300 -0.073172  0.116919  0.373207  -2
  1  0  0.938300 -0.206368  0.433328  0.367934  -3
  1  0  0.938300  0.324741  0.323668  0.619482  -5
  1  0  0.938300  0.138997 -0.041992  0.353611  -6
  1  0  0.938300 -0.015974  0.031141  1.199680  -1