  1  1  0.938300  0.222205 -0.191003  0.151931   4
  1  1  0.938300 -0.269222  0.104850  0.515237   4
  1  1  0.938300  0.324679  0.539849  0.377350   2
  1  1  0.938300  0.058969  0.294689  0.083831   2
  1  1  0.938300  0.119736  0.162363  0.068905   3
  1  0  0.938300 -0.222585 -0.154760  0.094201   7
  1  1  0.938300  0.161401 -0.307389  0.491446   5
  1  1  0.938300 -0.479045 -0.495227  0.644235   3
  1  1  0.938300 -0.158556  0.125990  0.166938   2
  1  1  0.938300  0.015382  0.176234  0.056458   1
  1  1  0.938300 -0.016863  0.145202  0.395174   3
  1  0  0.938300 -0.072696 -0.426614  0.255874   3
  1  1  0.938300  0.257492 -0.172354  0.436512   3
  1  1  0.938300 -0.000482 -0.163973  0.794239   4
  1  1  0.938300  0.025018  0.009807 -0.102491   1
  1  1  0.938300 -0.060381 -0.040406  0.145398   1
  1  1  0.938300 -0.166860 -0.234740  0.813350   3
  1  1  0.938300 -0.157251  0.060666  0.189653   4
  1  1  0.938300  0.218650 -0.048779  0.055676   3
  1  1  0.938300  0.088662  0.052432  0.184549   2
  1  1  0.938300 -0.611884 -0.318103  0.352631   5
  1  1  0.938300  0.008715 -0.028896 -0.102042   1
  1  1  0.938300  0.131417  0.115465  0.409383   4
  1  0  0.938300 -0.284620 -0.209406  0.179993   6
  1  1  0.938300 -0.287511  0.198176  0.134099   3
  1  1  0.938300  0.031306  0.386320  0.322001   2
  1  1  0.938300  0.182349  0.006781  0.291881   1
  1  1  0.938300  0.060535 -0.025183  0.522152   6
  1  1  0.938300 -0.043866  0.283672  0.263400   4
  1  1  0.938300  0.584810 -0.230355  0.175063   3
  1  1  0.938300  0.397233 -0.005856  0.126894   2
  1  1  0.938300  0.262680  0.041841  0.213753   6
  1  1  0.938300  0.247696  0.235664  0.324621   3
  1  1  0.938300 -0.268200 -0.347402  0.624466   3
  1  1  0.938300  0.158798 -0.527858  1.086563   3
  1  1  0.938300 -0.030049  0.071723  0.364826   3
  1  1  0.938300 -0.233421 -0.580844  0.368919   2
  1  1  0.938300 -0.092218  0.199785  0.056631   1
  1  1  0.938300  0.142649 -0.214294  0.176187   1
  1  1  0.938300  0.220055  0.116116  0.413607   4
  1  1  0.938300  0.103376  0.316581  0.323010   3
  1  1  0.938300  0.155012 -0.355154  0.314992   4
  1  1  0.938300  0.015418  0.031669  0.150553   2
  1  1  0.938300  0.205486 -0.017471  0.324385   3
  1  1  0.938300  0.036393  0.233453  0.473612   4
  1  1  0.938300 -0.001510 -0.115165 -0.038758   1
  1  1  0.938300  0.040950 -0.107219  0.503291   4
  1  1  0.938300  0.013479  0.052932  0.450250   2
  1  1  0.938300  0.310361  0.427082  0.790247   3
  1  1  0.938300  0.149752 -0.020140 -0.005221   1
  1  1  0.938300  0.263842 -0.284055  0.322170   4
  1  1  0.938300 -0.158590  0.021679  0.457191   3
  1  1  0.938300 -0.423224 -0.260554  0.332594   2
  1  1  0.938300 -0.001652 -0.057699  0.126547   1
  1  1  0.938300 -0.235851 -0.045995  0.109262   6
  1  1  0.938300  0.028181 -0.028094  0.229438   2
  1  1  0.938300  0.054410 -0.162619 -0.076974   1
  1  1  0.938300  0.137658 -0.217767  0.345786   6
  1  1  0.938300 -0.162737 -0.062612  0.562626   8
  1  1  0.938300  0.029769 -0.177651  0.415114   3
  1  1  0.938300  0.008362  0.590858  0.176567   2
  1  1  0.938300  0.078228 -0.059130  0.750833   4
  1  1  0.938300 -0.205616  0.052618  0.352219   3
  1  0  0.938300  0.412695 -0.045044  0.155821   3
  1  1  0.938300 -0.087507 -0.234534  0.834417   3
  1  1  0.938300 -0.062282  0.063164  0.222677   1
  1  1  0.938300 -0.335254  0.157655  0.165360   2
  1  1  0.938300 -0.200963 -0.243009  0.149898   2
  1  1  0.938300 -0.113221 -0.055621  0.768450   6
  1  1  0.938300  0.357270 -0.198256 -0.033840   7
  1  1  0.938300  0.050530 -0.019330  0.588120   6
  1  1  0.938300 -0.180691  0.022852  0.136787   1
  1  1  0.938300 -0.173975 -0.098125 -0.056277   3
  1  1  0.938300 -0.022388  0.212289  0.257525   5
  1  1  0.938300  0.555541  0.125933  0.465664   4
  1  1  0.938300 -0.115923 -0.255058  0.681990   3
  1  1  0.938300 -0.476321 -0.412848  0.213580   3
  1  1  0.938300 -0.102933 -0.275559  0.523897   4
  1  1  0.938300 -0.099530 -0.547421  0.647127   3
  1  0  0.938300  0.042196 -0.109732 -0.007226   2
  1  0  0.938300  0.254332  0.535364  0.222606   5
  1  1  0.938300  0.220295 -0.065098  0.631516   2
  1  0  0.938300 -0.048188 -0.126369  0.614861   2
  1  0  0.938300  0.180526 -0.233736 -0.006055   2
  1  0  0.938300  0.050052  0.488707  0.791007   7
  1  0  0.938300 -0.169701 -0.238392  0.363221   5
  1  0  0.938300 -0.023971  0.222721  0.394112   3
  1  0  0.938300 -0.234064 -0.193999  0.337620   6
  1  0  0.938300 -0.260587 -0.236149  0.541992   6
  1  0  0.938300 -0.021157  0.125788  0.202543   6
  1  0  0.938300  0.147541  0.230527  0.828926   3
  1  0  0.938300 -0.116533 -0.132552  0.161342   5
  1  0  0.938300  0.188070  0.080247  0.135597   4
  1  0  0.938300  0.244477  0.077645  0.380227   2
  1  0  0.938300  0.424142 -0.447598  0.341544   3
  1  0  0.938300 -0.648250  0.207349  0.234110   2
  1  0  0.938300  0.045867 -0.093003  0.283239   4
  1  0  0.938300 -0.060320  0.350268  0.285111   5
  1  0  0.938300 -0.221939 -0.044861  0.609228   3
  1  0  0.938300 -0.293435 -0.381975  0.289667   4
  1  0  0.938300 -0.072348 -0.429962  0.341284   2
  1  0  0.938300  0.013670 -0.008170  0.870982   6
  1  1  0.938300 -0.300272 -0.377584  0.166190   3
  1  0  0.938300 -0.304261  0.035801  0.876638   4
  1  0  0.938300  0.058175  0.154657 -0.123934   4
  1  0  0.938300 -0.044041  0.139684  0.016380   1
  1  0  0.938300 -0.432265  0.364048  0.716968   5
  1  0  0.938300  0.226139  0.105353  0.657753   2
  1  0  0.938300 -0.318935  0.153877  0.125142   2
  1  0  0.938300 -0.098154 -0.041200  0.026188   1
  1  0  0.938300 -0.431097 -0.006068  0.101514   2
  1  0  0.938300 -0.002544  0.094601  0.223307   5
  1  0  0.938300  0.005711  0.323472  0.804828   6
  1  0  0.938300 -0.054935  0.177664  0.203405   1
  1  0  0.938300 -0.384820  0.201245  0.124902   6
  1  0  0.938300 -0.049600 -0.204654  0.295093   2
  1  0  0.938300  0.171725  0.228708  0.425335   5
  1  0  0.938300  0.219775 -0.231656  0.463174   2
  1  1  0.938300  0.035293 -0.005195  0.561619   7
  1  0  0.938300  0.134805  0.438133  0.930499   3
  1  0  0.938300 -0.115552  0.065464  0.781290   3
  1  0  0.938300  0.062033 -0.500217  0.118066   2
  1  0  0.938300 -0.421906  0.047727  0.607858   2
  1  0  0.938300  0.171452 -0.053158  0.328519   7
  1  0  0.938300  0.072023 -0.403663 -0.094345   2
  1  0  0.938300 -0.050773  0.024158 -0.191593   2
  1  0  0.938300 -0.589629 -0.006120  0.382839   2
  1  0  0.938300  0.234535 -0.172399  0.615240   3
  1  0  0.938300  0.503691 -0.734644  0.723048   4
  1  0  0.938300 -0.270798  0.304957  0.395031   7
  1  1  0.938300  0.024095  0.358479  0.250973   6
  1  0  0.938300 -0.033198 -0.120529 -0.030754   1
  1  0  0.938300  0.238801 -0.677849  0.430413   3
  1  0  0.938300  0.154051  0.223125  0.624509   6
  1  0  0.938300  0.064760  0.398947  0.516271   4
  1  0  0.938300 -0.281687  0.285276  0.732432   3
  1  0  0.938300 -0.078301  0.050334  0.062783   2
  1  1  0.938300  0.070670 -0.073290  0.303584   3
  1  0  0.938300  0.089512  0.030388 -0.115490   1
  1  0  0.938300  0.147396 -0.212825  0.635929   6
  1  0  0.938300 -0.020212  0.250142  0.106943   2
  1  0  0.938300 -0.213572 -0.387727  0.253994   5
  1  0  0.938300 -0.285775  0.058388  0.661705   4
  1  0  0.938300  0.090048  0.314767  0.264855   2
  1  0  0.938300 -0.088601  0.065714  0.401729   8
  1  1  0.938300  0.031080  0.025490  0.226653   8
  1  0  0.938300  0.338880  0.044088  0.392767   5
  1  0  0.938300 -0.091932  0.434013  0.534349   2
  1  0  0.938300  0.016076 -0.430568  0.222715   2
  1  0  0.938300 -0.069826  0.189420  0.576777   4
  1  0  0.938300  0.333084  0.293559  0.917664   3
  1  0  0.938300  0.105398 -0.066753  0.127796   2
  1  0  0.938300  0.076118  0.345829  0.183904   3
  1  0  0.938300 -0.286669 -0.181742  0.175018   4
  1  0  0.938300  0.623328  0.150210  0.270093   5
  1  0  0.938300  0.144927 -0.201425  0.799689   2
  1  0  0.938300 -0.124849 -0.174977  0.796670   4
  1  0  0.938300 -0.360121  0.265641  0.983471   6
  1  0  0.938300 -0.086387  0.166015  0.218967   2
  1  0  0.938300  0.180614  0.137697  0.706240   4
  1  0  0.938300  0.035398  0.220526  0.431835   5
  1  0  0.938300 -0.042904 -0.014529  0.279425   4
  1  0  0.938300 -0.033832 -0.118409  0.104916   3
  1  0  0.938300  0.157992  0.110104  0.382183   8
  1  0  0.938300 -0.393685  0.124250  0.143670   2
  1  0  0.938300 -0.228414 -0.319470  0.020039   2
  1  0  0.938300 -0.331693  0.142955  0.790923   2
  1  0  0.938300 -0.199539  0.193027  0.330801   6
  1  0  0.938300  0.162670  0.124502  0.546021   3
  1  0  0.938300 -0.330192  0.153448  0.311623   3
  1  0  0.938300  0.275166 -0.143694  0.358464   3
  1  0  0.938300  0.188129 -0.196035  0.159770   2
  1  0  0.938300 -0.263480  0.124725  0.325176   8
  1  0  0.938300  0.106355 -0.240683  0.513721   2
  1  0  0.938300 -0.294031  0.025934  0.775799   3
  1  0  0.938300 -0.177252 -0.261678  0.437736   3
  1  0  0.938300  0.030809 -0.173002  0.042783   1
  1  0  0.938300 -0.102206  0.061903  0.172360   2
  1  0  0.938300 -0.008713 -0.227245  1.114364   3
  1  0  0.938300 -0.008580  0.142053  0.793035   4
  1  0  0.938300 -0.082721  0.137628  0.630191   4
  1  0  0.938300 -0.047412  0.031255 -0.014042   1
  1  0  0.938300  0.010887  0.308855  0.771019   2
  1  0  0.938300 -0.208293 -0.097395  0.476454   3
  1  0  0.938300 -0.187937 -0.098576  0.074694   3
  1  0  0.938300  0.181439 -0.189608  0.681971   3
  1  0  0.938300  0.061352 -0.164011  0.214880   3
  1  0  0.938300 -0.054126 -0.130298  0.366877   6
  1  0  0.938300  0.187945 -0.004901  0.451357   5
  1  0  0.938300 -0.228597  0.194021  0.549859   4
  1  0  0.938300  0.050082  0.038421  0.472750   5
  1  0  0.938300 -0.475477 -0.393739  0.908603   4
  1  0  0.938300  0.089423  0.166932  0.221210   7
  1  0  0.938300 -0.169059  0.148787  0.774586   2
  1  0  0.938300  0.216354 -0.118311  0.997494   5
  1  0  0.938300 -0.228413  0.092912  0.000191   2
  1  0  0.938300 -0.186214  0.209136 -0.206409   4
  1  1  0.938300  0.063067 -0.319255  0.158884  -3
  1  1  0.938300  0.469496  0.066421  1.145369  -3
  1  1  0.938300  0.316572  0.152472  0.217557  -5
  1  1  0.938300  0.257395  0.087370  0.755583  -2
  1  1  0.938300 -0.156802  0.007834  1.129145  -1
  1  1  0.938300 -0.126034  0.076936  0.436082  -7
  1  1  0.938300  0.003921 -0.094484  0.694972  -1
  1  1  0.938300 -0.075227 -0.251146  0.093797  -4
  1  1  0.938300  0.085399 -0.339942  0.236573  -3
  1  0  0.938300  0.621019  0.016451  0.414215  -5
  1  1  0.938300  0.486005  0.771739  0.613042  -5
  1  1  0.938300  0.075911 -0.084245  0.872380  -2
  1  1  0.938300 -0.102895  0.034906  0.805615  -1
  1  1  0.938300 -0.104103  0.105826  0.408593  -7
  1  0  0.938300  0.223990 -0.004317  0.722918  -3
  1  1  0.938300  0.012880 -0.461944  0.014994  -2
  1  1  0.938300  0.233997  0.090835  0.919743  -3
  1  1  0.938300 -0.295715  0.086083  1.143237  -2
  1  1  0.938300  0.310547  0.495843  0.703451  -3
  1  1  0.938300  0.456296 -0.116798  0.903488  -3
  1  1  0.938300  0.163268  0.153928  0.693851  -1
  1  1  0.938300 -0.095017  0.037640  0.031524  -5
  1  1  0.938300 -0.013565  0.050727  0.781634  -1
  1  1  0.938300  0.287157  0.143764  0.583943  -4
  1  1  0.938300  0.217542  0.225832  0.326774  -2
  1  1  0.938300  0.302013 -0.119929  0.299785  -2
  1  1  0.938300  0.238009  0.037150  0.795914  -2
  1  1  0.938300 -0.121686  0.251445  0.424920  -3
  1  1  0.938300  0.092290 -0.078829  0.635043  -4
  1  1  0.938300  0.059763  0.211569  0.915662  -2
  1  0  0.938300  0.249786  0.316321  1.107937  -6
  1  1  0.938300  0.372999  0.050266  0.410683  -4
  1  1  0.938300 -0.096119  0.352738  1.098172  -2
  1  1  0.938300 -0.058274  0.197386  0.697408  -1
  1  1  0.938300 -0.282213  0.447754  0.225653  -5
  1  1  0.938300  0.005894 -0.475750  0.106006  -5
  1  1  0.938300  0.067861 -0.182348  0.854907  -1
  1  1  0.938300 -0.485538  0.043859  0.657445  -6
  1  1  0.938300  0.259964  0.070923  0.798165  -2
  1  0  0.938300 -0.220618 -0.345345  0.602649  -2
  1  1  0.938300 -0.182826  0.183950  0.495388 -10
  1  1  0.938300 -0.044507  0.047893  0.652427  -1
  1  1  0.938300  0.334114 -0.327127  0.297283  -4
  1  1  0.938300  0.043160 -0.008067  0.400756  -2
  1  1  0.938300 -0.166327 -0.402038  0.660426  -2
  1  1  0.938300 -0.024553  0.279245  0.409125  -4
  1  1  0.938300 -0.007734 -0.057311  0.277505  -4
  1  1  0.938300 -0.371830 -0.326330  0.867703  -3
  1  1  0.938300 -0.115747 -0.102982  0.086542  -2
  1  1  0.938300 -0.142876 -0.019287  0.521093  -1
  1  1  0.938300  0.180891 -0.150621  1.107794  -2
  1  1  0.938300  0.070591 -0.030705  0.603556  -5
  1  1  0.938300  0.409126 -0.297045  0.827808  -2
  1  1  0.938300  0.504578 -0.123808  0.936004  -6
  1  1  0.938300  0.401817 -0.225998  0.645023  -3
  1  0  0.938300  0.324006  0.310806  0.583033  -4
  1  1  0.938300 -0.141408  0.281211  1.054049  -6
  1  1  0.938300 -0.121838  0.109060  1.058405  -1
  1  1  0.938300 -0.130749  0.066116  0.614330  -1
  1  1  0.938300 -0.069029  0.194833  0.324473 -12
  1  1  0.938300  0.066713 -0.049747  0.831009  -1
  1  1  0.938300 -0.277699 -0.243732  0.363434  -3
  1  1  0.938300  0.438419 -0.441241 -0.023728  -3
  1  1  0.938300  0.029066  0.174372  0.907896  -4
  1  1  0.938300 -0.087039  0.218898  0.103227  -5
  1  1  0.938300  0.128688  0.289995  0.429856  -2
  1  0  0.938300 -0.068466 -0.365113  0.282156  -4
  1  1  0.938300  0.368643 -0.010136  0.235221  -5
  1  1  0.938300 -0.198419  0.055738  0.829325  -1
  1  1  0.938300  0.301349  0.060066  0.712345  -4
  1  1  0.938300  0.009221 -0.341518  0.834800  -2
  1  1  0.938300 -0.021438 -0.142193  0.436571  -5
  1  1  0.938300  0.065651 -0.284152  0.559250  -3
  1  1  0.938300  0.095392 -0.393818  0.594814  -3
  1  1  0.938300  0.101098 -0.273385 -0.045903  -3
  1  1  0.938300  0.023612 -0.146203  0.985936  -1
  1  1  0.938300 -0.294714  0.020617  0.284292  -3
  1  1  0.938300  0.179122 -0.002145  0.774451  -1
  1  1  0.938300  0.133685 -0.031456  0.977270  -1
  1  0  0.938300  0.017598 -0.099962  1.134322  -8
  1  0  0.938300 -0.043259  0.214611  0.322657  -8
  1  0  0.938300 -0.219585 -0.280237  1.239233  -6
  1  0  0.938300  0.297582  0.169835  0.921370  -2
  1  0  0.938300 -0.340264  0.149641  0.735405  -3
  1  0  0.938300  0.031269 -0.038247  0.440933  -3
  1  0  0.938300  0.290348 -0.444072  0.317054  -5
  1  0  0.938300 -0.244466  0.066771  1.048723  -2
  1  0  0.938300  0.454650 -0.187526  0.367350  -5
  1  0  0.938300 -0.234213  0.107345  0.032775  -3
  1  0  0.938300  0.423791  0.410952  0.300678  -2
  1  0  0.938300  0.028375 -0.212772  0.249768  -7
  1  0  0.938300  0.256687 -0.583682  0.523755  -2
  1  0  0.938300  0.213834 -0.218126  0.179821  -4
  1  0  0.938300 -0.245597 -0.071896  0.400226  -5
  1  0  0.938300 -0.068087 -0.409068  0.801013  -3
  1  0  0.938300  0.007756  0.252426  0.704363  -2
  1  0  0.938300 -0.331004 -0.202213  0.805344  -3
  1  1  0.938300 -0.107236  0.567012  0.723055  -4
  1  1  0.938300  0.215465 -0.300796  0.483536  -6
  1  0  0.938300  0.191152 -0.090169  0.325482  -2
  1  0  0.938300  0.062386 -0.038202  1.052371  -1
  1  0  0.938300  0.047448  0.356441  0.284795  -2
  1  0  0.938300 -0.185462 -0.173849  1.137239  -1
  1  0  0.938300 -0.101827 -0.121985  0.658698  -3
  1  0  0.938300 -0.291594 -0.052788  0.310368  -6
  1  0  0.938300  0.327974  0.043848  0.988117  -4
  1  0  0.938300  0.088889  0.387454  0.627084  -2
  1  0  0.938300 -0.027875  0.751256  0.719536  -3
  1  0  0.938300  0.246436  0.071264  0.199847  -4
  1  0  0.938300 -0.097035 -0.072530  0.580349  -2
  1  0  0.938300  0.386631 -0.001987  0.427780  -4
  1  0  0.938300  0.031909  0.163570  0.523928  -4
  1  0  0.938300  0.172337  0.046932  0.305963  -6
  1  0  0.938300  0.102278  0.013088  0.999005  -1
  1  0  0.938300 -0.240836  0.126016  0.652461  -2
  1  0  0.938300 -0.210285  0.015867  0.619200  -4
  1  0  0.938300  0.059325  0.088258  0.526987  -3
  1  0  0.938300  0.193450  0.224855  0.071081  -5
  1  0  0.938300 -0.182021 -0.042547  0.136761  -5
  1  0  0.938300 -0.165108  0.105933  0.223249  -3
  1  0  0.938300 -0.067357  0.133290  0.008731  -5
  1  0  0.938300  0.091215  0.188197  0.767957  -2
  1  0  0.938300  0.063060 -0.040193  0.109349  -4
  1  0  0.938300 -0.144256 -0.001420  0.482901  -2
  1  0  0.938300 -0.038238 -0.242493  0.093196  -5
  1  0  0.938300 -0.586844 -0.458697  0.323912  -4
  1  0  0.938300  0.132697 -0.036373  0.761093  -3
  1  0  0.938300 -0.006685  0.239669  0.961370  -3
  1  0  0.938300  0.102813  0.264747  0.687914  -8
  1  0  0.938300  0.506500 -0.162738  0.457064  -3
  1  0  0.938300  0.157400 -0.352072  0.345473  -2
  1  0  0.938300 -0.122301 -0.125501  0.921246  -1
  1  0  0.938300 -0.149189 -0.051265  0.659604  -2
  1  0  0.938300 -0.139783 -0.436156  0.278969  -3
  1  0  0.938300  0.155991  0.154766 -0.176126  -6
  1  0  0.938300  0.161227 -0.119528  0.525320  -8
  1  0  0.938300  0.027988 -0.125212  0.074138  -3
  1  0  0.938300  0.218219 -0.215314  0.090183  -2
  1  0  0.938300  0.239485  0.033225  0.111888  -3
  1  0  0.938300  0.028162  0.320152  0.909121  -5
  1  0  0.938300 -0.029234  0.164070  0.423304  -3
  1  0  0.938300 -0.287614  0.236550  0.404869  -2
  1  0  0.938300  0.028090  0.167320  0.614664  -2
  1  0  0.938300 -0.371686  0.325466  0.790870  -5
  1  0  0.938300 -0.378116  0.128977  0.609370  -3
  1  0  0.938300 -0.124192 -0.440159  0.397538  -2
  1  0  0.938300 -0.009799  0.366432  0.084267  -6
  1  0  0.938300  0.539906  0.179600  0.242971  -3
  1  0  0.938300 -0.029220 -0.088694  0.862622  -1
  1  1  0.938300  0.036368 -0.088847  0.382141  -6
  1  1  0.938300  0.098757 -0.125143  0.456743  -6
  1  0  0.938300  0.242890 -0.089547  0.867128  -3
  1  0  0.938300 -0.356890 -0.435434  0.847517  -7
  1  0  0.938300 -0.081899  0.243354  0.521562  -3
  1  0  0.938300 -0.116651  0.160122  0.929541  -2
  1  0  0.938300 -0.501931 -0.451121  0.536076  -2
  1  0  0.938300  0.257165  0.125636  0.467586  -5
  1  0  0.938300 -0.198138  0.089770  0.522807  -4
  1  0  0.938300 -0.349172  0.008996  0.797118  -7
  1  0  0.938300 -0.500692  0.349344  0.547804  -8
  1  0  0.938300  0.126081  0.221725  0.915056  -2
  1  0  0.938300  0.312945  0.339388  0.289071  -6
  1  0  0.938300  0.146028 -0.097482  0.553508  -6
  1  0  0.938300  0.188311 -0.010852  0.348712  -3
  1  0  0.938300 -0.259630 -0.345540  0.622342  -3
  1  0  0.938300  0.337517  0.074295  0.422463  -7
  1  0  0.938300 -0.122977 -0.138772  0.125887  -6
  1  0  0.938300 -0.104415  0.258470  0.879716  -5
  1  0  0.938300 -0.192539 -0.361832  0.291117  -3
  1  0  0.938300  0.095572  0.460000  1.017351  -7
  1  0  0.938300  0.082870  0.326856  0.471994  -4
  1  0  0.938300 -0.073595 -0.072848  0.880935  -1
  1  0  0.938300 -0.181954  0.143814  0.087517  -4
  1  0  0.938300  0.029900 -0.087136  0.168261  -5
  1  0  0.938300  0.087567 -0.029731  0.875763  -5
  1  0  0.938300  0.123683 -0.079056  0.218029  -4
  1  0  0.938300  0.018210 -0.006169  1.076110  -1
  1  1  0.938300 -0.221090 -0.088182  0.567580  -4
  1  0  0.938300  0.286590  0.213066  0.557479  -4
  1  0  0.938300 -0.041100  0.035943  0.714221  -1
  1  0  0.938300 -0.448380 -0.110141  0.580917  -3
  1  0  0.938300  0.263474  0.124047  0.865849  -2
  1  0  0.938300  0.083129  0.292922  0.800422  -2
  1  0  0.938300 -0.334198  0.406263  0.611942  -3
  1  0  0.938300 -0.403046  0.165455  0.636935  -2
  1  0  0.938300 -0.109792  0.149937  0.359170  -4
  1  0  0.938300  0.013412  0.029918  0.403108  -8
  1  0  0.938300  0.374236 -0.412900  0.656357  -6
  1  0  0.938300 -0.024855 -0.043373  0.740444  -5
  1  0  0.938300 -0.055739  0.072770  0.948347  -1
  1  0  0.938300 -0.289295  0.051585  0.601472  -3
  1  0  0.938300 -0.096356  0.323731  0.105415  -5
  1  0  0.938300  0.026625 -0.021146  0.401581  -3
  1  0  0.938300 -0.269283 -0.081155  0.873039  -2
  1  0  0.938300 -0.155312  0.223071  0.644909  -4
  1  0  0.938300  0.061594  0.142123  0.800031  -1
  1  0  0.938300 -0.316593  0.089268  0.515751  -6