  1  0  0.938300  0.122117 -0.412391 -0.009405   6
  1  1  0.938300  0.417482 -0.160293  0.537866   3
  1  1  0.938300 -0.048288  0.064591  0.141708   1
  1  1  0.938300  0.019847  0.164318  0.162981   1
  1  1  0.938300 -0.264565  0.159881 -0.268616   6
  1  1  0.938300 -0.033432  0.008532  0.489853   3
  1  1  0.938300  0.192028  0.355490  0.562505   2
  1  1  0.938300  0.191893  0.093242  0.232775   3
  1  1  0.938300  0.263439 -0.306521  0.601340   3
  1  1  0.938300 -0.133378  0.175879  0.193242   9
  1  1  0.938300  0.204400 -0.111388  0.097524   1
  1  1  0.938300 -0.224351 -0.039020  0.940762   6
  1  1  0.938300 -0.465719 -0.042303  0.108245   3
  1  1  0.938300 -0.244008 -0.242469  0.228778   5
  1  1  0.938300 -0.161539  0.063101 -0.134199   1
  1  1  0.938300 -0.099390 -0.143688  0.712077   3
  1  1  0.938300  0.003061  0.029641  0.214472   1
  1  1  0.938300 -0.104143 -0.144021  0.266440   2
  1  1  0.938300 -0.132592 -0.001692  0.563370   2
  1  1  0.938300 -0.062131  0.148346  0.043662   1
  1  1  0.938300  0.135924  0.167956  0.613671   5
  1  1  0.938300 -0.072424 -0.280280  0.413912   3
  1  1  0.938300 -0.375160 -0.251651  0.248138   3
  1  1  0.938300  0.285518 -0.469587  1.066406   6
  1  1  0.938300 -0.414125  0.096294  1.108437   5
  1  1  0.938300  0.131474  0.119710  0.276013   2
  1  1  0.938300 -0.197486 -0.291986  0.568105   4
  1  1  0.938300  0.112812  0.289551  0.435789   3
  1  0  0.938300  0.201588  0.217387  0.216601   3
  1  1  0.938300  0.139360 -0.060252  0.214260   5
  1  1  0.938300  0.176480  0.017214  0.889075   3
  1  1  0.938300 -0.121471  0.329549  0.412903   6
  1  0  0.938300 -0.159429 -0.164368  0.315367   2
  1  0  0.938300  0.039800 -0.141868  0.414899   6
  1  1  0.938300 -0.168267  0.333138  0.868411   2
  1  1  0.938300  0.167847  0.096696  0.247923   3
  1  0  0.938300 -0.449600 -0.091686  0.004806   9
  1  1  0.938300 -0.093555  0.021030 -0.112384   1
  1  1  0.938300  0.027999  0.241767  0.172990   3
  1  1  0.938300  0.017858 -0.174443 -0.104827   4
  1  1  0.938300  0.108650  0.026774  0.480679   4
  1  1  0.938300 -0.151127  0.160330  0.280338   2
  1  1  0.938300  0.100764  0.533651  0.487022   3
  1  1  0.938300  0.074567  0.141632  0.099848   1
  1  1  0.938300  0.173812 -0.154863  0.151820   5
  1  1  0.938300  0.335813 -0.019797  0.499690   4
  1  1  0.938300  0.422391 -0.501912  0.487307   5
  1  1  0.938300 -0.373923 -0.149317  1.109039   7
  1  1  0.938300  0.172069 -0.596363  0.493518   2
  1  1  0.938300 -0.138983  0.395521  0.579545   3
  1  1  0.938300  0.087125 -0.174072 -0.073463   4
  1  1  0.938300  0.052850 -0.153565  0.107883   1
  1  1  0.938300  0.260056 -0.157327  0.350511   2
  1  1  0.938300 -0.096217  0.134803  0.512733   4
  1  1  0.938300  0.115715 -0.375856  0.512474   4
  1  1  0.938300  0.172499 -0.004123  0.027885   2
  1  0  0.938300 -0.195853 -0.121106  0.364769   4
  1  1  0.938300  0.082923  0.067366  0.337917   3
  1  1  0.938300 -0.011801 -0.060542  0.505960   4
  1  1  0.938300 -0.007599 -0.074203  0.115053   1
  1  1  0.938300 -0.138234  0.224689  0.221010   9
  1  1  0.938300  0.132648 -0.336584  0.746140   3
  1  1  0.938300 -0.018019 -0.030580  0.484662   5
  1  1  0.938300 -0.230910 -0.239880  0.783893   4
  1  1  0.938300 -0.326180 -0.218493  0.284347   7
  1  1  0.938300 -0.296463 -0.525896  0.718172   2
  1  1  0.938300 -0.102849  0.030487  0.002671  12
  1  1  0.938300 -0.487945  0.317283  0.441731   3
  1  1  0.938300  0.267121  0.747833  0.426894   7
  1  1  0.938300  0.060166  0.316702  0.154372   3
  1  1  0.938300 -0.663971 -0.269371  0.432577   3
  1  1  0.938300  0.065561 -0.249212  0.076729   4
  1  1  0.938300 -0.361403 -0.036688  0.274827   2
  1  1  0.938300  0.094643 -0.095360  0.081664   1
  1  0  0.938300  0.081920  0.096916  0.645482   6
  1  1  0.938300 -0.153485  0.148781  0.209086   3
  1  1  0.938300 -0.109727 -0.608714  0.507331   4
  1  1  0.938300  0.012676  0.093438  0.429208   4
  1  1  0.938300 -0.417317 -0.225881  0.488345   8
  1  0  0.938300  0.286302 -0.014816  0.241469   3
  1  0  0.938300  0.529040 -0.123300  0.499530   2
  1  0  0.938300  0.298645  0.068958  0.492861   5
  1  0  0.938300  0.211444 -0.233216  0.439660   5
  1  1  0.938300  0.476724  0.194487  0.231573   3
  1  0  0.938300 -0.174326 -0.027187  0.588516   3
  1  0  0.938300 -0.272456  0.060027 -0.018950   2
  1  0  0.938300 -0.316513  0.113313  0.007173   2
  1  0  0.938300 -0.056108  0.045708  0.230398   2
  1  0  0.938300 -0.172365 -0.153689  0.912952   7
  1  0  0.938300 -0.122223  0.110937  0.474985   2
  1  0  0.938300  0.243014 -0.333915  0.204369   4
  1  0  0.938300 -0.122573  0.273368  0.791826   6
  1  0  0.938300  0.409100  0.221877  0.404159   2
  1  0  0.938300 -0.346713  0.234881  0.477730   3
  1  0  0.938300 -0.008194  0.001900  0.051409   1
  1  0  0.938300 -0.232413 -0.023972  0.593856   2
  1  0  0.938300 -0.576700  0.323727  0.253935   3
  1  0  0.938300 -0.105329 -0.416861  0.762865   2
  1  0  0.938300 -0.171717  0.228054  0.964618   5
  1  0  0.938300 -0.071371  0.059438  0.337039   5
  1  0  0.938300 -0.199279  0.033259  0.851342   4
  1  0  0.938300 -0.373974  0.042086  0.323214   2
  1  0  0.938300  0.100353  0.035467  0.050472   3
  1  0  0.938300  0.162639 -0.111881  0.372748   2
  1  0  0.938300 -0.138053  0.278233  0.444712   4
  1  0  0.938300  0.562300  0.127050  0.554050   2
  1  0  0.938300  0.048474  0.252213  0.154066   7
  1  0  0.938300 -0.087509 -0.206009  1.014397   4
  1  0  0.938300 -0.174038 -0.206415  0.436985   8
  1  0  0.938300  0.140392 -0.212984  0.932255   3
  1  0  0.938300  0.042516 -0.172954  0.772538   5
  1  0  0.938300  0.564241  0.147914  0.470981   3
  1  0  0.938300  0.393179 -0.366409  0.530855   3
  1  0  0.938300  0.488981 -0.023940  0.576037   7
  1  0  0.938300  0.150194  0.041044  0.078025   1
  1  0  0.938300  0.284287 -0.112308  0.699341   3
  1  0  0.938300  0.127028  0.320992  0.528886   3
  1  1  0.938300  0.602860 -0.604781  0.147736   5
  1  0  0.938300  0.285336  0.031330  0.242650   4
  1  0  0.938300  0.189141 -0.206974 -0.201107   2
  1  1  0.938300  0.614894  0.190609  0.509749   3
  1  0  0.938300 -0.348905 -0.135042  1.058379   6
  1  0  0.938300 -0.091543  0.197128  0.723956   2
  1  0  0.938300  0.147725 -0.191472  0.386753   4
  1  0  0.938300 -0.039783 -0.029361 -0.129261   1
  1  0  0.938300  0.379687  0.048394  0.112637   4
  1  0  0.938300  0.375429  0.353725  0.625331   3
  1  0  0.938300  0.178292 -0.131362  0.454388   5
  1  0  0.938300  0.039045  0.077429 -0.049115   1
  1  0  0.938300  0.325941  0.162495  1.036069   5
  1  0  0.938300  0.268568 -0.240852  0.472365   2
  1  0  0.938300 -0.181052  0.022455  0.670009   5
  1  0  0.938300 -0.097583 -0.305945  0.472431   9
  1  0  0.938300  0.083396 -0.109661  0.836457   8
  1  0  0.938300  0.078493  0.122422  0.226646   3
  1  0  0.938300 -0.138018  0.683050  1.004486   4
  1  0  0.938300  0.090394 -0.167362  0.897672   4
  1  0  0.938300 -0.063014 -0.107931  0.307208   1
  1  0  0.938300  0.029617  0.029893  0.422415   3
  1  0  0.938300 -0.237997 -0.439826  0.878968   7
  1  0  0.938300 -0.029172  0.563998  0.667484   4
  1  0  0.938300  0.002699 -0.151084  0.372262   5
  1  0  0.938300 -0.046412 -0.064939  0.565606   2
  1  0  0.938300 -0.079666  0.010321 -0.057995   1
  1  0  0.938300  0.134830 -0.106704  0.166218   8
  1  0  0.938300  0.636965 -0.416029  0.024419   7
  1  1  0.938300 -0.417675  0.078316  0.497324   6
  1  1  0.938300  0.050963  0.050904  0.350594  10
  1  0  0.938300  0.144071 -0.413723  0.625334   4
  1  0  0.938300 -0.085920 -0.456396  0.293816   5
  1  0  0.938300 -0.242980 -0.450053  0.044592   6
  1  0  0.938300  0.781657 -0.110364  0.859516   4
  1  0  0.938300 -0.035445 -0.100284  0.120164   2
  1  0  0.938300  0.044060 -0.076744  0.505100   7
  1  1  0.938300 -0.136309 -0.094179  0.335258   5
  1  0  0.938300 -0.067768  0.246196  0.330135   2
  1  0  0.938300  0.030543  0.116106 -0.275647   6
  1  0  0.938300 -0.096733 -0.396824  0.523345   4
  1  1  0.938300  0.060981 -0.242239  0.625665   2
  1  0  0.938300 -0.385333  0.438087  0.139479   2
  1  0  0.938300 -0.070619  0.034091  0.297510   2
  1  0  0.938300 -0.215173  0.158589  0.207704   6
  1  0  0.938300 -0.064182  0.127141  0.079908   2
  1  0  0.938300 -0.167084 -0.177889  0.786837   3
  1  0  0.938300 -0.001254 -0.213810  0.532937   6
  1  0  0.938300  0.226233 -0.501297  0.832454   6
  1  0  0.938300  0.175285  0.141688  0.174276   7
  1  0  0.938300  0.091336  0.046016  0.372402   3
  1  0  0.938300  0.241842  0.286591  1.055023   5
  1  0  0.938300  0.101002 -0.266533  0.373149   4
  1  0  0.938300  0.103913 -0.016232  0.111468   5
  1  0  0.938300  0.037159  0.094133  0.765648  11
  1  0  0.938300 -0.069202 -0.358808  0.524748   3
  1  0  0.938300 -0.081477  0.035923 -0.097417   1
  1  0  0.938300  0.011954  0.046720  0.221589   1
  1  0  0.938300  0.270140 -0.003464  0.001399   2
  1  0  0.938300 -0.149537 -0.602331  0.669706   2
  1  0  0.938300  0.004002 -0.288321  0.736481   3
  1  0  0.938300  0.094721 -0.055905  0.324266   6
  1  0  0.938300 -0.004696 -0.011341 -0.092027   1
  1  0  0.938300 -0.008878  0.157327  0.063635   1
  1  0  0.938300 -0.170764  0.025671  0.026606   1
  1  0  0.938300 -0.214776 -0.066437  0.370325   2
  1  0  0.938300  0.182787  0.337486  0.099958   2
  1  0  0.938300  0.069879  0.051764  0.317440   3
  1  0  0.938300 -0.134149 -0.033322  0.048104   1
  1  0  0.938300  0.410359  0.084765  0.289297   4
  1  0  0.938300 -0.101449 -0.011867  0.929395   3
  1  0  0.938300  0.636882  0.098938  0.066379   3
  1  0  0.938300 -0.057969  0.131879  0.390326   2
  1  0  0.938300  0.085171 -0.275060  0.675703   7
  1  0  0.938300  0.176326 -0.452186  0.420777   3
  1  0  0.938300  0.405480 -0.579849  0.150931   3
  1  0  0.938300  0.138821 -0.081513  0.797479   3
  1  0  0.938300  0.138088  0.213815  0.361877   6
  1  0  0.938300 -0.152006 -0.123261  0.167441   6
  1  0  0.938300 -0.035645  0.119392  0.370289   6
  1  1  0.938300 -0.191153  0.013334  0.870978  -2
  1  1  0.938300  0.067968  0.193100  0.787567  -2
  1  1  0.938300  0.307435  0.514623  1.030500  -6
  1  1  0.938300  0.152059  0.181971  0.247873  -6
  1  0  0.938300  0.321300 -0.069109  1.021014  -5
  1  1  0.938300 -0.044373 -0.352961  0.596481  -5
  1  1  0.938300  0.107208  0.127572  0.672492  -2
  1  1  0.938300 -0.274431  0.212208  0.407897  -7
  1  1  0.938300 -0.027506 -0.163474  0.734558  -4
  1  1  0.938300 -0.398035  0.185132  1.000511  -3
  1  1  0.938300 -0.173935  0.060609  0.508854  -4
  1  1  0.938300 -0.430550 -0.196995  0.590572 -14
  1  1  0.938300 -0.125884 -0.083568  0.965536  -1
  1  1  0.938300  0.037567 -0.004705  0.930850  -1
  1  0  0.938300  0.191326  0.254482  0.279738  -7
  1  1  0.938300  0.194712  0.070068  0.646795  -2
  1  1  0.938300 -0.142625  0.076366  1.002248  -1
  1  0  0.938300 -0.091077 -0.067808  0.617883  -2
  1  1  0.938300 -0.330287  0.023546  0.803078  -2
  1  0  0.938300 -0.190468  0.311208  0.346984  -2
  1  1  0.938300 -0.150297 -0.312645  0.539163  -3
  1  1  0.938300  0.018783  0.075540  0.448910  -3
  1  1  0.938300  0.212171 -0.175026  0.532945 -11
  1  1  0.938300  0.224295  0.065464  0.299390  -6
  1  1  0.938300 -0.203403 -0.080124  0.696594  -3
  1  1  0.938300 -0.195944  0.013771  0.969523  -2
  1  1  0.938300  0.008493  0.321530  0.357537  -3
  1  1  0.938300 -0.084905 -0.509611  0.584053  -4
  1  1  0.938300  0.411674  0.362377  0.629233  -3
  1  1  0.938300 -0.056832 -0.335401  0.001895  -8
  1  1  0.938300  0.059652  0.027102  0.438611  -5
  1  0  0.938300  0.017291  0.154277  0.182068  -8
  1  1  0.938300  0.225954  0.098140  0.247609  -2
  1  1  0.938300  0.011756  0.048782  0.950936  -1
  1  1  0.938300 -0.245009 -0.106238  0.200486  -6
  1  1  0.938300 -0.445636 -0.162456  0.753010  -2
  1  1  0.938300 -0.196030 -0.167380  0.259680  -4
  1  1  0.938300  0.271325  0.158871  0.444255  -8
  1  1  0.938300 -0.105025  0.067249  0.921168  -1
  1  1  0.938300 -0.244911 -0.223117  0.141736  -5
  1  1  0.938300  0.091588 -0.036427  0.670659  -2
  1  1  0.938300  0.253184 -0.126922  0.596142  -7
  1  1  0.938300  0.010466 -0.326664  0.835731  -2
  1  1  0.938300 -0.085784  0.001997  0.503275  -1
  1  1  0.938300 -0.043021  0.178618  0.554422  -3
  1  1  0.938300 -0.472548 -0.030086  0.629839  -4
  1  1  0.938300  0.101076  0.113697  0.414681  -6
  1  1  0.938300  0.335606  0.150727  0.667872  -2
  1  1  0.938300  0.072161  0.817955  0.491691  -3
  1  1  0.938300  0.076917  0.087278  0.808708  -6
  1  1  0.938300  0.239625 -0.357290  0.655206  -6
  1  1  0.938300 -0.026528  0.178389  0.548547  -3
  1  1  0.938300 -0.230927  0.129101  1.055348  -5
  1  1  0.938300  0.504854  0.056177  0.841620  -3
  1  1  0.938300  0.015602 -0.098815  0.231827  -6
  1  1  0.938300  0.210192 -0.292339  0.245842  -9
  1  1  0.938300  0.411150 -0.300558  0.280278  -8
  1  1  0.938300  0.124785 -0.148451  0.331310  -4
  1  1  0.938300  0.144357  0.168676  0.428828  -3
  1  1  0.938300 -0.446509 -0.294928  0.442232  -2
  1  1  0.938300 -0.095270  0.459777  0.988644  -4
  1  0  0.938300  0.154308 -0.129943 -0.099186  -5
  1  1  0.938300 -0.679737 -0.006943  0.947183  -3
  1  1  0.938300 -0.647794  0.342810  0.873055  -3
  1  0  0.938300  0.009205  0.170374  0.631674  -4
  1  1  0.938300 -0.379550  0.057299  0.533376  -2
  1  1  0.938300 -0.462859 -0.031480  0.691613  -3
  1  1  0.938300  0.287490 -0.419387  0.417250  -7
  1  1  0.938300 -0.085576  0.098088  0.531711  -9
  1  1  0.938300 -0.114137  0.010089  1.131683  -1
  1  1  0.938300 -0.090820  0.142186  0.320936  -5
  1  1  0.938300  0.078349 -0.084718  0.784771  -1
  1  1  0.938300  0.076900  0.338085  0.673264  -3
  1  1  0.938300  0.129063 -0.143044  0.269406  -8
  1  1  0.938300  0.071350  0.140836  0.959428  -1
  1  1  0.938300 -0.161466  0.282811  0.445403  -5
  1  1  0.938300  0.110617 -0.030698  0.528727  -4
  1  1  0.938300 -0.094415  0.339969  0.114668  -2
  1  1  0.938300  0.059795  0.175325  0.854176  -2
  1  0  0.938300 -0.053827  0.157008  0.533581  -4
  1  0  0.938300  0.062998 -0.039520  0.680230  -3
  1  0  0.938300 -0.002614 -0.460034  0.312448  -5
  1  0  0.938300 -0.230743 -0.125234  0.917858  -3
  1  1  0.938300  0.508362 -0.080819  0.759794  -6
  1  0  0.938300 -0.002147  0.109798  0.730842  -1
  1  0  0.938300  0.417797 -0.366917  0.214924  -4
  1  0  0.938300  0.217209 -0.045955  0.145048  -3
  1  0  0.938300  0.479285 -0.040799  0.592591  -2
  1  0  0.938300 -0.087945 -0.066109  0.551926  -6
  1  0  0.938300  0.267619  0.020547  0.177647  -5
  1  0  0.938300 -0.475907 -0.097252  1.082183  -2
  1  0  0.938300  0.391103  0.043162  1.211303  -4
  1  0  0.938300  0.164872  0.255081  0.968062  -6
  1  0  0.938300  0.188805 -0.252915  0.563254  -5
  1  0  0.938300  0.015062  0.043352  0.886382  -7
  1  0  0.938300  0.004861  0.278429  0.361513  -5
  1  0  0.938300  0.080634 -0.068608  0.253731  -5
  1  0  0.938300  0.076121 -0.059865  0.402611  -6
  1  0  0.938300 -0.030584 -0.035140  0.614488  -6
  1  0  0.938300 -0.362932  0.083469  0.883044  -3
  1  1  0.938300  0.156502  0.131350  0.095934  -7
  1  0  0.938300  0.060137  0.529722  0.775752  -4
  1  0  0.938300 -0.130227  0.181468  0.553644  -2
  1  0  0.938300  0.440614  0.647094  0.625684  -3
  1  0  0.938300 -0.244663  0.077221  0.436299 -16
  1  0  0.938300  0.258783 -0.223499  0.538230  -3
  1  0  0.938300 -0.353302  0.705717  0.339170  -4
  1  0  0.938300 -0.253906  0.039043  0.489529  -3
  1  0  0.938300  0.569722 -0.372996  0.440869  -5
  1  0  0.938300  0.096296  0.047194  0.390484  -3
  1  0  0.938300 -0.450462  0.391195  0.515635 -13
  1  0  0.938300 -0.216839  0.412511  0.568660  -4
  1  0  0.938300  0.015208  0.066394  0.307376  -2
  1  0  0.938300  0.187169  0.043064  0.966024  -4
  1  0  0.938300  0.037414 -0.018890  0.866912  -1
  1  0  0.938300 -0.061297 -0.219245  0.809099  -2
  1  0  0.938300 -0.087177  0.019747  1.142803  -1
  1  0  0.938300  0.063038 -0.068755  0.198973  -7
  1  0  0.938300 -0.007906 -0.181662  0.817682  -5
  1  0  0.938300 -0.088008  0.216063  0.748332  -5
  1  0  0.938300 -0.151728 -0.135787  0.511876  -4
  1  0  0.938300 -0.249344 -0.097159  0.638664  -7
  1  0  0.938300 -0.533759  0.434070  0.274192  -3
  1  0  0.938300  0.048656  0.057329  1.082363  -1
  1  1  0.938300 -0.504302 -0.366641  0.490612  -9
  1  1  0.938300 -0.290668  0.529133  0.353616  -7
  1  0  0.938300 -0.257825  0.273905  0.912858  -2
  1  0  0.938300  0.210314 -0.116664  1.010285  -5
  1  0  0.938300 -0.134094 -0.130981  0.543872 -10
  1  0  0.938300  0.032751  0.226310  0.799593  -4
  1  1  0.938300 -0.051952  0.076771  0.001216  -6
  1  0  0.938300 -0.169745 -0.252286  0.193574  -3
  1  0  0.938300  0.177763 -0.543348  0.329413  -3
  1  0  0.938300  0.081201 -0.029162  0.829246  -2
  1  0  0.938300  0.092139 -0.081335  0.743032  -2
  1  0  0.938300 -0.094671 -0.032915  0.329363  -2
  1  0  0.938300  0.016119 -0.049090  0.603822  -5
  1  0  0.938300 -0.080221 -0.122003  0.769635  -1
  1  0  0.938300 -0.026383  0.287775  0.572659  -8
  1  0  0.938300 -0.040168 -0.053164  1.033973  -1
  1  0  0.938300  0.169985 -0.048014  0.043313  -4
  1  0  0.938300  0.214639  0.026121  0.511980  -4
  1  0  0.938300 -0.019750 -0.008794  1.008529  -1
  1  0  0.938300  0.132688  0.032404  0.978302  -4
  1  0  0.938300 -0.153829 -0.058855  0.638389  -4
  1  0  0.938300 -0.344484 -0.487513  0.582649  -9
  1  0  0.938300 -0.037418  0.023853  0.585483  -4
  1  0  0.938300 -0.326795 -0.137524 -0.040041  -3
  1  0  0.938300 -0.031233 -0.165318  0.353378  -3
  1  1  0.938300 -0.217283  0.023230  0.209472  -7
  1  0  0.938300  0.227461  0.021596 -0.013086  -4
  1  0  0.938300 -0.167934  0.239252  0.957536  -4
  1  0  0.938300  0.053259  0.343927  0.430217  -4
  1  0  0.938300  0.235387  0.466026  0.461695  -4
  1  0  0.938300 -0.232720  0.095106  0.739763 -13
  1  0  0.938300 -0.113642  0.080062  0.748009  -6
  1  0  0.938300 -0.023761 -0.098771  0.807890  -2
  1  1  0.938300  0.192544 -0.276288  0.152725  -5
  1  0  0.938300 -0.249603  0.112897  0.686954  -2
  1  0  0.938300  0.267038  0.322953  0.611638  -2
  1  0  0.938300  0.088497 -0.575385  0.555061  -5
  1  0  0.938300 -0.007222  0.010326  0.713702  -7
  1  0  0.938300 -0.249485 -0.166201  0.673745  -2
  1  0  0.938300  0.094322  0.047803  1.014361  -1
  1  0  0.938300 -0.188537  0.011659  0.087651  -2
  1  0  0.938300 -0.023563 -0.164582  0.299873  -6
  1  0  0.938300 -0.653142 -0.103219  0.350372  -3
  1  0  0.938300  0.386257 -0.332053  0.328841  -4
  1  0  0.938300  0.240878  0.348663  0.345421  -3
  1  0  0.938300 -0.254415  0.001122  0.947756  -2
  1  1  0.938300 -0.444960  0.229404  1.028728  -2
  1  0  0.938300  0.349575 -0.355890  0.419761  -3
  1  0  0.938300 -0.152065  0.012685  0.719778  -3
  1  0  0.938300 -0.039373 -0.123621  0.745418  -2
  1  0  0.938300  0.068324 -0.509510  0.525411  -8
  1  0  0.938300  0.156578  0.309851  0.425125  -5
  1  0  0.938300 -0.208320  0.099097  0.869514  -3
  1  0  0.938300 -0.252160 -0.036122  0.361769  -6
  1  0  0.938300 -0.359534 -0.499457  0.405924  -4
  1  0  0.938300 -0.234130 -0.000050  0.687859  -2
  1  1  0.938300 -0.236229 -0.230174  0.362545 -12
  1  0  0.938300  0.280861  0.061945  0.323420  -3
  1  0  0.938300  0.108958  0.346840  0.465913  -7
  1  0  0.938300 -0.359841 -0.018924  0.390961  -2
  1  0  0.938300 -0.209817  0.179535  0.530070  -7
  1  0  0.938300  0.045728  0.182875  0.361959  -5
  1  0  0.938300 -0.167947  0.498132  0.268509  -5
  1  0  0.938300  0.352788  0.242837  0.486120  -2
  1  0  0.938300 -0.066135 -0.196835  0.723532  -4
  1  0  0.938300 -0.341148  0.361691  0.877382  -5
  1  0  0.938300  0.103354 -0.034611  0.244576  -5
  1  0  0.938300 -0.237478 -0.039307  0.560905  -3
  1  0  0.938300  0.197527 -0.129509  0.800387  -7
  1  0  0.938300 -0.096755  0.210099  0.289080  -2
  1  0  0.938300 -0.033053 -0.090746  0.785214  -1
  1  0  0.938300 -0.196376 -0.035467  1.067327  -1
  1  0  0.938300 -0.062824  0.437790  0.211140 -10