  1  1  0.938300 -0.547949 -0.236173  0.531560   6
  1  1  0.938300  0.222358  0.202483  0.282690   2
  1  1  0.938300  0.498421 -0.294296  0.201657   1
  1  1  0.938300 -0.100019  0.157237  0.513718   2
  1  0  0.938300 -0.748484  0.214350  0.357060   3
  1  0  0.938300 -0.057566  0.341750  0.176264   5
  1  1  0.938300  0.119891  0.358964  0.475765   4
  1  1  0.938300 -0.195274  0.201309  0.345010   6
  1  1  0.938300  0.077716  0.120537  0.402296   3
  1  1  0.938300 -0.024335 -0.436363  0.284503   2
  1  1  0.938300 -0.301438 -0.249942  0.284905   2
  1  1  0.938300  0.438377  0.022741  0.239480   3
  1  1  0.938300  0.118267  0.146441  0.515880   3
  1  1  0.938300  0.769376  0.133522  0.349559   3
  1  1  0.938300  0.477411  0.277012  0.727205   3
  1  1  0.938300  0.596151  0.066265  0.070756   2
  1  1  0.938300 -0.119221  0.161727  0.275508   3
  1  1  0.938300  0.340828  0.589967  0.173141   4
  1  1  0.938300  0.334139 -0.002441  0.431089   2
  1  1  0.938300  0.141776  0.512656  0.328783   4
  1  1  0.938300 -0.004512 -0.158938  0.398149   5
  1  1  0.938300  0.028158 -0.205922  0.249910   6
  1  1  0.938300  0.201915 -0.439543  0.575257   2
  1  1  0.938300 -0.165528 -0.505776  0.445585   7
  1  1  0.938300 -0.238064  0.060360  0.270328   6
  1  1  0.938300 -0.122620 -0.178511  0.682518   3
  1  1  0.938300 -0.126941 -0.055895  0.827045   4
  1  1  0.938300  0.255920 -0.176815  0.060710   3
  1  0  0.938300  0.340490 -0.222686  0.195098   4
  1  1  0.938300  0.247796 -0.048309  0.453809   8
  1  1  0.938300 -0.209849 -0.254076  0.357413   3
  1  1  0.938300 -0.114028  0.365878  0.894423   3
  1  1  0.938300 -0.095661  0.279483  0.784575   2
  1  1  0.938300  0.073836 -0.165643  0.298493   5
  1  1  0.938300 -0.179965  0.321828  0.820139   5
  1  1  0.938300  0.223323  0.413122  0.511729   3
  1  1  0.938300 -0.276818 -0.180627  0.190911   4
  1  1  0.938300 -0.082488  0.622068  0.450839   3
  1  1  0.938300  0.123968  0.054701 -0.011609   1
  1  1  0.938300 -0.037519  0.221738  0.401829   3
  1  1  0.938300  0.072615  0.250470 -0.007465   1
  1  1  0.938300  0.071874 -0.173814  0.527366   2
  1  1  0.938300  0.096088 -0.095293  1.150328   4
  1  1  0.938300  0.254400 -0.219613  0.639318   3
  1  1  0.938300 -0.014506  0.025867  0.298859   1
  1  1  0.938300 -0.008655  0.085115  0.293562   6
  1  1  0.938300  0.136785 -0.750679  0.468348   2
  1  1  0.938300  0.022757  0.499298  0.294201   2
  1  1  0.938300 -0.482045 -0.405672  0.245216   4
  1  1  0.938300 -0.235738  0.111476 -0.035629   1
  1  1  0.938300  0.022825  0.072879  0.519996   4
  1  1  0.938300 -0.437863  0.331947  0.210486   2
  1  1  0.938300  0.133103 -0.126472  0.304149   4
  1  1  0.938300  0.218938  0.001498  0.405688   5
  1  1  0.938300  0.124553 -0.204193  0.695672   5
  1  1  0.938300  0.005260  0.004000  0.646413   4
  1  1  0.938300 -0.434271  0.258962  0.417937   4
  1  1  0.938300 -0.104348 -0.035058 -0.001750   1
  1  0  0.938300  0.003515  0.073204 -0.084662   4
  1  1  0.938300  0.046855  0.082330 -0.006092   1
  1  1  0.938300  0.147707  0.403697  0.640692   3
  1  1  0.938300  0.078674 -0.174243 -0.039446   1
  1  1  0.938300  0.099023 -0.388042  0.496921   6
  1  1  0.938300  0.133969 -0.067798  0.658806   5
  1  1  0.938300  0.039185 -0.182872 -0.099957   1
  1  1  0.938300  0.501596 -0.775130  0.688147   6
  1  1  0.938300  0.092490 -0.047975  0.469242   6
  1  1  0.938300 -0.146217 -0.220332  0.847340   4
  1  1  0.938300 -0.214081 -0.012992  0.550999   3
  1  1  0.938300 -0.406610 -0.059088  0.432762   3
  1  1  0.938300  0.443646 -0.175587  0.432497   3
  1  0  0.938300  0.248956 -0.182491  0.430500   8
  1  1  0.938300 -0.108616 -0.016703  0.734936   5
  1  1  0.938300 -0.058621  0.064839  0.508568   2
  1  1  0.938300 -0.538874 -0.159588  0.632539   4
  1  1  0.938300 -0.462121 -0.102829  1.159515   3
  1  1  0.938300  0.140213 -0.002822 -0.107769   2
  1  1  0.938300 -0.083620  0.200463  0.053020   3
  1  1  0.938300 -0.163122  0.419676  0.710179   2
  1  0  0.938300 -0.421609  0.009238  0.504011   4
  1  0  0.938300 -0.249241  0.249097  0.620505   3
  1  0  0.938300  0.243928  0.084419 -0.299248   3
  1  0  0.938300 -0.026045  0.000445  0.180246   1
  1  0  0.938300 -0.447750 -0.000049  0.438761   2
  1  0  0.938300  0.042954 -0.263250  0.139740   2
  1  0  0.938300 -0.196697 -0.117159  0.238759   1
  1  0  0.938300  0.290120 -0.293070  0.117561   3
  1  0  0.938300  0.231071  0.122933  0.585016   4
  1  0  0.938300 -0.089314  0.171854  0.830815   4
  1  0  0.938300 -0.342256 -0.017479  0.510844   3
  1  0  0.938300 -0.072161 -0.123642  0.355127   3
  1  0  0.938300 -0.112744 -0.258443  0.287818   5
  1  0  0.938300  0.315327  0.030769  0.688926   3
  1  0  0.938300 -0.410605 -0.208304  0.281557   2
  1  0  0.938300  0.039555  0.021188  0.109203   1
  1  0  0.938300  0.169133 -0.058528  0.575020   2
  1  0  0.938300  0.032920  0.001738  0.787672   6
  1  0  0.938300  0.585075 -0.182245 -0.024773   2
  1  0  0.938300 -0.123550 -0.155266  0.143324   5
  1  0  0.938300  0.049907 -0.389124  0.432492   2
  1  0  0.938300 -0.076372 -0.209829  0.296930   2
  1  0  0.938300 -0.023603 -0.095649  0.440794   3
  1  0  0.938300 -0.334375 -0.237405  0.376525   4
  1  0  0.938300  0.024607 -0.003426  0.896370   7
  1  0  0.938300 -0.450631 -0.105998  0.087959   2
  1  0  0.938300  0.330453 -0.154704  0.295815   7
  1  0  0.938300 -0.231911  0.245128  0.563109   6
  1  0  0.938300 -0.076331  0.063298  0.109627   1
  1  0  0.938300  0.045855  0.171460  0.567279   2
  1  0  0.938300  0.075204 -0.453470  1.240915   9
  1  0  0.938300 -0.072977 -0.059238  0.773479   4
  1  1  0.938300  0.157389 -0.243774  0.852367   4
  1  0  0.938300 -0.272085 -0.308352  0.372476   6
  1  0  0.938300  0.134090  0.286892  0.601540   3
  1  0  0.938300  0.357712 -0.018945  0.649498   8
  1  0  0.938300  0.047742 -0.138034  0.137028   1
  1  0  0.938300  0.060736 -0.012300 -0.124838   1
  1  0  0.938300 -0.055107  0.019666  0.701751   7
  1  0  0.938300 -0.271110  0.083668  0.277683   4
  1  1  0.938300  0.103374  0.111702  0.615564   9
  1  0  0.938300 -0.221167  0.089950  0.036522   1
  1  0  0.938300  0.513994  0.579570  0.036163   4
  1  0  0.938300  0.047284  0.280330  0.496238   3
  1  0  0.938300  0.327240  0.238481  0.027930   4
  1  0  0.938300 -0.128550 -0.253533  0.281074   3
  1  0  0.938300 -0.228936  0.219951  0.345476   6
  1  1  0.938300  0.241516 -0.005603  0.462076   5
  1  0  0.938300  0.226882 -0.207164  0.334713   6
  1  0  0.938300  0.189263 -0.130923  0.017566   1
  1  0  0.938300 -0.124107  0.096883  0.020582   2
  1  1  0.938300  0.082749  0.092763  0.443733   4
  1  0  0.938300 -0.256895  0.110514  0.799623   6
  1  0  0.938300  0.320465  0.101642  0.658612   4
  1  0  0.938300  0.265476 -0.182093  0.846018   6
  1  1  0.938300 -0.260697  0.515103  0.876326   2
  1  0  0.938300  0.408147  0.167790  0.287880   2
  1  0  0.938300 -0.387620 -0.004544  0.598349   3
  1  0  0.938300  0.245573  0.367953  0.355481   3
  1  0  0.938300 -0.087647  0.123913 -0.156902   1
  1  0  0.938300  0.030718 -0.270029  0.336021   2
  1  0  0.938300  0.007695  0.165585  0.215348   1
  1  0  0.938300  0.136240  0.346220  0.246576   2
  1  0  0.938300  0.015909 -0.228654  0.230203   2
  1  0  0.938300  0.506155 -0.425379  0.614575   7
  1  0  0.938300  0.066970 -0.493203  0.549310   3
  1  0  0.938300  0.102047 -0.040810  0.263001   6
  1  0  0.938300  0.016112  0.024816  0.137183   1
  1  0  0.938300 -0.044789  0.046348  0.402272   4
  1  1  0.938300 -0.661230 -0.209039  0.539669   4
  1  0  0.938300  0.308749 -0.079839  0.212293   7
  1  0  0.938300  0.447709  0.104784  0.235882   3
  1  0  0.938300  0.248512  0.008991  0.378628   5
  1  0  0.938300  0.022293 -0.302894  0.198079   2
  1  0  0.938300  0.018407 -0.152338  0.500112   5
  1  0  0.938300  0.104975 -0.324510  0.987996   4
  1  0  0.938300  0.011629  0.352009  0.499134   4
  1  0  0.938300 -0.099179  0.248135  0.405474   3
  1  0  0.938300 -0.228035  0.074013  0.097446   1
  1  0  0.938300 -0.060490 -0.019419  0.045594   1
  1  0  0.938300  0.082945 -0.226569  0.370973   5
  1  0  0.938300  0.389098  0.119104  0.534196   6
  1  0  0.938300  0.295757 -0.190781  0.406569   3
  1  0  0.938300  0.039847 -0.268374  0.402968   2
  1  0  0.938300  0.101932 -0.004197  0.129550   3
  1  0  0.938300 -0.054702 -0.001682  0.839052   7
  1  0  0.938300  0.104963  0.067975  0.231951   1
  1  0  0.938300 -0.121775  0.025967  0.779766   8
  1  0  0.938300  0.082547  0.061623  0.256143   6
  1  0  0.938300 -0.000429  0.015995  0.715458   3
  1  0  0.938300  0.461988  0.065895  0.586136   7
  1  0  0.938300  0.252004 -0.123309  0.213433   3
  1  0  0.938300 -0.122550  0.692350  0.382506   2
  1  0  0.938300 -0.172520 -0.175716  0.115309   1
  1  0  0.938300 -0.282571 -0.275061 -0.002004   4
  1  0  0.938300  0.063987  0.153400  0.171605   4
  1  0  0.938300 -0.147986  0.056684  0.093364   4
  1  0  0.938300  0.357050  0.295859  0.364545   3
  1  0  0.938300 -0.059167 -0.171377  0.227847   3
  1  0  0.938300  0.202702  0.098483  0.657169   3
  1  0  0.938300 -0.020786  0.094846  0.600872   4
  1  0  0.938300 -0.117116 -0.338932  0.399213   3
  1  0  0.938300  0.097184  0.405217  0.172884   3
  1  1  0.938300 -0.018437  0.119556  0.532293  12
  1  0  0.938300  0.139349  0.015954  0.166129   1
  1  0  0.938300 -0.115429  0.126011  0.314648   4
  1  0  0.938300 -0.678798 -0.112947  0.398119   2
  1  0  0.938300 -0.368194 -0.158207  0.028836   5
  1  0  0.938300  0.146466  0.264812  0.195517  12
  1  0  0.938300 -0.220662  0.195172  0.385007   4
  1  0  0.938300 -0.341216 -0.242634  0.513332   2
  1  0  0.938300 -0.424169 -0.082304  0.090713   4
  1  0  0.938300  0.005713 -0.198865  0.046794   1
  1  0  0.938300 -0.328617  0.384282  0.154084   4
  1  0  0.938300 -0.191577 -0.289774  0.719273   9
  1  0  0.938300 -0.410827  0.150329  0.643599   2
  1  0  0.938300 -0.124710  0.063002  0.795658   4
  1  0  0.938300  0.007105  0.205728  0.260858   5
  1  1  0.938300 -0.566576  0.322506  0.255174  -3
  1  1  0.938300 -0.271442  0.196862  0.796327  -2
  1  1  0.938300 -0.088700  0.073647  0.922107  -3
  1  1  0.938300  0.090604 -0.410020  0.449612  -4
  1  1  0.938300  0.116626  0.058565  0.534315  -2
  1  0  0.938300 -0.473226 -0.256106  0.841020  -5
  1  1  0.938300 -0.140918 -0.210679  0.439587  -2
  1  1  0.938300 -0.137955  0.343372  0.308875  -3
  1  1  0.938300 -0.226768  0.111421  1.069477  -2
  1  1  0.938300 -0.043096 -0.355163  1.077713  -2
  1  1  0.938300 -0.381777  0.057995  0.193742  -5
  1  0  0.938300  0.460668  0.088805  0.279932  -6
  1  1  0.938300 -0.020172  0.237483  0.076233  -3
  1  1  0.938300  0.067176 -0.152913  0.851886  -2
  1  1  0.938300  0.163355  0.284564  0.525603  -3
  1  1  0.938300  0.003712 -0.143987  0.843552  -4
  1  0  0.938300 -0.072918  0.245334  0.643644  -4
  1  1  0.938300  0.313065  0.115994  0.227196  -7
  1  1  0.938300  0.132733  0.375799  0.040492  -4
  1  1  0.938300  0.069260  0.245672  0.483676  -2
  1  1  0.938300 -0.060480  0.014328  0.608361  -2
  1  1  0.938300 -0.030809 -0.397628  0.317576  -7
  1  1  0.938300 -0.111426  0.110657  0.496164  -7
  1  1  0.938300 -0.078792  0.042028  0.489307  -5
  1  1  0.938300  0.228881  0.347172  1.105461  -2
  1  1  0.938300  0.365944  0.395626  0.610055  -9
  1  1  0.938300  0.037233 -0.170944  0.657609  -1
  1  0  0.938300  0.235004  0.261621  0.412486  -9
  1  0  0.938300 -0.239814 -0.071333  0.169962 -11
  1  1  0.938300  0.007784 -0.185805  0.482363  -3
  1  0  0.938300 -0.043850 -0.127556  0.275243  -5
  1  1  0.938300 -0.019785 -0.237571  0.737591  -3
  1  1  0.938300 -0.123812  0.175359  0.327560  -5
  1  1  0.938300 -0.333303 -0.326498  0.480321  -6
  1  1  0.938300  0.322191 -0.217852  0.245318  -5
  1  1  0.938300 -0.064873  0.106283  0.567471 -10
  1  1  0.938300 -0.340126 -0.027634  0.759239  -2
  1  0  0.938300 -0.188891 -0.062763  0.254107  -3
  1  1  0.938300  0.096737 -0.320716  0.787879  -2
  1  1  0.938300 -0.189929 -0.266808  0.714235  -4
  1  1  0.938300 -0.254095  0.315728  0.596939  -4
  1  1  0.938300  0.077146 -0.106024  0.314671  -4
  1  0  0.938300  0.154827  0.198243  0.243934  -7
  1  1  0.938300  0.267966  0.157075  0.358077  -4
  1  1  0.938300 -0.071076 -0.166117  0.542719  -5
  1  1  0.938300 -0.168211  0.239292  0.634113  -4
  1  1  0.938300  0.207200  0.463656  0.816307  -5
  1  1  0.938300  0.299688 -0.012190  0.562309  -5
  1  1  0.938300 -0.124138 -0.099571  0.674323  -3
  1  1  0.938300 -0.014101 -0.030870  1.043363  -2
  1  1  0.938300 -0.608900  0.016019  0.269772  -4
  1  1  0.938300  0.214916 -0.173546  0.397263  -4
  1  1  0.938300  0.129195  0.120501  0.538582  -4
  1  1  0.938300  0.115452  0.248930  0.276945  -3
  1  1  0.938300 -0.180328 -0.418806  0.823154  -2
  1  1  0.938300  0.477220  0.039947  0.212999  -3
  1  1  0.938300 -0.518054 -0.445295  0.715702  -5
  1  1  0.938300 -0.127887  0.215462  0.718939  -7
  1  1  0.938300  0.321867  0.124050  0.611494  -4
  1  1  0.938300  0.299507 -0.031431  1.118998  -2
  1  1  0.938300 -0.410145  0.500470  0.468388  -4
  1  1  0.938300  0.324516  0.111524  0.707761  -7
  1  1  0.938300  0.037379  0.734406  0.533721  -7
  1  1  0.938300  0.400155  0.591956  0.220323  -5
  1  1  0.938300  0.046895  0.018288  0.280571  -4
  1  0  0.938300  0.409634 -0.615780  0.698942  -4
  1  1  0.938300 -0.183045  0.099320  0.490355  -3
  1  1  0.938300 -0.085896  0.064195  0.191450  -5
  1  1  0.938300  0.100502 -0.257197 -0.109775  -9
  1  1  0.938300  0.040498  0.150132  0.192678  -3
  1  0  0.938300 -0.049606  0.089459  0.793435  -1
  1  1  0.938300  0.068671 -0.380670  0.617595  -4
  1  1  0.938300 -0.016268  0.203428  0.626511  -6
  1  1  0.938300 -0.106125 -0.115436  0.476779  -3
  1  0  0.938300 -0.137375  0.027197  0.762011  -4
  1  0  0.938300 -0.231584 -0.362337  0.354746  -4
  1  1  0.938300 -0.129694 -0.214035  0.568120  -2
  1  1  0.938300  0.160127  0.425613  0.645685  -5
  1  1  0.938300 -0.055016 -0.799364  0.715258  -3
  1  0  0.938300 -0.025742  0.145666  0.749375  -4
  1  0  0.938300 -0.051820  0.420756  1.085347  -2
  1  1  0.938300 -0.091024  0.118692  0.245475  -4
  1  0  0.938300 -0.240958  0.181550  0.317557  -4
  1  0  0.938300  0.462448  0.394654  0.929745  -6
  1  0  0.938300  0.543261 -0.043090  1.088948  -3
  1  0  0.938300  0.176483 -0.076979  0.677632  -3
  1  0  0.938300  0.407273 -0.094388  0.376462  -2
  1  0  0.938300 -0.167205 -0.149174  0.584008  -4
  1  1  0.938300 -0.113487  0.129641  0.270501  -8
  1  0  0.938300 -0.205848  0.218205  0.851633  -2
  1  0  0.938300  0.268641  0.162376  0.414092  -5
  1  0  0.938300 -0.083370  0.003793  0.888014  -1
  1  0  0.938300 -0.283000 -0.141139  0.257516  -3
  1  0  0.938300 -0.231456 -0.037317  1.128753  -1
  1  0  0.938300  0.170440 -0.236250  0.251573  -2
  1  0  0.938300  0.078194 -0.167862  0.273628  -3
  1  0  0.938300  0.371706  0.308974  0.403169  -5
  1  0  0.938300  0.047927 -0.406617  0.747777  -5
  1  0  0.938300 -0.373977  0.204965  0.548965  -3
  1  0  0.938300  0.047729  0.211378  0.722867  -2
  1  0  0.938300  0.050408  0.082148  0.132900  -3
  1  0  0.938300 -0.041092 -0.301108  0.212872  -9
  1  0  0.938300 -0.013484  0.463621  0.295481  -5
  1  0  0.938300  0.049698  0.022862  0.523310  -2
  1  0  0.938300 -0.259961  0.162689  0.336868  -5
  1  1  0.938300  0.006680 -0.025863  0.477024  -1
  1  0  0.938300  0.126069  0.119714  0.917455  -1
  1  0  0.938300  0.254696  0.206520  0.520568  -4
  1  0  0.938300 -0.337774  0.267934  0.633694  -2
  1  0  0.938300 -0.054149  0.078848  0.519043  -3
  1  0  0.938300 -0.043605  0.120480  0.562648  -3
  1  0  0.938300 -0.340602 -0.315116  0.608030  -2
  1  0  0.938300  0.043931 -0.046739  0.380902  -2
  1  0  0.938300  0.751253  0.029380  0.571758  -3
  1  0  0.938300  0.346712  0.106942  0.327970  -3
  1  1  0.938300  0.075587  0.123663  0.286335  -4
  1  0  0.938300  0.214368 -0.552943  0.533927  -4
  1  0  0.938300 -0.290659 -0.320600  0.335654  -4
  1  0  0.938300 -0.024848  0.063523  0.856059  -8
  1  1  0.938300 -0.157855  0.027898  0.800855 -10
  1  0  0.938300 -0.250126  0.466611  0.420477  -2
  1  0  0.938300 -0.144444 -0.093935  0.679536  -3
  1  0  0.938300  0.227406  0.084140  0.643291  -1
  1  1  0.938300 -0.177878  0.143674  0.740489  -5
  1  0  0.938300  0.199299 -0.108737  0.055697  -5
  1  0  0.938300  0.099826 -0.039694  0.492385  -1
  1  0  0.938300  0.233892 -0.145899  0.283684  -3
  1  0  0.938300  0.056839  0.362946  0.145655  -3
  1  0  0.938300 -0.068178  0.024386  0.472796  -1
  1  1  0.938300  0.012982 -0.125305  0.383520  -2
  1  0  0.938300  0.156550 -0.390489  0.038938  -4
  1  0  0.938300 -0.395682 -0.047179  0.382084  -3
  1  0  0.938300  0.013442 -0.085250  0.701834  -4
  1  0  0.938300 -0.039785 -0.078416  0.787772  -2
  1  0  0.938300  0.167068 -0.018342  0.601042  -2
  1  0  0.938300 -0.201075 -0.005759  0.606025  -3
  1  0  0.938300  0.347328  0.166143 -0.072598  -2
  1  0  0.938300 -0.097075  0.055332  0.833690  -1
  1  0  0.938300  0.043344 -0.144797  0.857509  -1
  1  0  0.938300 -0.148588 -0.296150  0.450675  -2
  1  0  0.938300 -0.226933  0.171610  0.350424  -3
  1  1  0.938300 -0.230240 -0.299722  0.551050  -9
  1  0  0.938300  0.018880 -0.058964  0.988185  -3
  1  0  0.938300 -0.439315 -0.003178  0.511361  -4
  1  0  0.938300 -0.010599  0.290590  0.102110  -4
  1  0  0.938300  0.008159 -0.047576  0.881821  -1
  1  0  0.938300  0.000166 -0.043869  0.490618  -1
  1  0  0.938300 -0.277352  0.442953  0.275965  -5
  1  1  0.938300  0.755124  0.121263  0.132781  -5
  1  0  0.938300  0.362042 -0.071328  0.585428  -4
  1  0  0.938300 -0.097815  0.079614  0.806168  -1
  1  0  0.938300  0.116227  0.194236  0.448271  -4
  1  0  0.938300  0.153217  0.149777  0.868564  -1
  1  0  0.938300  0.192633 -0.396328  0.356588  -6
  1  0  0.938300 -0.036397  0.483206  0.643811  -4
  1  0  0.938300  0.104091 -0.096881  0.838202  -2
  1  0  0.938300 -0.087965 -0.092360  0.576852  -2
  1  0  0.938300  0.074720 -0.211864  0.229389  -2
  1  0  0.938300  0.279420 -0.197006  0.325156  -7
  1  0  0.938300 -0.238543 -0.102006  0.648534  -4
  1  0  0.938300 -0.085815  0.118706  0.167940  -4
  1  0  0.938300  0.192752 -0.101218  0.693619  -5
  1  0  0.938300  0.542801  0.201260  0.651990  -8
  1  0  0.938300 -0.083907 -0.278457  0.597351  -5
  1  0  0.938300 -0.160304  0.373851  1.549606  -3
  1  0  0.938300  0.309755  0.053692  0.728344  -4
  1  0  0.938300  0.567935 -0.076605  0.646447  -4
  1  0  0.938300 -0.464580  0.334143  0.569789  -6
  1  0  0.938300  0.058150  0.241702  0.768077  -2
  1  0  0.938300  0.103345  0.117995  0.229632  -3
  1  0  0.938300 -0.270177  0.220528  0.312997  -5
  1  0  0.938300 -0.160888 -0.394524  0.666390  -2
  1  0  0.938300  0.149809  0.089277  0.438698  -4
  1  0  0.938300 -0.091315 -0.172747  1.196429  -2
  1  0  0.938300 -0.063843 -0.240505  0.766261  -8
  1  0  0.938300 -0.561796  0.126912  0.839430  -3
  1  0  0.938300 -0.240963 -0.310520  0.281260  -2
  1  0  0.938300  0.171055 -0.035881  0.760040  -2
  1  0  0.938300 -0.057553 -0.232190  0.662812  -4
  1  0  0.938300 -0.062671 -0.290178  1.120999  -4
  1  0  0.938300 -0.480550  0.339710  0.435485  -3
  1  0  0.938300 -0.101098 -0.325434  0.243007  -4
  1  0  0.938300 -0.170554  0.066832  0.714076  -4
  1  0  0.938300  0.147469 -0.045207  0.842657  -1
  1  0  0.938300 -0.213990  0.297972  0.412870  -4
  1  0  0.938300 -0.061201  0.171232  0.899443  -1
  1  0  0.938300  0.279233 -0.047065  0.011301  -8
  1  0  0.938300 -0.157917 -0.019028  0.896508  -1
  1  0  0.938300 -0.262671 -0.355140  0.643532  -2
  1  0  0.938300  0.111483 -0.217728  0.576832  -6
  1  0  0.938300  0.147734  0.077226  0.767334 -11
  1  0  0.938300  0.012947  0.216561  0.896369  -3
  1  0  0.938300 -0.407792 -0.569220  0.293642  -5
  1  0  0.938300 -0.248679 -0.093480  0.946241  -2
  1  0  0.938300  0.580270  0.294602  1.038330  -2
  1  0  0.938300  0.002396 -0.029745  0.127495  -5
  1  0  0.938300 -0.043684  0.185457  0.342128  -5