  1  1  0.938300  0.033933 -0.152956  0.146004   1
  1  1  0.938300 -0.111501  0.220962  0.429217   2
  1  1  0.938300  0.232297  0.006727  0.086511   2
  1  1  0.938300 -0.098770 -0.019028 -0.059254   2
  1  1  0.938300 -0.040680  0.503745  0.422339   3
  1  1  0.938300  0.804754  0.366214  0.344477   3
  1  1  0.938300  0.190097 -0.321191  0.588849   3
  1  1  0.938300  0.015633  0.387656 -0.029110   5
  1  0  0.938300 -0.065499 -0.135024  0.604095   5
  1  1  0.938300  0.028390 -0.228112  0.863099   7
  1  1  0.938300  0.274179 -0.177579  0.257025   2
  1  1  0.938300  0.063593 -0.093799  0.910995   7
  1  1  0.938300 -0.220269 -0.035865  0.288161   1
  1  1  0.938300  0.191517 -0.087044  0.453349   2
  1  1  0.938300 -0.139138  0.153460  0.040469   3
  1  0  0.938300  0.407648 -0.308375  0.196259   1
  1  1  0.938300 -0.091446 -0.228802  0.518662   6
  1  1  0.938300 -0.020856 -0.229184  0.742479   5
  1  1  0.938300 -0.110937 -0.256137  0.561527   2
  1  1  0.938300  0.089313 -0.415508  0.189218   4
  1  1  0.938300 -0.148711  0.005865  0.187480   2
  1  1  0.938300  0.000787 -0.024966  0.443085   8
  1  1  0.938300 -0.130837  0.423804  0.240545   8
  1  1  0.938300 -0.183498  0.360193  0.289152   2
  1  1  0.938300 -0.189181 -0.086285  0.021692   1
  1  0  0.938300  0.009381 -0.212857  0.421363   3
  1  1  0.938300 -0.461850 -0.047340  0.476030   9
  1  1  0.938300  0.150455 -0.099911  0.627733   9
  1  1  0.938300 -0.071157 -0.179643  0.790986   6
  1  1  0.938300  0.513205  0.015333 -0.083827   2
  1  1  0.938300  0.102299  0.028960 -0.028274   2
  1  1  0.938300 -0.415325 -0.139415  0.604406   3
  1  1  0.938300  0.123029  0.404045  0.916512   5
  1  1  0.938300 -0.052017 -0.297489  0.689957   4
  1  0  0.938300 -0.247463  0.279032  0.340960   6
  1  1  0.938300  0.130020 -0.263153  0.172042   2
  1  0  0.938300  0.157862 -0.079230  0.208122   4
  1  1  0.938300  0.189284 -0.115780  0.466700   3
  1  1  0.938300 -0.146130 -0.590547 -0.001261   3
  1  0  0.938300  0.210062  0.012501 -0.027413   4
  1  1  0.938300 -0.207494 -0.263881 -0.164590   2
  1  1  0.938300  0.346097  0.229371 -0.053817   2
  1  1  0.938300  0.244320  0.335402  0.501208   3
  1  1  0.938300  0.271418 -0.375635  0.515008   3
  1  1  0.938300  0.504848 -0.150514  0.814716   4
  1  1  0.938300 -0.146947  0.179599 -0.101000   1
  1  1  0.938300 -0.339674  0.254144  0.496588   2
  1  1  0.938300  0.194391  0.339364  0.774534   6
  1  1  0.938300 -0.005879  0.573254  0.868431   2
  1  1  0.938300 -0.191864 -0.328574  1.012047   4
  1  1  0.938300 -0.097415  0.021013  0.038532   1
  1  0  0.938300 -0.233985 -0.311422  0.307417   6
  1  1  0.938300  0.493987  0.076168  0.615536   3
  1  1  0.938300 -0.436528  0.092502  0.506509   6
  1  1  0.938300 -0.386804 -0.518141  0.248216   2
  1  1  0.938300  0.152244 -0.063903 -0.014117   2
  1  1  0.938300  0.395884  0.158423  0.232582   3
  1  1  0.938300  0.143163  0.191118  0.051416   1
  1  1  0.938300 -0.253885 -0.548404  0.608661   3
  1  0  0.938300 -0.161421  0.138033  0.373527   6
  1  1  0.938300  0.334026  0.029046  0.349538   2
  1  1  0.938300 -0.534018  0.527164  0.848366   6
  1  1  0.938300  0.002672 -0.152904  0.568618   3
  1  1  0.938300  0.185594  0.162125  0.198846   5
  1  1  0.938300 -0.418464 -0.231009  0.408823   5
  1  1  0.938300  0.188765  0.003980  0.356425   8
  1  1  0.938300 -0.131545  0.058358 -0.203768   1
  1  1  0.938300  0.064728 -0.267045  1.097921   9
  1  1  0.938300  0.044159 -0.290012 -0.103199   2
  1  1  0.938300 -0.208055 -0.093483  0.345304   4
  1  0  0.938300 -0.184054  0.133430  0.564460  10
  1  1  0.938300  0.014244 -0.236174  1.234897   2
  1  1  0.938300 -0.379142 -0.293570  0.618894   5
  1  1  0.938300 -0.486205  0.127191  0.001098   5
  1  1  0.938300  0.044446 -0.277974  0.431668   3
  1  1  0.938300  0.320930  0.397547  0.567620   2
  1  1  0.938300 -0.110602  0.108135  0.145252   1
  1  1  0.938300 -0.084611  0.017606  0.075058   1
  1  1  0.938300  0.052239  0.135160  0.649344   2
  1  0  0.938300  0.174051 -0.374537  0.414186   5
  1  0  0.938300 -0.100987  0.267463  0.467024   3
  1  0  0.938300  0.013764 -0.098758  0.826705   6
  1  0  0.938300  0.358660 -0.114853  0.287993   3
  1  0  0.938300  0.090301  0.262517  0.165747   2
  1  0  0.938300 -0.091630  0.008085  0.915327   2
  1  0  0.938300 -0.095661 -0.156055  0.600919   4
  1  0  0.938300  0.376161  0.351468  1.126280   4
  1  0  0.938300 -0.121867 -0.022058  0.218223   6
  1  0  0.938300 -0.111311  0.205149  0.433688   4
  1  0  0.938300 -0.275975  0.010618  0.464988   3
  1  0  0.938300  0.160675 -0.088818  0.045445   1
  1  0  0.938300 -0.377670  0.299117  0.379009   5
  1  0  0.938300 -0.448863  0.028098  0.376731   3
  1  0  0.938300  0.102999  0.175206  0.262999   5
  1  0  0.938300  0.073115  0.021596  0.689309   4
  1  1  0.938300  0.325603  0.337382  0.544365   7
  1  0  0.938300  0.062043 -0.102511  0.547388   3
  1  0  0.938300 -0.326173  0.162249  0.673644   4
  1  0  0.938300 -0.398080 -0.004409  0.341451   2
  1  0  0.938300 -0.029880 -0.127531  0.225000   1
  1  0  0.938300 -0.370064 -0.034349  0.468003   2
  1  0  0.938300 -0.242578 -0.179157  0.696713   4
  1  0  0.938300  0.183051  0.208123  0.977569   3
  1  0  0.938300  0.124479  0.042724  0.233122   2
  1  0  0.938300 -0.107902  0.009809  0.469476   6
  1  0  0.938300  0.104375  0.107515  0.080888   1
  1  0  0.938300 -0.155386  0.112777  0.429570   4
  1  0  0.938300  0.043322  0.040313  0.189408   1
  1  0  0.938300 -0.260220  0.117541  0.267839   2
  1  0  0.938300 -0.042000 -0.148691  0.425557   4
  1  1  0.938300  0.100504  0.094449  0.783683   5
  1  0  0.938300  0.232184 -0.270641  0.856201   9
  1  0  0.938300  0.186725  0.037660  0.310532   7
  1  0  0.938300  0.125858  0.160239  0.942749   2
  1  0  0.938300  0.064422  0.074774  0.333830   3
  1  0  0.938300  0.017392  0.549189  0.854481   5
  1  1  0.938300  0.417933  0.180393  0.082149   1
  1  0  0.938300 -0.330180 -0.303289  0.315176   6
  1  0  0.938300  0.370188  0.000406  0.941663   8
  1  0  0.938300 -0.118825 -0.015002  0.249411   1
  1  0  0.938300  0.075012  0.074994  0.465268   1
  1  0  0.938300  0.236542  0.168752  0.820438   4
  1  0  0.938300  0.225967  0.115529  0.404512   8
  1  0  0.938300  0.332091 -0.259613  0.132064  10
  1  0  0.938300  0.015250  0.105955  0.552463   2
  1  0  0.938300  0.235370 -0.009665  0.295324   7
  1  0  0.938300  0.043276 -0.007040  0.118626   1
  1  1  0.938300  0.096847  0.111967  0.612450   5
  1  0  0.938300 -0.139255  0.002402  0.542516   3
  1  0  0.938300 -0.570511  0.316040  0.925103   3
  1  0  0.938300 -0.352603  0.218684  0.697252   2
  1  0  0.938300  0.074687 -0.185645  0.483881   4
  1  0  0.938300  0.122012 -0.034797  0.159922   5
  1  0  0.938300 -0.477292  0.251156  0.125474   4
  1  0  0.938300 -0.256356  0.065030  0.275359   3
  1  0  0.938300 -0.357178 -0.060952  0.554711   4
  1  0  0.938300  0.273442  0.351489  0.502507   3
  1  0  0.938300 -0.176168 -0.580282  0.346462   8
  1  0  0.938300  0.049659  0.066044  0.025245   1
  1  0  0.938300  0.080293  0.318248  0.540878   9
  1  0  0.938300 -0.015587 -0.262335  0.317557   5
  1  0  0.938300 -0.019356  0.097198  0.169254   6
  1  0  0.938300  0.441428 -0.162167  0.411386   3
  1  0  0.938300  0.646714  0.126065  0.318918   3
  1  0  0.938300 -0.088404 -0.144316  0.197647   9
  1  0  0.938300 -0.051631 -0.031969  0.295338   3
  1  0  0.938300  0.097017  0.040994  0.061818   1
  1  0  0.938300  0.201209  0.049857  0.023803   1
  1  0  0.938300  0.122929  0.258089  1.496900   8
  1  0  0.938300 -0.119607 -0.143576  1.067270   2
  1  0  0.938300 -0.097111 -0.028371  0.089640   1
  1  0  0.938300 -0.080161  0.348936  0.621281   4
  1  0  0.938300 -0.056571  0.145574  0.443838   6
  1  0  0.938300  0.326935  0.057264  0.454999   7
  1  0  0.938300 -0.329327  0.503905  0.032834   3
  1  0  0.938300 -0.238472 -0.138188  0.544211   2
  1  0  0.938300 -0.049221 -0.074476  0.388360   3
  1  0  0.938300 -0.239306 -0.055291  0.138730   2
  1  0  0.938300 -0.141803  0.063370  0.300765   2
  1  0  0.938300  0.107628 -0.016516  0.383639   4
  1  0  0.938300 -0.172813 -0.020541  0.084572   2
  1  1  0.938300  0.109461 -0.366681  0.440546   4
  1  0  0.938300  0.038887  0.227579  0.453502   4
  1  0  0.938300  0.034962  0.008815 -0.068767   1
  1  0  0.938300 -0.002880  0.055866  0.643842   4
  1  0  0.938300 -0.037120 -0.106151 -0.027136   1
  1  0  0.938300  0.087772 -0.085049  0.256870   3
  1  0  0.938300 -0.099137  0.232189  0.559543   6
  1  0  0.938300  0.141958  0.114137  0.286206   4
  1  0  0.938300 -0.497505 -0.190457  0.383873   5
  1  0  0.938300  0.304082 -0.095955  0.352256   3
  1  0  0.938300  0.327504  0.001714  0.383463   3
  1  0  0.938300  0.229272 -0.058862  0.286306   5
  1  0  0.938300  0.289473 -0.453709  0.355770   8
  1  0  0.938300 -0.340114 -0.147247  0.427973   7
  1  0  0.938300 -0.097553 -0.104671  0.055111   1
  1  0  0.938300  0.274223  0.137573  0.493239   3
  1  0  0.938300  0.084349  0.295730  0.284408   3
  1  0  0.938300  0.394254 -0.013316  0.208137   3
  1  0  0.938300 -0.098999 -0.017055  0.718145   5
  1  0  0.938300 -0.150906  0.046668  0.630905   4
  1  0  0.938300  0.133644 -0.238706  0.299121   3
  1  0  0.938300 -0.350275  0.241700  0.362287   3
  1  0  0.938300  0.248861  0.439412  0.409106   3
  1  0  0.938300 -0.105957 -0.185095  0.099366   2
  1  0  0.938300 -0.089542 -0.224678  0.470785   3
  1  0  0.938300 -0.307300  0.110808  0.548915   5
  1  0  0.938300  0.035259 -0.059343  0.156222   1
  1  0  0.938300 -0.086207 -0.023944  0.317444   4
  1  0  0.938300  0.679069  0.217094  0.243445   2
  1  0  0.938300  0.138348  0.136236  0.515485   5
  1  0  0.938300 -0.374637 -0.223364  0.613712   5
  1  1  0.938300  0.079443 -0.142053  0.674868   8
  1  0  0.938300 -0.257377 -0.355216  0.680121   4
  1  0  0.938300 -0.573023 -0.040524  0.859469   3
  1  1  0.938300  0.175418 -0.292988  0.513307   4
  1  0  0.938300  0.136442 -0.488038  0.509974   4
  1  1  0.938300 -0.056578 -0.431306  0.412879  -6
  1  1  0.938300  0.020330 -0.478607  0.247552  -3
  1  1  0.938300 -0.175807  0.100868  0.175021  -5
  1  1  0.938300 -0.033185 -0.279140  0.714501  -6
  1  1  0.938300 -0.096054 -0.075064  0.222518  -7
  1  1  0.938300  0.077534  0.058117  0.400040  -2
  1  1  0.938300  0.060424 -0.645064  0.510097  -3
  1  1  0.938300 -0.299836 -0.241507  0.734740  -2
  1  1  0.938300 -0.636309 -0.199366  0.523828  -4
  1  1  0.938300  0.278193 -0.169884  0.417642  -8
  1  1  0.938300  0.126337 -0.236302  0.645130  -2
  1  0  0.938300 -0.385857 -0.515423  0.523352  -6
  1  1  0.938300  0.051220 -0.053889 -0.063837  -2
  1  1  0.938300 -0.247853 -0.270211  0.189841  -4
  1  1  0.938300  0.166676  0.292315  0.428285  -2
  1  1  0.938300 -0.007190 -0.167360  0.782277  -1
  1  1  0.938300  0.010008 -0.095979  0.605232  -2
  1  1  0.938300  0.164969 -0.127162  0.743245  -1
  1  1  0.938300 -0.056327  0.412137  0.881088  -7
  1  1  0.938300 -0.029358 -0.211813  0.871642  -3
  1  1  0.938300  0.182533 -0.227071  0.476045  -2
  1  1  0.938300  0.329450 -0.016567  0.669392  -7
  1  1  0.938300 -0.259400 -0.119813  0.654418  -5
  1  1  0.938300 -0.308468  0.291697  0.426097  -3
  1  1  0.938300  0.306029  0.095017  0.190145  -4
  1  1  0.938300  0.225617  0.064571  0.359932  -7
  1  1  0.938300 -0.370508 -0.410583  0.357967  -3
  1  1  0.938300 -0.377025 -0.122137  0.714645  -2
  1  1  0.938300  0.105552  0.102238  0.782476  -1
  1  0  0.938300 -0.022216  0.152303  0.173538  -6
  1  1  0.938300 -0.333865  0.139289  0.311322  -4
  1  1  0.938300  0.162042 -0.074947  0.382674  -2
  1  1  0.938300 -0.093538  0.082587  0.754213  -2
  1  1  0.938300  0.261292 -0.292246  1.079455  -6
  1  0  0.938300  0.310573  0.414162  0.241732  -3
  1  1  0.938300  0.384424  0.020495  0.134721  -4
  1  1  0.938300 -0.203636 -0.042626  0.422740  -3
  1  1  0.938300  0.535393  0.068596  0.133297  -3
  1  1  0.938300 -0.182113  0.090961  0.840202  -2
  1  1  0.938300  0.034041  0.070846  0.393650  -5
  1  1  0.938300 -0.057004 -0.037311  0.901476  -3
  1  1  0.938300  0.270408  0.218129  0.398810  -8
  1  1  0.938300  0.376951 -0.135894  0.479186  -8
  1  0  0.938300  0.049970  0.201138  0.239430  -4
  1  1  0.938300 -0.010890  0.053359  0.840677  -1
  1  1  0.938300  0.139055  0.288486  0.704933  -3
  1  1  0.938300 -0.085138 -0.258689  0.409957  -4
  1  1  0.938300  0.153872 -0.169314  1.044889  -7
  1  1  0.938300 -0.050091  0.022941  0.267036  -3
  1  1  0.938300 -0.343615  0.182177  1.060386  -4
  1  1  0.938300  0.095067  0.202166  0.196198  -5
  1  1  0.938300 -0.042259  0.091491 -0.138563  -5
  1  1  0.938300  0.039833 -0.014989  0.488132  -3
  1  1  0.938300 -0.305108  0.862467  0.285599  -5
  1  1  0.938300 -0.024561  0.019382  1.051101  -1
  1  1  0.938300 -0.237205 -0.072416  0.355789  -4
  1  1  0.938300 -0.292776 -0.162303  0.444923  -2
  1  1  0.938300 -0.175459  0.144084  0.335605  -2
  1  1  0.938300 -0.042327  0.381767  0.342073  -2
  1  1  0.938300  0.511910 -0.381325  0.444249  -5
  1  1  0.938300  0.429191  0.051115  0.354681  -3
  1  1  0.938300 -0.016365 -0.046530  0.853462  -1
  1  1  0.938300  0.290992  0.237822  0.337282  -4
  1  1  0.938300 -0.587233  0.071305  0.254531  -2
  1  1  0.938300 -0.246844  0.384956  0.625923  -7
  1  1  0.938300  0.083673 -0.036082  0.530631  -5
  1  1  0.938300 -0.257043  0.526956  0.446705  -3
  1  1  0.938300 -0.140908 -0.354775  0.529089  -5
  1  1  0.938300  0.321759  0.125779  0.216924  -2
  1  0  0.938300  0.126567  0.051225  0.242815  -3
  1  1  0.938300 -0.387563  0.199704 -0.057930  -5
  1  1  0.938300 -0.198034  0.203834  0.638500  -3
  1  1  0.938300 -0.150714  0.265433  0.645193  -4
  1  1  0.938300  0.171459  0.054087  0.204848  -2
  1  1  0.938300 -0.023554 -0.073167  0.491339  -3
  1  1  0.938300 -0.017963  0.153533  0.479743  -4
  1  1  0.938300  0.218041 -0.069034  0.729660  -3
  1  1  0.938300 -0.384069  0.295895  0.363659  -3
  1  1  0.938300  0.097880 -0.089052  0.847028  -1
  1  0  0.938300 -0.010749 -0.188793  0.688747  -6
  1  0  0.938300  0.195380 -0.211438  0.438986  -4
  1  1  0.938300  0.173094  0.018761  0.490083 -11
  1  0  0.938300 -0.427264 -0.245221  0.357948  -8
  1  0  0.938300  0.129540  0.047312  0.966546  -1
  1  0  0.938300 -0.380329  0.017048  0.227044  -9
  1  0  0.938300  0.012340 -0.056453  0.669392  -3
  1  0  0.938300 -0.184404  0.015841  0.427095  -7
  1  0  0.938300  0.149482  0.145131  0.580637  -2
  1  0  0.938300 -0.060030 -0.642662  0.280460  -3
  1  0  0.938300 -0.033185 -0.408911  0.824559  -6
  1  0  0.938300 -0.189167 -0.109439  0.309237  -4
  1  0  0.938300  0.036031  0.038113  1.015731  -1
  1  1  0.938300 -0.241390  0.295250  0.833426  -3
  1  0  0.938300 -0.046262 -0.116367  0.660154  -5
  1  0  0.938300  0.287243  0.302695  1.328285  -3
  1  0  0.938300  0.189482 -0.191432  0.618669  -4
  1  0  0.938300 -0.042697 -0.237951  0.354520  -4
  1  0  0.938300  0.009990  0.180683  0.790718  -3
  1  0  0.938300  0.198924 -0.211077  0.567641  -2
  1  0  0.938300 -0.258652 -0.197886  0.807776  -2
  1  0  0.938300  0.351834 -0.173757  0.514036  -2
  1  0  0.938300  0.283072 -0.021052  0.328693  -4
  1  0  0.938300 -0.401016 -0.065532  0.809638  -4
  1  0  0.938300 -0.163569  0.012089  0.541348  -3
  1  0  0.938300 -0.097962  0.360841  0.934197  -8
  1  0  0.938300  0.227269  0.233041  0.217294  -6
  1  0  0.938300 -0.061244  0.262610  0.629145  -4
  1  0  0.938300 -0.186303  0.115164  0.251651  -5
  1  0  0.938300 -0.456329  0.006985  0.233367  -3
  1  0  0.938300  0.592219 -0.079020  0.533581  -3
  1  0  0.938300 -0.136944  0.009223  0.807139  -1
  1  1  0.938300  0.292328  0.148712  0.354712  -3
  1  0  0.938300  0.255709  0.356253  0.740073  -4
  1  0  0.938300 -0.053435 -0.305417  0.215399  -2
  1  0  0.938300  0.220036 -0.170315  1.055619  -4
  1  0  0.938300 -0.261385  0.040005  1.116920  -3
  1  0  0.938300 -0.033439 -0.194430  1.004169  -1
  1  0  0.938300  0.367413 -0.082379  0.631798  -4
  1  0  0.938300  0.134850  0.177513  0.284393  -3
  1  0  0.938300  0.365317  0.087229  0.392504  -5
  1  0  0.938300  0.225597  0.006921  0.792786  -4
  1  0  0.938300 -0.083649  0.044138  0.647423  -6
  1  0  0.938300 -0.033781  0.126210 -0.114886  -2
  1  0  0.938300 -0.036750 -0.057037  0.147574  -8
  1  0  0.938300  0.525968 -0.024396  0.689542  -5
  1  0  0.938300 -0.217101 -0.512982  0.403391  -4
  1  0  0.938300  0.100304 -0.447326  0.609277  -4
  1  0  0.938300 -0.221614  0.002271  1.029139  -2
  1  0  0.938300 -0.280930 -0.052458  0.696742  -3
  1  0  0.938300  0.168319 -0.327232  0.870332  -3
  1  1  0.938300  0.240463  0.014889  0.492288  -6
  1  0  0.938300  0.138427 -0.177045  0.419279  -3
  1  0  0.938300 -0.049663  0.002084  0.768614  -5
  1  0  0.938300 -0.278713 -0.336209  1.063616  -3
  1  0  0.938300  0.210532  0.055707  0.469103  -7
  1  0  0.938300  0.519264 -0.168617  1.161032  -4
  1  0  0.938300  0.149996 -0.194044  0.016397  -3
  1  0  0.938300 -0.120946  0.091702  0.389107  -2
  1  0  0.938300 -0.276442  0.048117  0.621000  -2
  1  0  0.938300  0.590747 -0.195888  0.987546  -3
  1  0  0.938300  0.386544  0.121190  0.463550  -5
  1  0  0.938300 -0.120830 -0.114008  0.715940  -5
  1  0  0.938300 -0.228374  0.400478  0.785606  -3
  1  0  0.938300  0.391520  0.044105  0.911457  -3
  1  0  0.938300  0.101088 -0.020233  0.386457  -4
  1  0  0.938300  0.073323 -0.116187  0.383175  -3
  1  0  0.938300  0.454199 -0.162209  0.425851  -8
  1  0  0.938300  0.312606  0.101115  0.234019  -3
  1  0  0.938300 -0.549224  0.410003  0.629923  -5
  1  0  0.938300  0.343792 -0.073289  0.566062  -3
  1  0  0.938300 -0.047608  0.108742  1.041894  -1
  1  0  0.938300  0.096056  0.052528  0.548614  -8
  1  0  0.938300  0.207608  0.335965  0.605289  -2
  1  1  0.938300  0.100805  0.304007  0.739140  -6
  1  0  0.938300  0.056765 -0.170342  1.096499  -2
  1  0  0.938300  0.117341  0.117314  0.332701  -6
  1  0  0.938300 -0.133008 -0.223296  0.184545  -7
  1  0  0.938300  0.036991 -0.029183  0.351161  -4
  1  0  0.938300  0.102393  0.047453  0.518136  -2
  1  0  0.938300 -0.095763 -0.333579  0.555308  -7
  1  0  0.938300 -0.071840 -0.148868  0.057459  -5
  1  0  0.938300 -0.094560  0.043399  1.100137  -1
  1  0  0.938300 -0.143261  0.169433  0.867580  -3
  1  0  0.938300  0.001991 -0.139709  0.458897  -2
  1  0  0.938300 -0.060075 -0.106010  0.818698  -1
  1  0  0.938300 -0.045068  0.230301  0.360805  -4
  1  0  0.938300  0.036170 -0.130812  1.068392  -1
  1  1  0.938300  0.075621  0.142506  0.596535  -3
  1  0  0.938300  0.396190  0.577937  0.317628  -6
  1  1  0.938300 -0.085397 -0.026941  1.320375  -6
  1  0  0.938300 -0.181456  0.085533  0.061063  -2
  1  0  0.938300 -0.048944 -0.081390  0.297174  -5
  1  0  0.938300 -0.001826 -0.405406  0.636192  -4
  1  0  0.938300  0.359055 -0.166746  1.240951  -3
  1  0  0.938300 -0.270586  0.294348  0.942929  -3
  1  0  0.938300 -0.024399  0.160844  0.275055  -5
  1  0  0.938300  0.176422  0.443942  0.321830  -4
  1  0  0.938300  0.348295  0.317928  0.296809  -4
  1  0  0.938300  0.111964  0.095018 -0.078246  -3
  1  0  0.938300 -0.263738  0.360026  0.623047  -4
  1  0  0.938300  0.357156  0.028149  0.110543  -5
  1  0  0.938300  0.265311 -0.019612  0.864707  -6
  1  0  0.938300 -0.246420 -0.290246  0.254538  -4
  1  0  0.938300 -0.491723  0.391999  0.542734  -4
  1  0  0.938300  0.064795  0.078485  0.572844  -1
  1  0  0.938300  0.022044 -0.122249 -0.035781  -6
  1  0  0.938300 -0.038967  0.349148  0.630795  -5
  1  0  0.938300  0.303273 -0.400764  0.600699  -4
  1  0  0.938300  0.022890  0.102450  0.590359  -4
  1  0  0.938300 -0.052973 -0.190353  0.668466  -4
  1  0  0.938300 -0.055518 -0.000721  0.946554  -7
  1  0  0.938300  0.489964 -0.125064  0.828271  -3
  1  0  0.938300  0.498894  0.360237  0.800968  -2
  1  0  0.938300 -0.095033 -0.503615  0.554985  -4
  1  0  0.938300 -0.117096  0.037251  0.756399  -3
  1  0  0.938300 -0.549817 -0.134460  0.364695  -6
  1  0  0.938300 -0.083021  0.068038  0.550422  -1