  1  1  0.938300  0.354721 -0.135355  0.679129   7
  1  1  0.938300  0.089475  0.027726  0.252261   2
  1  1  0.938300  0.104257  0.111108  0.076772  10
  1  1  0.938300 -0.105198 -0.267024  0.306757   2
  1  1  0.938300 -0.098006  0.333227  0.127161   2
  1  0  0.938300 -0.499381  0.638879  1.008231   7
  1  1  0.938300  0.540585 -0.238489  0.552091   5
  1  1  0.938300  0.072782 -0.442202  0.852817   7
  1  1  0.938300  0.074144  0.223636  0.972842   2
  1  0  0.938300  0.202850 -0.084088  0.668152   4
  1  1  0.938300  0.182852  0.592365  0.338352   4
  1  1  0.938300 -0.152817 -0.000550  0.207077   2
  1  0  0.938300  0.028822 -0.349051  0.429862   4
  1  1  0.938300 -0.123005 -0.066240  0.242881   3
  1  1  0.938300  0.353191 -0.261631  0.324773   6
  1  1  0.938300  0.154529 -0.058132  0.370349   5
  1  1  0.938300 -0.135967 -0.074500 -0.066754   2
  1  0  0.938300  0.023195 -0.148150  0.321681   7
  1  1  0.938300  0.244798  0.649127  0.262994   8
  1  1  0.938300 -0.141291 -0.370730  0.962629   2
  1  1  0.938300  0.123944  0.406210  0.247218   3
  1  1  0.938300 -0.059943  0.065172  0.136289   3
  1  1  0.938300  0.143066  0.045487  0.097785   6
  1  1  0.938300 -0.003697  0.031236  0.125493   2
  1  1  0.938300 -0.184835  0.324539  0.723863   2
  1  1  0.938300 -0.020546 -0.409696  1.029285   2
  1  1  0.938300 -0.640651  0.301103  0.595580   5
  1  1  0.938300  0.025067 -0.244082  0.231526   3
  1  1  0.938300  0.208979  0.348766  0.224454   7
  1  1  0.938300  0.249005  0.004097  0.089381   1
  1  1  0.938300  0.124607  0.043352  0.210848   1
  1  0  0.938300 -0.334497  0.199544  0.781806   3
  1  1  0.938300  0.086626 -0.334073  0.658534   7
  1  1  0.938300 -0.141575  0.243223  0.626851   2
  1  1  0.938300 -0.007643 -0.224344  0.354498   3
  1  1  0.938300  0.217330  0.147201  1.304251   8
  1  0  0.938300  0.203349  0.083122  0.565669   6
  1  1  0.938300 -0.013782  0.344741  0.656152   4
  1  1  0.938300  0.172714 -0.113277  0.813844   4
  1  1  0.938300 -0.055768  0.230663  0.296928   4
  1  1  0.938300  0.363641 -0.034870  0.329200   7
  1  1  0.938300  0.323747  0.330069  0.696196   3
  1  1  0.938300 -0.111454  0.107572  0.027804   1
  1  0  0.938300 -0.128911 -0.544258  0.627025   6
  1  1  0.938300  0.109800  0.176606  0.153798   4
  1  0  0.938300  0.129185  0.303326  0.520318   4
  1  1  0.938300 -0.220933 -0.150094  0.206742   3
  1  1  0.938300 -0.098833 -0.497108  1.149745   3
  1  1  0.938300 -0.082366  0.212729  0.235090   4
  1  0  0.938300 -0.247712  0.001993  0.507810   4
  1  1  0.938300 -0.348297 -0.032904  0.068549   3
  1  1  0.938300 -0.037302  0.254904  0.063465   2
  1  1  0.938300 -0.126958 -0.042763  0.260096   5
  1  1  0.938300 -0.358718  0.299960  0.526126   3
  1  1  0.938300  0.016248  0.422485  0.649685   5
  1  1  0.938300  0.184656 -0.006733  0.000830   1
  1  1  0.938300 -0.188063 -0.174902  0.036640   1
  1  1  0.938300  0.122054  0.111786  0.231052   2
  1  1  0.938300  0.087183  0.197780  0.251699   3
  1  0  0.938300  0.565039 -0.440402  0.408187   3
  1  1  0.938300 -0.569555 -0.137614  0.621312   4
  1  1  0.938300  0.240173 -0.100501  0.417233   5
  1  1  0.938300  0.500625 -0.040809  0.808755   5
  1  1  0.938300 -0.203824 -0.156005  0.421274   3
  1  1  0.938300  0.014723  0.113248  0.433851   4
  1  1  0.938300 -0.468351  0.341666  0.287459   2
  1  1  0.938300  0.213651 -0.103170  0.584342   5
  1  1  0.938300  0.294077 -0.210910  0.498347   5
  1  1  0.938300 -0.001124 -0.245152  0.932539   2
  1  1  0.938300 -0.008195 -0.066932  0.097685   4
  1  1  0.938300 -0.063033  0.008707  0.195932   2
  1  1  0.938300  0.446878  0.003306  0.519567   8
  1  1  0.938300 -0.225027  0.256609  0.188390   3
  1  1  0.938300 -0.198813 -0.211277  1.315042   4
  1  1  0.938300 -0.004100 -0.354867  0.324613   2
  1  1  0.938300  0.015891 -0.280542  0.518447   6
  1  1  0.938300  0.009050 -0.046464  0.108575   1
  1  1  0.938300  0.691867 -0.593077  0.515218   9
  1  1  0.938300  0.306111  0.190691  0.575278   2
  1  0  0.938300  0.141221 -0.094570  0.176955   4
  1  0  0.938300 -0.492207  0.207646  0.268217   3
  1  0  0.938300  0.079718 -0.188734  0.275591   1
  1  0  0.938300 -0.222932  0.097217  1.380153   4
  1  0  0.938300 -0.154541 -0.083671  0.182478   2
  1  0  0.938300 -0.490707 -0.587781  0.114549   2
  1  0  0.938300 -0.193739 -0.438244  0.245244   2
  1  0  0.938300 -0.159319  0.088883  0.499329   4
  1  0  0.938300 -0.047254 -0.138138  0.228909   1
  1  0  0.938300 -0.108683 -0.032915  0.493620   3
  1  0  0.938300  0.414943 -0.085261  1.164294   7
  1  0  0.938300 -0.286583  0.031129  0.319615   4
  1  0  0.938300 -0.537181  0.154762  0.449035   3
  1  0  0.938300  0.226686 -0.366445  0.300591   5
  1  0  0.938300 -0.177199  0.173924  0.352306   2
  1  0  0.938300  0.113630 -0.039637  0.890503   2
  1  0  0.938300 -0.013263  0.213093  0.447911   2
  1  0  0.938300 -0.185998  0.196607  0.579065   3
  1  0  0.938300 -0.408127 -0.187966  0.310687   4
  1  0  0.938300  0.078497 -0.387928  0.210678   6
  1  0  0.938300 -0.268285  0.057556  0.590518   6
  1  1  0.938300  0.365783  0.058839  0.188706   5
  1  0  0.938300 -0.370133 -0.194559  0.379260   4
  1  0  0.938300 -0.312086  0.137861  0.886262   2
  1  0  0.938300 -0.105288  0.110824  0.142751   9
  1  0  0.938300  0.058410 -0.154809  0.085900   3
  1  0  0.938300  0.224120 -0.257545  0.340572   5
  1  0  0.938300 -0.219096  0.379592  0.857572   2
  1  0  0.938300 -0.084671  0.156699  0.463313   8
  1  0  0.938300  0.180781  0.297825  0.273830   4
  1  0  0.938300 -0.224117 -0.006440  0.272898   3
  1  0  0.938300  0.161309  0.239915  0.263554   5
  1  1  0.938300 -0.047489  0.041839  0.419454   7
  1  0  0.938300 -0.125461  0.122239 -0.034910   1
  1  0  0.938300 -0.018621 -0.315095  0.138076   6
  1  0  0.938300 -0.014850  0.079885  0.137067   1
  1  0  0.938300 -0.117339 -0.022066  1.026546   3
  1  0  0.938300 -0.351157  0.124876  0.880762   3
  1  0  0.938300 -0.468709 -0.102736  0.675818   5
  1  0  0.938300 -0.095212  0.385655  0.219782   3
  1  0  0.938300 -0.159970 -0.590889  0.804408   2
  1  0  0.938300  0.062899 -0.166510  0.217940   1
  1  0  0.938300 -0.052299 -0.058937  0.596592   4
  1  0  0.938300  0.160715  0.088026  0.820870   2
  1  0  0.938300 -0.033756  0.544086  0.403005   3
  1  0  0.938300  0.353445 -0.070049  0.499468   4
  1  0  0.938300  0.244933  0.209408  0.449973  12
  1  0  0.938300  0.325134  0.031242  0.124384   3
  1  0  0.938300  0.151754  0.048887  0.231389   3
  1  0  0.938300  0.351776  0.023986  0.197966   4
  1  0  0.938300 -0.041345 -0.180508 -0.217710   4
  1  0  0.938300  0.058912 -0.318858  0.481198   2
  1  0  0.938300 -0.349166  0.506761  0.248627   3
  1  0  0.938300  0.199103  0.174345  0.125406   6
  1  0  0.938300  0.003545  0.069788  0.035856   1
  1  1  0.938300 -0.324175  0.465491  1.075705  18
  1  0  0.938300 -0.061507  0.069058  0.099663   1
  1  0  0.938300 -0.066163 -0.217028  1.288555   8
  1  1  0.938300 -0.061213 -0.268876  0.474666   5
  1  0  0.938300 -0.240404  0.035808  0.406923   5
  1  0  0.938300  0.184336  0.291340  0.173177   3
  1  0  0.938300  0.444524 -0.086986  0.650925   2
  1  0  0.938300 -0.224145  0.003379  0.912455   4
  1  0  0.938300 -0.018657  0.141541  0.124076   4
  1  1  0.938300  0.385428  0.082397  0.487736   6
  1  0  0.938300 -0.105309 -0.127527 -0.064718   3
  1  0  0.938300 -0.032167  0.302827  0.492496   2
  1  0  0.938300 -0.014319  0.114185  0.126121   1
  1  0  0.938300 -0.433742  0.034662  0.854683   5
  1  0  0.938300 -0.037427  0.155347  0.361144   3
  1  0  0.938300 -0.596747 -0.006135  1.251135   2
  1  0  0.938300 -0.199640  0.322729  0.012728   3
  1  0  0.938300 -0.076227  0.093624  0.327577   2
  1  0  0.938300  0.018351 -0.061723  0.063452   3
  1  0  0.938300 -0.025083  0.037776 -0.091748   5
  1  0  0.938300 -0.086300 -0.269464  0.587761   6
  1  0  0.938300 -0.052786 -0.040948  0.185937   4
  1  0  0.938300  0.005299 -0.256483  0.475411   4
  1  0  0.938300 -0.062434 -0.176936  0.721944   9
  1  1  0.938300  0.004683 -0.196780  0.655629   6
  1  0  0.938300 -0.060237  0.615922  0.181799   6
  1  0  0.938300  0.027091 -0.106504  0.444969   5
  1  1  0.938300  0.626997  0.072320  0.817751   2
  1  0  0.938300 -0.440936  0.075045  0.609301   7
  1  1  0.938300 -0.232386 -0.075095  0.461500   2
  1  0  0.938300  0.229658 -0.231410  0.486120   4
  1  0  0.938300  0.481816 -0.076357 -0.160265   3
  1  0  0.938300  0.350571  0.569786  0.209710   2
  1  0  0.938300 -0.120564 -0.389413  0.491935   2
  1  0  0.938300  0.286005  0.031369  0.507801   3
  1  0  0.938300 -0.024185 -0.075971  0.586940   6
  1  0  0.938300 -0.048937 -0.308117  0.859419   2
  1  0  0.938300  0.312568  0.148961  0.830280   5
  1  0  0.938300  0.140703  0.468036  0.680874   8
  1  0  0.938300 -0.003413 -0.008785 -0.037747   1
  1  0  0.938300  0.215131 -0.146287  0.132237   3
  1  0  0.938300 -0.029490 -0.595954  0.351404   5
  1  0  0.938300 -0.152286 -0.025218  0.660569   4
  1  1  0.938300  0.050637  0.278678  0.226605   7
  1  0  0.938300 -0.086502  0.086798  0.999043   6
  1  0  0.938300 -0.199618 -0.158743  0.140529   4
  1  0  0.938300 -0.042972  0.086484 -0.037257   1
  1  0  0.938300 -0.127924  0.166969  0.737531   6
  1  1  0.938300 -0.244453 -0.374433  1.084457   6
  1  0  0.938300  0.176821  0.386653  0.619603   5
  1  0  0.938300  0.021956 -0.069469  0.181422   1
  1  0  0.938300  0.367760  0.122835  0.601775   4
  1  0  0.938300  0.153447 -0.278980  0.598012   4
  1  0  0.938300 -0.058379 -0.652178  0.209205   2
  1  0  0.938300 -0.103398 -0.001695  0.519309   4
  1  0  0.938300  0.193760  0.046294  0.434240   6
  1  0  0.938300  0.008656 -0.190079  0.058937   1
  1  0  0.938300  0.571405 -0.220132  0.072762   3
  1  0  0.938300 -0.051760  0.097631  0.372238   1
  1  0  0.938300  0.022605 -0.134479  0.993021   6
  1  0  0.938300  0.355913 -0.416818  0.076809   4
  1  0  0.938300 -0.053515 -0.008486  0.685086   3
  1  0  0.938300 -0.091475 -0.121145  0.376923   2
  1  1  0.938300 -0.223261 -1.138834  0.775343  -4
  1  1  0.938300  0.535010  0.191018  0.369497  -5
  1  1  0.938300  0.182632 -0.191790  0.096780  -5
  1  1  0.938300 -0.231870 -0.021700  0.640774  -3
  1  1  0.938300  0.149475 -0.080274  0.646413 -11
  1  1  0.938300 -0.149663  0.039688  0.280611  -5
  1  1  0.938300 -0.135401  0.430625  0.419290 -14
  1  1  0.938300 -0.054605  0.136311  0.779072  -1
  1  0  0.938300 -0.326437 -0.080698  0.477550  -5
  1  1  0.938300 -0.301128  0.164255  0.719226  -2
  1  0  0.938300 -0.077801 -0.413584  0.497697  -7
  1  1  0.938300 -0.018994 -0.040677  0.017250  -3
  1  1  0.938300  0.314044 -0.020906  0.823308  -7
  1  1  0.938300  0.024054 -0.282443  0.552049  -2
  1  1  0.938300  0.235254  0.095216  0.306073  -2
  1  1  0.938300 -0.026550 -0.021006  1.005955  -1
  1  1  0.938300 -0.059546 -0.234260  0.401088  -3
  1  1  0.938300  0.140389  0.047729  0.968963  -2
  1  1  0.938300  0.251621  0.523423  0.615007 -10
  1  1  0.938300  0.373415  0.326873  0.423956  -3
  1  1  0.938300 -0.186500 -0.228474  0.495150  -5
  1  1  0.938300 -0.246343  0.298211  1.012275  -5
  1  1  0.938300 -0.382538 -0.177308  0.110233  -3
  1  1  0.938300  0.098017  0.116528  0.880974  -1
  1  1  0.938300 -0.214773  0.028612  0.463069  -5
  1  1  0.938300 -0.063250 -0.106032  0.751340  -1
  1  1  0.938300 -0.206934  0.121608  0.519309  -5
  1  1  0.938300  0.140352  0.175005  0.525831  -3
  1  1  0.938300 -0.071391 -0.145576  0.792660  -1
  1  0  0.938300 -0.200517 -0.303326  0.404812  -5
  1  1  0.938300 -0.161514  0.119032  0.233823  -2
  1  1  0.938300  0.018550 -0.186382  0.266290  -6
  1  1  0.938300  0.094600 -0.259665  0.320446  -6
  1  1  0.938300 -0.292274  0.117349  0.326012  -3
  1  0  0.938300 -0.139911  0.005487  0.612283  -5
  1  1  0.938300 -0.082550 -0.180267  0.411074  -4
  1  1  0.938300  0.528719 -0.128185  0.181741  -3
  1  0  0.938300  0.247879  0.312719 -0.100287  -8
  1  1  0.938300 -0.065004 -0.361463  0.587861  -7
  1  1  0.938300 -0.180103  0.307816  0.255001  -7
  1  1  0.938300 -0.435459 -0.107114  0.688135  -3
  1  1  0.938300 -0.317340 -0.112589  0.386614  -2
  1  0  0.938300 -0.127773  0.369610  0.595826  -6
  1  1  0.938300 -0.184903 -0.093963  0.368847  -5
  1  0  0.938300 -0.149084 -0.108618  0.591040  -1
  1  1  0.938300  0.101133 -0.251821  0.700453  -3
  1  1  0.938300  0.226201  0.036525  0.459967  -5
  1  1  0.938300 -0.276136 -0.099840  0.527801  -2
  1  1  0.938300 -0.228295  0.294674  1.224956  -7
  1  0  0.938300 -0.183983  0.033572  0.836085  -2
  1  1  0.938300 -0.366592  0.441194  0.816771  -6
  1  1  0.938300 -0.280023 -0.186178  0.520048  -4
  1  1  0.938300  0.005610 -0.216452  0.291604  -7
  1  1  0.938300 -0.066570  0.091173  0.373305  -5
  1  1  0.938300  0.041566 -0.437852  0.162864  -4
  1  0  0.938300  0.286023  0.338731  0.280811  -4
  1  1  0.938300  0.181322 -0.135681  0.844567  -7
  1  1  0.938300 -0.352783  0.286669  0.766632  -2
  1  1  0.938300 -0.102808  0.005056  0.387425  -3
  1  1  0.938300 -0.030770  0.243949  0.271088  -2
  1  1  0.938300 -0.625943  0.063108  0.549750  -3
  1  1  0.938300  0.541980 -0.035312  1.145654  -4
  1  1  0.938300 -0.133968 -0.122210  0.859892  -1
  1  1  0.938300 -0.032260 -0.276622  0.792902  -2
  1  1  0.938300  0.170905 -0.064836  0.509137  -3
  1  1  0.938300 -0.282223  0.006314  0.852427  -2
  1  1  0.938300 -0.549594  0.023823  0.514928  -6
  1  1  0.938300  0.122456  0.003114  0.276133  -4
  1  1  0.938300  0.310902 -0.417977  0.460632  -4
  1  1  0.938300  0.324105 -0.327056  0.898549  -2
  1  1  0.938300  0.111487 -0.089108  0.173202  -5
  1  1  0.938300  0.159721 -0.042866  0.432348  -3
  1  1  0.938300  0.080673 -0.357945  0.376189  -4
  1  0  0.938300  0.052686 -0.242889  0.365878  -3
  1  1  0.938300 -0.125970  0.588108  0.644024  -7
  1  0  0.938300  0.096013  0.126297  0.314405  -6
  1  1  0.938300 -0.330231 -0.292251  0.521492  -6
  1  1  0.938300  0.208260 -0.052157  0.492297  -4
  1  1  0.938300 -0.554144 -0.234495  0.903587  -5
  1  0  0.938300  0.226761  0.189337  0.140601  -5
  1  0  0.938300 -0.011383  0.129290  0.813983  -6
  1  0  0.938300  0.419397  0.232633  0.839958  -3
  1  0  0.938300  0.354941  0.137196  0.131883  -2
  1  0  0.938300  0.051346 -0.306677  0.797614  -2
  1  0  0.938300  0.555863 -0.128038  0.475558  -5
  1  0  0.938300  0.206932 -0.059057  0.565013  -3
  1  0  0.938300  0.049600  0.197626  0.450496  -4
  1  0  0.938300  0.128436 -0.241328  1.007401  -8
  1  1  0.938300 -0.026689 -0.045379  0.543352  -7
  1  0  0.938300  0.079951  0.133694  0.481980  -4
  1  0  0.938300  0.394207 -0.028724  0.567948  -2
  1  0  0.938300 -0.200579  0.161325  0.356946  -3
  1  0  0.938300 -0.205089  0.058488  0.551889  -3
  1  0  0.938300 -0.247209  0.651798  0.641610  -4
  1  0  0.938300 -0.337946  0.380816  0.196090  -2
  1  0  0.938300  0.549838 -0.095373  0.890870  -5
  1  0  0.938300  0.088229 -0.218530  0.088281  -2
  1  0  0.938300 -0.366359  0.068870  0.392204  -4
  1  0  0.938300 -0.059013 -0.154471  0.466412  -3
  1  0  0.938300  0.079627 -0.184264  0.576593  -6
  1  0  0.938300 -0.204797 -0.480645  1.243856  -2
  1  0  0.938300  0.006344 -0.221762  0.726976  -1
  1  1  0.938300  0.091713  0.489485  0.257978 -10
  1  0  0.938300 -0.040129  0.012944  0.737963  -2
  1  0  0.938300 -0.198616 -0.286008  0.019872  -2
  1  0  0.938300 -0.028826 -0.001489  0.749716  -1
  1  0  0.938300  0.066466 -0.136256  0.734676  -1
  1  1  0.938300  0.106246 -0.438782  0.638546  -4
  1  0  0.938300 -0.000339 -0.096855  0.354957  -2
  1  0  0.938300  0.250576 -0.450915  0.770116  -4
  1  0  0.938300  0.102688 -0.162948 -0.046407  -3
  1  0  0.938300  0.080642 -0.002656  0.516163  -5
  1  0  0.938300  0.100252 -0.045277  0.617510  -2
  1  0  0.938300 -0.155727  0.282508  0.988378  -2
  1  0  0.938300  0.165618 -0.324216  0.265329  -6
  1  0  0.938300 -0.498260  0.295124  0.458937  -6
  1  0  0.938300 -0.080435  0.045562  0.186591  -4
  1  0  0.938300  0.255522 -0.094603  0.293593  -4
  1  0  0.938300  0.191821  0.261841  0.617067  -5
  1  0  0.938300  0.134849 -0.391550  0.374335  -4
  1  0  0.938300 -0.125323  0.455794  0.702845  -4
  1  0  0.938300 -0.194602  0.363032  0.151622  -8
  1  0  0.938300 -0.081391 -0.010257 -0.017637 -10
  1  0  0.938300  0.158354  0.164768  0.364523  -4
  1  0  0.938300 -0.094004 -0.051422  0.542862  -6
  1  0  0.938300  0.278044 -0.145754  0.506450  -4
  1  0  0.938300 -0.302827  0.154927  1.002912  -3
  1  0  0.938300  0.193342 -0.146736  0.726979  -3
  1  0  0.938300 -0.112615 -0.135194  0.583013  -1
  1  0  0.938300 -0.153977 -0.066722  1.116172  -2
  1  0  0.938300 -0.544276 -0.084733  0.884016  -3
  1  0  0.938300 -0.188258  0.263021  0.268395  -5
  1  0  0.938300 -0.301820  0.198028  0.080366  -4
  1  0  0.938300  0.194649  0.092429 -0.065456  -4
  1  0  0.938300  0.108655 -0.140440  0.439227  -8
  1  0  0.938300 -0.143779 -0.706050  0.452716  -3
  1  0  0.938300 -0.174314  0.019430  0.693922  -3
  1  0  0.938300 -0.335174  0.188526  0.254185  -2
  1  0  0.938300 -0.177787 -0.068761 -0.022721  -2
  1  0  0.938300  0.647369 -0.442568  0.362178  -5
  1  0  0.938300 -0.152273 -0.093682  0.820170  -3
  1  0  0.938300 -0.230555 -0.153955  0.242761  -5
  1  0  0.938300 -0.150856 -0.235770  0.721689  -7
  1  0  0.938300  0.037825  0.210299  0.513550  -5
  1  0  0.938300  0.191660  0.380298  0.177522  -2
  1  0  0.938300 -0.217390 -0.325868  0.953772  -9
  1  0  0.938300  0.213226  0.116637  0.283089  -5
  1  0  0.938300  0.402255 -0.128157  0.421489  -4
  1  0  0.938300 -0.307656  0.188049  0.142854  -3
  1  0  0.938300 -0.159909  0.090062  0.172916  -3
  1  0  0.938300  0.044538  0.201244  0.317731  -3
  1  0  0.938300 -0.324093  0.218128  0.427422  -5
  1  0  0.938300  0.331902  0.221411  0.991701  -5
  1  1  0.938300 -0.077439  0.103301 -0.231954  -5
  1  0  0.938300 -0.033968 -0.173315  0.450095  -3
  1  1  0.938300  0.642928 -0.113159  0.470477  -5
  1  0  0.938300  0.329320  0.010897  1.030549  -5
  1  1  0.938300  0.232290  0.334685  1.410723  -3
  1  0  0.938300  0.285529  0.057377  0.368100  -5
  1  0  0.938300  0.077840 -0.059354  0.538565  -3
  1  0  0.938300 -0.144954  0.208718  0.430138  -8
  1  1  0.938300 -0.082076  0.311161  0.156164  -3
  1  0  0.938300 -0.274038 -0.162656  1.000834  -1
  1  0  0.938300 -0.125772  0.182103  0.733835  -2
  1  0  0.938300 -0.050116  0.134126  0.754118  -1
  1  0  0.938300  0.091733  0.116157  0.425210  -6
  1  1  0.938300 -0.091310  0.344523  0.636617  -5
  1  0  0.938300  0.295862 -0.335196  0.516263  -5
  1  0  0.938300  0.068801 -0.237110  0.313498  -2
  1  0  0.938300  0.130626 -0.058634  0.961827  -1
  1  0  0.938300 -0.005100 -0.101072  0.704759  -8
  1  0  0.938300 -0.019227  0.022098  0.942469  -1
  1  0  0.938300 -0.067624  0.196504  0.147894  -9
  1  0  0.938300  0.305852  0.052384  0.912598  -3
  1  0  0.938300  0.277760 -0.023986  0.214118  -4
  1  0  0.938300  0.213724 -0.034778  0.416387  -5
  1  0  0.938300 -0.004759 -0.030578  0.992138  -1
  1  0  0.938300  0.033072  0.180056  0.315583  -4
  1  0  0.938300  0.106244 -0.032247  0.872512  -1
  1  1  0.938300 -0.260129 -0.113095  0.738000  -7
  1  1  0.938300 -0.094956  0.237313  0.198976  -5
  1  0  0.938300  0.069477 -0.047825  0.661120  -1
  1  0  0.938300 -0.001651 -0.279358  0.905082  -6
  1  0  0.938300 -0.139876  0.107803  0.475961  -3
  1  0  0.938300  0.368199 -0.259834  0.690697  -2
  1  0  0.938300  0.058817 -0.497240  0.794726  -5
  1  0  0.938300  0.055915 -0.240176  0.137883  -4
  1  0  0.938300 -0.115259 -0.081060  0.754010  -5
  1  0  0.938300  0.038589 -0.005205  0.520268  -6
  1  0  0.938300  0.317225 -0.178323  0.537858  -4
  1  0  0.938300  0.019779 -0.087321  0.745901  -7
  1  1  0.938300  0.358709 -0.020730  0.084281  -4
  1  0  0.938300 -0.013632  0.171330  0.279338  -3
  1  0  0.938300 -0.054564  0.144146  0.503860  -3
  1  0  0.938300  0.053907  0.237624  0.273719  -6
  1  0  0.938300  0.117306  0.137112  0.288555  -6
  1  0  0.938300  0.633190 -0.202823  0.464838  -9