  1  1  0.938300  0.347652  0.029797  0.491956  10
  1  1  0.938300 -0.041823 -0.319457  0.565307   4
  1  1  0.938300  0.396713 -0.290627  0.506756   4
  1  1  0.938300 -0.436339 -0.312773  0.358303   5
  1  1  0.938300 -0.148749  0.258983  0.182308   3
  1  1  0.938300  0.244534  0.345166  0.527546   3
  1  1  0.938300 -0.096174 -0.190855  0.227343   2
  1  1  0.938300  0.108004  0.015326  0.470030   5
  1  1  0.938300 -0.075480  0.057781  0.610356   6
  1  1  0.938300  0.352355  0.339658  0.410730   4
  1  1  0.938300 -0.269867 -0.204776  0.730787   2
  1  1  0.938300 -0.185149  0.082800  0.424275   3
  1  1  0.938300  0.233462  0.181528  0.401683   6
  1  0  0.938300 -0.097579  0.059645  0.111273   4
  1  1  0.938300 -0.076768 -0.341881  0.967772   7
  1  1  0.938300 -0.218465 -0.080045  0.763747   4
  1  1  0.938300  0.071111 -0.109976  0.054396   1
  1  0  0.938300  0.152244 -0.259518  0.217648   6
  1  1  0.938300 -0.233125 -0.096231 -0.173458   2
  1  1  0.938300  0.091853  0.235371  0.834797   4
  1  1  0.938300 -0.499827 -0.163979  1.152207   3
  1  1  0.938300  0.150431  0.106025 -0.045776   1
  1  1  0.938300 -0.255519  0.105439  0.426059   3
  1  1  0.938300  0.084405 -0.120552  0.141295   1
  1  1  0.938300  0.091453 -0.053391  0.027551   1
  1  1  0.938300 -0.069868 -0.137927  0.287574   1
  1  1  0.938300 -0.109610  0.089837 -0.114824   1
  1  1  0.938300 -0.344480  0.351273  0.998688   2
  1  1  0.938300 -0.035830 -0.185292  0.213030   5
  1  0  0.938300 -0.089211  0.212675 -0.128831   2
  1  1  0.938300 -0.031898  0.447023  0.240827   2
  1  0  0.938300 -0.141680  0.031712  0.661184   6
  1  1  0.938300  0.135488 -0.577031  0.491889   3
  1  1  0.938300  0.286639  0.158158  0.491834   9
  1  1  0.938300 -0.003561 -0.258582  0.523260   2
  1  1  0.938300  0.480121  0.051013  0.392786   7
  1  1  0.938300  0.099023 -0.179628  0.280256   3
  1  1  0.938300 -0.069819 -0.403112  0.591842   7
  1  1  0.938300  0.405276 -0.186733  0.592880   2
  1  1  0.938300 -0.061826  0.186940  0.325411   3
  1  1  0.938300  0.243885 -0.308089  0.596164   5
  1  1  0.938300  0.248710 -0.111755  0.526822   5
  1  1  0.938300 -0.038705 -0.045923  1.141671   2
  1  1  0.938300 -0.035046  0.058117  0.678714   3
  1  0  0.938300  0.275652 -0.009092 -0.050161   8
  1  1  0.938300 -0.051915  0.332341  0.160516   2
  1  0  0.938300 -0.051770  0.014071  0.230216   9
  1  1  0.938300 -0.152949 -0.153851 -0.087122   1
  1  1  0.938300 -0.125510 -0.354209  0.874962   5
  1  1  0.938300 -0.380245  0.316418  0.450798   4
  1  1  0.938300  0.534588  0.027423  0.281586   3
  1  1  0.938300  0.574707  0.177426  0.523691   5
  1  0  0.938300  0.445888  0.423837  0.457049   3
  1  0  0.938300  0.154778  0.175015  0.717654  10
  1  0  0.938300  0.302284  0.128212  0.299317   5
  1  1  0.938300  0.325712  0.343933  0.232195   3
  1  1  0.938300 -0.257293  0.145955  0.495037   5
  1  1  0.938300  0.405558  0.171267  0.064605   4
  1  1  0.938300  0.106948  0.076753  0.294851   8
  1  1  0.938300  0.426886  0.016222  0.007111   2
  1  0  0.938300 -0.067150 -0.066831  0.432562   3
  1  1  0.938300 -0.172894 -0.554480  0.570371   4
  1  1  0.938300 -0.074391 -0.375411  0.089054   4
  1  0  0.938300  0.147407  0.085202  0.724212   2
  1  1  0.938300 -0.095406 -0.078158  0.362552   3
  1  1  0.938300  0.092405 -0.132401 -0.087555   1
  1  1  0.938300 -0.069396  0.145821  0.185843   2
  1  1  0.938300 -0.244856  0.028341  0.052159   2
  1  1  0.938300 -0.120963 -0.016402  0.051824   1
  1  1  0.938300 -0.054497  0.156012  0.085349   4
  1  1  0.938300  0.263087 -0.213502  0.242174   5
  1  1  0.938300  0.339107 -0.314353  0.629295   3
  1  1  0.938300  0.318573 -0.257177  0.712645   5
  1  1  0.938300 -0.191907 -0.189214  0.560137   3
  1  1  0.938300  0.030384  0.019673  0.596931   6
  1  0  0.938300  0.028670 -0.189581  0.390751   6
  1  1  0.938300  0.069698 -0.225438  0.210389   4
  1  1  0.938300  0.288174 -0.101182  0.124808   2
  1  1  0.938300 -0.175120  0.031705  0.751119   4
  1  0  0.938300  0.002538 -0.001915  0.034656   4
  1  0  0.938300  0.193565 -0.026749  0.125631   3
  1  1  0.938300  0.046388 -0.239268  0.446507  12
  1  0  0.938300  0.137359  0.068927  0.148705   4
  1  0  0.938300 -0.305373  0.457249  0.552153   4
  1  0  0.938300  0.378889 -0.131858  0.934353   5
  1  0  0.938300 -0.284077  0.022210  0.561459   3
  1  0  0.938300 -0.086739  0.114165  0.388104  10
  1  0  0.938300  0.054493  0.106622  0.660832   4
  1  0  0.938300 -0.143112  0.209143  0.315069   2
  1  0  0.938300 -0.172456 -0.147812  0.618077   4
  1  1  0.938300 -0.317806 -0.212956  0.037288   4
  1  0  0.938300 -0.527931  0.093091  0.161545   2
  1  0  0.938300  0.065544 -0.276688  0.713966   6
  1  0  0.938300  0.292320 -0.606587  0.196849   3
  1  0  0.938300  0.078152 -0.099126  0.364890   4
  1  1  0.938300  0.586254  0.362445  0.513567   5
  1  0  0.938300 -0.030180 -0.104346 -0.001117   1
  1  0  0.938300  0.140439 -0.118327  0.061254   1
  1  0  0.938300 -0.264203  0.009185  0.379990   3
  1  0  0.938300 -0.116519  0.057008  0.572883  10
  1  0  0.938300 -0.419462  0.331775  0.314437   4
  1  0  0.938300 -0.226040  0.454492  0.360156   5
  1  0  0.938300 -0.119366  0.549038  0.369876   7
  1  0  0.938300  0.076939  0.057512 -0.116391   1
  1  0  0.938300  0.084853  0.126830  0.167434   4
  1  0  0.938300 -0.363436 -0.176302 -0.133785   2
  1  1  0.938300 -0.288038 -0.453919  0.350092   3
  1  0  0.938300 -0.022314 -0.065498 -0.058278   1
  1  0  0.938300  0.320446  0.022348  0.367407   4
  1  1  0.938300  0.099713 -0.059280  0.553972   2
  1  0  0.938300 -0.175688 -0.120846  1.208723   2
  1  0  0.938300  0.494527 -0.248893  0.517254   5
  1  0  0.938300  0.249118  0.221454 -0.047215   3
  1  1  0.938300  0.001974  0.466670  0.185599   6
  1  1  0.938300  0.597360  0.374843  0.847565   3
  1  0  0.938300  0.004436 -0.017167  0.110641   1
  1  0  0.938300  0.304096  0.182698  0.391564   5
  1  0  0.938300 -0.231310 -0.033874  0.508248   7
  1  0  0.938300  0.090931  0.103061  0.536806   4
  1  0  0.938300 -0.272305  0.045434  0.209869   3
  1  0  0.938300  0.116290  0.033741  0.499867   3
  1  0  0.938300 -0.355657  0.063543  1.019478   2
  1  0  0.938300  0.328502  0.424201  0.649362   3
  1  0  0.938300  0.258670  0.055388  0.382956   2
  1  0  0.938300  0.058229 -0.010094  0.527206   3
  1  0  0.938300 -0.584358 -0.074906  0.506433   3
  1  0  0.938300 -0.071980 -0.056921  0.151800   1
  1  0  0.938300 -0.200008 -0.085857  0.369951   3
  1  0  0.938300  0.156948  0.523324  0.060218   2
  1  0  0.938300  0.005364 -0.078132 -0.066902   2
  1  0  0.938300  0.011257  0.297987  0.188690   2
  1  0  0.938300 -0.028759 -0.037660  0.349164   3
  1  0  0.938300  0.068842  0.353178 -0.080250   7
  1  0  0.938300 -0.000951 -0.208180  0.173050   1
  1  0  0.938300 -0.221763  0.524008  0.545962   3
  1  0  0.938300  0.307180  0.014943  0.131212   4
  1  0  0.938300  0.248288 -0.390472  1.203485   3
  1  0  0.938300  0.290668 -0.469000  0.348871   2
  1  0  0.938300 -0.383238  0.133284  0.320583   2
  1  0  0.938300  0.023455 -0.005472  0.449496   5
  1  0  0.938300  0.031822  0.097706 -0.163513   1
  1  0  0.938300  0.367745  0.066470 -0.005367   5
  1  0  0.938300 -0.080432  0.037404  0.135312   2
  1  0  0.938300  0.331238  0.089472  0.112417   8
  1  0  0.938300  0.175588 -0.056608  0.023309   3
  1  0  0.938300 -0.082535 -0.059135  0.651057   4
  1  0  0.938300  0.468214  0.096007  0.457044   5
  1  0  0.938300  0.034574  0.045847  0.076414   1
  1  0  0.938300 -0.053756  0.219535  0.060669   1
  1  0  0.938300 -0.047872  0.259092  0.336783   2
  1  1  0.938300  0.150918 -0.233335  0.304269   7
  1  0  0.938300 -0.048134 -0.528988  1.066915   3
  1  0  0.938300  0.146065  0.736521  0.049768   6
  1  0  0.938300 -0.057218 -0.211211  0.348903   2
  1  0  0.938300  0.063037  0.122120  0.076110   1
  1  0  0.938300  0.282014 -0.067455  0.580897   2
  1  0  0.938300 -0.043287  0.098191  0.235319   9
  1  0  0.938300  0.146722 -0.093553  0.612459   3
  1  1  0.938300 -0.216468  0.086900  0.203193   6
  1  0  0.938300 -0.002544 -0.213513  0.126032   2
  1  0  0.938300  0.186533 -0.130601  0.322867   5
  1  0  0.938300 -0.157818 -0.326328  0.513259   2
  1  0  0.938300 -0.175684  0.066535  0.477342   6
  1  0  0.938300  0.038942  0.021598  0.385746   4
  1  0  0.938300  0.225799  0.230541  0.050745   2
  1  1  0.938300 -0.490307  0.369330  0.152259   3
  1  0  0.938300 -0.243545 -0.550593  0.261193   5
  1  0  0.938300  0.144793 -0.265123  0.410058   2
  1  0  0.938300  0.225779 -0.011035  0.697725   7
  1  0  0.938300 -0.206721 -0.509236  0.597208   5
  1  0  0.938300  0.186859  0.188464  0.068592   3
  1  0  0.938300  0.031924 -0.098980  0.322134   3
  1  0  0.938300 -0.207260 -0.037579  0.318163   5
  1  0  0.938300 -0.051109 -0.010589  0.583503   4
  1  0  0.938300  0.121984  0.484823  0.568486   7
  1  0  0.938300  0.000057  0.121741  0.164870   1
  1  0  0.938300 -0.417728  0.038817  0.586051   4
  1  0  0.938300 -0.611156  0.040064  0.041527   3
  1  0  0.938300  0.120578 -0.183013  0.390474   3
  1  0  0.938300  0.173309  0.008064  0.681511   5
  1  0  0.938300 -0.000283 -0.194466  0.447277   4
  1  0  0.938300 -0.190618 -0.100096  0.342027   4
  1  0  0.938300  0.212725 -0.027172  0.226457   2
  1  0  0.938300 -0.228596  0.090710  0.140249   5
  1  0  0.938300 -0.202049  0.004196  0.183142  10
  1  0  0.938300 -0.215881  0.148159  0.322677   3
  1  0  0.938300 -0.337543 -0.293955  0.365798   4
  1  0  0.938300  0.025484  0.156409  0.566447   2
  1  0  0.938300  0.098349  0.061000 -0.048808   3
  1  0  0.938300 -0.187125  0.181372  0.780513   6
  1  0  0.938300 -0.144247  0.134977  0.117899   1
  1  0  0.938300 -0.087606  0.051388  0.792333   5
  1  0  0.938300  0.130231 -0.008591  0.374193   2
  1  0  0.938300 -0.233162  0.055712  0.187592   3
  1  1  0.938300 -0.076885 -0.324766  0.251757   2
  1  0  0.938300 -0.104578 -0.270370  0.390543   3
  1  0  0.938300 -0.305713  0.121754  0.472502   2
  1  1  0.938300  0.002000 -0.288877  0.717390  -4
  1  1  0.938300 -0.211565  0.272795  1.000720  -4
  1  1  0.938300 -0.903447 -0.373067  0.269557  -6
  1  1  0.938300 -0.075023 -0.368260  0.477507  -3
  1  1  0.938300  0.101395 -0.016479  0.722940  -1
  1  1  0.938300 -0.153543 -0.219125  0.832834  -5
  1  1  0.938300  0.136152  0.102874  0.525037  -4
  1  1  0.938300 -0.077960 -0.037669  1.006504  -2
  1  1  0.938300 -0.372927 -0.166851  0.414083  -2
  1  1  0.938300  0.176608 -0.355194  0.525351  -2
  1  1  0.938300  0.042393  0.221601  0.041828  -2
  1  1  0.938300 -0.005897 -0.138700  0.603948  -5
  1  1  0.938300 -0.141615  0.200418  0.312055  -3
  1  1  0.938300 -0.105989  0.198364  0.157791  -8
  1  1  0.938300  0.122410  0.018387  1.024265  -1
  1  1  0.938300  0.011808  0.401588  0.547692  -5
  1  1  0.938300 -0.174773 -0.172342  0.902712  -2
  1  1  0.938300 -0.050564  0.009424  0.919344  -3
  1  1  0.938300 -0.035243  0.137385  0.397743  -3
  1  1  0.938300  0.024399 -0.026147  0.891159  -1
  1  1  0.938300 -0.076826  0.084156  1.064997  -2
  1  1  0.938300  0.558586  0.071305  0.833986  -3
  1  1  0.938300  0.002412 -0.155841  0.878165  -1
  1  1  0.938300  0.098119 -0.598478  0.131066  -7
  1  1  0.938300 -0.059960  0.073642  0.823203  -1
  1  0  0.938300 -0.141739 -0.062888  0.671552  -3
  1  1  0.938300  0.151979 -0.249172  0.523338  -2
  1  1  0.938300  0.085717  0.200183 -0.089596  -3
  1  1  0.938300 -0.392712  0.231656  0.590408  -2
  1  0  0.938300 -0.396920  0.113811 -0.214471  -4
  1  1  0.938300  0.524740 -0.280696  0.866436  -3
  1  1  0.938300 -0.345762  0.387914  0.599909  -2
  1  1  0.938300  0.126018 -0.018180  0.102595  -7
  1  1  0.938300 -0.063323 -0.298958  0.834085  -2
  1  0  0.938300  0.118323  0.129956  0.763760  -8
  1  1  0.938300  0.584412 -0.118651  0.884438  -4
  1  1  0.938300 -0.235331 -0.441166  0.720340  -2
  1  1  0.938300 -0.052005  0.151073  0.089060  -3
  1  1  0.938300 -0.195876  0.066473  1.087300  -1
  1  1  0.938300  0.467127 -0.268153  0.942136  -3
  1  1  0.938300 -0.088985  0.448015  0.476630  -3
  1  1  0.938300 -0.110397  0.007574  0.594348  -1
  1  1  0.938300  0.103286 -0.140026  0.303596  -6
  1  1  0.938300 -0.209380  0.323738  0.625295  -4
  1  1  0.938300  0.220313  0.072978  0.312101  -4
  1  1  0.938300 -0.024471 -0.015528  0.454013  -4
  1  1  0.938300  0.448225  0.156550  0.866622  -9
  1  1  0.938300  0.030607 -0.322393  0.676340  -3
  1  1  0.938300  0.069523  0.029432  0.982071  -1
  1  1  0.938300  0.282269  0.213170  0.290380  -3
  1  1  0.938300 -0.106999 -0.034578  0.251775  -5
  1  0  0.938300 -0.025164 -0.066393  0.412733  -2
  1  1  0.938300  0.203694  0.232377  0.515351  -4
  1  1  0.938300  0.440702 -0.271298  0.386429  -4
  1  1  0.938300  0.353145  0.276948  0.572645  -4
  1  1  0.938300 -0.041575 -0.019045  0.641629  -5
  1  1  0.938300 -0.321262  0.351872  0.659839  -4
  1  1  0.938300  0.284047  0.129571  0.452288  -3
  1  1  0.938300  0.554053 -0.118407  0.366897  -2
  1  1  0.938300 -0.131002  0.047794  0.270505  -2
  1  1  0.938300 -0.122043 -0.279242  0.129276  -6
  1  1  0.938300 -0.118061  0.028057  0.982871  -2
  1  1  0.938300  0.071406 -0.287790  0.887563  -1
  1  1  0.938300 -0.080529  0.157582  1.012696  -1
  1  1  0.938300 -0.165573  0.195228  1.148951  -1
  1  1  0.938300 -0.027401  0.498452  0.766509  -5
  1  1  0.938300 -0.140821  0.558882  0.725846  -3
  1  1  0.938300 -0.057210 -0.053124  0.968009  -1
  1  1  0.938300 -0.252556 -0.046888  0.093262  -7
  1  1  0.938300  0.151474  0.236832  1.065593  -3
  1  1  0.938300 -0.184044 -0.015127  1.038002  -1
  1  1  0.938300 -0.004179 -0.095176  0.764655  -1
  1  0  0.938300 -0.045049  0.121476  0.466937  -7
  1  1  0.938300 -0.063102  0.089227  1.054162  -1
  1  1  0.938300 -0.340021 -0.167088  0.741163  -5
  1  1  0.938300  0.345811 -0.173658  0.732741  -5
  1  1  0.938300  0.063161 -0.078623  0.708981  -7
  1  1  0.938300  0.334481 -0.579284  0.805055  -5
  1  1  0.938300  0.084579  0.215874  0.458905  -2
  1  0  0.938300  0.482112  0.093485  0.927606  -2
  1  0  0.938300  0.238441  0.036113  1.172437  -2
  1  0  0.938300 -0.135903  0.017191  0.311189  -4
  1  0  0.938300 -0.330309 -0.089998  0.752321  -3
  1  0  0.938300 -0.398536 -0.067618  0.816931 -10
  1  0  0.938300  0.149860  0.337776  0.544297  -4
  1  0  0.938300  0.279816 -0.053901  0.093758  -3
  1  0  0.938300 -0.108162  0.013654  0.469324  -6
  1  0  0.938300  0.187612  0.122371  0.547101  -2
  1  0  0.938300  0.162256  0.011255  0.888294  -2
  1  0  0.938300 -0.109358  0.039105  0.816858  -1
  1  0  0.938300 -0.220634  0.110500  0.402317  -2
  1  0  0.938300 -0.154595 -0.140335  0.397324  -5
  1  1  0.938300  0.037164 -0.007124  0.624361  -2
  1  0  0.938300  0.208157  0.014929  0.859988  -2
  1  0  0.938300 -0.141678  0.042015  0.995017  -1
  1  0  0.938300  0.105142  0.088556  0.944213  -1
  1  0  0.938300 -0.081066  0.051110  0.309503  -5
  1  0  0.938300  0.229414 -0.676925  1.253462  -5
  1  0  0.938300 -0.101413  0.134089  0.774151  -2
  1  0  0.938300 -0.043105  0.082929  0.503186  -1
  1  0  0.938300 -0.428538  0.042474  0.817857  -2
  1  0  0.938300  0.185416 -0.321528  0.933953  -2
  1  0  0.938300  0.168059  0.532994  0.382748  -3
  1  0  0.938300 -0.113462  0.033783  0.205077  -2
  1  0  0.938300 -0.082532  0.360538  0.467862  -3
  1  0  0.938300 -0.135702 -0.305313  0.288234  -3
  1  0  0.938300  0.081617 -0.181662  0.001817  -4
  1  0  0.938300  0.018810  0.327034  0.238719  -2
  1  0  0.938300  0.008115  0.105152  0.779333  -2
  1  0  0.938300  0.224033 -0.157243  0.872301 -10
  1  0  0.938300  0.173695  0.111318  0.665696  -8
  1  0  0.938300 -0.070284  0.164080  0.872513  -1
  1  0  0.938300  0.349239 -0.421122  1.287912  -2
  1  0  0.938300 -0.050278 -0.305675  0.615430  -3
  1  0  0.938300  0.299617 -0.026846  1.172441  -2
  1  0  0.938300 -0.178417  0.044475  0.691184  -1
  1  0  0.938300 -0.099640 -0.139475  0.508545  -2
  1  0  0.938300  0.144040 -0.048473  0.466068  -4
  1  0  0.938300 -0.428595 -0.246200  0.302598  -4
  1  0  0.938300  0.170834 -0.212153  0.911933  -2
  1  0  0.938300 -0.192442 -0.147540  0.439593 -11
  1  0  0.938300 -0.180980 -0.019022  0.716543  -1
  1  0  0.938300 -0.019842  0.257965  0.770216  -3
  1  0  0.938300  0.268643 -0.308304  0.610826  -5
  1  0  0.938300  0.001754  0.104152  0.877734  -1
  1  0  0.938300 -0.017226 -0.166080  0.600125  -2
  1  0  0.938300 -0.234233 -0.179717  0.418165  -6
  1  0  0.938300  0.107006 -0.146509  0.908925  -2
  1  0  0.938300 -0.253666  0.008924  0.389934  -3
  1  0  0.938300 -0.120447 -0.054319  0.535936  -2
  1  0  0.938300 -0.013939  0.507986  0.257859  -2
  1  0  0.938300 -0.405249 -0.301957  0.445987  -6
  1  0  0.938300  0.160450 -0.258786  0.471194  -6
  1  0  0.938300 -0.583601 -0.136307  0.651764  -4
  1  0  0.938300 -0.204180 -0.390156  0.848473  -3
  1  0  0.938300  0.178472 -0.123132  0.151262  -7
  1  1  0.938300 -0.029908 -0.246461  0.434136  -3
  1  1  0.938300  0.350606 -0.477438  0.890139  -3
  1  0  0.938300  0.166081 -0.353560  0.697863  -3
  1  0  0.938300  0.112712  0.146777  0.717765  -2
  1  0  0.938300  0.121469 -0.066379  0.717644  -7
  1  0  0.938300 -0.634571 -0.062156  0.781338  -3
  1  0  0.938300  0.022299 -0.024558  0.880803  -2
  1  0  0.938300  0.117461  0.117930  0.980085  -2
  1  0  0.938300  0.292887  0.049427  0.438010  -7
  1  0  0.938300  0.116291 -0.052074  0.609744  -3
  1  1  0.938300 -0.349096 -0.184629  0.636521  -3
  1  0  0.938300  0.229412 -0.103446  0.268739  -4
  1  0  0.938300 -0.099092 -0.068001  0.403900  -4
  1  0  0.938300  0.084010  0.454367  0.720580  -5
  1  1  0.938300  0.456377  0.423417  0.986679  -6
  1  0  0.938300  0.038569  0.240864  0.213348  -4
  1  0  0.938300 -0.045685  0.057365  0.212578  -5
  1  0  0.938300  0.342044  0.166728  0.499237  -2
  1  0  0.938300  0.051722  0.135638  0.477613  -3
  1  0  0.938300  0.096078 -0.297334  0.587928  -2
  1  0  0.938300 -0.054705  0.669557  0.611220  -5
  1  0  0.938300 -0.231890  0.005132  0.711671  -5
  1  0  0.938300 -0.231797 -0.524588  0.478117  -2
  1  0  0.938300 -0.340983 -0.062550  0.696227  -6
  1  0  0.938300  0.286895 -0.138326  0.575644  -2
  1  0  0.938300 -0.127406 -0.016952  0.972704  -3
  1  0  0.938300  0.145411 -0.218776  0.299404  -4
  1  1  0.938300  0.368170  0.377347  0.531257  -7
  1  0  0.938300 -0.162395  0.116156  0.671875  -2
  1  0  0.938300 -0.160390 -0.259945  0.703580  -4
  1  0  0.938300 -0.111112  0.120253  0.649732  -2
  1  0  0.938300 -0.120190  0.017097  0.694484  -3
  1  0  0.938300 -0.339853 -0.210039  0.693456  -3
  1  0  0.938300  0.179318 -0.091122  0.437150  -4
  1  0  0.938300 -0.328381 -0.027370  0.526343  -4
  1  0  0.938300 -0.074355  0.018391  0.641176  -1
  1  0  0.938300  0.006423 -0.273927  0.164623  -4
  1  1  0.938300 -0.294884 -0.297117  0.124322  -2
  1  0  0.938300 -0.095652 -0.066710  0.591176  -6
  1  0  0.938300 -0.334134  0.555121  0.641033  -7
  1  0  0.938300 -0.250807  0.428881  0.481793  -4
  1  0  0.938300  0.058685 -0.175522  0.193714  -4
  1  0  0.938300  0.213479  0.073911  0.365551  -1
  1  0  0.938300 -0.065033  0.148114  0.337270  -4
  1  0  0.938300 -0.270162  0.023204  0.825240  -3
  1  0  0.938300 -0.356334  0.362377  0.339253  -6
  1  0  0.938300 -0.032553 -0.117884  1.031440  -1
  1  0  0.938300 -0.248136 -0.079094  0.166264  -4
  1  0  0.938300 -0.122858 -0.010243  0.311895  -4
  1  0  0.938300 -0.227799  0.192263  0.657543  -2
  1  0  0.938300 -0.045460 -0.040989  0.818364  -2
  1  0  0.938300 -0.142607  0.047169  0.800785  -2
  1  0  0.938300  0.135879 -0.046515  0.230235  -5
  1  0  0.938300  0.137397 -0.070011  0.668300  -5
  1  0  0.938300 -0.216520 -0.761617  0.609599  -2
  1  1  0.938300  0.101873 -0.089166  0.235839  -5
  1  0  0.938300  0.044567  0.268478  0.846595  -3
  1  0  0.938300  0.061096  0.068502  0.332307  -4
  1  0  0.938300  0.005405 -0.200286  0.689959  -2
  1  0  0.938300 -0.120507 -0.148461  0.148313  -8
  1  0  0.938300  0.401224  0.375941  0.583720  -5