  1  1  0.938300  0.233089  0.252935 -0.023407   5
  1  1  0.938300  0.058983 -0.073561  0.216950   5
  1  1  0.938300  0.099976  0.035531  0.383418   3
  1  1  0.938300 -0.601861 -0.056360  0.522805   2
  1  1  0.938300  0.073324 -0.041631  0.580482   3
  1  1  0.938300 -0.277946  0.109421  0.392270   3
  1  1  0.938300 -0.061373 -0.068895  0.124361   2
  1  1  0.938300 -0.099262  0.038680  0.376981   7
  1  1  0.938300  0.127000 -0.214396  0.533481   2
  1  1  0.938300  0.148861 -0.059832  0.085201   6
  1  1  0.938300 -0.061686  0.296901  0.775727   7
  1  1  0.938300  0.131070 -0.036491  0.364327   3
  1  1  0.938300  0.044122 -0.080593  0.210159   2
  1  1  0.938300  0.030166 -0.214710  0.078045   2
  1  1  0.938300  0.236233 -0.644801  0.329386   3
  1  1  0.938300  0.188268  0.104069  0.079327   4
  1  1  0.938300 -0.254919  0.122619  0.302947   3
  1  1  0.938300 -0.231486 -0.033830  0.627941   5
  1  1  0.938300 -0.045322  0.035234  0.114215   1
  1  1  0.938300 -0.088553  0.075316  0.070627   1
  1  1  0.938300 -0.026723 -0.109844  0.509375   6
  1  0  0.938300 -0.083692 -0.413159  0.305803   2
  1  1  0.938300  0.188988 -0.304684 -0.116852   4
  1  1  0.938300  0.215945  0.018766  0.255089   2
  1  1  0.938300 -0.150174 -0.099552  0.305575   5
  1  1  0.938300  0.124662  0.247142  0.534318   4
  1  1  0.938300  0.005745 -0.171740  0.681384   4
  1  1  0.938300  0.419413  0.043236  0.614363   3
  1  1  0.938300  0.050267  0.143101  0.102190   1
  1  1  0.938300 -0.004079  0.135064  0.612433   2
  1  1  0.938300 -0.063264  0.409509  0.489700   4
  1  1  0.938300  0.158225  0.323626  0.373047   5
  1  1  0.938300  0.530870  0.290945  0.317248   2
  1  1  0.938300 -0.453755 -0.084936  0.191496   7
  1  1  0.938300  0.042922 -0.002280 -0.200620   3
  1  1  0.938300 -0.002292 -0.028244 -0.003618   1
  1  1  0.938300 -0.079606 -0.285368  0.356119   3
  1  1  0.938300 -0.052800 -0.028398  0.395554   5
  1  1  0.938300  0.055813  0.226303  0.481474   5
  1  1  0.938300  0.183595 -0.310462  0.495230   5
  1  1  0.938300  0.042386  0.070921 -0.052894   1
  1  1  0.938300  0.212075 -0.006881  0.030504   2
  1  1  0.938300 -0.120011  0.272693  0.544332   3
  1  1  0.938300 -0.374187 -0.196749  0.715577   2
  1  1  0.938300  0.165647 -0.209268  0.026734   1
  1  1  0.938300  0.360569  0.037388  0.174235   3
  1  1  0.938300 -0.189857  0.067684 -0.096476   1
  1  1  0.938300  0.276178  0.047447  0.692585   3
  1  1  0.938300 -0.237492 -0.252278  0.481476   3
  1  1  0.938300 -0.173797 -0.163774 -0.063697   4
  1  1  0.938300 -0.023093 -0.353991  0.497068   4
  1  1  0.938300  0.043421 -0.034883  0.134421   1
  1  1  0.938300 -0.070035  0.193156  0.360128   4
  1  1  0.938300  0.198036  0.143336 -0.100500   6
  1  1  0.938300 -0.475484  0.153190  0.766399   4
  1  1  0.938300 -0.463423  0.093739  0.442083   4
  1  1  0.938300  0.227891 -0.036495  0.108715   1
  1  1  0.938300  0.002471 -0.143059  0.241212   5
  1  0  0.938300  0.249868  0.121964  0.312119   5
  1  1  0.938300 -0.165097  0.047340  0.167939   2
  1  1  0.938300  0.032360  0.344536  0.204949   2
  1  1  0.938300  0.044626  0.154078  0.089692   1
  1  1  0.938300 -0.140846 -0.024781  0.358842   2
  1  1  0.938300  0.112050 -0.024679  0.055693   1
  1  1  0.938300 -0.079307  0.287823  0.370601   6
  1  1  0.938300  0.221648  0.126477  0.287057   2
  1  1  0.938300  0.109365  0.038022  0.060197   1
  1  1  0.938300  0.206096  0.315886  0.316113   2
  1  1  0.938300 -0.360592 -0.201393  0.058182   3
  1  0  0.938300  0.060380 -0.211105  0.494276   3
  1  1  0.938300 -0.651043 -0.020844  0.261373   2
  1  1  0.938300 -0.179427 -0.306027  1.350211   2
  1  1  0.938300 -0.080641 -0.097651  0.090411   3
  1  1  0.938300 -0.038683 -0.010877  0.498128   6
  1  1  0.938300 -0.044977  0.177687  0.084550   1
  1  1  0.938300 -0.090992 -0.092172 -0.135784   1
  1  1  0.938300  0.052859  0.212545  0.022252   6
  1  1  0.938300  0.023320 -0.245069  0.342003   3
  1  1  0.938300  0.065432 -0.346723  0.878104   3
  1  0  0.938300 -0.143298  0.054276  0.645623   2
  1  0  0.938300 -0.101797 -0.041846  0.826570   2
  1  0  0.938300  0.298177  0.020629  0.152393   5
  1  0  0.938300  0.222117  0.562518  0.193456   4
  1  0  0.938300  0.313192 -0.136902  0.162233   3
  1  0  0.938300 -0.139498  0.052293  0.001442   1
  1  0  0.938300 -0.106600  0.358784  0.253319   3
  1  0  0.938300  0.264032  0.007227  0.535884   2
  1  0  0.938300 -0.079280 -0.178741  0.905134   5
  1  0  0.938300  0.094760  0.207643 -0.093437   3
  1  0  0.938300 -0.245750 -0.064503  0.090893   1
  1  0  0.938300 -0.196361  0.001798 -0.002121   1
  1  0  0.938300  0.220879  0.141793 -0.121365   4
  1  0  0.938300 -0.235833  0.375712  0.742900   2
  1  0  0.938300  0.292232 -0.255542  0.441325   3
  1  0  0.938300  0.028401  0.095903  0.238265   9
  1  0  0.938300 -0.070352 -0.107739  0.154879   1
  1  0  0.938300 -0.285151 -0.511279  0.262549   8
  1  0  0.938300  0.306341 -0.287629  0.352133   3
  1  0  0.938300  0.115225 -0.272560  1.010559   9
  1  0  0.938300 -0.070833 -0.139313  0.153361   4
  1  0  0.938300 -0.346802 -0.057005  0.500217   4
  1  0  0.938300  0.005297  0.333211  0.206129   8
  1  0  0.938300  0.287552 -0.218592  0.479800   8
  1  0  0.938300  0.092761 -0.278908  0.910189   6
  1  0  0.938300  0.088036 -0.220110  0.139703   1
  1  0  0.938300  0.001464  0.317215 -0.084908   2
  1  0  0.938300  0.107917  0.009719 -0.008309   1
  1  0  0.938300 -0.250815  0.001039 -0.072011   3
  1  0  0.938300 -0.133737  0.154865  0.015709   4
  1  0  0.938300 -0.183845 -0.009850  1.000574   9
  1  0  0.938300  0.067587  0.062502  0.456037   5
  1  0  0.938300  0.080648  0.008537  0.275079   1
  1  0  0.938300  0.093940  0.378264  0.336353   2
  1  0  0.938300 -0.081902 -0.077881  0.796242   6
  1  0  0.938300 -0.206762 -0.036186  0.418363   2
  1  0  0.938300 -0.578195  0.082364  0.284228   3
  1  0  0.938300 -0.320940  0.381030  0.579626   8
  1  0  0.938300  0.176469 -0.115746 -0.052039   3
  1  0  0.938300  0.096107 -0.058873  0.525505   6
  1  0  0.938300  0.039861 -0.185143  0.008256   8
  1  0  0.938300  0.043217  0.186482  0.665863   7
  1  0  0.938300  0.107250  0.015534 -0.055622   1
  1  0  0.938300  0.405139  0.219352  0.296808   3
  1  0  0.938300 -0.138848  0.425125  0.143892   5
  1  0  0.938300 -0.014901  0.267832  0.734036   2
  1  0  0.938300 -0.074024 -0.178985  0.775404   5
  1  0  0.938300  0.161422 -0.115958  0.488120   2
  1  0  0.938300 -0.046267 -0.063923  0.459910   3
  1  0  0.938300 -0.227009  0.100438  0.747878   7
  1  0  0.938300  0.276827  0.261060  0.467953   3
  1  0  0.938300 -0.089853 -0.183454  0.664823   3
  1  0  0.938300  0.239521  0.065031  0.857129   6
  1  1  0.938300  0.325778 -0.277982  0.395585   2
  1  0  0.938300  0.256892  0.153234 -0.010208   2
  1  0  0.938300 -0.260866  0.276586 -0.016387   2
  1  0  0.938300  0.436719  0.105196  0.185664   6
  1  0  0.938300  0.085402 -0.072654  0.905254   3
  1  1  0.938300  0.615248  0.019349  0.831225   2
  1  0  0.938300  0.097106  0.184900 -0.014158   4
  1  0  0.938300 -0.225202 -0.034958  0.566993   4
  1  0  0.938300 -0.069366 -0.382897  0.218825   5
  1  0  0.938300  0.103556  0.244403  0.204550   2
  1  0  0.938300  0.273723 -0.072172  0.133531   3
  1  0  0.938300 -0.004148 -0.245728  0.102188   6
  1  0  0.938300  0.430777 -0.292923  0.851134   5
  1  0  0.938300  0.272042 -0.000774  0.353754   2
  1  0  0.938300 -0.255483  0.033112  0.643218   4
  1  0  0.938300 -0.050759 -0.058823  0.607493   6
  1  0  0.938300 -0.033638 -0.177671  0.182454   7
  1  0  0.938300 -0.072073  0.043081  0.935690   6
  1  0  0.938300  0.167417  0.095719  0.509023   2
  1  0  0.938300 -0.016293  0.136433  0.351242  10
  1  0  0.938300  0.052786 -0.010642  0.137930   1
  1  0  0.938300  0.001008  0.217800  0.633876   2
  1  0  0.938300  0.316267 -0.228486  0.109430   2
  1  0  0.938300 -0.116573  0.370996  0.358241   2
  1  0  0.938300  0.281044 -0.048843  0.666073   6
  1  1  0.938300 -0.215111  0.163719  0.346840   6
  1  0  0.938300 -0.033563  0.179967  0.338708   2
  1  0  0.938300 -0.294974  0.141808  0.438317   4
  1  0  0.938300 -0.285773 -0.065499  0.472757   4
  1  0  0.938300  0.088007  0.249065  0.306300   7
  1  0  0.938300 -0.091368 -0.026539  0.770375   3
  1  0  0.938300  0.313865  0.062292  0.122130   2
  1  0  0.938300  0.143668 -0.025267  0.307185   4
  1  0  0.938300  0.546470 -0.303082  0.278711   3
  1  0  0.938300 -0.235000  0.006408  0.204201   6
  1  0  0.938300 -0.165891 -0.357820  0.203393   2
  1  0  0.938300  0.119164  0.107875  0.839705   3
  1  0  0.938300 -0.290466 -0.216643  0.270563   2
  1  0  0.938300 -0.127612  0.368174  0.788650   3
  1  0  0.938300 -0.002323  0.086095  0.864318   3
  1  0  0.938300 -0.012899 -0.196289  0.292701   5
  1  0  0.938300  0.635448 -0.392860 -0.008069   2
  1  0  0.938300 -0.481011  0.405858  0.586365   5
  1  0  0.938300  0.033638 -0.283344  0.816239   6
  1  0  0.938300  0.017227  0.116419  0.151639   5
  1  0  0.938300 -0.101803 -0.047321 -0.111616   1
  1  1  0.938300  0.231333 -0.607467  0.541724   3
  1  0  0.938300 -0.070237  0.155197  0.798482   4
  1  0  0.938300  0.218836  0.246614  0.667466   2
  1  1  0.938300 -0.443189  0.193678  0.619265   4
  1  0  0.938300 -0.475864 -0.310187  0.620889   5
  1  0  0.938300  0.055908 -0.075660  0.051684   2
  1  0  0.938300  0.640816 -0.012978  0.433497   4
  1  1  0.938300  0.050012  0.108770  0.763259   6
  1  0  0.938300 -0.124930 -0.209737  0.217553  10
  1  0  0.938300 -0.012776  0.039101  0.363613   6
  1  0  0.938300 -0.427932 -0.219533  0.560693   3
  1  0  0.938300  0.001206 -0.024819  0.120825   1
  1  0  0.938300  0.186030  0.134478  0.582406   2
  1  0  0.938300 -0.183539  0.337934  0.747604   2
  1  1  0.938300 -0.171629 -0.556816  0.292344   2
  1  0  0.938300 -0.123183 -0.006998  0.672000   4
  1  1  0.938300 -0.164945 -0.091904  0.026509   1
  1  0  0.938300  0.156701 -0.092739  0.445834   6
  1  0  0.938300  0.089692  0.026397  0.001186   1
  1  1  0.938300 -0.513753 -0.148629  0.463441  -2
  1  1  0.938300  0.323164 -0.240160  0.731612  -6
  1  1  0.938300  0.002358 -0.176394  0.957386  -2
  1  1  0.938300 -0.044153  0.096006  0.221664  -6
  1  1  0.938300  0.046083 -0.033703 -0.065611  -4
  1  1  0.938300  0.180992  0.121632  0.795564  -3
  1  1  0.938300 -0.159114  0.404758  0.994705  -3
  1  1  0.938300  0.302922 -0.132334  0.549905  -7
  1  1  0.938300  0.096042 -0.018081  0.919671  -3
  1  1  0.938300 -0.373709  0.373164  0.769638  -6
  1  1  0.938300  0.420643 -0.206290  0.265458  -5
  1  1  0.938300 -0.121878  0.065056  1.194507  -3
  1  1  0.938300 -0.122564  0.083892  0.079039  -6
  1  1  0.938300 -0.380217 -0.168546  0.524127  -5
  1  1  0.938300 -0.162477 -0.442761  0.492585  -2
  1  1  0.938300 -0.145912 -0.478376  0.123323  -2
  1  1  0.938300  0.010295  0.324916  0.909485  -7
  1  1  0.938300 -0.338483  0.167529  0.328175  -3
  1  1  0.938300 -0.384533 -0.025049  0.477153  -3
  1  1  0.938300  0.109338  0.122577  0.082419  -5
  1  1  0.938300  0.099680 -0.062397  0.682224  -2
  1  1  0.938300 -0.106982 -0.165187  0.842054  -2
  1  1  0.938300 -0.053679 -0.048195  0.307395  -3
  1  1  0.938300 -0.043279  0.120816  0.607192  -4
  1  1  0.938300 -0.102029 -0.020113  0.750508  -4
  1  1  0.938300  0.242173 -0.338663  0.705748  -2
  1  1  0.938300  0.027806 -0.191042  0.606356  -2
  1  1  0.938300 -0.265393  0.013853  0.501922  -4
  1  0  0.938300 -0.020367 -0.473929  0.785877  -3
  1  1  0.938300 -0.118428 -0.126607  0.068282  -7
  1  1  0.938300 -0.026908 -0.177958  0.810622  -1
  1  0  0.938300  0.176700 -0.100232  0.564912  -8
  1  1  0.938300 -0.201701  0.290095  0.089566  -4
  1  1  0.938300  0.188505 -0.004462  0.249688  -2
  1  1  0.938300  0.081081 -0.031010  0.892905  -1
  1  1  0.938300 -0.259235  0.052572  0.683039  -3
  1  1  0.938300  0.224869 -0.521334  0.748616  -3
  1  1  0.938300  0.327833 -0.001208  0.225372  -2
  1  1  0.938300 -0.363872  0.000901  0.478542  -6
  1  1  0.938300 -0.023869  0.221928  0.846303  -2
  1  1  0.938300 -0.019936  0.033040  0.852338  -1
  1  1  0.938300 -0.095456  0.370084  0.776531  -3
  1  0  0.938300 -0.147567  0.024552 -0.095444  -3
  1  1  0.938300  0.036529 -0.082066  0.831086  -1
  1  1  0.938300  0.205492 -0.370054  0.949017  -5
  1  1  0.938300  0.271766  0.012263  0.195933  -5
  1  1  0.938300  0.136694  0.362772  0.463733  -2
  1  1  0.938300 -0.033718 -0.038105  0.837119  -2
  1  1  0.938300 -0.045571 -0.125744  0.378807  -6
  1  1  0.938300  0.232417 -0.115238  0.910858  -4
  1  1  0.938300 -0.179534 -0.124077  0.974278  -1
  1  1  0.938300  0.089879 -0.023398  0.969259  -1
  1  0  0.938300 -0.024618  0.058123  0.114741  -9
  1  1  0.938300  0.153166 -0.033813  0.827147  -2
  1  1  0.938300 -0.007091 -0.240186  1.042906  -4
  1  1  0.938300  0.409988  0.046731  0.276788  -6
  1  1  0.938300  0.177118 -0.286788  0.531937  -4
  1  1  0.938300  0.303929  0.120939  0.316718  -2
  1  1  0.938300 -0.159306  0.026471  0.822764  -4
  1  1  0.938300 -0.087509 -0.706933  1.062938  -4
  1  1  0.938300  0.045798  0.063345  0.156337  -5
  1  1  0.938300  0.276258 -0.428348  0.372824  -6
  1  1  0.938300  0.004451 -0.379438  0.265535  -2
  1  1  0.938300  0.308240 -0.378537  0.152343  -2
  1  1  0.938300  0.326313  0.183845  0.485016  -3
  1  0  0.938300  0.051382 -0.337238  0.472520  -5
  1  1  0.938300 -0.291321  0.120787  1.000032  -2
  1  1  0.938300  0.217521 -0.698382  0.983584  -2
  1  1  0.938300  0.435388  0.164303  0.145208  -2
  1  1  0.938300  0.251058 -0.123448  0.323903  -2
  1  1  0.938300 -0.162724 -0.044954  0.462642  -6
  1  1  0.938300  0.431707  0.232068  0.585602  -2
  1  1  0.938300  0.062817  0.007865  0.654568  -2
  1  1  0.938300 -0.290971  0.194611  0.700455  -3
  1  1  0.938300  0.026663 -0.047277  0.796711  -1
  1  1  0.938300 -0.084447 -0.177902  1.088411  -1
  1  1  0.938300  0.158717 -0.019125  0.478942  -2
  1  0  0.938300  0.426507  0.366269  0.516762  -4
  1  1  0.938300 -0.218941  0.156449  0.840965  -4
  1  0  0.938300 -0.065201  0.019374  0.644965  -2
  1  0  0.938300  0.254583 -0.157407  0.438658  -3
  1  1  0.938300  0.333407 -0.043326  0.323734  -6
  1  0  0.938300  0.186475  0.132392  0.884678  -1
  1  0  0.938300 -0.115470 -0.010409  0.076129  -3
  1  0  0.938300  0.098609  0.012215  0.877377  -1
  1  0  0.938300 -0.373173 -0.018209  0.486230  -3
  1  0  0.938300 -0.289980 -0.113220  1.011672  -6
  1  0  0.938300 -0.025334  0.277842  0.713954  -5
  1  0  0.938300 -0.094238 -0.001655  0.903771  -3
  1  0  0.938300 -0.156861  0.087033  0.639684  -2
  1  0  0.938300  0.075448  0.109096  0.266667 -12
  1  0  0.938300 -0.225340 -0.308291  0.328812  -7
  1  0  0.938300 -0.332851 -0.324949  0.393555  -6
  1  0  0.938300 -0.110928 -0.130609  1.258799  -1
  1  0  0.938300  0.454139 -0.179738  0.497144  -3
  1  0  0.938300 -0.779781  0.157249  0.740667  -5
  1  0  0.938300  0.131469  0.099040  0.529720  -4
  1  0  0.938300 -0.217174  0.229195  0.402527  -4
  1  0  0.938300  0.098262 -0.057889  0.040641  -5
  1  0  0.938300 -0.413196 -0.028808  0.639242  -4
  1  0  0.938300  0.062819  0.227782  0.186764  -6
  1  0  0.938300 -0.146424 -0.144224  1.110204  -1
  1  0  0.938300  0.100926 -0.153695  0.416804  -4
  1  0  0.938300 -0.151080  0.216509  0.878305  -6
  1  0  0.938300  0.032079 -0.025343  0.543130  -6
  1  0  0.938300  0.230532  0.404922  0.075849 -11
  1  0  0.938300  0.005536 -0.403570  0.265876  -4
  1  0  0.938300  0.210648  0.272432  0.411097  -6
  1  0  0.938300  0.426088  0.751971  0.560939  -3
  1  0  0.938300  0.088863 -0.204708  0.937280  -2
  1  0  0.938300  0.027740  0.003948  0.208289  -6
  1  0  0.938300  0.004056 -0.009523  1.136936  -1
  1  0  0.938300 -0.229167 -0.229150  1.092875  -2
  1  0  0.938300  0.085115  0.047059  0.863153  -3
  1  0  0.938300 -0.243818  0.208004  0.405810  -6
  1  0  0.938300 -0.229069 -0.049328  1.276492  -4
  1  0  0.938300  0.215355  0.131610  0.629316  -3
  1  0  0.938300 -0.154465 -0.220958  0.576097  -4
  1  0  0.938300 -0.056416 -0.088193  0.393591  -9
  1  0  0.938300 -0.059524  0.102013  0.895087  -1
  1  0  0.938300 -0.090733 -0.179829  0.490440  -2
  1  0  0.938300 -0.121104 -0.076017  1.067667  -2
  1  0  0.938300 -0.103677  0.150702  0.854235  -3
  1  0  0.938300  0.095517 -0.043476  0.414734  -2
  1  0  0.938300 -0.381187 -0.313750  0.387010  -4
  1  0  0.938300  0.103403  0.363388  0.841064  -6
  1  0  0.938300  0.387331  0.295857  0.303162  -8
  1  0  0.938300 -0.426489  0.064912  0.609135  -3
  1  0  0.938300  0.262597 -0.118781  0.252173  -7
  1  0  0.938300  0.061976  0.423472  0.710337  -2
  1  0  0.938300 -0.216635  0.567906  0.496295  -2
  1  0  0.938300 -0.166890 -0.086623  0.635630  -7
  1  0  0.938300  0.228941 -0.240556  0.068292  -2
  1  0  0.938300 -0.057606  0.109796  0.593882  -1
  1  0  0.938300 -0.224083  0.114550  1.040965  -7
  1  0  0.938300  0.252158 -0.268761  0.554866  -2
  1  1  0.938300  0.783433 -0.099278  0.517751  -6
  1  0  0.938300 -0.340615  0.074900  0.471602  -4
  1  0  0.938300  0.083908 -0.067551  0.702889  -5
  1  0  0.938300 -0.328335  0.531459  0.819676  -3
  1  0  0.938300  0.326174 -0.156623  0.731238  -2
  1  0  0.938300 -0.203380  0.089206  0.464784  -3
  1  0  0.938300 -0.158071 -0.064973  0.006830  -3
  1  0  0.938300 -0.101301 -0.115408  0.916410  -1
  1  0  0.938300 -0.144160  0.275270  0.149630  -2
  1  0  0.938300  0.292833  0.056129  0.720576  -3
  1  0  0.938300  0.209229 -0.037607  0.298314  -4
  1  0  0.938300 -0.014359  0.029954  0.447491  -3
  1  0  0.938300 -0.365321 -0.109332  1.088075  -2
  1  0  0.938300 -0.256122  0.602962  0.796825  -4
  1  0  0.938300 -0.177765 -0.055797  0.864846  -1
  1  0  0.938300 -0.022607 -0.216103  0.245626  -4
  1  0  0.938300  0.015077 -0.111449  1.169867  -3
  1  0  0.938300  0.076346  0.083837  0.838892  -1
  1  1  0.938300  0.095554  0.033736  0.566108  -6
  1  0  0.938300 -0.203412 -0.565687  0.122074  -8
  1  0  0.938300 -0.269099 -0.145813 -0.102982  -8
  1  0  0.938300 -0.047326 -0.453331  0.789196  -6
  1  0  0.938300 -0.199863  0.153513  0.180405  -9
  1  0  0.938300  0.491314  0.318149  0.117666  -4
  1  0  0.938300 -0.074952 -0.611853  0.561373  -3
  1  0  0.938300 -0.302590  0.038385  0.900662  -3
  1  0  0.938300 -0.154922 -0.054368  1.077804  -1
  1  0  0.938300 -0.197300 -0.507838  0.689414  -4
  1  0  0.938300  0.080330 -0.058775  0.739202  -2
  1  0  0.938300  0.572481  0.203942  0.302968  -5
  1  0  0.938300  0.257837 -0.296861  0.919946  -7
  1  0  0.938300  0.251217  0.429223  0.705226  -2
  1  0  0.938300 -0.036635  0.496572  0.238362  -5
  1  0  0.938300 -0.085247 -0.355600  0.994471  -2
  1  0  0.938300  0.522399 -0.049028  0.039064  -6
  1  0  0.938300 -0.363525 -0.045615  1.000755  -2
  1  0  0.938300 -0.038452 -0.023185  0.654652  -1
  1  0  0.938300 -0.291961  0.178271  0.088667  -2
  1  0  0.938300 -0.058681  0.251435  0.290589  -7
  1  0  0.938300 -0.188407 -0.084837  0.490869  -3
  1  0  0.938300 -0.229051  0.090083  0.627197  -2
  1  0  0.938300  0.089739 -0.138687  0.343639  -3
  1  0  0.938300 -0.180602 -0.570317  0.481832  -3
  1  0  0.938300 -0.014381  0.403899  0.621899  -5
  1  0  0.938300 -0.136375 -0.320232  0.605471  -2
  1  0  0.938300  0.255212  0.291450  0.787996  -5
  1  0  0.938300 -0.382374  0.053702  0.766976  -3
  1  0  0.938300  0.011930 -0.210857  0.656482  -2
  1  0  0.938300 -0.408825 -0.159568  1.021562  -3
  1  0  0.938300  0.342765  0.285403  0.054561  -5
  1  0  0.938300  0.082132  0.292290  0.740612  -6
  1  0  0.938300  0.086598 -0.162630  0.197673  -6
  1  0  0.938300  0.563853 -0.200574  0.746775  -4
  1  0  0.938300 -0.155230  0.432329  1.088094  -3
  1  0  0.938300 -0.314836  0.188906  0.697382  -7
  1  0  0.938300  0.228149  0.089829  1.005239  -1
  1  0  0.938300 -0.174987 -0.021125  0.472881  -8
  1  0  0.938300 -0.087518  0.404473  0.585988  -5
  1  0  0.938300 -0.064583  0.087299  0.747674  -1
  1  0  0.938300 -0.262989 -0.099956  0.812323  -4
  1  0  0.938300 -0.032776 -0.290579  0.627593  -4