  1  1  0.938300 -0.163058  0.025274  1.129221   3
  1  1  0.938300 -0.366483 -0.191029  0.818235   6
  1  1  0.938300 -0.065853 -0.149043 -0.058933   1
  1  1  0.938300 -0.010817  0.218673  0.095293   1
  1  0  0.938300  0.000977  0.057691  0.562021   2
  1  1  0.938300 -0.120855  0.217858  0.159422   2
  1  1  0.938300  0.106960  0.311812  0.282844   2
  1  1  0.938300  0.225647 -0.058259  0.361048   2
  1  1  0.938300 -0.056190  0.190221  0.840203   2
  1  1  0.938300  0.066850 -0.087716  0.311358   4
  1  1  0.938300 -0.008974 -0.184018 -0.080671   5
  1  1  0.938300 -0.067695 -0.064446 -0.069389   1
  1  1  0.938300  0.051385 -0.229839  0.071144   6
  1  1  0.938300  0.092368  0.249980  0.218161   6
  1  1  0.938300  0.325814  0.368809  0.857108   9
  1  1  0.938300  0.093056  0.104167  0.037178   1
  1  1  0.938300  0.259539 -0.047960  0.807732   7
  1  1  0.938300 -0.119174 -0.100570  0.098161   1
  1  1  0.938300  0.021482 -0.121596  0.305023   7
  1  1  0.938300 -0.409587  0.067082  0.825201   5
  1  1  0.938300 -0.080755 -0.042004  0.191730   4
  1  1  0.938300 -0.003085 -0.302760  0.143019   2
  1  1  0.938300  0.261690 -0.481432  0.670439   4
  1  1  0.938300  0.035043  0.268037  0.481030   3
  1  0  0.938300 -0.428096 -0.219688  0.071173   3
  1  1  0.938300 -0.101312 -0.216466  0.067549   1
  1  1  0.938300  0.190846 -0.132891  0.025047   1
  1  1  0.938300  0.036418  0.221498 -0.015247   7
  1  1  0.938300 -0.191695 -0.003286  0.160940   1
  1  1  0.938300 -0.207112 -0.054712  0.196041   3
  1  1  0.938300 -0.001710  0.014612  0.484561   4
  1  1  0.938300  0.428136  0.441514  0.419497   5
  1  1  0.938300 -0.144351  0.450187  0.558752   2
  1  1  0.938300  0.202575  0.097033  0.621184   4
  1  1  0.938300 -0.496667  0.244745  0.529864   3
  1  1  0.938300 -0.255859  0.440208  0.310955   4
  1  1  0.938300  0.057801 -0.064048  0.480092   2
  1  1  0.938300  0.108038  0.197928  0.276948   6
  1  0  0.938300 -0.044615  0.081768  0.777598   4
  1  1  0.938300  0.126177  0.330278  0.510039   3
  1  1  0.938300 -0.096623 -0.133727  0.930116   3
  1  1  0.938300  0.224877  0.101193  0.533598   4
  1  1  0.938300  0.052853 -0.005659  0.696119   7
  1  0  0.938300  0.339866  0.321092  0.059400   4
  1  1  0.938300  0.085623 -0.634081  0.154933   6
  1  1  0.938300 -0.009492 -0.137333 -0.004794   1
  1  1  0.938300  0.335440 -0.067360  0.632044   7
  1  1  0.938300  0.088990  0.344925  0.500805   3
  1  0  0.938300 -0.066892 -0.207904  0.380441   3
  1  0  0.938300 -0.222789  0.377557  0.381556   5
  1  1  0.938300  0.031286 -0.032723  0.582119   5
  1  1  0.938300  0.120752 -0.401992  0.010101   3
  1  1  0.938300  0.117192 -0.116744  0.236799   2
  1  1  0.938300 -0.296033 -0.230597  0.714793   5
  1  1  0.938300 -0.051618  0.032157 -0.033999   1
  1  1  0.938300 -0.244359 -0.340202  0.939646   4
  1  1  0.938300  0.267732  0.065011  0.999394   5
  1  1  0.938300  0.026626 -0.577893  0.384162   3
  1  1  0.938300  0.396794  0.209751  0.430964   3
  1  1  0.938300 -0.156075  0.094607  1.129008   6
  1  1  0.938300 -0.217558  0.317417  0.628199   3
  1  1  0.938300  0.296523  0.217607  0.671750   7
  1  0  0.938300 -0.328431  0.083249  0.820382   6
  1  1  0.938300 -0.074776  0.281025  0.198670   7
  1  1  0.938300 -0.248444  0.271148  0.558750   4
  1  1  0.938300  0.036538 -0.315289  0.239164   4
  1  1  0.938300 -0.204367  0.128978  0.795045   3
  1  1  0.938300  0.138143 -0.380898  0.491382   5
  1  1  0.938300  0.205363  0.042050  0.212746   3
  1  0  0.938300  0.085089 -0.123137  0.612632   3
  1  1  0.938300  0.658989 -0.320855  0.738416   2
  1  1  0.938300 -0.248721  0.067723  0.796636   2
  1  0  0.938300  0.586217  0.135530  0.115273   4
  1  1  0.938300 -0.089055 -0.185933  0.149780   1
  1  1  0.938300  0.288279  0.101955  0.460252   4
  1  1  0.938300 -0.031549 -0.084233  0.309604   5
  1  1  0.938300 -0.305392 -0.068250  0.432109   5
  1  1  0.938300  0.288749  0.169799 -0.052210   5
  1  1  0.938300  0.124324  0.009029  0.048204   8
  1  0  0.938300 -0.014315 -0.107196  0.579666   4
  1  0  0.938300 -0.201397  0.202271  0.081233   2
  1  0  0.938300 -0.593863 -0.216791  0.267939   4
  1  0  0.938300  0.018694 -0.071593 -0.040983   1
  1  0  0.938300 -0.078104  0.326301  0.246934   2
  1  0  0.938300 -0.043845  0.029389  0.246659   3
  1  0  0.938300  0.245192  0.416674  0.368098   2
  1  0  0.938300 -0.045307 -0.032974  0.123606   1
  1  0  0.938300 -0.438229  0.198080  0.480102   4
  1  0  0.938300  0.100371  0.178726  0.425957   2
  1  0  0.938300 -0.060686  0.356484  0.190197   3
  1  0  0.938300 -0.223990 -0.073069  0.726492   4
  1  1  0.938300  0.159919 -0.015408  0.448894   3
  1  0  0.938300  0.012180  0.012913  0.517673   6
  1  0  0.938300 -0.009317 -0.060316  0.333024   2
  1  0  0.938300 -0.312419 -0.139400  0.641813   3
  1  0  0.938300  0.041998  0.065689  0.793001   8
  1  0  0.938300  0.067020 -0.414801  0.715347   6
  1  0  0.938300 -0.135630 -0.351701  0.779265   6
  1  0  0.938300 -0.392950 -0.187742  0.502110   3
  1  0  0.938300 -0.229296 -0.077831  0.656705   4
  1  0  0.938300 -0.345421 -0.027148  0.398011   5
  1  0  0.938300 -0.069870  0.026973  0.092974   2
  1  0  0.938300  0.236123  0.381223  0.991799   5
  1  1  0.938300  0.287037  0.004324  0.069263   4
  1  0  0.938300  0.117367  0.366452  0.298642   5
  1  0  0.938300  0.053489 -0.003751 -0.007345   1
  1  0  0.938300  0.176988 -0.073682  0.770526   5
  1  0  0.938300 -0.184493  0.191300  0.716796   4
  1  0  0.938300  0.356180 -0.170923  0.819019   6
  1  1  0.938300 -0.017301  0.408064  0.522551   4
  1  0  0.938300 -0.330428 -0.368552  0.643289   3
  1  0  0.938300 -0.128418  0.258129  0.170897   2
  1  1  0.938300 -0.029129  0.509264  0.405961   8
  1  0  0.938300  0.421701 -0.330724  0.254224   2
  1  0  0.938300  0.260202 -0.360302  0.189047   3
  1  0  0.938300 -0.147950 -0.048375  0.511797   3
  1  0  0.938300  0.416085  0.132955  1.215865   4
  1  0  0.938300 -0.187792  0.030433  0.574712   3
  1  0  0.938300  0.155876 -0.195541  0.024439   3
  1  0  0.938300  0.329823  0.138177  0.558159   5
  1  0  0.938300  0.139056  0.450880  0.809952   2
  1  0  0.938300  0.115317  0.084665  0.294479   2
  1  0  0.938300  0.087958 -0.065215  0.280074   2
  1  0  0.938300 -0.150212  0.048917  0.553108   2
  1  0  0.938300 -0.161089 -0.189944  0.114062   2
  1  0  0.938300 -0.163041  0.129308  0.578232   4
  1  0  0.938300  0.127638  0.139809  0.387515   2
  1  1  0.938300 -0.307979 -0.357177  0.197551   2
  1  0  0.938300 -0.071202  0.083601  0.108203   2
  1  0  0.938300 -0.038018  0.132183  0.648070   2
  1  0  0.938300  0.345433 -0.226350  0.367568   2
  1  1  0.938300 -0.234938  0.262691  1.136296   8
  1  0  0.938300 -0.050924 -0.095409  0.206131   1
  1  0  0.938300 -0.217820  0.377752  0.009053   2
  1  0  0.938300 -0.414676  0.019935  0.158170   4
  1  0  0.938300 -0.220215 -0.140191  0.084224   2
  1  0  0.938300  0.154571 -0.518761  0.422972   4
  1  0  0.938300 -0.215852 -0.173589  0.365898   3
  1  0  0.938300  0.391387  0.247209  0.081699   3
  1  0  0.938300 -0.032101 -0.009718  0.397823   3
  1  0  0.938300  0.051534 -0.140261  0.207814   1
  1  0  0.938300 -0.027833 -0.032321  0.210093   5
  1  1  0.938300 -0.611160  0.247185  0.787978   7
  1  0  0.938300 -0.101501  0.034740  0.095640   1
  1  0  0.938300  0.041354 -0.196633  0.206221   2
  1  0  0.938300  0.269182 -0.230933  0.679278   8
  1  0  0.938300  0.234936  0.182223  0.863958   6
  1  0  0.938300  0.222302 -0.425835  0.115432   5
  1  0  0.938300 -0.313850  0.052269  0.241928  10
  1  0  0.938300  0.269914  0.018747  0.654692   4
  1  0  0.938300 -0.430149  0.107905  0.584287   3
  1  1  0.938300  0.080103  0.123108  0.964423   5
  1  0  0.938300 -0.550433  0.155090  0.696541   2
  1  0  0.938300  0.064869  0.513988  0.501816   6
  1  0  0.938300  0.105860  0.122604  0.846675   7
  1  0  0.938300 -0.085789  0.203451 -0.075569   2
  1  0  0.938300  0.231630  0.061225  0.158691   2
  1  0  0.938300 -0.098968 -0.251404  0.585753   3
  1  0  0.938300  0.046791 -0.034405  0.484063   3
  1  0  0.938300 -0.217675  0.091012  0.062576   1
  1  0  0.938300  0.130113 -0.088342  0.026169   3
  1  0  0.938300  0.315005  0.147951  0.482367   4
  1  0  0.938300  0.065505 -0.254769  0.681834   5
  1  0  0.938300  0.016109  0.208513  0.460496   4
  1  0  0.938300 -0.439081 -0.008379  0.560513   3
  1  0  0.938300 -0.189550  0.477972  0.969885   3
  1  0  0.938300 -0.277631 -0.051773  0.430932   5
  1  0  0.938300 -0.045377  0.152558  0.300214   2
  1  0  0.938300 -0.233821  0.084192  0.534236   4
  1  0  0.938300  0.120484 -0.202904  0.087420   3
  1  0  0.938300  0.205245 -0.415380  0.460793   4
  1  0  0.938300 -0.009327  0.062635  0.480665   4
  1  0  0.938300  0.285601  0.425984  0.695016   3
  1  0  0.938300 -0.101460  0.032101  0.116813   1
  1  1  0.938300 -0.010393 -0.104332  0.437442   4
  1  0  0.938300 -0.219167 -0.174086  0.644861   4
  1  0  0.938300 -0.006991 -0.189272  0.017989   6
  1  0  0.938300  0.208429  0.217748  0.218222   6
  1  0  0.938300  0.114023  0.052394  0.937802  11
  1  0  0.938300 -0.321891  0.288447  0.420292   5
  1  0  0.938300 -0.078679  0.068196  0.381492   1
  1  0  0.938300 -0.080942 -0.328880  0.541384   8
  1  0  0.938300  0.140782 -0.645305  0.466369   3
  1  0  0.938300 -0.115512 -0.281509  0.217417   2
  1  0  0.938300 -0.113398  0.091545  0.406029   3
  1  0  0.938300 -0.185933 -0.035840  0.364013   3
  1  0  0.938300  0.052480  0.048361  0.658701  12
  1  0  0.938300  0.296606  0.271496  0.716618   2
  1  0  0.938300 -0.345227 -0.381393  0.742725   5
  1  0  0.938300  0.167873  0.289264  0.576808   2
  1  0  0.938300  0.027171  0.075463  0.533674   4
  1  1  0.938300  0.061424  0.125374  0.384389   9
  1  0  0.938300  0.007531  0.135690 -0.045593   1
  1  0  0.938300  0.301777  0.260948  0.516388   5
  1  0  0.938300  0.346809 -0.113786  0.157870   3
  1  0  0.938300  0.003218 -0.033064  0.205929   1
  1  0  0.938300  0.467537 -0.024103  0.688219   7
  1  1  0.938300  0.250710 -0.036066  0.136341  -4
  1  1  0.938300 -0.207358 -0.004262  0.871202  -1
  1  1  0.938300 -0.208522  0.428393  0.599317  -2
  1  0  0.938300  0.225959 -0.128219  0.517594  -5
  1  0  0.938300  0.598800  0.304179  0.713642  -6
  1  1  0.938300  0.248706  0.080915  0.520966  -5
  1  1  0.938300 -0.063189  0.012778  0.123691  -3
  1  0  0.938300 -0.078017 -0.261517  0.463332  -5
  1  1  0.938300 -0.132635  0.032131  0.347126  -5
  1  1  0.938300  0.117288  0.113973  0.688860  -2
  1  1  0.938300  0.010925  0.005275  0.828967  -1
  1  1  0.938300  0.191842  0.316158  0.059664  -3
  1  1  0.938300  0.343105  0.342803  0.953899  -3
  1  1  0.938300  0.152854 -0.335019  0.603834  -2
  1  1  0.938300 -0.074842 -0.125281  0.101605  -3
  1  1  0.938300  0.046831  0.023563  0.071938  -3
  1  1  0.938300  0.024837  0.370423  0.294749  -4
  1  1  0.938300 -0.004526  0.057212  0.743438  -1
  1  1  0.938300  0.197198  0.167638  1.051454  -1
  1  1  0.938300 -0.019583  0.172346  1.045037  -1
  1  1  0.938300 -0.177653  0.293237  0.571971  -2
  1  1  0.938300 -0.310154  0.398457  0.333275  -2
  1  1  0.938300  0.362629 -0.170311  0.544574  -8
  1  1  0.938300 -0.327972  0.202235 -0.027422  -4
  1  1  0.938300  0.185458  0.164028  0.814222  -2
  1  1  0.938300 -0.131321 -0.472607  0.279907  -2
  1  1  0.938300  0.133196  0.429095  0.502912  -9
  1  1  0.938300 -0.130922 -0.015539  0.930033  -3
  1  1  0.938300  0.459709  0.450746  0.533488  -2
  1  1  0.938300  0.039584 -0.188784  1.145893  -2
  1  1  0.938300 -0.480528 -0.047410 -0.048364  -5
  1  1  0.938300 -0.109209 -0.085909  1.111935  -2
  1  1  0.938300 -0.012247 -0.053399  0.166353  -5
  1  1  0.938300 -0.053525 -0.240304  0.300719  -4
  1  1  0.938300 -0.114504  0.186010  0.584565  -3
  1  1  0.938300  0.043673  0.135265  0.619824  -6
  1  1  0.938300  0.167547  0.146512  0.917740  -1
  1  1  0.938300 -0.257468  0.104038  0.416180  -2
  1  1  0.938300  0.104922 -0.334040  0.348593  -2
  1  1  0.938300 -0.096799 -0.008784 -0.138467  -4
  1  1  0.938300  0.062451 -0.204291  0.674078  -2
  1  1  0.938300 -0.429644 -0.241640  0.687576  -2
  1  1  0.938300  0.683996  0.022025  1.511207  -3
  1  1  0.938300  0.301485 -0.317953  0.025412  -7
  1  1  0.938300  0.122761 -0.014567  0.356313  -6
  1  1  0.938300  0.185616 -0.220469  0.196051  -2
  1  0  0.938300  0.066929  0.197528  0.468397  -3
  1  1  0.938300  0.173937 -0.358973 -0.035031  -6
  1  1  0.938300 -0.107106  0.012038  0.602052  -7
  1  1  0.938300  0.136041 -0.188536  0.292556  -2
  1  1  0.938300 -0.474835 -0.295255  0.835091  -2
  1  1  0.938300  0.691767  0.050234  1.349334  -4
  1  1  0.938300  0.204662 -0.132467  0.451594  -6
  1  1  0.938300  0.092985  0.043303  0.595032  -3
  1  1  0.938300  0.021942 -0.207465  0.483044  -2
  1  1  0.938300  0.116701 -0.028801  1.137587  -8
  1  1  0.938300  0.698415  0.584881  0.695871  -4
  1  1  0.938300 -0.153473  0.130404  0.153940  -5
  1  1  0.938300 -0.155893  0.197754  1.041134  -1
  1  1  0.938300  0.323050 -0.007395  1.092922  -3
  1  1  0.938300  0.153561 -0.362290  1.262834  -7
  1  1  0.938300 -0.246421  0.065008  0.877345  -1
  1  1  0.938300 -0.048705  0.005752  0.369432  -7
  1  1  0.938300  0.496245 -0.320458  0.624516  -4
  1  0  0.938300  0.035172  0.305036  0.269474 -11
  1  1  0.938300  0.047464  0.152233  0.603541  -5
  1  1  0.938300 -0.194186 -0.157970  1.096552  -1
  1  1  0.938300 -0.694308 -0.059856  0.639381  -2
  1  1  0.938300  0.003652  0.172977  0.723901  -2
  1  1  0.938300 -0.342841 -0.043214  0.381703  -2
  1  1  0.938300 -0.076737  0.033890  0.201228  -4
  1  1  0.938300 -0.240384 -0.133675  0.963906  -2
  1  1  0.938300  0.107142  0.228829 -0.010605  -4
  1  1  0.938300 -0.294229 -0.328444  0.159577  -3
  1  1  0.938300 -0.038464  0.020977  1.247812  -3
  1  1  0.938300 -0.218335  0.493269  1.031811  -6
  1  1  0.938300 -0.122618 -0.115804  0.263201  -4
  1  0  0.938300 -0.159586  0.232028  0.196080  -2
  1  1  0.938300  0.045126  0.317766  0.347184  -4
  1  0  0.938300 -0.027531 -0.240124  0.159509  -4
  1  0  0.938300  0.174259  0.162600  0.202194  -4
  1  0  0.938300 -0.074955 -0.536840  0.675793  -5
  1  0  0.938300  0.179864  0.282056  0.610636  -2
  1  0  0.938300  0.074815  0.338769  0.596515  -3
  1  0  0.938300  0.501082 -0.207892  0.254542  -6
  1  0  0.938300  0.347067 -0.261339  0.985595  -2
  1  0  0.938300  0.047977  0.023954  0.828569  -1
  1  0  0.938300  0.124347  0.045536  0.453021  -3
  1  0  0.938300 -0.536181 -0.390161  1.020345  -2
  1  0  0.938300  0.258453  0.045182  0.498039  -2
  1  0  0.938300  0.017822  0.012379  0.948287  -1
  1  0  0.938300 -0.464942 -0.039759  0.472874  -4
  1  0  0.938300 -0.321788 -0.192161  0.743195  -8
  1  0  0.938300 -0.283738  0.189275  0.430058  -4
  1  0  0.938300  0.141227  0.227891  0.957516  -1
  1  0  0.938300 -0.357386 -0.012289  0.469105  -5
  1  1  0.938300 -0.114157 -0.007791  0.222800  -2
  1  0  0.938300  0.100433  0.015928  0.670514  -3
  1  0  0.938300  0.257228  0.479417  0.731081  -7
  1  1  0.938300  0.468757  0.003610  0.026367  -6
  1  0  0.938300 -0.351134 -0.295650  1.191861  -4
  1  0  0.938300 -0.166779 -0.386863  0.399746  -3
  1  0  0.938300 -0.028985 -0.314585  0.493606  -2
  1  0  0.938300 -0.196020 -0.290856  0.503421  -2
  1  0  0.938300 -0.368011  0.148505  0.305066  -2
  1  0  0.938300 -0.412684  0.010912  0.099085  -2
  1  0  0.938300 -0.193660 -0.371982  1.140221  -2
  1  0  0.938300 -0.034801  0.103900  0.392779  -4
  1  0  0.938300 -0.039836 -0.057661  0.253500  -5
  1  0  0.938300 -0.053110 -0.208987  0.423471  -5
  1  0  0.938300 -0.176619  0.183582  0.497537  -1
  1  0  0.938300 -0.317550  0.027372  0.307384  -4
  1  0  0.938300 -0.261188 -0.143630  0.532627 -11
  1  0  0.938300  0.253762 -0.063294  0.501611  -3
  1  0  0.938300 -0.005045  0.233802  0.369131  -6
  1  0  0.938300 -0.133564  0.020501  0.796854  -1
  1  0  0.938300  0.120498  0.014165  0.513326  -4
  1  0  0.938300  0.122045  0.014362  0.650701  -4
  1  0  0.938300 -0.094592  0.049265  0.930813  -1
  1  0  0.938300  0.204663  0.036987  0.748209  -8
  1  0  0.938300  0.277748  0.012277  0.939537  -2
  1  0  0.938300  0.084544  0.084955  0.852288  -1
  1  0  0.938300 -0.599680 -0.230444  1.059886  -3
  1  0  0.938300  0.078669  0.069725  0.626946  -2
  1  1  0.938300  0.327651 -0.364800  0.144597  -6
  1  0  0.938300  0.203605  0.334377  0.064460  -3
  1  0  0.938300  0.332173  0.073443  0.321492  -2
  1  0  0.938300  0.271056  0.105481  0.108519  -8
  1  0  0.938300 -0.314566  0.297369  0.400293  -5
  1  0  0.938300 -0.086737  0.006298  0.688917  -5
  1  0  0.938300  0.271925 -0.358733  0.548628 -10
  1  0  0.938300 -0.108479 -0.497708  0.962050  -3
  1  0  0.938300 -0.107778 -0.006223  0.804619  -1
  1  0  0.938300 -0.044331 -0.196173  0.454423  -4
  1  0  0.938300 -0.202597  0.003953  1.054377  -3
  1  0  0.938300  0.391537 -0.127874  1.095633  -2
  1  0  0.938300 -0.244225  0.062877  0.603976  -2
  1  0  0.938300 -0.041181  0.481138  0.354682  -4
  1  0  0.938300 -0.018954 -0.021327  0.587930  -1
  1  0  0.938300 -0.106878 -0.068863  0.871322  -1
  1  0  0.938300  0.079152 -0.112691  0.133888  -5
  1  0  0.938300 -0.119295  0.033922  0.318696  -7
  1  0  0.938300  0.093545 -0.078455  0.806304  -4
  1  0  0.938300  0.186181 -0.096866  0.124829  -3
  1  0  0.938300  0.109062  0.061726  0.227501  -4
  1  0  0.938300 -0.275665 -0.035832  0.571085  -2
  1  0  0.938300  0.170867  0.235081  0.211947  -3
  1  0  0.938300 -0.249704  0.182358  0.475911  -6
  1  0  0.938300 -0.216138 -0.476077  0.810715  -5
  1  1  0.938300 -0.239846  0.167726  0.644902  -3
  1  0  0.938300  0.155529  0.220149  0.481242  -6
  1  0  0.938300  0.156174 -0.228169  0.420709  -6
  1  0  0.938300 -0.464781  0.312445  0.517659  -7
  1  0  0.938300  0.168484 -0.113445  0.506886  -3
  1  0  0.938300 -0.035243  0.253514  0.138419  -4
  1  0  0.938300 -0.017857  0.403217  0.456731  -2
  1  0  0.938300 -0.006091 -0.216506  0.622411  -6
  1  0  0.938300  0.132836  0.098026  0.201280  -6
  1  0  0.938300 -0.156199  0.139902  0.012283  -5
  1  0  0.938300 -0.471424 -0.135365  0.551955  -6
  1  0  0.938300  0.163707  0.097358  0.595587  -4
  1  0  0.938300 -0.111771 -0.100493  0.315520  -5
  1  0  0.938300  0.063985 -0.564288  0.828264  -7
  1  0  0.938300  0.197211 -0.054020 -0.010263  -4
  1  0  0.938300 -0.313719  0.170570  0.628595 -11
  1  0  0.938300  0.410286 -0.314424  0.609433  -2
  1  0  0.938300  0.077608  0.332611  0.360289  -2
  1  0  0.938300  0.162787 -0.148963  0.161743  -7
  1  0  0.938300  0.104227  0.054518  0.558066  -4
  1  0  0.938300  0.137838 -0.142443  0.340188  -3
  1  0  0.938300 -0.049810  0.163297  1.068303  -1
  1  0  0.938300  0.000500 -0.595167  0.179581  -2
  1  1  0.938300 -0.128449  0.133897  0.479143  -7
  1  0  0.938300 -0.061663  0.129416  0.448756  -3
  1  0  0.938300 -0.548260  0.370453  0.389271  -4
  1  0  0.938300 -0.424228 -0.240076  0.225601  -2
  1  0  0.938300  0.621169 -0.275468 -0.052419  -9
  1  1  0.938300  0.147464 -0.125626  0.741716  -5
  1  0  0.938300 -0.025011 -0.226183  0.647543  -7
  1  0  0.938300 -0.205136  0.093413  0.488861  -4
  1  0  0.938300  0.206891  0.225385  0.291289  -2
  1  0  0.938300 -0.106617 -0.443272  1.085830  -3
  1  0  0.938300 -0.409971  0.462653  1.146766  -2
  1  0  0.938300  0.093842  0.065470  0.773564  -1
  1  1  0.938300  0.199737 -0.288741  0.434845  -5
  1  1  0.938300 -0.767167  0.511676  0.535175  -4
  1  0  0.938300  0.006697  0.174876  0.326216  -3
  1  0  0.938300  0.257152 -0.029873  0.391997  -3
  1  0  0.938300  0.219983 -0.312244  0.374590  -5
  1  0  0.938300 -0.443511 -0.228083  0.523641  -6
  1  0  0.938300  0.055349 -0.054272  0.822237  -1
  1  0  0.938300 -0.163989 -0.263204  0.700990  -2
  1  0  0.938300  0.045282 -0.244573  0.342025  -6
  1  0  0.938300  0.463536  0.046754  0.715834  -6
  1  0  0.938300 -0.311879 -0.106899  0.835823  -6
  1  0  0.938300 -0.051064 -0.304842  0.235867  -6
  1  0  0.938300 -0.007177  0.154666  0.908878  -2