  1  1  0.938300  0.138342  0.309205  0.600141   3
  1  1  0.938300 -0.470363 -0.170271  0.691619   4
  1  1  0.938300 -0.168917  0.381021  0.269180   2
  1  1  0.938300 -0.041547 -0.228822  0.451284   4
  1  1  0.938300 -0.544219 -0.193910  0.339688   5
  1  1  0.938300  0.474615 -0.655457  0.319741   6
  1  1  0.938300 -0.171230 -0.458458  0.233254   4
  1  0  0.938300 -0.123632  0.043576  0.363153   4
  1  1  0.938300 -0.273033  0.203656  0.149777   2
  1  1  0.938300 -0.028987 -0.242856  0.703255   4
  1  1  0.938300 -0.131446  0.305180  0.694700   5
  1  1  0.938300  0.076648 -0.110072  0.111338   3
  1  1  0.938300 -0.242780  0.240011  0.911503   3
  1  1  0.938300  0.317344  0.368147  0.866898   5
  1  1  0.938300  0.215600  0.314180  0.578137   3
  1  1  0.938300 -0.225832 -0.386470  0.443720   4
  1  1  0.938300 -0.320515  0.023132  0.690086   7
  1  1  0.938300  0.059935 -0.062316  0.575998   8
  1  1  0.938300  0.049294 -0.042492  0.381645   3
  1  1  0.938300 -0.062537 -0.227514  0.226880   1
  1  1  0.938300  0.257991  0.667476  0.677947   2
  1  1  0.938300  0.086164  0.481168  0.289829   4
  1  1  0.938300  0.036683  0.170042  0.404014   3
  1  1  0.938300  0.145946 -0.226177  0.756770   6
  1  1  0.938300 -0.059226  0.028498  0.171306   5
  1  1  0.938300  0.140371 -0.498689 -0.003954   2
  1  1  0.938300  0.388158 -0.114628  0.311954   2
  1  0  0.938300  0.094040 -0.088102  0.737917   4
  1  1  0.938300 -0.504500  0.099173  0.319305   6
  1  1  0.938300 -0.183040  0.091711  0.298188   2
  1  1  0.938300  0.281069  0.153167  0.324630   6
  1  1  0.938300 -0.415578  0.307093  0.464615   2
  1  1  0.938300  0.233240  0.010759  0.958275   2
  1  1  0.938300  0.181318 -0.318834  0.572051   6
  1  1  0.938300  0.034314  0.083481  0.066151   8
  1  1  0.938300  0.340108 -0.253739  0.532763   2
  1  1  0.938300 -0.061839  0.135390  0.065009   4
  1  1  0.938300  0.124086  0.105304  1.077619   3
  1  1  0.938300  0.043793 -0.639152 -0.069162   8
  1  1  0.938300  0.094535 -0.922356  0.716973   5
  1  1  0.938300  0.114003 -0.075432 -0.047557   3
  1  1  0.938300 -0.044760 -0.240455  0.851620   6
  1  1  0.938300 -0.045074  0.147616  0.059676   5
  1  1  0.938300 -0.482541 -0.411221  0.446983   2
  1  1  0.938300  0.017426 -0.381958 -0.039206   2
  1  0  0.938300  0.050263  0.272827  0.496775   4
  1  0  0.938300  0.143883 -0.176291  0.475911   2
  1  1  0.938300 -0.075616  0.132636  0.071436   1
  1  1  0.938300  0.025805  0.145169  0.889814   3
  1  0  0.938300 -0.318249  0.055044  0.657307   5
  1  1  0.938300  0.108648  0.129521  0.357151   3
  1  1  0.938300  0.273462 -0.139977  0.256867   2
  1  1  0.938300  0.389130 -0.676748  0.417998   4
  1  1  0.938300 -0.324875  0.271546  0.157686   6
  1  1  0.938300 -0.389888 -0.302425  0.824198   4
  1  1  0.938300  0.007673  0.267369  0.322281   3
  1  1  0.938300  0.323011  0.183601  0.101733   3
  1  1  0.938300  0.244026 -0.033480  0.221028   3
  1  1  0.938300 -0.236719 -0.764354  0.736285   3
  1  1  0.938300 -0.156824  0.042356  0.615898   8
  1  0  0.938300  0.350433  0.530382  0.340643   3
  1  1  0.938300 -0.266467  0.028285  0.816587   6
  1  1  0.938300 -0.062423 -0.259386  0.360379   4
  1  1  0.938300  0.149694 -0.144201  0.210688   4
  1  1  0.938300 -0.012856 -0.416172  0.258103   8
  1  1  0.938300 -0.280896 -0.433307  1.001095   2
  1  1  0.938300 -0.113428  0.236542  0.476740   3
  1  0  0.938300  0.269159 -0.410366  0.635365   6
  1  1  0.938300  0.022271 -0.063638  0.292204   6
  1  1  0.938300  0.291282  0.169236  0.594270   3
  1  1  0.938300  0.516261 -0.410226  0.289112   2
  1  1  0.938300  0.098394  0.231531  0.687647   2
  1  1  0.938300  0.237101 -0.135003  0.917845   3
  1  1  0.938300 -0.216433 -0.018430  0.034680   1
  1  0  0.938300  0.106109 -0.128513  0.713311  10
  1  1  0.938300 -0.356229  0.187438  0.431085   3
  1  1  0.938300  0.095194 -0.040905  0.102310   1
  1  1  0.938300 -0.288419 -0.207065  0.901571   5
  1  0  0.938300 -0.038252  0.191109  0.158337   7
  1  0  0.938300 -0.026407  0.043390 -0.173807   2
  1  0  0.938300 -0.380191 -0.069171  0.400005   7
  1  1  0.938300  0.393822  0.920279  0.417311   3
  1  0  0.938300  0.185248  0.005792  0.165005   9
  1  0  0.938300  0.107777  0.456953  0.217369   3
  1  0  0.938300 -0.348006  0.228089  0.391523   3
  1  1  0.938300 -0.155215 -0.071180  0.316910   2
  1  0  0.938300 -0.114775  0.013773  0.262435   3
  1  0  0.938300  0.174316  0.139869  0.480564   6
  1  0  0.938300 -0.085664  0.182795  0.471853   8
  1  0  0.938300  0.144791  0.095186  0.447765   2
  1  0  0.938300  0.243257  0.034135  0.149601   2
  1  0  0.938300  0.033549  0.291201  0.368783   6
  1  0  0.938300  0.027138 -0.180832  0.180524   4
  1  0  0.938300 -0.045178 -0.418812  0.959423   3
  1  0  0.938300  0.166346  0.171155  0.292879  11
  1  0  0.938300 -0.017125 -0.103451  0.648275   3
  1  0  0.938300  0.091247  0.007158  0.297809   5
  1  0  0.938300  0.083004 -0.310237  0.381422   7
  1  0  0.938300 -0.028327  0.413850 -0.165839   2
  1  0  0.938300 -0.209482 -0.059577  0.407688   2
  1  0  0.938300  0.079625  0.024594  0.184983   2
  1  0  0.938300 -0.184748 -0.043513  0.656846   6
  1  0  0.938300  0.356837 -0.074954  0.406880   2
  1  0  0.938300 -0.123508  0.147346  0.281996   3
  1  0  0.938300 -0.050362 -0.018101  0.010036   1
  1  0  0.938300  0.142357  0.116619  0.066692   4
  1  0  0.938300 -0.025305 -0.238197  0.124823   4
  1  0  0.938300 -0.027119 -0.101144  0.100395   1
  1  0  0.938300 -0.143050 -0.279557  0.393052   7
  1  0  0.938300 -0.525895  0.178151  0.302839   8
  1  0  0.938300 -0.030086 -0.035851  0.427302   4
  1  0  0.938300  0.018139  0.569197  0.102668   3
  1  0  0.938300  0.202988  0.300541  0.274783   2
  1  0  0.938300 -0.067182  0.251399  0.579004   4
  1  0  0.938300  0.169330  0.227151  0.662101   5
  1  0  0.938300 -0.408779  0.142791  0.283264   2
  1  0  0.938300 -0.066932  0.365540  0.324915   2
  1  0  0.938300 -0.170365 -0.026531 -0.146484   1
  1  0  0.938300  0.394214 -0.130350  0.255704   8
  1  1  0.938300  0.273882  0.056907  0.801965   5
  1  0  0.938300  0.093438  0.107563  0.112884   8
  1  0  0.938300  0.090640  0.104743  0.268899   2
  1  0  0.938300 -0.164021  0.345733  0.544717   5
  1  0  0.938300 -0.182737  0.074072  0.110715   1
  1  0  0.938300  0.025410 -0.169449  0.145751   9
  1  0  0.938300  0.023344  0.247477  0.269766   5
  1  0  0.938300 -0.139117 -0.068069  0.473767   5
  1  0  0.938300  0.299752  0.310558  0.083695   2
  1  0  0.938300 -0.052018  0.083737  0.329075   2
  1  0  0.938300 -0.387957 -0.474489  0.956264   5
  1  0  0.938300 -0.017338 -0.034108  0.419510   4
  1  0  0.938300 -0.227378  0.291928  1.136221   6
  1  0  0.938300 -0.011693  0.389663  0.428174   2
  1  0  0.938300  0.001246 -0.195979 -0.101202   1
  1  0  0.938300  0.297286  0.329275  0.060368   6
  1  0  0.938300  0.161174 -0.170850  0.454647   5
  1  0  0.938300 -0.009031  0.318532  0.480478   8
  1  0  0.938300  0.270413 -0.141276  0.485211   3
  1  0  0.938300 -0.032495  0.087957  0.084198   2
  1  0  0.938300  0.305175  0.306514  0.325550   3
  1  0  0.938300 -0.432536  0.054681  0.278599   4
  1  0  0.938300  0.115274 -0.163502  0.209277   2
  1  0  0.938300  0.051273 -0.128624  0.314859   1
  1  1  0.938300 -0.241742 -0.034256  0.286733   7
  1  0  0.938300  0.102564 -0.311914  0.948976   5
  1  0  0.938300  0.248361 -0.102295  0.715947   4
  1  1  0.938300 -0.115332 -0.127237  0.062952   1
  1  0  0.938300  0.363427  0.098753  0.190072   2
  1  0  0.938300 -0.095469 -0.048189 -0.163896   3
  1  0  0.938300  0.484079  0.201235  0.450738   8
  1  0  0.938300  0.053430 -0.129287  0.165746   6
  1  0  0.938300 -0.209147  0.542377  0.430552   3
  1  0  0.938300  0.351821 -0.250181  0.280103   3
  1  0  0.938300 -0.096204  0.054120  0.420629   1
  1  0  0.938300  0.031999 -0.158697  0.195442   9
  1  0  0.938300 -0.261748 -0.397042  0.315566   4
  1  0  0.938300  0.374835 -0.420220  0.374671   4
  1  1  0.938300 -0.305455  0.071454  0.247322   5
  1  0  0.938300 -0.285688  0.095008  0.074015   3
  1  0  0.938300  0.170844 -0.011982  0.371783   2
  1  0  0.938300 -0.585791 -0.361719  1.002386   4
  1  0  0.938300  0.171508 -0.143963  0.526487   6
  1  0  0.938300  0.206446  0.407994  0.678463   5
  1  0  0.938300  0.205958  0.179006  0.409736   3
  1  0  0.938300  0.218515  0.170554  0.854581   3
  1  0  0.938300 -0.443872 -0.043668  0.129558   4
  1  0  0.938300 -0.156461 -0.077465  0.376686   2
  1  0  0.938300 -0.277503 -0.061954  0.061014   4
  1  0  0.938300 -0.064628  0.056381  0.189254   4
  1  0  0.938300 -0.392260  0.330783  0.511961   5
  1  0  0.938300 -0.274913 -0.410808  0.371147   3
  1  0  0.938300 -0.317049 -0.169319  0.854231   4
  1  0  0.938300 -0.101819 -0.118529  0.179678   3
  1  0  0.938300 -0.150819 -0.119097  0.026250   1
  1  0  0.938300  0.256764 -0.056884  0.757223   3
  1  0  0.938300 -0.468311 -0.122238  0.200401   3
  1  0  0.938300  0.179803  0.033919  0.558879   7
  1  0  0.938300 -0.074463 -0.370964  0.993160   5
  1  0  0.938300  0.225791  0.408090  0.715571   4
  1  0  0.938300 -0.249410  0.228895  0.689382   3
  1  0  0.938300 -0.300305 -0.094030  0.758521   6
  1  0  0.938300 -0.300898 -0.219260  0.392451   4
  1  0  0.938300  0.015509 -0.134953 -0.275020   3
  1  0  0.938300 -0.029904 -0.001749  0.195233   4
  1  0  0.938300  0.160757  0.037490  0.183939   1
  1  0  0.938300  0.058910 -0.175193 -0.050232   1
  1  0  0.938300  0.094527 -0.211735  0.550480   7
  1  0  0.938300 -0.068099 -0.188732  0.214723   2
  1  0  0.938300 -0.253291 -0.181708  0.879133   4
  1  0  0.938300 -0.100706 -0.048515  0.149997  11
  1  0  0.938300 -0.066175 -0.451385  0.368951   2
  1  0  0.938300 -0.227000 -0.302352  0.849533   3
  1  1  0.938300 -0.099450  0.070548  0.695530   4
  1  0  0.938300  0.164092 -0.083826  0.661885   7
  1  0  0.938300  0.030335  0.103098 -0.223286   2
  1  0  0.938300 -0.035516  0.171459  0.668868  10
  1  0  0.938300 -0.333178 -0.107262  0.587546   3
  1  1  0.938300  0.213696 -0.029288  0.547356  -2
  1  1  0.938300  0.098388 -0.280513  0.235906  -5
  1  0  0.938300  0.114215  0.397261  0.284062  -6
  1  1  0.938300  0.271785 -0.280244  0.354316  -3
  1  1  0.938300  0.038393  0.115474 -0.027102  -9
  1  1  0.938300 -0.146088 -0.041485  0.296188  -6
  1  1  0.938300 -0.123490  0.058742  0.760906  -7
  1  1  0.938300  0.032719  0.187341  0.415709  -4
  1  1  0.938300 -0.242176  0.093732  0.650978  -3
  1  1  0.938300  0.240444  0.401925  0.585823  -7
  1  1  0.938300  0.531995  0.107111  0.854766  -3
  1  1  0.938300  0.073446  0.041911  0.892184  -1
  1  1  0.938300  0.099104  0.134766  0.902066  -1
  1  1  0.938300 -0.004369 -0.018059  0.929540  -1
  1  1  0.938300  0.373714 -0.236348  0.768545  -4
  1  1  0.938300  0.377198  0.040814  0.615726  -6
  1  1  0.938300 -0.155361  0.168185  0.481941  -3
  1  0  0.938300 -0.065881  0.132365  0.454936  -5
  1  1  0.938300 -0.161715  0.033165  0.909004  -1
  1  1  0.938300  0.037489 -0.176398  1.025817  -1
  1  1  0.938300  0.526154  0.388091  0.346200  -2
  1  1  0.938300 -0.058215 -0.009303  0.928935  -1
  1  1  0.938300 -0.339470 -0.139788  0.534734  -5
  1  0  0.938300 -0.077710  0.627461  0.605153  -2
  1  1  0.938300  0.102722  0.251913  0.890283  -2
  1  1  0.938300  0.077616  0.265997  0.763939  -3
  1  1  0.938300  0.109470  0.142085  0.482569  -7
  1  1  0.938300  0.423971  0.037446  0.496637  -2
  1  1  0.938300  0.336474 -0.175373  0.630933  -3
  1  1  0.938300 -0.015739 -0.255726  0.003708  -5
  1  1  0.938300  0.565868  0.110564  0.697463  -4
  1  1  0.938300 -0.261533  0.240410  0.850433  -4
  1  1  0.938300 -0.024111  0.228664  0.560932  -3
  1  1  0.938300 -0.076397 -0.008938  0.870719  -1
  1  1  0.938300  0.249040  0.317273  0.602360  -2
  1  1  0.938300  0.156112  0.151811  0.842183  -1
  1  1  0.938300  0.097937  0.004945  0.544325  -1
  1  1  0.938300 -0.113756  0.394223  0.617273  -2
  1  1  0.938300  0.247452 -0.143073  0.629484  -3
  1  1  0.938300 -0.208200  0.391026  0.618734  -2
  1  1  0.938300 -0.144572  0.073009  1.117732  -3
  1  0  0.938300 -0.241616 -0.007554  0.886826  -3
  1  1  0.938300  0.096736  0.075151  0.215138  -3
  1  1  0.938300  0.016353 -0.299221 -0.072630  -2
  1  1  0.938300  0.009487  0.084237 -0.086657  -4
  1  1  0.938300 -0.367478 -0.066554  0.682040  -6
  1  1  0.938300 -0.067248  0.129824  0.593281  -4
  1  1  0.938300  0.199390  0.344428  0.598058  -3
  1  1  0.938300  0.047891 -0.164505  0.666539  -4
  1  1  0.938300 -0.170554 -0.045849  0.565342  -9
  1  1  0.938300  0.372900  0.261212  0.877585  -5
  1  1  0.938300  0.287328  0.083102  0.923933  -3
  1  0  0.938300 -0.367881 -0.518826  0.939298  -3
  1  1  0.938300 -0.047707  0.316070  1.053694  -5
  1  1  0.938300 -0.082476 -0.092070  0.132952  -4
  1  1  0.938300  0.190385  0.211090  0.265580  -4
  1  1  0.938300 -0.077607  0.194982  0.415803  -7
  1  1  0.938300 -0.185880 -0.150597  0.776329  -2
  1  1  0.938300  0.089463 -0.133116  0.761377  -2
  1  1  0.938300 -0.052125 -0.240632  0.769481  -7
  1  1  0.938300  0.363194  0.076635  0.635831  -6
  1  0  0.938300  0.038651  0.549170  0.798295  -2
  1  1  0.938300 -0.117963 -0.142025  0.208351  -4
  1  0  0.938300  0.060023  0.366143  0.708434  -5
  1  1  0.938300  0.374457  0.343331  0.396626  -3
  1  1  0.938300  0.169512  0.179165  0.162508  -5
  1  1  0.938300 -0.089150 -0.091260  0.178365  -4
  1  1  0.938300 -0.144917  0.212013  0.417564  -4
  1  1  0.938300 -0.087445  0.212250  0.167564  -4
  1  1  0.938300 -0.078093  0.254146  1.250312  -3
  1  1  0.938300  0.103262  0.124900  1.022369  -2
  1  1  0.938300 -0.247886 -0.192910  0.472362  -4
  1  1  0.938300 -0.020817  0.012634  0.757137  -2
  1  1  0.938300  0.691817  0.102773  0.704832  -3
  1  1  0.938300 -0.057732 -0.229409  0.966066  -4
  1  1  0.938300 -0.302065 -0.196407  0.313950 -11
  1  1  0.938300 -0.305646 -0.064772  0.412676 -12
  1  1  0.938300  0.013508  0.203274  0.336688  -8
  1  1  0.938300  0.461773  0.186976  0.423002  -2
  1  0  0.938300  0.219731 -0.087294  0.017576  -3
  1  0  0.938300  0.043116  0.151335  0.947336  -2
  1  0  0.938300  0.027975 -0.374683  0.438006  -3
  1  1  0.938300 -0.219181 -0.167048  0.094169  -7
  1  0  0.938300 -0.088377  0.007913  0.353322  -6
  1  0  0.938300  0.018578  0.174612  0.500342  -4
  1  0  0.938300  0.281464 -0.119387  0.852012  -3
  1  0  0.938300  0.106381  0.158395  0.817848  -4
  1  0  0.938300  0.225183  0.005213  0.996297  -3
  1  0  0.938300 -0.036492  0.079293  1.045928  -1
  1  0  0.938300 -0.079353 -0.063135  0.624813  -2
  1  0  0.938300  0.173967  0.096182  0.774554  -3
  1  1  0.938300  0.265112 -0.162390  0.633720  -7
  1  1  0.938300  0.463267  0.170367  0.221607  -6
  1  0  0.938300 -0.149118  0.062480  0.984550  -1
  1  0  0.938300 -0.345348  0.330047  1.161025  -3
  1  0  0.938300 -0.075633 -0.098195  0.774878  -9
  1  0  0.938300 -0.164961 -0.411284  0.378885  -2
  1  0  0.938300 -0.299658  0.027473  0.212987  -3
  1  0  0.938300 -0.207799 -0.191124  0.181258  -2
  1  0  0.938300  0.232305  0.030238  0.102439  -5
  1  0  0.938300 -0.436192 -0.270600  0.541731  -6
  1  0  0.938300  0.118653 -0.391660  0.634452  -3
  1  0  0.938300  0.034483  0.004542  0.814775  -7
  1  1  0.938300 -0.097716 -0.045719  0.031899  -4
  1  0  0.938300  0.239680  0.158036  0.557540  -8
  1  0  0.938300  0.153465 -0.008472  0.582352  -4
  1  0  0.938300 -0.018195  0.071569  0.789343  -1
  1  0  0.938300  0.301011  0.232118  0.387599  -5
  1  0  0.938300 -0.014797 -0.006237  0.762421  -4
  1  0  0.938300  0.240535 -0.045338  0.434120  -7
  1  0  0.938300 -0.075836 -0.026969  0.132553  -5
  1  0  0.938300 -0.067587 -0.075975  0.780986  -1
  1  0  0.938300 -0.248439 -0.114263  0.550378  -2
  1  0  0.938300 -0.149476 -0.112721  1.116358  -4
  1  0  0.938300  0.241286 -0.127625  0.245013  -3
  1  0  0.938300 -0.011780 -0.186079  0.783129  -3
  1  0  0.938300 -0.129835 -0.124758  0.139318  -4
  1  0  0.938300  0.358692 -0.029442  0.226690  -5
  1  0  0.938300  0.186822 -0.405457  0.355113  -3
  1  0  0.938300  0.011532 -0.073942  0.919642  -1
  1  0  0.938300 -0.110784  0.124106  0.527178  -2
  1  0  0.938300 -0.464914  0.042082  0.980941  -5
  1  1  0.938300  0.011559 -0.233896  0.687111 -10
  1  0  0.938300  0.762667 -0.078529  0.508761  -6
  1  0  0.938300 -0.020733 -0.196449  0.993499  -1
  1  0  0.938300 -0.048279 -0.065128  0.622665  -4
  1  1  0.938300 -0.195306 -0.278460  0.291072  -4
  1  0  0.938300 -0.172547 -0.222949  0.654463  -6
  1  0  0.938300  0.064578 -0.052766  0.789406  -6
  1  0  0.938300 -0.142126 -0.053341  0.432199  -7
  1  0  0.938300  0.263571 -0.234953  0.408356  -3
  1  1  0.938300  0.347876 -0.180850  1.334945  -2
  1  0  0.938300  0.108999  0.023043  0.373887  -9
  1  0  0.938300 -0.074779 -0.083358  1.045450  -1
  1  0  0.938300  0.146363 -0.173188  0.770431  -1
  1  0  0.938300  0.057554  0.094601  0.029273  -4
  1  0  0.938300  0.290772 -0.009559  0.153418  -5
  1  0  0.938300  0.128877 -0.140913  0.238318  -3
  1  0  0.938300 -0.299382 -0.157471  0.473921  -2
  1  0  0.938300 -0.124810 -0.359705  0.468326  -5
  1  0  0.938300 -0.212052 -0.055329  0.613509  -4
  1  0  0.938300 -0.040258  0.602545  0.315888 -13
  1  0  0.938300  0.027627 -0.006127  1.074692  -1
  1  0  0.938300  0.342193 -0.274365  0.047792 -10
  1  0  0.938300  0.026278  0.312248  0.610650  -4
  1  0  0.938300 -0.189796 -0.149687  0.804673  -2
  1  0  0.938300 -0.018992  0.079044  0.862476  -1
  1  0  0.938300 -0.088691 -0.106265  0.674440  -2
  1  0  0.938300 -0.075131  0.215148  0.218623  -6
  1  0  0.938300 -0.131720  0.125327  1.067390  -1
  1  0  0.938300  0.029011  0.089379  0.417352  -1
  1  0  0.938300  0.035375  0.253278  0.229233  -6
  1  0  0.938300 -0.150644  0.234591  0.173378  -3
  1  0  0.938300 -0.191362  0.044591  0.678464  -5
  1  0  0.938300 -0.119695  0.036529  0.605169 -10
  1  0  0.938300 -0.126998  0.223115  0.083171  -8
  1  0  0.938300 -0.382185  0.065732  0.114197  -3
  1  0  0.938300 -0.282682 -0.005098  0.368362  -2
  1  0  0.938300 -0.169554 -0.088629  0.869426 -11
  1  0  0.938300 -0.442230  0.491448  0.692144  -9
  1  0  0.938300  0.256773 -0.356256  0.569580  -4
  1  0  0.938300  0.062338 -0.040938  0.516649  -3
  1  0  0.938300 -0.313589  0.502438  0.698259  -4
  1  0  0.938300 -0.164511  0.032502  0.968411  -2
  1  0  0.938300  0.173549 -0.186198  0.444066  -7
  1  0  0.938300  0.133178  0.354636  0.554734  -3
  1  0  0.938300 -0.034196 -0.308822  0.628668  -3
  1  0  0.938300 -0.108730  0.150118  0.349850  -5
  1  0  0.938300  0.096060  0.057536  0.132189  -7
  1  0  0.938300 -0.251144  0.235438  0.399434  -6
  1  0  0.938300 -0.490566 -0.287151  0.589801  -2
  1  0  0.938300 -0.331450  0.181179  0.224337  -3
  1  0  0.938300  0.106964  0.054843  0.476560  -2
  1  0  0.938300 -0.441775  0.142557  0.140167  -2
  1  0  0.938300  0.151900 -0.099985  0.864559  -1
  1  1  0.938300  0.177536  0.053665  0.445931  -6
  1  0  0.938300  0.152707 -0.052689  1.188041  -2
  1  0  0.938300 -0.165046  0.053442  0.084002  -6
  1  0  0.938300  0.040040 -0.014151  0.866720  -1
  1  0  0.938300  0.228188 -0.124148  0.084965  -5
  1  0  0.938300 -0.360538  0.185658  0.549097  -7
  1  0  0.938300  0.278518  0.305611  0.488525  -5
  1  0  0.938300  0.186643  0.200242  0.712395  -5
  1  0  0.938300 -0.293147  0.331891  0.003104  -3
  1  0  0.938300  0.194386  0.024300  0.059151  -5
  1  1  0.938300 -0.031028 -0.249615  0.417245  -9
  1  0  0.938300 -0.104362  0.584342  0.618462  -6
  1  0  0.938300  0.130082 -0.251186  0.471677  -3
  1  1  0.938300  0.016199 -0.727598  0.682593  -5
  1  0  0.938300  0.272057  0.097084  0.835711  -3
  1  0  0.938300 -0.281272 -0.718150  0.389465  -3
  1  1  0.938300  0.305524  0.008969  0.722817  -7
  1  0  0.938300 -0.197131  0.076166  0.306831  -3
  1  0  0.938300  0.360882 -0.201332  0.673931  -3
  1  0  0.938300 -0.372803 -0.028305  0.748924  -3
  1  0  0.938300 -0.059641  0.201821  0.120171  -4
  1  0  0.938300  0.043061  0.237424  0.678357  -6