  1  1  0.938300  0.021222  0.446786  0.310149   3
  1  1  0.938300  0.038065  0.155572  0.215940   1
  1  1  0.938300 -0.398926 -0.368448  0.838507   2
  1  1  0.938300  0.230763  0.097313  1.041778   4
  1  1  0.938300  0.238450 -0.138343  0.180676   3
  1  1  0.938300 -0.242072 -0.009026 -0.336207   2
  1  1  0.938300  0.012400  0.093336  0.333248   3
  1  1  0.938300 -0.137769  0.053977  0.557540   3
  1  1  0.938300 -0.151793  0.096439  0.539550   3
  1  1  0.938300 -0.236804 -0.511287  0.167092   2
  1  1  0.938300  0.042299 -0.001081  0.224192   3
  1  1  0.938300  0.113618  0.162178  0.027010   1
  1  1  0.938300  0.309531  0.365815  0.172198   2
  1  1  0.938300 -0.163375 -0.234179  0.236012   4
  1  1  0.938300  0.326306  0.345395  0.383836   2
  1  1  0.938300  0.090178  0.170211  0.565562   4
  1  1  0.938300 -0.440841 -0.043259  0.536342   5
  1  1  0.938300 -0.464461 -0.062343  1.015707   4
  1  1  0.938300  0.086754  0.062129 -0.006446   1
  1  1  0.938300  0.002228 -0.340811  0.128291   3
  1  1  0.938300 -0.264347 -0.010825  0.499797   7
  1  1  0.938300 -0.116859  0.281757  0.258006   2
  1  0  0.938300 -0.310351 -0.225440  0.282391   2
  1  1  0.938300  0.213627 -0.184504  0.499595   3
  1  1  0.938300 -0.304046  0.126643  0.381979   6
  1  1  0.938300  0.090846 -0.412597  0.213796   5
  1  0  0.938300 -0.055844 -0.477131  0.567606   4
  1  1  0.938300 -0.223712  0.153767  0.288272   6
  1  1  0.938300  0.095034 -0.074501  0.613356   3
  1  1  0.938300  0.074064  0.277783  0.057692   4
  1  1  0.938300  0.109691  0.343950  0.622605   2
  1  1  0.938300 -0.015662  0.153892 -0.059514   1
  1  1  0.938300  0.124681 -0.010078 -0.074487   1
  1  1  0.938300  0.073533  0.119651 -0.005018   1
  1  1  0.938300  0.134827 -0.666423  0.531548   3
  1  1  0.938300 -0.069564 -0.165524  0.066558   1
  1  1  0.938300  0.112464 -0.084703  0.023874   2
  1  1  0.938300  0.087444  0.198815  0.343619   4
  1  1  0.938300  0.063599  0.233553  0.056144   3
  1  1  0.938300  0.204252 -0.274537  0.260801   3
  1  1  0.938300 -0.173751  0.035998  0.092332   1
  1  1  0.938300  0.095168  0.146080  1.102260   2
  1  1  0.938300 -0.417337  0.241743  0.300116   2
  1  1  0.938300 -0.075042 -0.054822  0.068305   1
  1  1  0.938300 -0.043385  0.021194  0.327967   4
  1  1  0.938300  0.028369 -0.194604  0.290951   1
  1  1  0.938300  0.326710 -0.098461  0.291266   8
  1  0  0.938300  0.199339  0.137383  0.248457   5
  1  1  0.938300 -0.191923 -0.101397  0.094909   2
  1  1  0.938300 -0.565924  0.455178  0.734321   4
  1  1  0.938300 -0.277691 -0.123236  0.277868   4
  1  1  0.938300  0.261315 -0.053240  0.529728   2
  1  1  0.938300  0.399453 -0.219004  0.978146   8
  1  1  0.938300 -0.353505 -0.089786  0.609335   4
  1  1  0.938300  0.318286 -0.349054  0.424250   5
  1  1  0.938300 -0.109900  0.659633  0.482415   2
  1  1  0.938300  0.011066  0.114657  0.509371   5
  1  1  0.938300  0.043692 -0.228927  0.381994   3
  1  1  0.938300 -0.406270  0.439405  0.385610   4
  1  1  0.938300 -0.375513 -0.349998  0.546393   2
  1  1  0.938300  0.311020 -0.076425  0.138813   2
  1  1  0.938300  0.352125 -0.068980  0.477668   3
  1  0  0.938300  0.029751 -0.348784  0.215772   2
  1  0  0.938300 -0.190878  0.387503  0.932875   6
  1  0  0.938300 -0.082770 -0.233172  0.604215   3
  1  1  0.938300 -0.250176  0.348161  0.990107   6
  1  1  0.938300 -0.152478 -0.027106  0.600342   3
  1  1  0.938300 -0.388940 -0.410454  0.044906   2
  1  1  0.938300 -0.303438  0.227747  0.770601   4
  1  0  0.938300  1.187761  0.588011  0.997418   2
  1  1  0.938300  0.268728 -0.329121  1.021050   4
  1  1  0.938300 -0.150445 -0.335916  0.253895   2
  1  1  0.938300  0.297288 -0.094448  0.118137   2
  1  1  0.938300  0.115242 -0.187364  0.885875   3
  1  1  0.938300 -0.303097  0.302850  0.486256   4
  1  1  0.938300 -0.352091 -0.270212  1.159155   3
  1  1  0.938300 -0.019338  0.193172 -0.160851   2
  1  1  0.938300  0.304926 -0.100760  0.639415  10
  1  1  0.938300  0.052901  0.026777  0.542885   7
  1  0  0.938300 -0.151852  0.240839  0.648874   2
  1  0  0.938300 -0.066479  0.111202  0.244666   1
  1  0  0.938300 -0.162144 -0.221249  0.303105   2
  1  1  0.938300  0.055552 -0.322723  0.109791  10
  1  0  0.938300  0.002262  0.124235  0.220119   3
  1  0  0.938300  0.255806  0.204033  0.203948   3
  1  0  0.938300  0.021670  0.491587  0.201997   4
  1  0  0.938300  0.617588  0.195175  0.585532   2
  1  0  0.938300  0.125094  0.322091  0.144396   2
  1  0  0.938300  0.086286  0.112446  0.469180   4
  1  0  0.938300  0.266354 -0.182843  0.288316   2
  1  1  0.938300 -0.237035 -0.143444 -0.096696   6
  1  0  0.938300  0.108406  0.105545  0.366692   5
  1  0  0.938300  0.155958  0.107691  0.053027   3
  1  0  0.938300 -0.194114  0.115353  0.427012   7
  1  0  0.938300  0.069760 -0.104168  0.688396   2
  1  0  0.938300  0.254125  0.198827  1.130563   3
  1  1  0.938300  0.139695  0.146866  0.315669   7
  1  0  0.938300  0.125432  0.075847  0.158771   7
  1  1  0.938300  0.565440 -0.711930 -0.023793   5
  1  0  0.938300  0.146661  0.316075  0.726227   5
  1  0  0.938300 -0.013230  0.187487  0.699281   6
  1  0  0.938300 -0.377235 -0.245088  0.303332   2
  1  0  0.938300 -0.229143 -0.184365  0.646981   4
  1  0  0.938300  0.146681  0.225027  0.445791   3
  1  1  0.938300 -0.499747  0.403462  0.638207   3
  1  0  0.938300 -0.091606  0.149447  0.454304   2
  1  0  0.938300 -0.167500 -0.157714  0.284093  11
  1  0  0.938300  0.154467 -0.243035  0.296672   9
  1  0  0.938300 -0.079601 -0.012263  0.425437   5
  1  0  0.938300 -0.109749  0.135563  0.010090   1
  1  1  0.938300 -0.468602 -0.489958  0.263394   6
  1  0  0.938300  0.077690  0.126880  0.295300   7
  1  0  0.938300  0.044871 -0.376591  0.071276   8
  1  0  0.938300  0.196178  0.182483  0.466366   2
  1  0  0.938300 -0.187427 -0.381525  0.663086   6
  1  0  0.938300 -0.088876 -0.104436  0.250325   3
  1  0  0.938300  0.307358  0.533867  0.461946   4
  1  0  0.938300 -0.261771 -0.210280  0.463645   5
  1  0  0.938300 -0.135871  0.063289  0.161891   2
  1  1  0.938300  0.115031  0.072313  0.848715   3
  1  0  0.938300  0.261183 -0.322874  0.365375   6
  1  0  0.938300 -0.072024 -0.081514  0.090641   1
  1  0  0.938300 -0.253453  0.011809  0.259000   2
  1  0  0.938300 -0.193404 -0.290603  0.415802   7
  1  0  0.938300  0.188489 -0.160438  0.121778   7
  1  0  0.938300 -0.528045  0.335050  0.109855   4
  1  0  0.938300  0.239905  0.142517  0.689725   4
  1  1  0.938300 -0.238985 -0.209313  1.996284   4
  1  0  0.938300  0.040329  0.029182  0.438373   3
  1  0  0.938300 -0.090967 -0.138820  0.957027   3
  1  0  0.938300  0.045709 -0.276240  0.442593   4
  1  0  0.938300  0.043246  0.024659  0.636103   1
  1  0  0.938300 -0.109606  0.186780  0.682500  11
  1  0  0.938300 -0.246395 -0.218397  0.315164   3
  1  0  0.938300  0.023640 -0.349705  0.218684  10
  1  0  0.938300  0.550281  0.098986  0.787057   4
  1  0  0.938300  0.072681  0.079436  0.237783   3
  1  0  0.938300 -0.354927  0.123382  1.059073   8
  1  0  0.938300 -0.106371  0.236285  0.478586   4
  1  0  0.938300 -0.067074 -0.002334  0.521445   5
  1  0  0.938300  0.384842 -0.002008  0.448742   2
  1  0  0.938300  0.042311 -0.064434  0.145961   5
  1  0  0.938300 -0.089867  0.043440  0.540140   8
  1  0  0.938300  0.103106  0.184165  0.662181   7
  1  0  0.938300  0.062595  0.288025  0.513046   9
  1  0  0.938300 -0.344942 -0.011808  0.702517   3
  1  0  0.938300  0.106231 -0.350184  0.278551   2
  1  0  0.938300 -0.300650 -0.410504  0.272162   3
  1  0  0.938300  0.108072 -0.487627  0.591948   3
  1  0  0.938300  0.200905 -0.175556  0.522340   8
  1  0  0.938300  0.148275 -0.508176  0.594034   5
  1  0  0.938300 -0.064220 -0.704227  0.371987   2
  1  0  0.938300 -0.298726 -0.061700  0.515046   2
  1  0  0.938300 -0.197347 -0.114929  0.399742   4
  1  0  0.938300 -0.342279  0.107073  0.523302   4
  1  1  0.938300 -0.022310 -0.105481  0.113144   2
  1  0  0.938300 -0.100868 -0.046790  0.237467   7
  1  0  0.938300 -0.009704  0.245667  0.405184   7
  1  0  0.938300  0.023365  0.118491  0.390038   1
  1  0  0.938300  0.105550  0.213455  0.322977   6
  1  1  0.938300 -0.310738  0.155270  0.320367   3
  1  1  0.938300  0.262447  0.332527  0.689043   5
  1  0  0.938300  0.001470  0.070097  0.691560   5
  1  0  0.938300 -0.003074  0.071889  0.838837   3
  1  0  0.938300  0.163151 -0.127531 -0.037442   4
  1  0  0.938300  0.138000 -0.118519  0.152487   2
  1  0  0.938300  0.197204 -0.059792  0.718922   4
  1  0  0.938300  0.264382 -0.091039  0.194933   3
  1  0  0.938300  0.270274  0.091114  0.521466   2
  1  0  0.938300 -0.292151  0.147709  0.254992   4
  1  0  0.938300 -0.168244  0.040123  0.149681   7
  1  0  0.938300 -0.348289  0.101215  0.549455   6
  1  0  0.938300  0.290128  0.016463  0.226788   3
  1  0  0.938300  0.081137 -0.033497  0.031604   1
  1  0  0.938300  0.110301 -0.127068  0.424057   4
  1  0  0.938300 -0.566637  0.003101  0.163908   3
  1  0  0.938300 -0.129184  0.073371  0.127769   2
  1  0  0.938300 -0.229220  0.015284  0.006854   1
  1  0  0.938300 -0.227531  0.218014  0.053125   2
  1  0  0.938300  0.094091 -0.072321  0.098874   1
  1  0  0.938300  0.390242 -0.020581  0.553686   3
  1  0  0.938300  0.239109 -0.453569  0.658793   4
  1  0  0.938300 -0.595286  0.005278  0.393232   4
  1  0  0.938300  0.145424  0.324564  0.783731   2
  1  0  0.938300  0.038648  0.189953  0.098118   3
  1  0  0.938300  0.329659  0.110223  0.768984   5
  1  0  0.938300  0.365039  0.056023 -0.021155   3
  1  0  0.938300  0.160329  0.052819  0.176804   4
  1  0  0.938300  0.116909  0.434220  0.127102   5
  1  0  0.938300 -0.271447 -0.210794  0.334792   2
  1  0  0.938300 -0.081943  0.152404  0.599583   4
  1  0  0.938300  0.088913  0.588895  0.316481   3
  1  0  0.938300 -0.113052 -0.207876  0.195417   4
  1  0  0.938300 -0.048735 -0.044406  0.402376   4
  1  0  0.938300  0.143905  0.213826  0.167839   2
  1  0  0.938300  0.205998 -0.090357  0.372598   3
  1  0  0.938300 -0.139762 -0.288591  0.483221   6
  1  1  0.938300 -0.007889  0.005540  0.516599  -5
  1  1  0.938300  0.049041 -0.276092  0.719250  -5
  1  1  0.938300 -0.209453  0.245357  0.614579  -5
  1  1  0.938300 -0.061262  0.032719  0.496767  -1
  1  0  0.938300  0.169389 -0.362434  0.425727  -4
  1  1  0.938300  0.200065 -0.394802  0.252927  -5
  1  1  0.938300  0.015551 -0.340006  0.420766  -7
  1  1  0.938300 -0.168484 -0.071031  0.851263  -1
  1  1  0.938300  0.080245  0.108930  0.242040  -2
  1  1  0.938300  0.095229  0.004893  1.165474  -1
  1  0  0.938300  0.279643  0.245260  0.142151  -5
  1  1  0.938300  0.073202 -0.014656  0.146855  -4
  1  1  0.938300 -0.122738  0.095136  1.189595  -2
  1  1  0.938300 -0.144231 -0.013147  0.420798  -2
  1  1  0.938300  0.247028 -0.179507  0.833055  -8
  1  1  0.938300 -0.248168  0.241117  0.764481  -2
  1  1  0.938300 -0.164125  0.105575  0.803710  -3
  1  1  0.938300 -0.108644 -0.096129  0.738211  -5
  1  1  0.938300 -0.188071 -0.120881  0.166382  -4
  1  1  0.938300  0.115288  0.060115  0.921705  -5
  1  0  0.938300 -0.079647  0.056491  0.449362  -8
  1  1  0.938300 -0.089639 -0.027162  0.992710  -3
  1  1  0.938300  0.357192  0.414479  0.171282  -4
  1  1  0.938300 -0.214187  0.044779  0.784694  -1
  1  1  0.938300  0.143316 -0.122903  0.381310  -6
  1  1  0.938300  0.467173  0.067390  0.600208  -5
  1  1  0.938300 -0.005857  0.163563  0.604019  -5
  1  0  0.938300  0.125442 -0.114800  0.520547  -4
  1  1  0.938300  0.155431  0.384211  0.179894  -5
  1  1  0.938300  0.185311 -0.389444  0.623569  -2
  1  1  0.938300  0.198108  0.440624  0.459057  -4
  1  0  0.938300 -0.126684 -0.225150  0.103286  -2
  1  1  0.938300 -0.048061  0.214303  0.583233  -2
  1  1  0.938300 -0.485071 -0.341146  0.968831  -2
  1  1  0.938300 -0.050482 -0.043132  0.918992  -2
  1  1  0.938300 -0.169584  0.100031  0.985651  -1
  1  1  0.938300  0.057713 -0.194110  0.542840  -3
  1  1  0.938300 -0.084320  0.254449  0.690719  -3
  1  1  0.938300 -0.101962 -0.259340  1.085854  -2
  1  1  0.938300 -0.228079  0.253240  0.594094  -3
  1  1  0.938300  0.410270 -0.170277  0.293674  -2
  1  1  0.938300  0.275712  0.517952  0.291258  -5
  1  1  0.938300  0.081952  0.445623  0.303784  -3
  1  1  0.938300  0.217788 -0.135900  0.671447  -5
  1  1  0.938300 -0.049400 -0.151458  0.630338  -4
  1  1  0.938300 -0.213017 -0.089269  0.812568  -2
  1  1  0.938300  0.013291  0.161073  0.128572  -3
  1  0  0.938300 -0.346562 -0.160341  0.562561  -5
  1  1  0.938300  0.446194  0.130510  0.161812  -6
  1  1  0.938300  0.103303 -0.266910  0.379479  -2
  1  1  0.938300 -0.055865  0.283171 -0.001060  -8
  1  1  0.938300  0.002345 -0.161438  0.605868  -3
  1  1  0.938300 -0.017481  0.126129  1.021968  -1
  1  1  0.938300  0.024492  0.014108  0.044868  -4
  1  1  0.938300 -0.191791 -0.268384  0.048751  -3
  1  1  0.938300  0.231518 -0.104598  1.010483  -1
  1  1  0.938300 -0.248985  0.229089  0.338186  -8
  1  1  0.938300  0.306305 -0.220807  0.517892  -8
  1  1  0.938300  0.389345 -0.155420  0.153881  -4
  1  1  0.938300  0.125514  0.301814  0.116277  -2
  1  0  0.938300 -0.193159  0.134085  0.581952  -5
  1  0  0.938300 -0.266741  0.237702  0.347953  -4
  1  1  0.938300  0.040050 -0.070047  0.876737  -1
  1  1  0.938300 -0.065896 -0.022551  0.661446  -5
  1  1  0.938300 -0.240134 -0.374749  0.789890  -2
  1  1  0.938300  0.326819  0.200855  1.350187  -2
  1  1  0.938300 -0.011497 -0.160103  0.809218  -1
  1  1  0.938300 -0.227576  0.330520  0.460024  -3
  1  1  0.938300 -0.178076  0.053374  0.444827  -8
  1  1  0.938300 -0.076845  0.084832  0.423180  -3
  1  0  0.938300 -0.155204 -0.471398  0.382621  -8
  1  1  0.938300  0.196999  0.065130  1.255254  -1
  1  1  0.938300 -0.117061 -0.078342  0.446484  -3
  1  1  0.938300 -0.261757 -0.301700  0.105494  -5
  1  1  0.938300 -0.285709  0.151406  0.954131  -3
  1  1  0.938300 -0.495817  0.432985  0.471171  -2
  1  1  0.938300  0.063355  0.366812  0.271510  -3
  1  1  0.938300  0.373079 -0.335655  0.524623  -4
  1  1  0.938300 -0.074547  0.118357  0.171264  -2
  1  0  0.938300 -0.028915 -0.481030 -0.168179  -8
  1  0  0.938300  0.048631  0.071613  0.290232  -6
  1  0  0.938300 -0.186605  0.235621  0.385064  -5
  1  0  0.938300  0.153399 -0.144615  0.668210  -6
  1  0  0.938300  0.113863  0.014570  0.352834  -2
  1  0  0.938300  0.179617  0.150375  0.631600  -5
  1  0  0.938300  0.072453 -0.498379  0.662662  -7
  1  0  0.938300 -0.164860  0.240654  0.348455  -3
  1  0  0.938300  0.073463 -0.154215  0.856251  -1
  1  0  0.938300  0.479581  0.371064  0.179790  -3
  1  1  0.938300 -0.028540 -0.179482  0.307777  -4
  1  0  0.938300  0.140305  0.095701  0.444365  -3
  1  0  0.938300 -0.092415 -0.061572  0.546068  -2
  1  0  0.938300  0.042844  0.058286  0.375845  -6
  1  0  0.938300 -0.053849 -0.054823  0.826675  -2
  1  0  0.938300  0.099026 -0.173226  0.849377  -4
  1  0  0.938300  0.118228  0.031063  0.410180  -4
  1  0  0.938300  0.059950 -0.155105  0.726451  -5
  1  0  0.938300 -0.003565  0.066150  1.049781  -2
  1  0  0.938300  0.081794 -0.338001  0.441644  -4
  1  0  0.938300 -0.292145 -0.127590  0.404769  -4
  1  0  0.938300 -0.294897  0.180641  0.798972  -5
  1  0  0.938300  0.271570 -0.091049  0.879271 -10
  1  0  0.938300 -0.002171  0.144791  0.603619  -3
  1  0  0.938300  0.053206 -0.095106  0.865957  -1
  1  0  0.938300  0.131495 -0.443780  0.521930  -7
  1  0  0.938300 -0.245039  0.157875  0.821262  -2
  1  0  0.938300 -0.038661 -0.056958  0.931638  -1
  1  0  0.938300 -0.223916 -0.046711  0.966422  -1
  1  0  0.938300 -0.133192 -0.048269  0.853489  -6
  1  0  0.938300  0.312627 -0.216436  0.386749  -6
  1  0  0.938300 -0.037405 -0.452211  0.887881  -2
  1  0  0.938300 -0.095287  0.011445  1.048176  -1
  1  0  0.938300 -0.095333  0.159081  0.664279  -1
  1  0  0.938300 -0.110695 -0.507728  0.935542  -2
  1  0  0.938300  0.147921 -0.133412  1.094347  -1
  1  1  0.938300 -0.326401  0.291548  0.416346  -6
  1  0  0.938300 -0.177263  0.404014  0.565242  -3
  1  0  0.938300 -0.144588  0.091943  0.696002  -5
  1  0  0.938300 -0.065911  0.392852  1.110715  -4
  1  0  0.938300  0.030144 -0.151957  1.266573  -1
  1  0  0.938300  0.075320 -0.554442  0.552865  -3
  1  0  0.938300 -0.008159 -0.575858  0.516054  -2
  1  0  0.938300  0.054632  0.146528  0.619457  -7
  1  0  0.938300  0.225094 -0.188508  0.927987  -4
  1  0  0.938300  0.223765 -0.249557 -0.014655  -5
  1  0  0.938300 -0.194219  0.032769  0.123508  -3
  1  0  0.938300 -0.557506 -0.208491  0.243754  -7
  1  0  0.938300 -0.113015  0.028441  0.787281  -1
  1  0  0.938300 -0.352671 -0.254527  0.245125  -4
  1  0  0.938300 -0.087729 -0.050989  0.298710  -3
  1  0  0.938300 -0.181524  0.180629  0.679038  -6
  1  0  0.938300  0.118501  0.022700  0.680634  -1
  1  0  0.938300  0.213399 -0.354287  0.791000  -4
  1  0  0.938300  0.317190 -0.043950  0.402467  -8
  1  0  0.938300 -0.538647  0.137761  0.271289 -13
  1  0  0.938300  0.195292  0.013717  0.732821  -2
  1  0  0.938300 -0.457804  0.033013  0.823674  -5
  1  0  0.938300  0.071158 -0.179057  0.025512  -5
  1  0  0.938300 -0.051709  0.329712  0.687515  -3
  1  0  0.938300  0.568927  0.476511  0.806632  -4
  1  0  0.938300  0.332508 -0.290330  0.857163  -4
  1  0  0.938300 -0.127418 -0.224960  0.636864  -3
  1  0  0.938300  0.088665  0.259455  0.759631  -5
  1  0  0.938300  0.046146 -0.154256  0.512951  -4
  1  0  0.938300 -0.109209 -0.258396  0.425279  -3
  1  0  0.938300  0.233448 -0.072935  0.480814  -4
  1  0  0.938300  0.394404 -0.131149  0.707268  -6
  1  0  0.938300  0.162357  0.391978  0.424376  -3
  1  0  0.938300 -0.310239  0.077120  0.350696  -3
  1  0  0.938300 -0.099175 -0.028500  0.115238 -14
  1  0  0.938300  0.151906 -0.567697  0.237970  -7
  1  0  0.938300 -0.034384  0.277286  0.650026  -3
  1  1  0.938300 -0.170917  0.219065  0.814786  -2
  1  1  0.938300 -0.095792 -0.105941  0.797086  -3
  1  0  0.938300 -0.106208  0.071300  0.939722  -1
  1  0  0.938300 -0.167995 -0.274849  0.159103  -8
  1  0  0.938300  0.095103  0.167932  0.837228  -5
  1  0  0.938300  0.022488 -0.076419  0.195223  -3
  1  0  0.938300 -0.136086  0.123196  0.246553  -5
  1  0  0.938300  0.008202  0.030623  1.028282  -2
  1  0  0.938300 -0.080943  0.639143  0.248770  -6
  1  0  0.938300 -0.076831  0.071535  1.008067  -4
  1  1  0.938300  0.061032  0.194773  0.898904  -4
  1  0  0.938300 -0.225046 -0.172164  0.927578  -1
  1  0  0.938300 -0.288365  0.041527  0.996139  -2
  1  0  0.938300 -0.157695  0.112774  0.586727  -4
  1  0  0.938300  0.311117 -0.029606  0.849402  -4
  1  0  0.938300  0.181799  0.253103  0.729149  -2
  1  0  0.938300 -0.183771 -0.317831  0.107759  -2
  1  0  0.938300  0.287828 -0.072817 -0.143241  -7
  1  0  0.938300  0.132371  0.232555  0.033017  -3
  1  0  0.938300  0.067094 -0.217264  0.626706  -3
  1  0  0.938300 -0.382022  0.183556  0.889311  -3
  1  0  0.938300  0.181605 -0.241836  0.478955  -5
  1  1  0.938300 -0.433990 -0.216738  0.038292  -7
  1  0  0.938300  0.021146  0.560818  0.164671  -5
  1  0  0.938300 -0.065726  0.427271  0.748495  -2
  1  0  0.938300 -0.091933  0.104495 -0.050730  -6
  1  0  0.938300  0.177486  0.242880  0.288057  -4
  1  0  0.938300  0.160886 -0.035958  1.078209  -4
  1  0  0.938300 -0.285996 -0.038014  0.450287  -3
  1  0  0.938300  0.257584  0.020918  1.033917  -5
  1  0  0.938300 -0.374384 -0.155495  1.117698  -2
  1  0  0.938300  0.323004  0.252149  0.511242  -5
  1  0  0.938300 -0.179599  0.004115  0.358786  -8
  1  0  0.938300 -0.038080 -0.148669  0.264836  -3
  1  0  0.938300  0.254430  0.020547  0.426186  -4
  1  0  0.938300 -0.205204 -0.228970  0.679194  -3
  1  1  0.938300 -0.008904  0.577529  0.556113  -3
  1  0  0.938300 -0.208980 -0.057143  0.325293  -7
  1  0  0.938300  0.068757  0.166563  0.246814  -3
  1  0  0.938300 -0.233964 -0.071415  0.666854  -2
  1  0  0.938300  0.151294  0.314743 -0.056370  -4
  1  0  0.938300 -0.182043 -0.108535  0.740517  -5
  1  1  0.938300  0.224270  0.255546  0.282433  -6
  1  1  0.938300 -0.026472 -0.066715 -0.033078  -7
  1  0  0.938300  0.246828  0.078937  0.718530  -5