  1  0  0.938300 11.532112-19.408967-11.090616  0.172825 -0.414735  0.266585   2
  1  1  0.938300 -2.812061  1.362398-18.364862 -0.065625  0.046123  0.107415   1
  1  1  0.938300 -7.527723  7.568485-20.572599 -0.065667  0.058667 -0.016619   1
  1  1  0.938300 -1.696456  0.696625-21.649811 -0.044497  0.034111 -0.075611   1
  1  1  0.938300  5.963081 -2.160025  6.349600  0.286621  0.049637  0.553449   4
  1  1  0.938300 -0.071106 11.217418-17.426389  0.044301  0.174109 -0.027472   1
  1  0  0.938300 -8.513829 -0.725688 24.617960 -0.127090  0.010581  1.156452  13
  1  0  0.938300 13.878377 11.262871 -7.243218  0.469850  0.233248  0.244238   4
  1  1  0.938300 -2.926520 10.245658-10.394251 -0.037983  0.168015  0.231786   7
  1  1  0.938300 18.839348-11.325172 -3.339380  0.278418 -0.304615  0.371604   2
  1  1  0.938300 -9.662958 -1.034721-18.851061 -0.090772 -0.017600  0.087211   1
  1  1  0.938300 11.679627 -7.848597 15.567318  0.301196 -0.345778  1.202588   7
  1  1  0.938300  4.793195 -9.797016 22.687950  0.209177 -0.178563  0.937691   3
  1  1  0.938300 -4.947107 -6.501925-13.865758 -0.137842 -0.115008  0.049997   4
  1  1  0.938300-14.355335 -9.068380 -8.001612 -0.226734 -0.074819  0.312432   2
  1  1  0.938300 -8.101322  6.846362-23.599177 -0.188856  0.181449 -0.005482   1
  1  1  0.938300 -6.148877 -6.948662 18.733350 -0.056456 -0.108175  1.041784   5
  1  1  0.938300-19.318876 -2.104730 18.240028 -0.328051 -0.081344  0.872873   2
  1  1  0.938300  2.492034  0.838170 -7.853622 -0.015778 -0.008352  0.232108   3
  1  1  0.938300  2.179832 12.253685 -8.383925 -0.012380  0.108351  0.293219   3
  1  1  0.938300 -5.465452 -0.011844-15.365129  0.007192  0.112488  0.119080   1
  1  1  0.938300  8.470999 -6.596093-20.035924  0.181912 -0.191499 -0.124072   2
  1  1  0.938300 -1.154707 -6.275667 -1.179592  0.046863 -0.124566  0.390412   5
  1  1  0.938300  9.377339 -1.083848 -5.864347  0.115794  0.033243  0.319014   2
  1  1  0.938300 -1.882812 18.288106  0.567863  0.012061  0.441358  0.599980   6
  1  1  0.938300  0.635851 -7.791502-15.197497 -0.121854 -0.317571 -0.023262   2
  1  1  0.938300-12.050597  7.119679 -7.773653 -0.236481  0.226345  0.229470   7
  1  1  0.938300-20.817342  6.915237 -8.976640 -0.508163  0.163503  0.305534   5
  1  1  0.938300  1.506320  4.936898-19.310114 -0.008334 -0.027351  0.075146   1
  1  1  0.938300  0.013683  8.322584 -3.158214  0.077457  0.175917  0.293645   4
  1  1  0.938300  0.217953  4.577831-11.621453  0.118645  0.127898  0.104054   1
  1  1  0.938300  5.216601  4.627365-19.980392 -0.036178 -0.000139 -0.075353   1
  1  1  0.938300-24.045497 -3.778925 23.120671 -0.525430 -0.087504  1.141903   5
  1  1  0.938300-16.641650 -5.296030  8.573057 -0.317811 -0.095992  0.698347   4
  1  1  0.938300 -1.675265-10.299200-15.146911 -0.000649 -0.120564  0.099016   2
  1  1  0.938300 14.649549  5.303180-22.096247  0.246193  0.085172  0.019453   1
  1  1  0.938300 10.899244 16.413898 -8.876147  0.217563  0.278996  0.206385   5
  1  1  0.938300  5.006544 27.922686  6.902963  0.117103  0.736438  0.773689   6
  1  1  0.938300-25.242727  0.020663 -0.884546 -0.516520  0.069809  0.424981   3
  1  1  0.938300 -0.182865 -8.421264-13.111158 -0.000434 -0.135396  0.029922   1
  1  1  0.938300  0.502855  9.881655-22.706493 -0.048357  0.250969  0.007549   1
  1  1  0.938300  2.867186 17.316816-12.325261  0.149555  0.330449  0.216053   4
  1  1  0.938300-17.963047 15.241352 18.233917 -0.292964  0.290971  0.961328   2
  1  1  0.938300 22.860626  5.333316 -7.591648  0.872860  0.141553  0.253501   2
  1  1  0.938300 -8.528782  6.633604 -4.781835 -0.097501 -0.005517  0.291963   7
  1  1  0.938300 -4.067102  0.168632-10.445977 -0.066738 -0.015300  0.016327   1
  1  1  0.938300 15.816327 -8.819142-11.364550  0.287779 -0.259662  0.193933   2
  1  1  0.938300 -5.004099  6.027240 -0.986793 -0.149696  0.163532  0.506549   7
  1  1  0.938300  9.001855 -7.306844  2.429349  0.237057 -0.004012  0.522424   4
  1  1  0.938300  9.012367  2.759400-11.147621  0.107128  0.195923  0.247910   3
  1  1  0.938300-12.853968-16.385133 -3.675830 -0.300471 -0.559699  0.321494   2
  1  1  0.938300 -3.319690-11.690377-15.061225 -0.147349 -0.186541  0.116195   1
  1  1  0.938300 -8.135816 12.408867  0.652557 -0.123225  0.179686  0.486249   3
  1  1  0.938300 -2.410967 12.574153-13.367103 -0.105907  0.260992  0.102484   1
  1  1  0.938300 -2.719100-15.111789 -8.450872  0.034101 -0.314988  0.201319   3
  1  1  0.938300  0.070378  3.995446-12.615359 -0.010149  0.000228  0.140593   1
  1  1  0.938300  3.206545 -3.812682-12.941353  0.086162 -0.044805  0.177244   3
  1  1  0.938300 -5.041395 -4.219336  7.514476 -0.050078 -0.149441  0.589621   8
  1  1  0.938300  7.613723  1.597638 -9.177614  0.308379  0.000399  0.315757   2
  1  1  0.938300 -1.706161  3.224382 -2.580303 -0.013833  0.043422  0.256842   2
  1  1  0.938300  2.157172  1.839416-10.652067  0.048620  0.079830  0.198165   1
  1  1  0.938300  2.271041  5.850275-11.608082  0.093396  0.102831  0.079287   5
  1  1  0.938300  2.216473 16.814462-11.685053 -0.008529  0.350352  0.177871   7
  1  1  0.938300 -6.565991  4.251249-20.124652 -0.007765 -0.020735  0.022760   1
  1  1  0.938300-18.078550 10.227995  2.301774 -0.363205  0.196897  0.594058   6
  1  1  0.938300 -7.750538  2.642325-19.343370 -0.030374  0.016319  0.063917   1
  1  1  0.938300  0.988733-11.047777-16.673361 -0.002895 -0.152116  0.078667   2
  1  1  0.938300  1.933192-16.794212-16.667470 -0.097343 -0.458838  0.012093   3
  1  1  0.938300 11.255381 25.161931  5.831171  0.165747  0.497500  0.580701   3
  1  1  0.938300 -8.143950 -2.908414-20.618718 -0.227302 -0.245127 -0.085803   3
  1  1  0.938300 -9.122793  2.602428-23.672038 -0.156242  0.125882 -0.049451   1
  1  1  0.938300-14.038151-12.988560 13.389956 -0.165056 -0.262443  0.896400   7
  1  1  0.938300 10.754599  4.009145  5.150541  0.142074  0.122333  0.552032   6
  1  0  0.938300 -6.787654 -5.790671 -4.478544 -0.056015 -0.032756  0.383427   3
  1  1  0.938300 -9.707956-26.327111 19.867532 -0.321482 -0.582545  1.244586   3
  1  1  0.938300 -1.778069  5.139034-18.779755 -0.112934  0.130707 -0.058368   1
  1  0  0.938300  8.751603 11.189826  5.722529  0.177944  0.091243  0.663614   6
  1  1  0.938300 12.113245  5.398063-15.048087  0.237945  0.060358  0.096936   4
  1  1  0.938300  7.403490  5.899498-18.320539  0.188093  0.020875  0.037997   1
  1  0  0.938300  6.254401 -1.882172  5.267837  0.043225 -0.027180  0.461334   3
  1  0  0.938300 -5.452663  0.215614-15.076576 -0.074612  0.169765  0.047691   1
  1  0  0.938300-13.019138 11.395352 -6.260486 -0.119753  0.114540  0.346731   2
  1  0  0.938300 -9.072986  2.246289  2.611020 -0.292479  0.022044  0.491853   2
  1  0  0.938300 -9.095501  5.316469-22.715618 -0.151781  0.001633  0.013526   1
  1  0  0.938300 -3.085449 16.404477  0.224143 -0.236876  0.367740  0.390752   2
  1  0  0.938300 12.260164  4.331762-22.888878  0.123231  0.130316 -0.129602   1
  1  0  0.938300  0.207345 10.741956-21.652839 -0.031425  0.090071  0.121769   1
  1  0  0.938300 14.756939  0.821363 -1.569815  0.190368  0.006748  0.418522   2
  1  0  0.938300 18.981594 12.756227  7.125656  0.406139  0.183028  0.647732   5
  1  1  0.938300 -7.085845  5.265729 18.250915 -0.121783  0.069600  0.840057   3
  1  0  0.938300 -7.728504-10.508147-11.550952 -0.031441 -0.149261  0.207779   1
  1  0  0.938300  2.099071 -3.006990-12.155642  0.049603 -0.106254  0.244423   1
  1  0  0.938300  8.133603  5.628104-14.746902  0.077182  0.124411  0.133275   1
  1  0  0.938300  2.292100-18.471172 12.948459  0.087996 -0.291799  0.724097   3
  1  0  0.938300 -4.823614 20.106508-16.513540 -0.156869  0.403983  0.124600   3
  1  0  0.938300  0.664693  9.965498-15.915919  0.077319  0.098159  0.089182   1
  1  0  0.938300 -2.405933-11.688749 15.383084 -0.033497 -0.205655  0.733517   3
  1  0  0.938300 -6.654812 13.910094 11.691652 -0.283509  0.353610  0.758637   3
  1  0  0.938300  4.896177  8.618353-24.016427  0.153540  0.161344 -0.002187   2
  1  0  0.938300-14.769985 -1.262093  5.246918 -0.421598  0.040926  0.668733   8
  1  0  0.938300 -3.592431 -3.481337-27.847263 -0.148720 -0.042225 -0.128234   1
  1  0  0.938300  4.367993  9.879747 -2.226902  0.026684  0.109831  0.347407   4
  1  0  0.938300  3.025541 -7.909950 -5.627396 -0.004338 -0.276128  0.160031   5
  1  0  0.938300  7.863087 12.069865-18.845911  0.065038  0.293353  0.135681   4
  1  0  0.938300 14.360257-10.288427 -9.931767  0.266413 -0.266379  0.174120   2
  1  0  0.938300  6.834713 -3.733487-19.376514  0.225603 -0.083830  0.099370   1
  1  0  0.938300-25.843341  5.214403  6.739305 -0.490492  0.215859  0.633366   2
  1  0  0.938300-13.531273 -3.299720 -5.124027 -0.253235 -0.055920  0.261263   7
  1  0  0.938300  1.793307  3.532274 24.738722  0.184866  0.022013  1.257759   4
  1  0  0.938300 -1.464046-15.967685  9.132870  0.114106 -0.280478  0.741412   2
  1  0  0.938300  8.009491 -3.814151-12.018803  0.081168  0.032483  0.162239   1
  1  0  0.938300  3.832307  5.290861  8.796829 -0.093804  0.121455  0.725461   4
  1  0  0.938300  6.531828 -0.524200  0.586868  0.261961 -0.074850  0.408905   3
  1  0  0.938300  8.228806 -0.166474-10.622537  0.222053  0.057011  0.107581   1
  1  0  0.938300 -7.064032 16.110690-19.626973 -0.084786  0.358213 -0.040126   2
  1  0  0.938300  5.966904  5.817025-17.156331  0.163911  0.209507  0.070977   1
  1  0  0.938300 -5.241921  1.643783-18.661491 -0.153780  0.070979  0.039237   2
  1  0  0.938300-10.808100 10.098623  1.262229 -0.197952  0.151068  0.551901   4
  1  0  0.938300-14.987264-24.590029 -4.512444 -0.387541 -0.562997  0.374166   4
  1  1  0.938300 19.754180 12.083196-15.042254  0.429141  0.281509  0.144318   2
  1  0  0.938300  2.615673-13.772643-15.411391 -0.032178 -0.154346  0.203235   1
  1  0  0.938300  5.473756  5.828189-16.533742  0.229353  0.195704  0.107598   2
  1  0  0.938300 -0.983063 20.130944 13.054334 -0.033748  0.310669  0.781791   2
  1  0  0.938300 -3.011927 -0.015633  0.257894  0.002910  0.110053  0.495491   4
  1  0  0.938300  0.163781  6.528974-13.601945  0.017503 -0.039838  0.149920   3
  1  0  0.938300  0.640348  5.019883-15.608755  0.025870  0.018812  0.078104   1
  1  0  0.938300 -3.125159  6.789584  0.364111 -0.006005  0.086578  0.435064  13
  1  0  0.938300  0.340766  1.461500-10.063277 -0.008232 -0.048280  0.119488   1
  1  0  0.938300  5.700654  7.524229  4.422739  0.115355  0.107432  0.611864  12
  1  0  0.938300 22.853288 -3.326410 -1.646643  0.329344 -0.024107  0.428062   3
  1  0  0.938300 -0.592444 10.911630-24.143320 -0.082057  0.225744 -0.042462   1
  1  0  0.938300 19.410749-13.320655 -6.397630  0.572939 -0.289331  0.349117   3
  1  0  0.938300 -7.772158  2.677644 -7.703278 -0.064210  0.021198  0.180868   5
  1  0  0.938300 14.725379 -6.732391-21.325103  0.249396 -0.045367  0.009076   2
  1  0  0.938300  8.529799 -5.204494-19.021541  0.227466 -0.066408  0.019663   2
  1  0  0.938300 -0.507493-12.132421-16.874550  0.043858 -0.269389 -0.002485   1
  1  0  0.938300 20.156490  6.721394  2.496625  0.413797  0.189365  0.645325   2
  1  0  0.938300 -0.660392 -9.424246  8.029062  0.108391 -0.192609  0.779403   4
  1  0  0.938300 10.758910 -1.195535 -4.530705  0.199729  0.085804  0.413774   5
  1  0  0.938300 -3.291264 -9.703700 -2.140992  0.073137 -0.161272  0.407726   4
  1  0  0.938300  2.179479-13.864064-24.246310  0.106674 -0.170715 -0.048284   1
  1  0  0.938300 10.769181 15.313623-15.618569  0.166178  0.160478  0.041988   3
  1  0  0.938300 11.643241 -8.081567-17.519008  0.215456 -0.232218  0.017285   3
  1  0  0.938300 -3.282875 -6.651670  6.092420 -0.130973 -0.152775  0.518978   5
  1  0  0.938300-12.102257  2.929332 10.289594 -0.117363  0.159147  0.745418   2
  1  0  0.938300 -2.509481-10.377076-16.946004 -0.087407 -0.210013  0.107159   1
  1  1  0.938300-10.588185-10.624193-11.344205 -0.266379 -0.057193  0.172826   3
  1  1  0.938300  0.107596  2.849435  5.430063  0.076543  0.008620  0.554909   6
  1  0  0.938300-11.788740-26.493139  7.940155 -0.210545 -0.510021  0.689155   3
  1  0  0.938300  1.299808 -5.743054-17.753244 -0.007149 -0.050359  0.116598   1
  1  0  0.938300  0.006900 12.011289-16.085613 -0.023080  0.215896  0.119347   1
  1  0  0.938300 -1.755236 12.311800-21.598984  0.058594  0.142153  0.040809   2
  1  0  0.938300 -5.147980  0.762997 -6.236897 -0.206175  0.023109  0.296255   5
  1  0  0.938300 -5.298828  4.610037-22.358995 -0.070164  0.210591 -0.007504   5
  1  0  0.938300 20.396744-15.362935 -2.514664  0.506353 -0.379142  0.287719   3
  1  0  0.938300  4.292344  9.005316-17.810676  0.154751  0.113145  0.062935   1
  1  0  0.938300 -1.760797  8.829661-10.275900 -0.119932  0.221343  0.137192   2
  1  1  0.938300 -3.588000 18.047697  9.531332 -0.098521  0.254903  0.648548   2
  1  0  0.938300 -7.237125  0.416768  9.686884 -0.174957  0.056232  0.651680   3
  1  0  0.938300 -2.162291-11.413120 16.319139 -0.047178 -0.093371  0.782662   5
  1  0  0.938300-17.096962 20.248313 -4.819565 -0.273075  0.455275  0.415730   2
  1  0  0.938300 14.729908 14.723677 17.823360  0.342145  0.254068  1.013621   6
  1  0  0.938300 11.072796-24.892059 19.843291  0.201261 -0.672405  1.313787   7
  1  0  0.938300 -5.602003 -2.731125  7.483792 -0.071464 -0.022651  0.674136   4
  1  0  0.938300 -2.936042 -7.489270-25.531588 -0.016489 -0.287726 -0.086066   3
  1  0  0.938300 -0.039250 -6.067780-17.512688  0.131924 -0.144609 -0.067647   1
  1  0  0.938300-12.089182 -4.444893-10.969777 -0.257425 -0.016903  0.234713   7
  1  0  0.938300  8.049892-21.909524 -5.570783  0.226394 -0.539973  0.248750   2
  1  0  0.938300  1.994721 14.629280-12.900973  0.026454  0.230967  0.145280   4
  1  0  0.938300 19.454378  5.293475-16.269607  0.436408  0.203066  0.032696   2
  1  0  0.938300-14.327859 -7.051451-22.606414 -0.254611 -0.066147 -0.104956   1
  1  0  0.938300-11.246792  5.102801-10.277422 -0.165251  0.102369  0.084349   7
  1  0  0.938300-12.470015 -0.621648 16.648653 -0.220021 -0.031587  1.069121   4
  1  0  0.938300  3.894320 -1.726852-12.121047  0.085769 -0.084154  0.174705   1
  1  0  0.938300 -6.913581-21.610093 -4.298998 -0.222218 -0.406317  0.444181   3
  1  0  0.938300  9.065027 -0.898835-17.883637  0.180081 -0.034905  0.157500   1
  1  0  0.938300 12.464027 -8.155818 -8.557374  0.233118 -0.163869  0.267960   8
  1  0  0.938300  7.835109 -6.164600-23.375489  0.091124 -0.151624  0.031255   2
  1  0  0.938300-14.374939 -3.257469 -6.661347 -0.211884 -0.114328  0.199251   8
  1  0  0.938300 -6.473461-18.044462  9.454559 -0.189767 -0.328560  0.719264   2
  1  0  0.938300  4.195295 -7.809506 -6.617800  0.028417 -0.127780  0.310176   1
  1  0  0.938300 15.673403 -4.510552-18.478947  0.223805 -0.076268 -0.000679   1
  1  0  0.938300  2.386722-16.543715  5.289937  0.078415 -0.372291  0.597827   3
  1  0  0.938300  4.659230-11.610824 -4.470131  0.037197 -0.166442  0.462655   3
  1  0  0.938300 -4.231431-14.228510 24.591966 -0.105047 -0.244640  1.010768   3
  1  0  0.938300  7.275569  2.142537 -8.751795  0.024368  0.075941  0.359465   1
  1  0  0.938300 -8.268990 -0.908355  7.067025 -0.247741 -0.067904  0.648036   4
  1  0  0.938300 12.680658  6.202347  1.519291  0.267351  0.137795  0.399828   3
  1  0  0.938300 22.111291 -8.336574 -9.876246  0.406785 -0.107182  0.321327   2
  1  0  0.938300 18.369530  0.135446  4.252378  0.495049  0.075297  0.615765   5
  1  0  0.938300 -0.036867-10.969590 -6.434953 -0.045237 -0.132656  0.338418   1
  1  0  0.938300-15.668117  4.243399-14.684127 -0.559393  0.137598  0.055881   8
  1  0  0.938300  9.045627 -3.090567 11.621589  0.162207  0.100587  0.854407   3
  1  0  0.938300 -0.561389 -7.026213-12.465417 -0.047097 -0.178549 -0.025219   2
  1  0  0.938300  7.129177 14.901921-16.501507  0.250504  0.268003  0.086348   3
  1  0  0.938300  6.683525 -9.001113 -8.419115  0.117826 -0.214779  0.209646   1
  1  0  0.938300  5.259830 12.584488-18.853408  0.100195  0.149020  0.021950   1
  1  1  0.938300  2.058724 -4.388783 11.254645  0.041481 -0.170762  0.862229  -2
  1  1  0.938300  8.742520  1.939836  3.536125  0.073092  0.134205  0.604986  -2
  1  1  0.938300 -7.391017  8.988958 17.257042 -0.106644  0.196966  1.019250  -2
  1  1  0.938300 -9.292785 -6.730356 20.481529 -0.086689 -0.075282  0.840625  -1
  1  1  0.938300 -8.983111 -9.345635 22.602004 -0.146718 -0.116704  0.986483  -1
  1  1  0.938300 -2.797579  7.375579 25.974743 -0.128681  0.071019  1.266724  -4
  1  1  0.938300-15.791179-16.836284-18.258535 -0.365308 -0.353712  0.037817  -6
  1  1  0.938300 12.627924 10.812150 -6.854938  0.264904  0.131222  0.097021  -6
  1  1  0.938300 -5.298744 -5.858215 25.662208 -0.068543 -0.075216  1.075499  -1
  1  1  0.938300-18.076922  4.754339  4.088166 -0.281677  0.101784  0.509420  -8
  1  1  0.938300  6.127203 -6.759138 18.293710  0.036141 -0.083218  1.045383  -1
  1  1  0.938300 11.069072  6.503000 -7.341813  0.167387  0.192005  0.331327  -4
  1  1  0.938300 -3.118003 -3.771350 -3.349324 -0.107436 -0.004993  0.380635  -4
  1  1  0.938300 -3.502146 13.793426 16.663521 -0.086081  0.195391  1.062128  -1
  1  1  0.938300 12.733626 -0.281365 15.473480  0.255926 -0.161479  0.905084  -3
  1  1  0.938300 -7.474185  5.963991 17.696867 -0.317601  0.206705  0.963371  -2
  1  1  0.938300-14.852617 -3.900440 23.366937 -0.190299 -0.035545  1.267184  -4
  1  1  0.938300 15.706731  5.461601-25.335596  0.287487  0.120809 -0.014225  -2
  1  1  0.938300  7.101758  7.517729 15.391131  0.122539  0.146078  0.784334  -1
  1  1  0.938300 -0.073047  8.991309 17.057091 -0.090141  0.109341  1.005422  -1
  1  1  0.938300  9.961860-10.966010 -2.466625  0.173765 -0.024016  0.395601  -3
  1  0  0.938300 26.551017 -5.199720-12.338318  0.572900 -0.121609  0.227022  -4
  1  1  0.938300 10.485128 14.841023 -3.883846  0.334618  0.491375  0.328990  -4
  1  1  0.938300 14.333719 -1.221077 18.425192  0.138920 -0.108571  0.862991  -1
  1  1  0.938300 -8.516074 14.217538 -7.149787 -0.158736  0.342859  0.217446  -4
  1  1  0.938300 -6.449141  9.601940 -7.993207 -0.079610  0.241216  0.379219  -2
  1  1  0.938300 25.575983 23.211087  7.075389  0.582687  0.537079  0.883177  -2
  1  1  0.938300-12.067000 13.499517  1.368971 -0.096546  0.227911  0.556068  -2
  1  1  0.938300 -1.625663-10.828580 11.855638 -0.021013 -0.185646  0.802083  -1
  1  1  0.938300  1.352965-16.331420-11.892903 -0.138447 -0.376342  0.126465  -5
  1  1  0.938300 -1.512464  7.661222 20.671575 -0.109313  0.153435  0.964046  -2
  1  1  0.938300-21.902689-13.497972  7.597834 -0.508663 -0.390587  0.804825  -5
  1  1  0.938300  3.521991  8.581836 15.493754  0.069888  0.028358  0.923512  -1
  1  1  0.938300  5.595271  1.096535 16.782499  0.136991  0.039318  0.975698  -1
  1  1  0.938300 -7.162958 -5.802393 -8.636151 -0.233772 -0.051371  0.312788  -3
  1  1  0.938300-14.744224 -0.231391 12.246775 -0.232252  0.054525  0.765907  -6
  1  1  0.938300 -4.427885 -4.866052 24.881528 -0.047819 -0.048793  0.932043  -1
  1  1  0.938300 -3.611367 -4.187445 13.848168 -0.070450 -0.026307  0.831615  -1
  1  1  0.938300 -8.705232  5.830611 20.213563 -0.192684  0.137399  0.862890  -1
  1  1  0.938300  3.506119 -5.536251 -1.533739  0.197847 -0.140158  0.506057  -2
  1  1  0.938300 23.729116  5.119082 -2.905106  0.383570  0.152837  0.378390  -2
  1  1  0.938300  7.592990 10.373036  9.306723  0.052581  0.274544  0.731997  -3
  1  1  0.938300  3.438289 -4.101073 16.490656 -0.009956  0.007274  0.961223  -1
  1  1  0.938300  8.796016 -9.570923 11.646274  0.048611 -0.225996  0.758201  -1
  1  1  0.938300-16.540839 -3.691979 -2.116375 -0.413994 -0.114591  0.453647  -4
  1  1  0.938300 -8.576974  3.007934  7.587361 -0.094409  0.081834  0.554484  -1
  1  1  0.938300-26.371990  6.851699  3.365860 -0.529782  0.168069  0.642860  -2
  1  1  0.938300 -0.262302-13.341292 -3.830210  0.100455 -0.241555  0.289252  -2
  1  1  0.938300-11.043739  3.331851 14.650669 -0.185933  0.035283  0.882120  -1
  1  1  0.938300 -0.686879-17.760093 -8.727878 -0.086399 -0.305863  0.186258  -2
  1  1  0.938300-11.884735  9.595862-25.930989 -0.283346  0.181921 -0.064558  -5
  1  1  0.938300-12.806503 -4.086671-19.150246 -0.255119 -0.152439  0.001156  -4
  1  1  0.938300  0.219653 -8.334498 24.009671 -0.003767  0.002958  1.147693  -1
  1  1  0.938300-12.521076  5.148871 16.552873 -0.200447  0.055765  0.702856  -1
  1  1  0.938300  1.650829 11.042989 -7.105300  0.072228  0.259143  0.243757  -8
  1  1  0.938300 15.716903  7.529629-12.562816  0.230530  0.169632  0.228250  -5
  1  1  0.938300  4.188903-11.131454  1.807799  0.118466 -0.171864  0.416179  -7
  1  1  0.938300 14.246010 -2.147138 19.764940  0.162476 -0.024333  0.973798  -1
  1  1  0.938300 -1.863983 -2.847007 24.403743 -0.086079 -0.102210  1.121408  -1
  1  1  0.938300  7.058463 15.009822  2.447053  0.130299  0.204802  0.544498  -3
  1  1  0.938300 10.711976 -1.623914 15.550735  0.097708 -0.090975  0.701639  -1
  1  1  0.938300  1.382098-10.059859 15.788562  0.097978 -0.075794  0.846821  -2
  1  1  0.938300  5.704544  2.629062  8.771191  0.098539 -0.063247  0.645592  -1
  1  1  0.938300 -7.998051 -5.720151 18.435591 -0.216583 -0.082716  0.948237  -1
  1  1  0.938300 -8.918340 -3.204226  2.328537 -0.056080 -0.108191  0.436827  -5
  1  1  0.938300-27.023532-19.324771  4.846896 -0.579009 -0.531296  0.722182  -7
  1  1  0.938300 -6.141939 -7.506818  0.438565 -0.099935 -0.169487  0.469950  -4
  1  1  0.938300  8.480129 -8.018071 12.440062  0.103979 -0.023167  0.705377  -1
  1  1  0.938300 -8.336090  4.456244 19.519558 -0.132198  0.144583  1.053498  -1
  1  1  0.938300 -1.438204  9.478439  1.321069  0.078270  0.176219  0.492110  -6
  1  1  0.938300 14.664586 -6.578722  7.902971  0.301234 -0.188859  0.764554  -4
  1  1  0.938300  4.084120-15.998601 -6.498169  0.139774 -0.344330  0.331225  -3
  1  1  0.938300 -9.401424  8.928580 -7.008553 -0.092319  0.298999  0.233617  -3
  1  1  0.938300 -8.357703  1.822804 12.524336 -0.118871  0.050111  0.799178  -1
  1  1  0.938300-13.968060 -1.026233 13.834971 -0.268543  0.018693  0.848376  -1
  1  1  0.938300 -0.162950  1.859138 -1.123132 -0.112204  0.052683  0.520450  -7
  1  1  0.938300 -5.429483-19.415555-17.695144 -0.132141 -0.370947 -0.117060  -4
  1  1  0.938300 -4.011711  1.714989 -7.948907 -0.114085 -0.028368  0.277953  -3
  1  1  0.938300 -4.575590  1.058620  9.155302 -0.149024  0.007186  0.791464  -1
  1  0  0.938300-10.303044 -8.405047 -5.346649 -0.114844 -0.183785  0.254427  -5
  1  0  0.938300-19.783314 -7.063150  7.393296 -0.236264 -0.191004  0.722631  -2
  1  0  0.938300  6.782159  0.143579 14.420037  0.061439 -0.031912  0.688889  -1
  1  0  0.938300  0.467663 -6.628760-20.272538  0.086753  0.021349 -0.069549  -4
  1  0  0.938300  4.349427-11.816536 20.020739  0.036070 -0.202742  0.930108  -1
  1  0  0.938300  3.275716  1.801815 11.607591  0.072716 -0.009701  0.635359  -1
  1  0  0.938300 -1.456999 -7.864197 22.587905 -0.006844 -0.040161  0.978317  -1
  1  0  0.938300-14.175190  8.611109  8.614120 -0.226127  0.099045  0.777635  -2
  1  0  0.938300 -9.451082 -0.167735  7.978586 -0.188399  0.063252  0.680368  -3
  1  0  0.938300  1.368606 11.985017 22.351895  0.097925  0.250788  1.117183  -1
  1  0  0.938300  4.859145  7.894038 -3.948907 -0.047422  0.082760  0.281310  -5
  1  0  0.938300  7.667856  6.926112 -3.185851  0.124186 -0.012757  0.391977  -3
  1  0  0.938300 -0.875011 -6.862041  6.711427  0.016215 -0.074245  0.489527  -1
  1  0  0.938300 -2.307293  2.654123 21.854332 -0.037871  0.102386  0.869543  -4
  1  0  0.938300-10.487245 -2.902413 20.570048 -0.042350 -0.037878  1.056674  -1
  1  0  0.938300  7.269540 19.642143 11.935444  0.117278  0.325766  0.741062  -3
  1  0  0.938300-14.865165  8.668761 19.200052 -0.220527  0.201197  0.845785  -2
  1  0  0.938300 11.503671 -0.197066 16.083470  0.005617 -0.056116  0.976951  -1
  1  0  0.938300  1.999184 -9.989092 15.499914  0.104538 -0.156765  0.965809  -1
  1  0  0.938300 -3.255837 -5.027266  8.699241  0.021303  0.024868  0.885120  -1
  1  0  0.938300-10.600897 16.765633  4.076060 -0.308266  0.684433  0.741375  -5
  1  0  0.938300  3.225741  4.683686 13.673846 -0.033153  0.019114  0.764620  -1
  1  0  0.938300 -1.510536 14.234375 21.920119 -0.061224  0.247376  0.929477  -1
  1  0  0.938300 -7.332576-17.767256 -5.986292 -0.258008 -0.322039  0.375864  -2
  1  0  0.938300  7.617790  1.504617 18.273543  0.209949 -0.055430  0.883909  -1
  1  0  0.938300  3.036198  6.983871 -0.341181  0.083001  0.066138  0.386126  -2
  1  0  0.938300 -2.147261 25.163108  2.427360 -0.088319  0.483320  0.583433  -5
  1  0  0.938300 -1.232416 20.906217  2.813724 -0.040731  0.400706  0.553045  -3
  1  0  0.938300 10.436058-15.124653  8.705135  0.299790 -0.210730  0.676497  -4
  1  0  0.938300 -4.289619  7.682542 15.120485  0.036749  0.022153  0.798164  -1
  1  0  0.938300 -5.120288 15.920155  6.158696  0.000652  0.334221  0.633335  -6
  1  0  0.938300  8.687067 17.120681 -0.662635  0.218342  0.420861  0.472400  -4
  1  0  0.938300-11.410784 10.576939 -1.869269 -0.102161  0.279632  0.445070  -2
  1  0  0.938300-15.662733-20.474144 -0.372489 -0.285361 -0.385222  0.488956  -5
  1  0  0.938300 11.639118 -7.613558 15.376916  0.157806  0.014061  0.824245  -2
  1  0  0.938300 11.201201-13.402715 11.766581  0.167874 -0.265008  0.863827  -5
  1  0  0.938300 -5.567308 -5.096032  8.609828 -0.009963  0.033183  0.623871  -1
  1  0  0.938300 15.605600 -6.179482 14.367546  0.234050 -0.055886  0.777688  -6
  1  0  0.938300-11.068074-22.573943  6.469221 -0.264311 -0.473084  0.700735  -2
  1  0  0.938300-17.572231 11.273682 21.410169 -0.409857  0.134923  1.117433  -2
  1  0  0.938300 -8.298361  5.250650 18.014263 -0.176281  0.157963  1.233676  -2
  1  0  0.938300-20.238278  0.818670  6.575694 -0.329445 -0.035326  0.704801  -5
  1  0  0.938300 -9.861985  3.703764  0.535005 -0.256271  0.070574  0.505549  -4
  1  0  0.938300 26.371969-10.729900 -7.684990  0.471660 -0.276637  0.282812  -2
  1  0  0.938300 21.102811-19.915043 -2.961002  0.370344 -0.366659  0.376831  -2
  1  0  0.938300  5.998684 -0.174958 12.766238  0.280346 -0.002296  0.766330  -4
  1  0  0.938300 24.240978  2.506904  0.666225  0.411080  0.172769  0.467228  -2
  1  0  0.938300  3.656675 17.565340  4.461402 -0.037676  0.313296  0.683013  -2
  1  0  0.938300  9.484285  8.015799 17.549321  0.147369  0.025703  0.906264  -1
  1  0  0.938300  0.996383 -7.440314 12.077575 -0.071119 -0.063093  0.679631  -1
  1  0  0.938300-10.265932  5.619701 18.581060 -0.188100 -0.021818  0.944356  -1
  1  0  0.938300  1.717682 16.009934 -7.037584  0.136448  0.396934  0.182638  -9
  1  0  0.938300 -5.837591  0.119746 -0.659994 -0.082171  0.116957  0.459840  -4
  1  0  0.938300  3.969445  9.015556 11.047735  0.011911 -0.013789  0.814128  -2
  1  0  0.938300 -2.263354 11.682868 20.061576 -0.054812  0.139988  1.090388  -1
  1  0  0.938300 12.753686 -4.900409 16.796547  0.198691  0.070783  0.831572  -3
  1  0  0.938300-11.567060-16.700784 12.393540 -0.084323 -0.364057  0.784259  -2
  1  0  0.938300 -1.430126 20.829897  2.762171  0.073518  0.366963  0.421754  -3
  1  0  0.938300 -1.460856 -9.637817 -3.231379  0.102871 -0.180923  0.355806  -5
  1  0  0.938300 -3.096460  0.058309 13.754992 -0.011180 -0.065817  1.008158  -1
  1  0  0.938300-21.844426  4.136167 -4.655463 -0.443999  0.062841  0.303927  -4
  1  0  0.938300  7.499234-31.613665  5.434869  0.163327 -0.682346  0.783705  -3
  1  0  0.938300 -2.796877-15.151511-13.648506  0.090339 -0.284826  0.209600  -2
  1  0  0.938300 -4.686792 -6.227144 17.477186 -0.089327  0.023872  1.098218  -1
  1  0  0.938300  2.896281  7.850891  9.342657  0.061609  0.146700  0.687320  -1
  1  0  0.938300  2.602698 -5.792112 19.954865 -0.081147 -0.048207  1.024986  -1
  1  0  0.938300-13.513761-12.133888-12.191321 -0.165698 -0.234355  0.305373  -2
  1  0  0.938300 -7.677670 -7.598532 -5.328604 -0.140323 -0.029358  0.385999  -2
  1  1  0.938300  9.236514  2.598096 13.610969  0.085565 -0.079994  0.817660  -3
  1  0  0.938300  5.927298 -9.811746 16.335732  0.082052 -0.072654  0.794811  -1
  1  0  0.938300-13.103563 -5.022566 18.102184 -0.101591 -0.013325  0.801359  -1
  1  0  0.938300 -7.643572  6.263535 -6.004423 -0.087019  0.078951  0.382794  -2
  1  0  0.938300-14.250971-15.069974 -2.939204 -0.195626 -0.383891  0.379975  -6
  1  0  0.938300 17.770843-10.956611  4.457765  0.309396 -0.269067  0.507825  -2
  1  0  0.938300 -4.645038 10.229794 16.250965 -0.075429  0.126745  0.960751  -1
  1  0  0.938300 -0.896918  5.569993  6.919153 -0.104923  0.043545  0.568444  -1
  1  0  0.938300  6.214822 -2.268779 16.880538 -0.073499 -0.139455  0.895914  -1
  1  0  0.938300 14.424196  1.919144 -7.406226  0.235019 -0.118120  0.240313  -4
  1  0  0.938300  7.899788  9.590299 12.153982  0.103754  0.114069  0.752795  -4
  1  0  0.938300  2.024451  0.869069 15.025561  0.122795 -0.073278  0.831717  -1
  1  0  0.938300-17.996746  3.314313  3.050986 -0.493527  0.001225  0.483058  -3
  1  0  0.938300-17.474296 16.049510 -9.361205 -0.324080  0.281988  0.373924  -2
  1  0  0.938300  5.291165 10.789858 -4.154276  0.064816  0.092331  0.331045  -4
  1  0  0.938300  3.948718 11.701701 12.294477  0.126406  0.155465  0.753053  -1
  1  0  0.938300-10.824809  3.579157 18.855459 -0.243532  0.164322  0.924084  -1
  1  0  0.938300  4.027134-12.424231-16.967083  0.046252 -0.307303  0.084193  -3
  1  0  0.938300 -6.599251  2.852163 18.295791 -0.043977  0.199642  1.000151  -1
  1  0  0.938300  4.938089 18.138586  6.646381  0.006163  0.407967  0.575695  -4
  1  0  0.938300  6.517632  8.191002 15.942215  0.035999  0.146362  0.891429  -1
  1  0  0.938300 -4.801262  9.221316 21.103754 -0.053357  0.160075  0.850140  -1
  1  0  0.938300  2.300123 -7.156803 -0.490407  0.046388 -0.268012  0.396392  -3
  1  0  0.938300-10.203471-12.679198 -6.176981 -0.163500 -0.127826  0.387862  -3
  1  0  0.938300  2.472185 -7.899448  0.641954  0.052617 -0.076065  0.570577  -4
  1  0  0.938300 -7.037498 -8.078244 12.618513 -0.157399 -0.143027  0.792118  -5
  1  0  0.938300  4.162679  3.522570 15.220562  0.105647 -0.017904  0.948182  -1
  1  0  0.938300 25.622171 -4.421161  1.244867  0.616448 -0.042931  0.595568  -8
  1  0  0.938300  8.534116 11.853280 10.327639  0.249413  0.407210  0.797974  -5
  1  0  0.938300  9.498220 -9.992902 -4.419690  0.231953 -0.230735  0.348113  -4
  1  0  0.938300  8.130182-22.510095 -7.539593  0.174827 -0.437824  0.365201  -3
  1  0  0.938300  7.641356 -2.234516  9.762492  0.071705  0.073835  0.578018  -1
  1  0  0.938300  6.480213  8.882699 -5.263408  0.119650  0.232898  0.357835  -5
  1  0  0.938300-16.284927-18.043641  6.476131 -0.338321 -0.379583  0.784016  -2
  1  0  0.938300 14.517390  1.126081 12.463327  0.177092  0.044970  0.824080  -2
  1  0  0.938300  9.146279 13.748023 -9.311855  0.316893  0.335285  0.168672  -3
  1  0  0.938300 -7.562244  1.024734 17.631216  0.051195 -0.009462  0.994919  -1
  1  0  0.938300 -4.022375 -2.564678-16.222905 -0.095118 -0.188128  0.067546  -4
  1  0  0.938300 -2.314712 -0.947536-16.910111 -0.060539 -0.124859  0.083757  -6
  1  0  0.938300  8.083235  4.907750  9.018950  0.317343  0.022810  0.717250  -7
  1  0  0.938300  2.011878-18.276564 -5.231491  0.107185 -0.310827  0.234637  -2
  1  0  0.938300  7.959841  1.584068 19.576986  0.138054  0.028978  1.104459  -1
  1  0  0.938300 -7.500755-12.395620 11.111286 -0.313606 -0.214627  0.681701  -2
  1  0  0.938300 -1.458644 -6.293076 21.879352  0.004019 -0.002227  0.944036  -1
  1  1  0.938300-12.962418  5.282337  0.803680 -0.193472  0.152763  0.383307  -7
  1  0  0.938300 14.349516 -6.337835 20.882436  0.196491 -0.199979  1.029325  -2
  1  0  0.938300 10.896391  3.061219 15.265368  0.088881 -0.010265  0.795824  -1
  1  0  0.938300  1.925813  1.724154 16.673946 -0.011975  0.103621  1.045315  -1
  1  0  0.938300  2.899423 -1.789509-11.470161  0.037993 -0.136173  0.155906  -4
  1  0  0.938300  7.378773 11.069044  3.517335  0.084312  0.386588  0.661067  -6