  1  1  0.938300  2.552706 -1.136264-19.931238 -0.083922  0.022880 -0.009038   1
  1  1  0.938300 15.749906  3.496525-11.156267  0.344582  0.221727  0.193494   2
  1  1  0.938300  8.681663 -2.848460  1.045896  0.195838 -0.069036  0.498052   4
  1  1  0.938300-18.240451 -7.766974 -3.198432 -0.356102 -0.108116  0.280131   2
  1  1  0.938300 20.688225  4.911213 11.115486  0.338153  0.111016  0.724798   5
  1  1  0.938300 -9.117631  1.895152-18.736513 -0.183153  0.046182 -0.107394   1
  1  1  0.938300 -0.983737 30.279559 -7.127074  0.014147  0.891996  0.236625   3
  1  1  0.938300-11.898761  4.184323-12.452072 -0.214336  0.117288  0.103390   4
  1  1  0.938300  5.802476 -0.377912-19.456417  0.006595 -0.025860  0.031884   1
  1  1  0.938300 -6.929525 -9.241338-19.690336 -0.007634 -0.082210  0.030406   1
  1  1  0.938300  7.539327 -9.734277-16.406870  0.043132 -0.111500 -0.029886   1
  1  1  0.938300-17.883380 -5.440339-19.958019 -0.375260 -0.039733 -0.105639   3
  1  1  0.938300 -0.557321 -3.892783 -3.179754  0.116934 -0.167239  0.402732   3
  1  1  0.938300-19.710391-22.637881  2.586922 -0.527647 -0.586743  0.636680   4
  1  1  0.938300-14.405620  6.145354-14.466018 -0.183632  0.111262  0.198810   1
  1  1  0.938300  5.963691  6.230339-16.308358  0.060191  0.041848  0.151096   1
  1  1  0.938300 -1.383447-14.535066  6.908097 -0.042530 -0.436241  0.791191   7
  1  1  0.938300-20.705795 -3.727432 17.773891 -0.377118  0.046962  0.928087   2
  1  1  0.938300  2.353428  0.347526 -4.314773  0.068483  0.067122  0.338765   6
  1  1  0.938300 18.838217 11.233411-11.389624  0.367066  0.243389  0.145279   7
  1  1  0.938300 -0.471516  8.377831-23.670481 -0.041261  0.158586 -0.007080   1
  1  1  0.938300  5.871018 25.452049 -1.398455  0.127292  0.584301  0.614249   2
  1  1  0.938300 12.359834 19.922844 17.849520  0.400549  0.461474  1.190050   5
  1  1  0.938300 -8.258187 24.763723-10.776110 -0.261193  0.523174  0.220652   4
  1  1  0.938300  2.426925 16.760217  1.071947  0.174218  0.364909  0.510125   3
  1  1  0.938300 -7.622480 11.165754-14.522905 -0.117819  0.212294  0.185662   1
  1  1  0.938300  4.324233 17.255392 10.168032  0.132470  0.331030  0.673544   5
  1  1  0.938300  1.549243  0.301423 -5.522187  0.044293 -0.111667  0.261348   6
  1  1  0.938300 -1.155492  3.920841 14.846506  0.061638  0.127409  0.809948   3
  1  1  0.938300 -2.589330 26.972991  0.351124 -0.114753  0.586004  0.501981   4
  1  1  0.938300-12.891993 -3.186536-17.931886 -0.239336  0.014762 -0.010683   1
  1  1  0.938300 -9.911276 -5.669841  7.086268 -0.193918 -0.142335  0.566503   2
  1  1  0.938300 -6.422087  9.244118-20.590418 -0.133628  0.123911 -0.093656   2
  1  1  0.938300-16.224454 -2.542204  6.782229 -0.253495 -0.091675  0.662573   4
  1  1  0.938300  0.338982 -5.200852-16.501669  0.078086 -0.090066  0.044016   2
  1  1  0.938300 -4.206180 10.678271-13.709002 -0.011348  0.178352  0.058121   1
  1  1  0.938300 13.222809 -8.074560  4.330689  0.098793 -0.092422  0.481675   4
  1  1  0.938300 -3.203462 -7.582705-17.348724 -0.080659 -0.306850  0.152642   2
  1  1  0.938300-11.280695 17.625924-10.796242 -0.230940  0.347670  0.287897   6
  1  1  0.938300  7.324307-11.266212 -7.873551  0.112135 -0.202936  0.280828   4
  1  1  0.938300 -7.748120 -8.644527-17.559873 -0.078013 -0.138833 -0.004716   1
  1  1  0.938300 -3.409281-15.629697 15.256686 -0.102343 -0.374845  1.009765   7
  1  1  0.938300-10.053747  1.519106-15.673721 -0.181629  0.017640 -0.031953   1
  1  1  0.938300 -3.532349  1.273539 -8.699895 -0.040015  0.052093  0.197424   3
  1  1  0.938300  3.384059 -7.068310  8.490649  0.064828 -0.064328  0.678931   4
  1  1  0.938300-10.131474 -3.545696-21.765776 -0.110664 -0.013178 -0.014495   1
  1  0  0.938300  5.970519 -3.168584-22.293465  0.171314 -0.038378 -0.129733   4
  1  1  0.938300-11.349193  0.670717-20.220296 -0.200618  0.011242 -0.003663   4
  1  1  0.938300  9.761254 15.261790  7.666517  0.182574  0.297250  0.638296   2
  1  0  0.938300  5.136252 -5.232558 20.672309  0.084527  0.013038  0.924864   4
  1  1  0.938300 -4.418608 -2.322634-20.170072 -0.006103  0.007121  0.015596   1
  1  1  0.938300-11.468065  6.422025 -0.846951 -0.148978  0.077113  0.409988   9
  1  1  0.938300-17.617359-22.618924  2.084719 -0.557384 -0.592175  0.594301   5
  1  1  0.938300 -0.441155 -4.941556  1.395860  0.026049 -0.193970  0.469019   5
  1  1  0.938300-13.800103 -1.319892-12.305802 -0.259173 -0.122240  0.203016   2
  1  1  0.938300  0.196470 -1.802925-15.183719  0.110015 -0.084375 -0.012579   1
  1  1  0.938300-10.304610 -3.862285  9.306778 -0.197732 -0.056768  0.680988   4
  1  1  0.938300 11.432345  9.388575 -4.595482  0.181928  0.302055  0.286375   4
  1  1  0.938300  8.556209 17.958563 17.181351  0.177721  0.326550  0.869610   3
  1  1  0.938300 -6.498772  6.016700  2.969276 -0.155408  0.172478  0.593667   3
  1  1  0.938300  9.538754 -9.295060-16.991370  0.200670 -0.205026 -0.020789   1
  1  1  0.938300  2.995947  5.669800-12.431106  0.082322 -0.010740  0.234303   2
  1  1  0.938300  2.595649 -6.133868  1.761652  0.042673 -0.106955  0.429691   4
  1  0  0.938300  4.712285  0.799876  5.411066  0.006117  0.058267  0.526396   4
  1  1  0.938300 -8.230505-20.568696 -7.388402 -0.092231 -0.424442  0.264526   5
  1  1  0.938300  3.531607 -4.698929-13.145037 -0.067552 -0.081942  0.162027   1
  1  1  0.938300  6.385375-15.608708  1.237830  0.029236 -0.243157  0.422941   4
  1  0  0.938300-15.694650 -1.111552 20.754427 -0.517256 -0.054648  1.149881   6
  1  1  0.938300-13.556033  3.262741-13.686241 -0.253545  0.169845  0.155200   7
  1  1  0.938300  0.618761 21.325017-12.418722  0.019432  0.398999  0.237430   2
  1  1  0.938300-12.383072 -0.930869-12.055965 -0.197842  0.113548  0.205526   1
  1  1  0.938300-26.573450 -4.322145 -3.486695 -0.543798 -0.122299  0.443505   2
  1  1  0.938300 -6.986918  0.843113-14.255924 -0.018520  0.163778  0.093986   2
  1  1  0.938300 10.572108-12.040264-10.040351  0.136299 -0.158115  0.219989   2
  1  1  0.938300 -5.673068  8.346707-13.710222 -0.040086  0.056025  0.065522   4
  1  1  0.938300-13.497970  4.585991-21.362808 -0.218677  0.065813  0.041264   1
  1  1  0.938300 -0.032780-22.271531  7.444937 -0.060274 -0.593472  0.760250   8
  1  1  0.938300  6.531784  3.831682-15.620824  0.084278  0.106443  0.214293   1
  1  1  0.938300 -0.106035 -0.136751 -0.098340 -0.007912 -0.046751  0.315423   5
  1  0  0.938300-17.358800 -7.234176 10.360643 -0.212596 -0.211280  0.702334   3
  1  0  0.938300  3.438290 -7.049453-23.780105 -0.020484  0.021426 -0.017246   1
  1  0  0.938300 17.021006-12.041416 -4.986945  0.271179 -0.171849  0.410551   5
  1  0  0.938300 -4.258545-16.365472-17.954616 -0.016064 -0.372861  0.035805   3
  1  1  0.938300  6.493816 -0.527740  3.401265  0.111929 -0.021568  0.461025   8
  1  1  0.938300  2.719480-10.298186 -7.934882  0.019338 -0.173386  0.261728   5
  1  0  0.938300 -9.716674 -5.547831-23.910538 -0.104693 -0.115092 -0.066329   1
  1  0  0.938300  6.403092  3.990699-13.648615  0.254024  0.009037  0.010725   3
  1  0  0.938300 -0.402180  0.248008 -9.089650 -0.110511  0.014996  0.183152   2
  1  0  0.938300 -9.904381 -6.863592 13.726942 -0.184702 -0.236358  0.911931   7
  1  0  0.938300  8.687986 -0.413070  4.839099  0.082641  0.012393  0.616660   5
  1  0  0.938300 -0.484310 -5.587528-22.366958 -0.111808 -0.095110 -0.075039   1
  1  0  0.938300 -4.717659-10.983359-18.588333 -0.000928 -0.117567  0.104033   2
  1  0  0.938300 12.837125 -3.217148-14.993221  0.213580  0.033755  0.029118   2
  1  0  0.938300 23.317561 -0.406961 -4.454598  0.523628  0.043113  0.258899   4
  1  0  0.938300  4.385099 -5.536815-17.866842  0.006357 -0.011222  0.101579   2
  1  0  0.938300 -2.427508  4.650752 -1.881938  0.001601 -0.021119  0.481252   1
  1  0  0.938300  0.784881 -8.289007  3.371666  0.078407 -0.246822  0.539473   7
  1  0  0.938300 -3.377896-12.610698  3.261721 -0.039723 -0.277285  0.619738   3
  1  0  0.938300-29.828796 16.670132 -1.678825 -0.760157  0.468776  0.483415   3
  1  1  0.938300 -3.773279  3.117723 -2.120102 -0.021930  0.101112  0.276106   3
  1  0  0.938300  0.033408  0.921501-17.373873  0.033682  0.023204  0.080050   1
  1  0  0.938300  7.290805 -0.354100 -2.941678  0.089468  0.069392  0.302798   4
  1  0  0.938300-21.045571  2.504734-11.407296 -0.353064  0.114961  0.264862   3
  1  1  0.938300 17.417253 11.204748 -5.848166  0.261739  0.182502  0.332533   2
  1  1  0.938300  0.165251-18.315181  2.485184  0.028182 -0.283338  0.548069   3
  1  0  0.938300 17.370591 -4.579913-10.096529  0.313273 -0.039388  0.218259   2
  1  0  0.938300 -2.863506-11.593462-10.350868  0.054901 -0.152553  0.134650   4
  1  0  0.938300 16.511757  0.510869 -5.699466  0.234905 -0.057203  0.333780   2
  1  0  0.938300  1.511266  1.852492  9.342272  0.035674 -0.034893  0.737864   2
  1  0  0.938300 11.364965 -2.405856-23.871846  0.163318  0.006349 -0.021064   1
  1  0  0.938300 -5.597981  7.373503-18.541574 -0.071994  0.092755  0.139179   1
  1  0  0.938300 -7.705322 12.994483 -6.337112 -0.226991  0.367014  0.246621   3
  1  0  0.938300 -0.526254  7.056978-10.382923 -0.145007  0.055219  0.262304   3
  1  0  0.938300 -9.352138  7.270842 20.344899 -0.145597  0.014766  1.079206   7
  1  0  0.938300-30.250746 -1.177218 10.369909 -0.675814  0.012766  0.791587   4
  1  0  0.938300  1.317258  0.768707 -8.868156  0.135412 -0.080519  0.330211   1
  1  0  0.938300  5.781479-14.338390 -4.090253  0.140094 -0.300816  0.195647   4
  1  0  0.938300  5.102661 -0.643967-20.224797 -0.061004 -0.046004  0.001082   1
  1  0  0.938300-11.678177 -2.128444 10.502827 -0.271203 -0.031966  0.810888   6
  1  0  0.938300  2.597144 -6.552829-23.599677  0.035395 -0.183830 -0.005799   1
  1  0  0.938300 13.751446  2.096887  4.347219  0.212618  0.001685  0.484216   2
  1  0  0.938300 22.632590 12.645463  2.872733  0.579714  0.373811  0.706861   8
  1  0  0.938300 -8.576125  2.113749 -5.073351 -0.199874 -0.061013  0.281247   7
  1  0  0.938300  5.168744 -6.936259-15.646835  0.150039 -0.087836  0.060154   3
  1  0  0.938300 -5.788320-13.384930 -5.345869  0.039872 -0.252940  0.334637   2
  1  0  0.938300  9.066729  5.287682-17.435726  0.211777  0.116737  0.117598   1
  1  0  0.938300 27.582616 -6.068397 -8.512159  0.556457 -0.119638  0.205882   2
  1  0  0.938300  1.875204 -0.257978 -1.438433 -0.063394  0.123862  0.368782   3
  1  0  0.938300 -8.415482 12.037458 11.235618 -0.228797  0.183903  0.651673   4
  1  0  0.938300 -1.042337 -7.310882-15.241262  0.124206 -0.036398  0.171984   1
  1  0  0.938300 -8.132936 -8.879945-11.866069 -0.089029 -0.030211  0.168707   1
  1  0  0.938300 -9.902015 -0.430792-16.649763 -0.168101  0.101211  0.142402   3
  1  0  0.938300  1.651824 -0.055570-11.178328  0.059046  0.056142  0.167417   1
  1  0  0.938300-13.705355-19.678915 -3.955488 -0.373672 -0.361064  0.376856   5
  1  0  0.938300 -1.056124 -8.666399  5.857547  0.038383 -0.204911  0.587213   7
  1  0  0.938300 -5.302703  5.198689-20.966246 -0.089687 -0.011988 -0.053656   1
  1  0  0.938300 -5.811268  8.584923  1.049519 -0.017105  0.211385  0.562226   5
  1  0  0.938300 -4.474073 -5.533695-16.261068 -0.127602 -0.097785  0.127677   1
  1  0  0.938300 -6.788723 17.351706-18.632448 -0.088267  0.349908 -0.063447   2
  1  0  0.938300 -7.626674 -3.034032 -0.418083 -0.195290 -0.116827  0.402532   6
  1  1  0.938300 21.135919  3.807202  4.135472  0.379848  0.055671  0.482184   1
  1  0  0.938300 10.492961 14.102073 -2.087920  0.103714  0.213940  0.472854   6
  1  0  0.938300  6.562595  2.760758-16.501966 -0.089541  0.108559  0.051017   1
  1  0  0.938300 -3.284017  1.387877  4.345404 -0.142679  0.085803  0.446801   3
  1  0  0.938300 10.006170 11.812162-10.151569  0.102658  0.295660  0.237832   2
  1  0  0.938300 -6.194447  0.144171 -5.323622 -0.173756 -0.052654  0.336727   2
  1  0  0.938300 -5.077133  3.711910-12.614597 -0.144259  0.079518  0.048194   1
  1  0  0.938300-13.695142 16.082929 -5.592259 -0.239513  0.328075  0.309864  10
  1  0  0.938300 19.411209 -6.772466-23.696502  0.423437 -0.125251 -0.169157   3
  1  0  0.938300  3.718742 -7.582654-12.130349  0.062664 -0.164930  0.015446   4
  1  0  0.938300  2.265609 -2.872608-10.130823  0.069965  0.031439  0.277287   1
  1  0  0.938300 -5.262819 12.525857 -2.464273 -0.171828  0.241240  0.450138   8
  1  0  0.938300 -0.116789 -0.782728 -6.192884 -0.110699 -0.103498  0.283080   2
  1  0  0.938300-18.876804  8.546304  9.158882 -0.295109  0.144922  0.769120   2
  1  0  0.938300 -3.707687-25.424400 -3.251348 -0.097402 -0.428401  0.437110   2
  1  0  0.938300  4.797191 -1.032978-14.891040  0.066267  0.054026  0.076387   1
  1  0  0.938300 15.949031 -1.605363  4.571015  0.322028 -0.120755  0.652622   4
  1  0  0.938300 20.520335  7.918425  1.559824  0.478902  0.253360  0.584903   4
  1  0  0.938300  7.865001  4.277100  4.493977  0.209953 -0.032555  0.490884   5
  1  1  0.938300-20.559889 -5.004288  8.733882 -0.435763 -0.124620  0.830128   5
  1  0  0.938300 -1.621619 -6.212999-14.364081 -0.034752 -0.001985  0.133764   1
  1  0  0.938300 18.140097 -3.301266 -2.805055  0.300362 -0.119813  0.364394   2
  1  0  0.938300-11.056843  3.726443-15.283254 -0.116030 -0.035836  0.221346   1
  1  0  0.938300-15.309665 -8.004531-12.276622 -0.339563 -0.223111  0.168328   5
  1  0  0.938300  6.447804 -0.723752-13.159471  0.044321 -0.080032  0.161253   6
  1  0  0.938300-14.461777  5.202418 -3.625123 -0.305072  0.136666  0.220936   2
  1  0  0.938300  0.598548 -1.321509-13.439294  0.002395 -0.086464  0.060319   1
  1  0  0.938300 -2.654107 -8.192999-17.783426  0.000165  0.000595  0.071400   1
  1  0  0.938300  7.518289  5.079618-14.502760  0.264864  0.014887  0.036152   4
  1  0  0.938300  9.167308-18.281351  2.161367  0.142618 -0.218361  0.522040   2
  1  0  0.938300  7.216500  5.655002-12.991086 -0.003099 -0.003283  0.127507   1
  1  0  0.938300 19.344853 -7.634657 -5.254250  0.335609 -0.260028  0.358390   3
  1  0  0.938300  1.128956 -4.442746-15.644212  0.106060 -0.003993 -0.043270   1
  1  0  0.938300 -6.385303  1.901119 -9.175545 -0.268129  0.132416  0.162921   3
  1  0  0.938300 -3.704192 10.278256-10.755590 -0.037134  0.189326  0.068198   4
  1  0  0.938300 -9.275093 -5.109872-23.948478 -0.106039 -0.069613 -0.101786   1
  1  0  0.938300-10.377133 -5.953163-12.762785 -0.096754 -0.034018  0.071423   2
  1  0  0.938300  5.788983  2.402942  2.231064  0.002341  0.020361  0.426878   4
  1  0  0.938300  0.779042 -1.125119 11.388331 -0.132794 -0.015188  0.679619   4
  1  1  0.938300 -4.799585 -5.177952  2.102526 -0.169418 -0.042322  0.517041   3
  1  0  0.938300  7.836879 15.446562-15.322971  0.139815  0.276996  0.058646   1
  1  0  0.938300 18.628893 -7.356496 13.480136  0.326802 -0.250290  0.857674   6
  1  0  0.938300  6.815595  3.380846-13.625224  0.126816 -0.068473  0.044068   2
  1  0  0.938300  5.111884 -3.590394-17.224205 -0.017141 -0.049181 -0.010730   1
  1  0  0.938300 -5.183179  8.512943-14.305803 -0.077407  0.052634  0.246157   1
  1  0  0.938300  3.330909 -3.831844-20.856537  0.081293 -0.007826  0.005153   1
  1  0  0.938300 -5.609439  0.475960-28.079461 -0.142890  0.013657 -0.284258   2
  1  0  0.938300-22.353525  2.046937 -2.499721 -0.321040 -0.021366  0.428332   3
  1  0  0.938300-16.946352 14.418956  3.149555 -0.599034  0.400943  0.590757   6
  1  0  0.938300  7.756360 10.724712 -3.227156  0.123628  0.155565  0.390855   2
  1  0  0.938300  9.356306  2.136869-16.634649  0.137183 -0.043771  0.167849   1
  1  0  0.938300 12.581435 -3.341134  2.017828  0.258911 -0.126469  0.473647   6
  1  0  0.938300  0.497913  0.997649  0.795871 -0.001380  0.109333  0.373488   2
  1  0  0.938300-12.245103 -4.742914  1.428975 -0.097873 -0.074783  0.480221   4
  1  0  0.938300  1.095553-12.136712-12.409092 -0.093189 -0.192752  0.194516   1
  1  0  0.938300 -7.546528 -4.316602-18.667790  0.006464 -0.092917 -0.009077   1
  1  0  0.938300 13.803787 -8.494801  2.428492  0.309741 -0.212471  0.550878   5
  1  1  0.938300 14.215370  9.541888  1.343741  0.216704  0.249208  0.524414  -3
  1  0  0.938300-13.095301 -9.282585 12.745106 -0.333549 -0.246936  0.942978  -9
  1  1  0.938300 -8.969495 22.399354  1.294740 -0.195122  0.470295  0.527852  -7
  1  1  0.938300  5.034640 -0.391084 15.716085  0.126758 -0.053946  0.899598  -1
  1  1  0.938300-14.473045-15.995238-11.128670 -0.434616 -0.348345  0.226957  -3
  1  1  0.938300 -7.904204-22.669349 13.603359 -0.108915 -0.507405  0.813213  -3
  1  1  0.938300 -2.041114 26.009685  4.166094 -0.035142  0.823372  0.714938  -7
  1  1  0.938300  2.680062 -4.611692 11.783379 -0.045511 -0.005179  0.730567  -1
  1  1  0.938300 -7.904141 -0.784247 19.706114 -0.090774  0.001580  1.088718  -1
  1  1  0.938300  8.251096  1.376598 18.717367  0.050439 -0.097086  0.847968  -1
  1  1  0.938300 -6.483104  0.810990 19.576624  0.005803 -0.073479  0.799725  -1
  1  1  0.938300 16.955546 17.324584 12.125546  0.316959  0.301469  0.874696  -3
  1  1  0.938300 15.019787 -3.595532 -9.074605  0.166664 -0.124808  0.192376  -6
  1  1  0.938300 -8.042518  8.259348 12.014422 -0.094738  0.060365  0.709088  -1
  1  1  0.938300  0.725297 -1.226407  5.431582  0.041408 -0.018387  0.583056  -3
  1  1  0.938300 -6.653324  0.617663  3.428780 -0.047208  0.077309  0.402474  -3
  1  1  0.938300 -0.357778-26.584347  0.371887 -0.103488 -0.591274  0.543943  -2
  1  1  0.938300  6.015936 -8.926487 14.185659  0.126844 -0.074711  0.649187  -2
  1  1  0.938300 -0.074272  7.311612  8.585245  0.028274  0.047681  0.636759  -1
  1  1  0.938300  1.258828  1.568642 -7.370706  0.022126  0.028116  0.181674  -3
  1  1  0.938300 -1.162602 16.090628 13.118894 -0.051466  0.254942  0.815745  -2
  1  1  0.938300 -1.923813  9.616000  4.842017  0.039188  0.168890  0.566113  -9
  1  1  0.938300 13.171114 -3.747781-14.496788  0.343867 -0.102513  0.149496  -4
  1  1  0.938300 -7.168543  3.415271 22.005194 -0.079260 -0.008907  1.042245  -1
  1  0  0.938300  6.825779-10.457305  8.417299  0.147450 -0.197251  0.758402  -2
  1  1  0.938300 12.605595  3.233683 14.801584  0.105229 -0.041339  0.800268  -2
  1  1  0.938300  5.782038 -8.262631 -7.656786  0.045409 -0.075674  0.313900  -3
  1  1  0.938300 -5.465569 -2.830546 11.880462 -0.108645 -0.001883  0.665331  -4
  1  1  0.938300 -7.616548  0.575802 19.871310 -0.286810  0.044092  0.964005  -1
  1  1  0.938300-16.850380 -2.616215 11.830627 -0.317074  0.010571  0.770009  -2
  1  1  0.938300  8.357551-18.102851 -0.155248  0.145303 -0.348996  0.467980  -3
  1  1  0.938300 12.239564 17.920342-13.706202  0.297874  0.391357  0.145033  -5
  1  1  0.938300 18.220420-14.336266-18.780157  0.324114 -0.410793  0.051072  -3
  1  1  0.938300  2.859567  7.099846 19.982644  0.100347  0.132912  1.022639  -1
  1  1  0.938300 -3.557074 -8.432861  8.718964  0.070561 -0.070783  0.644010  -4
  1  1  0.938300-15.304518 11.569275 -4.540273 -0.298634  0.217684  0.343245  -3
  1  1  0.938300-12.019604  7.727659-15.751457 -0.160452  0.006616  0.074043  -3
  1  1  0.938300 11.229334  7.105996 -2.700419  0.196605  0.223631  0.296795  -4
  1  1  0.938300-14.412382 -9.348133 17.945704 -0.367519 -0.339802  0.963172  -2
  1  1  0.938300 -3.676180-20.774447 -0.405423 -0.006279 -0.286059  0.415648  -3
  1  1  0.938300 14.093871 -2.117328 17.462684  0.099625 -0.042719  0.934201  -6
  1  1  0.938300  2.275404-22.893973-19.569220  0.005342 -0.409074 -0.040886  -3
  1  1  0.938300 -0.108955-16.916092-15.337966 -0.142020 -0.366906  0.040443  -5
  1  1  0.938300-11.101121 -7.351649  9.136146 -0.165698 -0.100245  0.633618  -2
  1  1  0.938300  3.529993-10.614609 22.067730  0.106568 -0.148993  1.242646  -2
  1  1  0.938300 19.910829 -6.426337 -2.122628  0.308341 -0.082871  0.421898  -5
  1  1  0.938300  7.228167  3.560719 -6.336361  0.177768 -0.045911  0.330429  -7
  1  1  0.938300  1.332768 13.162193 -4.122143 -0.021222  0.224972  0.325358  -3
  1  1  0.938300  5.503856 -1.292859 14.572508  0.194552 -0.022758  0.742121  -1
  1  1  0.938300-19.434845-24.714279 -1.649614 -0.475220 -0.599752  0.430804  -2
  1  1  0.938300 -5.561131 11.535139  6.699111 -0.023962  0.122045  0.537597  -3
  1  1  0.938300-14.864689 -1.610357 13.382383 -0.127400  0.022451  0.758100  -1
  1  1  0.938300 15.859156-14.075684 11.273704  0.301397 -0.164275  0.744519  -2
  1  1  0.938300 10.846769 -0.449967 25.486406  0.162702  0.046831  1.130685  -1
  1  1  0.938300 18.494351-13.378256 14.908169  0.328257 -0.214059  0.890946  -2
  1  1  0.938300 -1.004782 -6.183136 16.737006  0.003187 -0.079971  0.716249  -1
  1  1  0.938300 -1.610822  0.950637 21.271232  0.015396 -0.075877  0.942054  -1
  1  1  0.938300 12.777858 -7.468553 14.735060  0.157469 -0.109139  0.865042  -1
  1  1  0.938300  4.092515  6.904177 15.632289  0.055388 -0.001769  0.832440  -1
  1  1  0.938300  3.850590 12.827997-17.434744  0.032993  0.262451  0.131133  -2
  1  1  0.938300 11.061096 -8.585178-18.073155  0.244347 -0.068924  0.089705  -3
  1  1  0.938300-13.337900 -6.883810  4.295971 -0.189625 -0.158620  0.599199  -4
  1  1  0.938300  6.529716  5.777065  8.514934  0.144762  0.211850  0.678178  -2
  1  0  0.938300  8.504195  0.239811 24.277568  0.130931 -0.123041  1.201628  -2
  1  1  0.938300  3.025629 12.203474 -1.176612  0.159251  0.170437  0.375073  -6
  1  0  0.938300 12.168988 23.054189 -8.093225  0.180992  0.457459  0.254954  -4
  1  1  0.938300 -7.428974 -7.541565 12.790334 -0.043313 -0.148716  0.913046  -3
  1  1  0.938300-26.033198-12.854782 10.079796 -0.660373 -0.478324  0.939031  -3
  1  1  0.938300 -2.446511  4.002997 17.147098  0.049727  0.151141  0.944968  -1
  1  1  0.938300 -6.747011 24.203766  1.875873 -0.074237  0.596465  0.541743  -3
  1  1  0.938300 -4.592819 12.048488  4.889576 -0.015782  0.157544  0.547341  -3
  1  1  0.938300 18.745898  4.521765 19.362632  0.371260  0.100141  0.999276  -5
  1  1  0.938300 13.353272  8.416101 17.449907  0.247108  0.150855  0.863959  -1
  1  1  0.938300  4.369337  6.666532 28.468983  0.094039  0.135623  1.130485  -1
  1  1  0.938300 -1.883252 11.846618  8.754508 -0.128100  0.172297  0.769654  -6
  1  1  0.938300 17.567481-25.490322-14.362185  0.380656 -0.635896  0.086454  -4
  1  1  0.938300  1.223056 -9.988022-17.764798  0.128573 -0.198596  0.027288  -4
  1  1  0.938300 -7.509504 20.157676 -3.848301 -0.244054  0.545422  0.486855  -5
  1  1  0.938300  9.355596  7.654679 18.932706  0.076267  0.200023  1.018809  -1
  1  0  0.938300 17.422217-20.435016  7.026877  0.461840 -0.584451  0.744620  -4
  1  0  0.938300 -3.766840-14.230580  9.469126 -0.042956 -0.246239  0.711527  -4
  1  0  0.938300 -1.975286  0.127139 23.716011 -0.143988  0.037928  1.104685  -3
  1  0  0.938300  5.657337-14.887880  4.400927  0.173333 -0.213650  0.606129  -3
  1  0  0.938300 -2.168964  3.362432 18.621313 -0.033225  0.061121  1.192539  -1
  1  0  0.938300  2.180292-12.011818 13.083285 -0.010797 -0.165019  0.809978  -3
  1  0  0.938300  2.074533 -3.026276 15.997898  0.048085 -0.111409  0.936030  -1
  1  0  0.938300-13.770985 -4.266070  5.084138 -0.355747 -0.070033  0.461730  -7
  1  0  0.938300  0.537541  4.762439 19.360366 -0.002918 -0.084263  0.948804  -1
  1  0  0.938300 -0.456778  2.209239 18.619804 -0.093425  0.152612  1.041122  -1
  1  0  0.938300  1.462937  1.221709  7.418186  0.142462  0.033407  0.650639  -4
  1  0  0.938300 -6.285405-23.663355  5.512144 -0.036462 -0.536683  0.683752  -4
  1  0  0.938300-23.152172-11.614371 -6.049096 -0.498831 -0.270918  0.269143  -3
  1  0  0.938300 -3.303002  8.908702-12.909556 -0.158092  0.178122  0.207423 -12
  1  0  0.938300  6.221527 -0.198846 14.144395  0.195730  0.062569  0.843165  -1
  1  0  0.938300-11.147364 -9.166754  2.730477 -0.155909 -0.322924  0.527609  -7
  1  0  0.938300 -3.375202 -1.297053  9.046203 -0.057645  0.065698  0.715238  -6
  1  0  0.938300-13.883840 12.160696 -2.670730 -0.208884  0.296638  0.410216  -6
  1  0  0.938300 -7.116654 18.208894  8.029577 -0.036083  0.403765  0.700151  -4
  1  0  0.938300  6.834055  6.429972 10.616837  0.094226  0.052741  0.627778  -1
  1  0  0.938300  2.814319 11.859712-10.506604  0.047082  0.167020  0.126311  -2
  1  0  0.938300 11.648346 -9.052633 -0.941433  0.381948 -0.148980  0.425291  -5
  1  0  0.938300 22.557467  8.516334 16.361678  0.416922  0.273039  0.976553  -4
  1  0  0.938300  8.778178 -1.397037 20.216792  0.055535 -0.123572  0.992815  -1
  1  0  0.938300  8.480633 11.698655 15.622443  0.173285  0.182319  0.861499  -1
  1  0  0.938300-17.110646 -1.901005  1.471453 -0.283845  0.015495  0.548538  -3
  1  0  0.938300  0.708943 11.320294 14.855945  0.135036  0.219288  0.893817  -1
  1  0  0.938300 18.538085 10.427040 -5.304174  0.322607  0.165710  0.361526  -5
  1  0  0.938300 15.232829  5.525233 -9.842854  0.325087  0.164897  0.212008  -3
  1  0  0.938300  0.005975  3.863867 25.245992  0.006971  0.097560  1.071924  -1
  1  0  0.938300-10.241210  0.217920 16.129092 -0.160361  0.028934  0.960442  -4
  1  1  0.938300 -1.576730  9.556041  9.075556  0.049826  0.205831  0.637037  -4
  1  0  0.938300  6.601777  1.193457 30.599724  0.138629  0.038182  1.307138  -1
  1  0  0.938300 16.053733 11.285756-16.970853  0.425166  0.143674  0.084537  -3
  1  0  0.938300  4.957945-10.392681 14.309318 -0.007265 -0.164160  0.710147  -1
  1  0  0.938300 36.357531 14.173649  1.099632  0.841690  0.365943  0.662947  -2
  1  0  0.938300 13.907515  4.292923  2.985149  0.308494  0.154579  0.553649  -4
  1  0  0.938300  0.602700-10.035283  9.839185 -0.044146 -0.193206  0.844576  -4
  1  0  0.938300-22.555711 -6.368936 -7.260177 -0.511556 -0.268275  0.288496  -3
  1  0  0.938300  5.921140 12.353867 19.565155  0.198305  0.200237  1.043585  -1
  1  1  0.938300-17.152510  3.983253  8.373603 -0.341308  0.106003  0.666811  -8
  1  0  0.938300 -1.575445 14.300824 16.305721 -0.023424  0.324690  1.082692  -6
  1  0  0.938300  0.798225  7.952303-12.536712  0.046935  0.158631  0.194741  -5
  1  0  0.938300 -0.181710 18.392232  1.755824  0.051407  0.402900  0.487195  -5
  1  0  0.938300 13.234823  3.804006 22.281150  0.227117  0.060608  0.985752  -1
  1  0  0.938300 16.575876 -8.066810 -3.754194  0.349579 -0.198279  0.454590  -3
  1  0  0.938300-13.635093  9.761303 -1.213147 -0.175423  0.202239  0.382112  -3
  1  0  0.938300  1.732902 -2.030857  8.046904  0.070560 -0.068941  0.641759  -1
  1  0  0.938300  9.966024-16.006213 15.696173  0.157200 -0.271835  0.768439  -4
  1  0  0.938300  2.320047 -0.018819  2.774945  0.061023  0.026021  0.431967  -1
  1  0  0.938300 -9.969202 -4.246050 11.346675 -0.072947 -0.113154  0.654334  -1
  1  0  0.938300  7.677598  6.717966 11.591428  0.216008 -0.031841  0.855142  -2
  1  0  0.938300 14.912062 -9.001376 -1.151029  0.318497 -0.200780  0.499277  -3
  1  0  0.938300  3.741230-10.474164 16.162379  0.145326 -0.026605  0.860997  -3
  1  0  0.938300 -6.150710 10.610337 25.630075 -0.037763  0.148157  1.138095  -1
  1  0  0.938300 -7.909009 -3.291828 18.661086 -0.050971  0.042703  0.800399  -1
  1  0  0.938300 -5.189904-11.266251 -1.849533 -0.238135 -0.315276  0.365214  -3
  1  0  0.938300  3.752220 -8.776391 13.599719  0.228095 -0.102537  0.786849  -3
  1  0  0.938300  1.770290-13.349222 11.097323  0.096815 -0.183670  0.809187  -3
  1  0  0.938300  5.726448  3.899423 12.109542 -0.034690  0.131498  0.667348  -1
  1  0  0.938300  8.557124  5.017923 -6.120973  0.028583 -0.018971  0.339119  -3
  1  0  0.938300 10.978427-15.836200  0.663371  0.231206 -0.342610  0.477772  -4
  1  0  0.938300  9.583864 13.528275 -9.888189  0.048557  0.294187  0.220554  -3
  1  0  0.938300  7.670598 -7.381597 12.804464  0.009619 -0.133265  0.868720  -1
  1  0  0.938300 11.082233 -0.763406 17.119773  0.155912 -0.009970  1.015968  -1
  1  0  0.938300  1.332244 -0.916621 -9.939189 -0.017632 -0.171184  0.288048  -3
  1  0  0.938300  0.589970-19.603754 -6.447277 -0.076501 -0.353589  0.317370  -7
  1  0  0.938300 -5.487667 -0.700935 -3.791591 -0.085149  0.057520  0.225784  -8
  1  0  0.938300-12.271456  0.787325  1.830179 -0.272681 -0.010599  0.511723  -4
  1  0  0.938300  8.616651  1.251471 11.956500  0.215579  0.046740  0.835711  -1
  1  0  0.938300-11.755696 16.385086 -5.422800 -0.286853  0.352895  0.356472  -3
  1  0  0.938300-24.910683 12.537666  0.038461 -0.400057  0.258799  0.482651  -3
  1  0  0.938300  4.211275 16.166910  1.486985 -0.004271  0.307651  0.494931  -4
  1  1  0.938300 -8.834436 14.676004  5.975161 -0.100839  0.379101  0.710955  -4
  1  0  0.938300 -5.862250 -4.671917 17.398107  0.019398 -0.057645  0.812462  -1
  1  1  0.938300 -9.515503-26.383034  3.974675 -0.277514 -0.709337  0.655330  -5
  1  0  0.938300 12.278371  1.072017 20.129382  0.074976 -0.026642  0.791565  -1
  1  0  0.938300-11.903534 -5.232066 16.470507 -0.250299  0.007546  0.952694  -1
  1  0  0.938300  7.360375 10.515865  3.844166  0.237165  0.152411  0.583995  -3
  1  0  0.938300  2.706865  0.103557 18.732326  0.126781  0.008367  0.900266  -1
  1  0  0.938300-11.420767  0.020697 25.259257 -0.150336 -0.115420  1.173805  -4
  1  0  0.938300 24.956364  0.608314-12.734219  0.469581  0.049927  0.166059  -3
  1  0  0.938300 -6.408624 16.660577  2.013442 -0.145674  0.325344  0.451485  -4
  1  0  0.938300  7.416602 -7.624662-18.243506  0.226068 -0.182934  0.020906  -5
  1  0  0.938300 -8.598717  1.595341 14.731633 -0.120199  0.102978  0.735730  -1
  1  0  0.938300  7.753762 -1.166348 -9.202495  0.129942 -0.079769  0.246081  -5
  1  0  0.938300  7.192766 -9.016704 19.691484 -0.010776 -0.191716  0.906222  -2
  1  0  0.938300  7.559152-14.144585  0.122053  0.015345 -0.320573  0.495913  -2
  1  0  0.938300  0.414502 -5.853127-12.977522 -0.105714 -0.133245  0.092598  -2
  1  0  0.938300  0.707939 -6.188548 14.338722 -0.094952 -0.163145  0.979287  -1
  1  0  0.938300 -1.100683-16.214961-13.547875 -0.108809 -0.232753  0.219301  -2
  1  0  0.938300-10.374486 -5.653492  6.029332 -0.146391 -0.007495  0.720337  -4
  1  0  0.938300 -8.123184 10.083279 26.583633 -0.099850  0.139309  1.287814  -3
  1  0  0.938300 -5.663006 16.048607  5.636040 -0.110103  0.241739  0.555650  -4
  1  0  0.938300 -1.444912  7.919680 10.059455  0.073949  0.057027  0.716417  -1
  1  0  0.938300 -8.134285-12.074139-14.851354 -0.457598 -0.403611 -0.140147  -3
  1  0  0.938300  0.653121  1.256144 11.890652  0.056809  0.030287  0.858901  -1
  1  0  0.938300  8.077863-14.862620  5.282856  0.099537 -0.178065  0.597221  -4
  1  0  0.938300 -7.050434 12.743140  3.151032 -0.173774  0.325827  0.508946  -4
  1  0  0.938300-16.260680  0.896152 12.483741 -0.163133 -0.025127  0.693015  -1
  1  0  0.938300 -6.780263  8.237584 -6.660602 -0.171087  0.118894  0.324001  -5
  1  0  0.938300 12.418264-10.262720  4.139237  0.317883 -0.185252  0.502127  -6
  1  0  0.938300  1.084438-11.623212 17.263735  0.115161 -0.067974  1.114863  -4
  1  0  0.938300 -8.754558  1.666306 16.064228 -0.172090  0.037894  0.985780  -1
  1  0  0.938300 -1.998731  2.341827  9.544003 -0.061567  0.023724  0.719735  -1
  1  0  0.938300 -6.850082 17.214520  3.553976 -0.129789  0.309395  0.586532  -8
  1  0  0.938300-15.830299  6.180397 13.409519 -0.503138  0.254691  0.948340  -4
  1  0  0.938300  7.390490  3.804158 -3.162050  0.182270  0.075941  0.328564  -9
  1  0  0.938300 11.917509-10.963864 -5.059895  0.203848 -0.078994  0.369383  -7
  1  0  0.938300  1.120086 -5.887841 20.323176  0.048392 -0.002663  1.046313  -1
  1  0  0.938300  3.591551 -2.488810-10.688784 -0.063647  0.064422  0.167081  -6
  1  0  0.938300-11.639347  2.814999 17.496644 -0.062922  0.004887  0.918619  -1
  1  1  0.938300 22.072966 -1.003127 -3.118919  0.412246 -0.055051  0.306783  -4
  1  0  0.938300-19.178777  9.476043 -1.258694 -0.310984  0.137109  0.410719  -2
  1  0  0.938300  9.575877  8.846963 12.436869  0.152309  0.111483  0.729832  -1
  1  0  0.938300 -8.517439 -1.523660 29.160174 -0.065431 -0.058388  1.191745  -1
  1  0  0.938300-14.572392 26.461779 -0.219419 -0.379468  0.608523  0.502640  -3
  1  0  0.938300-22.145769 -8.743492 -3.179457 -0.429313 -0.249239  0.363146  -5