  1  1  0.938300  7.740994 -4.600791 -7.677375  0.033880 -0.030051  0.385094   1
  1  1  0.938300 -6.228270  4.744002-10.212833 -0.119139  0.006823  0.190718   2
  1  0  0.938300 11.109074-14.433923  8.529484  0.273811 -0.211589  0.777572   5
  1  0  0.938300 -7.912106 14.256289 -8.987412 -0.084433  0.206159  0.235748   8
  1  1  0.938300-15.429734  1.920123 12.353494 -0.277591  0.081942  0.882741   4
  1  1  0.938300 11.358914  1.769258-11.830628  0.227839  0.004010  0.211334   1
  1  1  0.938300-11.879079-10.356970  9.392659 -0.076211 -0.291697  0.682256   2
  1  1  0.938300 -7.825913  8.322839 18.043369 -0.115398  0.095616  0.991158   3
  1  1  0.938300 -6.149566  2.571620-12.314388 -0.051890  0.145242  0.223396   1
  1  1  0.938300 17.691791 -6.780691-29.100679  0.354837 -0.141950 -0.237539   2
  1  1  0.938300 -5.913396  3.741108-18.034423 -0.099489  0.076747 -0.149821   1
  1  1  0.938300 -4.097683  6.790847 24.761872 -0.187028  0.188515  1.212884  10
  1  1  0.938300-11.353656-21.025511 10.011632 -0.224002 -0.473437  0.655663   4
  1  1  0.938300-16.341763 13.749266 -1.176482 -0.316102  0.327102  0.443380   4
  1  1  0.938300-11.574792 11.240180-11.273201 -0.125173  0.124821  0.246259   5
  1  1  0.938300  8.203497 -2.233928 -9.782381  0.180898  0.023469  0.284035   1
  1  1  0.938300 14.965940  5.842612 -2.488823  0.319066  0.073223  0.419999   6
  1  1  0.938300 -0.697699  3.349106-15.626611  0.044462  0.009500  0.084350   1
  1  1  0.938300  2.885925-14.251998 16.622655  0.186384 -0.186773  0.849747   3
  1  1  0.938300 -1.006936-15.994693 15.436240  0.040399 -0.361977  0.874881   8
  1  1  0.938300 -6.411053 -3.257124-20.048424 -0.108689  0.003397 -0.015904   1
  1  1  0.938300  4.491509 -9.049611 -5.621563 -0.049305 -0.126357  0.340975   4
  1  1  0.938300  4.775858-14.807915 -0.253584  0.113471 -0.181441  0.464745   3
  1  1  0.938300 -9.227150 -8.190342 -2.873419 -0.087574 -0.106117  0.327865   6
  1  1  0.938300-18.184449 -7.280157 18.655673 -0.320817 -0.092602  0.992457   6
  1  1  0.938300  8.444774  9.322928-24.262837  0.103552  0.105404 -0.030233   1
  1  1  0.938300 -8.783217 -2.862880-19.945195 -0.206747 -0.157960  0.049439   1
  1  1  0.938300 -1.899259 16.195093  7.614334 -0.000558  0.264500  0.565758   3
  1  1  0.938300 -9.336175 27.335732  1.373564 -0.199180  0.636617  0.572743   4
  1  1  0.938300 -9.563861  1.944558 -0.572254 -0.152884 -0.095645  0.411348   4
  1  1  0.938300 -4.988896-11.842117-16.946333 -0.034769 -0.121782  0.082449   1
  1  1  0.938300  7.740195 -0.967610  3.616799  0.118500 -0.118329  0.600169   8
  1  1  0.938300 -6.326717-15.642178 12.308667 -0.063300 -0.167857  0.703886   3
  1  1  0.938300  7.347902 -4.185801  6.062037  0.050399 -0.243701  0.649196   2
  1  1  0.938300 -2.058683  2.803734  1.851890 -0.106533  0.109706  0.434500   3
  1  1  0.938300 15.272800 -2.488532-17.924173  0.136873 -0.031308  0.030036   1
  1  0  0.938300 -2.086963-26.234299 -4.426171 -0.037426 -0.530593  0.342521   5
  1  0  0.938300 -2.059798  5.846816  6.723338 -0.062846  0.195142  0.581337   5
  1  1  0.938300  4.344601  6.161005-16.718598  0.112528  0.118287  0.013342   1
  1  1  0.938300 -5.545858 -0.422361  7.272964 -0.199992 -0.060680  0.680916   6
  1  1  0.938300 -3.549543 -5.835072-13.557540 -0.039612 -0.069337  0.009511   1
  1  1  0.938300  4.403905 10.381697 -6.175532  0.158093  0.259614  0.202127   4
  1  1  0.938300 -6.108916 21.475666-23.615823 -0.120972  0.455420 -0.188994   2
  1  1  0.938300  1.928146-14.971007-21.370662  0.012607 -0.221453 -0.026378   2
  1  1  0.938300 -0.961333-16.085415 -8.946884  0.086668 -0.287140  0.241034   3
  1  1  0.938300 -4.701352  3.778178-19.437201 -0.149651  0.041588 -0.035645   1
  1  1  0.938300  0.297575 13.262655-18.238250  0.128736  0.213559  0.033442   2
  1  1  0.938300 -9.836808-12.405304 -9.405683 -0.240494 -0.177755  0.231877   2
  1  1  0.938300 17.333214 -1.657706-10.099983  0.496816  0.030834  0.191752   4
  1  1  0.938300  3.919546-25.247652 12.029394  0.090624 -0.504266  0.796046   3
  1  1  0.938300 -6.329776  5.907314-18.342586 -0.134604  0.001280  0.096335   1
  1  1  0.938300-11.722791 -2.999262 -8.632096 -0.370677 -0.126880  0.197146   9
  1  1  0.938300-15.310986 12.966473  5.881508 -0.276615  0.311401  0.627174   2
  1  1  0.938300-13.081706 -3.388242 10.685256 -0.240095 -0.071634  0.788390   5
  1  0  0.938300  0.667565-13.411280-14.388809 -0.070189 -0.269811  0.054969   6
  1  1  0.938300  7.542908  7.896025-14.676922  0.197068  0.134143  0.032008   1
  1  1  0.938300 15.415959-14.225382 -9.522707  0.306377 -0.322242  0.357575   7
  1  1  0.938300  5.894261 19.438716 -1.334503  0.111296  0.324368  0.389718   3
  1  1  0.938300-29.115516-12.848696 11.743621 -0.698107 -0.217034  0.857919   2
  1  1  0.938300  4.755739 -9.223996 10.764485 -0.001852 -0.219658  0.663437   3
  1  1  0.938300  0.502780-13.927008-14.409146 -0.053643 -0.188410  0.077896   1
  1  1  0.938300 10.426748 17.947196  3.269931  0.255248  0.346047  0.436954   2
  1  1  0.938300  3.851293-11.786089-25.237228  0.077560 -0.195535 -0.104347   1
  1  1  0.938300 11.499939-17.501892 -2.779685  0.229849 -0.339527  0.334428   2
  1  1  0.938300 20.724472 10.052471  1.025935  0.403565  0.242590  0.541063   2
  1  1  0.938300  7.021303  1.590838-10.552864 -0.006287  0.056048  0.120146   1
  1  1  0.938300 -5.485558-13.606135-16.078745 -0.075481 -0.361356  0.100997   6
  1  1  0.938300 -6.664422 -2.708971-17.610220 -0.032124  0.041074 -0.046616   1
  1  1  0.938300 -1.506898-13.854301 -6.944566 -0.100530 -0.208873  0.268994   4
  1  0  0.938300 21.727243-15.383756  0.758712  0.552469 -0.342670  0.530554   3
  1  1  0.938300  0.777705 10.588666-21.173842 -0.048882  0.069862 -0.075699   1
  1  1  0.938300 16.540234  4.016330 -7.774151  0.190361 -0.032655  0.314854   3
  1  1  0.938300  6.278575 10.649868 -1.579144  0.150511  0.174511  0.419676   2
  1  1  0.938300  2.568721  3.521354 10.005175  0.077957  0.213984  0.897667   5
  1  1  0.938300 -2.200643 11.331558 11.481131 -0.052300  0.283762  0.881140   6
  1  1  0.938300  6.657045 -3.562484-14.635815  0.099135 -0.136749  0.101866   1
  1  1  0.938300 -1.516336 -8.058962-15.763904  0.063718 -0.177663  0.151171   4
  1  1  0.938300 11.517752 25.637766  1.679172  0.227153  0.411563  0.505224   4
  1  1  0.938300  1.755426  7.076581-13.886636  0.114297  0.154207  0.098801   1
  1  0  0.938300 -0.155377 18.912791 13.223953 -0.045279  0.335174  0.833329   2
  1  0  0.938300  0.769299 -9.741786-26.740029 -0.003226 -0.123780 -0.029067   1
  1  1  0.938300-15.942822 19.577814 -6.921887 -0.312101  0.458822  0.201717   2
  1  0  0.938300 19.818230 -8.574360 -1.115160  0.360866 -0.100598  0.482717   3
  1  0  0.938300 -0.016181-17.579076-15.427545  0.012366 -0.304211  0.230456   5
  1  0  0.938300-13.458539 -3.431408-20.345434 -0.172711 -0.003640  0.112040   1
  1  0  0.938300 -8.692329 -2.036420-21.413948 -0.172725 -0.058377 -0.065194   1
  1  0  0.938300 -0.297998 31.578917  1.988684  0.008619  0.558480  0.567399   4
  1  0  0.938300  1.390668 -9.677114 -5.749698 -0.039966 -0.246799  0.384803   2
  1  0  0.938300 -5.703301 -2.576290  2.267543 -0.129542 -0.103034  0.542952   4
  1  0  0.938300-10.223354  9.980604 -2.557498 -0.232724  0.228966  0.275699   2
  1  0  0.938300  6.072061  0.933036-15.082492  0.131011 -0.102325 -0.060936   1
  1  0  0.938300  9.458411  8.770609 13.685889  0.080126  0.249070  0.783450   5
  1  0  0.938300 -4.369920  0.422704-17.418746  0.100579  0.000905 -0.004766   1
  1  0  0.938300 -1.268158 -4.593788 -0.844525  0.097959 -0.144862  0.325289   6
  1  0  0.938300 12.552172 17.380037  1.461889  0.265431  0.546396  0.536243   8
  1  0  0.938300  5.944307  7.051341-17.056878  0.075202  0.097950  0.163131   1
  1  0  0.938300 -2.215543 23.440692-22.752570 -0.014381  0.407844 -0.007062   2
  1  0  0.938300  5.359075  6.773584-12.740684  0.047621  0.177930  0.186003   7
  1  0  0.938300  6.222911 -6.967807-19.709333  0.072349 -0.022304  0.043430   1
  1  1  0.938300 23.361831-16.916683  6.941647  0.634183 -0.458142  0.796514   3
  1  0  0.938300 -1.965703 -4.295621 -5.693778 -0.062443  0.005762  0.412781   1
  1  0  0.938300 10.011571  6.192590 -1.458030  0.116095  0.007161  0.349566   4
  1  0  0.938300 -2.489018 10.724939 -7.818767 -0.067851  0.170184  0.175057   2
  1  0  0.938300 15.366679-13.497413  8.782144  0.300631 -0.259755  0.656061   2
  1  0  0.938300 -8.002675 -3.106850-12.824127  0.029079 -0.028067  0.228496   1
  1  0  0.938300  3.679212  1.066148-13.005202 -0.013227  0.104351 -0.024881   1
  1  0  0.938300 -0.690161 19.110114 -9.861239 -0.160242  0.380304  0.192969   2
  1  1  0.938300  5.781766 22.713756 11.649583  0.095116  0.480941  0.953211   8
  1  0  0.938300-13.934121-26.752781 -5.926137 -0.322122 -0.632836  0.348894   6
  1  1  0.938300-10.547315 25.707224 -2.113560 -0.317495  0.630399  0.480191   3
  1  0  0.938300  7.413849  4.698358-19.465117  0.212276  0.146308 -0.061797   1
  1  0  0.938300 -3.347102 12.184210-17.140335  0.043676  0.172349  0.078100   1
  1  0  0.938300 -3.522130-17.506850 -5.843340  0.022252 -0.325336  0.308860   3
  1  0  0.938300  3.898525 18.526773 10.791519  0.027963  0.318415  0.791543   5
  1  0  0.938300 -7.099140 -1.361117 -3.643736 -0.115097 -0.065928  0.336393   5
  1  0  0.938300 -7.900877  3.957333-16.577071 -0.114605  0.206733  0.080576   1
  1  0  0.938300  1.994207  6.808732  9.182418  0.151841  0.049154  0.734240   4
  1  0  0.938300 29.243580-12.057856  5.948678  0.724270 -0.252049  0.734173   4
  1  0  0.938300 18.801606  6.461881-11.281522  0.411253  0.212130  0.222739   5
  1  0  0.938300 13.524436 -6.331848 11.321547  0.147465 -0.170250  0.725852   6
  1  0  0.938300  1.314733 -2.310241-20.256399 -0.011242 -0.026754  0.110036   1
  1  1  0.938300 10.569388 20.893336 -6.997754  0.136345  0.523839  0.200188   5
  1  0  0.938300 -6.467317 14.944745  1.765400 -0.210285  0.378424  0.512418  11
  1  0  0.938300 -5.883985 -0.482913 -0.726190 -0.068025  0.134478  0.433117   6
  1  0  0.938300  5.006949 -0.746148-26.447319  0.058283  0.013031 -0.052312   1
  1  0  0.938300 -3.935907 -6.631153-17.265643 -0.089088 -0.048379 -0.019373   1
  1  0  0.938300 -4.244056 12.541633 -4.456646 -0.077833  0.317919  0.255411   3
  1  1  0.938300  3.957941 -4.964469  2.084243  0.157220 -0.277188  0.547247  11
  1  0  0.938300 18.362862 17.277594 -1.583456  0.340982  0.279454  0.408289   2
  1  0  0.938300 -3.197186  4.705392-14.670783 -0.031438  0.081800  0.120669   1
  1  0  0.938300  8.251632  4.397733-19.422089  0.020747  0.144384 -0.050794   1
  1  0  0.938300 -0.487770 -8.996318-18.702725  0.059411 -0.061924  0.117461   1
  1  0  0.938300 -7.836867 -5.629160-20.310002  0.025111 -0.067231 -0.096716   1
  1  0  0.938300-13.060633  6.647281-20.364441 -0.288335  0.167774 -0.041557   2
  1  0  0.938300  6.743519  5.166407  7.863866  0.144008  0.083460  0.726793   4
  1  0  0.938300  3.321111  4.415841-22.237334  0.106585 -0.013078 -0.016384   1
  1  0  0.938300-11.112327-18.363166-15.055833 -0.228211 -0.344349  0.034310   4
  1  0  0.938300  0.764380 -4.034458-22.811981  0.056396 -0.117375  0.079211   2
  1  0  0.938300 -5.454272  5.441277-16.069344 -0.103080  0.088739  0.119115   4
  1  0  0.938300 21.450784  9.533702  3.739854  0.349317  0.253373  0.570230   4
  1  0  0.938300  0.079933 -6.178050 -9.182536  0.097829 -0.074840  0.313612   1
  1  0  0.938300  0.657437-10.511852  8.031016 -0.066501 -0.254458  0.671327   7
  1  0  0.938300 24.661663  9.952342 12.625127  0.513216  0.253887  0.835752   4
  1  0  0.938300-12.132859  4.084925 -7.037418 -0.275634  0.165106  0.261769   3
  1  0  0.938300  9.514608  4.091516-14.946254  0.144609  0.185878  0.210835   1
  1  0  0.938300 -0.774552 -7.133285-12.643394 -0.125525 -0.158270  0.095879   1
  1  0  0.938300  9.998548 -0.081614-16.480610  0.096363 -0.078941  0.137869   1
  1  0  0.938300  5.856441 -9.234218 -9.052208  0.084097 -0.230234  0.219903   2
  1  0  0.938300 -7.168351-21.038866 -4.376713 -0.102500 -0.450616  0.277353   4
  1  0  0.938300 -0.231177 -8.004894-17.525037  0.056765 -0.059545  0.132754   1
  1  0  0.938300  4.723602  9.537730-21.506624  0.134265  0.079526 -0.105736   1
  1  0  0.938300 -3.185302-16.847030-20.030958 -0.218082 -0.261798 -0.012555   4
  1  0  0.938300 14.945382 -0.938561 10.583750  0.164678 -0.076318  0.779535   8
  1  0  0.938300 -8.306996 -5.855673-13.319114 -0.167444 -0.043994 -0.006308   4
  1  0  0.938300-13.947341 -3.016497 -0.423047 -0.202954 -0.043660  0.384423   4
  1  0  0.938300  0.456122  4.234177-11.148602  0.045789 -0.050959  0.283816   1
  1  0  0.938300  8.773282  1.126189 10.311519  0.029410  0.176125  0.730199   4
  1  0  0.938300 -4.117483  4.915505  7.303291 -0.172925  0.077154  0.739022   9
  1  0  0.938300 -4.301993  5.667477 -5.815397 -0.149084 -0.034542  0.343778   2
  1  0  0.938300 -2.435550  6.631709  4.167394  0.107706  0.211086  0.596002   5
  1  0  0.938300-10.161221 -6.372180-19.200247 -0.106124 -0.115540  0.037984   1
  1  0  0.938300  5.373798-16.771217 -4.238667  0.022233 -0.320736  0.389422   6
  1  0  0.938300 -6.695639  2.534332  3.122972 -0.062708 -0.028610  0.624141   2
  1  0  0.938300 -0.447889  1.932899  1.971636  0.007366 -0.018420  0.436524   9
  1  0  0.938300 14.359775 -7.265269  1.940949  0.203124 -0.179335  0.538119   6
  1  0  0.938300-10.112200 -4.360784-18.673315 -0.092112  0.024316  0.154431   1
  1  0  0.938300  5.497559 -5.392670 -2.260565  0.121063  0.024581  0.394620   2
  1  0  0.938300 25.926302 -6.170380  6.849818  0.578669 -0.194430  0.608044   2
  1  0  0.938300  9.299331 13.634597 -0.640697  0.093630  0.090520  0.413295   3
  1  0  0.938300  3.114189 -4.311577 10.062565  0.031974 -0.040818  0.657539   6
  1  0  0.938300 -2.986836  4.556983-13.865901 -0.038061  0.106453 -0.079689   1
  1  0  0.938300 23.891001 -4.484124-18.716530  0.468729 -0.135084 -0.051397   3
  1  0  0.938300 -3.488663  0.545737  9.941474 -0.153096  0.155394  0.707730   2
  1  0  0.938300 -3.777221  4.364377  9.333254 -0.147108  0.031057  0.654165   6
  1  0  0.938300  3.433453 -0.096955 -6.691268 -0.046079  0.017633  0.199433   4
  1  0  0.938300 -6.236267  0.893941 -1.380073 -0.074098  0.054890  0.289300   2
  1  0  0.938300-10.526564 -8.393959 11.188526 -0.154788 -0.104261  0.587308   3
  1  0  0.938300  6.854215 -5.208903  4.883769  0.032914 -0.034258  0.460205   4
  1  0  0.938300 -3.406501 -5.011417 -2.612233  0.044048 -0.118739  0.316764   7
  1  0  0.938300  1.364344  2.813487-14.514587  0.069467  0.062906  0.155685   5
  1  0  0.938300 -7.859866  8.951382-10.940513 -0.108659  0.062783  0.251461   1
  1  0  0.938300 16.748344 25.707654  9.196729  0.377927  0.450824  0.706312   3
  1  0  0.938300  1.901722 19.399955 -5.546407 -0.040650  0.356102  0.417402   2
  1  0  0.938300 -5.704832  0.583500  9.041951 -0.209296 -0.099871  0.698215   4
  1  0  0.938300-14.351123-11.634563 -3.124677 -0.283467 -0.062399  0.351326   3
  1  0  0.938300  0.585093 -1.374403-28.077369  0.022845 -0.008025 -0.120485   1
  1  1  0.938300  3.517278 22.757367 20.541940  0.009519  0.639566  1.293012   6
  1  0  0.938300 -5.476889-12.408384-20.859035 -0.132435 -0.061597 -0.031445   1
  1  0  0.938300  8.405167 -0.669231-17.418736  0.095891  0.134981 -0.006934   2
  1  0  0.938300 20.614356-12.376799 -6.018964  0.424946 -0.226066  0.288817   4
  1  0  0.938300  5.034400 -9.089646-19.751273  0.085412 -0.087079 -0.032704   1
  1  1  0.938300 -1.020712  1.478107-11.411661  0.036807 -0.081941  0.148915   7
  1  0  0.938300 -7.264162-15.577029-14.615010 -0.088998 -0.386261  0.060541   4
  1  0  0.938300  2.767646  8.671480-10.234325 -0.023510  0.129022  0.160177   3
  1  0  0.938300 -3.169007  8.951608  7.674609 -0.020203  0.175130  0.627690   4
  1  0  0.938300 -7.925150  0.117723-17.469618 -0.066316 -0.023210 -0.105560   1
  1  1  0.938300  1.231686-21.847232 -3.134895  0.038879 -0.449910  0.496663   7
  1  1  0.938300 -8.076811  8.151221 -7.293013 -0.247557  0.089520  0.221584  -5
  1  1  0.938300 -6.666225 -0.574009  3.957395 -0.123792 -0.061798  0.461581  -5
  1  1  0.938300-17.383776-13.914920 -3.686630 -0.345752 -0.282584  0.414914  -3
  1  1  0.938300 -7.248729  0.200523  9.780304 -0.138700 -0.007312  0.693075  -1
  1  0  0.938300 -9.833885 16.880860  0.725258 -0.224954  0.263104  0.477547  -3
  1  1  0.938300  6.666061  7.613514 18.514494 -0.018176  0.112200  0.810637  -1
  1  1  0.938300 -0.461678-13.074721 19.661855 -0.122476 -0.145096  0.978115  -1
  1  1  0.938300  2.734664-23.504144  5.860878  0.177538 -0.479634  0.626697  -7
  1  1  0.938300 -4.522316 -2.243400 22.611112 -0.011197 -0.025892  1.029998  -1
  1  1  0.938300-13.528696 16.001334  2.001105 -0.405736  0.495695  0.669728  -4
  1  1  0.938300-17.994464-18.711112  4.169188 -0.301684 -0.316468  0.560054  -2
  1  1  0.938300  7.400078  6.814343-14.074437 -0.000658  0.078200  0.088224  -4
  1  1  0.938300 -1.900706  4.213457  9.972809 -0.077072  0.004744  0.774476  -1
  1  1  0.938300  6.795054 11.346209 17.938766  0.183558  0.048208  0.895967  -1
  1  1  0.938300  1.726669 -1.479554 -3.516437  0.066249  0.006726  0.452960  -3
  1  1  0.938300 -1.958492 14.352424 14.041592  0.029782  0.216588  0.757106  -1
  1  1  0.938300-11.469436 18.206123  3.838008 -0.249191  0.338694  0.658895  -3
  1  1  0.938300 -4.626788 14.842777 -5.211640 -0.101768  0.210880  0.397337  -3
  1  1  0.938300 -9.497866  5.824359 21.472452 -0.196670  0.095576  1.046722  -1
  1  1  0.938300  6.485466 19.673734 -1.708040  0.081272  0.338568  0.498321  -2
  1  1  0.938300  5.875543 -4.297826 -6.196406  0.128902 -0.128398  0.293361  -3
  1  1  0.938300-13.146892-10.287687  4.322682 -0.287710 -0.198319  0.563961  -2
  1  1  0.938300 -3.191265-14.248104 15.283063 -0.121323 -0.486153  1.100507  -3
  1  1  0.938300 -6.002777 11.959516 21.451145 -0.075055  0.181003  0.929043  -1
  1  1  0.938300 20.575585  7.506354 -8.987507  0.541698  0.256393  0.154355  -3
  1  1  0.938300-13.631594  6.472915 16.159378 -0.304223  0.066587  1.031935  -3
  1  1  0.938300 12.885467  1.277215 15.677114  0.296867  0.058791  1.022366  -3
  1  1  0.938300  1.742589-21.346513 11.287697  0.144541 -0.419528  0.777300  -2
  1  1  0.938300 12.305199  1.948419 13.209218  0.211785  0.116586  0.762966  -1
  1  1  0.938300 -8.783932 -5.853013  0.278319 -0.230269 -0.195907  0.467007  -9
  1  1  0.938300  1.538125-16.796465 -7.186547 -0.102393 -0.206433  0.309913  -2
  1  1  0.938300  0.372870 -6.405418 -5.354075  0.112201 -0.209631  0.299171  -5
  1  1  0.938300 -9.307015-11.579926 -2.724918 -0.043463 -0.175410  0.382867  -3
  1  1  0.938300 -1.822830  6.863318 10.998104 -0.040631  0.110155  0.632273  -1
  1  1  0.938300 20.773540  0.683597  1.451929  0.441248  0.051326  0.470023 -12
  1  1  0.938300 -9.341784 -4.880569 14.853327 -0.045770 -0.053870  0.830260  -1
  1  1  0.938300 -9.002790 -5.300864 16.497529 -0.279070 -0.145742  1.083388  -2
  1  1  0.938300 -5.135259 -8.846531 -6.881403 -0.147841 -0.163714  0.251066  -5
  1  1  0.938300  7.825777 -1.232991 22.626386  0.182725 -0.005356  0.953349  -1
  1  1  0.938300 -2.014823  8.209068  2.405401 -0.104405  0.242569  0.421764  -7
  1  0  0.938300-26.621648  0.136056  0.593247 -0.581831  0.025673  0.459009  -5
  1  1  0.938300  6.385780 -8.349747 18.609671  0.011669 -0.151995  1.082963  -1
  1  1  0.938300 13.226279  1.775037 -1.056626  0.294018 -0.004169  0.371063  -3
  1  1  0.938300 -7.640113  0.712195 22.720460 -0.063209  0.005539  1.046648  -1
  1  1  0.938300 11.405641  2.632085  4.464548  0.388455  0.007026  0.623739  -6
  1  1  0.938300 10.291489 18.385493 -2.982373  0.344770  0.479730  0.436371  -4
  1  1  0.938300 19.219592  4.251325 11.891373  0.344020  0.171010  0.835735  -4
  1  1  0.938300  2.737945-20.820773 16.485050  0.106122 -0.493825  0.883921  -3
  1  1  0.938300  6.466471 -5.544190 13.832118  0.182306 -0.136035  0.776903  -1
  1  1  0.938300 11.221344-10.112570  6.366588  0.203169 -0.248569  0.547124  -3
  1  1  0.938300 17.628404 -9.613262 -0.052369  0.413687 -0.243735  0.470013  -3
  1  1  0.938300 17.517049 -2.348098  5.749362  0.285199  0.010534  0.604131  -5
  1  1  0.938300 -7.557965  5.565173 13.777173  0.015696  0.092353  0.686310  -1
  1  1  0.938300 -8.458911  3.252485 18.842039 -0.075937  0.050989  0.831685  -1
  1  1  0.938300  3.693584  6.837693  5.391892  0.273995  0.200016  0.574421  -4
  1  1  0.938300 -2.519070  2.733499 11.273972  0.107386 -0.088393  0.776471  -3
  1  1  0.938300  4.082627  3.955844 15.749452 -0.034642 -0.065922  0.868006  -1
  1  1  0.938300-29.235426 -5.590909 -9.595284 -0.667682 -0.104344  0.280023  -2
  1  1  0.938300 -7.888873  0.030942 12.880999 -0.240252 -0.115181  0.816672  -1
  1  1  0.938300  9.349001-18.581206  7.470727  0.259835 -0.269506  0.618594  -4
  1  1  0.938300-12.863067-10.696472  0.917295 -0.224849 -0.111575  0.425980  -4
  1  1  0.938300  4.062024 -4.413054  8.282363  0.059332 -0.175472  0.639641  -2
  1  1  0.938300  7.071046 -5.785907  5.511679  0.140619 -0.016420  0.497431  -3
  1  1  0.938300  2.232290  9.507935 18.307073  0.155436  0.120419  0.967613  -1
  1  1  0.938300-22.727420 -6.532024  7.559855 -0.485646 -0.227674  0.796760  -2
  1  1  0.938300-12.388574 -0.009621 20.989066 -0.283491  0.003671  1.065660  -3
  1  1  0.938300  0.442991 -9.491185 11.759093 -0.069246 -0.288906  0.902600  -4
  1  1  0.938300 -3.515519-24.158066 -5.511866 -0.145961 -0.554702  0.392264  -3
  1  1  0.938300  7.957772  1.186236 17.146512  0.279745  0.054027  0.945909  -1
  1  1  0.938300-24.419915  9.661292  3.934795 -0.481224  0.082869  0.619941  -5
  1  1  0.938300-11.296501 -5.369452-20.187470 -0.092575 -0.133922  0.079061  -3
  1  1  0.938300 -3.980701-10.036451 -8.326250 -0.239296 -0.173776  0.214234  -7
  1  1  0.938300-27.349222  3.439010 13.496675 -0.483135  0.035907  0.849137  -3
  1  1  0.938300 -1.323695 -0.820915 23.788954  0.010264  0.001039  0.885413  -1
  1  1  0.938300 31.943562 -3.450358 -7.367728  0.675196 -0.132271  0.348097  -3
  1  1  0.938300-20.397714  0.628180  0.556558 -0.291773  0.019249  0.600979  -2
  1  1  0.938300 -1.674868 -4.025226 25.186089 -0.012181 -0.113598  1.126287  -1
  1  1  0.938300 -9.525913-15.564595  1.151148 -0.241494 -0.363617  0.519253  -5
  1  1  0.938300  4.601110 -4.430976 23.735767  0.018862  0.004037  0.931199  -1
  1  0  0.938300-12.257350  7.987555 -5.534059 -0.182454  0.146521  0.333707  -5
  1  0  0.938300  2.329053 -9.707976 17.583089  0.132155 -0.060071  1.046150  -1
  1  0  0.938300 -8.513348  2.634369 16.426064 -0.213677 -0.035487  0.924252  -2
  1  0  0.938300 10.698128-11.848542  4.949372  0.179896 -0.314868  0.676505  -5
  1  0  0.938300 -9.255850  0.659349 18.652112 -0.126374  0.090819  0.967197  -1
  1  0  0.938300 11.020222  3.784862  0.104059  0.178971 -0.015615  0.462023  -5
  1  0  0.938300 13.338080  8.302180 -7.939069  0.290650  0.330689  0.321776  -3
  1  0  0.938300-11.029267 34.626588 -4.089620 -0.210283  0.731131  0.498020  -3
  1  0  0.938300 -3.586124 -2.554305  3.620897 -0.058198 -0.079295  0.491964  -2
  1  0  0.938300 -9.485997  2.586961 14.718233 -0.249763 -0.071332  0.852630  -1
  1  0  0.938300 -2.341119  2.817385 10.576834 -0.061745  0.183557  0.727976  -3
  1  0  0.938300  1.712988-10.198401  9.077372 -0.031243 -0.296002  0.829772  -2
  1  0  0.938300 -4.852779 -2.300605 13.737491 -0.101521 -0.213510  0.847381  -8
  1  0  0.938300 -4.575032 -7.863324 16.371752 -0.155845 -0.193768  0.833935  -5
  1  0  0.938300 -9.390353  4.545199 14.178406 -0.120320  0.095142  0.854188  -1
  1  1  0.938300 17.926423  0.064514-19.037387  0.327956 -0.022422 -0.017737  -3
  1  0  0.938300-12.730063 -9.902000  5.424788 -0.249695 -0.074310  0.482193  -3
  1  0  0.938300-17.761636 -2.394308  0.964388 -0.387276 -0.188250  0.523096  -2
  1  0  0.938300 16.366181  0.096600 -6.970841  0.352182 -0.064587  0.416495  -6
  1  0  0.938300  2.136711  7.404455 21.092819  0.103352  0.016535  0.914345  -1
  1  0  0.938300  1.466896 11.023402 23.736988 -0.007170  0.126135  1.065592  -1
  1  0  0.938300 -7.206537  3.037797 15.766303 -0.134878 -0.053975  0.949692  -2
  1  0  0.938300  5.833372-13.855672  7.105713  0.016578 -0.269128  0.532650  -4
  1  0  0.938300 -8.341280  5.850697  5.432909  0.021163  0.096377  0.504226  -2
  1  0  0.938300  8.404234 -6.695743 17.131061  0.061424 -0.011407  0.773693  -1
  1  0  0.938300-24.380577-20.502717 -4.671055 -0.607615 -0.434325  0.328495  -7
  1  0  0.938300 12.955045 13.944407 -8.463550  0.302627  0.196194  0.145415  -2
  1  0  0.938300 -9.963318  4.268994  1.507388 -0.140217  0.045768  0.486704  -4
  1  0  0.938300 -3.294831  3.992602 19.639089  0.006540 -0.000228  1.017513  -1
  1  0  0.938300  3.464993-12.792498 18.003978  0.078468 -0.132302  0.780753  -1
  1  0  0.938300 12.416654 -2.974558-15.886880  0.170620 -0.104012  0.034978  -5
  1  0  0.938300  9.613475 10.095024  9.696435  0.161699  0.144358  0.724419  -5
  1  0  0.938300 11.360598  2.640300  4.458341  0.304097  0.007178  0.562662  -3
  1  0  0.938300 -4.957135 -2.836925 18.602239 -0.066184 -0.011326  0.876492  -1
  1  0  0.938300  8.242230  2.828464 13.203493  0.183131  0.160088  0.834957  -1
  1  0  0.938300 18.986024 -4.760690 12.088339  0.377773 -0.143086  0.797841  -2
  1  0  0.938300 -8.981164-17.620185 -6.131997 -0.083923 -0.273500  0.267741  -9
  1  0  0.938300 10.287935 11.909656 -6.174399  0.083641  0.144044  0.335517  -2
  1  0  0.938300 -0.153001 -7.173724 -6.533530 -0.106963 -0.184165  0.328983  -3
  1  0  0.938300 10.055817 -4.608634 10.679230  0.181726 -0.071973  0.693740  -1
  1  0  0.938300 -5.031037 -4.948251 -6.893754 -0.216334 -0.141903  0.318794  -4
  1  0  0.938300 -5.751887-21.417038  4.480938 -0.247420 -0.503425  0.653833  -2
  1  0  0.938300  5.420609 -4.051356 -0.450691  0.145805 -0.175499  0.488178  -5
  1  0  0.938300 11.816934  7.068795-11.587483  0.274031  0.138740  0.191491  -3
  1  0  0.938300  8.225911 -2.987064 14.385881  0.089189 -0.111392  0.652286  -1
  1  0  0.938300-18.977088  0.891233  0.793370 -0.371126 -0.038635  0.459294  -9
  1  0  0.938300 14.464651-15.668840  0.699535  0.250015 -0.218181  0.437007  -3
  1  0  0.938300  5.101764  9.328952-21.084947  0.168934  0.184215 -0.151274  -3
  1  1  0.938300-13.336038 -4.975743-25.268596 -0.398689 -0.033091 -0.125839  -6
  1  0  0.938300  5.229366 -5.143215 15.439171  0.160337 -0.113459  1.085917  -1
  1  0  0.938300  2.191532  1.901214-17.153868  0.070854  0.048405 -0.082217 -10
  1  0  0.938300-11.147819-22.850182 -5.227256 -0.254312 -0.444654  0.344271  -3
  1  0  0.938300  9.036508 -5.459332 15.695221  0.163521 -0.180243  0.823468  -8
  1  0  0.938300  1.852900 17.575170-12.961787  0.092877  0.243708  0.175637  -6
  1  0  0.938300 -3.576441  8.453760 30.062560 -0.036484  0.130069  1.274920  -1
  1  0  0.938300  9.423193 11.349700 -4.281107  0.135838  0.232220  0.417120  -6
  1  0  0.938300-10.207011 22.610593-16.528830 -0.115156  0.526670  0.010564  -3
  1  0  0.938300-18.122120  0.416891  7.745690 -0.280425 -0.124569  0.707517  -5
  1  0  0.938300-14.640743 -2.206951  6.071802 -0.245017 -0.052605  0.585631  -4
  1  0  0.938300  0.463557 -2.989321 11.491429  0.095886  0.001676  0.769654  -1
  1  0  0.938300-19.456410  7.400610  8.578280 -0.361485  0.107650  0.625105  -7
  1  0  0.938300-15.581067 25.708754 -1.215672 -0.304191  0.533861  0.549225  -4
  1  0  0.938300 -0.079404 18.279727 -2.703248  0.004058  0.359982  0.335478  -5
  1  0  0.938300 -0.479870 19.051136  7.217078 -0.026343  0.240997  0.574843  -2
  1  0  0.938300-11.056861  1.464565 18.086583 -0.083759  0.087670  0.948987  -1
  1  0  0.938300  9.049871-16.776444  2.703368  0.229552 -0.317738  0.573459  -5
  1  0  0.938300-12.942168 -4.195828 13.618098 -0.229973 -0.138857  0.865569  -9
  1  0  0.938300 -3.563164 -8.346471-14.922679 -0.160278 -0.093900  0.013432  -2
  1  0  0.938300  6.171634-18.434753 -9.268490  0.177323 -0.416747  0.289692  -4
  1  0  0.938300 -8.673477 -4.161997  9.924554 -0.092406 -0.021477  0.664045  -1
  1  1  0.938300 20.736669 -1.247016 10.310209  0.369722 -0.108165  0.668451  -5
  1  0  0.938300 11.723951  7.367748 17.117265  0.116456  0.150210  0.865598  -4
  1  0  0.938300  5.099862-16.836465  7.408605  0.046764 -0.293040  0.690963  -6
  1  0  0.938300 -3.617750 11.133479 17.166556  0.002992  0.210496  0.926349  -2
  1  0  0.938300  1.790584 12.117551 22.249983  0.069610  0.124072  0.930640  -1
  1  0  0.938300  0.884045 -2.356694 16.602424  0.016107 -0.125845  0.900238  -1
  1  0  0.938300 15.189771-14.903528-13.236427  0.361420 -0.355420  0.136816  -3
  1  0  0.938300-13.114102 -6.336925  8.493222 -0.174878 -0.047320  0.604655  -4
  1  0  0.938300-18.451956  0.113786  0.550855 -0.426445  0.031099  0.499336  -3
  1  0  0.938300 -1.568189 -3.857414 21.866860 -0.060058  0.064923  1.001131  -1
  1  0  0.938300 12.886283 23.560916  0.795773  0.326079  0.504222  0.617175  -4
  1  0  0.938300  3.669798-18.766170 -7.542987  0.064635 -0.406091  0.261487  -7
  1  0  0.938300 -1.742469  8.255555 -2.008005 -0.097775  0.192519  0.409700  -6
  1  0  0.938300-23.198739 -4.296474-10.340469 -0.549764 -0.080194  0.350792  -2
  1  0  0.938300  1.196148-10.365662 19.874304  0.085160 -0.130696  0.958692  -1
  1  0  0.938300 -1.622223-19.817125 10.669280  0.111345 -0.388080  0.695949  -7
  1  0  0.938300 -1.796569  7.090011 -4.349434 -0.068178  0.041175  0.350632  -5
  1  0  0.938300 10.342245  7.553260-13.011786  0.158713  0.016903  0.185826  -4
  1  0  0.938300 -3.397287 -9.315266 15.543924 -0.009098 -0.022306  0.680686  -1
  1  0  0.938300 -7.582967  3.370817  8.497674 -0.130702 -0.057656  0.703413  -1
  1  0  0.938300-11.449995  8.083828 15.999635 -0.297678  0.172684  0.925639  -3
  1  0  0.938300-10.128937  4.500005 16.887442 -0.312831 -0.014443  0.888445  -1
  1  0  0.938300-19.431321  2.707220  1.969912 -0.348296  0.035573  0.592096  -4
  1  0  0.938300-20.685043 -2.741045 -6.365111 -0.487185 -0.042090  0.297408  -4
  1  0  0.938300 -9.104246  5.872811 15.303434 -0.117798  0.015754  0.865814  -1
  1  0  0.938300 10.022246  0.207395 -0.156570  0.234449  0.021604  0.552012  -3
  1  0  0.938300  8.869687 -1.104073  6.581256  0.248860 -0.064083  0.630345  -6
  1  0  0.938300 24.017647 -3.214729-12.070415  0.454367  0.034391  0.222746  -4
  1  0  0.938300  1.290579  4.093120 14.513605  0.113799 -0.046368  0.866125  -3
  1  0  0.938300  1.766123  4.107774  9.585049  0.059986  0.068645  0.686616  -1
  1  0  0.938300  7.832527 15.159837  0.789971  0.194997  0.265498  0.407192  -4
  1  0  0.938300  4.744217  4.181176 -6.790903  0.050143  0.107921  0.251739  -5
  1  0  0.938300-21.627111-12.822012  1.533210 -0.343300 -0.206400  0.518281  -2
  1  0  0.938300  2.887334 12.091027  2.519835 -0.000883  0.217689  0.560427  -2
  1  0  0.938300 -2.851547  3.811363 10.794995  0.000275 -0.048268  0.636912  -1
  1  0  0.938300 -8.327154-18.459981  9.136312 -0.178063 -0.405805  0.874975  -3
  1  0  0.938300  9.700297 -3.666028 12.787520  0.199134  0.022134  0.749244  -2
  1  0  0.938300  2.381199 -5.126255 20.010144 -0.030667 -0.033761  0.909368  -1
  1  0  0.938300 -4.178094 -0.805766  9.438052  0.001821 -0.159676  0.680464  -2
  1  0  0.938300 11.925403  3.643863 18.841350  0.077720 -0.020857  0.989189  -1
  1  0  0.938300 -7.591772  3.648543  8.541575 -0.069707  0.049805  0.801268  -3
  1  0  0.938300 -0.148329-13.271276 -5.528416 -0.062574 -0.192173  0.326380  -3
  1  0  0.938300 10.492758 14.480328 12.286250  0.226160  0.365289  0.898441  -5
  1  0  0.938300 -3.298801  0.910450 16.303541  0.043285  0.021374  0.987332  -7
  1  0  0.938300 -2.843985-13.296507 13.592768 -0.046510 -0.238621  0.656894  -1
  1  0  0.938300-12.205565 -2.493690 24.334807 -0.156622 -0.084494  1.182685  -1
  1  0  0.938300  3.522837 -6.781185-13.421103 -0.001628 -0.194209  0.145590  -5
  1  0  0.938300-10.096483  4.430388  3.094426 -0.166413  0.143012  0.450130 -10