  1  1  0.938300 -7.798901  6.839642-13.733102 -0.100093  0.105914  0.270527   1
  1  1  0.938300 -4.367104 -1.146997-14.877460 -0.042750 -0.130969  0.035271   1
  1  1  0.938300-19.517746 -4.707497  9.998227 -0.287409 -0.069149  0.698875   3
  1  1  0.938300 -2.116685 -8.097903  7.361786  0.027823 -0.017084  0.572071   5
  1  1  0.938300 -2.368152  7.087164-14.730446 -0.046292  0.025751  0.048903   4
  1  1  0.938300 -4.868380 -6.161534-13.064849 -0.117698 -0.124369  0.206834   1
  1  1  0.938300  7.694747 14.932602 -1.608585  0.142044  0.281464  0.412637   2
  1  1  0.938300 -8.458363 -0.952562 13.931186 -0.051590 -0.037126  0.762433   3
  1  1  0.938300-17.444625  3.544975-15.500065 -0.281118  0.162002  0.047575   2
  1  1  0.938300 -7.000212  2.601576 -4.722636 -0.101099  0.189248  0.273186  11
  1  1  0.938300 -6.005367  1.484557-16.959882 -0.032675  0.066134  0.144533   1
  1  1  0.938300 15.501047 -8.929185 13.023389  0.214102 -0.146793  0.675699   2
  1  1  0.938300 -7.825893  2.447498 14.206122 -0.014925  0.115407  0.919678   6
  1  1  0.938300 16.908236-10.356511 -7.691678  0.306742 -0.223652  0.305549   4
  1  1  0.938300 18.964904  4.329383 -9.059766  0.515401  0.126006  0.288894   4
  1  1  0.938300 -0.928766  2.257752-15.221571 -0.090863  0.083962 -0.054138   1
  1  1  0.938300  5.367999 -4.751021-10.356187 -0.018681 -0.066557  0.203936   6
  1  0  0.938300 -1.671619  1.566840-22.714711 -0.032998  0.045559 -0.087901   4
  1  1  0.938300 -3.968963 26.126146  9.395338 -0.164180  0.486181  0.755540   4
  1  1  0.938300-12.271650 -3.421041  1.606858 -0.207241 -0.074611  0.519196   3
  1  1  0.938300  0.602376 -3.851769 10.253886  0.027212 -0.042951  0.627123   2
  1  1  0.938300  2.209260 15.109359 13.917096 -0.008965  0.342978  0.989795   4
  1  1  0.938300-19.247942-21.782804-14.412717 -0.428034 -0.492444  0.015825   3
  1  1  0.938300 12.475431 -3.579558-11.891338  0.214645 -0.095501  0.101565   2
  1  1  0.938300 13.990340 15.112346 -1.802003  0.204777  0.201964  0.376543   4
  1  1  0.938300 -1.213922  9.298324-20.570572  0.026945  0.072592 -0.042499   1
  1  1  0.938300 19.229911 23.582597-10.032316  0.379105  0.497660  0.328962   2
  1  1  0.938300 10.440250  0.870717 -2.550161  0.250516  0.148348  0.418237   4
  1  1  0.938300 -0.122169 15.764761-12.009325 -0.016125  0.234559  0.192196   2
  1  1  0.938300 17.563177  3.164644 -8.799505  0.372005  0.060140  0.255572   3
  1  1  0.938300 -9.070806  1.329299-15.063383 -0.141830  0.121600  0.040221   1
  1  1  0.938300-10.054277  2.844120-19.407750 -0.112579  0.046435 -0.079794   1
  1  1  0.938300  2.947156 13.037884  2.731281 -0.001704  0.210198  0.410272   6
  1  1  0.938300-21.357534 -2.108828-12.965404 -0.306118  0.049854  0.171193   3
  1  0  0.938300 -8.441767 25.418068-15.564104 -0.311699  0.577340  0.139025   6
  1  0  0.938300 -6.187612  8.938547-10.054383 -0.127533  0.260281  0.221502   1
  1  1  0.938300  5.469233  4.178265-12.942367  0.205529  0.098671  0.072305   1
  1  1  0.938300  3.872289  4.410011-20.093866 -0.014238  0.097406  0.059467   1
  1  1  0.938300 -3.204641 -2.003726-14.151514 -0.008329  0.068930 -0.058134   2
  1  1  0.938300 14.025154 22.822708 -9.152259  0.197725  0.390954  0.277361   2
  1  1  0.938300  6.540292  3.831071-22.581002  0.095288  0.064624 -0.003929   1
  1  0  0.938300 12.334355 -3.405910  0.497248  0.330478 -0.055129  0.576744   5
  1  1  0.938300  7.426548 -0.161323  1.575100  0.161772  0.115213  0.567721   7
  1  1  0.938300  1.473888 -5.304307 -7.051077 -0.055744  0.004336  0.180949   5
  1  1  0.938300 -7.837156  0.912014-21.406324 -0.168269  0.056862 -0.064297   1
  1  1  0.938300 -8.444694  8.418021-16.834633 -0.075147  0.125868  0.160797   1
  1  1  0.938300 -8.061913-17.304241 -6.290309 -0.198171 -0.446610  0.296560   6
  1  1  0.938300  0.573415 14.163050  8.798964  0.010907  0.288614  0.655225   3
  1  1  0.938300  3.829242  9.915830  6.442167  0.120524  0.226771  0.546288   4
  1  1  0.938300 19.570965  5.671639 -4.300598  0.316458  0.129707  0.419019   5
  1  1  0.938300 -3.477854 13.342650-14.419850  0.032406  0.153167  0.165433   1
  1  1  0.938300  1.020978 -7.994075 -2.882593  0.084830 -0.145119  0.343793   4
  1  1  0.938300 -9.334052 22.339695  2.416938 -0.168548  0.498563  0.580015   3
  1  0  0.938300 10.885353 -9.133911  2.242385  0.232183 -0.074015  0.438049   6
  1  1  0.938300-10.383743-12.544167 -2.071693 -0.228773 -0.234603  0.469248   5
  1  1  0.938300 -8.562423  2.910951-20.294945 -0.022911  0.065756 -0.001779   1
  1  1  0.938300 13.129110-17.752453  3.003179  0.255165 -0.257492  0.496380   2
  1  1  0.938300 16.571974-14.758305  1.185740  0.325941 -0.228937  0.598946   3
  1  0  0.938300 20.837023 13.337276 -0.628959  0.422183  0.301570  0.445901   6
  1  1  0.938300 15.704205  7.649837 -3.142568  0.286844  0.227200  0.422694   2
  1  1  0.938300 -1.630448 11.405128-17.574124  0.099665  0.155336  0.118162   1
  1  1  0.938300 12.564034-18.825417 11.877637  0.243228 -0.441963  0.802450   5
  1  1  0.938300  5.872784  1.908029-15.170377  0.032682  0.057899  0.159388   1
  1  1  0.938300 -4.574491-11.605017 -1.999666 -0.033630 -0.247473  0.459929   2
  1  1  0.938300 -1.355367  8.220426 -0.583738 -0.165393  0.078649  0.425898   5
  1  1  0.938300 -0.614461-14.619823-15.592227 -0.089713 -0.260406  0.173510   1
  1  1  0.938300  8.497923 24.106277 -4.644604  0.267227  0.544134  0.353099   3
  1  1  0.938300-27.817236 -7.917661  3.133819 -0.554848 -0.169642  0.570760   3
  1  1  0.938300  9.186462-19.604502 13.506136  0.116769 -0.370698  0.813339   3
  1  1  0.938300  3.049249  5.191804-22.644271  0.101850  0.128046  0.019465   3
  1  1  0.938300  7.175131-10.438191-13.751140  0.192919 -0.242088  0.156763   1
  1  1  0.938300  0.703883 -9.742621-10.433725 -0.028339 -0.160970  0.172345   2
  1  1  0.938300  3.536871-13.098999  2.302948  0.072934 -0.351485  0.498124   5
  1  1  0.938300 -3.240016  8.176232-11.669040 -0.064954  0.106404  0.003982   2
  1  1  0.938300 32.320904 12.178474 -1.967244  0.709144  0.324072  0.530237   2
  1  1  0.938300 -4.012864 11.342047-20.116502 -0.057604  0.255708  0.099448   1
  1  1  0.938300  2.110119 11.787101-22.712470  0.026123  0.165975 -0.112734   1
  1  1  0.938300 15.929236 -2.088491-18.410127  0.248910  0.046026 -0.024134   3
  1  1  0.938300-10.608492 -8.785630-18.480616 -0.232103 -0.167703  0.125418   6
  1  0  0.938300 12.485923 -1.386469 -6.634916  0.167432 -0.089953  0.235842   3
  1  0  0.938300 -6.758984 -1.884636-19.791742 -0.003258  0.041219 -0.007252   1
  1  0  0.938300  3.416762  8.094406  5.387704  0.072205  0.210409  0.645917   3
  1  0  0.938300 16.588110  6.728131  7.083713  0.331030  0.018791  0.667572   5
  1  0  0.938300  7.097275 -9.093022-17.360571  0.101369 -0.233225 -0.000528   1
  1  0  0.938300  6.779567 -8.586607-20.658324  0.133978 -0.103415 -0.226018   3
  1  0  0.938300 -1.614102-12.210121-15.977754 -0.050804 -0.168344  0.081714   1
  1  0  0.938300 -1.270859 -6.942989  7.439672  0.102919  0.059441  0.591531   7
  1  0  0.938300-13.460602  3.425135 -8.066175 -0.274270  0.088470  0.264265   5
  1  0  0.938300 -4.819691  7.507465-17.360876  0.049479  0.140900 -0.023296   5
  1  0  0.938300  1.785325  8.607825  7.593857  0.212217  0.121532  0.634030   2
  1  0  0.938300  2.768129  9.119048-13.964547  0.009826  0.072971  0.204082   1
  1  0  0.938300  6.382426  0.907814-12.005817  0.047156 -0.087210  0.231341   3
  1  0  0.938300 10.624764 -4.678443-17.219133  0.113833 -0.243376  0.071153   2
  1  0  0.938300 13.325976  6.966165 16.269320  0.435127  0.177421  0.859766   4
  1  1  0.938300-23.374996 13.501831-23.860663 -0.574096  0.253982 -0.079983   2
  1  0  0.938300  5.169958  3.516003-20.369683  0.076810 -0.054734  0.100518   1
  1  0  0.938300 -9.874492 12.493425  7.678532 -0.217161  0.354919  0.659549   9
  1  0  0.938300  3.413356  9.019852 12.614472  0.068667  0.312861  0.915090   3
  1  0  0.938300 -5.788908-13.608045 -4.853547 -0.224907 -0.389180  0.373498   3
  1  0  0.938300 17.411996 18.149168 -8.097481  0.306198  0.352771  0.284703   2
  1  0  0.938300  9.005962  2.630612-16.904500  0.057769 -0.066107 -0.097841   1
  1  0  0.938300 -7.231100  1.627704  7.010178 -0.274386  0.084862  0.669995   3
  1  0  0.938300 -9.564395 -0.216086-10.162636 -0.295616 -0.080880  0.198959   3
  1  0  0.938300-10.275882 -8.282939 -6.291062 -0.145159 -0.102268  0.235968   5
  1  0  0.938300  7.034645  6.401968  3.049610  0.146056  0.088323  0.633035   4
  1  0  0.938300 -2.036862  5.285467-16.903022 -0.063909  0.039012  0.086594   1
  1  0  0.938300-12.897284  5.035769-16.649907 -0.157048  0.146028  0.069996   1
  1  0  0.938300 14.636574  4.105044 18.897633  0.191632  0.117245  1.044202   3
  1  0  0.938300-18.868738-10.661857 -0.294243 -0.324882 -0.141025  0.562523   2
  1  0  0.938300-11.598035  8.710981 -6.088368 -0.252610  0.228283  0.320265   4
  1  0  0.938300  2.225737-10.314064-11.937224 -0.013378 -0.095206  0.216710   1
  1  0  0.938300-19.560904 16.723616  4.467813 -0.375165  0.357641  0.561152   2
  1  0  0.938300 10.281699  1.255655 -2.502956  0.353638  0.132923  0.381341   2
  1  0  0.938300-15.603332 14.311645 22.698322 -0.402041  0.307842  1.208089   7
  1  0  0.938300 21.570957-12.122757  8.754697  0.461599 -0.333579  0.717860   3
  1  0  0.938300  4.464608 -2.093029 -9.131380  0.119373 -0.085201  0.195754   1
  1  0  0.938300-12.702491-12.049562-11.215072 -0.154288 -0.304662  0.199244   4
  1  0  0.938300  5.614470-10.925128  7.066148  0.208710 -0.186865  0.637104   4
  1  0  0.938300 -5.870301  9.570716 -1.652838 -0.131341  0.159860  0.372346   4
  1  0  0.938300  9.998798-10.867832-16.690446  0.204622 -0.058071  0.108873   2
  1  0  0.938300  3.634180  8.594119-21.631333  0.157526  0.164412  0.094634   1
  1  0  0.938300  3.328861  9.300700 -3.219238  0.136747  0.214129  0.277498   9
  1  0  0.938300 -5.401364-19.974505  2.881860 -0.140388 -0.312219  0.610710   3
  1  0  0.938300  3.571314  5.444433  3.976582 -0.070139  0.062271  0.592287   5
  1  0  0.938300 -4.361506 -1.793149 -5.856774 -0.197377 -0.002343  0.360239   7
  1  0  0.938300 -7.273561  3.795420-19.277487 -0.068870  0.048305 -0.119615   1
  1  0  0.938300  7.017683 -1.642402 -9.048192  0.058356 -0.055697  0.200753   5
  1  0  0.938300  2.847524 -4.346149-13.725072  0.031076 -0.053938  0.075891   1
  1  0  0.938300-11.314976 20.374749 -6.838717 -0.249673  0.439884  0.254777   9
  1  0  0.938300-15.116262-11.566393  7.139270 -0.243639 -0.238294  0.622414   5
  1  0  0.938300 -6.146904 -1.638018-24.169263 -0.124623 -0.080331 -0.175085   1
  1  0  0.938300  9.693067 -4.380378  7.598039  0.360483 -0.161700  0.817810   5
  1  0  0.938300  7.026525  1.704155 -6.192926  0.173940  0.021589  0.298928   3
  1  0  0.938300-13.630529 -8.270066  0.139264 -0.211639 -0.054293  0.439323   3
  1  0  0.938300-15.439731 -2.798724  7.289848 -0.368980 -0.163739  0.785531   4
  1  0  0.938300  4.289808  3.352649-19.615184  0.084702  0.128620  0.001258   1
  1  0  0.938300 23.112054 -1.515161-10.916334  0.545041  0.076446  0.181531   2
  1  0  0.938300 -7.200935 -3.913265-10.346605 -0.148059 -0.062108  0.206694   2
  1  0  0.938300  1.123783 -3.474254 -8.316258 -0.070932 -0.187642  0.244705   7
  1  0  0.938300 13.074743 -7.353792 12.893990  0.249792 -0.190107  0.817100   3
  1  0  0.938300 -4.213028 -2.524795-19.727030 -0.063367 -0.092077  0.091886   1
  1  0  0.938300 15.765299 20.218916 -6.657375  0.250643  0.455289  0.302376   5
  1  0  0.938300  6.090919  4.019539 -4.376947  0.160737  0.046784  0.347822   4
  1  0  0.938300 15.077512-15.748740 -9.626599  0.299726 -0.349773  0.244340   5
  1  0  0.938300  8.658811 -2.485610-19.897407  0.056752 -0.024994  0.090582   1
  1  0  0.938300-11.199432 -6.312063-18.309377 -0.229359 -0.066525 -0.078499   1
  1  0  0.938300-22.616081 10.373879 -1.969148 -0.497084  0.194548  0.377421   2
  1  0  0.938300 -2.712098-25.072319 -5.669746 -0.121177 -0.510902  0.303493   5
  1  0  0.938300  4.379049  5.049259-14.325082  0.006836  0.030519  0.067627   1
  1  0  0.938300-11.423829  2.795565-22.820191 -0.164974  0.048636 -0.165820   2
  1  0  0.938300 -8.127079 -2.096291-18.150063 -0.154114 -0.100322  0.018009   1
  1  0  0.938300  8.651550  5.792449-15.916626  0.103962 -0.033734  0.105002   1
  1  0  0.938300 -4.434067  9.577893-20.243092 -0.016253  0.172430  0.073116   1
  1  0  0.938300-11.035940-18.033092 -9.933902 -0.222645 -0.287497  0.191274   2
  1  0  0.938300  3.596447 11.579462 -9.941587  0.100792  0.262120  0.162062   6
  1  0  0.938300-10.203712  3.149277 -6.678721 -0.090369  0.086759  0.379868   1
  1  0  0.938300 11.946479  0.725583  1.329460  0.247583  0.026090  0.501592   3
  1  0  0.938300 -0.375935  3.967619 12.459251 -0.033715 -0.081562  0.964511   7
  1  0  0.938300-13.628903-10.113654 14.480931 -0.208678 -0.157032  0.822101   3
  1  0  0.938300 -6.501971 20.872690  1.133291 -0.102336  0.335625  0.479486   5
  1  0  0.938300 -2.632054  6.735031-12.845325 -0.012230  0.119167  0.063433   1
  1  1  0.938300 16.455876 -2.509280 14.051915  0.510944 -0.130783  0.967331   6
  1  0  0.938300  6.736805  2.640274 -0.273107  0.128241  0.054964  0.444183   5
  1  0  0.938300  0.405215 24.878150-10.558284  0.034549  0.472427  0.222928   2
  1  0  0.938300 -1.703724 -6.943048 16.421713  0.069692  0.046640  0.954023   3
  1  0  0.938300 -8.011342  8.023535-22.192961 -0.160172  0.135713 -0.049076   1
  1  0  0.938300  6.532836 -9.060844-19.875657  0.057358 -0.161854 -0.103030   1
  1  0  0.938300  1.055694 -4.047797-13.780296  0.002034 -0.011219 -0.058573   1
  1  0  0.938300  9.323820  0.159656  7.291758  0.081218  0.111872  0.503201   2
  1  0  0.938300-25.185277 -0.101872-15.113774 -0.687468 -0.145825  0.121939   2
  1  0  0.938300 12.086457  0.097763-13.163623  0.168318  0.097389  0.163847   1
  1  0  0.938300  5.945938  7.665677-10.128480  0.186043  0.275286  0.195822   2
  1  0  0.938300 -4.727195 -4.762603  4.570286 -0.069177  0.026905  0.567301   4
  1  0  0.938300  9.611110  8.003963-18.257014  0.180592  0.028864  0.072832   1
  1  0  0.938300 -3.935618 -7.150586-14.146270 -0.073583 -0.039785  0.108959   2
  1  0  0.938300  4.120092  8.072827-26.725311  0.062631  0.060848 -0.047404   1
  1  0  0.938300 -6.705405 14.809596-12.164039 -0.111194  0.353365  0.159046   2
  1  0  0.938300  7.923984  3.374692  9.928536  0.029176 -0.057245  0.816988   7
  1  0  0.938300 21.393829 -6.723716 -7.530525  0.392221 -0.135355  0.335635   6
  1  0  0.938300  6.606849 -7.396760 -6.770788  0.070222 -0.024870  0.206120   5
  1  1  0.938300 -2.623271  4.380831-10.538341 -0.008090  0.028920  0.124961   2
  1  1  0.938300 10.855711 -4.019218  4.945150  0.076608  0.006372  0.552671   2
  1  0  0.938300 -0.383832  1.914745  1.272246  0.018604  0.097022  0.536835   7
  1  0  0.938300-11.098186 -6.519938  2.153586 -0.183701 -0.016111  0.527055   9
  1  0  0.938300 -8.330011 -8.158197 18.811771 -0.182286 -0.121191  1.037558   4
  1  0  0.938300  5.675840 -9.398141 -1.387427 -0.039312 -0.134947  0.382902   1
  1  0  0.938300 -0.819394-10.510804 10.629756 -0.064042 -0.171835  0.660868   3
  1  0  0.938300 10.063687 12.096551  3.974929  0.142900  0.358915  0.514795   2
  1  0  0.938300 -7.992431-17.477989 -9.151753 -0.162657 -0.257049  0.303488   2
  1  0  0.938300 20.493479  0.748368 16.484060  0.363156  0.056032  0.901175   5
  1  0  0.938300  4.232826  9.737112-18.722585  0.074002  0.125560  0.095951   1
  1  0  0.938300  2.696075  2.888754 -2.859627 -0.051568 -0.056704  0.440281   1
  1  0  0.938300-13.242076 13.391900  0.959883 -0.180797  0.168302  0.476648   3
  1  0  0.938300-12.840425-25.273188 20.976328 -0.287670 -0.545003  1.211996   6
  1  1  0.938300-16.790368 -6.143102-17.332839 -0.438132 -0.121822  0.164447   6
  1  0  0.938300 10.190194  9.447940-18.912523  0.217084  0.167277  0.092526   1
  1  0  0.938300 11.765452 17.125905-16.701611  0.185709  0.425858  0.059754   4
  1  0  0.938300 -2.072459  2.316747 -7.329243 -0.022497 -0.005935  0.160836  -3
  1  1  0.938300  2.442024  7.698736 -2.756882  0.019852  0.117261  0.348520 -13
  1  1  0.938300-28.488512-17.234788 12.105530 -0.545968 -0.339769  0.842924  -2
  1  1  0.938300  1.322818 10.205064 19.648233  0.027716  0.156790  0.966371  -1
  1  1  0.938300 -9.074796  5.813750 16.491109  0.004532  0.028273  0.799648  -1
  1  1  0.938300 -2.559731-25.118869-14.127249 -0.055109 -0.512395  0.089027  -4
  1  1  0.938300-12.308334  4.825559 19.854236 -0.310581  0.124402  1.344751  -3
  1  1  0.938300 14.775648 10.448440 -8.284503  0.289809  0.199614  0.387792  -3
  1  1  0.938300 -3.401927-12.533374 24.609728 -0.044105 -0.106051  1.042360  -1
  1  1  0.938300-11.374796 -3.165331  0.463589 -0.370998  0.049555  0.463120  -4
  1  1  0.938300 13.875785 -0.111536 16.292690  0.074459  0.042870  0.962102  -1
  1  1  0.938300 12.385699  5.004320  2.746897  0.249367  0.041713  0.433400  -8
  1  1  0.938300 10.039443 -4.250626 17.423149  0.056768 -0.026272  1.006772  -2
  1  1  0.938300  1.743508  8.809993 28.374065  0.013106  0.116045  1.080430  -1
  1  1  0.938300  0.526291-13.928145 -0.359860 -0.003153 -0.321067  0.488894  -4
  1  1  0.938300 -1.501077  4.272179 11.438023  0.071234  0.000722  0.777821  -5
  1  1  0.938300  0.891237-13.839650 15.263898  0.064283 -0.223510  0.889308  -3
  1  1  0.938300  5.962055  3.602578 13.239731  0.203444  0.074231  0.940755  -4
  1  1  0.938300  9.925463 -7.718504 14.690195  0.106925 -0.050823  0.845558  -1
  1  1  0.938300-11.859669  7.186769 18.664447 -0.238386  0.194644  0.855693  -1
  1  1  0.938300 -4.128128 24.278645  9.492430 -0.091737  0.628807  0.804852  -4
  1  1  0.938300  7.626960-10.378989  9.097608  0.187684 -0.164105  0.728535  -2
  1  1  0.938300 -6.461557-12.077622  1.486256 -0.005040 -0.230092  0.454650  -9
  1  1  0.938300  4.281560 -7.273999 23.066226  0.093881 -0.183486  1.113391  -1
  1  1  0.938300-13.184452  2.355849 -9.775415 -0.297714  0.104324  0.298016  -8
  1  1  0.938300 -3.218565-10.595963 24.370607 -0.104733 -0.089439  1.073310  -1
  1  1  0.938300-12.298186-10.068044 -5.023710 -0.297719 -0.206215  0.397925  -3
  1  0  0.938300 12.343891 11.081348-15.232145  0.210104  0.204310  0.075620  -8
  1  1  0.938300 -9.152316 16.409720  9.979679 -0.258653  0.424472  0.751381  -2
  1  1  0.938300 14.760576  2.915983  8.003294  0.318952  0.110016  0.731112  -4
  1  1  0.938300 -3.998636 -0.419401 28.618342 -0.071436  0.035847  1.243124  -1
  1  1  0.938300  9.441567 18.135747 16.206374  0.157859  0.388309  1.153244  -4
  1  1  0.938300  4.618741  2.400320 11.482941  0.040849  0.060065  0.874277  -6
  1  1  0.938300  4.852673  6.363025 11.818209  0.125886  0.056712  0.783480  -1
  1  1  0.938300 11.981195 -7.308664  0.478750  0.276054 -0.266799  0.486642  -5
  1  1  0.938300-25.112991 -7.592719 -2.758942 -0.803442 -0.068637  0.575939  -3
  1  1  0.938300  2.431050 -5.665867 15.027558  0.164993 -0.111389  0.975788  -3
  1  1  0.938300 -1.517158-16.869897 -1.974608  0.003936 -0.385274  0.461417  -2
  1  1  0.938300 -2.081771 -8.548986 19.501846  0.026263 -0.041626  1.121201  -1
  1  1  0.938300  3.032888-12.616389 -2.448828  0.012603 -0.311629  0.537769  -2
  1  1  0.938300 -3.229871  3.498208-16.383312  0.024127  0.184429  0.110969  -5
  1  1  0.938300-10.664238  0.738940 17.649193 -0.075393 -0.054372  0.785059  -1
  1  1  0.938300  0.505361 29.104597 -4.983007 -0.036321  0.677205  0.520938  -3
  1  1  0.938300 11.633616 -1.113343 23.426769  0.209920 -0.014072  0.966912  -1
  1  1  0.938300 -8.489007  9.264065 19.973343 -0.020422  0.188820  1.103737  -1
  1  1  0.938300 -8.367735  7.706109 19.741394 -0.090899  0.117804  0.923423  -1
  1  1  0.938300  8.514123 -6.014822  2.497210  0.109268 -0.103522  0.432978  -5
  1  1  0.938300  9.694118-23.117210 -1.257143  0.220493 -0.455117  0.541447  -4
  1  1  0.938300  0.189732 -8.517509 11.094087  0.055154 -0.178662  0.838722  -1
  1  1  0.938300 -2.908244-11.010361 25.612695 -0.085608 -0.115005  1.149291  -1
  1  1  0.938300 -9.512263  3.230440  4.393894 -0.330654  0.149917  0.636301  -6
  1  0  0.938300 -1.774157 28.735213 12.772502  0.019335  0.629924  0.942617  -2
  1  1  0.938300 26.428688  5.386088 11.417889  0.559286  0.118662  0.908498  -2
  1  1  0.938300  8.198614 -3.457994 25.593674  0.165030 -0.073925  1.087067  -1
  1  1  0.938300 -3.698721 13.296301 15.434068 -0.088993  0.209631  0.963739  -1
  1  1  0.938300-30.040832 -6.798823 -1.764695 -0.618614 -0.138565  0.517172  -4
  1  1  0.938300 -7.761049 13.756880 17.358677 -0.135473  0.126473  1.031750  -3
  1  1  0.938300 13.285066 -8.395536  0.239177  0.298191 -0.163158  0.541956  -5
  1  1  0.938300 -4.983404 -4.214068 11.541144 -0.087762  0.003550  0.856732  -1
  1  1  0.938300 11.075356  2.880681 11.748381  0.263858 -0.029317  0.903464  -2
  1  1  0.938300  7.670706 -0.421748 16.279086  0.013335 -0.025927  0.986140  -1
  1  1  0.938300 13.405777 16.763391  4.379459  0.323060  0.410275  0.634513  -6
  1  1  0.938300 -6.847067 -8.954170 15.804468 -0.108491 -0.032122  1.039542  -2
  1  1  0.938300 -3.735852  7.587085 24.428683 -0.135708  0.078545  1.043210  -1
  1  1  0.938300-12.601909 -9.301445 11.046795 -0.236247 -0.079277  0.654496  -6
  1  1  0.938300  5.139803  7.709084-16.051696  0.019133  0.042854  0.082867  -5
  1  1  0.938300 10.021111  2.386105 -1.451505  0.285568  0.007426  0.428798  -5
  1  1  0.938300  8.511984-14.748357 -7.321025  0.094733 -0.205642  0.275355  -2
  1  1  0.938300 -3.396850 11.515129 22.896009 -0.052725  0.084162  1.008755  -1
  1  1  0.938300 -9.100344  3.242234  9.481076 -0.208033  0.156855  0.876934  -2
  1  1  0.938300-20.046507-18.717869 -3.687057 -0.333426 -0.303156  0.351270  -3
  1  1  0.938300  2.870567  2.602884 15.791316  0.089111  0.076454  0.998283  -5
  1  1  0.938300  4.557775 11.520946 -5.776353  0.170830  0.179007  0.268129  -3
  1  1  0.938300 -6.120175 -0.852481 13.373789 -0.002081 -0.056899  0.797218  -1
  1  1  0.938300-10.353309 14.991759 -6.575945 -0.275961  0.397713  0.251044  -9
  1  1  0.938300  1.051558-11.380982 -0.951319 -0.000160 -0.307416  0.434738  -8
  1  1  0.938300  3.173659 -7.821371 14.048149  0.102140 -0.117065  0.806347  -1
  1  1  0.938300-21.907771  0.103762  2.861337 -0.512597  0.104688  0.592482  -3
  1  1  0.938300  1.509661  3.487527 23.001834 -0.033919  0.102680  1.086288  -1
  1  0  0.938300 -3.937758-12.307245  4.669157 -0.077644 -0.215068  0.448166  -2
  1  0  0.938300 -9.188758-11.249962 11.120367 -0.135616 -0.164683  0.715731  -3
  1  0  0.938300-10.538489  7.188353  8.210133 -0.104784  0.208330  0.696708  -7
  1  0  0.938300 -9.270768 18.176938  3.244623 -0.198401  0.277221  0.559357  -2
  1  0  0.938300  3.284716 -7.275128 19.887926  0.131212 -0.182057  0.986591  -1
  1  0  0.938300 -0.072693  7.762423 -5.133645 -0.113341  0.171691  0.476501  -3
  1  0  0.938300  0.130113-12.797570 20.057343 -0.019457 -0.060746  1.014181  -1
  1  0  0.938300  6.190872 -0.391485 21.912174  0.044200 -0.052764  0.951015  -1
  1  0  0.938300  7.891956 -1.246592  2.395604  0.190052  0.167493  0.569756  -3
  1  0  0.938300-13.491185  5.100577 22.200858 -0.185806  0.163177  1.056358  -1
  1  0  0.938300 -0.177815-10.280243 13.767957  0.074118 -0.133839  0.787179  -2
  1  0  0.938300  8.329856 -3.977923  2.277822  0.116196 -0.119153  0.540988  -5
  1  0  0.938300 27.948342-12.667311  4.166330  0.527166 -0.340039  0.748839  -5
  1  0  0.938300 -6.188922  6.416065 15.261069  0.012084  0.062962  0.926136  -1
  1  0  0.938300  7.132588 -0.747986 17.426415  0.044014  0.049498  1.124558  -1
  1  0  0.938300 21.673808 13.023832  4.565018  0.336284  0.189986  0.542585  -2
  1  0  0.938300  2.597936 12.650646 20.123484  0.074671  0.239769  0.869279  -2
  1  0  0.938300  9.346712 -1.834424  2.852373 -0.004021 -0.003130  0.495198  -2
  1  0  0.938300 -4.680301 -8.200136 -0.675408 -0.091889 -0.103714  0.343141  -4
  1  0  0.938300  3.873200 -1.256286 26.063281 -0.024630 -0.092542  1.203066  -1
  1  0  0.938300  9.851452  7.705749 13.293581  0.337242  0.070175  0.838062  -5
  1  0  0.938300 -7.601785  0.149430 -2.005884 -0.121082 -0.080441  0.394199  -5
  1  0  0.938300 -3.406022 -4.601655  4.770968 -0.069570 -0.127822  0.534184  -4
  1  0  0.938300 10.951359  2.640911 -2.633905  0.174417  0.110162  0.420794  -6
  1  0  0.938300  8.236599  5.306308 13.911632  0.197205  0.186064  0.851950  -1
  1  0  0.938300  6.737641 -5.031658 21.285114  0.087103 -0.200217  1.072038  -2
  1  0  0.938300 -2.302105-14.008209  2.792497 -0.116830 -0.214221  0.542547  -5
  1  0  0.938300  7.085238-20.076745 -4.974506  0.123576 -0.372937  0.301333  -6
  1  0  0.938300  4.523760  5.962018 -8.508301  0.155635  0.235531  0.253794  -6
  1  0  0.938300  0.237813 -3.570067 12.907978  0.020989 -0.145294  0.655301  -1
  1  0  0.938300  5.272952  1.622369 -3.138265  0.141594  0.034542  0.359540  -3
  1  0  0.938300 -3.152863  1.169179 -5.133124  0.046360  0.067644  0.311409  -4
  1  0  0.938300 -4.310509-15.017655  1.599054 -0.123303 -0.319775  0.495136  -5
  1  0  0.938300-21.486842 19.938084 -2.245204 -0.357305  0.413372  0.547026  -2
  1  0  0.938300 -1.703105  4.483498 13.872383  0.001910  0.115769  0.978872  -1
  1  0  0.938300 -7.847007 27.298512 -2.347551 -0.185616  0.646105  0.579308  -2
  1  0  0.938300 -5.593848 20.227705 -7.618726 -0.108264  0.320579  0.330090  -5
  1  0  0.938300 -3.995062  6.894044 13.053757 -0.061506  0.183401  0.831842  -1
  1  0  0.938300 -7.824786  3.088646 18.341830  0.044298  0.124182  0.844808  -1
  1  0  0.938300 -8.099778  0.508225 11.433446 -0.231184  0.115468  0.827628  -1
  1  0  0.938300  2.657878-26.878082 -2.805541  0.000219 -0.610277  0.396350  -5
  1  0  0.938300 10.136307  4.669547-12.885706  0.133028  0.043705  0.110619  -4
  1  0  0.938300-13.975281 -8.770942 -2.131697 -0.213784 -0.030053  0.361451  -3
  1  0  0.938300-15.649208  1.505580 14.048238 -0.216157  0.002801  1.003474  -3
  1  0  0.938300  4.192842  4.150211 16.835691  0.049929  0.099787  1.044834  -1
  1  0  0.938300  1.385588  0.792924 13.956013 -0.003832 -0.034813  0.793322  -1
  1  0  0.938300-10.242823-11.188587-13.539465 -0.166841 -0.280458  0.232631  -3
  1  1  0.938300-17.189033  3.480914 16.123377 -0.425383  0.069652  0.981059  -5
  1  0  0.938300-14.127563 12.415547 -7.786049 -0.264261  0.242907  0.299231  -4
  1  0  0.938300  9.507802  1.182745 19.064640  0.095513  0.039442  0.867186  -1
  1  0  0.938300 -3.795796  0.525373 -3.139880 -0.170397  0.030341  0.450167  -5
  1  0  0.938300  8.247205-17.420365 -1.837200  0.219635 -0.282456  0.448400  -4
  1  0  0.938300  4.438570-10.731371-11.338857  0.090232 -0.134981  0.264791  -2
  1  0  0.938300  9.773350  3.963897 16.605811  0.109469  0.149355  1.051636  -2
  1  0  0.938300 12.128822 -1.405647 14.907664  0.130743 -0.118007  0.808029  -2
  1  0  0.938300 -0.879760 10.802142  3.168742 -0.048026  0.199063  0.517735  -3
  1  1  0.938300-17.893016  5.331121 -1.596049 -0.344343  0.068290  0.558695  -3
  1  0  0.938300  1.907423 13.329801 -1.708181  0.066346  0.203137  0.378647  -6
  1  0  0.938300 -2.517965 -6.342130 19.912661  0.077796 -0.041271  0.847458  -1
  1  0  0.938300  9.595178  0.127600 21.946806  0.068899  0.086163  0.983055  -1
  1  0  0.938300  9.702254 14.740661 -2.157990  0.200801  0.328883  0.370550  -8
  1  0  0.938300  3.031211 -4.959569 12.676030 -0.031776 -0.154797  0.743681  -3
  1  0  0.938300-17.238842 -7.944755 20.768541 -0.360036 -0.033402  1.009964  -2
  1  0  0.938300  7.213429 -2.019624 -9.054529  0.048674 -0.034309  0.149006  -6
  1  0  0.938300  6.804354  9.176871 21.663911  0.034308  0.217944  0.995590  -1
  1  0  0.938300-16.163746 -6.081165  2.772018 -0.386890 -0.111929  0.451131  -3
  1  0  0.938300  1.559108 -6.790460 10.738947  0.075608  0.011043  0.679706  -3
  1  0  0.938300-14.007675-31.389375 -4.095065 -0.237630 -0.833581  0.460855  -3
  1  0  0.938300 -7.713296-10.631929 -2.962651 -0.077102 -0.194449  0.360154  -5
  1  0  0.938300 10.511993  2.382847 13.433639  0.088864  0.007659  0.893957  -1
  1  0  0.938300-10.179387-11.312318  0.251122 -0.352594 -0.415952  0.543575  -3
  1  0  0.938300  5.613297  2.775253-11.319632  0.046875 -0.097915  0.174183  -4
  1  0  0.938300 -3.124992 -0.267401 21.369453 -0.095608  0.019693  0.904256  -2
  1  1  0.938300-16.921050 -7.082622  1.529571 -0.359809 -0.307270  0.487034  -3
  1  0  0.938300  8.965220  8.487305 19.703259  0.110740  0.119944  0.970265  -1
  1  1  0.938300  3.642109  5.821257-10.856413 -0.060142  0.037385  0.161904  -4
  1  0  0.938300 -5.684576-10.791859 -5.180027 -0.244887 -0.223723  0.381572  -5
  1  0  0.938300  9.746802 -8.403037 10.711530  0.117035 -0.146569  0.773809  -5
  1  0  0.938300 -0.841571  8.675707 -1.676710 -0.128335  0.184084  0.401312  -4
  1  0  0.938300  7.244540  5.989873 20.026151  0.050197 -0.013071  0.972534  -1
  1  0  0.938300 -8.895644  1.217805  0.019667 -0.001941  0.055916  0.475842  -4
  1  0  0.938300 10.441519-24.881356 -3.821482  0.365146 -0.608516  0.430971  -2
  1  0  0.938300  5.535117 -3.816492 16.907297 -0.026322 -0.124168  1.016463  -1
  1  0  0.938300 10.232845-19.194269-14.750568  0.207893 -0.400565  0.172219 -10
  1  0  0.938300 -1.334959 -8.247953 21.808368 -0.019349 -0.129509  1.028067  -1
  1  0  0.938300-25.391472  1.975826 -5.865987 -0.420866 -0.022161  0.379716  -2
  1  0  0.938300  1.065665 12.792481 14.754881  0.003005  0.390072  0.781617  -5
  1  0  0.938300 -7.481341  7.060483 13.358305 -0.149687 -0.002615  0.784582  -7
  1  0  0.938300-11.319014 -0.922661 -7.649460 -0.176092 -0.076381  0.303195  -6
  1  0  0.938300 -3.895390  1.891973 24.091883 -0.037837 -0.007945  1.115490  -1
  1  0  0.938300 21.570673  3.754664 -8.369161  0.486559 -0.049752  0.315247  -5
  1  0  0.938300 14.842785 -4.130570 -5.359918  0.224981 -0.125997  0.214258  -3
  1  0  0.938300-28.083451  3.904933  9.461822 -0.543202  0.093242  0.805431  -4
  1  0  0.938300 -0.992890  2.335223 -2.040802 -0.063854 -0.064901  0.427319  -3
  1  0  0.938300 11.244451  0.292623 18.846430  0.121047  0.058311  1.123311  -1
  1  0  0.938300-12.876183  5.317302  1.415248 -0.167147  0.126390  0.421706  -2
  1  0  0.938300 23.249099-16.503909 -3.224230  0.451582 -0.280646  0.397762  -4
  1  0  0.938300  5.945870-23.837059-13.738364  0.109335 -0.411708  0.216326  -2
  1  0  0.938300  4.529470 10.111094  2.113247  0.112967  0.246121  0.666324  -3
  1  0  0.938300  0.376654  2.268049  7.364317  0.001307 -0.026071  0.543809  -1
  1  0  0.938300 12.899011  8.653280 -4.321760  0.314535  0.153831  0.404010  -6
  1  0  0.938300-14.084561 -8.610874-22.404024 -0.240071 -0.251291 -0.102923  -2
  1  0  0.938300-10.906430-10.515067  5.406470 -0.273439 -0.207514  0.678694  -7
  1  0  0.938300 29.006564-15.167965  8.563452  0.625377 -0.365418  0.747669  -3
  1  0  0.938300 -3.771236  1.057625 21.365324  0.004255  0.030225  0.976006  -1
  1  0  0.938300-13.667660  6.321294  2.773137 -0.142078  0.121663  0.558317  -4
  1  1  0.938300  3.306174-12.981082 -6.015285  0.063650 -0.171543  0.270243  -3
  1  1  0.938300  9.372783 12.117895  0.207956  0.220187  0.204253  0.399231  -6
  1  0  0.938300 17.200527 14.104630 -1.191614  0.395103  0.276382  0.501869  -3
  1  0  0.938300  7.858544 -0.535235 13.393777  0.029379  0.060685  0.823209  -1
  1  0  0.938300-17.060797-12.889598  0.565653 -0.309587 -0.300814  0.429895  -5
  1  0  0.938300  5.350775-11.897721  6.962563  0.002073 -0.180361  0.554265  -5
  1  1  0.938300  5.711429  6.453085 -2.010723  0.144717  0.116028  0.484081  -4
  1  0  0.938300-18.857152 13.484988 -4.937864 -0.411196  0.326525  0.436467  -6
  1  0  0.938300 -0.961596  2.393834 14.783965  0.004575 -0.080358  1.063132  -1
  1  0  0.938300 11.473262  4.164472 15.746339  0.070464  0.147078  0.896903  -1
  1  0  0.938300 -3.175729  1.225433-21.685024  0.013105  0.049891 -0.180894  -5
  1  0  0.938300-19.584416 -1.673197  7.952094 -0.444691 -0.148738  0.597472  -4