  1  1  0.938300  2.831831  7.744719-19.957668  0.035057  0.181078 -0.066370   1
  1  1  0.938300-30.228564 18.676318  0.615746 -0.612783  0.428996  0.576029   4
  1  1  0.938300  7.691758  9.976817 -1.984893  0.268932  0.217877  0.378073   3
  1  1  0.938300 -6.798133 -4.278881  7.745264 -0.144794 -0.110973  0.627534   2
  1  1  0.938300-23.831551-10.496606  8.521504 -0.432908 -0.264045  0.729482   4
  1  0  0.938300  3.005853  1.609694 -1.410910  0.110295 -0.008209  0.289160   2
  1  1  0.938300-17.899172 10.589915-24.304026 -0.423100  0.217130 -0.197391   2
  1  1  0.938300  3.591327 -3.941269  1.888877  0.127475 -0.172316  0.374684   3
  1  0  0.938300 13.380592 -1.132730  0.283597  0.280637  0.045384  0.481711   5
  1  1  0.938300-12.542223 16.971006 -2.063238 -0.291339  0.407077  0.566318   3
  1  1  0.938300 -1.626273 -7.736511-11.814528  0.041018 -0.132640  0.133731   1
  1  1  0.938300 -3.097474 15.098872-18.642860 -0.164215  0.249868  0.081561   3
  1  1  0.938300 17.755028 20.620211 -9.654534  0.403149  0.478722  0.248490   2
  1  1  0.938300 -3.512043 -8.285101 23.804246 -0.001431 -0.149539  0.939920   2
  1  1  0.938300  5.053512 -9.627635-11.198163  0.071595 -0.221011  0.049260   5
  1  1  0.938300 -4.796428 -6.632865-15.494219  0.029785  0.010344  0.015414   1
  1  1  0.938300 -0.889325 -6.499012 -7.287723 -0.068790  0.011033  0.193104   3
  1  1  0.938300  9.119652  1.456776  0.123956  0.223247  0.004017  0.352770   4
  1  1  0.938300  5.981167  4.576748 15.615748  0.163195  0.261278  0.937479   8
  1  1  0.938300  2.350774-15.806994-16.329065  0.010706 -0.241175  0.132954   2
  1  1  0.938300-10.900151 -0.187528-15.100374 -0.116837  0.080903  0.100721   1
  1  1  0.938300-13.890513 -9.366132 -1.974583 -0.460545 -0.259946  0.377173   4
  1  1  0.938300 -3.129136 20.604083 -5.532312 -0.138937  0.360694  0.395090   3
  1  1  0.938300 14.686249-12.333434 16.347936  0.281238 -0.203860  1.018554   5
  1  1  0.938300 -6.205105  5.676461 -0.309680 -0.048214  0.138866  0.406320   6
  1  1  0.938300  0.864235-12.323122-13.732957 -0.038967 -0.195738  0.161431   1
  1  1  0.938300  7.369051 -5.839697-10.505387  0.179957 -0.120671  0.227864   1
  1  1  0.938300 23.333799 13.104454 -1.121158  0.533458  0.334504  0.443191   2
  1  1  0.938300  7.139347 -3.642362-20.748166  0.094771 -0.008968  0.013390   1
  1  1  0.938300  9.505200 10.821039-17.905121  0.119739  0.190574  0.005041   2
  1  1  0.938300 -6.203324-13.043975-21.724094 -0.023678 -0.178380 -0.082353   1
  1  1  0.938300  6.014178  9.136197-19.465704  0.062272  0.101632  0.074234   3
  1  1  0.938300 16.108742 21.716067 -4.199758  0.267159  0.542175  0.462785   3
  1  1  0.938300  5.998446 12.828758-15.994824  0.084437  0.145237  0.045378   1
  1  1  0.938300 -9.024553 -5.627097 -7.336237 -0.222645 -0.046652  0.211956   4
  1  1  0.938300 -5.995693  9.439063-14.468260 -0.043968  0.116278  0.155128   1
  1  1  0.938300  6.102408 -5.132016  6.264038  0.093963 -0.087389  0.656862   5
  1  1  0.938300-13.910381 -8.716766 -2.129632 -0.286266 -0.146250  0.422901   3
  1  1  0.938300-10.654091 -7.412275-11.677830 -0.229088 -0.180467  0.230578   5
  1  1  0.938300 -7.036845-11.078306 15.924110 -0.049190 -0.283168  0.961421   9
  1  1  0.938300 -2.492199  1.700057-14.672227  0.003152 -0.028410  0.242967   1
  1  1  0.938300 -7.999148  4.905477-18.539832 -0.345593  0.174877  0.029486   3
  1  1  0.938300 13.203717  7.487550  5.068972  0.336629  0.308982  0.664594   4
  1  1  0.938300 -8.176131 13.926321 -4.279374 -0.131121  0.247723  0.251276   2
  1  1  0.938300  0.250433 -4.314441  6.425356  0.088432 -0.152446  0.653570   3
  1  1  0.938300 11.608856 -7.684928-24.083528  0.148742 -0.073098 -0.023461   1
  1  1  0.938300 -0.527904-23.818052 -3.937936 -0.050234 -0.386084  0.445422   3
  1  1  0.938300 -3.916953 -5.968874 -2.132506 -0.235712 -0.146734  0.338655   4
  1  1  0.938300  2.594500 -0.219055 -2.906658 -0.037457  0.154066  0.362468   3
  1  1  0.938300  7.314195 -2.425030-19.162453  0.054768  0.024098 -0.023311   1
  1  1  0.938300-10.869709 -4.039826-15.881691 -0.086231 -0.142042  0.084765   1
  1  1  0.938300 13.482435  8.312751-18.789002  0.322530  0.208637 -0.108419   2
  1  1  0.938300 -6.554589 13.613003-14.182325 -0.129623  0.335039  0.226023   3
  1  1  0.938300 13.062975 -2.582749 13.547790  0.212942 -0.016939  0.751260   3
  1  1  0.938300 -2.326628 -4.108654 11.958872  0.109589 -0.086765  0.802094   8
  1  1  0.938300 -4.309642 -7.002329-20.460031 -0.027853 -0.038068  0.008350   1
  1  1  0.938300  8.766720 -5.784925-12.622195  0.173472 -0.174685  0.179823   2
  1  1  0.938300 -2.782698  1.354576-17.519324 -0.029084  0.082032  0.055813   3
  1  1  0.938300 18.611555 -8.363928  2.027920  0.388168 -0.297539  0.510822   6
  1  1  0.938300 -5.380466-13.343660  9.737195 -0.051085 -0.270190  0.630519   5
  1  1  0.938300  6.510107 -1.753656-25.021593  0.081538 -0.016542 -0.156035   1
  1  1  0.938300 -3.386937  9.611019  8.301706 -0.002299  0.153778  0.673670   2
  1  1  0.938300 -3.091991 -5.495909-15.773113  0.034048 -0.146948  0.145616   1
  1  1  0.938300 -4.366735 -5.628937 -9.463995 -0.154864 -0.096557  0.260008   3
  1  1  0.938300  2.102194 -6.407427-16.609685  0.062956 -0.023034 -0.042141   2
  1  1  0.938300  7.253336 -2.783002-16.286631  0.074963 -0.020447  0.120327   1
  1  1  0.938300 -4.608778 -7.359957-21.297213  0.030961 -0.062750 -0.110130   1
  1  1  0.938300 -2.629486 -2.056351  1.015421 -0.003096 -0.101376  0.544623   5
  1  1  0.938300  5.377151 -8.153623 -6.382471  0.265028 -0.206700  0.264377   3
  1  1  0.938300 -2.913315-12.024030 -2.986259  0.023117 -0.315216  0.407082   3
  1  1  0.938300 -5.712661  8.060089-21.830342 -0.102448  0.043401  0.007918   1
  1  1  0.938300 -9.735610 19.370174 -2.729698 -0.089587  0.483709  0.319481   2
  1  1  0.938300 11.526669-15.436280 13.093647  0.260508 -0.317497  0.796977   4
  1  1  0.938300  0.746725  9.221910-27.711376 -0.009979  0.184921 -0.152495   1
  1  1  0.938300 -0.504082  9.608707 -3.777898 -0.132545  0.269949  0.426507   2
  1  1  0.938300 14.224951  4.250451-15.153344  0.141229  0.094935  0.153189   1
  1  1  0.938300  7.880291  6.525059-21.873043  0.219504  0.077406 -0.141131   3
  1  1  0.938300 -2.859319 -6.314413 -6.704724 -0.032761 -0.095256  0.258311   1
  1  1  0.938300 -2.046037  9.140193 -0.122535 -0.231574  0.195589  0.499498   3
  1  0  0.938300 -8.850074-20.354901  3.293131 -0.138658 -0.321215  0.548037   3
  1  0  0.938300  3.356278-12.296992-19.614886  0.145731 -0.120912  0.024567   1
  1  0  0.938300-10.294046 -9.689194  0.783133 -0.085092 -0.195282  0.394116   3
  1  0  0.938300-10.409249  4.900213-11.505954 -0.165625  0.151355  0.124464   3
  1  0  0.938300 12.818690  1.418620-11.722208  0.258949  0.092720  0.096747   2
  1  0  0.938300  5.824859 -9.381714 -9.585790  0.152749 -0.154861  0.053986   3
  1  0  0.938300 -5.223702 -2.628267-18.092026 -0.115439  0.026122  0.006392   1
  1  0  0.938300 -9.368561 -4.341836-12.967450 -0.231865 -0.088493  0.022033   1
  1  0  0.938300 12.231503  1.018628-14.709025  0.329403  0.014687  0.136520   3
  1  0  0.938300  4.409992 11.381050  3.682008  0.005147  0.223189  0.599296   5
  1  0  0.938300  0.221025  3.366915-14.248678 -0.034670  0.131209  0.238827   6
  1  0  0.938300-13.389260 -1.868818-19.546752 -0.182414  0.012477 -0.088689   1
  1  0  0.938300 -3.291283-21.140170 -6.476658 -0.048538 -0.387381  0.357636   2
  1  0  0.938300  8.084983 21.228866 12.640495  0.079488  0.466403  0.675896   3
  1  0  0.938300 -9.490512-11.705377-20.952716 -0.110901 -0.214690  0.002696   2
  1  0  0.938300 -3.579310 -9.048503-19.647505 -0.050105 -0.034024 -0.087209   1
  1  0  0.938300  3.978005 11.961950-16.253926  0.157267  0.102572  0.049129   1
  1  0  0.938300 -0.657563 12.253267 20.034022 -0.017527  0.355183  0.874531   2
  1  0  0.938300  8.598910  2.780141-15.478188  0.128405  0.034157  0.220818   3
  1  0  0.938300 13.233132  4.197209-21.109202  0.127762  0.025329 -0.103642   1
  1  0  0.938300 10.246581  1.204382-20.078996  0.277067 -0.145509 -0.051347   2
  1  0  0.938300 -9.038097  6.532818-22.891345 -0.105073  0.096813  0.000994   1
  1  0  0.938300  4.026003  7.401087  3.278414  0.107419  0.235308  0.523585   3
  1  0  0.938300  7.186487  3.025018-19.032739  0.088597 -0.040354 -0.030599   2
  1  0  0.938300 10.412828-23.565651  7.747986  0.162935 -0.437096  0.699876   4
  1  0  0.938300-20.286455 -7.784743 21.848769 -0.359476 -0.166350  1.016740   2
  1  0  0.938300  3.329137 -1.593109-12.896115  0.030042  0.051005  0.006180   1
  1  0  0.938300 14.416443 -7.146244 -3.596837  0.190866 -0.063142  0.414499   2
  1  0  0.938300 -8.749427-12.809242 16.987409 -0.158749 -0.263352  0.914580   3
  1  0  0.938300 11.319515 -0.063991 14.629988  0.204751 -0.176935  0.802180   6
  1  0  0.938300-19.231692-14.707217 13.848432 -0.387013 -0.168193  0.824969   2
  1  0  0.938300 -7.597726  4.878218-15.906355 -0.058473  0.054000  0.038538   1
  1  0  0.938300 20.956097 14.886990  0.623676  0.420725  0.333490  0.556459   4
  1  0  0.938300 13.751307  1.897689 -8.418264  0.303176 -0.053831  0.197040   4
  1  0  0.938300 20.084116 -5.763254 -0.495982  0.293336 -0.183077  0.463696   2
  1  0  0.938300 17.561309-24.524950 -5.534202  0.430586 -0.506938  0.343366   4
  1  0  0.938300  9.128365  4.793131-13.513847  0.058204  0.120704  0.188646   1
  1  0  0.938300-15.855471 -1.965928 -6.558572 -0.222393 -0.000938  0.222852   4
  1  0  0.938300-18.796977 20.922528 -0.879663 -0.365192  0.364172  0.514416   2
  1  0  0.938300 -2.353320  7.854697  2.720684 -0.019817  0.291412  0.482901   4
  1  0  0.938300 12.959987-10.990913 -1.306498  0.183987 -0.311999  0.510209   3
  1  0  0.938300-10.631816 -0.060840-17.412329 -0.216462 -0.066691 -0.019487   1
  1  0  0.938300-16.641797 -0.432910  6.345396 -0.298131  0.151448  0.554796   2
  1  0  0.938300  3.286604  6.001119-15.912527  0.229655  0.082606  0.037102   3
  1  0  0.938300  4.877062 -6.754705-14.484840 -0.041541 -0.193860  0.089923   4
  1  0  0.938300-13.784716-11.031900 -7.231215 -0.181205 -0.141933  0.250530   3
  1  0  0.938300  0.215524  8.005332-14.829127  0.000812  0.151294 -0.027431   1
  1  0  0.938300 11.488401  9.280951  0.958549  0.206478  0.165454  0.579045   4
  1  0  0.938300 -2.214821  2.180295-13.938549  0.030485  0.102292  0.064841   1
  1  0  0.938300  4.348782 -9.303921-19.653625  0.086867 -0.029691 -0.133172   1
  1  0  0.938300  6.995909-11.674531  2.886003  0.052363 -0.320292  0.547596   2
  1  0  0.938300  0.490648 14.305450-20.746364  0.093353  0.196618  0.079182   1
  1  0  0.938300-15.614207 11.530228 -8.708337 -0.201500  0.257063  0.189017   2
  1  0  0.938300 -3.470759  6.786548  4.770105  0.026561  0.069753  0.467889   3
  1  0  0.938300  4.500859-10.207778-10.398480  0.154666 -0.249512  0.256776   6
  1  0  0.938300 -1.060004  8.404335 -3.249251 -0.059183  0.128062  0.461358   4
  1  0  0.938300 -1.134668  2.128995 -6.572628 -0.121072  0.092696  0.350606   1
  1  0  0.938300 -0.966462  1.057358 -9.094557  0.019025  0.014923  0.391755   1
  1  0  0.938300 -6.190796 -6.795536 -5.052269 -0.091147 -0.046616  0.247239   4
  1  0  0.938300 -7.913510-11.644032 17.985251 -0.160753 -0.225841  0.870281   5
  1  0  0.938300 19.417967  8.293924 15.347592  0.411971  0.178321  0.904740   3
  1  0  0.938300  2.626993 11.785276-17.208241  0.168847  0.095448  0.048526   1
  1  0  0.938300  1.791464-12.474369-12.942985  0.121174 -0.061111  0.119731   1
  1  0  0.938300 17.272664 18.346051 -2.036465  0.385701  0.306080  0.513549   4
  1  0  0.938300  3.204447  3.425344-13.192532 -0.082070 -0.039949  0.165649   1
  1  0  0.938300-10.541311 11.770667 18.924375 -0.157556  0.195090  0.924688   3
  1  0  0.938300  2.539632  4.336457-14.898232  0.049808  0.135053  0.027765   1
  1  0  0.938300 -0.601238 -1.256414-16.779837 -0.056727 -0.108259  0.018783   1
  1  0  0.938300 -4.927939  6.986290 -1.867859 -0.164943  0.136801  0.293828   3
  1  0  0.938300-11.877308-16.872629-22.990378 -0.341840 -0.393748 -0.123703   8
  1  0  0.938300-16.313547-17.484687 -5.242586 -0.298991 -0.381152  0.359596   7
  1  0  0.938300  3.966341 -2.778409 -8.987282  0.047981 -0.040333  0.288225   1
  1  0  0.938300 -0.947713  3.111159-11.887524  0.069281 -0.042652  0.155996   1
  1  0  0.938300-14.847871 -5.302979-25.900055 -0.293382 -0.019078 -0.125133   1
  1  0  0.938300  3.799070 -9.874168-13.868405 -0.063594 -0.260363  0.089969   6
  1  0  0.938300  9.844960  2.402086 -6.327222  0.126368  0.039386  0.385629   6
  1  0  0.938300  6.239504  6.731943-22.366663  0.076296  0.138713 -0.092776   1
  1  0  0.938300  9.170175  7.323842-17.790762  0.115539  0.107735 -0.040591   1
  1  0  0.938300 23.754788  8.578332-16.632646  0.622785  0.399321 -0.018671   3
  1  0  0.938300 17.804072  3.217866  1.097601  0.403085  0.011261  0.448812   2
  1  0  0.938300 16.730987-14.642553-13.095502  0.331814 -0.258986  0.124784   3
  1  0  0.938300 -1.492536 -6.159611-26.291319  0.005215 -0.048982 -0.028893   1
  1  0  0.938300 11.009420-11.606169  5.697219  0.167116 -0.169253  0.486677   3
  1  0  0.938300  3.142879-31.482404 -2.896973  0.189421 -0.842232  0.432826   4
  1  0  0.938300 -8.600762 -0.052221-16.673663 -0.164830  0.147018  0.118486   1
  1  0  0.938300 10.358210-19.274853  0.436225  0.130587 -0.361456  0.560213   3
  1  0  0.938300 -8.367257  0.482027-10.487595 -0.110847  0.087838  0.174928   1
  1  0  0.938300-11.424014  1.479240-14.328465 -0.255488 -0.005082  0.151619   6
  1  0  0.938300 -0.552450-15.261531  0.317618 -0.093630 -0.297998  0.438987   5
  1  0  0.938300  4.375045 13.585653-11.928806 -0.051088  0.304538  0.269028   2
  1  0  0.938300-17.833346 12.258176  6.380904 -0.447813  0.198628  0.718934   3
  1  0  0.938300-15.549783 -0.476966-20.929225 -0.218730 -0.046172 -0.080731   1
  1  0  0.938300  5.330428 11.774125 -6.001847  0.149189  0.175420  0.362351   5
  1  0  0.938300 12.680928 -7.200867-16.400963  0.296631 -0.131293 -0.047302   4
  1  0  0.938300  0.532232 -8.402829 21.924981  0.020917 -0.146348  0.921760   4
  1  0  0.938300  1.950911  3.556365 -6.241651 -0.096142  0.060941  0.396364   2
  1  0  0.938300-13.319283  1.280037-25.047283 -0.190549 -0.068440 -0.102336   1
  1  0  0.938300 14.750414 11.130027  5.275307  0.206501  0.117899  0.543561   4
  1  0  0.938300 10.124230  0.653891 -9.226082  0.154679  0.086000  0.125614   4
  1  0  0.938300  1.665850 13.752778 -4.347561 -0.108529  0.309218  0.353072   6
  1  0  0.938300 10.510116  6.645818 -6.548133  0.211299  0.093533  0.240729   4
  1  0  0.938300  8.147887 -0.389661-24.976164  0.010209  0.005871 -0.180292   1
  1  0  0.938300 11.151128 -5.770810  2.588397  0.073062 -0.160841  0.512865   3
  1  0  0.938300 -9.184123-11.640741 -6.523990 -0.141025 -0.351992  0.201623   4
  1  0  0.938300 17.799153 11.524203 -0.859743  0.525697  0.174912  0.473332   3
  1  0  0.938300  4.826272 -7.645465-14.099139  0.085724 -0.152589  0.182000   1
  1  0  0.938300 12.383540-22.479619  1.825954  0.292979 -0.473458  0.668266   2
  1  0  0.938300-35.470283 -2.639557 -3.722584 -0.805017  0.023316  0.512332   4
  1  0  0.938300-10.308531 17.940812 -3.551425 -0.133625  0.331968  0.410739   3
  1  0  0.938300  7.488635 -6.084053 -9.052329  0.122949 -0.171532  0.195496   5
  1  0  0.938300 -0.789463 13.951464 11.957511 -0.046989  0.188137  0.595401   2
  1  0  0.938300 -4.424370  2.651607-15.722656 -0.192857  0.098044  0.089927   1
  1  0  0.938300 -7.151142 12.383839 -7.523273 -0.085552  0.239022  0.306380   3
  1  0  0.938300 12.394176  4.832192-16.942639  0.193558 -0.041620 -0.011539   5
  1  0  0.938300  6.021922  0.445332 -4.671141  0.077839  0.000459  0.318823   6
  1  0  0.938300  7.583720 -1.020255 -5.684143  0.293819 -0.126686  0.308658   9
  1  0  0.938300 -7.103717 -3.498168-16.421142  0.009937 -0.014119  0.158842   1
  1  0  0.938300 -2.811040 -5.646714  0.403824 -0.048578 -0.155558  0.515992   6
  1  1  0.938300  3.299123-22.960977 -2.978159 -0.040387 -0.404776  0.376173  -2
  1  1  0.938300 -7.709568-25.291174-10.433084 -0.046997 -0.451663  0.280025  -4
  1  1  0.938300  1.818739  7.127262  3.972829 -0.004167  0.312712  0.546346  -4
  1  1  0.938300  2.194619  3.544594 10.916036 -0.029177  0.084623  0.599222  -1
  1  1  0.938300-19.695791 -1.292316 17.807249 -0.343752 -0.088392  0.967572  -3
  1  1  0.938300 -2.831056 -6.524758 18.155747 -0.001639 -0.081188  0.927588  -1
  1  1  0.938300  4.004116-23.510832 -4.142351  0.026064 -0.732544  0.413249  -3
  1  1  0.938300-13.134699 18.180295 -0.932302 -0.153997  0.364371  0.390657  -2
  1  1  0.938300 12.903893 -7.550929  2.534888  0.309421 -0.166220  0.442073  -2
  1  1  0.938300 -2.826868 29.355411  2.487032  0.039399  0.717392  0.603641  -2
  1  1  0.938300 -8.800558 -4.217578  5.641990 -0.122974 -0.127133  0.646044  -6
  1  1  0.938300  8.189826 14.169903 19.685988  0.117448  0.182170  0.901545  -2
  1  1  0.938300 -7.286392  7.888064  8.243784 -0.225112  0.143285  0.740813  -6
  1  1  0.938300  2.898976  7.334506 12.828759 -0.009202  0.072780  1.024707  -1
  1  1  0.938300 -3.147635 -2.443434 -9.628049 -0.183121 -0.074212  0.111308  -7
  1  1  0.938300  8.044910 -4.172972  0.291896  0.048649  0.005191  0.383020  -5
  1  1  0.938300 -9.047130 -1.308207 14.188610 -0.131486 -0.017073  0.896754  -1
  1  1  0.938300  8.659531 -3.452928-16.921467  0.140601  0.045372  0.145952  -3
  1  1  0.938300 -4.544037 -6.684504 15.569263 -0.083329  0.047552  0.795015  -1
  1  1  0.938300-14.357983 -0.116799 12.189450 -0.322638  0.005761  0.922042  -2
  1  1  0.938300-11.810522 20.495568-14.219340 -0.122336  0.417329  0.143721  -4
  1  1  0.938300 -9.969867-23.307310 12.969766 -0.268664 -0.427022  0.758191  -5
  1  1  0.938300 -9.505588 -7.935391 -0.131683 -0.153676 -0.271314  0.437491  -2
  1  1  0.938300  5.632888 -7.904288 21.816117  0.052428 -0.013772  1.219221  -1
  1  1  0.938300 -6.564354 21.566321 -8.484756 -0.129442  0.323671  0.273713  -3
  1  1  0.938300-14.606245-13.836840  3.070154 -0.254778 -0.254022  0.592279  -5
  1  1  0.938300-12.733657  5.525476  4.410376 -0.174409  0.052397  0.512254  -4
  1  1  0.938300  3.945267  9.128717 -7.518921  0.217341  0.072992  0.224084  -4
  1  1  0.938300  6.768619-10.277169 16.150448  0.095857 -0.110664  0.761448  -1
  1  1  0.938300  0.526916 -0.017352-10.687854  0.031753  0.043508  0.081540  -6
  1  1  0.938300 15.180100 -5.525922  9.978440  0.246248 -0.045233  0.668375  -2
  1  1  0.938300  1.068836 -6.438768  6.353694 -0.086630  0.045358  0.620257  -5
  1  1  0.938300 -1.043179  5.712778 15.579485  0.032195 -0.035968  0.961419  -1
  1  1  0.938300 -7.947917 -8.649619 22.639812 -0.089114 -0.152773  0.901065  -1
  1  1  0.938300-11.461385 -2.443621  3.258627 -0.367198  0.009014  0.563217  -7
  1  1  0.938300 -9.436376-14.323719  9.876180 -0.108244 -0.302034  0.649186  -3
  1  1  0.938300  7.746871-24.645647  3.301852  0.151201 -0.705384  0.604604  -3
  1  1  0.938300-13.179154 -4.787285 -9.318926 -0.163785  0.027579  0.216801  -3
  1  1  0.938300 -8.639355  6.955208 13.397848 -0.072617  0.061647  0.861457  -1
  1  1  0.938300  5.178244 27.442052 -7.891229  0.072591  0.504928  0.340579  -2
  1  1  0.938300 -9.839695 -0.501914 21.254128 -0.096287 -0.029257  1.049024  -1
  1  1  0.938300 -9.478948  1.611660 22.322367 -0.095832 -0.117515  1.028960  -1
  1  1  0.938300-13.164082  1.206650 12.680298 -0.369132 -0.029728  1.119326  -2
  1  1  0.938300  6.018104-11.255050 16.665969  0.126923 -0.134899  1.057393  -1
  1  1  0.938300 15.005266  6.499531 14.809035  0.221536  0.182414  0.739390  -1
  1  1  0.938300 19.199474 21.383274 -3.088891  0.421896  0.434113  0.529205  -4
  1  1  0.938300 -8.153348-16.257902 10.512109 -0.206023 -0.388540  0.707156  -4
  1  1  0.938300  5.923115-16.910514  2.289713  0.009943 -0.334411  0.555836  -2
  1  1  0.938300 -0.934289 -2.498896 16.636680  0.026124 -0.025812  0.834651  -1
  1  1  0.938300  7.594496  3.273936 11.275850  0.225622  0.027322  0.778789  -2
  1  1  0.938300-10.728486 -9.457601  3.640171 -0.223980 -0.094124  0.526756  -4
  1  1  0.938300 -8.580112 11.044604 -7.688467 -0.155793  0.236317  0.176948  -4
  1  1  0.938300 -3.248799 18.681121  5.898139  0.006021  0.314212  0.567253  -2
  1  1  0.938300 -4.768951 -3.262415 23.928107 -0.113177 -0.058478  0.912103  -1
  1  1  0.938300 -0.436380  8.930864 15.353961  0.084146  0.046175  0.748769  -1
  1  1  0.938300  5.093891 -9.462676 15.395980  0.012841 -0.128879  0.739708  -1
  1  1  0.938300  1.589621 -2.014972 12.921642 -0.071004 -0.092528  0.597080  -1
  1  1  0.938300  4.341691 -9.393502  1.389170  0.173094 -0.127364  0.386707  -3
  1  1  0.938300 -1.041308 10.007594 17.779021 -0.105740  0.106139  0.769416  -1
  1  1  0.938300  5.438579  4.044250 16.843001 -0.063812  0.161715  0.992480  -1
  1  1  0.938300 -6.686518 -0.555655 -3.152603 -0.191280 -0.001282  0.337746  -5
  1  1  0.938300 19.392287-16.143140 14.089811  0.531457 -0.470848  1.187145  -3
  1  1  0.938300 -3.036426 19.834005-23.657865  0.012694  0.394804 -0.102842  -4
  1  1  0.938300 -9.359256  3.274765 16.357438 -0.181325  0.148077  0.952484  -1
  1  1  0.938300 14.050253 -6.879552-22.593081  0.308724 -0.178743  0.041599  -2
  1  1  0.938300-11.936379 12.528604  7.011344 -0.255285  0.281741  0.732655  -4
  1  1  0.938300-12.869152 -0.401087 -2.574115 -0.264569  0.068399  0.353473  -5
  1  1  0.938300 25.166139-12.696019-23.428852  0.552554 -0.329959 -0.058305  -7
  1  1  0.938300 -1.365729 -0.621770 21.047447 -0.070865 -0.028858  1.022899  -1
  1  1  0.938300 12.326921 -7.854350 -9.726334  0.310664 -0.089050  0.275098  -6
  1  1  0.938300-28.326137  3.050600 12.698221 -0.801396  0.049739  0.882588  -4
  1  1  0.938300 -6.285857 22.382061 13.832134 -0.270963  0.480534  0.870398  -4
  1  1  0.938300 11.277426  0.446871 24.424249  0.109924 -0.038349  1.044631  -1
  1  1  0.938300  9.590731  1.835429  7.713959  0.096032  0.005779  0.552467  -1
  1  1  0.938300 -5.553219  9.425314 -5.217880 -0.166977  0.208722  0.414990  -5
  1  1  0.938300  2.515188 17.999301 19.497881  0.113014  0.378334  1.028895  -4
  1  1  0.938300 19.857128 -8.486182  7.226680  0.347981 -0.162923  0.767159  -2
  1  1  0.938300  1.589483 16.548335  3.875194 -0.101178  0.267291  0.563637  -3
  1  1  0.938300  0.570901 12.681176 13.527993  0.063155  0.155793  0.835389  -1
  1  0  0.938300-10.809492  0.896394  1.817208 -0.218863 -0.021621  0.594985  -3
  1  0  0.938300 -1.458661 12.521468 13.540674 -0.048090  0.144181  0.820077  -1
  1  0  0.938300  3.803676  1.207066 -2.912152  0.128618 -0.094081  0.341818  -6
  1  0  0.938300 -4.683564  9.458232-11.564677 -0.172186  0.134624  0.268183  -4
  1  0  0.938300  3.950771 -6.925481 18.440172  0.200138 -0.042659  0.832594  -1
  1  0  0.938300 -1.346281-35.556168 -1.416458 -0.126531 -0.918212  0.649387  -2
  1  0  0.938300 -6.162960 25.462794  0.141953 -0.242221  0.444038  0.416032  -2
  1  0  0.938300 -5.102054-14.530807 10.171637 -0.096804 -0.284590  0.651553  -2
  1  0  0.938300 17.511206 14.072501 -5.745997  0.376857  0.383260  0.287221  -4
  1  0  0.938300  8.778195 -2.721695 19.588896  0.068299 -0.066392  1.002437  -1
  1  0  0.938300 -5.220532 -8.558768 -0.596971 -0.211897 -0.174570  0.332049  -3
  1  0  0.938300-22.904201  4.380066 11.968650 -0.439700  0.050343  0.834273  -7
  1  0  0.938300-18.314760  3.732885  4.434909 -0.271536  0.016844  0.592117  -5
  1  0  0.938300 -4.103348 -0.726019  9.378814 -0.066104 -0.011323  0.627688  -4
  1  0  0.938300 10.889388 -1.111537 12.357387  0.140596 -0.021422  0.638866  -1
  1  0  0.938300 -7.522454 -0.334376 20.510085 -0.074955  0.006361  0.995412  -1
  1  1  0.938300 -5.335569 12.959156  9.290414 -0.216978  0.266166  0.624971  -2
  1  0  0.938300 -5.802163  6.652297-17.699384 -0.071144  0.084042  0.130777  -3
  1  0  0.938300  4.973018 -8.689906 10.286497  0.166498 -0.033959  0.572484  -1
  1  0  0.938300 -2.064615 -9.583223 25.639240  0.022077 -0.155494  1.084395  -1
  1  1  0.938300  3.616921  6.677107 -7.270251 -0.116389  0.169851  0.224535  -7
  1  0  0.938300  1.698651 -2.723795  7.730056  0.028839 -0.111980  0.740453  -8
  1  0  0.938300 -4.022096  7.112706  9.889173 -0.002917 -0.005696  0.565345  -6
  1  0  0.938300 -1.709285  8.257617 19.998451  0.036336  0.039796  0.980952  -1
  1  0  0.938300  4.730505  3.249911 14.041263  0.107900  0.056808  0.742069  -1
  1  0  0.938300-11.125608  5.451966  0.759512 -0.115632  0.166213  0.503090  -2
  1  0  0.938300 -5.548005 -8.012527 10.661164 -0.030363 -0.157652  0.709670  -2
  1  0  0.938300 19.170139 -8.867791  4.968246  0.305204 -0.213794  0.647699  -3
  1  0  0.938300 14.534007  0.643097  6.175853  0.217294  0.014000  0.467271  -2
  1  0  0.938300  0.785558  6.939662 16.202453  0.098955  0.125818  0.780583  -1
  1  0  0.938300 -8.918160-12.119474 -9.146140 -0.178619 -0.387227  0.209181  -4
  1  0  0.938300 -3.896295  3.424564 24.036623 -0.015681 -0.012532  1.170674  -2
  1  0  0.938300 -5.741873 -0.889751 14.581432 -0.013276  0.090893  0.932483  -1
  1  0  0.938300  5.840926 -3.178398 10.982195  0.235606 -0.006145  0.907179  -2
  1  0  0.938300  5.709882 12.902308 21.131635 -0.007559  0.216717  0.961087  -1
  1  0  0.938300 -2.125252  6.504996-27.571881 -0.026954  0.218574 -0.147572  -5
  1  0  0.938300-19.370499 13.320525 -2.229695 -0.523549  0.210034  0.539991  -3
  1  0  0.938300-14.852659-13.439118 14.096192 -0.344425 -0.211525  0.960590  -6
  1  0  0.938300 -6.575403 -7.011895 23.208259 -0.156435 -0.066343  1.070254  -1
  1  0  0.938300 -9.896193  4.844419 11.048177 -0.163633  0.018177  0.776143  -1
  1  0  0.938300 -3.654863 -9.921992 14.204979 -0.012196 -0.134659  0.812138  -3
  1  0  0.938300  2.455380-13.614684 12.888184  0.097649 -0.165203  0.779729  -1
  1  0  0.938300 11.661693-16.451817-13.783987  0.188618 -0.242396  0.160922  -8
  1  0  0.938300 -1.465445  6.095969  7.797719 -0.035339  0.183615  0.685541  -3
  1  0  0.938300 -0.915076  6.148892 25.649926 -0.041996  0.074262  1.245291  -1
  1  0  0.938300  2.893497  9.708568  1.417332  0.102421  0.200230  0.465710  -4
  1  0  0.938300 16.661337  2.166750 14.339833  0.279950 -0.037654  0.667165  -3
  1  0  0.938300  2.342584 19.516686  0.650870  0.046330  0.395187  0.520508  -5
  1  0  0.938300  8.268735 10.445217 14.634691  0.160044  0.136489  0.881533  -1
  1  0  0.938300 -1.227393 -8.784101 12.753132 -0.096992 -0.080385  0.841216  -1
  1  0  0.938300  1.793010 -7.395642 15.517088  0.049232 -0.268715  0.913891  -7
  1  0  0.938300 15.853049 -1.390614 12.733459  0.199970 -0.091533  0.779896  -4
  1  1  0.938300 13.803282 10.974458-12.109037  0.471521  0.312560  0.139946  -7
  1  0  0.938300 -2.250265-19.393967 13.456206 -0.098936 -0.460577  0.857374  -4
  1  0  0.938300  5.205531  8.117181 15.334836  0.049791  0.114915  0.924447  -1
  1  0  0.938300  5.579902  9.767764  5.450785  0.112101  0.267776  0.568642  -3
  1  0  0.938300-12.311748 17.228126 -2.311821 -0.178765  0.241581  0.330781  -2
  1  0  0.938300  1.718566 -9.064329  8.454876  0.088030 -0.193135  0.819417  -4
  1  0  0.938300 29.791867 -9.154901  5.427284  0.595175 -0.226285  0.790207  -2
  1  0  0.938300 -4.662259 -1.349729 26.586708 -0.104780 -0.046755  0.971048  -1
  1  0  0.938300 -6.312830  7.843460  9.638833 -0.117183  0.219906  0.796064  -4
  1  0  0.938300-12.238751 -1.522201 -7.777712 -0.232976 -0.017908  0.359016  -3
  1  0  0.938300  3.943983 18.707956 -3.209411  0.158856  0.429284  0.310137  -5
  1  0  0.938300 -6.533785-11.554296 21.019288  0.033375 -0.287214  1.087349  -2
  1  0  0.938300 -4.750974  0.846485 15.183784 -0.018701 -0.083751  1.044337  -1
  1  0  0.938300-19.417606-10.166657  0.642407 -0.391208 -0.299264  0.509167  -2
  1  0  0.938300 -5.159242 -0.803689  2.544372 -0.027663 -0.002064  0.419975  -3
  1  0  0.938300 10.292039 -0.011447  0.608946  0.260420  0.034362  0.449321  -7
  1  0  0.938300  9.825871  8.661594 10.442385  0.293446  0.285798  0.896859  -4
  1  0  0.938300  1.538998-10.156180 18.531263  0.087377 -0.071126  0.938920  -1
  1  0  0.938300  3.156128  0.215139 12.855218  0.074168 -0.112460  0.930042  -1
  1  0  0.938300 20.208787-13.099739-10.431893  0.300243 -0.263179  0.264797  -2
  1  0  0.938300  6.093771 12.938187-20.486850  0.346484  0.324556 -0.124906  -3
  1  0  0.938300  1.125748 14.619661 20.726218  0.050942  0.246776  1.034384  -4
  1  0  0.938300  2.504328  6.904381 14.144203 -0.074418  0.119646  0.937195  -1
  1  0  0.938300 19.756429  2.303687  1.539506  0.276987  0.001695  0.338482  -3
  1  0  0.938300 -8.143630 22.549486 -2.092828 -0.099565  0.352360  0.421147  -3
  1  0  0.938300 -2.252499 -8.543813 10.792528 -0.013853 -0.292056  0.678113  -5
  1  0  0.938300 -9.564561 15.834931 -8.862443 -0.231208  0.334981  0.221393  -3
  1  0  0.938300  2.559852  0.151622 16.008534  0.067068  0.053562  0.943883  -1
  1  0  0.938300 -3.268018  6.798059 -2.530959 -0.017474  0.202605  0.252341  -9
  1  0  0.938300 -5.752367 -4.933981 -4.148465 -0.187419 -0.035918  0.314892  -3
  1  0  0.938300-20.045334  6.600181  8.902273 -0.493986  0.001489  0.774421  -2
  1  0  0.938300  5.285789 -9.187757 19.217234 -0.055729 -0.111845  1.011332  -1
  1  0  0.938300 -2.478389  4.765755 20.810535  0.072046  0.091923  0.987215  -1
  1  0  0.938300 -5.446143 15.449917 22.542304 -0.238564  0.354817  1.234912  -3
  1  0  0.938300 19.027354 -8.134994 12.170715  0.421501 -0.095602  0.864841  -3
  1  0  0.938300-12.856516-13.834468 11.059964 -0.121634 -0.290653  0.703634  -3
  1  0  0.938300  0.723372 14.757634 -4.207970  0.044355  0.304096  0.380259  -4
  1  0  0.938300  1.986016 -1.162525 26.431488 -0.014701 -0.002718  1.007975  -1
  1  0  0.938300 10.907603  5.873528 17.100611  0.230504  0.121644  0.885012  -1
  1  0  0.938300 -1.680116-11.914799 -2.859374  0.022653 -0.112435  0.378623  -4
  1  0  0.938300 -1.442604-12.799725-16.992857 -0.020188 -0.281762  0.160645  -3
  1  0  0.938300 -3.006752  3.241316 17.408176  0.021030 -0.042885  0.791898  -1
  1  0  0.938300-11.540611  1.627747 22.457119 -0.175243  0.048438  0.917196  -1
  1  0  0.938300 -6.981058 -5.761038 18.014461 -0.160312 -0.123539  1.092974  -1
  1  0  0.938300 14.618093  6.413100 13.969037  0.220879  0.012898  0.763463  -5
  1  0  0.938300-19.379837-22.427244-14.910804 -0.404479 -0.411311  0.185749  -3
  1  0  0.938300 10.483971-20.360175 19.048155  0.302904 -0.343875  1.155187  -2
  1  0  0.938300 -3.066982 -4.965576 17.178804  0.035279 -0.109638  0.820090  -1
  1  0  0.938300 -9.700085 10.085413 14.093483 -0.126622  0.156070  0.899023  -1
  1  0  0.938300  0.881835 21.942302-17.307657 -0.096505  0.375547  0.065365  -2
  1  0  0.938300  6.101551  7.424400  5.077606  0.131541  0.244700  0.529088  -4
  1  0  0.938300 12.639694 -3.901133 -2.756728  0.200612 -0.178425  0.374372  -6
  1  0  0.938300  9.081920  6.709337 19.981792  0.031361  0.152172  1.050025  -1
  1  0  0.938300 -9.405489 13.450272 10.062166 -0.209720  0.284456  0.776415  -4
  1  0  0.938300  2.835421 -8.868784 15.392492 -0.035377 -0.116393  0.969251  -1
  1  0  0.938300-10.831147  0.585646 22.923122 -0.055890  0.010065  1.167721  -1
  1  0  0.938300-12.823901 -6.604440 -6.974341 -0.187422 -0.005005  0.258174  -5
  1  0  0.938300 -3.077566  0.895904 18.276140  0.029967  0.039427  0.808306  -1
  1  0  0.938300 -7.246283  0.904124 19.611670 -0.050544  0.108575  1.185250  -1
  1  0  0.938300 15.427635 -5.259399 10.017635  0.230993 -0.143407  0.725928  -3
  1  0  0.938300 -5.977287-16.102376 -7.857233 -0.122354 -0.202231  0.112429  -5
  1  0  0.938300 -9.613404  4.572917 18.698533 -0.198451  0.246558  0.848958  -3
  1  0  0.938300  0.861603  7.100097 16.352372 -0.123970  0.125863  0.881747  -1
  1  0  0.938300 -6.397069  5.576370  9.474176 -0.191905 -0.026760  0.729343  -2
  1  0  0.938300  3.069589-13.149753 -5.845848 -0.050431 -0.288259  0.374349  -3
  1  0  0.938300  8.707871  3.352918-17.672165  0.004996 -0.007723  0.085353  -4