  1  1  0.938300  7.719539  0.403044-13.046440  0.147996  0.001000  0.128239   1
  1  1  0.938300-17.144788 18.446539-11.674901 -0.279796  0.453382  0.215294   4
  1  1  0.938300 24.711991  9.121523 -4.822323  0.650411  0.109263  0.436676   5
  1  1  0.938300  3.821959 -3.005225-15.963355  0.048792 -0.072746 -0.092397   1
  1  1  0.938300 11.419578-13.556319 11.686073  0.204081 -0.278498  0.668625   3
  1  1  0.938300  2.299632-12.662697-22.753855 -0.058875 -0.227945 -0.028721   1
  1  1  0.938300 -5.279386 11.571448 -7.322198 -0.083378  0.127758  0.347146   3
  1  1  0.938300 10.302943  5.660237-21.941787  0.110201  0.091206 -0.040932   1
  1  1  0.938300 -7.880879  4.073506-11.633788 -0.271844  0.128026  0.184575   9
  1  0  0.938300-14.277500  2.017346  6.179960 -0.328948  0.085325  0.534106   3
  1  1  0.938300 -4.917723 -2.601766-10.797448 -0.107976 -0.056773  0.109109   1
  1  1  0.938300-10.211338 18.886865 12.690820 -0.219471  0.480226  0.874559   2
  1  1  0.938300 -6.774660  9.305192 22.901913 -0.195141  0.391633  1.283749   5
  1  1  0.938300 -8.133202-16.478687-10.105695 -0.126251 -0.311384  0.281100   3
  1  1  0.938300  6.136596 -8.243523-18.752032  0.021870 -0.232416  0.100548   1
  1  1  0.938300 -2.846205  3.909094-27.875075 -0.059412  0.127618 -0.118722   1
  1  0  0.938300 -8.103720 -0.212982 -1.600266 -0.169785  0.045038  0.370665   5
  1  1  0.938300-17.509403 -1.798532-14.073921 -0.258966 -0.034147  0.166365   2
  1  1  0.938300 -6.942201-17.626626-16.218316 -0.086945 -0.360249 -0.015951   1
  1  1  0.938300  9.659121 15.838353  7.439702  0.142430  0.385987  0.650223   5
  1  1  0.938300 -4.817796  7.369636-21.179383  0.056662  0.025385 -0.089598   1
  1  1  0.938300-17.993074-11.526489 19.856206 -0.318725 -0.270837  0.953390   3
  1  1  0.938300 -7.066484-25.407727-14.912110 -0.314714 -0.584017  0.061950   7
  1  1  0.938300-14.267694 -3.336825-16.544425 -0.407188 -0.133278  0.013400   2
  1  1  0.938300 -5.408475-23.574973 -7.332037 -0.087771 -0.522557  0.242653   8
  1  1  0.938300-13.973327 10.980428-21.208023 -0.207313  0.177140  0.029702   1
  1  1  0.938300 -3.429394 -4.715200  3.335621  0.005920 -0.069132  0.631644   6
  1  1  0.938300 -3.646313 22.667402 -2.105764 -0.040249  0.525064  0.352619   6
  1  1  0.938300  5.431812 13.010943 14.625537  0.044335  0.120012  0.754542   4
  1  1  0.938300  1.532555 -2.741402  1.231142  0.051447 -0.108076  0.404932   4
  1  1  0.938300 14.040412  4.233370-16.217386  0.240405  0.110216 -0.019765   1
  1  1  0.938300 -2.273268-14.745195  6.025623 -0.150840 -0.522019  0.773421   3
  1  1  0.938300  2.729844 11.240203-13.386631 -0.108116  0.245063  0.105664   3
  1  1  0.938300-14.883086 -7.857968-16.036460 -0.195381 -0.167080 -0.004304   2
  1  1  0.938300 -7.879803 -4.086528-12.090651 -0.186970 -0.099683  0.185286   4
  1  1  0.938300  5.607301 -0.466395-17.261379 -0.017106 -0.069891  0.036442   1
  1  1  0.938300 -2.960394 -5.411636-20.185304 -0.091784  0.051394  0.060556   1
  1  1  0.938300  4.414418  1.749755 -5.591354  0.025910 -0.057434  0.346883   4
  1  1  0.938300-15.514516 19.931779 13.178818 -0.256782  0.428393  0.872250   3
  1  1  0.938300  9.684938  6.230872-17.025191  0.112396  0.158936  0.092173   1
  1  1  0.938300  4.909793  1.350154-10.194107  0.065446  0.029536  0.072068   1
  1  1  0.938300 -5.621376  4.103910 20.398185 -0.166307  0.214988  0.972912   5
  1  1  0.938300 -6.085552  5.347516-24.615450 -0.083778  0.065638 -0.134409   1
  1  1  0.938300 -5.989724 23.992475  6.248503 -0.012547  0.453183  0.560154   2
  1  1  0.938300 13.093821-12.835091-11.080576  0.340807 -0.182760  0.205737   5
  1  1  0.938300 11.905631  3.658452-21.459565  0.136150  0.051924 -0.013820   1
  1  1  0.938300 -8.773002-27.543530-10.899708 -0.133193 -0.557340  0.216252   3
  1  1  0.938300 -8.398683-13.462058 11.829952 -0.176890 -0.255871  0.814546   4
  1  1  0.938300 -3.891027-23.120084-14.358017 -0.076670 -0.552673  0.131673   3
  1  1  0.938300 -8.518094 12.697048 16.945377 -0.073552  0.189816  0.805967   4
  1  1  0.938300  4.531703  3.373851-16.613352  0.173619  0.034850 -0.006614   1
  1  1  0.938300 -4.934194  4.852401 -4.346817 -0.081259  0.225211  0.312139   5
  1  1  0.938300-18.445388  3.383189 -7.784251 -0.348344  0.012019  0.225631   2
  1  1  0.938300 -1.897465-24.525729-12.773636 -0.029223 -0.433441  0.143564   4
  1  1  0.938300 -9.241786-19.495659 21.495363 -0.136230 -0.346710  1.144716   3
  1  1  0.938300  3.673193 -3.109195 -6.626196  0.081457 -0.122137  0.335716   1
  1  1  0.938300 14.527323  4.922397-18.878614  0.357540  0.083728 -0.153882   5
  1  1  0.938300-10.213186  4.191589 13.066793 -0.224854  0.142299  0.788592   6
  1  1  0.938300-12.811835 -9.250962-18.530631 -0.177377 -0.176545 -0.024677   2
  1  1  0.938300 12.477808 -6.087310  2.310718  0.277598 -0.089961  0.541746   4
  1  1  0.938300 11.689651  2.868382-21.764221  0.140004  0.067192 -0.005401   1
  1  1  0.938300  6.638822-10.260040-11.267560  0.302836 -0.202591  0.205121  12
  1  0  0.938300-10.452535  8.860836 -2.482919 -0.070269  0.217631  0.447652   9
  1  1  0.938300-10.326629  6.969415  2.773210 -0.068637  0.101436  0.436964   4
  1  1  0.938300-17.288542 16.734821  8.197911 -0.335961  0.312666  0.702661   2
  1  1  0.938300-11.451459  5.808393-20.318803 -0.185860  0.034791  0.018049   1
  1  1  0.938300-11.782620-21.583399  7.602703 -0.428330 -0.571273  0.791046   4
  1  1  0.938300-12.600869  1.647000 16.499262 -0.311370  0.058135  0.947735   5
  1  1  0.938300 -5.629885  3.925813 -8.894285 -0.279474  0.057935  0.218212   4
  1  1  0.938300 17.372165 -1.892927  2.569729  0.385842 -0.065672  0.517360   4
  1  1  0.938300-10.811912 -4.459033-15.993884 -0.135064  0.001716  0.085706   1
  1  1  0.938300-19.503532-19.201353-10.552153 -0.535186 -0.541130  0.271612   4
  1  1  0.938300  3.595070  7.599095  2.834606 -0.038050 -0.015623  0.518236   8
  1  1  0.938300 -1.005411 19.761602  4.647414  0.023222  0.401209  0.600814   6
  1  1  0.938300 -1.558402 -4.000913  8.704365  0.059059 -0.127874  0.717375   3
  1  1  0.938300-11.720498-12.048312-19.587883 -0.145659 -0.179499  0.030223   1
  1  0  0.938300 19.833757 -3.684258 14.767472  0.655360 -0.027437  0.942541   6
  1  1  0.938300 -7.174376  6.023489 -7.042357 -0.075083  0.082998  0.269048   4
  1  1  0.938300 18.688591-24.579935-19.290726  0.485273 -0.524517  0.010391   2
  1  0  0.938300 15.504694  1.001334  2.374051  0.361600 -0.042060  0.572379   6
  1  0  0.938300-13.708296  6.320098-23.372867 -0.218844  0.078560 -0.067611   1
  1  0  0.938300  9.204334 12.976868 -5.134091  0.212188  0.164620  0.298764   2
  1  1  0.938300 -5.611593  4.720110 10.453036 -0.087469  0.170751  0.654500   7
  1  0  0.938300 -8.417071 17.088247  1.635327 -0.114412  0.323772  0.453142   2
  1  0  0.938300  6.095240  5.444709-22.610918  0.232523  0.193322  0.029276   4
  1  0  0.938300 10.284008  4.897584-20.563026  0.163208 -0.011367 -0.093892   1
  1  0  0.938300  4.651097 13.966579 11.522977  0.233584  0.381330  0.902091   8
  1  0  0.938300  2.004663  3.887892 -2.679520 -0.060526  0.128873  0.306420   2
  1  0  0.938300-14.298234 15.886737 -5.095728 -0.333632  0.347925  0.360874   2
  1  0  0.938300  5.554037 30.700202 -1.301995  0.133072  0.686840  0.438782   3
  1  0  0.938300  4.592812  1.976421-17.686257  0.062749  0.005768  0.134026   1
  1  0  0.938300  7.882787 -1.480823-24.462187 -0.040520 -0.023986 -0.067760   1
  1  0  0.938300  4.522872-13.239253 -3.104478  0.063053 -0.172132  0.364005   2
  1  0  0.938300-14.973640  5.913799-19.918546 -0.294378  0.023218  0.048185   4
  1  0  0.938300 13.105676 -0.928108-18.178099  0.150530 -0.073839 -0.010794   1
  1  0  0.938300  3.587924  1.635159-24.620063  0.078015  0.063920 -0.050819   1
  1  0  0.938300-10.300222  3.545327 -6.349192 -0.166437  0.078900  0.313676   4
  1  0  0.938300  7.550921 29.644719 15.635869  0.195557  0.740907  1.159703   5
  1  0  0.938300 -6.096865 -2.439397 16.223617 -0.315946  0.012868  0.857993   3
  1  0  0.938300 17.876955  7.676334 -5.226155  0.301922  0.252198  0.287286   2
  1  0  0.938300-10.305683 -0.629042-16.809641 -0.197394 -0.036408  0.198727   1
  1  0  0.938300 -3.148651 10.772442-13.653696 -0.070932  0.103442  0.063511   8
  1  0  0.938300  9.277242 -6.637264-15.580431  0.089090  0.002090  0.138398   1
  1  0  0.938300 -2.591688-23.372768 13.038498 -0.059628 -0.478106  0.913452   4
  1  0  0.938300 -1.531873 -8.695432  8.157305  0.014931  0.007665  0.731222   4
  1  0  0.938300  6.596473  5.885489-27.112316  0.161812  0.073932 -0.101392   1
  1  0  0.938300 -0.617492 -5.410959 -1.928085  0.020040 -0.104278  0.407726   3
  1  0  0.938300  8.166390  7.198337-20.076525  0.046941  0.077356  0.012112   2
  1  0  0.938300 -5.431621  5.006419 -0.619296  0.007541  0.177515  0.410199   3
  1  0  0.938300 23.283343  3.342263-16.254509  0.611360  0.021626  0.086852   2
  1  0  0.938300  6.278329  0.910434-17.895365 -0.044612  0.060892  0.026773   1
  1  0  0.938300 10.807468-11.452534  2.838851  0.219842 -0.237290  0.487492   3
  1  0  0.938300  0.731174 -6.753208-11.854256 -0.006056 -0.391044  0.103181   3
  1  0  0.938300  2.895648 18.884007  2.249649  0.092277  0.261775  0.427672   3
  1  0  0.938300 -1.791542-10.866647-15.711214 -0.116801 -0.216961 -0.031427   4
  1  0  0.938300  1.107190  4.446832-17.775422  0.003082  0.049982  0.181217   1
  1  0  0.938300 -0.389737  0.841413-11.116811 -0.002892  0.096534  0.219802   1
  1  0  0.938300-20.307343 -2.036093 10.110397 -0.416198  0.022893  0.814301   2
  1  0  0.938300 18.783370-14.125065 -4.754638  0.493602 -0.501139  0.421000   3
  1  0  0.938300 -2.781553  2.093959 -5.527368 -0.060701  0.055606  0.204254   4
  1  0  0.938300  9.932241 -9.818950 18.295397  0.313444 -0.093028  1.229888   2
  1  0  0.938300-11.034271 -4.307555-17.308058 -0.100128 -0.011582  0.002450   1
  1  0  0.938300  6.391331  1.736042-17.038268  0.044276  0.018283 -0.067619   7
  1  0  0.938300-19.326621  1.509322 -6.100980 -0.351528  0.026122  0.307795   4
  1  0  0.938300-19.939721 -9.785247 -8.162118 -0.348212 -0.160812  0.299924   2
  1  0  0.938300  1.360990 -2.546515-23.347765  0.086202  0.057899 -0.056730   1
  1  0  0.938300 22.003274 -7.820412  4.299075  0.473001 -0.226690  0.598523  13
  1  0  0.938300 -1.271486  0.530411-16.282275 -0.092923  0.007815  0.169525   1
  1  0  0.938300 -7.343489 20.881708  0.280507 -0.201340  0.466316  0.484165   6
  1  0  0.938300-21.800967 10.874392 14.829837 -0.450646  0.231331  0.927744   3
  1  0  0.938300 -5.711272 -6.733548-20.148970 -0.023153 -0.086362  0.113605   1
  1  0  0.938300 -4.228429 18.172052-12.573539 -0.154465  0.371640  0.145676   2
  1  0  0.938300 -3.563622  2.048930  4.884990 -0.136977 -0.006230  0.536310   2
  1  0  0.938300  6.615880 -4.587539  1.259015  0.093213 -0.104110  0.471691   3
  1  0  0.938300 -3.511626-13.533393-12.548854  0.002998 -0.199778  0.149435   1
  1  0  0.938300  5.693116  2.232285-14.156100  0.199319  0.086294  0.061638   1
  1  1  0.938300 12.840815 -7.517319  9.015462  0.290979 -0.098608  0.718808   5
  1  0  0.938300  4.925050 13.183611 -8.975513  0.091711  0.267223  0.264247   6
  1  0  0.938300-14.241928  6.164204  1.923940 -0.149937  0.195829  0.530297   3
  1  0  0.938300 -6.086104 11.705508 -6.680524 -0.107534  0.211176  0.261089   2
  1  0  0.938300  4.185522 -0.585873-13.173565  0.072157  0.072976  0.107034   1
  1  0  0.938300 25.485083  2.061187 -2.182976  0.709645  0.121991  0.587247   2
  1  1  0.938300  6.580902-18.632546  0.602602  0.231852 -0.391381  0.419434   8
  1  0  0.938300 28.905970 -0.504413  2.206377  0.658363  0.033651  0.603819   4
  1  1  0.938300  0.251311  3.185469  2.240660  0.058223  0.133438  0.454139   3
  1  0  0.938300-10.405468 -3.380751-27.363944 -0.095717 -0.075512 -0.091662   1
  1  0  0.938300  2.768576  9.031173-16.218528  0.010254  0.005198  0.095275   1
  1  0  0.938300 15.195453  5.915744 15.101022  0.192506  0.195218  0.843933   4
  1  0  0.938300  6.922331-11.485505  3.566552  0.011217 -0.219802  0.435646   3
  1  0  0.938300 -7.051154 15.189858  2.990377 -0.267091  0.438909  0.545952   2
  1  0  0.938300  1.395138 -1.038743-17.841418  0.128666 -0.084074  0.055661   1
  1  0  0.938300 -5.573086  1.256357  4.536873 -0.116225 -0.057324  0.552681   5
  1  0  0.938300  4.092630 19.553496  6.130805  0.061705  0.431801  0.582874   5
  1  0  0.938300 -2.055282 -5.137834-15.096532 -0.115701  0.006734 -0.094916   4
  1  0  0.938300 -4.689311  4.331137-15.377428 -0.051500  0.016164  0.176945   3
  1  0  0.938300  6.765754 -1.783758-10.542666 -0.010268 -0.039807  0.228394   1
  1  0  0.938300 21.301534-10.689614  5.319563  0.587765 -0.258091  0.586074   5
  1  0  0.938300  0.120098 11.733995 20.010397  0.036436  0.105399  1.199338   4
  1  0  0.938300  1.822964 15.735519-24.620993  0.023324  0.305580 -0.037229   3
  1  0  0.938300  7.277259 -5.073793-14.161557  0.102482 -0.152718  0.087357   3
  1  0  0.938300-13.781622  5.818495  4.300998 -0.228220  0.078574  0.595764   1
  1  0  0.938300-32.655811  8.916846-13.753812 -1.018862  0.386774  0.139354   3
  1  1  0.938300  2.691367 16.435888 -0.253428  0.107039  0.359628  0.570160   5
  1  0  0.938300 -9.360706 -2.167450-15.179584 -0.117825 -0.132431  0.087920   1
  1  0  0.938300 -9.641151 -9.429249 17.921322 -0.150369 -0.076541  0.935640   4
  1  0  0.938300  7.213567 -0.493280-14.961988  0.143262 -0.082747 -0.077985   1
  1  0  0.938300-14.163225 -1.553234-23.437838 -0.313950 -0.085153 -0.050011   2
  1  0  0.938300 -2.208494-15.284790  7.147640 -0.016858 -0.294268  0.611195   3
  1  0  0.938300  8.252960 -7.382398-12.147756  0.160619 -0.190542  0.172155   3
  1  0  0.938300 -3.707086 -5.763955-14.201482 -0.081434 -0.093913  0.220812   1
  1  0  0.938300  4.230340 -0.993471-15.606032  0.112563 -0.081322  0.149891   1
  1  0  0.938300 -0.487440 -8.504651-10.008655 -0.029669 -0.053954  0.098530   2
  1  0  0.938300  3.022649  4.626596-11.460103  0.051373  0.042782  0.235354   2
  1  0  0.938300 -3.837493  0.375122-16.605806 -0.040692  0.086767  0.095136   1
  1  0  0.938300 -2.023739 -0.025810-11.888111  0.046917 -0.054001  0.070811   1
  1  0  0.938300 -4.389154 14.823031-20.034285 -0.060822  0.248604  0.070881   1
  1  0  0.938300  1.114326  6.903154-13.530370 -0.019059  0.008059  0.253302   1
  1  1  0.938300  7.065307  9.318546  6.025239  0.061066  0.280335  0.503716   3
  1  0  0.938300-19.156313  0.848429 -1.694748 -0.304994  0.047899  0.356169   4
  1  0  0.938300 -3.851750 -2.828361 -5.810418 -0.132885 -0.119544  0.385119   8
  1  0  0.938300 -3.814458  5.885557-16.903102 -0.115131  0.060723  0.050942   1
  1  0  0.938300  5.766322 14.208750 -9.632193  0.041273  0.232122  0.173468   4
  1  0  0.938300 -6.841633  7.998325 -0.386219 -0.194026  0.067098  0.329026   6
  1  0  0.938300  0.911336-15.216546  3.774649 -0.129117 -0.240443  0.541007   7
  1  0  0.938300  4.619417 -8.740049-16.893919 -0.017611 -0.134806  0.096797   1
  1  0  0.938300 -1.284968 -5.545933-11.039011 -0.015218 -0.024658  0.297133   1
  1  0  0.938300  9.487052  8.397805-19.376691  0.123215  0.079716  0.015430   1
  1  0  0.938300 -9.302934  2.820823-17.247045 -0.141018 -0.082331  0.108047   1
  1  0  0.938300 -4.431807 -3.972999 -0.908251 -0.131136 -0.047836  0.354668   3
  1  0  0.938300  2.817244 -3.994904 15.302188 -0.013789 -0.217486  0.875972   4
  1  0  0.938300-11.623988  1.122237-21.390337 -0.127443  0.088585 -0.118872   1
  1  0  0.938300 17.293126  7.850457 12.673684  0.319596  0.323546  0.897068   4
  1  0  0.938300-11.788055 -5.078452 -9.274838 -0.230600 -0.117409  0.115340   4
  1  0  0.938300  5.201319-12.194243-16.565541  0.190957 -0.331792  0.005436   5
  1  0  0.938300  3.778250-27.768059 -6.096478 -0.026192 -0.574090  0.355650   3
  1  0  0.938300 -5.419375 12.947458-14.132641 -0.071721  0.124062  0.149360   1
  1  0  0.938300  7.242737 -7.778475-15.120638  0.060875 -0.157126  0.098624   1
  1  1  0.938300 17.967270-10.995681  7.070370  0.231141 -0.291161  0.694671  -6
  1  1  0.938300 11.430205 32.250237  4.728369  0.250935  0.694617  0.689509  -5
  1  1  0.938300  2.276222-28.797058-10.565804  0.055679 -0.616863  0.225336  -3
  1  1  0.938300 -8.294316  3.670235 18.288462 -0.162172  0.171816  0.943581  -1
  1  1  0.938300 16.683483 -7.725919 10.933606  0.334301 -0.146007  0.805694  -5
  1  0  0.938300  3.899865 -5.861856  2.996316  0.152312 -0.034128  0.581064  -8
  1  1  0.938300-17.640581 -6.287879  2.736459 -0.445090 -0.229208  0.730014  -2
  1  1  0.938300 14.734439 11.181353 -3.455757  0.231625  0.209202  0.415977  -2
  1  1  0.938300 10.103100  4.444622 25.677545  0.179402  0.073111  1.132803  -1
  1  1  0.938300-14.491672 -9.139910 -1.707066 -0.492258 -0.145395  0.449800  -5
  1  1  0.938300  6.200495-15.116857  1.027129  0.074491 -0.323973  0.552592  -4
  1  0  0.938300 -8.590887-13.234956  3.978415 -0.200086 -0.178507  0.519515  -6
  1  1  0.938300 10.813371 -5.287987 -4.222674  0.179442 -0.113596  0.276482  -7
  1  1  0.938300  0.347686 -7.397359 10.678995  0.049506 -0.186918  0.788130  -1
  1  1  0.938300 -7.078782 -6.619054 15.709497 -0.087962 -0.044154  0.794346  -1
  1  1  0.938300-17.345935  2.217140  7.641504 -0.380800  0.044347  0.614104  -4
  1  1  0.938300 15.441421 12.850437  6.495524  0.251003  0.364995  0.642011  -4
  1  1  0.938300 -2.553635 -1.523285  3.576069 -0.057947  0.043732  0.603433  -7
  1  1  0.938300 10.061119 -3.835360 19.796069  0.125122 -0.137768  1.067477  -1
  1  1  0.938300  5.261503-17.036635 -3.976990  0.143277 -0.357388  0.425948  -2
  1  1  0.938300-23.854586  8.805433 -5.651151 -0.439296  0.158417  0.357928  -4
  1  1  0.938300 10.231708 -0.354287 -1.638245  0.188875 -0.000626  0.402499  -5
  1  1  0.938300 -3.328762-12.585901-11.179755 -0.047004 -0.103234  0.184103  -6
  1  1  0.938300  4.591166 -3.551491 28.075665  0.077427 -0.041161  1.205861  -1
  1  1  0.938300 -8.295976  5.960167 -7.709716 -0.211527  0.171736  0.337789  -2
  1  1  0.938300  0.421228 15.573106  6.943870  0.086236  0.319352  0.577174  -6
  1  1  0.938300  5.455647-22.384067 -9.230036  0.080533 -0.502622  0.203285  -4
  1  1  0.938300-16.474254 -8.012628  8.681062 -0.347054 -0.098871  0.754904  -5
  1  1  0.938300 -7.824237  6.449558 23.109097 -0.073704  0.059750  1.021021  -1
  1  1  0.938300  8.374775  6.053619-14.166891  0.170758  0.236582  0.167292  -3
  1  1  0.938300-18.951265-16.636801 -0.620280 -0.541398 -0.363264  0.598069  -2
  1  1  0.938300  9.006873  6.820137 -1.268346  0.404330  0.172886  0.534397  -5
  1  1  0.938300  3.698186  0.891903 15.945646  0.101035 -0.033335  0.734760  -1
  1  1  0.938300  2.478910-11.105353 15.337257  0.048822 -0.135774  0.945702  -1
  1  1  0.938300  5.513578 10.018358-16.380315  0.092805  0.277918 -0.098672 -11
  1  1  0.938300 -7.888324 -4.654985-10.245946 -0.078245 -0.091830  0.124634  -7
  1  1  0.938300 14.617927 -9.437965 13.207612  0.287923 -0.264523  0.832020  -2
  1  1  0.938300 15.407843 -0.398909 -0.992391  0.306336  0.051761  0.446225  -8
  1  1  0.938300  8.231275  4.472427 17.066357 -0.016305  0.062010  1.035090  -1
  1  1  0.938300 17.504364 -3.458892 10.644340  0.331530 -0.095057  0.708679  -5
  1  1  0.938300 14.731508 11.096260  8.096825  0.340766  0.209602  0.630979 -10
  1  1  0.938300  1.412923 -7.813189 26.718841 -0.029713 -0.154752  1.125907  -1
  1  1  0.938300  6.647787-12.036696  6.325737  0.137919 -0.109263  0.650663  -5
  1  1  0.938300  7.275483-10.454633 25.761298  0.057309 -0.185793  1.159998  -1
  1  1  0.938300 15.731424  3.476837 16.032686  0.264959 -0.034208  0.852966  -3
  1  0  0.938300 -5.266427 -6.135857  5.830214 -0.159022 -0.013361  0.725460 -12
  1  1  0.938300 11.226143-21.585451  4.472499  0.265289 -0.352965  0.572106  -2
  1  0  0.938300  4.068582 -5.755729 -0.157476  0.118197 -0.163981  0.568077  -4
  1  1  0.938300 -2.192266  0.401062 27.536319  0.049488  0.055179  1.179095  -1
  1  1  0.938300 -2.619846 -4.636561  9.855352 -0.008106 -0.127729  0.691531  -2
  1  1  0.938300 -9.949102  9.538869  5.621414 -0.174835  0.085794  0.538142  -3
  1  1  0.938300 15.467759 -1.229929  1.392190  0.298001  0.011267  0.451642  -8
  1  1  0.938300 -1.180271 13.834755-17.833964 -0.131097  0.220011  0.022897  -2
  1  1  0.938300 -4.851355  2.847889 11.419103  0.003088  0.056160  0.893115  -1
  1  1  0.938300-16.388375 -1.551776 -9.376620 -0.338293 -0.011206  0.240239  -5
  1  1  0.938300-13.916833 11.031156 16.729244 -0.328898  0.164931  0.963358  -3
  1  1  0.938300-20.056303-14.851160-12.142919 -0.506942 -0.322698  0.264727  -7
  1  1  0.938300  8.468650-15.821560 19.486315  0.075278 -0.293325  1.099389  -7
  1  1  0.938300  3.902221 12.387048 11.449328  0.152218  0.217896  0.771109  -1
  1  1  0.938300 -9.447197  1.298628 20.183677 -0.102329 -0.020619  1.100189  -1
  1  1  0.938300-11.708150  5.226595 13.860256 -0.278967  0.080360  0.944183  -2
  1  1  0.938300  3.439894  9.466570-19.525033  0.088244  0.211513  0.117102  -4
  1  1  0.938300 -1.998876  7.467343  0.852314 -0.044781  0.109355  0.480416  -4
  1  1  0.938300 -4.555025  9.435733 16.842172 -0.174290  0.150580  0.775903  -1
  1  1  0.938300 13.572335 19.254057 -2.768008  0.293193  0.412719  0.381305  -6
  1  1  0.938300  0.634505 -5.015129  6.892729  0.175314  0.003970  0.697430  -3
  1  1  0.938300 -3.120231 -9.579448 11.451497 -0.067048 -0.084019  0.645563  -1
  1  1  0.938300-19.065145 -0.203010 -1.648473 -0.460801  0.099969  0.370982  -4
  1  1  0.938300 10.566657 -9.265455 14.823349  0.139176 -0.088491  0.662638  -1
  1  1  0.938300 -8.051131-14.469870 16.107044 -0.064348 -0.495902  1.016893  -2
  1  0  0.938300 16.356010 10.084118 -1.503191  0.372325  0.288525  0.347237  -6
  1  1  0.938300 10.513073 14.635498 -8.416462  0.215880  0.283538  0.316176  -2
  1  1  0.938300 17.613416 -0.980312  9.336457  0.231042 -0.105307  0.613707  -2
  1  1  0.938300 12.272669 -4.014432 18.192465  0.223574 -0.084209  1.189788  -1
  1  1  0.938300 -0.457768 14.305671 19.717463  0.044091  0.397068  1.126565  -4
  1  1  0.938300  7.523890 11.434143 12.189197 -0.019503  0.223643  0.871387  -7
  1  0  0.938300 29.849784 -4.130347  6.278876  0.593698 -0.030585  0.634740  -4
  1  1  0.938300  2.173511 -3.542079  7.253615  0.054534  0.032950  0.702019  -3
  1  1  0.938300 -1.738785  4.012866 16.542647 -0.032219 -0.012539  0.845888  -1
  1  0  0.938300  1.544822  4.512178  4.213249 -0.083342  0.092093  0.602522  -2
  1  0  0.938300 18.777815 -3.865392  5.795890  0.459118 -0.015296  0.766231  -3
  1  1  0.938300 12.495033  6.417826 -1.119541  0.168763  0.227363  0.366774  -7
  1  0  0.938300 -2.853391-10.558623  1.943596  0.015490 -0.230260  0.576929  -2
  1  0  0.938300  3.215989 -7.658331 17.471924  0.052305 -0.034940  0.725430  -1
  1  0  0.938300 -0.134968 18.517710 -1.513025  0.064649  0.276593  0.438612  -4
  1  0  0.938300 -1.203302  3.221526  3.497550 -0.036211 -0.018238  0.638104  -5
  1  0  0.938300  4.092700 -1.520456 -0.902495 -0.060979 -0.002844  0.460436  -4
  1  0  0.938300-20.722780 24.432798 12.564769 -0.582942  0.827559  1.029780  -3
  1  0  0.938300 -4.616960  4.952431 16.299859 -0.097747  0.142946  0.937843  -1
  1  0  0.938300-19.422045 15.562098-15.284954 -0.323014  0.275016  0.151503  -2
  1  0  0.938300 -5.484475-10.970087 15.947343 -0.066611 -0.088417  0.824761  -1
  1  0  0.938300  0.440741-13.852434 -1.702075 -0.128408 -0.283304  0.365024  -4
  1  0  0.938300 -2.200804 10.393449 -0.366065  0.031910  0.213865  0.444669  -4
  1  0  0.938300 -0.664119 -0.530911 29.968643 -0.017173 -0.038469  1.109122  -1
  1  1  0.938300  3.475845 -0.765690  0.023472  0.113217 -0.088318  0.401870  -6
  1  0  0.938300  4.339009  7.919884  1.872570  0.192134  0.186471  0.485093  -6
  1  0  0.938300  2.164925 -5.695722 12.510298 -0.077360 -0.077773  0.793962  -4
  1  0  0.938300 11.747699-10.506208 14.563995  0.230135 -0.108017  0.847118  -1
  1  0  0.938300-13.341029 -2.212415 18.617168 -0.162857 -0.019247  0.990445  -1
  1  0  0.938300  7.862984  6.562175 11.813795  0.094500  0.045470  0.603001  -1
  1  0  0.938300 -0.097601  1.479947  9.073764 -0.051051  0.174526  0.822532  -8
  1  0  0.938300  1.447968 -1.591771 12.618620  0.089204 -0.134949  0.904117  -7
  1  0  0.938300-13.618854  5.381797 17.151989 -0.142911  0.162882  0.953296  -3
  1  0  0.938300 -0.129647 -8.022416 16.290720  0.091425 -0.116197  0.752506  -1
  1  0  0.938300 -3.124065 12.060682 13.615844  0.016242  0.105434  0.787218  -1
  1  0  0.938300 -6.066487 21.722698-13.288027 -0.228100  0.353213  0.174611  -2
  1  0  0.938300 -3.196111 12.119401  6.015911 -0.211423  0.248186  0.591508  -5
  1  0  0.938300  2.767391-17.366752 12.931828  0.035157 -0.207822  0.674167  -2
  1  0  0.938300  3.704459 -4.275999 17.986604 -0.038256  0.022468  0.803243  -1
  1  0  0.938300-15.777257-14.267925 15.867098 -0.242942 -0.238819  0.910323  -3
  1  0  0.938300  1.097121  5.284167 24.225087  0.041252  0.005644  1.000324  -1
  1  0  0.938300-15.109436 -1.326542 -2.139583 -0.273789 -0.009156  0.370024  -2
  1  0  0.938300-21.781790 -5.876197-10.132247 -0.409526 -0.145301  0.219212  -3
  1  0  0.938300  3.344932-11.771577 15.528154  0.036841 -0.259227  0.807690  -1
  1  0  0.938300 -3.860944-11.096489 -5.349677 -0.073854 -0.087967  0.363058  -4
  1  0  0.938300  5.473572 -4.659105 15.123197  0.145094  0.008418  0.932751  -1
  1  0  0.938300 15.893596 -4.425425  9.916617  0.186589 -0.196726  0.631470  -4
  1  0  0.938300 -8.114928-12.172721  8.212495 -0.302053 -0.379498  0.752521  -3
  1  0  0.938300 -4.477894 21.406926 -1.417335 -0.037540  0.425996  0.456169  -1
  1  0  0.938300 -7.200152  1.099032-14.021898 -0.143252 -0.100682  0.217501  -3
  1  0  0.938300-10.008167  8.259261 16.783538 -0.107166  0.071174  0.952078  -1
  1  0  0.938300 -2.924944 -8.494877 -1.857131  0.018393 -0.111057  0.380236  -7
  1  0  0.938300 11.048567-14.177385 16.763016  0.287736 -0.241706  1.063643  -7
  1  0  0.938300 -3.292127 -1.143858 12.851759 -0.127832 -0.082995  0.794518  -2
  1  0  0.938300  8.620998-15.439429  7.498158  0.065912 -0.270991  0.658523  -2
  1  0  0.938300  3.953554  4.945848  1.200831  0.020930 -0.027498  0.523697  -2
  1  0  0.938300-15.410906  2.164654 14.258901 -0.275259  0.104195  0.743752  -3
  1  0  0.938300 12.760876-20.598322  7.953142  0.313702 -0.301665  0.702982  -2
  1  0  0.938300  1.989222  5.754888 19.372443  0.063973  0.104790  0.795404  -1
  1  0  0.938300  4.768806-17.184079-23.167223  0.250822 -0.351474 -0.020084  -2
  1  0  0.938300  4.415652  0.507503  7.519993  0.253792  0.020426  0.557065  -5
  1  0  0.938300 -0.009202 23.174142 13.488194 -0.090606  0.517468  1.039311  -4
  1  0  0.938300-13.124752 -2.745637 13.699087 -0.194881 -0.026883  0.675953  -2
  1  0  0.938300 -3.472515 -8.395284 18.135974  0.008055 -0.029061  0.930401  -1
  1  0  0.938300  5.314518 -6.931130  4.413084 -0.038628 -0.153874  0.563578 -12
  1  0  0.938300-19.087896  6.799356  4.050107 -0.228185  0.100250  0.498016  -2
  1  0  0.938300-19.148844  7.146484  0.643395 -0.433176  0.204998  0.520171  -4
  1  0  0.938300  3.318154 -9.675624 -2.251348 -0.038975 -0.265641  0.341605  -4
  1  0  0.938300 -5.261282  5.647556 24.410482 -0.156987  0.112991  1.099149  -1
  1  0  0.938300 12.083298  2.128982 17.548656  0.124723 -0.018686  0.957407  -1
  1  0  0.938300  1.545907 -0.688580 10.683988  0.113925  0.074751  0.921445  -4
  1  0  0.938300-18.644691  7.965461 -6.239681 -0.371845  0.155700  0.320834  -4
  1  0  0.938300 10.905790-11.621707 -1.828568  0.219510 -0.205386  0.378027  -9
  1  0  0.938300  1.154869 -6.683607  6.039235 -0.030676 -0.058212  0.560185  -1
  1  0  0.938300 18.439825  1.937697 11.615574  0.234821  0.023120  0.770878  -3
  1  0  0.938300 -7.212426 -6.099779 19.943177 -0.156797 -0.144407  1.155060  -3
  1  0  0.938300 -5.886175  3.440603  0.013281 -0.151074  0.093706  0.353692  -5
  1  0  0.938300  9.479175  3.349547 21.898339  0.122387 -0.060067  1.084159  -1
  1  0  0.938300 10.501392-20.972855  0.347508  0.165551 -0.392339  0.452860  -2
  1  0  0.938300  7.409155 11.187872 19.035425  0.169933  0.324182  0.932662  -4
  1  0  0.938300 -8.189188 -0.126678 -4.620872 -0.162870  0.034672  0.320136  -5
  1  0  0.938300 12.376864 -5.093147-14.740603  0.153579  0.001911  0.102553  -4
  1  0  0.938300  9.480446  0.225506 -3.642919  0.126968 -0.054002  0.379212  -2
  1  0  0.938300 -8.401904  8.990189 17.766426 -0.159007  0.052735  0.742484  -1
  1  0  0.938300-17.955527 -5.684003 12.683692 -0.347849 -0.116619  0.725047  -3
  1  0  0.938300  0.399029 14.614562  4.508134  0.055579  0.225765  0.579113  -7
  1  0  0.938300  5.034689  5.944607 22.305460  0.043471  0.019900  1.159180  -3
  1  0  0.938300 15.090750  6.615164-14.323379  0.239808  0.176005  0.027418  -3
  1  0  0.938300 -3.002649  5.029401 13.030754 -0.009563  0.040980  0.919913  -1
  1  0  0.938300  9.466820 -7.855116  7.697867  0.220546 -0.227578  0.718455  -2
  1  0  0.938300 -8.381111  9.528593 -5.405685 -0.027564  0.250589  0.385054  -4
  1  0  0.938300 -9.592132  9.716585  8.279395 -0.106604  0.306249  0.716010  -2
  1  0  0.938300-19.953608  8.395617 -6.587635 -0.423989  0.061175  0.291805  -4
  1  0  0.938300 -1.003000  9.669331 16.656681 -0.090589  0.186760  0.974567  -1
  1  0  0.938300  2.261761 16.391211  5.813016  0.037628  0.328515  0.711675  -2
  1  0  0.938300 -8.291931  2.780453  5.405666 -0.193749  0.114499  0.677258  -3
  1  0  0.938300 15.188524 -7.255113 16.317289  0.240449 -0.087166  0.801831  -5
  1  0  0.938300-13.316967 20.803694 12.100092 -0.334194  0.478487  0.830977  -4
  1  0  0.938300 12.639742  0.200974 15.189178  0.188711 -0.010815  1.022074  -1
  1  0  0.938300  2.176121  3.973486 14.003012 -0.066432 -0.057673  0.780303  -1
  1  0  0.938300-12.166077-12.092916-20.635536 -0.189177 -0.182262  0.128937  -3
  1  0  0.938300  1.915925  6.040294 24.643433 -0.038927  0.146866  0.928375  -1
  1  0  0.938300-10.983229 -5.704722 11.120015 -0.319086 -0.018211  0.985784  -6
  1  0  0.938300 -8.975280 -3.771718 16.164817 -0.024239 -0.005572  0.731686  -1
  1  0  0.938300 -4.162081 20.852344  7.686811 -0.210186  0.310943  0.629203  -2
  1  1  0.938300 -0.092388 -5.570016  2.115754  0.094058 -0.139814  0.574367  -4
  1  0  0.938300-17.153464-11.666492 -6.528981 -0.264240 -0.280841  0.288909  -4
  1  0  0.938300  4.104861-11.255428-11.914159 -0.049299 -0.050938  0.157620  -6
  1  0  0.938300 -1.382755 -6.306691 10.672495  0.051101 -0.029391  0.663406  -1
  1  0  0.938300 13.854516 -8.722130  2.486501  0.220782 -0.223414  0.557499  -4
  1  0  0.938300 12.653110-20.944240  6.857843  0.310867 -0.434877  0.735118  -3
  1  1  0.938300 16.421237  5.072829  2.948453  0.386848  0.142854  0.604663  -5
  1  0  0.938300 -5.686211-25.558613 -1.643265 -0.083826 -0.619461  0.452262  -8
  1  0  0.938300  0.523179  6.253063 13.756148 -0.121982  0.094313  0.939840  -1
  1  0  0.938300  1.317019 -2.667018 11.869330  0.018667  0.020115  0.603126  -2
  1  0  0.938300  5.037462  1.810700  9.407761  0.140205  0.011073  0.635009  -2
  1  0  0.938300-16.087790  9.397062  5.068023 -0.423432  0.232683  0.618781  -4
  1  0  0.938300  6.672324 -2.727209 -5.561375  0.122489 -0.061461  0.351970  -4
  1  0  0.938300  0.121788-12.105593 27.671483 -0.007199 -0.179508  1.088275  -1
  1  0  0.938300-10.603475 14.926909  3.787644 -0.242907  0.210108  0.625929  -3
  1  0  0.938300 -8.942317  4.424935-18.339714 -0.118570  0.119892  0.154836  -4
  1  0  0.938300 21.843776  3.870711  8.958806  0.692007  0.049216  0.775486  -4
  1  0  0.938300  3.667760  0.733663 -6.151656  0.135555  0.194382  0.197781 -16
  1  0  0.938300 -1.645654  1.988382 11.711578  0.102063 -0.014100  0.634335  -1
  1  0  0.938300 -1.829844 10.690538  8.296895 -0.053738  0.310339  0.695668  -4
  1  0  0.938300 -0.386952-10.408220 17.432693  0.011215 -0.037994  1.063311  -2
  1  0  0.938300 -7.942025-24.722795  3.387465 -0.113808 -0.425070  0.625892  -2