  1  1  0.938300 -1.361510  8.398293-24.507670 -0.000491  0.118906 -0.111167   1
  1  0  0.938300 -3.730320 -3.744840-10.711487 -0.140878 -0.128474  0.148116   6
  1  1  0.938300 -9.713612-16.650391 -5.130189 -0.212296 -0.364158  0.364184   5
  1  1  0.938300 11.342712-18.690728 12.807896  0.331603 -0.325989  0.755196   2
  1  1  0.938300  5.903041  4.837487 -6.812352  0.119431  0.029598  0.176701   3
  1  1  0.938300  4.592143  3.661794 -9.867961  0.020101 -0.021810  0.170664   1
  1  1  0.938300-13.183910 -3.935128  0.939697 -0.295508  0.006222  0.384525   4
  1  1  0.938300 12.378733 -4.184200-17.994182  0.101292 -0.164175  0.052110   1
  1  1  0.938300 -2.378901 12.671951-10.681369 -0.045512  0.313100  0.136736   3
  1  1  0.938300-22.884828  6.520613 -6.610941 -0.536569  0.234768  0.282005   3
  1  1  0.938300  1.380288 -6.366923-16.861380  0.108713  0.021613 -0.011882   1
  1  1  0.938300 16.558913  4.634793 16.604615  0.458452  0.022906  1.043555   5
  1  1  0.938300  2.955279-16.100140  0.003520  0.063148 -0.248272  0.378383   3
  1  1  0.938300 -5.957775  4.919904  5.928648 -0.204102 -0.071955  0.627308   3
  1  1  0.938300 -6.873807  7.982175-14.105904 -0.102506  0.093122 -0.043173   1
  1  1  0.938300  9.647047  0.592534-18.501564  0.318647  0.092578 -0.010916   3
  1  1  0.938300 -5.393822-22.024259 -1.065444 -0.041113 -0.423892  0.466798   1
  1  1  0.938300 -9.332978-14.989814 17.133483 -0.072451 -0.248079  0.863984   2
  1  1  0.938300  2.985157 11.759328  7.956866  0.193344  0.201700  0.655436   4
  1  0  0.938300 -5.594829  5.946568-10.978839 -0.182965  0.051439  0.086464   3
  1  1  0.938300  1.858228  9.345302-24.971563  0.044159  0.073235 -0.049571   1
  1  1  0.938300 -3.284144-18.694413 -2.780780 -0.041834 -0.233134  0.438378   3
  1  1  0.938300 -7.998755  7.968980-17.432547  0.004280  0.137095  0.061096   2
  1  1  0.938300  6.535038-15.406715 -3.676206  0.129051 -0.260223  0.293873   5
  1  1  0.938300 -3.523766  3.425229 -3.571004 -0.079518  0.152599  0.320919   3
  1  1  0.938300 -7.586289 -4.797043-21.171330 -0.180726 -0.075687  0.008474   1
  1  1  0.938300  6.278180-13.546124 10.481373  0.098475 -0.381730  0.766722   7
  1  1  0.938300  6.409775 -8.535363 -8.014139  0.203377 -0.049535  0.247058   7
  1  1  0.938300 -1.578816  4.469469-19.519987 -0.015261  0.060093  0.106633   1
  1  1  0.938300 -1.340821 -0.643068-11.159829 -0.063478 -0.067079  0.206973   1
  1  1  0.938300-12.672387  1.502441-18.041063 -0.267948 -0.044662 -0.077677   1
  1  1  0.938300  5.300995 17.493683-10.785803  0.191442  0.450006  0.171581   4
  1  1  0.938300 -4.030991  2.676385-13.567582 -0.051724 -0.020030  0.004852   1
  1  1  0.938300 -1.645619  5.865672-14.522967  0.016486 -0.007206 -0.067115   1
  1  1  0.938300  8.492061-17.648261 11.852262  0.152580 -0.543398  0.947312   3
  1  1  0.938300-10.317861 -0.232944-23.631816 -0.144798  0.041185  0.000920   1
  1  1  0.938300 -9.171564 -9.570876 -8.038916 -0.158525 -0.112157  0.210699   3
  1  1  0.938300 -9.173161 10.143869 -3.212356 -0.097875  0.149311  0.409035   3
  1  1  0.938300-12.336786 -5.341136-21.311583 -0.192527 -0.086063 -0.080815   1
  1  1  0.938300  6.909030-10.478444  9.301861  0.257381 -0.258400  0.859496   4
  1  1  0.938300  1.565569 21.377254-14.446837  0.011997  0.409617  0.152924   1
  1  1  0.938300  1.506638 11.845429  6.737022  0.001475  0.278305  0.501384   2
  1  1  0.938300 -0.560601  6.114662  9.118288 -0.049883  0.078315  0.589847   3
  1  1  0.938300-13.676908  2.982083  0.591480 -0.191701  0.071845  0.497917   5
  1  0  0.938300 -6.887255  0.466122 -0.896567 -0.204293  0.063603  0.393412   9
  1  1  0.938300 -2.143119  5.095685 -7.180282 -0.021682  0.213431  0.223478   1
  1  1  0.938300-17.830909 -7.810096 -2.069268 -0.388866 -0.053219  0.377463   3
  1  1  0.938300 10.436060  3.827870-18.342908  0.168527  0.069682  0.024519   4
  1  1  0.938300  9.681223  0.035610-13.900831  0.128043  0.011920  0.209037   1
  1  1  0.938300  2.633635  8.500965-18.683002  0.053184  0.245863 -0.011971   1
  1  1  0.938300 -3.207241 -1.445206-12.579927 -0.147473  0.004015  0.069089   1
  1  0  0.938300 -1.142176  4.037329  8.601293 -0.056614  0.247673  0.699324   5
  1  1  0.938300 -2.426126  6.607383  7.321045 -0.079723  0.145568  0.622918   7
  1  1  0.938300-29.188704-14.763560 -7.617616 -0.767933 -0.409390  0.253076   2
  1  0  0.938300  1.671716 -5.644178-14.049124  0.007910 -0.144841  0.257075   2
  1  1  0.938300  0.031769 -3.751063-11.777068  0.059807  0.037086  0.154463   1
  1  1  0.938300  7.233255  2.695681-13.081577  0.182558 -0.046679  0.095996   6
  1  1  0.938300 13.547195 -5.431950 20.440086  0.205022 -0.134694  1.094151   7
  1  1  0.938300 -1.241109 -7.088854  4.948665 -0.008989 -0.137695  0.631646   4
  1  1  0.938300 -1.894872 17.195892 -6.967907 -0.045498  0.401918  0.188068   4
  1  1  0.938300-11.468549  7.451172-15.177719 -0.142746  0.144066  0.158928   1
  1  1  0.938300 -3.882784 13.828220-18.740419 -0.117557  0.172303  0.026831   1
  1  1  0.938300 16.126161 17.079134-20.682016  0.378119  0.425555 -0.134474   2
  1  1  0.938300 -5.594819 16.531491  7.320751 -0.162305  0.209637  0.799074   3
  1  0  0.938300  9.815852  8.577353-10.658478  0.177035  0.078495  0.145864   6
  1  1  0.938300 -6.967776  0.581530-12.497858 -0.076002  0.154338  0.078717   1
  1  1  0.938300-15.395828-17.461581 -3.285671 -0.243524 -0.308458  0.383207   4
  1  1  0.938300 -3.898157  6.745418-16.816085 -0.161046  0.071601 -0.005033   1
  1  1  0.938300 -3.661968-20.510191-17.301484 -0.113962 -0.523055 -0.152148   3
  1  1  0.938300 -3.129619  8.866828-20.160994 -0.108475  0.035537 -0.050631   1
  1  1  0.938300 -8.043971 -4.165065-24.561750 -0.126253 -0.092078 -0.026889   1
  1  0  0.938300  3.974965 -4.900232 20.879693  0.247495 -0.325208  1.334552   5
  1  1  0.938300-17.821325 -1.470418  6.800570 -0.217155 -0.052431  0.531084   2
  1  0  0.938300  6.771620  6.913134 -5.073865  0.068299  0.225892  0.286110   6
  1  1  0.938300 -3.581551  7.746733 -7.113555 -0.058564  0.237467  0.238696   2
  1  1  0.938300  7.644747  5.065108 -9.328815  0.032778  0.013628  0.239904   1
  1  1  0.938300 -3.427757 -1.773400-14.565173 -0.052887 -0.018418  0.103108   4
  1  1  0.938300  0.035037  4.146596  4.308207  0.045370  0.185378  0.484935   4
  1  1  0.938300 -6.672766  1.873804-17.960186  0.103642  0.335231 -0.032717   2
  1  0  0.938300 -5.084237  6.130231 -6.961874 -0.158924  0.079279  0.225963   2
  1  0  0.938300  0.405886  2.567326-10.408430  0.060212  0.033068  0.294860   1
  1  0  0.938300  7.258223 -6.587886  5.719037  0.096476 -0.067466  0.533260   3
  1  0  0.938300  4.524057  8.271824 11.566036  0.291265  0.269212  0.968924   4
  1  1  0.938300  5.098762 -9.644215 -1.287959  0.002511 -0.189028  0.414967   4
  1  0  0.938300 13.519509-10.622221  9.204410  0.420771 -0.288957  0.722929   2
  1  0  0.938300  0.612414 -4.989435-26.541428  0.005944 -0.055650 -0.078038   1
  1  0  0.938300  1.366175 -7.839192-17.380607 -0.112561 -0.020026 -0.017827   1
  1  0  0.938300 -0.837809 17.077435-19.157000  0.005525  0.268416  0.083527   2
  1  0  0.938300 12.341734  1.120157  0.840599  0.168936 -0.009339  0.428868   3
  1  1  0.938300  6.770115 -3.075494-12.044800  0.115596 -0.130678  0.057929   3
  1  0  0.938300 -7.307516 14.698289-17.708241 -0.127106  0.185734  0.070456   1
  1  0  0.938300-20.099040-16.851001 -9.328478 -0.432752 -0.316804  0.176522   4
  1  0  0.938300-22.277405  9.753319 -6.315836 -0.502023  0.133917  0.311157   3
  1  0  0.938300 -7.774187-12.800794 13.111829 -0.152551 -0.148102  0.754087   3
  1  0  0.938300 20.939792 -8.709006-13.484627  0.435568 -0.152257  0.159098   2
  1  0  0.938300  8.588655 -2.851238-14.519647  0.221066 -0.063706  0.152527   1
  1  0  0.938300  5.633419  7.601419  4.454868  0.251185  0.298809  0.642789   7
  1  0  0.938300 -2.380844 -6.992211-14.722197  0.040165 -0.063435 -0.003693   1
  1  0  0.938300 11.004792 -6.943535-15.124302  0.059729 -0.092799  0.127251   2
  1  0  0.938300  1.071928  7.266895-23.741660  0.003336  0.070421 -0.039035   1
  1  0  0.938300  5.722998 12.216393-24.662297  0.109046  0.160571 -0.017282   1
  1  0  0.938300 -5.136176 12.429673 12.676369  0.104339  0.276686  0.763526   3
  1  0  0.938300 -3.792531  6.467220-17.110909 -0.151901  0.007725  0.056865   2
  1  0  0.938300 17.935493 16.662537  1.355827  0.392846  0.282841  0.560320   7
  1  0  0.938300-10.154284 12.669983-18.055105 -0.229124  0.262785  0.076119   2
  1  0  0.938300 -2.656771  2.535194-24.055874  0.008695 -0.049311 -0.094501   1
  1  0  0.938300  8.009417  8.520819  2.336166  0.112240  0.012433  0.549655   2
  1  0  0.938300 -1.014018 14.815864-13.010135  0.075875  0.292545  0.190517   3
  1  0  0.938300  9.720214 -4.656817-18.970625  0.032580  0.031981  0.101255   1
  1  0  0.938300 25.185363 -5.205567 -0.635008  0.566583 -0.092098  0.390660   3
  1  0  0.938300  9.750179 -5.175547-20.580123  0.140391  0.016252  0.022342   1
  1  0  0.938300 -5.744534-35.344940 -1.037995 -0.123050 -0.719063  0.507697   4
  1  0  0.938300 -7.256151 16.157628  8.359350 -0.015983  0.317494  0.621239   4
  1  0  0.938300 10.286532 -7.116068 12.030615  0.294529 -0.067477  0.658639   2
  1  0  0.938300 -6.850813 -4.529113  1.634478 -0.087972 -0.041256  0.485435   6
  1  0  0.938300 10.042778  3.286570-12.967206  0.171758 -0.013157  0.192071   1
  1  0  0.938300  0.132540 12.967425-11.548998  0.013200  0.166499  0.159172   3
  1  0  0.938300 -8.714398  5.648790-12.440155 -0.174436  0.112910 -0.007038   3
  1  0  0.938300  7.855069 -5.561695-20.452744  0.095787 -0.187959  0.009689   1
  1  0  0.938300  2.250561 -3.850289-14.501042 -0.029089  0.068713  0.133552   1
  1  0  0.938300  9.595135  8.929468-15.500482  0.170416  0.029666  0.026817   2
  1  1  0.938300 -0.312760-22.870318 -0.704363 -0.087924 -0.489798  0.490342   5
  1  0  0.938300  6.969262  2.838410-16.126252  0.098770 -0.075004  0.170774   1
  1  0  0.938300  7.103681 -3.369656-10.736655  0.057895 -0.118657  0.136325   2
  1  0  0.938300 -0.023970  4.283505-16.284034 -0.048086  0.074581  0.095925   1
  1  0  0.938300-11.721008 -2.866872-10.868924 -0.193753 -0.123447  0.211196   1
  1  0  0.938300  1.621864  0.075716  7.831246  0.107446 -0.011374  0.591436   4
  1  0  0.938300  4.221996-13.956742 23.896790  0.153576 -0.159452  1.091424   2
  1  0  0.938300-15.374048  3.023080-19.007710 -0.212417 -0.027741  0.074715   2
  1  0  0.938300  4.462765  8.642427-12.257095  0.224179  0.098918  0.175518   3
  1  0  0.938300  4.542731 -6.898476-20.022140 -0.056477 -0.151784  0.104073   1
  1  0  0.938300 12.034151-23.225618-18.415616  0.174031 -0.512237  0.046696   4
  1  0  0.938300  1.131654 -2.790742-11.321553  0.111203  0.087986  0.211462   3
  1  1  0.938300 -3.063832 -6.139642  6.814835  0.125658 -0.157917  0.631785   5
  1  0  0.938300 22.395881  0.160223 16.608144  0.446863 -0.018040  0.937898   4
  1  0  0.938300  3.216321 -5.973698-13.185001 -0.009370 -0.002811  0.179247   1
  1  0  0.938300 -5.791016 -5.947248 -0.578312 -0.023328 -0.256776  0.433481   6
  1  0  0.938300  9.127460 15.365591 -4.954769  0.135015  0.392301  0.338397   2
  1  0  0.938300-27.514662 -7.022075  0.401881 -0.614279 -0.141987  0.659588   6
  1  0  0.938300 -5.250447-20.625008 -9.948320 -0.095720 -0.511396  0.176750   4
  1  0  0.938300  3.520675  2.505254 -5.853310 -0.023747  0.100227  0.343846   1
  1  0  0.938300 -0.612379 14.195582 11.488275 -0.091280  0.269518  0.769233   4
  1  0  0.938300 17.182496 -3.322565  2.090239  0.332180 -0.096790  0.541088   3
  1  0  0.938300  0.530629 -0.411831 10.167930  0.032557  0.066606  0.688040   5
  1  0  0.938300-12.045434 -8.111338 13.292582 -0.300515 -0.231757  0.855344   2
  1  0  0.938300 10.140306 11.796047 -2.517903  0.196412  0.177350  0.356685   1
  1  1  0.938300 12.794645 -3.893350  0.153457  0.192119 -0.131507  0.429013  10
  1  0  0.938300 -8.356214  0.128252 10.676650 -0.080527 -0.073575  0.745271   4
  1  0  0.938300 -9.767235  2.444670  0.120991 -0.169486  0.048920  0.562873   3
  1  0  0.938300  8.367488  3.441686 13.165614  0.013380  0.110309  0.834539   5
  1  1  0.938300 -0.324887 -1.223284-11.861275  0.077382  0.031979  0.154429   2
  1  0  0.938300  0.541717 15.879991 11.678107  0.022330  0.228433  0.779158   6
  1  0  0.938300-15.865086 -4.139869  8.245998 -0.353647 -0.112354  0.727924   6
  1  1  0.938300 -1.836897  8.391158 11.315337 -0.119235  0.097922  0.787389   4
  1  0  0.938300 12.901056 25.176300-16.647030  0.307005  0.530205  0.057966   4
  1  0  0.938300  6.645689 -7.761510-14.102249  0.024427 -0.228621  0.025536   1
  1  1  0.938300 12.265940-19.317640 -9.107759  0.407194 -0.457510  0.320560   5
  1  0  0.938300-13.614218  3.754455-16.263207 -0.238832  0.050723 -0.060280   1
  1  0  0.938300  9.453607 -4.154704-19.266280  0.071499  0.021684  0.109027   1
  1  0  0.938300  3.726233  6.255776-13.131851  0.100711  0.099538  0.248230   1
  1  0  0.938300 -0.475182 -7.112791-16.621530  0.026780 -0.138498  0.204666   1
  1  0  0.938300  2.727479-14.090003 -0.022868  0.007267 -0.170556  0.500329   4
  1  0  0.938300 -6.800171  0.553066-12.406821 -0.154316  0.013539  0.142905   3
  1  0  0.938300 11.984913  0.951108-14.124609  0.210372 -0.102253  0.126163   2
  1  0  0.938300-15.343821  4.579524-16.761331 -0.308951  0.195172 -0.077080   2
  1  0  0.938300  6.238644  3.518186-10.560575  0.095438  0.017963  0.166375   1
  1  0  0.938300  3.623142-19.748871  2.875989  0.014210 -0.493680  0.659305   5
  1  0  0.938300  5.075302 -1.708420-14.188532  0.038960 -0.094525  0.219500   1
  1  0  0.938300 -6.646154-17.289871 12.916113 -0.222550 -0.322205  1.073022   5
  1  0  0.938300 24.386762 16.039108  7.832124  0.458825  0.383871  0.690563   2
  1  0  0.938300  5.240157 -5.718550-19.604400  0.156042 -0.058138 -0.184315   1
  1  0  0.938300 -0.150280-10.676154 18.302475  0.003170 -0.321284  1.048875   5
  1  0  0.938300  3.110953 -6.032916 -1.363608  0.139004 -0.142782  0.371824   6
  1  0  0.938300 19.587337-16.136783  3.166763  0.313957 -0.301250  0.638770   2
  1  0  0.938300  5.677084 11.752545  9.884262  0.142674  0.187281  0.658238  12
  1  0  0.938300 10.235903 -1.875235-20.391472  0.062306  0.033384  0.045579   1
  1  0  0.938300  4.020708 16.832792  2.878793  0.136245  0.310067  0.537959   4
  1  0  0.938300 -7.805826-11.027707 -8.831029 -0.274076 -0.306518  0.130769   7
  1  0  0.938300-11.087295  4.505480 -0.034768 -0.308892  0.001340  0.439671   3
  1  0  0.938300-20.753648-13.493855 10.284678 -0.422896 -0.327502  0.742863   3
  1  0  0.938300 -6.978244  8.741776-17.539875 -0.056317  0.145356 -0.108299   1
  1  0  0.938300  4.564049 -5.024687-14.355163  0.053994 -0.144758  0.031103   1
  1  0  0.938300-13.804085  0.858218-15.241806 -0.363320  0.198451  0.076153   3
  1  0  0.938300-10.938558  5.692695  0.609818 -0.321294  0.248495  0.499697   7
  1  1  0.938300-14.592928 -7.252458-16.120179 -0.502855 -0.385795  0.136586   4
  1  0  0.938300  3.046042 -8.966515-18.244653  0.069919 -0.021264  0.040369   1
  1  0  0.938300  2.317550 16.329631  9.916157  0.055472  0.295983  0.773837   5
  1  0  0.938300 -2.330553  7.585354-16.261814 -0.025826 -0.054502 -0.023125   1
  1  0  0.938300 -4.966083 11.013862  2.413974 -0.161698  0.302447  0.588177   2
  1  0  0.938300 -4.441786 15.044465  5.866643 -0.138477  0.350622  0.484028   3
  1  0  0.938300 -2.162534 12.008357-23.489958 -0.011878  0.158124 -0.072189   1
  1  0  0.938300-18.842493  1.715607 -0.432382 -0.203578  0.052383  0.423544   3
  1  0  0.938300-20.123920  7.866352 -1.763480 -0.496460  0.234801  0.501992   3
  1  1  0.938300 -0.599075  0.442233 -3.248045 -0.000788  0.006832  0.332270   3
  1  0  0.938300  2.745094-12.562064 -8.885385  0.078437 -0.312858  0.154680   8
  1  0  0.938300 -2.293188 -3.743612-19.722824 -0.078194 -0.078846 -0.007007   1
  1  0  0.938300 -3.751061  0.759141 -4.607200 -0.042972 -0.071270  0.310281   3
  1  1  0.938300-16.492390 -1.831992 -1.727039 -0.196973 -0.068034  0.394739  -4
  1  0  0.938300 15.758160  7.278949 -7.297523  0.401574  0.279096  0.307305  -5
  1  1  0.938300  4.700417 -0.183094  8.289986  0.038618  0.046544  0.606936  -3
  1  1  0.938300  6.958332  7.060570 13.537947  0.084266  0.072392  0.835267  -1
  1  1  0.938300 22.522894  5.810411 -4.434588  0.379038  0.172720  0.421902  -3
  1  1  0.938300 14.416564  3.507962 21.973952  0.207349 -0.000504  1.128438  -1
  1  0  0.938300  9.872739 11.207388-10.936004  0.291850  0.154262  0.222260  -3
  1  1  0.938300-12.864285 15.097900  0.160446 -0.350902  0.248291  0.446675  -3
  1  0  0.938300 -2.108076  8.381764  3.165038 -0.090806  0.134195  0.509838  -1
  1  1  0.938300 15.189943  4.574153  4.276800  0.221142  0.007270  0.522085  -2
  1  1  0.938300 -4.961684 16.815688  8.211212 -0.200923  0.198321  0.622387  -2
  1  1  0.938300-10.870528 -7.809785-15.374433 -0.245406 -0.052132 -0.019117  -9
  1  1  0.938300 27.230748  3.575336 -6.452228  0.551604  0.213671  0.371100  -3
  1  1  0.938300 -7.161777  3.117477 11.532826 -0.186757 -0.019916  0.679865  -1
  1  1  0.938300 29.844873  6.119033  7.440313  0.699458  0.085431  0.784193  -2
  1  1  0.938300 11.895559-17.237828  3.586300  0.165706 -0.285472  0.544098  -4
  1  1  0.938300 -1.429872 -0.172509 -5.678480  0.043036  0.120875  0.232000  -4
  1  1  0.938300 -3.966515 -1.733167 -5.484726 -0.039392 -0.141335  0.382417  -2
  1  1  0.938300  9.606865  4.945771  9.880303 -0.011348  0.105825  0.612170  -1
  1  1  0.938300  9.102299 13.117781-11.195478  0.164281  0.276577  0.272181  -2
  1  1  0.938300 14.258613  7.382382 24.955019  0.326833  0.122012  1.208373  -7
  1  1  0.938300  9.496728-12.293988  0.735850  0.161074 -0.115868  0.523358  -3
  1  1  0.938300  5.643638-26.574837-10.379065  0.160381 -0.446551  0.272570  -2
  1  1  0.938300 -6.093367 -7.522340 20.137539 -0.020687 -0.015871  1.098670  -1
  1  0  0.938300-12.940853 -8.822129-13.146535 -0.233340 -0.258745  0.228015  -3
  1  0  0.938300 -4.331056-17.349397-11.623968 -0.044375 -0.362950  0.221177  -6
  1  1  0.938300 11.121965-11.314607 20.507356  0.276241 -0.200833  1.198039  -5
  1  1  0.938300  2.911593 -3.127286  5.951310  0.069688 -0.100656  0.612878  -3
  1  1  0.938300 -5.631611-11.628384 18.280738 -0.074174 -0.162805  0.853228  -1
  1  1  0.938300 -5.928274-14.776952  7.818650 -0.035283 -0.182418  0.640437  -3
  1  1  0.938300  5.460284 12.759733 11.736818  0.056765  0.331212  0.912697  -2
  1  1  0.938300 -3.451345 -2.431525-10.726271 -0.114641 -0.061147  0.066846  -6
  1  1  0.938300 13.528779  5.272264 17.019205  0.240326  0.082019  1.014319  -1
  1  1  0.938300 -4.151933 -5.603396  8.059136 -0.110853 -0.100596  0.596833  -1
  1  1  0.938300-12.976346 -3.385163  1.014838 -0.175984  0.025615  0.519178  -3
  1  1  0.938300  7.593350  1.456117 17.541577  0.068610  0.127032  0.879402  -1
  1  1  0.938300 11.623521 18.388899  5.681920  0.143424  0.460302  0.569435  -2
  1  1  0.938300 13.306424  7.802987 -5.286867  0.269437  0.232889  0.395377  -3
  1  1  0.938300  8.786491 10.397130 20.226602  0.096376  0.123313  1.035203  -1
  1  1  0.938300  2.187445-12.666367  1.287141 -0.079671 -0.282616  0.473871  -6
  1  1  0.938300-22.006550  0.129746 -2.225400 -0.467525  0.089063  0.319612  -2
  1  1  0.938300 23.125332  1.741233-19.020517  0.491434 -0.065737  0.037731  -2
  1  1  0.938300 14.276479  9.448650  4.489397  0.263963  0.161332  0.499720  -3
  1  1  0.938300-10.810196 15.196465 20.999470 -0.114048  0.326755  1.192397  -1
  1  1  0.938300 13.191931 -8.637416 11.272126  0.179754 -0.267025  0.669972  -2
  1  1  0.938300  9.076381 18.253750 13.037195  0.144910  0.403999  0.928603  -6
  1  0  0.938300  1.930480 -6.084515  7.498826  0.119968 -0.031200  0.686805  -5
  1  1  0.938300 -2.083838 -7.712058  4.776837 -0.034892 -0.155316  0.570334  -2
  1  1  0.938300 -2.499828-10.902530 16.583659 -0.043629 -0.134468  0.748305  -1
  1  1  0.938300 -7.406122 18.952134  5.107695 -0.191238  0.366907  0.623283  -8
  1  1  0.938300 -1.625089  2.053752 11.937373 -0.102840  0.123193  0.816013  -1
  1  1  0.938300  1.674902 -2.293114 16.606876  0.084636 -0.125524  0.944668  -1
  1  1  0.938300-11.938725  8.582233 25.783795 -0.233790  0.131004  1.107059  -1
  1  1  0.938300  1.444900 11.682845 22.629808  0.040548  0.124232  0.931983  -1
  1  1  0.938300-11.720438 -9.014832  3.940418 -0.147786 -0.133511  0.584018  -5
  1  1  0.938300 11.933655 -5.257556 -0.940515  0.214809 -0.044238  0.402142  -6
  1  1  0.938300  5.432311  8.965583 10.319190  0.171617  0.256352  0.781856  -6
  1  1  0.938300  9.816072  7.422594 20.588502  0.053626  0.049586  0.954580  -1
  1  1  0.938300 -2.113705  7.617373-12.941089  0.028616  0.166934  0.123268  -3
  1  1  0.938300-28.537793 -7.688562 -8.176583 -0.515852 -0.158998  0.313246  -3
  1  1  0.938300 -1.905952 -3.000496  1.700700  0.053891 -0.078240  0.503176  -3
  1  1  0.938300  0.897140 -4.610054  9.593471 -0.093050 -0.104250  0.713205  -2
  1  1  0.938300  1.921619 -3.325965 11.366838  0.062641  0.045708  0.799457  -7
  1  1  0.938300  0.640167 16.837759 21.456188 -0.061616  0.254429  1.001365  -1
  1  1  0.938300 -4.055992  3.055158  3.882064 -0.055368 -0.060347  0.481173  -3
  1  1  0.938300  3.074676  2.043762-32.596134  0.076638  0.014706 -0.428422  -4
  1  1  0.938300-29.403921-14.277213 -3.737216 -0.827707 -0.320550  0.438125  -4
  1  1  0.938300 -4.849567  6.267124 -8.168677 -0.079973  0.079948  0.220434  -4
  1  1  0.938300 -6.320939 11.886985 12.237155 -0.043010  0.117739  0.681076  -1
  1  1  0.938300 -2.145990  2.032741-17.443370  0.023758 -0.035075  0.094190  -2
  1  0  0.938300-11.997929-11.085681-10.834953 -0.158309 -0.138144  0.186642  -4
  1  1  0.938300 12.275716 -4.087760 21.025565  0.137573 -0.116440  1.139270  -1
  1  1  0.938300 -1.646763 11.246183  7.891999  0.052782  0.170170  0.548680  -4
  1  1  0.938300 18.159180  7.185508  5.435513  0.354393  0.049078  0.603729  -1
  1  1  0.938300 -8.944458  3.034346 15.867941 -0.028768  0.106430  0.708580  -1
  1  0  0.938300 17.523239  2.176283 -0.563985  0.648993  0.123213  0.393580  -5
  1  1  0.938300 -6.763265 16.704583 13.398621 -0.187280  0.328084  0.823535  -3
  1  1  0.938300 -9.635993 -0.970956 14.204726 -0.028097 -0.117723  0.759829  -1
  1  1  0.938300 -1.655800  5.297728 25.004015 -0.062613  0.018470  0.994510  -1
  1  0  0.938300 -1.604132 13.589704  9.178682 -0.105884  0.485469  0.847617  -7
  1  0  0.938300 -7.571327 -0.489182  7.209808 -0.255191 -0.078028  0.674923  -2
  1  0  0.938300 -3.158721 30.504147 -8.826133 -0.113894  0.749926  0.279655  -5
  1  0  0.938300  7.415634  8.125077 15.504687 -0.076784  0.162860  0.977221  -3
  1  0  0.938300 -6.213346 -2.887964 14.004284  0.045569 -0.034694  0.658432  -1
  1  0  0.938300 -5.290214 22.964488  4.931793 -0.183202  0.419004  0.607476  -3
  1  0  0.938300  2.477822-11.828420 -8.037201  0.113507 -0.089344  0.316327  -2
  1  0  0.938300 26.186549  3.018751 10.678979  0.478934  0.066074  0.816818  -2
  1  0  0.938300-15.897769 -3.931542 10.737864 -0.253259 -0.156809  0.844474  -5
  1  0  0.938300  6.589159  4.579995 23.540240  0.098204 -0.099486  1.152693  -1
  1  0  0.938300 12.185352 -8.781072-14.631819  0.262180 -0.185152  0.037892  -3
  1  0  0.938300  1.931136 14.659605  1.320087  0.056878  0.286542  0.443609  -4
  1  0  0.938300 12.416532-10.653880  4.039434  0.191562 -0.160649  0.543948  -5
  1  0  0.938300-13.043315 22.310387  0.098435 -0.344624  0.380846  0.524349  -2
  1  0  0.938300 11.889889  6.390364  4.548736  0.160666  0.001104  0.549424  -2
  1  0  0.938300 -7.517305-11.624795 -5.444973 -0.242134 -0.203045  0.217348 -11
  1  0  0.938300 15.897250 -2.425853 12.313269  0.197041 -0.059075  0.597391  -4
  1  0  0.938300 -6.365279 -0.401356 13.109466 -0.180841  0.016162  0.783685  -3
  1  0  0.938300-12.024023  3.695949  4.840473 -0.257232  0.003799  0.637534  -3
  1  0  0.938300 -5.667388 -3.209236 17.843967 -0.155799 -0.049992  0.769837  -1
  1  1  0.938300-13.343020 -1.402993  0.985317 -0.344634 -0.036257  0.549989  -2
  1  0  0.938300  1.291855 -4.863496 13.534409  0.042217 -0.075768  0.778529  -1
  1  0  0.938300  4.728445 15.638569 10.143689 -0.032580  0.282531  0.702495  -4
  1  0  0.938300 -4.687989  0.112277 12.884136  0.067032 -0.045273  0.924434  -1
  1  0  0.938300 -0.644498  3.722769 13.467953 -0.164991  0.057517  0.911433  -1
  1  0  0.938300 -2.607283  1.161143-14.791908 -0.070185  0.090001  0.131829  -3
  1  0  0.938300 -2.656381 -7.178975  2.934032 -0.057204 -0.027770  0.512906  -3
  1  0  0.938300 -9.056327  4.345529 12.972771 -0.065508 -0.069193  0.764845  -2
  1  0  0.938300  0.258972  8.069931-15.563394  0.130904  0.102773  0.152825  -3
  1  0  0.938300 -3.535955 -5.044859 21.545184 -0.104134 -0.091349  0.894382  -1
  1  0  0.938300  9.443101 12.349513 13.593241  0.110945  0.103128  0.844401  -3
  1  0  0.938300  0.376793 -7.428690  6.595664  0.041772 -0.112266  0.639084  -4
  1  0  0.938300  2.982484 -8.577207 15.599549  0.045397 -0.146606  1.033448  -1
  1  0  0.938300  5.529323 -6.242765 17.982997  0.084767 -0.094351  0.988902  -1
  1  0  0.938300-10.646021 -2.962742 13.317708 -0.091089  0.006647  0.728136  -1
  1  0  0.938300 -1.362335 19.439834  5.614048 -0.053243  0.359722  0.621456  -5
  1  0  0.938300  1.538045 19.124360 10.090650  0.131824  0.493689  0.845662  -2
  1  0  0.938300-12.312428 -3.387161  2.056851 -0.174492  0.006179  0.452809  -2
  1  0  0.938300  7.648014 -5.301506 13.930680  0.154722  0.032800  0.780134  -1
  1  0  0.938300-12.280078  5.843684 11.541792 -0.230290  0.068038  0.778365  -1
  1  1  0.938300 10.926809 -0.854337-15.260568  0.152945 -0.086473  0.093176  -2
  1  0  0.938300 11.478861 -4.203818-13.949805  0.195047  0.012945  0.142391  -3
  1  0  0.938300 15.649803  6.856648  8.554200  0.340271  0.168632  0.737764  -5
  1  0  0.938300 16.154329  1.478514 12.009255  0.330616 -0.080411  0.846253  -5
  1  0  0.938300  0.433429  9.717057 16.319260  0.068822  0.198624  0.859684  -1
  1  0  0.938300-20.733036 12.536109  2.675426 -0.472702  0.218096  0.550400  -4
  1  0  0.938300 -1.972961 -2.569288  8.524082 -0.181043 -0.112041  0.616709  -2
  1  0  0.938300 10.233108-17.544062  0.278557  0.080170 -0.409236  0.464257  -3
  1  0  0.938300  3.359327 15.075368 15.270394  0.126932  0.289216  0.857144  -2
  1  0  0.938300  1.601230 -4.933026 14.380392 -0.015592  0.021778  0.786242  -1
  1  0  0.938300 14.323201  1.648226 19.058631  0.325541  0.020074  1.078134  -2
  1  0  0.938300  1.355310-11.467543 19.371617 -0.034941 -0.087745  0.789798  -1
  1  0  0.938300 -7.002764-15.099428 17.827825 -0.116934 -0.172576  0.937513  -1
  1  0  0.938300 -5.514978 -5.919961  0.670624 -0.096211 -0.139623  0.448623  -4
  1  0  0.938300  8.094664  8.712160 10.404232  0.134134  0.074916  0.676666  -1
  1  0  0.938300 -7.025760 23.507838 -1.996970 -0.243926  0.481088  0.419158 -10
  1  0  0.938300  2.653623-19.792782  4.925344  0.156593 -0.414530  0.639540  -5
  1  0  0.938300-11.070240  6.775977  2.136447 -0.124679  0.094685  0.407418  -5
  1  0  0.938300 14.871018  8.559416 10.106010  0.271838  0.095171  0.688826  -7
  1  0  0.938300 -9.351785-11.650487 14.531747 -0.151025 -0.199639  0.839354  -1
  1  0  0.938300  7.936111  8.684223 -6.783648  0.287533  0.134788  0.263536  -5
  1  0  0.938300 -7.519320 -1.866135 14.115678 -0.074537 -0.063191  1.070274  -1
  1  0  0.938300 -8.318072 16.353533  4.962659 -0.091700  0.251233  0.549683  -2
  1  1  0.938300 20.559785-14.531367  9.418736  0.515717 -0.275905  0.795989  -4
  1  0  0.938300 -8.102639  6.086657 16.895709 -0.089194  0.152202  0.823556  -1
  1  0  0.938300  2.918729 21.319803 10.647504 -0.040792  0.483823  0.669614  -4
  1  0  0.938300 14.930516 11.204749  5.539011  0.231592  0.241591  0.595188  -7
  1  0  0.938300 14.298708  1.841247 17.482700  0.217802 -0.022629  1.022743  -2
  1  0  0.938300 -6.947399  5.304792 13.988072 -0.066399  0.197905  0.926292  -2
  1  0  0.938300 13.806017  5.699562 18.593497  0.178546  0.127662  0.796582  -1
  1  0  0.938300-15.099091-30.558385-12.724901 -0.410342 -0.743110  0.271915  -3
  1  0  0.938300-18.636293 -1.166877-13.511922 -0.321639 -0.079553  0.212702  -3
  1  0  0.938300 -0.830495 -7.545119 21.478662  0.062189 -0.093514  1.010424  -1
  1  0  0.938300  1.029090  6.452138 -5.803288  0.020592  0.216742  0.237302  -6
  1  0  0.938300  6.209258 -2.198328 17.319399  0.098300 -0.029134  0.947902  -1
  1  0  0.938300 -6.285932-25.607060  2.766597 -0.106221 -0.549735  0.599922  -2
  1  0  0.938300 20.262916 -4.238211 11.867486  0.267110 -0.124439  0.730402  -2
  1  0  0.938300 -0.910543 11.354210 -7.013741 -0.058565  0.172688  0.226754  -7
  1  0  0.938300 11.950002 22.194660-13.134108  0.209814  0.397534  0.229650  -2
  1  0  0.938300 -9.059338 -2.857807 20.251717 -0.071919 -0.097981  0.841481  -1
  1  0  0.938300 19.124321  7.202285 -7.167096  0.391610  0.139433  0.286063  -4
  1  0  0.938300  8.549966 -1.779535  8.237742  0.217214  0.053171  0.782009  -7
  1  0  0.938300 15.935167 -1.721501 -1.814617  0.373493 -0.090030  0.501775  -6
  1  0  0.938300  5.831452-16.535075-10.034086  0.131449 -0.320787  0.091725  -6
  1  0  0.938300 -6.124672  7.046463 14.474922 -0.189813  0.160423  0.931193  -1
  1  0  0.938300  4.480100  9.951226 17.684830  0.072084  0.035241  0.976647  -1
  1  0  0.938300-12.469151 -4.637150 -0.249051 -0.293646 -0.064765  0.499289  -6
  1  0  0.938300  6.745233 -9.191458 21.452533  0.041379 -0.164050  1.026723  -4
  1  0  0.938300  1.801170  5.255149 -1.908910  0.089038  0.237634  0.415469  -4
  1  0  0.938300-11.503606  6.402990 16.516611 -0.278959  0.105241  0.891451  -1
  1  0  0.938300  6.354083  6.847422-11.893670  0.032538  0.139978  0.228227  -4
  1  0  0.938300-10.538009  3.396621 -0.642721 -0.233418 -0.018324  0.474621  -2
  1  1  0.938300-11.424980  8.779917  0.561080 -0.481988  0.288870  0.446653  -3
  1  0  0.938300  0.378234 -3.415724 13.915316  0.139707 -0.103551  0.781978  -1
  1  0  0.938300  3.434781 -3.058066 19.461874  0.015759 -0.032572  0.965009  -1
  1  0  0.938300-16.591062-19.137329  7.540596 -0.307301 -0.357336  0.632955  -3
  1  0  0.938300  0.859601 -2.483397 -1.067996 -0.101289 -0.028456  0.423654  -4
  1  0  0.938300  5.455753-13.481994 16.022984  0.084831 -0.269143  1.011429  -1
  1  0  0.938300 -8.026759-23.945643 -7.767997 -0.252517 -0.707041  0.331592  -6
  1  0  0.938300  7.146748 -1.943674 21.482336  0.170806 -0.166232  0.933553  -1
  1  0  0.938300-19.363601 -9.599413 12.755330 -0.372164 -0.211557  0.870641  -2
  1  0  0.938300  5.338319  0.750910-20.718245  0.168699  0.085995  0.039409  -3
  1  0  0.938300 -3.493941  0.499220 17.961912 -0.070958 -0.016665  1.114335  -1
  1  0  0.938300  6.023538-22.550978 12.080827  0.188063 -0.602344  0.903903  -3
  1  0  0.938300 -2.509269  6.131210 18.164214 -0.099019  0.151664  0.851212  -1
  1  0  0.938300 -7.123102-21.262151 10.865580 -0.130712 -0.336385  0.728388  -3
  1  0  0.938300 13.680583  0.695119 22.893854  0.188613  0.034219  0.919021  -2
  1  0  0.938300-16.861705-10.959573 13.579717 -0.282507 -0.300282  0.930247  -2
  1  0  0.938300 -9.774581  9.197793  3.955953 -0.349339  0.318429  0.406273  -7
  1  0  0.938300  5.420967  1.728488 16.738670 -0.002128  0.132371  1.016966  -1
  1  0  0.938300-24.510153 -1.943125  0.167394 -0.430098 -0.068811  0.441207  -3
  1  0  0.938300 23.212125  0.104976 -3.233100  0.528424 -0.075601  0.476394  -4
  1  0  0.938300  6.406226-14.001235  7.611451  0.189631 -0.211068  0.558843  -3
  1  0  0.938300  1.688273 -3.570922 20.149271  0.075233  0.064935  0.853470  -1
  1  0  0.938300  2.408358  4.858021 22.236814 -0.019589 -0.007543  1.034759  -1
  1  0  0.938300-10.695092 -3.073393 17.854291 -0.141128 -0.164876  1.007956  -2
  1  0  0.938300-12.889991  3.154293  8.674402 -0.161655  0.057691  0.744941  -3
  1  0  0.938300 -2.170277  8.319215 20.150778 -0.088268  0.089516  0.989927  -2