  1  1  0.938300 15.521909 -0.147155-15.250239  0.252470  0.013394  0.053836   1
  1  1  0.938300  4.155228 -2.099770-12.901036  0.084355 -0.025860  0.072547   1
  1  1  0.938300  0.961308 13.824145-17.881551 -0.055118  0.368664  0.011945   2
  1  1  0.938300-11.775562  5.919752  2.604312 -0.091820  0.025315  0.384198   3
  1  1  0.938300 -4.452007  4.555357-18.305838 -0.175556  0.095086  0.032748   1
  1  1  0.938300  0.527068  6.844348-14.674069 -0.044909  0.021251  0.142158   1
  1  1  0.938300 -6.842469  1.804266-19.316878  0.004249  0.023254  0.032038   1
  1  1  0.938300 -3.939719-18.447877-10.192109 -0.189758 -0.369442  0.267516   3
  1  1  0.938300  4.233599 12.291177  7.801559  0.150098  0.255637  0.692669   8
  1  1  0.938300  7.618963 -0.288865 13.482011  0.148582 -0.106713  0.981979   5
  1  1  0.938300 -5.226038  6.110304-10.705536 -0.056143  0.168566  0.256713   1
  1  1  0.938300  2.830044  9.283357-14.506811  0.015091  0.233629 -0.011171   1
  1  1  0.938300-11.482701-11.906974  0.236805 -0.224359 -0.239509  0.421164   4
  1  1  0.938300  1.031263-19.575854-13.232181 -0.065962 -0.370679  0.134376   5
  1  1  0.938300 22.191814 -4.353937  2.682854  0.480708 -0.192622  0.587172   4
  1  1  0.938300-15.107536 -1.407365-14.822338 -0.245610  0.011956  0.102785   1
  1  1  0.938300  6.378366-25.235235  6.435718  0.092006 -0.502751  0.673266   2
  1  1  0.938300 -7.803415 -2.271636  0.696396 -0.145184 -0.010814  0.477693   6
  1  1  0.938300 -4.271743 -0.512494 -4.034623 -0.047152 -0.063120  0.403945   3
  1  1  0.938300 -8.875183  4.464043 -4.929332 -0.141891  0.071394  0.233373   6
  1  1  0.938300 -8.548166  6.066935-23.650158 -0.063996  0.064730 -0.045985   1
  1  1  0.938300 -0.864698 -4.716646-11.948756 -0.072873 -0.044014  0.056054   1
  1  1  0.938300  1.340097  5.147630-10.328184  0.131208  0.166116  0.167057   6
  1  1  0.938300 -0.572420 -0.974094-22.004222 -0.023780  0.000158  0.095921   1
  1  1  0.938300  7.740733  6.093286-15.820304  0.078844  0.082696 -0.048900   3
  1  1  0.938300 -0.283763  9.460274 -9.463532 -0.035655  0.102128  0.188082   1
  1  1  0.938300 -5.641561 -9.950795 -2.863585 -0.073353 -0.211443  0.331550   2
  1  1  0.938300  7.946259-10.438906-12.818243  0.183064 -0.228434  0.100109   1
  1  1  0.938300 10.610731 -7.489797-14.145927  0.217832 -0.274571  0.058967   4
  1  1  0.938300 10.071093 10.660091 24.303923  0.336204  0.197251  1.221318   3
  1  1  0.938300  4.571419 10.673953-20.374644  0.122291  0.137718  0.033067   1
  1  0  0.938300-10.242765-10.621383  3.755275 -0.108766 -0.065397  0.447287   4
  1  1  0.938300 -4.171203 12.977639-13.883475 -0.042791  0.164342  0.068619   1
  1  1  0.938300  2.928691 -6.765326-19.388009  0.038404 -0.054805 -0.074023   1
  1  1  0.938300 -7.953662 -0.709565 12.735975 -0.209419 -0.088264  0.900549   5
  1  1  0.938300 -8.550325 -9.643379-19.099929 -0.101334 -0.075826  0.060023   1
  1  1  0.938300 19.679758 -2.159962-12.286360  0.296854  0.018086  0.153117   3
  1  1  0.938300  1.636624  5.406926 -1.818215 -0.023430  0.133202  0.495118   6
  1  1  0.938300  3.157393 -5.277476 11.793563  0.023926 -0.110603  0.621060   3
  1  1  0.938300-15.862972 17.618020 -9.072630 -0.297857  0.368662  0.223914   3
  1  1  0.938300  7.092014 -5.722523-13.205394  0.147226 -0.132186  0.250929   1
  1  1  0.938300  3.702700 -6.775868 -3.558899  0.200506 -0.087539  0.279497   3
  1  1  0.938300  8.192385  8.485483  1.372264  0.085052  0.202752  0.555733   9
  1  1  0.938300 17.873289 -0.570866-18.412760  0.292351  0.097628  0.005986   3
  1  1  0.938300 23.614297 -5.126305 10.988000  0.502985 -0.101907  0.764560   2
  1  1  0.938300 -6.217848  3.603803-15.798726 -0.067209  0.136773  0.037439   1
  1  1  0.938300  1.143273 14.461385-17.020513 -0.026272  0.162197  0.032025   1
  1  1  0.938300 -3.974306  0.618836 -0.656677 -0.098164 -0.066175  0.566741   3
  1  1  0.938300-11.883484  9.884579-21.161987 -0.209403  0.139131 -0.065069   1
  1  1  0.938300 -8.179902-14.031129  6.966854 -0.212495 -0.335027  0.672779   4
  1  1  0.938300  9.652066 -1.268281-16.826279  0.106012 -0.029120  0.066873   1
  1  1  0.938300 18.057300-13.997846 -4.285420  0.505490 -0.227420  0.392300   4
  1  0  0.938300  9.227299-21.052561 12.405575  0.280760 -0.485058  0.933248   2
  1  1  0.938300-12.345102 -9.763336  9.299392 -0.133130 -0.234858  0.667880   3
  1  1  0.938300  0.742955-14.207456 -6.164705 -0.020520 -0.153786  0.283444   3
  1  1  0.938300  6.969758  5.797877-29.743048  0.126700  0.085579 -0.134384   1
  1  1  0.938300 12.641083  9.264797 -1.446998  0.177363  0.111588  0.484218   7
  1  0  0.938300-12.553543  0.297164 -5.321440 -0.102984 -0.026636  0.329136   6
  1  1  0.938300  9.500828 -1.044011-12.650414  0.253174 -0.003760  0.175844   6
  1  1  0.938300 -4.339555 -4.491340-20.511544  0.018703 -0.092936 -0.036535   5
  1  1  0.938300 -6.897252  6.107463-18.694432 -0.006445  0.150010 -0.082432   1
  1  1  0.938300  8.461358 -4.076799 -1.185351  0.029174 -0.186919  0.293678   3
  1  1  0.938300 -2.351147 -5.770528-19.245844  0.035414 -0.052667 -0.039419   1
  1  1  0.938300 -6.553677 -8.010198-15.764530 -0.235909 -0.002134 -0.055796   2
  1  1  0.938300 17.575517 12.258569  9.838686  0.507177  0.247931  0.839997   3
  1  1  0.938300 10.744042  0.847485-23.142650  0.090663 -0.070258 -0.107747   1
  1  1  0.938300  1.772688 10.211915-18.128959  0.149065  0.069534  0.074164   1
  1  1  0.938300 -2.618115-15.859651  5.846206 -0.104848 -0.243503  0.585375   2
  1  1  0.938300 -8.899223  6.042999 -3.789250 -0.083473  0.067903  0.316443   2
  1  1  0.938300 -6.371839-12.242597 10.119522 -0.007263 -0.192212  0.715078   5
  1  1  0.938300  1.516044  8.733375-16.767780  0.046034  0.036594  0.198557   1
  1  1  0.938300  4.253872-10.986293 16.967880  0.105468 -0.155511  0.737999   3
  1  1  0.938300 11.516689 -9.654555-13.416448  0.195642 -0.189694  0.043880   1
  1  1  0.938300 -9.627580-17.539234 -8.093741 -0.093503 -0.318380  0.278213   2
  1  1  0.938300 20.997970  6.479405 21.432702  0.384009  0.129662  1.021814   2
  1  1  0.938300 -4.998233-11.603883-22.886222  0.002064 -0.155925 -0.031495   1
  1  1  0.938300 -0.281307  5.990697-13.941591  0.046051  0.146247 -0.098391   1
  1  1  0.938300-13.127863 14.695049  2.145553 -0.310174  0.323263  0.454491   4
  1  1  0.938300  0.899857-19.516443 10.973107  0.119817 -0.654409  0.882939   7
  1  0  0.938300  4.625198  7.365537-16.071988  0.059933  0.124989  0.054361   1
  1  0  0.938300 -1.508225  2.153599-13.584879  0.079101  0.016106  0.083878   2
  1  0  0.938300 -4.565001-10.807182  0.628076 -0.081112 -0.128271  0.395466   2
  1  0  0.938300-13.264633 -4.882790-18.503608 -0.219579 -0.210878 -0.075892   3
  1  0  0.938300  1.000156  8.625393-18.878301 -0.032020  0.164468  0.104986   4
  1  0  0.938300 -0.203586  3.371388  1.905691  0.040278  0.069132  0.578548   5
  1  0  0.938300  2.131479  3.229249-19.924174  0.057636  0.087663 -0.019068   1
  1  0  0.938300  4.997899-13.352930 -0.502870  0.062713 -0.225416  0.423416   5
  1  0  0.938300  5.402697 12.524460 -0.097483  0.153967  0.115241  0.394592   4
  1  0  0.938300-13.084420  8.783988 -5.210668 -0.187038  0.180961  0.312154   5
  1  0  0.938300 -7.286881 14.237788-16.516571 -0.156666  0.224267  0.035176   4
  1  0  0.938300 -2.117570 -4.049637-30.085410 -0.052569 -0.065682 -0.206846   1
  1  0  0.938300 -3.593972-10.695770-18.336695 -0.063345 -0.143593 -0.068151   1
  1  0  0.938300 19.958243 15.214503 -8.677155  0.297913  0.277007  0.228767   3
  1  0  0.938300 12.352982 -1.482633-20.207339  0.205080 -0.012157 -0.109843   2
  1  0  0.938300  0.645584-13.423686 -1.611398 -0.008371 -0.350062  0.510418   4
  1  0  0.938300 -7.531883 -1.369839-16.563694 -0.251677 -0.105024  0.042352   1
  1  0  0.938300 14.850937-14.852099  3.191236  0.211767 -0.146924  0.491960   2
  1  0  0.938300 -6.980703  3.425650  6.654147 -0.270911 -0.024516  0.758592   7
  1  0  0.938300-20.418457-13.453499-11.489676 -0.416214 -0.332219  0.173843   2
  1  0  0.938300  7.707627  8.138928  1.636497  0.211945  0.294867  0.401445   8
  1  0  0.938300 -3.640738 -7.834493-16.299493 -0.034821 -0.020300  0.153170   1
  1  0  0.938300 12.803608  2.507571 -8.738837  0.333787  0.040676  0.168538   2
  1  0  0.938300-13.699013  9.884000 -9.126609 -0.202652  0.238108  0.142326   6
  1  0  0.938300 -4.249266 -9.038158-15.394235 -0.216438 -0.109927  0.034198   1
  1  0  0.938300-12.234121 11.652000  7.618636 -0.161228  0.087464  0.684059   2
  1  0  0.938300 -6.122355 -1.339982-19.967597 -0.044025  0.093050  0.093476   1
  1  0  0.938300 -7.032191 -8.837711-11.303102 -0.071281 -0.072471  0.226008   1
  1  0  0.938300 -8.065436 -7.599178-14.004826 -0.149625 -0.255500  0.071501   2
  1  0  0.938300 15.770384 25.308919 -4.337685  0.355497  0.668816  0.447272   6
  1  0  0.938300  1.950960 25.622235 -0.892773 -0.071994  0.469671  0.497075   5
  1  0  0.938300 -3.432634 -9.053334-20.309835 -0.027195 -0.025475 -0.085080   1
  1  0  0.938300  6.897435 12.947553  5.662641  0.189716  0.347663  0.492579   5
  1  0  0.938300 -5.976668  6.114973-11.002296 -0.066856  0.051958  0.196689   1
  1  0  0.938300-10.568300 -4.153798 15.041484 -0.210957 -0.095622  1.001431   4
  1  0  0.938300  2.970478 -5.718411 14.747018 -0.072970 -0.001892  0.739233   2
  1  0  0.938300  8.699014  1.974748-21.379536  0.030913 -0.051659 -0.070683   1
  1  0  0.938300-18.033231 -1.896276 13.629040 -0.393464  0.043925  0.864073   5
  1  0  0.938300  8.263181 -5.907940-13.942997  0.150156 -0.174570  0.002977   3
  1  0  0.938300 -2.560427-18.878902-16.229676 -0.082845 -0.387804  0.023949   5
  1  0  0.938300 -6.294102  4.269882-17.596851 -0.056633  0.035105  0.151452   2
  1  0  0.938300 -1.197571 -0.551443-26.044912  0.047411 -0.060045 -0.022900   1
  1  1  0.938300-12.651910  3.188952 11.661104 -0.256555  0.206514  0.725713   6
  1  0  0.938300-15.787265 30.183711  3.262833 -0.462578  0.720409  0.673897   2
  1  0  0.938300 -3.652079  0.507853  7.764862 -0.158845 -0.139030  0.633333   4
  1  0  0.938300-12.608490 -4.279241  6.864428 -0.174255 -0.128318  0.554874   3
  1  0  0.938300-12.393094 -2.033807-12.908219 -0.150023 -0.029589  0.126115   1
  1  0  0.938300 -2.307514  4.834219  5.860845 -0.086411  0.071164  0.445590   4
  1  0  0.938300  3.404782 -1.647433 -5.606251  0.025092 -0.058904  0.352662   5
  1  0  0.938300  6.320466 15.204743-21.469063  0.209901  0.232456  0.047279   3
  1  0  0.938300  4.594306  3.705787 -2.638532  0.116578  0.187622  0.436400   3
  1  0  0.938300 -7.917360  5.590514-20.357868 -0.171110  0.045575 -0.077023   1
  1  0  0.938300 -7.866738 -9.862259  2.616317 -0.149867 -0.138644  0.511461   5
  1  0  0.938300-18.001031 11.354592 -6.259819 -0.275932  0.171895  0.384887   3
  1  0  0.938300 -2.667761 -4.087477 -9.515234 -0.055819 -0.052224  0.055835   3
  1  0  0.938300 13.335674  6.187178-15.662925  0.140379  0.087605  0.163362   1
  1  0  0.938300  1.955757  6.585683-13.885047  0.074792  0.190675 -0.046387   1
  1  0  0.938300  9.988851 -2.545548  1.260119  0.108320 -0.034607  0.546923   3
  1  0  0.938300  8.291635 -5.572053-10.929853  0.142801 -0.148266  0.239162   3
  1  0  0.938300  1.433395 13.802160-11.613692  0.097705  0.143945  0.213112   4
  1  0  0.938300  7.975080-12.034026  3.961707  0.118434 -0.246467  0.590560   4
  1  0  0.938300 -0.997118  8.801561-22.498336 -0.001621  0.165397  0.034669   1
  1  0  0.938300 -9.311815 15.740911  5.094274 -0.313331  0.335494  0.687436   2
  1  0  0.938300-21.027784 -7.147534  6.836771 -0.451820 -0.292888  0.562966   3
  1  0  0.938300-14.651794 -3.869304 -5.246404 -0.307239 -0.192018  0.360364   4
  1  0  0.938300  8.107017-16.279788  3.710306  0.106246 -0.432532  0.537213   3
  1  0  0.938300 -9.933535 -0.056930-12.838047 -0.130769 -0.073823  0.036727   1
  1  0  0.938300  8.087769-26.568974  2.237197  0.118092 -0.587710  0.604076   2
  1  0  0.938300 11.958641 -3.311615  9.775094  0.143641 -0.050826  0.596296   3
  1  0  0.938300 19.791993  4.360615-13.793426  0.305711 -0.020213  0.152364   3
  1  0  0.938300-10.892830 -2.382447 11.740600 -0.072897  0.003067  0.688934   6
  1  0  0.938300 -4.765744 -1.344498-12.111649 -0.022966 -0.016047  0.127163   1
  1  0  0.938300  0.360420  4.845271-16.752455  0.054702 -0.054172  0.118111   1
  1  0  0.938300 -5.596794 15.521563  3.305783 -0.201507  0.215439  0.433440   4
  1  0  0.938300  8.826839  9.896959  9.295998  0.117050  0.028985  0.639477   2
  1  0  0.938300  3.183931-11.744740-13.793416 -0.062984 -0.203290  0.130704  13
  1  0  0.938300  6.760426  2.428436-13.284154  0.026283  0.188593  0.154783   1
  1  0  0.938300  8.577760  3.313453-23.891705  0.060506  0.015671  0.001817   1
  1  0  0.938300 -0.684668  0.381216 -1.128565  0.121066 -0.099452  0.433798   8
  1  0  0.938300 12.281037  2.713433 -5.452408  0.285247 -0.045964  0.347078   2
  1  0  0.938300 10.242616-10.014328-17.620588  0.224411 -0.062541  0.103964   1
  1  0  0.938300  4.339266 -0.601509-14.174668  0.079084  0.084635  0.128021   1
  1  0  0.938300 13.635904  1.630210-21.293541  0.342919  0.070816  0.037666   3
  1  0  0.938300 -5.207320 -8.360657 -2.978921 -0.014837 -0.089345  0.298098   3
  1  0  0.938300 -3.489699-11.752387  6.383487 -0.166649 -0.149497  0.565330   3
  1  0  0.938300 -3.331071-21.355701 -8.647421 -0.053205 -0.369355  0.162215   6
  1  0  0.938300  2.683400-11.705275-24.259423  0.067498 -0.136895 -0.124335   1
  1  0  0.938300  2.400031  2.170310 10.704633  0.194264  0.001733  0.771142   8
  1  0  0.938300 -1.979120 14.694090-21.625025  0.035431  0.223115 -0.135912   2
  1  0  0.938300 12.003500  0.869923 -5.171041  0.264172  0.043818  0.406137   3
  1  0  0.938300  5.456909 -6.801986-25.220540  0.087169 -0.071368 -0.053832   1
  1  0  0.938300 -2.331345  0.565725-11.594187 -0.042127  0.074409  0.265405   1
  1  0  0.938300 -7.592098 12.565068  9.471635 -0.192024  0.170711  0.706298   2
  1  0  0.938300 10.121562  5.412756  3.440355  0.076410  0.221133  0.450898   5
  1  0  0.938300 -1.297626 10.853135-12.405571 -0.037990  0.161465  0.120819   5
  1  1  0.938300-13.840513-15.811071 -1.920709 -0.169063 -0.226302  0.450486   4
  1  0  0.938300  0.300783  1.496502-22.056516 -0.008122 -0.021912 -0.081487   1
  1  0  0.938300  2.730247 -0.420199-10.952965  0.039584  0.105391  0.047301   1
  1  0  0.938300  2.589473  2.193164  5.016131  0.073149 -0.024409  0.628119   8
  1  1  0.938300  7.831381 13.051548 17.875139  0.182823  0.129639  0.840224   2
  1  0  0.938300-26.902868 -4.103210-16.173109 -0.577025 -0.122684  0.106532   2
  1  0  0.938300 -4.196850 -6.785612-13.528393 -0.108770 -0.034156 -0.004834   1
  1  0  0.938300 -6.300275 -1.654528-15.141307  0.030372  0.045019  0.036293   1
  1  0  0.938300 12.269182 -1.656693 -5.990273  0.212625  0.002612  0.351942   3
  1  0  0.938300 -3.115753  7.204332-13.696094  0.099591  0.050674  0.097300   5
  1  0  0.938300 19.075350 23.102783 -3.269804  0.433160  0.445024  0.444855   6
  1  0  0.938300  5.070096 -8.661018-23.243671 -0.019204 -0.107248  0.046225   1
  1  0  0.938300 -1.045254-22.433921  5.951157 -0.087998 -0.451550  0.555140   3
  1  0  0.938300-14.177973 -9.902998 10.579325 -0.290083 -0.106167  0.895490   4
  1  0  0.938300  0.311703-16.789291 -6.221508  0.038664 -0.210276  0.314487   3
  1  0  0.938300 -5.720411  3.613015  8.184937 -0.027434  0.100466  0.773221   4
  1  0  0.938300 -6.719846 -3.634272-21.898970 -0.075437 -0.167639 -0.050024   1
  1  0  0.938300 -1.796659-19.729689-23.710195 -0.091232 -0.409775 -0.095659   2
  1  0  0.938300 -1.060663 15.219439 -1.055193 -0.138149  0.233268  0.396889   3
  1  0  0.938300  2.816344 -2.825487-19.208853 -0.101249  0.003998  0.038496   1
  1  0  0.938300-16.228355  5.165019-12.059505 -0.322398  0.009420  0.186423   2
  1  0  0.938300-10.432671  1.868777-17.273760 -0.170184  0.131473  0.020969   1
  1  0  0.938300  9.693308  6.426361 -8.845255  0.092122  0.122638  0.241241   3
  1  1  0.938300 -6.949342  7.309330 15.025527 -0.044020  0.044773  0.911038  -4
  1  1  0.938300 -0.397419 19.765244 -1.345457  0.040036  0.569062  0.566402  -5
  1  1  0.938300 -0.553973-24.759188  3.633834  0.084890 -0.530287  0.531834  -2
  1  1  0.938300  8.098856  3.692678 17.582010  0.029228  0.066830  0.834916  -1
  1  1  0.938300 -4.985568 -1.924163 18.320141 -0.120755 -0.015184  1.196045  -2
  1  1  0.938300 17.145768 25.184866  8.622736  0.270107  0.513309  0.757299  -2
  1  1  0.938300 13.931934-24.012405 16.067935  0.393852 -0.496950  0.986805  -2
  1  1  0.938300 10.344307 -5.273845 16.477209  0.164370 -0.080020  0.793462  -3
  1  1  0.938300-11.871631 -7.101482  8.163351 -0.109463 -0.145170  0.619441  -2
  1  1  0.938300  7.704697 11.897484  3.674696  0.239599  0.225149  0.543344  -2
  1  1  0.938300 -3.695595 -2.418730  7.183241 -0.080505 -0.057120  0.667647  -2
  1  1  0.938300 -4.010836-22.070812 -5.137900 -0.087937 -0.532645  0.439488  -2
  1  1  0.938300  1.395222 -9.834337 13.251589  0.017553 -0.205483  0.763494  -1
  1  1  0.938300 -5.307926  5.857762 28.690993 -0.084825  0.094139  1.121643  -1
  1  1  0.938300  1.335411 -3.140898  3.863496 -0.102961 -0.072139  0.694119  -3
  1  1  0.938300-13.521146 -0.981033 15.493791 -0.402328  0.038639  1.026016  -3
  1  1  0.938300 -8.511851 -7.106817 15.637637 -0.147282 -0.033687  0.998589  -1
  1  1  0.938300 17.096210-18.260013  5.462922  0.426358 -0.289769  0.623671  -3
  1  1  0.938300  6.507346 -8.445336 24.784633  0.160603 -0.155474  1.201914  -1
  1  1  0.938300  8.296799 -2.446130 16.898229  0.080582 -0.076555  0.819135  -1
  1  1  0.938300 12.006597  1.750183  4.586535  0.189833 -0.030747  0.506206  -5
  1  1  0.938300-10.012043 -6.658654  0.119597 -0.289405  0.007820  0.508223  -4
  1  1  0.938300  6.769897  3.950439 19.321353  0.001564  0.080122  0.976690  -1
  1  1  0.938300 -4.793880  7.040956 13.796337 -0.041780  0.033757  0.658751  -1
  1  1  0.938300 12.450314  3.974037 12.893604  0.092113  0.010833  0.926978  -1
  1  1  0.938300 18.733555-19.462545 -5.155601  0.381699 -0.401904  0.436868  -5
  1  1  0.938300 27.460749-13.614243 -8.464866  0.605688 -0.298093  0.354054  -4
  1  1  0.938300 -1.447155 19.445787  2.971249 -0.146640  0.400248  0.484536  -3
  1  0  0.938300-16.255869  4.847993 16.755541 -0.234488  0.258277  0.877380  -2
  1  1  0.938300 -2.636078 19.940413  8.531436  0.022611  0.545773  0.801632  -2
  1  1  0.938300-11.143668-17.904752  9.180155 -0.121041 -0.344339  0.749931  -2
  1  1  0.938300 19.575933 16.085042 10.685345  0.375001  0.375559  0.737869  -5
  1  1  0.938300-12.300431 16.580151-11.415962 -0.317487  0.458860  0.134471  -5
  1  1  0.938300  6.473981 -1.109304 16.536043  0.055317 -0.006437  1.059694  -1
  1  1  0.938300 -5.868789  7.206840 14.030825 -0.076151  0.103412  0.728335  -1
  1  1  0.938300-15.325575 -5.028170 10.917399 -0.333757 -0.095692  0.846365  -2
  1  1  0.938300-14.138770 10.790082 -2.759947 -0.142787  0.244309  0.372937  -3
  1  1  0.938300  8.423555 -3.265813 19.710178  0.178504 -0.064990  0.823709  -1
  1  1  0.938300 -4.056070-10.002921 11.365056 -0.064380 -0.245215  0.869956  -1
  1  1  0.938300  6.618663 -6.796315 22.882342  0.115409 -0.134981  1.001811  -1
  1  1  0.938300 14.520708-14.058886-10.849956  0.234630 -0.313184  0.324937  -3
  1  1  0.938300 -6.369838 -0.141894 17.639085 -0.063508  0.141889  0.915035  -1
  1  1  0.938300 -7.025205 -3.706463 -6.547084 -0.223511 -0.151844  0.235973  -4
  1  1  0.938300 -3.157343 -4.191714 24.186030 -0.000075 -0.079946  1.184771  -1
  1  1  0.938300  4.156945 -2.219099 20.699883  0.046639 -0.072265  0.881960  -1
  1  1  0.938300 -8.236992  7.087163 23.913143 -0.132549  0.073159  0.964713  -1
  1  1  0.938300-14.314615  0.097286 11.767162 -0.257330 -0.135875  0.790709  -6
  1  1  0.938300  1.396720 -3.545923 -6.812843 -0.069885 -0.129493  0.264504  -6
  1  1  0.938300  2.545708 -5.626500 19.089790  0.088575 -0.165274  0.816957  -1
  1  1  0.938300  7.476294 -0.239414 -8.861161  0.194199 -0.065368  0.196862  -6
  1  1  0.938300 -4.233025 -2.649790 11.034469 -0.029308 -0.159396  0.810023  -5
  1  1  0.938300 -0.928004 15.601167  3.658100  0.042176  0.384922  0.603297  -6
  1  1  0.938300 14.528545-18.882135  9.887687  0.382013 -0.380536  0.765412  -5
  1  1  0.938300  2.342727-10.242432 14.589917  0.098405 -0.127342  0.774576  -1
  1  1  0.938300  8.283329 -2.599028 21.332880  0.040925 -0.069789  1.042648  -1
  1  1  0.938300-27.658707-10.418190  3.980673 -0.689689 -0.247287  0.609938  -4
  1  0  0.938300 17.199300 -4.352294 14.717420  0.326232 -0.074648  0.994634  -4
  1  0  0.938300-17.608725  7.846578-14.336135 -0.240172  0.133472 -0.028827  -3
  1  1  0.938300 -3.727667 -9.624711 18.696384 -0.071328 -0.198473  1.006266  -1
  1  1  0.938300-14.659136 -7.364110  1.184887 -0.290789 -0.127590  0.634651  -3
  1  1  0.938300 -4.941835 14.255913 -6.914694 -0.230553  0.258001  0.315671  -4
  1  1  0.938300-11.404095 -7.405619 17.947107 -0.094231 -0.123139  0.868392  -1
  1  1  0.938300 -3.833012  5.322193 29.237359 -0.136073  0.088501  1.192997  -1
  1  1  0.938300-14.289669  2.098676 16.594979 -0.205451  0.011888  0.807698  -1
  1  1  0.938300-12.165023 -6.715533  2.803266 -0.341710 -0.174100  0.405729  -4
  1  1  0.938300  7.472850-17.487976 -7.789169  0.079995 -0.338360  0.353975  -6
  1  1  0.938300 -5.497357  5.761635  2.008460  0.004789  0.084340  0.430774  -6
  1  1  0.938300 -8.319257 12.559949  0.380934 -0.067710  0.228547  0.443019  -2
  1  1  0.938300  7.150447 -5.778213 22.080250  0.159771 -0.145904  1.063795  -1
  1  1  0.938300-28.485408 -3.460523  9.015517 -0.590295 -0.166322  0.702068  -3
  1  1  0.938300 -9.443917 13.544717 -5.021668 -0.167178  0.259588  0.328259  -4
  1  1  0.938300-14.710619-24.829440 -8.210144 -0.218110 -0.546972  0.345480  -4
  1  1  0.938300 -3.073378  8.375568  3.537087  0.042670  0.163309  0.535432  -5
  1  1  0.938300 -8.848404  0.486516 18.026393 -0.028747  0.091524  0.859668  -1
  1  1  0.938300 12.115683 -1.795650 13.294704  0.147017  0.015798  0.685204  -5
  1  1  0.938300  4.816659 14.868646 10.116857  0.166254  0.248499  0.673660  -2
  1  1  0.938300  9.390393 24.899447  6.756455  0.246830  0.485178  0.762653  -2
  1  1  0.938300 14.611738-20.613505  0.455130  0.346150 -0.406220  0.385903  -3
  1  1  0.938300  6.768956  6.165227 18.725047  0.000445  0.185078  1.018357  -1
  1  0  0.938300 12.177608  1.021971 21.962802  0.130801  0.114252  1.019029  -1
  1  0  0.938300 23.169713  4.038860 13.323487  0.496369  0.090262  0.908735  -4
  1  0  0.938300-17.040195  1.563910-14.138661 -0.441872  0.133349  0.196514  -5
  1  0  0.938300-23.725935 -8.542705 -8.616183 -0.472205 -0.205499  0.335985  -2
  1  0  0.938300-13.024153 -1.713523 18.845810 -0.265566 -0.009587  1.102186  -1
  1  0  0.938300-10.008026  8.000082 17.946048 -0.187771  0.293090  0.815569  -2
  1  0  0.938300 -3.609607-15.945044-19.234666 -0.197274 -0.304580 -0.055029  -6
  1  0  0.938300 -8.510374 -1.899075-11.957181 -0.162824 -0.144591  0.242007  -4
  1  0  0.938300 15.338322 -0.439730  3.629472  0.267908 -0.012306  0.680004  -2
  1  0  0.938300  5.897343 -5.905458  6.541088  0.103397 -0.068020  0.491955  -1
  1  0  0.938300-18.144597  3.401263-14.666935 -0.477559  0.086988  0.204713  -3
  1  0  0.938300-10.691790 -1.274492 -8.584372 -0.124063  0.046704  0.302459  -3
  1  0  0.938300  6.108007 15.314985  7.705826  0.132987  0.327585  0.836143  -4
  1  0  0.938300 15.129545 29.502142 -9.125517  0.349245  0.635891  0.368862  -3
  1  0  0.938300  7.023628 -0.534264 15.636391  0.099900  0.139847  0.969260  -1
  1  0  0.938300  1.645897  3.064450 11.254618  0.086615  0.172915  0.748867  -1
  1  0  0.938300  0.982648  5.089581  4.826076  0.019129  0.108846  0.573555  -7
  1  0  0.938300 10.517744-16.828930  5.423248  0.231860 -0.273685  0.580725  -4
  1  0  0.938300  7.725692  4.093543-11.177312  0.059725  0.096999  0.131708  -6
  1  0  0.938300 -1.143868 12.955538 19.085758  0.058710  0.112864  0.861509  -1
  1  0  0.938300  5.495512  8.308110 -0.177023  0.202834  0.133234  0.410063  -3
  1  0  0.938300  6.904576  1.894603  8.738324  0.120126 -0.046740  0.589181  -2
  1  0  0.938300-14.633841  2.242970  4.125284 -0.333041  0.041403  0.554999  -3
  1  0  0.938300  4.546821 13.427004  9.524839  0.119505  0.293190  0.713375  -3
  1  0  0.938300  1.788879-12.775241 14.496984  0.125614 -0.219205  0.979337  -1
  1  0  0.938300  5.770556-10.341917 13.235010  0.024900 -0.322336  0.744927  -2
  1  0  0.938300 10.376746 17.595056  7.772306  0.255781  0.314501  0.709432  -5
  1  0  0.938300  3.845598  4.678681 17.481952 -0.071475  0.108803  0.808649  -1
  1  0  0.938300-16.831091  1.090503 -3.993916 -0.434258  0.004040  0.497054  -5
  1  0  0.938300 -1.185643  8.410743 26.713000 -0.038833  0.148028  1.280992  -1
  1  0  0.938300 14.668016  7.703561 -5.804766  0.361267  0.177531  0.254230  -3
  1  0  0.938300 25.318223  2.981508 -2.561244  0.529298  0.018370  0.425702  -4
  1  0  0.938300 -6.971487  7.310882  5.416130 -0.226560  0.242101  0.623381  -7
  1  0  0.938300  9.261077-14.775797  6.000845  0.292355 -0.150087  0.527802  -5
  1  0  0.938300 -5.446478  8.516163  7.594232 -0.092188  0.032924  0.504746  -1
  1  1  0.938300-15.157249  7.626722-14.302087 -0.187900  0.139031  0.192180  -2
  1  0  0.938300  9.532227 23.653195 -2.821620  0.158424  0.429011  0.468737  -4
  1  0  0.938300 -4.951310  3.559077 17.955278 -0.105569 -0.055153  0.934539  -6
  1  0  0.938300 -2.227165 -3.383455 21.681048 -0.066563  0.064012  0.997025  -8
  1  0  0.938300 -1.804434 -3.441674 21.422692 -0.015434 -0.129935  1.000514  -1
  1  0  0.938300 -5.415992  5.672136  9.389744 -0.169051  0.039933  0.741416  -6
  1  0  0.938300-16.690761 -5.278550 21.364947 -0.340138 -0.151350  1.191164  -2
  1  0  0.938300 -5.778076 -0.926931  9.873816 -0.059099 -0.072149  0.789341  -4
  1  0  0.938300 -0.088452 11.708585  1.291166  0.013628  0.152285  0.517603  -2
  1  0  0.938300-10.120956 -5.124419 13.915971 -0.157419 -0.080259  0.640877  -1
  1  0  0.938300  6.601942  7.362419 14.962610  0.181118  0.041769  1.016567  -3
  1  0  0.938300 21.706807-13.639014  0.198663  0.465650 -0.236596  0.559766  -5
  1  0  0.938300 -1.108377 -5.935264-13.020237 -0.011022 -0.204593  0.171346  -5
  1  0  0.938300-17.026458  1.259533  9.221878 -0.262631 -0.074774  0.667838  -3
  1  1  0.938300 -4.970714  6.324767 -8.504863 -0.063907  0.088779  0.330680  -2
  1  0  0.938300  1.638492  3.526465  5.059276 -0.011322  0.146046  0.691191  -6
  1  0  0.938300-16.563499 10.341650  5.880430 -0.328173  0.255030  0.648875  -4
  1  0  0.938300 10.715516 -1.965825 16.081256  0.007604 -0.007966  0.935951  -3
  1  0  0.938300 26.525151 -6.752731-14.317991  0.679741 -0.055440  0.270692  -4
  1  0  0.938300-11.080719  7.327596 23.774626 -0.151036  0.080644  1.121732  -1
  1  0  0.938300  1.116363 -7.125667  0.959029  0.057255 -0.021957  0.419179  -2
  1  0  0.938300  4.639821 -3.588664  9.128875  0.292870 -0.017216  0.634076  -3
  1  0  0.938300  2.844121  0.914908 12.853421 -0.019530 -0.006325  0.686496  -5
  1  0  0.938300  4.563680  8.629695  5.799387  0.290023  0.123758  0.594350  -4
  1  0  0.938300  3.996917-12.296652 15.445873  0.054782 -0.165950  0.921331  -1
  1  0  0.938300 -4.080059  4.257170 11.669730 -0.106536 -0.018009  0.905471  -1
  1  0  0.938300 -5.883640  8.279048-16.481206 -0.061310  0.239668  0.073544  -4
  1  0  0.938300  1.277295 14.071135 12.207897 -0.052722  0.131754  0.712725  -3
  1  0  0.938300  4.303188  7.265651 21.259909  0.154524 -0.015185  1.003097  -1
  1  0  0.938300  2.780620 -5.596912 17.116922 -0.055277 -0.084288  0.821142  -1
  1  0  0.938300-12.315259 11.941524-11.330499 -0.133360  0.197832  0.235193  -4
  1  0  0.938300  4.519631  2.528629 10.581381  0.101650  0.133955  0.566632  -4
  1  0  0.938300-12.936106 -2.566792 15.741167 -0.164920 -0.087633  0.746896  -2
  1  0  0.938300 10.988814  6.141066 13.150829  0.244038  0.279750  0.807349  -2
  1  1  0.938300 15.637058-18.360231 -3.483182  0.489708 -0.383510  0.280048  -3
  1  0  0.938300 -1.259317-19.678525  0.249567 -0.006035 -0.245616  0.395316  -3
  1  0  0.938300 -1.025608 25.443637 15.126212 -0.075295  0.441701  0.845362  -2
  1  0  0.938300  8.040651-12.564576-12.307831  0.187484 -0.121622  0.186944  -6
  1  0  0.938300 20.256963 -3.347656 -2.432537  0.424182 -0.150877  0.462276  -2
  1  0  0.938300  4.375896  0.601870 11.148896  0.101631 -0.102224  0.732413  -1
  1  0  0.938300 27.646252  4.678523-11.619981  0.730402  0.031560  0.119251  -4
  1  0  0.938300  2.057139-14.015656 21.871575 -0.069175 -0.206343  0.974402  -1
  1  0  0.938300 -6.831327 -5.132682 -8.899140 -0.193076 -0.199094  0.205423  -8
  1  0  0.938300-21.543095 10.642277 15.414262 -0.409667  0.201588  0.884229  -4
  1  0  0.938300  9.505780  1.289718 24.807380  0.198359  0.089702  1.095367  -1
  1  0  0.938300 -9.325008 -9.497760 -3.248267 -0.136625 -0.030088  0.368667  -3
  1  0  0.938300 12.968972  9.263709  6.630682  0.239473  0.218389  0.533615  -5
  1  0  0.938300 17.297602 -1.310251  4.142111  0.394097 -0.027148  0.656005  -3
  1  0  0.938300 13.381291-18.339505  0.188565  0.184202 -0.351863  0.468666  -2
  1  0  0.938300 -8.258175  2.557505 16.822678 -0.201005  0.004826  0.722294  -1
  1  0  0.938300-12.771040 -5.831964-15.654082 -0.309335 -0.197548  0.046475  -3
  1  0  0.938300-15.388612  2.257538 -7.642393 -0.387025  0.224541  0.213431  -3
  1  0  0.938300 -4.944062 -0.512367 -9.937086 -0.060043  0.018324  0.139850  -2
  1  0  0.938300  5.500806 -8.041252  4.281782 -0.096933 -0.184675  0.543906  -2
  1  0  0.938300 -6.274570  7.999874 19.448216 -0.042087  0.055135  1.054822  -1
  1  0  0.938300 22.462868 -3.644332 10.993646  0.507600 -0.014662  0.981528  -7
  1  0  0.938300 -4.925110-18.949818-12.918617 -0.218445 -0.427792  0.183084  -4
  1  0  0.938300-12.088486 -5.466363  9.083086 -0.395716 -0.039087  0.847933  -2
  1  0  0.938300 -4.617988 12.160782 -4.480244 -0.111743  0.173387  0.378656  -5
  1  0  0.938300 -0.026636  9.024587 16.754486 -0.035359  0.030278  0.820398  -1
  1  0  0.938300  9.395061 14.598108  8.636860  0.048951  0.372433  0.692221  -6
  1  0  0.938300  2.285939  7.061770  3.463365  0.062075  0.057679  0.531083  -2
  1  0  0.938300  3.850294  0.579522 -9.283617  0.128139 -0.132128  0.253431  -3
  1  0  0.938300 -4.983760 -4.281361 17.237552  0.035303 -0.004440  1.033517  -1
  1  0  0.938300-12.082398 -3.135258 17.051660 -0.180164 -0.076150  0.816034  -1
  1  0  0.938300 -7.255559-16.731215  7.763674 -0.098236 -0.212144  0.607135  -4
  1  0  0.938300 -4.772779 10.046472 12.072635  0.021878  0.156886  0.796926  -2
  1  0  0.938300  5.345904 -0.152557  4.957982  0.047371  0.042422  0.683748  -2
  1  0  0.938300  0.563674  5.571123 12.782801  0.036202  0.187060  0.710672  -3
  1  0  0.938300  0.806603 -6.835149 18.562744  0.017604 -0.078764  0.900827  -1
  1  0  0.938300 23.002816  4.238632 17.508437  0.392950  0.065491  0.790449  -2
  1  0  0.938300 12.009369 -1.383321 10.900382  0.311464 -0.072823  0.802551  -6
  1  0  0.938300  6.589759  8.851048  0.651564  0.206091  0.210079  0.505619  -6
  1  0  0.938300-22.301076-15.199820 10.754557 -0.404841 -0.281336  0.812044  -4
  1  0  0.938300-14.819531  0.559615 17.379463 -0.190254 -0.105246  0.906075  -1
  1  0  0.938300  4.878706  6.943012  4.509435  0.151422  0.168821  0.441016  -3
  1  0  0.938300 21.013997  3.648835  7.381520  0.407788  0.198750  0.706781  -2
  1  0  0.938300  9.889002 15.425670 -2.732277  0.227525  0.302870  0.487199  -6
  1  0  0.938300 16.854218 -9.504041 13.440749  0.379362 -0.118209  0.818070  -2
  1  0  0.938300 -6.061893  7.429357 17.540247 -0.192991  0.120316  0.806177  -1
  1  0  0.938300  6.030311  1.012798  5.825435 -0.027895 -0.012204  0.595222  -6
  1  0  0.938300 -5.331351  4.534663 14.733846  0.031513  0.138161  0.882920  -1
  1  0  0.938300-13.496250  4.435474 16.925913 -0.304607  0.082080  0.975883  -2