  1  1  0.938300  4.993503  2.378489-18.385644  0.082251  0.068506 -0.020121   1
  1  1  0.938300 -2.817946 -6.312059-14.522227 -0.072808 -0.148410  0.075716   1
  1  1  0.938300 10.433535 -3.970902 -3.378337  0.193479 -0.163971  0.328809   5
  1  1  0.938300-10.245572  4.578547 -9.469503 -0.325555  0.138530  0.208430   2
  1  1  0.938300 -6.567001 15.392560  5.074068 -0.153341  0.165443  0.548478   3
  1  1  0.938300  5.157763 -3.667570-10.215160  0.057275 -0.068813  0.257393   1
  1  1  0.938300 12.267415 -3.593952-23.337766  0.186280 -0.077407 -0.008160   1
  1  1  0.938300 -0.877857 -1.632709-16.949540  0.059411  0.016143  0.052891   1
  1  1  0.938300  6.661269 -1.976843 14.810206  0.124440 -0.123860  0.697932   2
  1  1  0.938300  5.165306-16.126037-13.608563 -0.017347 -0.286716  0.148546   9
  1  1  0.938300  8.909977 -0.733893 -6.244226  0.020376  0.053915  0.353045   1
  1  1  0.938300 -5.493110 -5.689229  7.714006 -0.004312 -0.190680  0.620989   3
  1  1  0.938300  4.676574-16.292617 11.634376  0.082390 -0.234424  0.746901   5
  1  1  0.938300-24.037251 -2.441652 -9.490427 -0.530166 -0.061285  0.246580   3
  1  0  0.938300-16.608896 -9.147134  7.029426 -0.324167 -0.135657  0.734561   3
  1  1  0.938300  3.970504 -2.154206-24.849462  0.059182 -0.050725 -0.148416   1
  1  1  0.938300-10.306327  5.928657 -9.026156 -0.312238  0.021342  0.138576   3
  1  1  0.938300 -4.107446 -9.223115 21.576667 -0.140425 -0.203182  0.932467   5
  1  1  0.938300 -1.600530-19.590907  6.207798 -0.007129 -0.297449  0.525668   4
  1  1  0.938300-17.184597 17.402321  0.442544 -0.361132  0.292803  0.490170   3
  1  1  0.938300 -6.230142 -5.342630-16.637829 -0.186549 -0.074439 -0.106093   1
  1  1  0.938300 16.344980 14.963202 12.783422  0.370068  0.223492  0.762239   2
  1  1  0.938300 -9.840917 12.520741 -1.885861 -0.122635  0.240255  0.408405   2
  1  1  0.938300 -8.238939  9.424467 -6.339815 -0.097868  0.141899  0.322402   4
  1  0  0.938300 -8.914690 -2.171985-15.590745 -0.199064 -0.118499  0.121496   3
  1  1  0.938300  2.063149 10.732487 -8.128513  0.005252  0.386631  0.326447   2
  1  1  0.938300  0.143057  8.024597-20.136400  0.018093  0.252947  0.081053   2
  1  1  0.938300 -7.088465 22.342670 13.909366 -0.216573  0.539566  0.903517   5
  1  1  0.938300-21.669505 -4.122814 -1.579214 -0.461178 -0.117078  0.440387   6
  1  1  0.938300 -4.699125 -9.317195-12.840850 -0.065827 -0.163798  0.256081   1
  1  1  0.938300 -0.003741 10.716575-22.108189  0.085295  0.140432 -0.046328   1
  1  1  0.938300-13.567786 -9.674436 12.600876 -0.231873 -0.189180  0.809134   3
  1  1  0.938300 -8.301355  1.656564-16.824070 -0.071726  0.176078  0.060619   2
  1  1  0.938300  3.894411 -5.527237  8.912092  0.194253 -0.103840  0.722834   4
  1  0  0.938300-16.772395-12.621510 12.085060 -0.253353 -0.341817  0.799019   6
  1  1  0.938300  9.295392  3.031481-20.699019  0.064428 -0.001446  0.065546   1
  1  1  0.938300 10.589631  1.701351 -6.834854  0.112345  0.115675  0.204520   5
  1  1  0.938300 -0.140727  8.050786-15.738571 -0.023394  0.144517  0.050775   1
  1  1  0.938300 12.252742 14.164435  5.887192  0.140721  0.206778  0.578681   8
  1  1  0.938300 10.973935  7.191587 10.479355  0.173600  0.116884  0.724675   3
  1  1  0.938300 -7.452579  1.555356-12.749018 -0.148848 -0.025322 -0.025761   1
  1  1  0.938300 -3.707746 10.726226-14.971175  0.034739  0.170685  0.048978   1
  1  1  0.938300  4.527411 -8.390331 -1.029136  0.038210 -0.113823  0.482430   5
  1  1  0.938300  0.979916-11.555256 -0.767285 -0.002613 -0.172274  0.467411   4
  1  1  0.938300 -7.119866 -8.282720-10.914641 -0.184549 -0.060555  0.219240   3
  1  1  0.938300-12.025256-14.564148-13.824409 -0.225267 -0.210145  0.138365   1
  1  1  0.938300-11.009613 -9.111715 12.621163 -0.216063 -0.066632  0.695010   2
  1  1  0.938300 -5.346299 13.090806-15.329899 -0.098529  0.363519  0.016834   2
  1  1  0.938300-10.763811  0.584414-17.362120 -0.313621 -0.054290 -0.024191   6
  1  1  0.938300  5.142076  2.154461-11.661441  0.118598  0.091200  0.044662   1
  1  1  0.938300 -8.309854 -1.687668-19.323106  0.026676 -0.117422 -0.062682   1
  1  1  0.938300 -7.332990  5.680942 22.312199 -0.010797  0.051061  0.971030   4
  1  1  0.938300 -6.484262 -6.068191-14.002540 -0.072377 -0.227510 -0.002140   5
  1  1  0.938300 -9.090091 -1.060729-10.674334 -0.217107 -0.138044  0.180478   4
  1  1  0.938300 24.864171  5.496285 16.043599  0.470506  0.026688  0.935904   6
  1  0  0.938300 11.424071 -6.269002 -4.339436  0.110366 -0.086983  0.291603   3
  1  1  0.938300 16.729628 17.721435-20.014961  0.320639  0.408035 -0.044457   2
  1  1  0.938300  1.411881  7.800796-15.557083  0.065603  0.269775  0.050454   3
  1  1  0.938300 -2.311365 12.014883-17.345868  0.095912  0.218850  0.032248   2
  1  1  0.938300  0.470170-20.508957-14.952015 -0.023014 -0.462323  0.087408   3
  1  1  0.938300 -9.011606  7.633946-17.683329 -0.076512  0.086049  0.007253   1
  1  1  0.938300 -0.438387-12.944551 -1.597224 -0.037606 -0.360355  0.391086   8
  1  1  0.938300 16.082348  2.727039  7.525744  0.258836 -0.009965  0.625129   2
  1  1  0.938300  2.796624  1.204610-16.494044  0.052328 -0.024291  0.055930   1
  1  1  0.938300 -5.042056  1.651551  0.551602 -0.061775 -0.018453  0.431228   9
  1  1  0.938300 -7.976478 -4.521094-19.656613 -0.117102 -0.166036  0.125129   1
  1  1  0.938300  1.536665 16.788884 -8.859285  0.017699  0.229923  0.237725   3
  1  1  0.938300  5.522047  1.741359 -3.343306  0.155492  0.045445  0.405862   5
  1  1  0.938300 -5.431184-10.731633-12.495432 -0.045140 -0.281053  0.064289   2
  1  1  0.938300-10.589327 -3.107497-18.081593 -0.110372 -0.151556  0.030256   2
  1  1  0.938300  1.723198 16.026126-19.723912 -0.003542  0.271259 -0.056745   1
  1  1  0.938300 -5.752310  7.166049 -6.572291 -0.319123  0.144187  0.260720   3
  1  1  0.938300-14.564418 17.070200 -3.635139 -0.298890  0.367801  0.442621   4
  1  0  0.938300-10.859433 -0.055412-13.682589 -0.246327 -0.016540  0.061677   4
  1  1  0.938300  2.494753  3.823334 -3.662422 -0.007993  0.144207  0.320317   7
  1  1  0.938300  5.012429 -8.045935-24.017574  0.140849 -0.192076 -0.083207   1
  1  1  0.938300  1.456862  5.961134 -0.164440  0.214269  0.219621  0.368953   5
  1  1  0.938300-22.617285-20.177524 -5.950220 -0.463964 -0.423601  0.417215   6
  1  1  0.938300-14.940014 12.975771-27.273366 -0.354547  0.394722 -0.138747   2
  1  0  0.938300  9.405952 -7.580179-17.740288  0.105125 -0.210556  0.148979   2
  1  0  0.938300  0.708862-11.551433-17.920184  0.023633 -0.212142  0.162536   1
  1  0  0.938300  7.944892  3.738925  7.392090  0.188138  0.188491  0.738347   4
  1  0  0.938300  8.151255  8.543564-11.841630  0.099697  0.163050  0.077340   1
  1  0  0.938300 -8.189851 -3.136497-23.206924 -0.355776 -0.031575 -0.159660   2
  1  0  0.938300 19.112047-11.876348  5.006438  0.454054 -0.254017  0.664935   6
  1  0  0.938300  9.630371  2.649964-20.913406  0.098039  0.047363 -0.039899   1
  1  0  0.938300 -1.931304-27.908857 -4.325940 -0.069007 -0.717500  0.438399   8
  1  0  0.938300 -4.611077 -1.212881-20.753505 -0.186925 -0.095655 -0.040147   2
  1  0  0.938300 -6.184514 -8.035233-18.031857 -0.074611 -0.057099  0.087254   1
  1  0  0.938300 -3.902049 -3.917656 18.305986 -0.154230 -0.152535  0.866340   6
  1  0  0.938300 -9.068411  3.138608-14.905094 -0.053765  0.129915  0.132403   1
  1  0  0.938300 14.301663  2.477708-14.067427  0.113487  0.003321  0.192287   3
  1  0  0.938300 15.576207  5.811821 12.658475  0.217081  0.125835  0.646269   2
  1  0  0.938300 -4.517511 11.274841-19.941553 -0.135013  0.143655  0.015365   1
  1  0  0.938300 -8.193547 -7.399421-11.774426 -0.081172 -0.188159  0.203133   5
  1  0  0.938300 -6.147640 -4.392202-21.503737 -0.079237 -0.026962  0.047563   1
  1  0  0.938300 11.249678 -6.826363 -1.474787  0.146218  0.015717  0.300313   3
  1  0  0.938300 -4.060983 -4.923431 -8.059523 -0.171331 -0.177534  0.210465   6
  1  0  0.938300 -9.264302 -9.695595 -7.567303 -0.167725 -0.188315  0.332532   5
  1  0  0.938300  4.536812  5.297676-16.782599  0.032821 -0.041809  0.078944   1
  1  0  0.938300  2.311979  3.702784-18.088941 -0.107801  0.041318  0.049650   1
  1  0  0.938300 10.196286 -0.593186 -2.147624  0.159745  0.104602  0.446824   2
  1  0  0.938300 -1.270918 20.505291  2.453440 -0.115606  0.458187  0.549413   5
  1  0  0.938300-10.627932 12.895427-12.879673 -0.163752  0.155700  0.102759   2
  1  0  0.938300 -2.538859 -2.863827 -3.606825 -0.034512 -0.112648  0.237278   3
  1  0  0.938300 13.644351  6.632202-13.493353  0.205978  0.155900  0.202328   1
  1  0  0.938300 -4.333428 20.985172 -2.017269 -0.236413  0.505369  0.493066   6
  1  0  0.938300 19.211367-17.260785  5.941322  0.462871 -0.590352  0.822017  11
  1  0  0.938300-12.861238 -6.717481  9.961691 -0.253314 -0.056722  0.658552   3
  1  0  0.938300 15.771547  9.716302 -1.729734  0.303708  0.195033  0.416940   4
  1  0  0.938300 -7.328947 10.092485-11.316757 -0.166406  0.143208  0.195136   1
  1  0  0.938300 -0.557444  6.253705 -4.657639 -0.047906  0.258788  0.362228   3
  1  0  0.938300-14.298411  4.919599  1.509236 -0.277244  0.007570  0.650689   5
  1  0  0.938300  6.515608 -0.210897-16.669179  0.060040 -0.115462  0.060264   3
  1  0  0.938300 -3.858281  5.181073-15.622570 -0.055033  0.040002  0.117691   3
  1  0  0.938300 -8.044990 -2.703161-15.394735 -0.039447  0.011092  0.096241   1
  1  0  0.938300  9.399987 12.853295  0.441079  0.147367  0.356828  0.451573   3
  1  0  0.938300  0.216128 -2.991232-15.513917  0.121845  0.028546  0.014811   1
  1  0  0.938300  0.335824  7.025031-19.742265  0.103400  0.115013  0.051234   1
  1  0  0.938300  3.129756 21.848298 -5.516850  0.083792  0.525242  0.351006   5
  1  0  0.938300 -7.629029-11.965872-15.678785 -0.002084 -0.177062  0.087228   1
  1  0  0.938300 17.415684 -4.839305  7.080656  0.242057 -0.018589  0.660903   2
  1  0  0.938300-18.802517 10.650177  2.087489 -0.349754  0.306502  0.488676   2
  1  0  0.938300 -4.138241  4.975705-11.294409  0.037757  0.040183  0.060263   3
  1  0  0.938300 12.296884  0.521828  1.304502  0.303579  0.078275  0.373699   2
  1  0  0.938300 -1.420689-11.139098 -9.548806  0.003688 -0.098076  0.266068   2
  1  0  0.938300 -2.704913  8.602881-20.014199 -0.092643  0.182323  0.055476   1
  1  0  0.938300 17.504579-18.736572 -8.162449  0.299480 -0.338943  0.339296   2
  1  0  0.938300  4.279591  7.297924 -1.049727  0.140462  0.181680  0.373482   5
  1  1  0.938300  4.444886-19.561872 -0.179581  0.018306 -0.391234  0.507807   2
  1  0  0.938300  5.064558  1.734484-18.991688  0.159063  0.065484  0.020999   1
  1  0  0.938300 14.785125  3.928409 -1.835397  0.315163  0.031138  0.466289   2
  1  0  0.938300 -2.642901 15.690192 18.839993 -0.047855  0.315944  1.042579   3
  1  0  0.938300 18.039759 -1.127361-12.330538  0.321156  0.015521  0.127577   5
  1  0  0.938300  3.859086 -5.385967  1.499455  0.017182 -0.048013  0.506142   3
  1  0  0.938300 -1.133275  6.967604-20.020596 -0.047994  0.136094 -0.137039   1
  1  0  0.938300  6.610124 -9.482613 -6.512925 -0.001839 -0.123364  0.199079   4
  1  0  0.938300  0.382835 -5.285836 -7.981373 -0.113863 -0.057179  0.230265   3
  1  1  0.938300 -6.765589 -2.878352  4.970599 -0.158476 -0.067473  0.702758   8
  1  0  0.938300-13.632634 -5.857857 -9.468749 -0.226455 -0.098186  0.323276   6
  1  0  0.938300 -0.623734 -0.934546-16.102243  0.097398 -0.004275  0.110604   1
  1  1  0.938300  3.568689 23.396849-12.379930  0.087063  0.390434  0.110440   5
  1  0  0.938300  3.847660  4.781803-14.575294  0.129372  0.196731  0.117288   5
  1  0  0.938300-15.888685 23.628934-13.600844 -0.337420  0.454898  0.144528   3
  1  0  0.938300  8.052538  6.112479 -8.827176  0.085847  0.066305  0.176382   7
  1  0  0.938300  5.372518  4.668518-16.754584 -0.038283  0.151234 -0.047022   1
  1  0  0.938300-11.061784  5.802442  2.912508 -0.325810 -0.012870  0.450857   5
  1  0  0.938300 10.743245 17.554247  0.234823  0.173029  0.344300  0.435145   6
  1  0  0.938300-17.057146  1.830942 16.449967 -0.337687 -0.111195  0.959165   2
  1  0  0.938300 12.230933 10.604341  8.276113  0.218070  0.127576  0.676677   9
  1  0  0.938300 -9.289073-12.028682-14.889939 -0.119022 -0.177451  0.048667   1
  1  0  0.938300 -4.100922-12.637540 -1.666926 -0.108412 -0.132758  0.424621   6
  1  0  0.938300-14.959611  1.757023  0.578926 -0.137207  0.068709  0.396981   6
  1  0  0.938300  3.585844 -9.376181-10.813269  0.047372 -0.139805  0.205349   3
  1  0  0.938300 11.177632  2.239597 -7.064451  0.190223  0.146894  0.330125   5
  1  0  0.938300  5.747634 21.142375-12.187653  0.125641  0.316620  0.205771   2
  1  0  0.938300  3.370134  4.768836 13.248667  0.122467  0.176090  0.718889   2
  1  0  0.938300  4.701073 -6.005035-22.438241  0.226477 -0.192211 -0.007965   7
  1  0  0.938300 -3.823898 19.690923-14.103627  0.035966  0.505415  0.063589   2
  1  0  0.938300 -8.796779 -2.500580 16.924078 -0.210376 -0.124609  0.833996   2
  1  0  0.938300-10.583875 -0.745689-13.336639 -0.128726 -0.028186  0.110387   1
  1  0  0.938300-12.344600 -5.226507  2.478368 -0.198585 -0.217773  0.417462   3
  1  0  0.938300 13.332894-12.994972 -0.974242  0.466734 -0.414406  0.452738   4
  1  0  0.938300 -4.824948  7.755420 -5.023816 -0.054620  0.232232  0.410361   2
  1  0  0.938300 15.394468-28.660158 -1.721365  0.368227 -0.570723  0.526737   2
  1  0  0.938300  1.636007  4.770087-17.102799  0.079533  0.004709 -0.072338   1
  1  0  0.938300  3.596138-16.197323 12.066087  0.118147 -0.317462  0.743486   4
  1  0  0.938300 20.582166  4.724903  6.996218  0.327810  0.048289  0.651731   3
  1  0  0.938300 -0.015147-13.034775-20.111604  0.011711 -0.260304  0.087138   2
  1  0  0.938300  5.002357  5.147241 -7.812425  0.194752  0.141267  0.211433   5
  1  0  0.938300  7.902083 10.213947-20.331957  0.093005  0.207161 -0.117603   1
  1  0  0.938300 -3.986328 -1.656460  5.589063 -0.058102 -0.046224  0.525427   4
  1  0  0.938300  1.091252 -2.034317-21.024440 -0.120925 -0.022493  0.007366   2
  1  0  0.938300-11.901615 -7.950330 -4.685481 -0.226760 -0.159352  0.325341   4
  1  0  0.938300  5.958563 -2.855139 -2.577835  0.103105  0.019224  0.313461   2
  1  0  0.938300 12.262892  3.676856-18.450654  0.121405  0.082989  0.078131   1
  1  0  0.938300 -7.528290 -4.522561 -3.421712 -0.182105 -0.118858  0.308460   4
  1  0  0.938300 11.188915-20.263935  0.363258  0.143895 -0.361295  0.511252   4
  1  0  0.938300-18.244588-12.891576-24.313918 -0.300508 -0.267228 -0.066741   2
  1  0  0.938300  6.288100-19.691543  1.454992  0.118121 -0.370355  0.531468   3
  1  0  0.938300  0.808419  4.384110-15.448027 -0.098516  0.069717 -0.058692   1
  1  0  0.938300 -2.819221-14.221867 -5.123344 -0.027576 -0.334065  0.394034   5
  1  0  0.938300 20.415000 11.510546 11.058166  0.352519  0.128853  0.712888   2
  1  0  0.938300 -9.119909 -0.460003-10.632066 -0.254065 -0.161302  0.158677   4
  1  0  0.938300 -7.699729 -4.293825-16.644102  0.007415 -0.010917  0.122511   1
  1  0  0.938300  2.371222  9.190601-10.234082  0.071286  0.059487  0.296991   1
  1  0  0.938300  5.135525-19.457299 -9.878182  0.195122 -0.391441  0.129552   2
  1  0  0.938300 -2.601560 -7.938385-12.726087 -0.041400 -0.233268  0.083887   2
  1  0  0.938300-15.494303 -4.063133 -5.541573 -0.304113 -0.104317  0.203248   2
  1  1  0.938300 21.868983 18.021898  4.105586  0.385772  0.340655  0.644815   3
  1  0  0.938300  1.711773 -5.986423-20.881187 -0.033159 -0.144029 -0.014762   1
  1  0  0.938300 -7.032319-14.346866  6.145327 -0.164994 -0.145582  0.484484   3
  1  0  0.938300 -0.202194  5.681575  1.830627  0.013570  0.129622  0.517659   6
  1  0  0.938300 -4.704073 -5.288489-14.532938 -0.023104 -0.020013  0.139518   1
  1  0  0.938300  0.850204 13.887307 -1.981104  0.029097  0.219292  0.526662   4
  1  0  0.938300  2.850266 -9.575418-18.238432 -0.064895 -0.092265  0.078312   1
  1  0  0.938300 19.003838 27.384135  9.690833  0.550828  0.670791  0.846350   6
  1  0  0.938300  2.649663 24.443950  1.683976 -0.067916  0.547076  0.490921  -8
  1  0  0.938300  4.031363 -0.786606 19.413357  0.119937 -0.119744  0.981043 -10
  1  1  0.938300 15.873860-23.775229  7.812302  0.321724 -0.529555  0.736791  -2
  1  1  0.938300  7.921563 -5.234090 21.053252  0.086390 -0.002783  1.077957  -1
  1  1  0.938300  1.497679 16.801316 10.512279  0.066027  0.410344  0.747966  -4
  1  1  0.938300 21.354408 -0.064628 10.865535  0.554892 -0.009973  0.913905  -4
  1  1  0.938300 14.667605  4.548348 17.930681  0.223245  0.012525  0.897286  -6
  1  1  0.938300 13.062314  2.494174 -5.820270  0.350258 -0.079603  0.338482  -4
  1  1  0.938300  6.156205 -6.718339 15.552953  0.131929 -0.161701  0.964033  -1
  1  0  0.938300 -0.442851 -4.143619 -7.497635 -0.080293 -0.141371  0.319108  -5
  1  1  0.938300 -6.998733  1.503484 14.372017 -0.131002 -0.019911  0.781547  -1
  1  1  0.938300  0.884604  1.145021  7.639997  0.010037  0.010383  0.635228  -2
  1  1  0.938300 -0.744973  7.841625 19.841711  0.009608  0.159105  1.099852  -1
  1  1  0.938300  2.938478 -1.403953 15.636718  0.021854  0.058666  0.908790  -1
  1  1  0.938300  7.522737  3.153341 14.950395 -0.017627  0.061668  0.756540  -1
  1  1  0.938300 13.328670 21.377965 16.549569  0.332854  0.393623  0.956032  -3
  1  1  0.938300-10.074780-28.303525  6.999861 -0.264374 -0.582217  0.747488  -3
  1  1  0.938300-17.209076 -6.870776  4.730888 -0.347325 -0.077659  0.561514  -5
  1  1  0.938300 -3.016348 13.293570 21.024118  0.019836  0.119249  1.026647  -1
  1  1  0.938300  3.894855 -4.417646 20.384756  0.032010 -0.083590  1.243426  -1
  1  1  0.938300 10.697696-12.208316 14.363171  0.228440 -0.196529  0.884560  -3
  1  1  0.938300 -4.650537 14.004515-11.926243 -0.095177  0.167407  0.129068  -5
  1  1  0.938300 -8.954916 -1.716053 16.805578 -0.117220 -0.012077  0.718022  -2
  1  1  0.938300  0.429704 -9.705266 15.737445 -0.013869 -0.163277  0.692397  -1
  1  1  0.938300  2.632892 18.245494 10.702539  0.014811  0.324078  0.719395  -2
  1  1  0.938300 -2.182166 -8.857188 20.334650 -0.009878 -0.034907  0.897036  -1
  1  1  0.938300 -4.199142 -7.937842 29.743326 -0.141780 -0.119067  1.244010  -3
  1  1  0.938300 -1.489298 -0.995787-27.748251  0.014496 -0.058017 -0.196680  -3
  1  1  0.938300  2.990828  0.763529 15.137349  0.011242 -0.042039  1.019426  -1
  1  1  0.938300  4.903155  5.028623 -4.757463  0.240687  0.014766  0.281480  -2
  1  1  0.938300 11.566388 -0.522957 14.858749  0.067621  0.049401  0.846706  -1
  1  1  0.938300  8.694491 -4.466066 20.975044  0.102269  0.039319  0.981438  -1
  1  1  0.938300  4.720267  3.678313 13.188332 -0.001006  0.001221  0.902610  -7
  1  1  0.938300  3.398966  2.616583 11.723265  0.174800  0.146275  0.711778  -1
  1  1  0.938300 16.136401  1.314334 -3.284913  0.186487  0.021961  0.411095  -4
  1  1  0.938300  6.241284 10.872388  1.868908  0.201429  0.110691  0.428695  -3
  1  1  0.938300 16.834255 -2.261604-10.613477  0.206029 -0.139962  0.213118  -2
  1  1  0.938300 23.299056  9.635921 13.416992  0.537132  0.162411  0.886680  -4
  1  1  0.938300-10.075116 -0.869290 18.149988 -0.137697 -0.038121  0.837695  -1
  1  1  0.938300  1.598423 -2.530170 13.875560  0.028925 -0.135422  0.774155  -2
  1  1  0.938300  8.262409 -6.073729  8.328378  0.174945 -0.204080  0.711347  -3
  1  1  0.938300-13.535301-10.531467  8.043669 -0.154267 -0.229841  0.704781  -3
  1  1  0.938300  8.627842  8.748177 -1.293801  0.071528  0.264837  0.502414  -4
  1  1  0.938300  5.674293  0.290484 20.385116  0.075815  0.000970  1.116121  -1
  1  1  0.938300 -2.601490 15.688332 -1.210738 -0.049504  0.224947  0.450465  -3
  1  1  0.938300 -3.961248-19.917580 -2.211799 -0.031389 -0.316402  0.360639  -3
  1  1  0.938300-15.715647 -8.904294 -8.634405 -0.278726 -0.074329  0.318001  -3
  1  1  0.938300  6.701235-19.243507 13.809969  0.125221 -0.351406  1.000631  -2
  1  1  0.938300 -5.172496  0.854494 11.117924 -0.152504  0.025652  0.683171  -1
  1  1  0.938300 -2.181511  8.454098-11.111664  0.021591  0.085003  0.028832  -2
  1  1  0.938300  5.861154-16.246301-12.720076  0.118663 -0.296982  0.149845  -4
  1  1  0.938300 -0.728673 12.035603 15.031594 -0.083667  0.266789  0.858374  -5
  1  1  0.938300 -2.788966-26.578468-12.405975 -0.042660 -0.477379  0.254660  -2
  1  1  0.938300 -6.079866  1.505995 16.010330 -0.200321  0.086826  0.969019  -1
  1  1  0.938300 11.279236 14.618067 -2.012084  0.112313  0.240629  0.399290  -2
  1  1  0.938300 -9.851295 -6.584733 -4.411050 -0.362428 -0.373781  0.572331  -4
  1  0  0.938300  9.796921 -8.047704 13.562004  0.251781 -0.169815  1.002243  -2
  1  1  0.938300 -2.805632 17.005319  7.987227 -0.048580  0.297935  0.865977  -3
  1  1  0.938300  4.428437  4.772689 10.970649  0.077365  0.036122  0.740732  -1
  1  1  0.938300  3.600201 -0.665582 16.159682 -0.029877 -0.048681  0.767534  -1
  1  1  0.938300 11.684327 -9.103443  2.154043  0.186511 -0.104818  0.616817  -2
  1  0  0.938300 -0.891903  7.308296 -6.499276 -0.111574  0.072552  0.347933  -4
  1  1  0.938300-18.234717  5.214792 16.878906 -0.399577  0.270541  0.997053  -2
  1  1  0.938300 -0.853073 -1.619063 17.272882  0.076415  0.135784  0.884944  -1
  1  1  0.938300 11.596834 -2.078800 19.962900  0.201960  0.072817  1.043205  -1
  1  1  0.938300  6.063724 -8.612684 13.711365  0.260643 -0.045544  0.841493  -2
  1  1  0.938300 13.129887  9.424757  5.629106  0.147283  0.121516  0.657242  -3
  1  1  0.938300 19.134806  2.701455 18.833583  0.331384  0.053783  0.916208  -3
  1  1  0.938300 12.837906  5.925224 16.311257  0.236323  0.102412  0.844853  -1
  1  1  0.938300  0.901843-10.274484 13.722391 -0.112752 -0.115695  0.875190  -4
  1  1  0.938300 -4.505062 -3.227634  2.693065 -0.253474 -0.099948  0.479483  -3
  1  1  0.938300 -5.245293-21.257251 -6.391498 -0.131408 -0.455855  0.387958  -5
  1  0  0.938300 -2.442429-23.284972-12.564397 -0.128074 -0.633859  0.223160  -5
  1  1  0.938300 -6.093116  0.149113 14.473628 -0.058237  0.119448  0.781938  -1
  1  0  0.938300 18.105843 -4.569276  6.123811  0.588578 -0.113072  0.569807  -2
  1  1  0.938300-14.448029 28.728403 16.132329 -0.299996  0.674217  1.089335  -2
  1  1  0.938300 -2.625773-18.970915 -9.469545 -0.018186 -0.341589  0.248091  -4
  1  1  0.938300-17.621678-22.683407 -2.237472 -0.432739 -0.419614  0.480891  -2
  1  1  0.938300 12.737963 -5.011971 16.907029  0.235393 -0.096475  0.785808  -1
  1  0  0.938300 -2.985943-12.791241 -5.624104  0.009393 -0.127408  0.216772  -4
  1  1  0.938300 -1.587997-11.269294  6.022392  0.047284 -0.170304  0.682508  -5
  1  1  0.938300 -7.543615 -0.164917 -4.644129 -0.186584  0.010973  0.371098 -11
  1  0  0.938300-12.265885  5.394157 -9.483274 -0.206211 -0.039640  0.274538  -2
  1  0  0.938300 -4.859821 -0.055248 19.870939  0.019608  0.013754  0.800580  -1
  1  0  0.938300 -4.337829 -5.340997 12.474328 -0.035978 -0.064581  0.734394  -1
  1  0  0.938300  5.928290 -7.132386 14.039444 -0.024844 -0.137120  0.752582  -1
  1  0  0.938300 -7.460994  3.558050  5.296574 -0.181276 -0.004590  0.564655  -8
  1  0  0.938300 -3.412986-18.694814 -8.357567 -0.000423 -0.340637  0.346174  -2
  1  0  0.938300 -2.373606 -0.171217 24.280388 -0.059988  0.059341  1.082042  -1
  1  0  0.938300 18.839511 16.741595 -3.410962  0.428938  0.328282  0.323005  -5
  1  0  0.938300 -2.189373 -9.536138-15.473024 -0.083956 -0.233651  0.109714  -2
  1  0  0.938300 -0.689276 -4.925356 -0.676200  0.021493 -0.059184  0.398802  -2
  1  0  0.938300  1.591833 -2.789828  3.557431  0.162784 -0.003131  0.523720  -3
  1  0  0.938300  0.654134 11.390801 26.320937  0.071454  0.141403  1.129648  -1
  1  0  0.938300  3.262336  7.077957 -0.877622  0.066017  0.118640  0.536947  -7
  1  0  0.938300 -9.199112 12.440462  4.888210 -0.193054  0.234442  0.725062  -5
  1  0  0.938300 -1.183646-10.341451 18.969991 -0.119205 -0.092941  1.083463  -2
  1  1  0.938300  7.783846 -1.522148 -7.935778  0.040759 -0.052563  0.231959  -7
  1  0  0.938300 -7.384319 -2.352101  9.950207 -0.074478  0.002358  0.738255  -1
  1  0  0.938300-10.627022 10.982095  6.286064 -0.180715  0.289955  0.547596  -2
  1  0  0.938300  3.275352 11.436925-13.484541 -0.049703  0.289606  0.058272  -6
  1  0  0.938300 10.167871 -2.462328 14.195959  0.150897 -0.094012  0.915951  -1
  1  0  0.938300-26.618909 -6.758040 -6.395596 -0.637170 -0.087194  0.364897  -5
  1  0  0.938300 -2.660480 11.283677 20.691632 -0.049918  0.084374  0.940077  -1
  1  0  0.938300-25.013486  5.088429 11.624213 -0.494688  0.165276  0.815488  -6
  1  0  0.938300  6.491996  8.241905  1.177365  0.255147  0.271733  0.499337  -5
  1  0  0.938300-25.589289  1.723616-17.076909 -0.552044  0.009799  0.000601  -3
  1  0  0.938300  1.048805-11.774808  7.306136 -0.000666 -0.146163  0.570847  -3
  1  0  0.938300  3.102811 -4.712378 20.007215 -0.085762 -0.065118  0.922966  -1
  1  0  0.938300 12.270505 -2.037953 14.689508  0.123815  0.123814  0.851318  -6
  1  0  0.938300 -1.253100 -3.215648 27.046626 -0.074739 -0.033961  1.220466  -2
  1  0  0.938300  1.226889-14.915367 20.806216  0.131280 -0.250640  1.070631  -2
  1  0  0.938300-30.771099  1.788017 -5.152421 -0.577811  0.024602  0.351688  -3
  1  0  0.938300  1.548925 11.156242 15.465807  0.002246  0.085650  0.938531  -1
  1  0  0.938300 -3.154532 -9.416775 11.259968 -0.074570 -0.098727  0.822257  -6
  1  0  0.938300-18.751152  1.720705  3.420931 -0.279087  0.031043  0.470944  -4
  1  0  0.938300  0.018353 -1.968557 -2.003846  0.002617 -0.147524  0.406348  -7
  1  0  0.938300-10.715330  0.588852 -3.766969 -0.177807 -0.122616  0.399445  -2
  1  0  0.938300  0.470060 -0.999930 22.575810 -0.056899 -0.066706  1.120915  -1
  1  0  0.938300-15.693852 -3.305090-16.556872 -0.285635 -0.166459  0.052521  -2
  1  0  0.938300 -6.688865 -2.371724 13.489008 -0.089246 -0.034289  0.791838  -1
  1  0  0.938300  6.332437 -0.111804-15.890707  0.185269 -0.052753 -0.017557  -7
  1  0  0.938300 -7.763823-13.609244-15.335336 -0.132048 -0.202732  0.033785  -3
  1  0  0.938300  4.658341  1.486722 11.209176  0.061167 -0.001133  0.540444  -1
  1  0  0.938300  8.958572  3.893488  6.449807  0.061816 -0.071643  0.534334  -3
  1  0  0.938300  9.572226 13.646495  4.912238  0.253536  0.345769  0.635197  -4
  1  0  0.938300  4.413439 -4.640170  7.439272 -0.011567 -0.082311  0.699234  -5
  1  1  0.938300  9.297482-15.400411 10.773686  0.242686 -0.279376  0.806400  -5
  1  0  0.938300-11.367122 -1.588117 18.756437 -0.207012 -0.047294  0.899444  -1
  1  0  0.938300  2.941703 10.861560 15.207586 -0.015593  0.107092  0.831430  -1
  1  1  0.938300 -6.224029 11.068452  4.500419 -0.222276  0.286160  0.508851  -2
  1  0  0.938300  5.639550 12.356624 -4.548423  0.117660  0.187492  0.321961  -2
  1  0  0.938300 -7.335255-16.078977 -6.519009 -0.028627 -0.392460  0.351615  -4
  1  0  0.938300 -4.641130  0.341194 25.224593 -0.045553 -0.065959  1.104841  -1
  1  0  0.938300 -6.689045 12.173005-13.950824 -0.157203  0.180104  0.235096 -10
  1  0  0.938300 -1.179910 -1.006796 13.948217  0.085355 -0.069691  0.945712  -1
  1  0  0.938300 11.742918-13.100755 11.165410  0.181847 -0.144429  0.669056  -4
  1  0  0.938300 -6.057422 17.873312 11.783552 -0.086092  0.437157  0.868165  -7
  1  0  0.938300  7.690335 -6.127591 13.081935 -0.036640 -0.097199  0.694545  -1
  1  0  0.938300  3.465492 -7.459490 -2.265574 -0.008252 -0.109997  0.305735  -2
  1  0  0.938300  3.068606  8.900693  9.879225  0.101906  0.225088  0.827360  -2
  1  0  0.938300 -3.004286 -7.334908-17.432233 -0.082196 -0.129854  0.044973  -4
  1  0  0.938300  4.408076 14.057696 10.665423 -0.063386  0.145621  0.687262  -2
  1  0  0.938300  6.003562-13.570051 12.958253  0.051539 -0.294872  0.865171  -1
  1  0  0.938300-10.917078-10.464274  8.821707 -0.246491 -0.281340  0.713247  -4
  1  0  0.938300  8.709087  3.783319 -1.883451  0.190913  0.032206  0.336833  -4
  1  0  0.938300 -6.842159  2.130993  6.214079 -0.133017  0.092755  0.553554  -1
  1  0  0.938300 -1.102727 -0.998233 19.573014 -0.028031  0.094449  0.811229  -1
  1  0  0.938300 10.639382 -1.588621  6.074712  0.114928  0.009310  0.488086  -1
  1  0  0.938300 18.348192 14.869038  4.820908  0.258656  0.274680  0.620781  -4
  1  0  0.938300 -9.550203 -6.309911 12.204262 -0.156795 -0.113136  0.651227  -1
  1  0  0.938300 11.374923 11.608925 13.237417  0.245021  0.099937  0.726378  -2
  1  0  0.938300-11.221543  6.942218 -7.827567 -0.155735  0.055040  0.124801  -4
  1  0  0.938300  4.667404 -5.886494 19.390951  0.115802 -0.007141  0.793046  -1
  1  0  0.938300  2.431629 14.189677  5.720982  0.107945  0.435217  0.736447  -5
  1  0  0.938300  7.822169 22.096939 -5.848283  0.322137  0.533021  0.262406  -5
  1  0  0.938300-12.510349 10.067081 17.174622 -0.188729  0.132569  1.032281  -2
  1  0  0.938300 -2.147990 10.433628 28.263863  0.057635  0.152259  1.362823  -2
  1  0  0.938300 -1.209197  1.015647 14.024621  0.016899 -0.119591  0.900628  -1
  1  0  0.938300 -7.224256 15.357638 15.449241 -0.126561  0.276736  0.739074  -4
  1  0  0.938300  8.006001 -7.553073  0.751753  0.085534 -0.224194  0.460418  -5
  1  0  0.938300  1.125455 -4.092781  3.625665  0.142416 -0.115590  0.550394  -4
  1  1  0.938300 -8.717449 -1.958169  5.836158 -0.091684 -0.064850  0.525722  -2
  1  0  0.938300 -3.246927  2.051916 19.398872 -0.089127  0.011079  1.131613  -1
  1  0  0.938300 -9.659683 -2.911330-10.407495 -0.128669 -0.187414  0.260627  -3
  1  0  0.938300-11.285672 -7.121842 18.640320 -0.146095 -0.094522  0.813445  -1
  1  0  0.938300-15.364689 -2.828519 -7.073757 -0.229318 -0.034629  0.201338  -2
  1  0  0.938300-25.481467  3.630701  8.325631 -0.515658  0.149105  0.729913  -3
  1  0  0.938300  2.382227  2.090003 16.785010 -0.067599  0.006641  0.818573  -1
  1  1  0.938300 16.143160-18.514691  9.669631  0.281192 -0.270095  0.618379  -1
  1  0  0.938300 11.763531 -6.074300 -4.456716  0.235532 -0.135190  0.464736  -3
  1  0  0.938300 -8.829147 -3.186995 22.366372 -0.037717 -0.060584  1.002069  -1
  1  0  0.938300 -5.038914-15.379209-11.850859 -0.099615 -0.181476  0.143515  -3
  1  0  0.938300  3.678825 -6.562064  0.193690  0.121223 -0.114398  0.361003  -1
  1  0  0.938300 15.047370  5.705617-12.861021  0.266081  0.058132  0.147892  -5
  1  1  0.938300 13.320136  8.051387 -3.247030  0.327120  0.175243  0.366180  -5
  1  1  0.938300 -8.331448 -6.888666 11.289368 -0.224913 -0.183981  0.727096  -3
  1  0  0.938300  7.785783-16.791132 10.570806  0.055477 -0.381663  0.802176  -5
  1  0  0.938300 -8.334769  5.765858 19.759811  0.014547  0.115117  0.909563  -1
  1  0  0.938300-13.781053-16.276834  1.233256 -0.223513 -0.349515  0.550468  -4
  1  1  0.938300-13.752052  5.548789  4.080450 -0.205401  0.117489  0.565311  -6
  1  0  0.938300  8.507337-12.101968 21.353399  0.100227 -0.184067  0.963127  -2
  1  0  0.938300 -7.304230 -1.329421-13.073531 -0.085168  0.124031 -0.165470  -9
  1  0  0.938300  4.747906  3.289065 19.747557  0.097215  0.003638  1.036595  -1
  1  0  0.938300 -9.710914 -7.910544 -3.738315 -0.233289 -0.266433  0.304135  -5
  1  0  0.938300 -1.648623 10.897552-13.368080  0.035226  0.042909  0.101842  -6
  1  0  0.938300 14.979673 -6.378806  5.756909  0.166002 -0.133629  0.537098  -2
  1  0  0.938300 -3.423967-22.373881-16.410598 -0.088263 -0.436251  0.139827  -3
  1  0  0.938300  0.428678 -8.995110 17.066551  0.016203 -0.195373  0.870392  -1
  1  0  0.938300  4.587496 13.541316  2.552598  0.052663  0.283134  0.443835  -6
  1  0  0.938300  8.916422 -4.035871-13.272012  0.238837  0.033059  0.073791  -4
  1  0  0.938300 -4.566162 -2.352481 21.575841 -0.015813  0.036990  1.153967  -2
  1  0  0.938300 -7.969889  5.657768 11.656314 -0.197408  0.109127  0.972854  -4
  1  0  0.938300  2.090610  9.720214 15.855529  0.129100  0.151637  0.938949  -1
  1  0  0.938300  4.996685 24.417770  1.935288  0.097514  0.471758  0.616394  -2
  1  0  0.938300  7.620440 -5.611569 -1.072881  0.086455 -0.135837  0.328513  -4
  1  0  0.938300-13.580586 12.928664-14.026819 -0.175094  0.255255  0.085712  -3