  1  1  0.938300 -0.343323-10.946434-15.687465 -0.063785 -0.056194  0.135071   1
  1  1  0.938300 -7.377587 -1.813042-10.892717 -0.197532  0.088356  0.193016  10
  1  1  0.938300-15.592137-21.812129 -7.379056 -0.322665 -0.450742  0.234767   6
  1  1  0.938300 -9.134083-19.393404  1.781133 -0.172673 -0.349965  0.499828   6
  1  1  0.938300  3.152432-21.290986 -7.716105  0.158854 -0.406459  0.252674   5
  1  1  0.938300 -6.655576 11.117212-19.945296 -0.077906  0.230149  0.052293   1
  1  1  0.938300-10.083276-22.485715 -1.980138 -0.076482 -0.490670  0.423247   3
  1  1  0.938300 -5.143697 -3.089662-24.879417 -0.109865 -0.087801 -0.032792   1
  1  1  0.938300 23.860941  2.887011-11.013185  0.455221  0.024645  0.283739   3
  1  0  0.938300  7.026424 -4.435438 -3.126454  0.245170  0.088669  0.411438   5
  1  1  0.938300-13.449676 -2.696222-19.409528 -0.082626 -0.041153  0.015517   1
  1  1  0.938300-10.252552  6.722137 -5.161472 -0.189687  0.130596  0.322928   6
  1  1  0.938300 -6.194743-16.032780 -2.183645 -0.083404 -0.323219  0.398379   5
  1  1  0.938300 25.272487 -3.724194 -3.143946  0.754673 -0.100614  0.484434   5
  1  1  0.938300 -8.217883  7.211101-13.285531 -0.077035  0.219684  0.171306   7
  1  1  0.938300 -6.311052 -5.063885-18.332913 -0.041441  0.002154  0.087247   1
  1  1  0.938300  0.546292 -8.991101 16.784262  0.123808 -0.183577  1.021564   3
  1  1  0.938300-13.755810-25.352300 -2.354110 -0.291907 -0.730964  0.585082   5
  1  1  0.938300 -5.587621 -7.379881  5.545290 -0.016051 -0.170263  0.558873   5
  1  1  0.938300 -7.754567 -0.430569 -7.647474 -0.086536  0.040507  0.271517   4
  1  1  0.938300 -8.914757  3.514693-12.589286 -0.188665  0.070396  0.181271   1
  1  1  0.938300  9.563294 -9.440652 16.408538  0.103453 -0.100801  0.778498   2
  1  1  0.938300 13.798593  9.979336 -4.923841  0.236294  0.194405  0.412102   4
  1  0  0.938300  0.650201 -7.183766-10.248701  0.099775 -0.230127  0.200756  13
  1  1  0.938300 -7.624010-17.842653 11.245404 -0.169913 -0.281413  0.745395   2
  1  1  0.938300 -0.424839 -0.999309-16.856947 -0.023342 -0.044996 -0.045764   1
  1  1  0.938300  9.833440  9.393801 -9.905231  0.209730  0.205891  0.101504  11
  1  1  0.938300  7.880835 -0.210105 -6.392470  0.047818  0.010422  0.311590   2
  1  1  0.938300-13.627359 -8.651582  3.650818 -0.277596 -0.301416  0.462757   3
  1  1  0.938300 13.587006  1.296824  4.425075  0.303174 -0.039720  0.541963   4
  1  1  0.938300  8.077572 -9.268948-16.954113  0.159711 -0.048878  0.039114   1
  1  1  0.938300  1.294908 10.724849 -3.489293  0.039609  0.136905  0.336866   3
  1  1  0.938300  5.346053  3.533262 30.944146  0.196250  0.006157  1.461359   2
  1  1  0.938300  3.983991  1.164834-17.643357 -0.027871  0.101634  0.010490   1
  1  1  0.938300 10.267788 -4.027366-16.714864  0.205359 -0.138655  0.033705   1
  1  1  0.938300 -4.177848 -2.648137-19.710049 -0.049623 -0.024337  0.069349   1
  1  1  0.938300 -2.251567  4.040300 -8.963178  0.021192  0.031689  0.264803   2
  1  1  0.938300 -4.951955  2.849391 11.013183 -0.224143  0.058324  0.826992   6
  1  1  0.938300 -6.491689-18.281954-17.734221 -0.080611 -0.370222  0.090654   5
  1  1  0.938300 18.747677  6.699540  1.844044  0.274166  0.223875  0.518178   2
  1  1  0.938300  1.967760  1.976453-16.466536  0.104723  0.022113  0.167865   1
  1  1  0.938300  9.993958 -7.650782 -1.036239  0.235844 -0.274023  0.401914   6
  1  1  0.938300 14.999128  7.448054-19.112132  0.251858  0.083671  0.067618   1
  1  1  0.938300 12.489292  2.786866  4.289681  0.246217  0.108812  0.608482   3
  1  1  0.938300-11.073912-10.415858 14.816452 -0.187700 -0.212830  0.861290   6
  1  1  0.938300  2.941852  2.206522-16.664565 -0.014811  0.045853 -0.140990   1
  1  1  0.938300  8.296138-11.086536-21.133243  0.263581 -0.229082  0.042409   2
  1  1  0.938300 19.466507  1.046535 -8.313156  0.606399  0.155473  0.289311   6
  1  1  0.938300 -9.063329  0.274961 -4.760709 -0.201240  0.031631  0.316101   6
  1  1  0.938300  0.990035 -2.931954  4.965352  0.076334  0.052850  0.510237   8
  1  1  0.938300  7.877736  2.139363-17.367819  0.074083  0.103450  0.006811   1
  1  1  0.938300 -8.423781 -1.917859-18.721549 -0.024368 -0.169587  0.044299   1
  1  1  0.938300  1.304231 24.971375 14.794465 -0.034799  0.420857  0.848304   4
  1  1  0.938300 -2.056185 16.009939 -6.657881 -0.004043  0.378053  0.240184   3
  1  1  0.938300 -3.725712-17.153537 -7.591804 -0.037186 -0.306381  0.242887   6
  1  1  0.938300-10.874470 -5.310274-23.212985 -0.145805 -0.045892 -0.043196   1
  1  1  0.938300-10.429092  1.309493-14.053611 -0.260137 -0.047140  0.132312   4
  1  1  0.938300 -7.283813 -0.720248-16.859544 -0.200178  0.051564  0.081410   4
  1  1  0.938300 11.509752-13.153601 11.264622  0.292618 -0.207536  0.907521   4
  1  1  0.938300  0.407472 -6.488262-18.810298 -0.020208 -0.175071 -0.037150   2
  1  1  0.938300  4.409754  0.556950-17.459394  0.041508 -0.015538 -0.136676   1
  1  1  0.938300-25.186462 -4.782126 -1.886487 -0.535558  0.006123  0.494374   3
  1  1  0.938300  9.257536 -2.172844-12.029610  0.323599 -0.002981  0.058334   3
  1  1  0.938300 -8.077684  7.080222 16.319749 -0.200895  0.159554  0.727804   2
  1  1  0.938300  2.111270-17.894495-11.818647  0.089111 -0.355693  0.173231   7
  1  1  0.938300  9.281002-12.792198 -3.699582  0.117639 -0.530185  0.505087   2
  1  1  0.938300 -2.643369  3.978910 -1.394196 -0.011319  0.202787  0.449098   3
  1  1  0.938300  2.837864 -9.081938-23.434216  0.040051 -0.136807 -0.024818   1
  1  1  0.938300  0.084316 13.434713  8.201989  0.030000  0.214679  0.589096   3
  1  1  0.938300 14.226847 -0.513350-15.759488  0.138842  0.019365  0.087547   1
  1  1  0.938300  3.582343 -7.585766-21.863214  0.007892 -0.004907 -0.007344   1
  1  1  0.938300 15.722776  6.205389 10.628824  0.263771  0.171908  0.773933   2
  1  1  0.938300 17.259716 -4.590910  9.677160  0.368480 -0.032815  0.779206   4
  1  1  0.938300 -5.944411 -7.207071  9.852798 -0.051874 -0.104525  0.564781   3
  1  1  0.938300  5.021164  6.525363  8.767493  0.203766  0.088349  0.589544   2
  1  1  0.938300 10.232534  5.574963-17.125728  0.154498  0.081094  0.144065   1
  1  1  0.938300  8.212616  6.425304-14.735258  0.168056  0.035386  0.220991   1
  1  1  0.938300 -5.637719  6.702259 -2.932038 -0.095018  0.132338  0.237780   3
  1  1  0.938300  1.113867-25.584813-11.022941 -0.010206 -0.424972  0.249399   2
  1  0  0.938300 17.927672 25.129649 -9.058886  0.325353  0.577673  0.231569   4
  1  0  0.938300  7.897835  1.842448-17.912338  0.154454  0.074683  0.004467   1
  1  0  0.938300  7.099638 -5.803920 -0.984261  0.059804 -0.114741  0.334331   2
  1  0  0.938300 26.642138 -1.368917 -8.567254  0.511181  0.001188  0.337204   3
  1  0  0.938300 17.743771 -7.683530 -6.181425  0.209336 -0.148708  0.259034   3
  1  0  0.938300 -2.224114 -7.091998-12.542124  0.039999 -0.096639  0.131547   4
  1  0  0.938300  1.569109  3.379314-17.375836  0.102413  0.027552  0.078188   1
  1  0  0.938300 -9.803755 23.985250 10.417150 -0.143928  0.561034  0.672512   2
  1  0  0.938300  6.967861 -7.307810 -4.850296  0.063851 -0.061384  0.286377   3
  1  0  0.938300 15.996020 -1.405673-17.119266  0.329780 -0.125264  0.096504   2
  1  0  0.938300  7.135845  8.164923 15.467017  0.018188  0.130656  0.767869   7
  1  0  0.938300  9.085433 -5.282186-15.265540  0.154687 -0.111608  0.031556   1
  1  0  0.938300 -6.166951 -5.326405-22.163642 -0.035749 -0.103112 -0.147194   2
  1  0  0.938300 -9.484502 -2.655527 -4.351326 -0.185424 -0.007609  0.275117   2
  1  1  0.938300 28.127431 -4.470251  1.672941  0.575459 -0.104804  0.526851   4
  1  0  0.938300  9.271466  1.147385 -8.020291  0.287913 -0.090563  0.238347   7
  1  0  0.938300 -9.429153 -5.608223-13.550714 -0.055188 -0.120227  0.188255   1
  1  0  0.938300 -6.411042 -9.404634-20.683638 -0.047676 -0.060750  0.001028   3
  1  0  0.938300 -4.068457 -1.018100-10.932985 -0.097891 -0.132722  0.234864   2
  1  0  0.938300  5.642233 17.403008 12.871691  0.234839  0.284500  0.832213   2
  1  0  0.938300 -0.663161  3.956548  3.104734  0.038242  0.036712  0.542392   4
  1  0  0.938300-12.542905  7.711114-19.510253 -0.141663  0.158861  0.077496   1
  1  0  0.938300  9.832031  5.314270 -7.761166  0.302606  0.154116  0.279818   2
  1  0  0.938300 12.088197  8.636278  3.579682  0.184296  0.253496  0.454026   5
  1  0  0.938300  4.135995  6.037664 15.748181 -0.023979  0.020645  0.867977   6
  1  0  0.938300-27.562599-13.275658-14.261198 -0.651652 -0.235742  0.135378   2
  1  0  0.938300  7.647061  3.784870-20.170941  0.083935  0.060964 -0.028057   1
  1  0  0.938300  0.064197-15.242902 10.866768 -0.003951 -0.306541  0.621427   2
  1  0  0.938300  2.401067 -1.939229  5.097971 -0.033106 -0.033553  0.519183   5
  1  0  0.938300 -1.472392-18.967470  5.365770 -0.014881 -0.343361  0.615020   6
  1  0  0.938300 -1.387763 -0.425162-16.408246 -0.002094  0.159779  0.209972   1
  1  0  0.938300 -7.149468  1.490589-24.320055 -0.151569  0.046162 -0.078749   1
  1  0  0.938300  1.990431  7.389385  8.104295  0.049527  0.073051  0.641574   3
  1  0  0.938300 -2.015661 -0.327633-11.754557 -0.148202  0.203032  0.108767   5
  1  0  0.938300 -1.380859 -2.407824-20.251918  0.039412  0.053035 -0.010768   1
  1  0  0.938300 -5.957232  9.603294 -7.975837 -0.068266  0.171228  0.332460   2
  1  0  0.938300 -1.375940  7.016774 -3.749560 -0.062142  0.156221  0.434127   1
  1  0  0.938300 -4.140758 -7.311158  4.684032 -0.086727 -0.119164  0.466116   6
  1  0  0.938300  0.979925 23.379152 -8.979450 -0.013703  0.425611  0.223155   2
  1  0  0.938300 10.302231  1.634507 16.557829  0.091940 -0.115950  0.853586   2
  1  0  0.938300  9.396935 13.702921 -7.541730  0.145863  0.293244  0.379005   2
  1  0  0.938300 -9.169824 -4.147284-17.324092 -0.039605  0.011098 -0.016002   1
  1  0  0.938300-12.854899 -4.788066  5.103867 -0.440283 -0.028270  0.626980   7
  1  0  0.938300 13.444236 22.904337-14.228065  0.423740  0.463356  0.225604   5
  1  1  0.938300 16.987877 13.235697 -8.901158  0.548998  0.351720  0.260786   3
  1  0  0.938300  4.194653 -8.055136  7.272469  0.111493 -0.046373  0.524121   3
  1  0  0.938300 -0.863896  2.335904-15.658288 -0.055953 -0.122356 -0.040374   1
  1  0  0.938300 -0.842916 12.062404 -1.857335 -0.034414  0.217323  0.448397   4
  1  0  0.938300 -7.144033 -2.208732-18.358204 -0.073712 -0.088990 -0.105237   1
  1  0  0.938300  0.523506 18.626157 -6.019968  0.030223  0.381871  0.354136   3
  1  0  0.938300-10.362137 -7.871206 -9.258177 -0.161546 -0.148117  0.151336   3
  1  0  0.938300 -2.300639  4.794834 -9.867596  0.037843 -0.039345  0.186231   1
  1  0  0.938300-10.019783-16.419835 10.851646 -0.189902 -0.277014  0.731901   6
  1  0  0.938300-27.873500 19.039079  1.626846 -0.640318  0.422172  0.640142   3
  1  0  0.938300 10.030693-10.374902-11.034848  0.169831 -0.211075  0.179546   2
  1  0  0.938300 -3.145358  2.476345 -2.239028 -0.202129 -0.076951  0.336648   6
  1  0  0.938300  9.328759  1.695633-16.219268  0.245029 -0.088017  0.019272   1
  1  0  0.938300-12.554052 -0.280860  0.885317 -0.129392 -0.027220  0.517105   2
  1  1  0.938300-16.525567-20.215345 -6.633362 -0.411583 -0.424485  0.392950   3
  1  0  0.938300 -6.755323  9.995844-22.683415 -0.156014  0.236502 -0.088422   4
  1  0  0.938300-13.249633 17.948521  6.820866 -0.249521  0.529753  0.729952   4
  1  0  0.938300 -0.007476-10.955088-16.836879  0.078480 -0.268153 -0.056149   1
  1  0  0.938300 10.892663 -4.987322-14.774159  0.072894 -0.058379  0.111859   2
  1  0  0.938300 -0.834524 -0.340990-19.171467 -0.018604 -0.005077  0.023749   1
  1  0  0.938300 17.072703  6.297770-15.976550  0.415543  0.036542 -0.102829   5
  1  0  0.938300 10.201395 -2.920903  0.005751  0.239776  0.026796  0.486925   5
  1  0  0.938300 -7.353619  3.385208-12.649135 -0.114209 -0.006550  0.303631   1
  1  0  0.938300 -5.911829 -7.316004  1.969287 -0.143021 -0.125055  0.597770   4
  1  0  0.938300-16.880056 -3.019763  9.296135 -0.219975  0.010259  0.634206   2
  1  0  0.938300 12.291502 16.737407  0.490863  0.348002  0.488296  0.450195   2
  1  0  0.938300  4.612396 11.896969  7.074825  0.209191  0.219293  0.661426   3
  1  0  0.938300  4.240477 -6.434807-23.306647  0.063813 -0.036902  0.000235   1
  1  0  0.938300-17.294991 -9.416216  1.301617 -0.346064 -0.052426  0.467414   4
  1  0  0.938300  2.440191  4.451476-15.329140 -0.031732  0.058862  0.106942   1
  1  0  0.938300-17.885800 22.891409  8.940810 -0.445588  0.467689  0.879846   3
  1  0  0.938300  3.537753 21.140691  6.530764  0.215092  0.423555  0.681114   2
  1  0  0.938300  2.657535 10.299050-11.197239 -0.013881  0.215192  0.131222   1
  1  0  0.938300  2.151416  8.370649 -1.762281  0.068626  0.152327  0.359272   5
  1  0  0.938300-14.472150 -2.392621-19.735279 -0.196894  0.085110  0.068496   2
  1  0  0.938300-11.166075 -2.518113-15.705945 -0.218348 -0.094610 -0.038717   7
  1  0  0.938300 -5.006389  5.106341 -8.586336 -0.034131  0.063444  0.181621   3
  1  0  0.938300  2.025062  1.986320-17.222704  0.047229 -0.013204 -0.111582   1
  1  0  0.938300  3.156388-21.014364 -7.027622  0.023627 -0.327417  0.281058  10
  1  0  0.938300  1.619505  7.899804 15.576879  0.153360  0.120560  0.790459   3
  1  0  0.938300 18.722716 12.039514 -3.357344  0.392073  0.178308  0.472131   4
  1  0  0.938300 -1.715075 18.337643 12.360190 -0.053180  0.345979  0.844936   5
  1  0  0.938300 -6.971391 -5.751551-21.942460 -0.190901 -0.120896 -0.023246   1
  1  0  0.938300 12.194326  9.658152-12.618759  0.204296  0.133852  0.153589   6
  1  0  0.938300 -9.409482 -0.381639-22.534388 -0.043595  0.023400 -0.002808   1
  1  0  0.938300  2.565510 -0.803230 -7.111483 -0.065092 -0.000663  0.240964   2
  1  0  0.938300  5.837010  5.143158-10.968148  0.164406 -0.051371  0.120728   1
  1  0  0.938300 -3.933306-15.553732 -3.664078 -0.041047 -0.411004  0.376720   2
  1  0  0.938300 -1.053873 -7.511825-22.614666 -0.056866  0.026469 -0.141638   1
  1  0  0.938300-10.717072  9.571839 -7.313903 -0.123798  0.146062  0.304833   3
  1  0  0.938300 -0.796841 -2.343781 -1.817304 -0.027342 -0.017731  0.630675   6
  1  1  0.938300  5.319164 -6.053885 16.704034  0.160222 -0.044446  0.842365   3
  1  0  0.938300 -5.473976 -2.295365-15.060952 -0.140733 -0.011298  0.199266   1
  1  0  0.938300-16.413206 -4.036161-28.491532 -0.375808 -0.192692 -0.372943   2
  1  0  0.938300  5.110960 -8.091780-23.502223  0.199994 -0.030904 -0.011340   1
  1  0  0.938300 -2.378629 13.595587 -4.013527 -0.056915  0.223658  0.291152   9
  1  0  0.938300  8.319815  6.259693-18.003464  0.062524  0.116060  0.096713   2
  1  0  0.938300  1.276237 -4.790396-15.758862  0.130380  0.055386 -0.039059   1
  1  0  0.938300 10.127512  3.339435-13.672738  0.108853  0.038956  0.156819   1
  1  1  0.938300  9.765989 -6.991592  8.260650  0.020528 -0.112820  0.682592   7
  1  0  0.938300  7.514151  1.894377 -3.763857  0.118282  0.050656  0.334936   9
  1  0  0.938300  0.079952 32.192775 10.853871 -0.054949  0.719516  0.861550   3
  1  0  0.938300 14.879230  4.316745-14.906534  0.257862  0.109775  0.128116   1
  1  0  0.938300 14.177876 -4.652232 -7.372478  0.208055 -0.011159  0.285585   4
  1  0  0.938300 -0.998616  2.361377 10.289082  0.109650 -0.033628  0.780829   3
  1  0  0.938300 -2.599625 -1.681788 -0.278272 -0.043098 -0.000891  0.424024   6
  1  0  0.938300 14.667963 -7.011184  8.829852  0.237664 -0.187386  0.693896   2
  1  0  0.938300 -7.829578 16.381733-13.142737 -0.151971  0.261514  0.259071   2
  1  0  0.938300 -3.712452 19.721547  3.419071 -0.004238  0.475295  0.728511   5
  1  0  0.938300  5.530641-14.884184 -3.935630  0.021197 -0.249528  0.306305   7
  1  0  0.938300 -5.523256 -1.450377 -6.947182 -0.257093  0.048888  0.251163   3
  1  0  0.938300 -4.497585 -4.540611-16.475396 -0.121366  0.119678  0.043851   1
  1  0  0.938300 -3.133109  0.886872-13.323299 -0.175138  0.052406  0.026413   1
  1  0  0.938300 -0.030653-10.513668 -6.716846 -0.069790 -0.283282  0.171213   5
  1  1  0.938300-11.099947  4.885934 16.389181 -0.217798  0.078255  0.974460  -2
  1  1  0.938300  0.582575 -4.531460 12.675268 -0.037425  0.003385  0.659298  -2
  1  1  0.938300 17.655207  5.426719  3.284724  0.335614  0.030758  0.638817  -7
  1  1  0.938300  2.804589  4.685295 22.566134 -0.042201  0.012977  1.030933  -1
  1  1  0.938300  6.268352  8.682226  8.236367  0.232849  0.126364  0.663095  -2
  1  1  0.938300  3.859071  9.834291  6.190580 -0.055926  0.142889  0.664093  -3
  1  1  0.938300  1.730135-17.482042  7.581013  0.034885 -0.431095  0.785419  -6
  1  1  0.938300 -8.476615 20.508637  5.476331 -0.178453  0.434287  0.585057  -3
  1  1  0.938300 -9.025161  1.947534 15.393437 -0.097142 -0.019151  0.702781  -1
  1  1  0.938300-10.155992 -5.982080-14.484465 -0.197766 -0.067036  0.030229  -7
  1  1  0.938300-13.675354-18.300516 -3.675252 -0.231875 -0.297208  0.313779  -3
  1  1  0.938300-12.277395  3.588679  9.674230 -0.090180  0.128973  0.648579  -5
  1  1  0.938300 -6.716734 -0.876520-12.661534 -0.077723 -0.057694  0.003192  -8
  1  0  0.938300-10.133470 -3.053993 19.359225 -0.248774  0.002485  0.974706  -1
  1  1  0.938300 -7.303843  3.106466 17.485304 -0.122351  0.112053  1.034481  -1
  1  1  0.938300  9.460539 10.276694  0.380600  0.224577  0.146403  0.448943  -4
  1  1  0.938300  3.948783  4.367206 22.958844  0.023230  0.064625  1.063569  -1
  1  1  0.938300  2.464826 14.080904 -2.072951 -0.007442  0.224750  0.320023  -4
  1  1  0.938300 -2.667432 -3.882524 10.714348 -0.084938  0.032063  0.814435  -1
  1  1  0.938300 29.844809 -6.433731-10.743579  0.666778 -0.098832  0.291140  -5
  1  1  0.938300-19.022940 22.682647  3.615122 -0.387381  0.613561  0.692197  -2
  1  1  0.938300 21.105108 10.167511-18.237820  0.492572  0.168099 -0.042054  -3
  1  1  0.938300  2.075156 27.176785  6.988773  0.019808  0.507289  0.770319  -2
  1  1  0.938300  9.630739 11.270162 12.203040  0.101874  0.215506  0.709713  -1
  1  1  0.938300  3.862216-19.248118 -8.343841  0.000427 -0.356370  0.314999  -4
  1  1  0.938300-15.812650-13.709309 -8.933864 -0.236540 -0.231239  0.244628  -3
  1  1  0.938300 -4.863358 -6.448617 -7.972217  0.084022 -0.211035  0.267229  -4
  1  1  0.938300-14.565008 20.687482 11.804682 -0.378672  0.463893  0.823975  -4
  1  1  0.938300  6.277822  4.126849 20.734668  0.064356  0.019994  1.178893  -1
  1  1  0.938300 -5.751766 25.558624  5.820271 -0.160131  0.457797  0.583370  -4
  1  1  0.938300 -7.743801  1.811490 -5.655974 -0.165464 -0.117446  0.307860  -5
  1  1  0.938300-25.447192 -6.852382 -3.042367 -0.553488 -0.126154  0.533160  -2
  1  1  0.938300 -8.950433 -9.357420  3.517008 -0.120507 -0.199117  0.574455  -3
  1  1  0.938300 -1.520011  3.000474 14.595313 -0.032723  0.163685  0.989766  -1
  1  1  0.938300 -3.805182  3.960087 15.680411 -0.087105 -0.067441  0.734574  -1
  1  1  0.938300  0.500834-22.214155 -8.691615 -0.098896 -0.423354  0.280400  -2
  1  1  0.938300 20.060757 10.424881 16.458277  0.390751  0.244934  0.961293  -2
  1  1  0.938300  8.788737 10.910743 11.757567  0.286831  0.301926  0.923041  -4
  1  1  0.938300 -4.899110  4.956553 17.225198  0.009558  0.045770  0.687619  -1
  1  1  0.938300  3.300866  7.701730 26.811885 -0.017689  0.162702  1.100658  -1
  1  1  0.938300  8.937248-16.657943 -2.566831  0.173518 -0.331551  0.528027  -3
  1  1  0.938300  5.955599  2.397131  2.067678  0.171433  0.111908  0.372927  -2
  1  1  0.938300 -6.628628-14.354215 -4.925343 -0.007260 -0.341389  0.338083  -3
  1  1  0.938300  6.984389 -0.127296 17.371427 -0.046105  0.073138  0.866750  -1
  1  1  0.938300  8.959697 -8.605486 20.078212  0.017873 -0.158545  1.075785  -1
  1  1  0.938300  4.414701 19.561815 -3.270667  0.217108  0.490221  0.522864  -3
  1  0  0.938300-15.579580 16.405625 -9.138463 -0.471816  0.385308  0.191276  -6
  1  1  0.938300 -6.980614 13.944469  1.602027 -0.169912  0.338891  0.555094  -3
  1  1  0.938300  3.362288 -1.078795 22.215284  0.093357  0.017382  1.166329  -1
  1  1  0.938300 14.612645 -3.736004  0.946938  0.227273 -0.076586  0.530489  -8
  1  1  0.938300  3.102743 18.272194 17.257824  0.022249  0.282562  0.865296  -2
  1  1  0.938300 -7.411883  5.325824 14.135195 -0.212879 -0.046744  0.988071  -5
  1  1  0.938300-17.398936 -6.827594 -4.409992 -0.284724 -0.231755  0.384556  -4
  1  1  0.938300 -8.929960  8.512837 15.902803 -0.083774  0.125096  0.950047  -1
  1  1  0.938300-10.218708 -4.016476 20.336936 -0.123460 -0.099731  1.001125  -1
  1  1  0.938300  7.490680  9.423542  0.449386 -0.000794  0.165250  0.353419  -2
  1  1  0.938300 -5.992880 -1.513471  6.739142 -0.149210  0.009804  0.554129  -2
  1  1  0.938300 -7.614818 10.035895 -1.468635 -0.272484  0.129578  0.480289  -7
  1  1  0.938300 -0.859077 -2.188571  7.002328 -0.082555  0.005793  0.454682  -1
  1  1  0.938300  0.763522-20.751049 -3.884579  0.039520 -0.472045  0.384478  -3
  1  1  0.938300  7.394632 -3.058980-16.825319  0.220789 -0.071241  0.070166  -4
  1  1  0.938300 11.299038-14.313638 21.632547  0.369942 -0.254549  1.245687  -7
  1  1  0.938300-11.426561 10.984263-13.167096 -0.284621  0.274893  0.113028  -3
  1  1  0.938300  2.098761 -9.483366 17.477032  0.017754 -0.126119  0.784385  -1
  1  1  0.938300 25.701117  6.930307 12.058533  0.559306  0.212476  0.829050  -4
  1  1  0.938300  0.695634 -7.572855 21.779033  0.000379 -0.100233  0.950801  -1
  1  1  0.938300  8.785064 -3.990508 -8.543966  0.104988 -0.084777  0.211350  -3
  1  1  0.938300 -1.944042 15.514280-15.550298 -0.002256  0.228067  0.172317  -4
  1  1  0.938300 -6.464871  0.482165 13.934475 -0.089527 -0.021483  1.046292  -1
  1  1  0.938300  3.188080 -7.676350-10.892705  0.105379 -0.100562  0.265669  -3
  1  1  0.938300  1.933705 -0.976832 14.888178  0.018953 -0.040915  0.767343  -2
  1  1  0.938300 11.584681-16.037361 15.696891  0.289375 -0.347109  0.959722  -3
  1  1  0.938300 -8.420765-12.302635  1.501571 -0.275884 -0.200148  0.431841  -2
  1  1  0.938300  9.440127 -3.012489 10.792352  0.219209 -0.019170  0.711880  -1
  1  1  0.938300-22.917120 -5.728768 -4.664615 -0.412310 -0.033161  0.433077  -3
  1  1  0.938300  4.445410  4.169779 11.127422 -0.005273  0.124535  0.881315  -1
  1  1  0.938300 14.446685 13.309595 -1.881657  0.478359  0.171301  0.370437  -2
  1  1  0.938300  8.202852  2.451312 13.849645  0.196349  0.031055  0.707925  -1
  1  1  0.938300 -0.757275 -2.258627 16.531766 -0.043465  0.047349  0.845487  -1
  1  0  0.938300-12.100374 -2.526561 -1.856063 -0.207493 -0.166400  0.405214  -4
  1  0  0.938300-15.037379 -2.231527 -1.866985 -0.257453  0.053036  0.397367  -7
  1  0  0.938300  5.680037  2.122814 11.168629  0.129135  0.132902  0.797004  -2
  1  0  0.938300-11.377779-16.759705 16.600952 -0.161406 -0.372487  0.835622  -3
  1  0  0.938300 -1.596229  0.746368 16.454778  0.018705  0.036194  0.785344  -1
  1  0  0.938300  4.576558 14.109871  2.925849  0.171491  0.310703  0.581331  -6
  1  0  0.938300 10.108182 -0.951408-13.495366  0.279607 -0.013102  0.002891  -3
  1  0  0.938300  0.952256 -2.194703 15.695256  0.115104 -0.065451  0.757343  -1
  1  0  0.938300 -8.236400 11.475760-13.151753 -0.301102  0.221228  0.020859  -5
  1  0  0.938300  9.815208 -2.544661 12.288089  0.063796  0.029464  0.785146  -1
  1  0  0.938300  3.287560  7.534499 -2.645712  0.108725  0.193936  0.388158  -8
  1  0  0.938300 -3.077316-18.045180-19.307542 -0.096053 -0.366293  0.092744  -4
  1  0  0.938300 -1.618123  4.459683-12.004473 -0.052398  0.209017  0.182546  -2
  1  0  0.938300 24.492327-21.025525  2.386821  0.595626 -0.408144  0.692054  -2
  1  0  0.938300  4.398646  7.079537 18.717232 -0.001337  0.174722  0.969814  -1
  1  0  0.938300-10.870402 -1.718407-14.990676 -0.204454 -0.095310  0.060249  -5
  1  0  0.938300-16.531240  4.766978-12.260965 -0.327934 -0.038967  0.276114  -2
  1  1  0.938300-14.937922 -0.226358 -9.747507 -0.276086  0.046072  0.238322  -9
  1  0  0.938300 -5.312780  6.091116 12.368282 -0.063650  0.011226  0.591283  -1
  1  0  0.938300 -4.182231  3.450531 16.858378 -0.195172  0.046451  1.053722  -1
  1  0  0.938300 -9.185746 -9.505402  4.738861 -0.133305 -0.076382  0.575887  -3
  1  0  0.938300 14.081253 -1.549963 11.214979  0.133073  0.027583  0.679858  -3
  1  0  0.938300  6.681885 -5.213997 14.783752  0.111944 -0.032384  0.856042  -1
  1  0  0.938300 14.118345  1.546788 -1.476731  0.355532  0.063722  0.433092  -5
  1  0  0.938300 -2.822652 -5.530748 16.340918  0.087440 -0.133978  1.060654  -1
  1  0  0.938300-17.298852-13.787651 18.706010 -0.349280 -0.284706  0.967856  -4
  1  0  0.938300 -9.738905 17.539504 11.121215 -0.195247  0.272323  0.751567  -2
  1  0  0.938300 12.854689-20.636590-13.332442  0.252687 -0.414764  0.135212  -3
  1  0  0.938300  0.715686  6.893277 -0.239287 -0.097814  0.006578  0.540475  -7
  1  0  0.938300  8.713479 -2.350589 12.016562  0.067004 -0.120935  0.590583  -1
  1  0  0.938300-18.769524 16.064975  3.855518 -0.268971  0.264163  0.510411  -2
  1  0  0.938300 -7.286442 -1.742983 25.810905 -0.042300 -0.007328  1.044462  -1
  1  0  0.938300-10.957053-15.145201  2.595972 -0.249139 -0.218269  0.537918  -6
  1  0  0.938300  3.721849-22.566888  5.308108 -0.010153 -0.345580  0.646671  -3
  1  0  0.938300-13.520242 -0.704254 21.934328 -0.133524 -0.014426  1.063950  -1
  1  0  0.938300  9.497759  4.568559-16.477481  0.070175  0.055404  0.147261  -5
  1  0  0.938300 -1.596544 15.505043-12.448402 -0.051632  0.199668  0.109320  -5
  1  0  0.938300 10.544219 -0.978652 12.925054  0.126802  0.090544  0.853819  -4
  1  0  0.938300 19.379326  3.334859  3.449639  0.513565  0.035324  0.580602  -2
  1  0  0.938300  6.874351  6.766670 17.335185 -0.031057  0.166953  0.907030  -1
  1  0  0.938300 -8.645575 -1.168541  9.083920 -0.045980  0.043157  0.538298  -1
  1  0  0.938300 16.881482 11.149520  8.133444  0.281665  0.185032  0.616495  -2
  1  0  0.938300-10.061814 -0.042800  9.470396 -0.180153  0.034127  0.733133  -2
  1  0  0.938300  3.960149 -4.694136  9.899921  0.111005 -0.013800  0.676411  -1
  1  0  0.938300  4.659516 -3.531290 12.588603  0.091781  0.043965  0.801173  -1
  1  0  0.938300 -6.094385 11.468804 -4.226754 -0.241302  0.287933  0.431958  -8
  1  0  0.938300 -7.662699 -7.012774 -0.046240 -0.200305 -0.163293  0.421013  -8
  1  0  0.938300 -6.851910  1.665817 20.199596 -0.076697  0.115285  0.975910  -1
  1  0  0.938300 18.472964 -2.409031  1.261103  0.279886  0.010777  0.402549  -3
  1  0  0.938300  6.259700  5.955468 11.590325  0.034234  0.192307  0.819499  -1
  1  0  0.938300 -4.553365-14.735864-13.364898 -0.123370 -0.239788  0.114760  -7
  1  0  0.938300 -7.420428  3.581896 19.866258 -0.049739 -0.107608  1.034966  -1
  1  0  0.938300  8.061430 11.390954 31.396000  0.167933  0.278359  1.298033  -5
  1  0  0.938300 24.900025  2.312665  3.522407  0.619963 -0.035827  0.614901  -5
  1  0  0.938300 -7.128320  6.754225 19.118824 -0.065050  0.031981  0.833836  -1
  1  0  0.938300-15.047845 -3.781244 13.870666 -0.260727  0.023702  0.818286  -5
  1  0  0.938300  0.661970  3.083682 -9.423598 -0.037307 -0.041984  0.147049  -3
  1  0  0.938300-11.199390  6.903761  8.306765 -0.354627  0.144566  0.605979  -6
  1  0  0.938300  3.744418 -9.399318 16.009396 -0.011038 -0.185719  1.035356  -4
  1  0  0.938300  8.263943 -2.591307 26.949542  0.134752 -0.035943  1.029872  -1
  1  0  0.938300-19.917040 19.206476-15.091792 -0.405370  0.446265  0.160621  -3
  1  0  0.938300  2.882695-13.041471 26.601722 -0.025670 -0.317859  1.148212  -5
  1  0  0.938300 11.229182  0.047857 12.104751  0.040137 -0.047386  0.686393  -2
  1  0  0.938300-12.172704-20.115396  8.425146 -0.295639 -0.354464  0.667240  -3
  1  0  0.938300-10.380319 -4.099816 16.970079 -0.148248 -0.096376  0.835166  -1
  1  0  0.938300  0.964027 -1.782652 19.732812  0.068988 -0.058058  1.019248  -1
  1  0  0.938300-18.500200  1.375765-17.916416 -0.511567  0.096119  0.156734  -6
  1  0  0.938300 -6.247582 -0.369653 15.010531 -0.188640 -0.038426  0.837210  -1
  1  0  0.938300 10.501866 -9.856993  3.206449  0.286333 -0.077987  0.570964  -6
  1  0  0.938300  2.012335  8.239497 23.110060 -0.076405  0.059347  1.101881  -1
  1  0  0.938300  5.371626  7.732451 17.262413  0.014410  0.036089  0.719220  -1
  1  0  0.938300  2.467174  3.661950  2.321200  0.001444  0.173466  0.528454  -2
  1  0  0.938300 -6.740031-34.402463 11.007300 -0.217173 -0.847154  0.996828  -2
  1  0  0.938300 17.835944 -1.047048-10.377418  0.359287  0.082398  0.132211  -6
  1  0  0.938300 -9.633698 -8.577351 13.250631 -0.074062 -0.209625  0.807813  -1
  1  0  0.938300  0.589040 -0.358110 -2.473575  0.037536 -0.085545  0.379331 -14
  1  0  0.938300 -2.485334 10.265053  3.822688  0.036451  0.269997  0.492317  -3
  1  0  0.938300  2.672147  3.607889 18.182805  0.105101 -0.075253  0.862574  -1
  1  0  0.938300 -9.800140  8.142160  4.770493 -0.148308  0.293175  0.707236  -3
  1  0  0.938300 -0.556797  0.590046 18.828979  0.006598  0.015985  1.017799  -1
  1  0  0.938300 -6.614972 -9.881764 -8.998900 -0.059735 -0.124291  0.228442  -3
  1  0  0.938300  9.920546  8.574617-13.673084  0.074993  0.360997  0.054139  -5
  1  0  0.938300  9.742096  5.627842 20.239746  0.098984  0.123141  0.900560  -1
  1  0  0.938300 19.604420-11.061653 15.430637  0.299801 -0.270988  0.842974  -1
  1  0  0.938300  4.568025 -1.669615 11.892704  0.083978 -0.083782  0.627473  -1
  1  0  0.938300-12.893930-10.958307-10.186383 -0.299990 -0.107861  0.272461  -3
  1  0  0.938300 -0.710048-17.533210 -6.282457 -0.019476 -0.573278  0.184568  -4
  1  0  0.938300-19.078451 -0.862989 -5.028292 -0.299912 -0.012484  0.289994  -3
  1  0  0.938300  1.906834-18.632463 -6.137874  0.007012 -0.361240  0.323114  -8
  1  0  0.938300  1.792752 -2.111133 22.175976 -0.079793  0.046487  0.958710  -1
  1  0  0.938300 -3.490570  5.870161 13.908194 -0.112258  0.054563  1.046526  -1
  1  0  0.938300  6.356552-13.279307 11.331362  0.140510 -0.346792  0.841094  -3
  1  0  0.938300 -2.403113-11.363487  9.421793 -0.019050 -0.158482  0.588181  -3
  1  0  0.938300 -7.974123  4.307179  7.134300 -0.011697  0.035162  0.674031  -4
  1  0  0.938300 11.531316-10.664054 23.337795  0.150120 -0.165196  1.069986  -1
  1  0  0.938300-10.483166 -6.516210-18.435391 -0.262895 -0.345104  0.088117  -7
  1  0  0.938300 -5.095581-24.412439 -3.206994 -0.036687 -0.438537  0.410635  -6
  1  0  0.938300 -4.618650  7.612261-10.821991 -0.108766  0.236799  0.133062  -9
  1  0  0.938300  3.257653 22.636432 -6.865545  0.028742  0.436181  0.317637  -5
  1  0  0.938300  0.166804  0.309170 14.448880 -0.128009 -0.124473  0.841611  -1
  1  0  0.938300-12.962959 15.200193-12.466865 -0.366374  0.351394  0.109393  -8
  1  0  0.938300  1.556384 -4.612325 20.881207  0.038982 -0.037421  0.956687  -1
  1  0  0.938300  9.501663-18.726564 -4.737002  0.234024 -0.281392  0.361178  -3
  1  0  0.938300 -8.905970 -5.304089 19.899822 -0.118046 -0.023796  1.107076  -1
  1  0  0.938300 -6.426967  3.510770 13.721882 -0.226698 -0.002857  1.029278  -1
  1  0  0.938300  5.262956-13.743062-16.816741  0.210828 -0.224109  0.061816  -2
  1  0  0.938300-24.106428  1.121620 13.446319 -0.402477  0.056859  0.813951  -3
  1  0  0.938300  4.157905 15.576071 -5.417802 -0.060312  0.286831  0.336482  -1
  1  0  0.938300 -0.156549-17.159691 -2.852795 -0.041118 -0.345693  0.515159  -4
  1  0  0.938300  7.834942  3.901013 18.314390  0.176729  0.153548  0.969429  -1
  1  0  0.938300-12.119241  5.925168-11.984395 -0.274540  0.140660  0.075436  -3
  1  0  0.938300 -1.188299  5.414187 13.892430 -0.119777  0.153900  0.889789  -1
  1  0  0.938300 22.292248 -5.475136 -2.696564  0.542649 -0.105530  0.267919  -3
  1  0  0.938300  5.010529-10.358448 14.696392 -0.082878 -0.123396  0.848747  -1
  1  0  0.938300  1.258884  3.141868 28.421188 -0.026547 -0.020777  1.177203  -1
  1  0  0.938300 -5.968213  3.241593-20.964063 -0.022045  0.049321 -0.148935  -4
  1  0  0.938300 11.459525 15.111780 -2.396919  0.270302  0.273087  0.421254  -2
  1  0  0.938300 -0.012255 -3.031445 18.323008  0.016541 -0.023333  0.814891  -2